0.000000 0 35.0 318.0 32.0 26.0
0.033333 0 36.3 318.0 32.1 26.0
0.066667 0 37.5 318.1 32.1 26.1
0.100000 0 38.8 318.1 32.2 26.1
0.133333 0 40.1 318.2 32.2 26.2
0.166667 0 41.3 318.2 32.3 26.2
0.200000 0 42.6 318.2 32.3 26.2
0.233333 0 43.9 318.3 32.4 26.3
0.266667 0 45.1 318.3 32.4 26.3
0.300000 0 46.4 318.3 32.5 26.3
0.333333 0 47.7 318.4 32.5 26.4
0.366667 0 48.9 318.4 32.6 26.4
0.400000 0 50.2 318.5 32.6 26.5
0.433333 0 51.5 318.5 32.7 26.5
0.466667 0 52.7 318.5 32.7 26.5
0.500000 0 54.0 318.6 32.8 26.6
0.533333 0 55.3 318.6 32.8 26.6
0.566667 0 56.5 318.6 32.9 26.6
0.600000 0 57.8 318.7 32.9 26.7
0.633333 0 59.1 318.7 33.0 26.7
0.666667 0 60.3 318.8 33.0 26.8
0.700000 0 61.6 318.8 33.1 26.8
0.733333 0 62.8 318.8 33.1 26.8
0.766667 0 64.1 318.9 33.2 26.9
0.800000 0 65.4 318.9 33.2 26.9
0.833333 0 66.6 318.9 33.3 26.9
0.866667 0 67.9 319.0 33.3 27.0
0.900000 0 69.2 319.0 33.4 27.0
0.933333 0 70.4 319.1 33.4 27.1
0.966667 0 71.7 319.1 33.5 27.1
1.000000 0 73.0 319.1 33.5 27.1
1.033333 0 74.2 319.2 33.6 27.2
1.066667 0 75.5 319.2 33.6 27.2
1.100000 0 76.8 319.3 33.7 27.3
1.133333 0 78.0 319.3 33.7 27.3
1.166667 0 79.3 319.3 33.8 27.3
1.200000 0 80.6 319.4 33.8 27.4
1.233333 0 81.8 319.4 33.9 27.4
1.266667 0 83.1 319.4 33.9 27.4
1.300000 0 84.4 319.5 34.0 27.5
1.333333 0 85.6 319.5 34.0 27.5
1.366667 0 86.9 319.6 34.1 27.6
1.400000 0 88.2 319.6 34.1 27.6
1.433333 0 89.4 319.6 34.2 27.6
1.466667 0 90.7 319.7 34.2 27.7
1.500000 0 92.0 319.7 34.3 27.7
1.533333 0 93.2 319.7 34.3 27.7
1.566667 0 94.5 319.8 34.4 27.8
1.600000 0 95.8 319.8 34.4 27.8
1.633333 0 97.0 319.9 34.5 27.9
1.666667 0 98.3 319.9 34.5 27.9
1.700000 0 99.6 319.9 34.6 27.9
1.733333 0 100.8 320.0 34.6 28.0
1.766667 0 102.1 320.0 34.7 28.0
1.800000 0 103.4 320.1 34.7 28.1
1.833333 0 104.6 320.1 34.8 28.1
1.866667 0 105.9 320.1 34.8 28.1
1.900000 0 107.2 320.2 34.9 28.2
1.933333 0 108.4 320.2 34.9 28.2
1.966667 0 109.7 320.2 35.0 28.2
2.000000 0 110.9 320.3 35.0 28.3
2.033333 0 112.2 320.3 35.1 28.3
2.066667 0 113.5 320.4 35.1 28.4
2.100000 0 114.7 320.4 35.2 28.4
2.133333 0 116.0 320.4 35.2 28.4
2.166667 0 117.3 320.5 35.3 28.5
2.200000 0 118.5 320.5 35.3 28.5
2.233333 0 119.8 320.5 35.4 28.5
2.266667 0 121.1 320.6 35.4 28.6
2.300000 0 122.3 320.6 35.5 28.6
2.333333 0 123.6 320.7 35.5 28.7
2.366667 0 124.9 320.7 35.6 28.7
2.400000 0 126.1 320.7 35.6 28.7
2.433333 0 127.4 320.8 35.7 28.8
2.466667 0 128.7 320.8 35.7 28.8
2.500000 0 129.9 320.8 35.8 28.8
2.533333 0 131.2 320.9 35.8 28.9
2.566667 0 132.5 320.9 35.9 28.9
2.600000 0 133.7 321.0 35.9 29.0
2.633333 0 135.0 321.0 36.0 29.0
2.666667 0 136.5 321.1 36.1 29.1
2.700000 0 138.1 321.2 36.1 29.1
2.733333 0 139.6 321.2 36.2 29.2
2.766667 0 141.1 321.3 36.3 29.2
2.800000 0 142.6 321.4 36.3 29.3
2.833333 0 144.2 321.5 36.4 29.3
2.866667 0 145.7 321.6 36.5 29.4
2.900000 0 147.2 321.6 36.5 29.4
2.933333 0 148.7 321.7 36.6 29.5
2.966667 0 150.3 321.8 36.7 29.5
3.000000 0 151.8 321.9 36.7 29.6
3.033333 0 153.3 322.0 36.8 29.6
3.066667 0 154.9 322.1 36.9 29.7
3.100000 0 156.4 322.1 36.9 29.8
3.133333 0 157.9 322.2 37.0 29.8
3.166667 0 159.4 322.3 37.1 29.9
3.200000 0 161.0 322.4 37.1 29.9
3.233333 0 162.5 322.5 37.2 30.0
3.266667 0 164.0 322.5 37.3 30.0
3.300000 0 165.5 322.6 37.4 30.1
3.333333 0 167.1 322.7 37.4 30.1
3.366667 0 168.6 322.8 37.5 30.2
3.400000 0 170.1 322.9 37.6 30.2
3.433333 0 171.6 322.9 37.6 30.3
3.466667 0 173.2 323.0 37.7 30.4
3.500000 0 174.7 323.1 37.8 30.4
3.533333 0 176.2 323.2 37.8 30.5
3.566667 0 177.8 323.3 37.9 30.5
3.600000 0 179.3 323.4 38.0 30.6
3.633333 0 180.8 323.4 38.0 30.6
3.666667 0 182.3 323.5 38.1 30.7
3.700000 0 183.9 323.6 38.2 30.7
3.733333 0 185.4 323.7 38.2 30.8
3.766667 0 186.9 323.8 38.3 30.8
3.800000 0 188.4 323.8 38.4 30.9
3.833333 0 190.0 323.9 38.4 30.9
3.866667 0 191.5 324.0 38.5 31.0
3.900000 0 193.0 324.1 38.6 31.1
3.933333 0 194.6 324.2 38.6 31.1
3.966667 0 196.1 324.2 38.7 31.2
4.000000 0 197.6 324.3 38.8 31.2
4.033333 0 199.1 324.4 38.8 31.3
4.066667 0 200.7 324.5 38.9 31.3
4.100000 0 202.2 324.6 39.0 31.4
4.133333 0 203.7 324.6 39.0 31.4
4.166667 0 205.2 324.7 39.1 31.5
4.200000 0 206.8 324.8 39.2 31.5
4.233333 0 208.3 324.9 39.2 31.6
4.266667 0 209.8 325.0 39.3 31.6
4.300000 0 211.4 325.1 39.4 31.7
4.333333 0 212.9 325.1 39.4 31.8
4.366667 0 214.4 325.2 39.5 31.8
4.400000 0 215.9 325.3 39.6 31.9
4.433333 0 217.5 325.4 39.6 31.9
4.466667 0 219.0 325.5 39.7 32.0
4.500000 0 220.5 325.5 39.8 32.0
4.533333 0 222.0 325.6 39.9 32.1
4.566667 0 223.6 325.7 39.9 32.1
4.600000 0 225.1 325.8 40.0 32.2
4.633333 0 226.6 325.9 40.1 32.2
4.666667 0 228.1 325.9 40.1 32.3
4.700000 0 229.7 326.0 40.2 32.4
4.733333 0 231.2 326.1 40.3 32.4
4.766667 0 232.7 326.2 40.3 32.5
4.800000 0 234.3 326.3 40.4 32.5
4.833333 0 235.8 326.4 40.5 32.6
4.866667 0 237.3 326.4 40.5 32.6
4.900000 0 238.8 326.5 40.6 32.7
4.933333 0 240.4 326.6 40.7 32.7
4.966667 0 241.9 326.7 40.7 32.8
5.000000 0 243.4 326.8 40.8 32.8
5.033333 0 244.9 326.8 40.9 32.9
5.066667 0 246.5 326.9 40.9 32.9
5.100000 0 248.0 327.0 41.0 33.0
5.133333 0 249.8 327.1 41.1 33.0
5.166667 0 251.6 327.1 41.1 33.0
5.200000 0 253.4 327.2 41.2 33.0
5.233333 0 255.2 327.3 41.2 33.1
5.266667 0 257.0 327.4 41.3 33.1
5.300000 0 258.8 327.4 41.3 33.1
5.333333 0 260.6 327.5 41.4 33.1
5.366667 0 262.4 327.6 41.5 33.1
5.400000 0 264.2 327.6 41.5 33.1
5.433333 0 266.0 327.7 41.6 33.1
5.466667 0 267.8 327.8 41.6 33.2
5.500000 0 269.6 327.9 41.7 33.2
5.533333 0 271.4 327.9 41.7 33.2
5.566667 0 273.2 328.0 41.8 33.2
5.600000 0 275.0 328.1 41.9 33.2
5.633333 0 276.8 328.1 41.9 33.2
5.666667 0 278.6 328.2 42.0 33.2
5.700000 0 280.4 328.3 42.0 33.3
5.733333 0 282.2 328.4 42.1 33.3
5.766667 0 284.0 328.4 42.1 33.3
5.800000 0 285.8 328.5 42.2 33.3
5.833333 0 287.6 328.6 42.3 33.3
5.866667 0 289.4 328.6 42.3 33.3
5.900000 0 291.2 328.7 42.4 33.3
5.933333 0 293.0 328.8 42.4 33.4
5.966667 0 294.8 328.9 42.5 33.4
6.000000 0 296.6 328.9 42.5 33.4
6.033333 0 298.4 329.0 42.6 33.4
6.066667 0 300.2 329.1 42.7 33.4
6.100000 0 302.0 329.1 42.7 33.4
6.133333 0 303.8 329.2 42.8 33.4
6.166667 0 305.6 329.3 42.8 33.5
6.200000 0 307.4 329.4 42.9 33.5
6.233333 0 309.2 329.4 42.9 33.5
6.266667 0 311.0 329.5 43.0 33.5
6.300000 0 312.8 329.6 43.1 33.5
6.333333 0 314.6 329.6 43.1 33.5
6.366667 0 316.4 329.7 43.2 33.5
6.400000 0 318.2 329.8 43.2 33.6
6.433333 0 320.0 329.9 43.3 33.6
6.466667 0 321.8 329.9 43.3 33.6
6.500000 0 323.6 330.0 43.4 33.6
6.533333 0 325.4 330.1 43.5 33.6
6.566667 0 327.2 330.1 43.5 33.6
6.600000 0 329.0 330.2 43.6 33.6
6.633333 0 330.8 330.3 43.6 33.7
6.666667 0 332.6 330.4 43.7 33.7
6.700000 0 334.4 330.4 43.7 33.7
6.733333 0 336.2 330.5 43.8 33.7
6.766667 0 338.0 330.6 43.9 33.7
6.800000 0 339.8 330.6 43.9 33.7
6.833333 0 341.6 330.7 44.0 33.7
6.866667 0 343.4 330.8 44.0 33.8
6.900000 0 345.2 330.9 44.1 33.8
6.933333 0 347.0 330.9 44.1 33.8
6.966667 0 348.8 331.0 44.2 33.8
7.000000 0 350.6 331.1 44.3 33.8
7.033333 0 352.4 331.1 44.3 33.8
7.066667 0 354.2 331.2 44.4 33.8
7.100000 0 356.0 331.3 44.4 33.9
7.133333 0 357.8 331.4 44.5 33.9
7.166667 0 359.6 331.4 44.5 33.9
7.200000 0 361.4 331.5 44.6 33.9
7.233333 0 363.2 331.6 44.7 33.9
7.266667 0 365.0 331.6 44.7 33.9
7.300000 0 366.8 331.7 44.8 33.9
7.333333 0 368.6 331.8 44.8 34.0
7.366667 0 370.4 331.9 44.9 34.0
7.400000 0 372.2 331.9 44.9 34.0
7.433333 0 374.0 332.0 45.0 34.0
7.466667 0 376.2 332.0 45.1 34.0
7.500000 0 378.5 332.1 45.2 34.0
7.533333 0 380.7 332.1 45.2 34.0
7.566667 0 383.0 332.2 45.3 34.0
7.600000 0 385.2 332.2 45.4 34.0
7.633333 0 387.5 332.3 45.5 34.0
7.666667 0 389.7 332.3 45.6 34.0
7.700000 0 392.0 332.4 45.7 34.0
7.733333 0 394.2 332.4 45.7 34.0
7.766667 0 396.5 332.5 45.8 34.0
7.800000 0 398.7 332.5 45.9 34.0
7.833333 0 401.0 332.6 46.0 34.0
7.866667 0 403.2 332.6 46.1 34.0
7.900000 0 405.5 332.7 46.2 34.0
7.933333 0 407.7 332.7 46.2 34.0
7.966667 0 410.0 332.8 46.3 34.0
8.000000 0 412.2 332.8 46.4 34.0
8.033333 0 414.4 332.8 46.5 34.0
8.066667 0 416.7 332.9 46.6 34.0
8.100000 0 418.9 332.9 46.6 34.0
8.133333 0 421.2 333.0 46.7 34.0
8.166667 0 423.4 333.0 46.8 34.0
8.200000 0 425.7 333.1 46.9 34.0
8.233333 0 427.9 333.1 47.0 34.0
8.266667 0 430.2 333.2 47.1 34.0
8.300000 0 432.4 333.2 47.1 34.0
8.333333 0 434.7 333.3 47.2 34.0
8.366667 0 436.9 333.3 47.3 34.0
8.400000 0 439.2 333.4 47.4 34.0
8.433333 0 441.4 333.4 47.5 34.0
8.466667 0 443.7 333.5 47.6 34.0
8.500000 0 445.9 333.5 47.6 34.0
8.533333 0 448.2 333.6 47.7 34.0
8.566667 0 450.4 333.6 47.8 34.0
8.600000 0 452.6 333.6 47.9 34.0
8.633333 0 454.9 333.7 48.0 34.0
8.666667 0 457.1 333.7 48.0 34.0
8.700000 0 459.4 333.8 48.1 34.0
8.733333 0 461.6 333.8 48.2 34.0
8.766667 0 463.9 333.9 48.3 34.0
8.800000 0 466.1 333.9 48.4 34.0
8.833333 0 468.4 334.0 48.5 34.0
8.866667 0 470.6 334.0 48.5 34.0
8.900000 0 472.9 334.1 48.6 34.0
8.933333 0 475.1 334.1 48.7 34.0
8.966667 0 477.4 334.2 48.8 34.0
9.000000 0 479.6 334.2 48.9 34.0
9.033333 0 481.9 334.3 49.0 34.0
9.066667 0 484.1 334.3 49.0 34.0
9.100000 0 486.4 334.4 49.1 34.0
9.133333 0 488.6 334.4 49.2 34.0
9.166667 0 490.8 334.4 49.3 34.0
9.200000 0 493.1 334.5 49.4 34.0
9.233333 0 495.3 334.5 49.4 34.0
9.266667 0 497.6 334.6 49.5 34.0
9.300000 0 499.8 334.6 49.6 34.0
9.333333 0 502.1 334.7 49.7 34.0
9.366667 0 504.3 334.7 49.8 34.0
9.400000 0 506.6 334.8 49.9 34.0
9.433333 0 508.8 334.8 49.9 34.0
9.466667 0 511.1 334.9 50.0 34.0
9.500000 0 513.3 334.9 50.1 34.0
9.533333 0 515.6 335.0 50.2 34.0
9.566667 0 517.8 335.0 50.3 34.0
9.600000 0 520.1 335.1 50.4 34.0
9.633333 0 522.3 335.1 50.4 34.0
9.666667 0 524.6 335.2 50.5 34.0
9.700000 0 526.8 335.2 50.6 34.0
9.733333 0 529.0 335.2 50.7 34.0
9.766667 0 531.3 335.3 50.8 34.0
9.800000 0 533.5 335.3 50.8 34.0
9.833333 0 535.8 335.4 50.9 34.0
9.866667 0 538.0 335.4 51.0 34.0
9.900000 0 540.3 335.5 51.1 34.0
9.933333 0 542.5 335.5 51.2 34.0
9.966667 0 544.8 335.6 51.3 34.0
10.000000 0 547.0 335.6 51.3 34.0
10.033333 0 549.3 335.7 51.4 34.0
10.066667 0 551.5 335.7 51.5 34.0
10.100000 0 553.8 335.8 51.6 34.0
10.133333 0 556.0 335.8 51.7 34.0
10.166667 0 558.3 335.9 51.8 34.0
10.200000 0 560.5 335.9 51.8 34.0
10.233333 0 562.8 336.0 51.9 34.0
10.266667 0 565.0 336.0 52.0 34.0
