0.000000 0 505.0 200.0 25.0 25.0
0.033333 0 503.6 200.3 25.0 25.0
0.066667 0 502.1 200.6 25.1 24.9
0.100000 0 500.7 200.9 25.1 24.9
0.133333 0 499.3 201.2 25.1 24.9
0.166667 0 497.8 201.4 25.1 24.9
0.200000 0 496.4 201.7 25.2 24.8
0.233333 0 495.0 202.0 25.2 24.8
0.266667 0 493.5 202.3 25.2 24.8
0.300000 0 492.1 202.6 25.2 24.8
0.333333 0 490.7 202.9 25.3 24.7
0.366667 0 489.2 203.2 25.3 24.7
0.400000 0 487.8 203.5 25.3 24.7
0.433333 0 486.4 203.8 25.3 24.7
0.466667 0 484.9 204.1 25.4 24.6
0.500000 0 483.5 204.3 25.4 24.6
0.533333 0 482.1 204.6 25.4 24.6
0.566667 0 480.6 204.9 25.4 24.6
0.600000 0 479.2 205.2 25.5 24.5
0.633333 0 477.8 205.5 25.5 24.5
0.666667 0 476.3 205.8 25.5 24.5
0.700000 0 474.9 206.1 25.6 24.4
0.733333 0 473.4 206.4 25.6 24.4
0.766667 0 472.0 206.7 25.6 24.4
0.800000 0 470.6 206.9 25.6 24.4
0.833333 0 469.1 207.2 25.7 24.3
0.866667 0 467.7 207.5 25.7 24.3
0.900000 0 466.3 207.8 25.7 24.3
0.933333 0 464.8 208.1 25.7 24.3
0.966667 0 463.4 208.4 25.8 24.2
1.000000 0 462.0 208.7 25.8 24.2
1.033333 0 460.5 209.0 25.8 24.2
1.066667 0 459.1 209.3 25.8 24.2
1.100000 0 457.7 209.6 25.9 24.1
1.133333 0 456.2 209.8 25.9 24.1
1.166667 0 454.8 210.1 25.9 24.1
1.200000 0 453.4 210.4 25.9 24.1
1.233333 0 451.9 210.7 26.0 24.0
1.266667 0 450.5 211.0 26.0 24.0
1.300000 0 449.1 211.3 26.0 24.0
1.333333 0 447.6 211.6 26.1 23.9
1.366667 0 446.2 211.9 26.1 23.9
1.400000 0 444.8 212.2 26.1 23.9
1.433333 0 443.3 212.4 26.1 23.9
1.466667 0 441.9 212.7 26.2 23.8
1.500000 0 440.5 213.0 26.2 23.8
1.533333 0 439.0 213.3 26.2 23.8
1.566667 0 437.6 213.6 26.2 23.8
1.600000 0 436.2 213.9 26.3 23.7
1.633333 0 434.7 214.2 26.3 23.7
1.666667 0 433.3 214.5 26.3 23.7
1.700000 0 431.9 214.8 26.3 23.7
1.733333 0 430.4 215.1 26.4 23.6
1.766667 0 429.0 215.3 26.4 23.6
1.800000 0 427.6 215.6 26.4 23.6
1.833333 0 426.1 215.9 26.4 23.6
1.866667 0 424.7 216.2 26.5 23.5
1.900000 0 423.3 216.5 26.5 23.5
1.933333 0 421.8 216.8 26.5 23.5
1.966667 0 420.4 217.1 26.6 23.4
2.000000 0 418.9 217.4 26.6 23.4
2.033333 0 417.5 217.7 26.6 23.4
2.066667 0 416.1 217.9 26.6 23.4
2.100000 0 414.6 218.2 26.7 23.3
2.133333 0 413.2 218.5 26.7 23.3
2.166667 0 411.8 218.8 26.7 23.3
2.200000 0 410.3 219.1 26.7 23.3
2.233333 0 408.9 219.4 26.8 23.2
2.266667 0 407.5 219.7 26.8 23.2
2.300000 0 406.0 220.0 26.8 23.2
2.333333 0 404.6 220.3 26.8 23.2
2.366667 0 403.2 220.6 26.9 23.1
2.400000 0 401.7 220.8 26.9 23.1
2.433333 0 400.3 221.1 26.9 23.1
2.466667 0 398.9 221.4 26.9 23.1
2.500000 0 397.4 221.7 27.0 23.0
2.533333 0 396.0 222.0 27.0 23.0
2.566667 0 394.7 222.2 27.0 23.0
2.600000 0 393.5 222.5 27.1 23.1
2.633333 0 392.2 222.7 27.1 23.1
2.666667 0 390.9 222.9 27.1 23.1
2.700000 0 389.7 223.2 27.1 23.1
2.733333 0 388.4 223.4 27.2 23.2
2.766667 0 387.1 223.6 27.2 23.2
2.800000 0 385.8 223.8 27.2 23.2
2.833333 0 384.6 224.1 27.2 23.2
2.866667 0 383.3 224.3 27.3 23.3
2.900000 0 382.0 224.5 27.3 23.3
2.933333 0 380.8 224.8 27.3 23.3
2.966667 0 379.5 225.0 27.3 23.3
3.000000 0 378.2 225.2 27.4 23.4
3.033333 0 377.0 225.5 27.4 23.4
3.066667 0 375.7 225.7 27.4 23.4
3.100000 0 374.4 225.9 27.4 23.4
3.133333 0 373.2 226.2 27.5 23.5
3.166667 0 371.9 226.4 27.5 23.5
3.200000 0 370.6 226.6 27.5 23.5
3.233333 0 369.3 226.8 27.5 23.5
3.266667 0 368.1 227.1 27.6 23.6
3.300000 0 366.8 227.3 27.6 23.6
3.333333 0 365.5 227.5 27.6 23.6
3.366667 0 364.3 227.8 27.6 23.6
3.400000 0 363.0 228.0 27.7 23.7
3.433333 0 361.7 228.2 27.7 23.7
3.466667 0 360.5 228.5 27.7 23.7
3.500000 0 359.2 228.7 27.7 23.7
3.533333 0 357.9 228.9 27.8 23.8
3.566667 0 356.7 229.2 27.8 23.8
3.600000 0 355.4 229.4 27.8 23.8
3.633333 0 354.1 229.6 27.8 23.8
3.666667 0 352.8 229.8 27.9 23.9
3.700000 0 351.6 230.1 27.9 23.9
3.733333 0 350.3 230.3 27.9 23.9
3.766667 0 349.0 230.5 27.9 23.9
3.800000 0 347.8 230.8 28.0 24.0
3.833333 0 346.5 231.0 28.0 24.0
3.866667 0 345.2 231.2 28.0 24.0
3.900000 0 344.0 231.5 28.1 24.1
3.933333 0 342.7 231.7 28.1 24.1
3.966667 0 341.4 231.9 28.1 24.1
4.000000 0 340.2 232.2 28.1 24.1
4.033333 0 338.9 232.4 28.2 24.2
4.066667 0 337.6 232.6 28.2 24.2
4.100000 0 336.3 232.8 28.2 24.2
4.133333 0 335.1 233.1 28.2 24.2
4.166667 0 333.8 233.3 28.3 24.3
4.200000 0 332.5 233.5 28.3 24.3
4.233333 0 331.3 233.8 28.3 24.3
4.266667 0 330.0 234.0 28.3 24.3
4.300000 0 328.7 234.2 28.4 24.4
4.333333 0 327.5 234.5 28.4 24.4
4.366667 0 326.2 234.7 28.4 24.4
4.400000 0 324.9 234.9 28.4 24.4
4.433333 0 323.7 235.2 28.5 24.5
4.466667 0 322.4 235.4 28.5 24.5
4.500000 0 321.1 235.6 28.5 24.5
4.533333 0 319.8 235.8 28.5 24.5
4.566667 0 318.6 236.1 28.6 24.6
4.600000 0 317.3 236.3 28.6 24.6
4.633333 0 316.0 236.5 28.6 24.6
4.666667 0 314.8 236.8 28.6 24.6
4.700000 0 313.5 237.0 28.7 24.7
4.733333 0 312.2 237.2 28.7 24.7
4.766667 0 311.0 237.5 28.7 24.7
4.800000 0 309.7 237.7 28.7 24.7
4.833333 0 308.4 237.9 28.8 24.8
4.866667 0 307.2 238.2 28.8 24.8
4.900000 0 305.9 238.4 28.8 24.8
4.933333 0 304.6 238.6 28.8 24.8
4.966667 0 303.3 238.8 28.9 24.9
5.000000 0 302.1 239.1 28.9 24.9
5.033333 0 300.8 239.3 28.9 24.9
5.066667 0 299.5 239.5 28.9 24.9
5.100000 0 298.3 239.8 29.0 25.0
5.133333 0 297.0 240.0 29.0 25.0
5.166667 0 294.0 238.0 34.0 28.0
5.200000 0 292.9 238.3 33.9 27.9
5.233333 0 291.8 238.5 33.9 27.9
5.266667 0 290.6 238.8 33.8 27.8
5.300000 0 289.5 239.1 33.8 27.7
5.333333 0 288.4 239.3 33.7 27.6
5.366667 0 287.3 239.6 33.6 27.6
5.400000 0 286.1 239.9 33.6 27.5
5.433333 0 285.0 240.1 33.5 27.4
5.466667 0 283.9 240.4 33.5 27.3
5.500000 0 282.8 240.7 33.4 27.3
5.533333 0 281.7 241.0 33.3 27.2
5.566667 0 280.5 241.2 33.3 27.1
5.600000 0 279.4 241.5 33.2 27.0
5.633333 0 278.3 241.8 33.1 27.0
5.666667 0 277.2 242.0 33.1 26.9
5.700000 0 276.0 242.3 33.0 26.8
5.733333 0 274.9 242.6 33.0 26.8
5.766667 0 273.8 242.8 32.9 26.7
5.800000 0 272.7 243.1 32.8 26.6
5.833333 0 271.6 243.4 32.8 26.5
5.866667 0 270.4 243.6 32.7 26.5
5.900000 0 269.3 243.9 32.7 26.4
5.933333 0 268.2 244.2 32.6 26.3
5.966667 0 267.1 244.4 32.5 26.2
6.000000 0 266.0 244.7 32.5 26.2
6.033333 0 264.8 245.0 32.4 26.1
6.066667 0 263.7 245.2 32.4 26.0
6.100000 0 262.6 245.5 32.3 26.0
6.133333 0 261.5 245.8 32.2 25.9
6.166667 0 260.3 246.0 32.2 25.8
6.200000 0 259.2 246.3 32.1 25.7
6.233333 0 258.1 246.6 32.0 25.7
6.266667 0 257.0 246.9 32.0 25.6
6.300000 0 255.9 247.1 31.9 25.5
6.333333 0 254.7 247.4 31.9 25.4
6.366667 0 253.6 247.7 31.8 25.4
6.400000 0 252.5 247.9 31.7 25.3
6.433333 0 251.4 248.2 31.7 25.2
6.466667 0 250.2 248.5 31.6 25.1
6.500000 0 249.1 248.7 31.6 25.1
6.533333 0 248.0 249.0 31.5 25.0
6.566667 0 246.9 249.3 31.4 24.9
6.600000 0 245.8 249.5 31.4 24.9
6.633333 0 244.6 249.8 31.3 24.8
6.666667 0 243.5 250.1 31.3 24.7
6.700000 0 242.4 250.3 31.2 24.6
6.733333 0 241.3 250.6 31.1 24.6
6.766667 0 240.1 250.9 31.1 24.5
6.800000 0 239.0 251.1 31.0 24.4
6.833333 0 237.9 251.4 31.0 24.3
6.866667 0 236.8 251.7 30.9 24.3
6.900000 0 235.7 252.0 30.8 24.2
6.933333 0 234.5 252.2 30.8 24.1
6.966667 0 233.4 252.5 30.7 24.0
7.000000 0 232.3 252.8 30.6 24.0
7.033333 0 231.2 253.0 30.6 23.9
7.066667 0 230.0 253.3 30.5 23.8
7.100000 0 228.9 253.6 30.5 23.8
7.133333 0 227.8 253.8 30.4 23.7
7.166667 0 226.7 254.1 30.3 23.6
7.200000 0 225.6 254.4 30.3 23.5
7.233333 0 224.4 254.6 30.2 23.5
7.266667 0 223.3 254.9 30.2 23.4
7.300000 0 222.2 255.2 30.1 23.3
7.333333 0 221.1 255.4 30.0 23.2
7.366667 0 220.0 255.7 30.0 23.2
7.400000 0 218.8 256.0 29.9 23.1
7.433333 0 217.7 256.2 29.9 23.0
7.466667 0 216.6 256.5 29.8 23.0
7.500000 0 215.5 256.8 29.7 22.9
7.533333 0 214.3 257.0 29.7 22.8
7.566667 0 213.2 257.3 29.6 22.7
7.600000 0 212.1 257.6 29.5 22.7
7.633333 0 211.0 257.9 29.5 22.6
7.666667 0 209.9 258.1 29.4 22.5
7.700000 0 208.7 258.4 29.4 22.4
7.733333 0 207.6 258.7 29.3 22.4
7.766667 0 206.5 258.9 29.2 22.3
7.800000 0 205.4 259.2 29.2 22.2
7.833333 0 204.2 259.5 29.1 22.1
7.866667 0 203.1 259.7 29.1 22.1
7.900000 0 202.0 260.0 29.0 22.0
7.933333 0 200.9 260.2 29.0 22.0
7.966667 0 199.9 260.4 29.0 22.1
8.000000 0 198.8 260.6 29.0 22.1
8.033333 0 197.7 260.8 29.0 22.1
8.066667 0 196.6 261.0 28.9 22.2
8.100000 0 195.6 261.2 28.9 22.2
8.133333 0 194.5 261.4 28.9 22.3
8.166667 0 193.4 261.6 28.9 22.3
8.200000 0 192.3 261.8 28.9 22.3
8.233333 0 191.3 262.0 28.9 22.4
8.266667 0 190.2 262.2 28.9 22.4
8.300000 0 189.1 262.4 28.9 22.4
8.333333 0 188.0 262.6 28.8 22.5
8.366667 0 187.0 262.8 28.8 22.5
8.400000 0 185.9 263.0 28.8 22.6
8.433333 0 184.8 263.2 28.8 22.6
8.466667 0 183.7 263.4 28.8 22.6
8.500000 0 182.7 263.6 28.8 22.7
8.533333 0 181.6 263.8 28.8 22.7
8.566667 0 180.5 264.0 28.8 22.7
8.600000 0 179.4 264.1 28.7 22.8
8.633333 0 178.4 264.3 28.7 22.8
8.666667 0 177.3 264.5 28.7 22.9
8.700000 0 176.2 264.7 28.7 22.9
8.733333 0 175.1 264.9 28.7 22.9
8.766667 0 174.1 265.1 28.7 23.0
8.800000 0 173.0 265.3 28.7 23.0
8.833333 0 171.9 265.5 28.7 23.0
8.866667 0 170.9 265.7 28.6 23.1
8.900000 0 169.8 265.9 28.6 23.1
8.933333 0 168.7 266.1 28.6 23.1
8.966667 0 167.6 266.3 28.6 23.2
9.000000 0 166.6 266.5 28.6 23.2
9.033333 0 165.5 266.7 28.6 23.3
9.066667 0 164.4 266.9 28.6 23.3
9.100000 0 163.3 267.1 28.6 23.3
9.133333 0 162.3 267.3 28.5 23.4
9.166667 0 161.2 267.5 28.5 23.4
9.200000 0 160.1 267.7 28.5 23.4
9.233333 0 159.0 267.9 28.5 23.5
9.266667 0 158.0 268.1 28.5 23.5
9.300000 0 156.9 268.3 28.5 23.6
9.333333 0 155.8 268.5 28.5 23.6
9.366667 0 154.7 268.7 28.5 23.6
9.400000 0 153.7 268.9 28.4 23.7
9.433333 0 152.6 269.1 28.4 23.7
9.466667 0 151.5 269.3 28.4 23.7
9.500000 0 150.4 269.5 28.4 23.8
9.533333 0 149.4 269.7 28.4 23.8
9.566667 0 148.3 269.9 28.4 23.9
9.600000 0 147.2 270.1 28.4 23.9
9.633333 0 146.1 270.3 28.4 23.9
9.666667 0 145.1 270.5 28.3 24.0
9.700000 0 144.0 270.7 28.3 24.0
9.733333 0 142.9 270.9 28.3 24.0
9.766667 0 141.9 271.1 28.3 24.1
9.800000 0 140.8 271.3 28.3 24.1
9.833333 0 139.7 271.5 28.3 24.1
9.866667 0 138.6 271.7 28.3 24.2
9.900000 0 137.6 271.9 28.3 24.2
9.933333 0 136.5 272.0 28.2 24.3
9.966667 0 135.4 272.2 28.2 24.3
10.000000 0 134.3 272.4 28.2 24.3
10.033333 0 133.3 272.6 28.2 24.4
10.066667 0 132.2 272.8 28.2 24.4
10.100000 0 131.1 273.0 28.2 24.4
10.133333 0 130.0 273.2 28.2 24.5
10.166667 0 129.0 273.4 28.2 24.5
10.200000 0 127.9 273.6 28.1 24.6
10.233333 0 126.8 273.8 28.1 24.6
10.266667 0 125.7 274.0 28.1 24.6
10.300000 0 124.7 274.2 28.1 24.7
10.333333 0 123.6 274.4 28.1 24.7
10.366667 0 122.5 274.6 28.1 24.7
10.400000 0 121.4 274.8 28.1 24.8
10.433333 0 120.4 275.0 28.1 24.8
10.466667 0 119.3 275.2 28.0 24.9
10.500000 0 118.2 275.4 28.0 24.9
10.533333 0 117.1 275.6 28.0 24.9
10.566667 0 116.1 275.8 28.0 25.0
10.600000 0 115.0 276.0 28.0 25.0
