0.000000 0 443.0 148.0 33.0 27.0
0.033333 0 441.0 151.0 35.0 24.0
0.066667 0 441.0 151.0 30.0 27.0
0.100000 0 435.0 151.0 36.0 27.0
0.133333 0 435.0 151.0 36.0 28.0
0.166667 0 433.0 150.0 38.0 29.0
0.200000 0 433.0 150.0 35.0 30.0
0.233333 0 430.0 150.0 38.0 30.0
0.266667 0 430.0 150.0 35.0 28.0
0.300000 0 429.0 151.0 36.0 27.0
0.333333 0 429.0 151.0 35.0 30.0
0.366667 0 421.0 151.0 43.0 30.0
0.400000 0 421.0 151.0 38.0 30.0
0.433333 0 420.0 151.0 39.0 30.0
0.466667 0 420.0 151.0 39.0 33.0
0.500000 0 417.0 150.0 42.0 34.0
0.533333 0 417.0 150.0 35.0 39.0
0.566667 0 416.0 150.0 36.0 39.0
0.600000 0 416.0 150.0 34.0 37.0
0.633333 0 415.0 152.0 35.0 35.0
0.666667 0 415.0 152.0 29.0 35.0
0.700000 0 410.0 155.0 34.0 32.0
0.733333 0 410.0 155.0 31.0 32.0
0.766667 0 408.0 157.0 33.0 30.0
0.800000 0 408.0 157.0 35.0 30.0
0.833333 0 405.0 156.0 38.0 31.0
0.866667 0 405.0 156.0 30.0 32.0
0.900000 0 402.0 157.0 33.0 31.0
0.933333 0 402.0 157.0 33.0 27.0
0.966667 0 396.0 159.0 39.0 25.0
1.000000 0 396.0 159.0 36.0 27.0
1.033333 0 393.0 157.0 39.0 29.0
1.066667 0 393.0 157.0 36.0 28.0
1.100000 0 393.0 157.0 36.0 28.0
1.133333 0 393.0 157.0 32.0 33.0
1.166667 0 391.0 157.0 34.0 33.0
1.200000 0 391.0 157.0 33.0 28.0
1.233333 0 381.0 157.0 36.0 27.0
1.266667 0 381.0 157.0 39.0 31.0
1.300000 0 380.0 155.0 40.0 33.0
1.333333 0 380.0 155.0 37.0 38.0
1.366667 0 376.0 158.0 41.0 35.0
1.400000 0 376.0 158.0 40.0 36.0
1.433333 0 372.0 156.0 44.0 38.0
1.466667 0 372.0 156.0 41.0 40.0
1.500000 0 366.0 155.0 47.0 41.0
1.533333 0 366.0 155.0 44.0 42.0
1.566667 0 368.0 161.0 42.0 36.0
1.600000 0 368.0 161.0 37.0 33.0
1.633333 0 359.0 157.0 46.0 37.0
1.666667 0 359.0 157.0 43.0 39.0
1.700000 0 360.0 156.0 42.0 40.0
1.733333 0 360.0 156.0 41.0 41.0
1.766667 0 358.0 157.0 43.0 40.0
1.800000 0 358.0 157.0 34.0 39.0
1.833333 0 354.0 160.0 38.0 36.0
1.866667 0 354.0 160.0 42.0 37.0
1.900000 0 354.0 161.0 42.0 36.0
1.933333 0 354.0 161.0 35.0 35.0
1.966667 0 344.0 160.0 45.0 36.0
2.000000 0 344.0 160.0 43.0 37.0
2.033333 0 345.0 158.0 42.0 39.0
2.066667 0 345.0 158.0 35.0 38.0
2.100000 0 337.0 158.0 43.0 37.0
2.133333 0 337.0 158.0 44.0 39.0
2.166667 0 338.0 166.0 43.0 31.0
2.200000 0 338.0 166.0 34.0 28.0
2.233333 0 336.0 160.0 36.0 34.0
2.266667 0 336.0 160.0 39.0 37.0
2.300000 0 324.0 161.0 51.0 36.0
2.333333 0 324.0 161.0 52.0 40.0
2.366667 0 323.0 158.0 53.0 43.0
2.400000 0 323.0 158.0 45.0 44.0
2.433333 0 321.0 161.0 47.0 41.0
2.466667 0 321.0 161.0 43.0 42.0
2.500000 0 316.0 165.0 48.0 38.0
2.533333 0 316.0 164.0 41.0 36.0
2.566667 0 315.0 163.0 41.0 35.0
2.600000 0 315.0 163.0 36.0 39.0
2.633333 0 310.0 164.0 41.0 38.0
2.666667 0 310.0 164.0 44.0 35.0
2.700000 0 309.0 162.0 45.0 37.0
2.733333 0 308.0 162.0 43.0 39.0
2.766667 0 305.0 162.0 46.0 39.0
2.800000 0 305.0 162.0 42.0 43.0
2.833333 0 299.0 160.0 48.0 45.0
2.866667 0 299.0 160.0 40.0 44.0
2.900000 0 299.0 164.0 40.0 40.0
2.933333 0 299.0 164.0 37.0 37.0
2.966667 0 296.0 164.0 40.0 37.0
3.000000 0 296.0 164.0 43.0 40.0
3.033333 0 291.0 164.0 48.0 40.0
3.066667 0 291.0 164.0 39.0 39.0
3.100000 0 291.0 166.0 39.0 37.0
3.133333 0 291.0 166.0 38.0 39.0
3.166667 0 282.0 163.0 47.0 42.0
3.200000 0 282.0 163.0 45.0 43.0
3.233333 0 281.0 163.0 43.0 39.0
3.266667 0 281.0 163.0 44.0 43.0
3.300000 0 278.0 166.0 43.0 38.0
3.333333 0 278.0 166.0 33.0 35.0
3.366667 0 277.0 172.0 34.0 29.0
3.400000 0 277.0 170.0 35.0 31.0
3.433333 0 276.0 168.0 35.0 31.0
3.466667 0 276.0 168.0 36.0 34.0
3.500000 0 273.0 165.0 39.0 36.0
3.533333 0 273.0 165.0 31.0 36.0
3.566667 0 262.0 168.0 41.0 30.0
3.600000 0 262.0 168.0 43.0 37.0
3.633333 0 261.0 169.0 37.0 32.0
3.666667 0 261.0 169.0 36.0 33.0
3.700000 0 262.0 171.0 35.0 30.0
3.733333 0 261.0 173.0 31.0 27.0
3.766667 0 255.0 169.0 37.0 31.0
3.800000 0 255.0 169.0 35.0 36.0
3.833333 0 252.0 170.0 38.0 33.0
3.866667 0 252.0 170.0 36.0 32.0
3.900000 0 252.0 170.0 35.0 30.0
3.933333 0 252.0 170.0 30.0 31.0
3.966667 0 245.0 172.0 37.0 29.0
4.000000 0 245.0 172.0 34.0 32.0
4.033333 0 240.0 171.0 39.0 33.0
4.066667 0 240.0 171.0 44.0 37.0
4.100000 0 241.0 172.0 42.0 32.0
4.133333 0 231.0 169.0 49.9 34.0
4.166667 0 234.0 169.0 39.0 30.0
4.200000 0 234.0 169.0 39.0 37.0
4.233333 0 235.0 172.0 38.0 34.0
4.266667 0 235.0 172.0 32.0 31.0
4.300000 0 233.0 170.0 34.0 32.0
4.333333 0 233.0 170.0 31.0 29.0
4.366667 0 224.0 170.0 40.0 29.0
4.400000 0 224.0 170.0 41.0 32.0
4.433333 0 223.0 172.0 42.0 30.0
4.466667 0 223.0 172.0 35.0 29.0
4.500000 0 216.0 168.0 41.0 32.0
4.533333 0 216.0 168.0 39.0 34.0
4.566667 0 213.0 171.0 42.0 31.0
4.600000 0 213.0 171.0 41.0 31.0
4.633333 0 215.0 172.0 39.0 30.0
4.666667 0 216.0 175.0 34.0 29.0
4.700000 0 210.0 170.0 40.0 33.0
4.733333 0 210.0 170.0 40.0 37.0
4.766667 0 206.0 169.0 44.0 38.0
4.800000 0 206.0 169.0 40.0 35.0
4.833333 0 200.0 171.0 45.0 30.0
4.866667 0 200.0 171.0 43.0 34.0
4.900000 0 200.0 172.0 43.0 33.0
4.933333 0 200.0 172.0 37.0 30.0
4.966667 0 195.0 169.0 42.0 33.0
5.000000 0 195.0 169.0 39.0 36.0
5.033333 0 189.0 169.0 45.0 35.0
5.066667 0 189.0 169.0 42.0 39.0
5.100000 0 190.0 172.0 41.0 36.0
5.133333 0 190.0 172.0 37.0 37.0
5.166667 0 186.0 171.0 42.0 38.0
5.200000 0 186.0 171.0 43.0 37.0
5.233333 0 186.0 168.0 43.0 40.0
5.266667 0 186.0 168.0 33.0 37.0
5.300000 0 179.0 170.0 40.0 35.0
5.333333 0 179.0 170.0 38.0 38.0
5.366667 0 178.0 170.0 39.0 37.0
5.400000 0 178.0 170.0 35.0 34.0
5.433333 0 175.0 172.0 38.0 32.0
5.466667 0 175.0 172.0 36.0 33.0
5.500000 0 170.0 168.0 40.0 37.0
5.533333 0 170.0 168.0 40.0 36.0
5.566667 0 168.0 169.0 41.0 36.0
5.600000 0 168.0 169.0 36.0 33.0
5.633333 0 170.0 173.0 34.0 29.0
5.666667 0 170.0 173.0 30.0 29.0
5.700000 0 162.0 169.0 38.0 33.0
5.733333 0 162.0 169.0 41.0 38.0
5.766667 0 159.0 170.0 43.0 36.0
5.800000 0 159.0 170.0 34.0 35.0
5.833333 0 155.0 172.0 35.0 29.0
5.866667 0 155.0 172.0 35.0 33.0
5.900000 0 150.0 172.0 40.0 32.0
5.933333 0 150.0 172.0 37.0 31.0
5.966667 0 148.0 169.0 39.0 34.0
6.000000 0 148.0 169.0 41.0 38.0
6.033333 0 144.0 167.0 45.0 40.0
6.066667 0 144.0 167.0 36.0 38.0
6.100000 0 138.0 169.0 42.0 36.0
6.133333 0 138.0 169.0 39.0 39.0
6.166667 0 141.0 170.0 37.0 38.0
6.200000 0 141.0 170.0 28.0 32.0
6.233333 0 137.0 173.0 32.0 29.0
6.266667 0 137.0 173.0 34.0 33.0
6.300000 0 132.0 167.0 39.0 39.0
6.333333 0 132.0 169.0 36.0 34.0
6.366667 0 130.0 168.0 38.0 35.0
6.400000 0 130.0 168.0 38.0 37.0
6.433333 0 126.0 171.0 42.0 34.0
6.466667 0 126.0 171.0 35.0 28.0
6.500000 0 123.0 167.0 39.0 32.0
6.533333 0 123.0 167.0 39.0 38.0
6.566667 0 126.0 172.0 36.0 33.0
6.600000 0 126.0 172.0 33.0 32.0
6.633333 0 117.0 169.0 42.0 35.0
6.666667 0 117.0 169.0 42.0 35.0
6.700000 0 114.0 169.0 37.0 32.0
6.733333 0 114.0 169.0 36.0 36.0
6.766667 0 109.0 169.0 41.0 36.0
6.800000 0 111.0 169.0 37.0 35.0
6.833333 0 109.0 169.0 38.0 35.0
6.866667 0 109.0 169.0 36.0 39.0
6.900000 0 105.0 169.0 42.0 39.0
6.933333 0 105.0 169.0 33.0 36.0
6.966667 0 106.0 174.0 33.0 31.0
7.000000 0 106.0 174.0 29.0 25.0
7.033333 0 99.0 169.0 36.0 30.0
7.066667 0 99.0 169.0 33.0 37.0
7.100000 0 96.0 169.0 37.0 37.0
7.133333 0 96.0 169.0 35.0 36.0
7.166667 0 93.0 166.0 38.0 39.0
7.200000 0 93.0 166.0 39.0 39.0
7.233333 0 90.0 171.0 42.0 34.0
7.266667 0 90.0 171.0 34.0 31.0
7.300000 0 83.0 166.0 41.0 36.0
7.333333 0 83.0 166.0 42.0 38.0
7.366667 0 86.0 170.0 39.0 34.0
7.400000 0 86.0 169.0 37.0 32.0
7.433333 0 78.0 166.0 45.0 34.0
7.466667 0 78.0 166.0 39.0 39.0
7.500000 0 77.0 164.0 40.0 41.0
7.533333 0 77.0 164.0 38.0 38.0
7.566667 0 75.0 168.0 40.0 34.0
7.600000 0 74.0 168.0 38.0 35.0
7.633333 0 71.0 165.0 41.0 38.0
7.666667 0 71.0 165.0 35.0 41.0
7.700000 0 63.0 165.0 43.0 40.0
7.733333 0 63.0 165.0 38.0 37.0
7.766667 0 62.0 165.0 39.0 37.0
7.800000 0 62.0 165.0 38.0 40.0
7.833333 0 54.0 165.0 46.0 40.0
7.866667 0 53.0 164.0 40.0 34.0
7.900000 0 52.0 160.0 41.0 38.0
7.933333 0 52.0 160.0 39.0 44.0
7.966667 0 47.0 163.0 44.0 40.0
8.000000 0 47.0 163.0 40.0 38.0
8.033333 0 44.0 167.0 43.0 33.0
8.066667 0 44.0 167.0 41.0 34.0
8.100000 0 40.0 163.0 46.0 38.0
8.133333 0 40.0 163.0 40.0 35.0
8.166667 0 40.0 163.0 40.0 35.0
8.200000 0 40.0 163.0 39.0 36.0
8.233333 0 37.0 163.0 41.0 36.0
8.266667 0 37.0 163.0 36.0 36.0
8.300000 0 35.0 165.0 37.0 33.0
8.333333 0 35.0 165.0 34.0 32.0
8.366667 0 34.0 161.0 35.0 35.0
8.400000 0 34.0 161.0 30.0 35.0
8.433333 0 27.0 163.0 37.0 33.0
8.466667 0 27.0 163.0 37.0 33.0
8.500000 0 13.3 392.5 65.0 53.0
8.533333 0 16.3 393.0 69.1 53.0
8.566667 0 15.6 394.2 81.6 53.1
8.600000 0 27.4 395.5 81.2 52.5
8.633333 0 40.0 397.8 79.3 50.4
8.666667 0 46.2 398.8 78.4 49.5
8.700000 0 58.2 399.9 78.2 49.2
8.733333 0 63.5 400.2 79.3 50.2
8.766667 0 74.7 400.8 80.1 50.8
8.800000 0 80.9 401.6 80.3 51.0
8.833333 0 99.4 403.8 80.1 50.4
8.866667 0 105.6 404.6 80.2 50.3
8.900000 0 111.9 405.3 80.1 50.2
8.933333 0 123.7 406.2 80.9 50.7
8.966667 0 142.6 408.3 81.2 50.5
9.000000 0 148.5 408.7 81.6 50.6
9.033333 0 161.3 410.4 81.4 50.1
9.066667 0 173.7 411.5 81.8 50.1
9.100000 0 186.6 412.9 81.9 49.9
9.133333 0 192.8 413.3 82.3 50.2
9.166667 0 205.7 414.5 82.8 50.5
9.200000 0 212.5 415.2 82.5 50.4
9.233333 0 232.2 416.9 83.1 50.6
9.266667 0 238.9 417.6 83.2 50.7
9.300000 0 252.2 418.5 83.7 51.2
9.333333 0 265.6 419.6 84.3 51.5
9.366667 0 272.6 420.2 84.0 51.3
9.400000 0 286.3 421.3 84.5 51.6
9.433333 0 300.5 422.5 84.5 51.5
9.466667 0 307.5 423.0 84.6 51.6
9.500000 0 321.6 424.2 85.0 51.8
9.533333 0 336.2 425.3 84.7 51.6
9.566667 0 350.6 426.4 85.1 52.0
9.600000 0 357.8 426.9 85.2 52.0
9.633333 0 372.7 428.1 85.1 51.9
9.666667 0 387.2 428.9 85.7 52.4
9.700000 0 394.7 429.6 85.8 52.5
9.733333 0 409.7 430.7 85.9 52.5
9.766667 0 417.2 431.4 86.1 52.6
9.800000 0 432.5 432.5 86.2 52.6
9.833333 0 448.1 433.8 86.2 52.5
9.866667 0 455.7 434.2 86.3 52.6
9.900000 0 471.3 435.4 86.7 52.8
9.933333 0 479.3 435.9 86.7 52.8
9.966667 0 495.0 437.0 87.0 53.0
