0.000000 0 327.0 156.0 32.0 28.0
0.033333 0 326.4 155.5 31.9 28.1
0.066667 0 325.7 155.1 31.9 28.1
0.100000 0 325.1 154.6 31.8 28.2
0.133333 0 324.5 154.2 31.7 28.3
0.166667 0 323.8 153.7 31.7 28.3
0.200000 0 323.2 153.3 31.6 28.4
0.233333 0 322.5 152.8 31.5 28.5
0.266667 0 321.9 152.4 31.5 28.5
0.300000 0 321.3 151.9 31.4 28.6
0.333333 0 320.6 151.5 31.3 28.7
0.366667 0 320.0 151.0 31.3 28.7
0.400000 0 319.4 150.5 31.2 28.8
0.433333 0 318.7 150.1 31.1 28.9
0.466667 0 318.1 149.6 31.0 29.0
0.500000 0 317.5 149.2 31.0 29.0
0.533333 0 316.8 148.7 30.9 29.1
0.566667 0 316.2 148.3 30.8 29.2
0.600000 0 315.5 147.8 30.8 29.2
0.633333 0 314.9 147.4 30.7 29.3
0.666667 0 314.3 146.9 30.6 29.4
0.700000 0 313.6 146.5 30.6 29.4
0.733333 0 313.0 146.0 30.5 29.5
0.766667 0 312.4 145.5 30.4 29.6
0.800000 0 311.7 145.1 30.4 29.6
0.833333 0 311.1 144.6 30.3 29.7
0.866667 0 310.5 144.2 30.2 29.8
0.900000 0 309.8 143.7 30.2 29.8
0.933333 0 309.2 143.3 30.1 29.9
0.966667 0 308.5 142.8 30.0 30.0
1.000000 0 307.9 142.4 30.0 30.0
1.033333 0 307.3 141.9 29.9 30.1
1.066667 0 306.6 141.5 29.8 30.2
1.100000 0 306.0 141.0 29.8 30.2
1.133333 0 305.4 140.5 29.7 30.3
1.166667 0 304.7 140.1 29.6 30.4
1.200000 0 304.1 139.6 29.5 30.5
1.233333 0 303.5 139.2 29.5 30.5
1.266667 0 302.8 138.7 29.4 30.6
1.300000 0 302.2 138.3 29.3 30.7
1.333333 0 301.5 137.8 29.3 30.7
1.366667 0 300.9 137.4 29.2 30.8
1.400000 0 300.3 136.9 29.1 30.9
1.433333 0 299.6 136.5 29.1 30.9
1.466667 0 299.0 136.0 29.0 31.0
1.500000 0 298.2 135.8 29.0 30.9
1.533333 0 297.4 135.6 29.0 30.9
1.566667 0 296.6 135.4 29.0 30.8
1.600000 0 295.7 135.1 29.1 30.7
1.633333 0 294.9 134.9 29.1 30.7
1.666667 0 294.1 134.7 29.1 30.6
1.700000 0 293.3 134.5 29.1 30.6
1.733333 0 292.5 134.3 29.1 30.5
1.766667 0 291.7 134.1 29.1 30.4
1.800000 0 290.9 133.9 29.1 30.4
1.833333 0 290.1 133.7 29.1 30.3
1.866667 0 289.2 133.4 29.2 30.2
1.900000 0 288.4 133.2 29.2 30.2
1.933333 0 287.6 133.0 29.2 30.1
1.966667 0 286.8 132.8 29.2 30.1
2.000000 0 286.0 132.6 29.2 30.0
2.033333 0 285.2 132.4 29.2 29.9
2.066667 0 284.4 132.2 29.2 29.9
2.100000 0 283.6 132.0 29.2 29.8
2.133333 0 282.7 131.7 29.3 29.7
2.166667 0 281.9 131.5 29.3 29.7
2.200000 0 281.1 131.3 29.3 29.6
2.233333 0 280.3 131.1 29.3 29.6
2.266667 0 279.5 130.9 29.3 29.5
2.300000 0 278.7 130.7 29.3 29.4
2.333333 0 277.9 130.5 29.3 29.4
2.366667 0 277.1 130.3 29.3 29.3
2.400000 0 276.2 130.0 29.4 29.2
2.433333 0 275.4 129.8 29.4 29.2
2.466667 0 274.6 129.6 29.4 29.1
2.500000 0 273.8 129.4 29.4 29.1
2.533333 0 273.0 129.2 29.4 29.0
2.566667 0 272.2 129.0 29.4 28.9
2.600000 0 271.4 128.8 29.4 28.9
2.633333 0 270.6 128.6 29.4 28.8
2.666667 0 269.7 128.3 29.5 28.7
2.700000 0 268.9 128.1 29.5 28.7
2.733333 0 268.1 127.9 29.5 28.6
2.766667 0 267.3 127.7 29.5 28.6
2.800000 0 266.5 127.5 29.5 28.5
2.833333 0 265.7 127.3 29.5 28.4
2.866667 0 264.9 127.1 29.5 28.4
2.900000 0 264.1 126.9 29.5 28.3
2.933333 0 263.2 126.6 29.6 28.2
2.966667 0 262.4 126.4 29.6 28.2
3.000000 0 261.6 126.2 29.6 28.1
3.033333 0 260.8 126.0 29.6 28.1
3.066667 0 260.0 125.8 29.6 28.0
3.100000 0 259.2 125.6 29.6 27.9
3.133333 0 258.4 125.4 29.6 27.9
3.166667 0 257.6 125.2 29.6 27.8
3.200000 0 256.7 124.9 29.7 27.7
3.233333 0 255.9 124.7 29.7 27.7
3.266667 0 255.1 124.5 29.7 27.6
3.300000 0 254.3 124.3 29.7 27.6
3.333333 0 253.5 124.1 29.7 27.5
3.366667 0 252.7 123.9 29.7 27.4
3.400000 0 251.9 123.7 29.7 27.4
3.433333 0 251.1 123.5 29.7 27.3
3.466667 0 250.2 123.2 29.8 27.2
3.500000 0 249.4 123.0 29.8 27.2
3.533333 0 248.6 122.8 29.8 27.1
3.566667 0 247.8 122.6 29.8 27.1
3.600000 0 247.0 122.4 29.8 27.0
3.633333 0 246.2 122.2 29.8 26.9
3.666667 0 245.4 122.0 29.8 26.9
3.700000 0 244.6 121.8 29.8 26.8
3.733333 0 243.7 121.5 29.9 26.7
3.766667 0 242.9 121.3 29.9 26.7
3.800000 0 242.1 121.1 29.9 26.6
3.833333 0 241.3 120.9 29.9 26.6
3.866667 0 240.5 120.7 29.9 26.5
3.900000 0 239.7 120.5 29.9 26.4
3.933333 0 238.9 120.3 29.9 26.4
3.966667 0 238.1 120.1 29.9 26.3
4.000000 0 237.2 119.8 30.0 26.2
4.033333 0 236.4 119.6 30.0 26.2
4.066667 0 235.6 119.4 30.0 26.1
4.100000 0 234.8 119.2 30.0 26.1
4.133333 0 234.0 119.0 30.0 26.0
4.166667 0 233.1 118.6 30.0 26.2
4.200000 0 232.3 118.3 30.1 26.3
4.233333 0 231.4 117.9 30.1 26.5
4.266667 0 230.6 117.5 30.1 26.6
4.300000 0 229.7 117.2 30.2 26.8
4.333333 0 228.8 116.8 30.2 26.9
4.366667 0 228.0 116.4 30.2 27.1
4.400000 0 227.1 116.1 30.3 27.3
4.433333 0 226.3 115.7 30.3 27.4
4.466667 0 225.4 115.3 30.4 27.6
4.500000 0 224.5 114.9 30.4 27.7
4.533333 0 223.7 114.6 30.4 27.9
4.566667 0 222.8 114.2 30.5 28.1
4.600000 0 222.0 113.8 30.5 28.2
4.633333 0 221.1 113.5 30.5 28.4
4.666667 0 220.2 113.1 30.6 28.5
4.700000 0 219.4 112.7 30.6 28.7
4.733333 0 218.5 112.4 30.6 28.8
4.766667 0 217.7 112.0 30.7 29.0
4.800000 0 216.8 111.6 30.7 29.2
4.833333 0 215.9 111.3 30.7 29.3
4.866667 0 215.1 110.9 30.8 29.5
4.900000 0 214.2 110.5 30.8 29.6
4.933333 0 213.4 110.2 30.8 29.8
4.966667 0 212.5 109.8 30.9 29.9
5.000000 0 211.6 109.4 30.9 30.1
5.033333 0 210.8 109.1 30.9 30.3
5.066667 0 209.9 108.7 31.0 30.4
5.100000 0 209.1 108.3 31.0 30.6
5.133333 0 208.2 107.9 31.1 30.7
5.166667 0 207.4 107.6 31.1 30.9
5.200000 0 206.5 107.2 31.1 31.1
5.233333 0 205.6 106.8 31.2 31.2
5.266667 0 204.8 106.5 31.2 31.4
5.300000 0 203.9 106.1 31.2 31.5
5.333333 0 203.1 105.7 31.3 31.7
5.366667 0 202.2 105.4 31.3 31.8
5.400000 0 201.3 105.0 31.3 32.0
5.433333 0 200.5 104.6 31.4 32.2
5.466667 0 199.6 104.3 31.4 32.3
5.500000 0 198.8 103.9 31.4 32.5
5.533333 0 197.9 103.5 31.5 32.6
5.566667 0 197.0 103.2 31.5 32.8
5.600000 0 196.2 102.8 31.5 32.9
5.633333 0 195.3 102.4 31.6 33.1
5.666667 0 194.5 102.1 31.6 33.3
5.700000 0 193.6 101.7 31.6 33.4
5.733333 0 192.7 101.3 31.7 33.6
5.766667 0 191.9 100.9 31.7 33.7
5.800000 0 191.0 100.6 31.8 33.9
5.833333 0 190.2 100.2 31.8 34.1
5.866667 0 189.3 99.8 31.8 34.2
5.900000 0 188.4 99.5 31.9 34.4
5.933333 0 187.6 99.1 31.9 34.5
5.966667 0 186.7 98.7 31.9 34.7
6.000000 0 185.9 98.4 32.0 34.8
6.033333 0 185.0 98.0 32.0 35.0
6.066667 0 184.1 97.7 32.0 34.9
6.100000 0 183.2 97.3 31.9 34.8
6.133333 0 182.3 97.0 31.9 34.7
6.166667 0 181.4 96.6 31.8 34.6
6.200000 0 180.5 96.3 31.8 34.5
6.233333 0 179.6 95.9 31.7 34.4
6.266667 0 178.7 95.6 31.7 34.3
6.300000 0 177.8 95.2 31.6 34.2
6.333333 0 176.9 94.9 31.6 34.1
6.366667 0 176.0 94.5 31.5 34.0
6.400000 0 175.0 94.2 31.5 34.0
6.433333 0 174.1 93.8 31.4 33.9
6.466667 0 173.2 93.5 31.4 33.8
6.500000 0 172.3 93.1 31.3 33.7
6.533333 0 171.4 92.8 31.3 33.6
6.566667 0 170.5 92.4 31.2 33.5
6.600000 0 169.6 92.1 31.2 33.4
6.633333 0 168.7 91.7 31.1 33.3
6.666667 0 167.8 91.4 31.1 33.2
6.700000 0 166.9 91.0 31.0 33.1
6.733333 0 166.0 90.7 31.0 33.0
6.766667 0 165.1 90.3 31.0 32.9
6.800000 0 164.2 90.0 30.9 32.8
6.833333 0 163.3 89.6 30.9 32.7
6.866667 0 162.4 89.3 30.8 32.6
6.900000 0 161.5 88.9 30.8 32.5
6.933333 0 160.6 88.6 30.7 32.4
6.966667 0 159.7 88.2 30.7 32.3
7.000000 0 158.8 87.9 30.6 32.2
7.033333 0 157.9 87.5 30.6 32.1
7.066667 0 157.0 87.2 30.5 32.0
7.100000 0 156.0 86.8 30.5 32.0
7.133333 0 155.1 86.5 30.4 31.9
7.166667 0 154.2 86.1 30.4 31.8
7.200000 0 153.3 85.8 30.3 31.7
7.233333 0 152.4 85.4 30.3 31.6
7.266667 0 151.5 85.1 30.2 31.5
7.300000 0 150.6 84.7 30.2 31.4
7.333333 0 149.7 84.4 30.1 31.3
7.366667 0 148.8 84.0 30.1 31.2
7.400000 0 147.9 83.7 30.0 31.1
7.433333 0 147.0 83.3 30.0 31.0
7.466667 0 146.1 83.0 30.0 30.9
7.500000 0 145.2 82.6 29.9 30.8
7.533333 0 144.3 82.3 29.9 30.7
7.566667 0 143.4 81.9 29.8 30.6
7.600000 0 142.5 81.6 29.8 30.5
7.633333 0 141.6 81.2 29.7 30.4
7.666667 0 140.7 80.9 29.7 30.3
7.700000 0 139.8 80.5 29.6 30.2
7.733333 0 138.9 80.2 29.6 30.1
7.766667 0 138.0 79.8 29.5 30.0
7.800000 0 137.0 79.5 29.5 30.0
7.833333 0 136.1 79.1 29.4 29.9
7.866667 0 135.2 78.8 29.4 29.8
7.900000 0 134.3 78.4 29.3 29.7
7.933333 0 133.4 78.1 29.3 29.6
7.966667 0 132.5 77.7 29.2 29.5
8.000000 0 131.6 77.4 29.2 29.4
8.033333 0 130.7 77.0 29.1 29.3
8.066667 0 129.8 76.7 29.1 29.2
8.100000 0 128.9 76.3 29.0 29.1
8.133333 0 128.0 76.0 29.0 29.0
8.166667 0 126.9 75.6 29.1 28.9
8.200000 0 125.8 75.1 29.1 28.9
8.233333 0 124.8 74.7 29.2 28.8
8.266667 0 123.7 74.2 29.2 28.8
8.300000 0 122.6 73.8 29.3 28.7
8.333333 0 121.5 73.3 29.4 28.6
8.366667 0 120.4 72.9 29.4 28.6
8.400000 0 119.3 72.4 29.5 28.5
8.433333 0 118.3 72.0 29.6 28.4
8.466667 0 117.2 71.5 29.6 28.4
8.500000 0 116.1 71.1 29.7 28.3
8.533333 0 115.0 70.6 29.7 28.3
8.566667 0 113.9 70.2 29.8 28.2
8.600000 0 112.9 69.7 29.9 28.1
8.633333 0 111.8 69.3 29.9 28.1
8.666667 0 110.7 68.8 30.0 28.0
8.700000 0 109.6 68.4 30.0 28.0
8.733333 0 108.5 67.9 30.1 27.9
8.766667 0 107.4 67.5 30.2 27.8
8.800000 0 106.4 67.0 30.2 27.8
8.833333 0 105.3 66.6 30.3 27.7
8.866667 0 104.2 66.1 30.3 27.7
8.900000 0 103.1 65.7 30.4 27.6
8.933333 0 102.0 65.2 30.5 27.5
8.966667 0 101.0 64.8 30.5 27.5
9.000000 0 99.9 64.3 30.6 27.4
9.033333 0 98.8 63.9 30.7 27.3
9.066667 0 97.7 63.4 30.7 27.3
9.100000 0 96.6 63.0 30.8 27.2
9.133333 0 95.6 62.5 30.8 27.2
9.166667 0 94.5 62.1 30.9 27.1
9.200000 0 93.4 61.6 31.0 27.0
9.233333 0 92.3 61.2 31.0 27.0
9.266667 0 91.2 60.7 31.1 26.9
9.300000 0 90.1 60.3 31.1 26.9
9.333333 0 89.1 59.8 31.2 26.8
9.366667 0 88.0 59.4 31.3 26.7
9.400000 0 86.9 58.9 31.3 26.7
9.433333 0 85.8 58.5 31.4 26.6
9.466667 0 84.7 58.0 31.4 26.6
9.500000 0 83.7 57.6 31.5 26.5
9.533333 0 82.6 57.1 31.6 26.4
9.566667 0 81.5 56.7 31.6 26.4
9.600000 0 80.4 56.2 31.7 26.3
9.633333 0 79.3 55.8 31.8 26.2
9.666667 0 78.2 55.3 31.8 26.2
9.700000 0 77.2 54.9 31.9 26.1
9.733333 0 76.1 54.4 31.9 26.1
9.766667 0 75.0 54.0 32.0 26.0
9.800000 0 74.1 53.5 31.9 26.1
9.833333 0 73.1 53.0 31.9 26.1
9.866667 0 72.2 52.5 31.8 26.2
9.900000 0 71.2 52.0 31.7 26.3
9.933333 0 70.3 51.5 31.7 26.3
9.966667 0 69.4 51.0 31.6 26.4
10.000000 0 68.4 50.5 31.6 26.4
10.033333 0 67.5 50.0 31.5 26.5
10.066667 0 66.6 49.5 31.4 26.6
10.100000 0 65.6 49.0 31.4 26.6
10.133333 0 64.7 48.5 31.3 26.7
10.166667 0 63.7 48.0 31.2 26.8
10.200000 0 62.8 47.5 31.2 26.8
10.233333 0 61.9 47.0 31.1 26.9
10.266667 0 60.9 46.5 31.1 26.9
10.300000 0 60.0 46.0 31.0 27.0
