0.000000 0 313.0 205.0 36.0 24.0
0.033333 0 313.4 204.4 36.1 24.1
0.066667 0 311.5 204.4 36.1 24.1
0.100000 0 309.9 203.4 36.1 24.1
0.133333 0 309.0 203.6 36.1 24.1
0.166667 0 307.9 203.6 36.1 24.1
0.200000 0 306.0 203.3 36.4 24.3
0.233333 0 306.9 203.4 36.1 24.1
0.266667 0 305.0 203.3 36.4 24.3
0.300000 0 303.3 202.5 36.3 24.3
0.333333 0 301.3 202.7 36.3 24.3
0.366667 0 300.6 203.1 36.1 24.1
0.400000 0 299.0 202.4 36.5 24.5
0.433333 0 299.9 202.9 36.4 24.3
0.466667 0 297.2 202.2 36.3 24.2
0.500000 0 296.9 203.0 36.0 24.0
0.533333 0 295.9 201.9 36.4 24.3
0.566667 0 295.9 202.0 36.0 24.0
0.600000 0 294.9 202.6 36.1 24.1
0.633333 0 294.9 202.3 36.2 24.2
0.666667 0 293.6 201.8 36.0 24.1
0.700000 0 292.2 200.8 36.4 24.4
0.733333 0 291.8 201.0 36.0 24.0
0.766667 0 291.7 199.5 36.0 24.1
0.800000 0 290.7 199.1 36.1 24.1
0.833333 0 291.0 199.0 36.2 24.2
0.866667 0 290.3 199.9 36.2 24.2
0.900000 0 289.7 200.6 36.2 24.2
0.933333 0 287.8 200.4 36.3 24.3
0.966667 0 287.2 200.6 36.3 24.3
1.000000 0 286.6 200.5 36.1 24.1
1.033333 0 287.0 200.6 36.3 24.3
1.066667 0 285.4 200.6 36.1 24.1
1.100000 0 285.0 201.1 36.2 24.1
1.133333 0 284.5 200.9 36.1 24.0
1.166667 0 283.5 200.9 36.1 24.0
1.200000 0 282.1 201.5 36.3 24.2
1.233333 0 282.6 201.3 36.1 24.2
1.266667 0 281.1 200.1 36.3 24.2
1.300000 0 279.9 199.8 36.3 24.3
1.333333 0 279.9 200.0 36.2 24.1
1.366667 0 279.3 199.1 36.2 24.2
1.400000 0 278.0 198.4 36.2 24.2
1.433333 0 278.7 198.5 36.0 24.1
1.466667 0 277.8 200.5 36.0 24.1
1.500000 0 277.8 200.1 36.1 24.1
1.533333 0 276.1 198.5 36.2 24.1
1.566667 0 275.5 198.3 36.2 24.2
1.600000 0 275.3 198.1 36.2 24.2
1.633333 0 275.5 198.4 36.1 24.1
1.666667 0 273.9 196.6 36.1 24.1
1.700000 0 273.6 196.2 36.1 24.2
1.733333 0 273.4 194.8 36.1 24.1
1.766667 0 272.4 193.3 36.2 24.2
1.800000 0 273.0 194.7 35.9 24.0
1.833333 0 272.5 194.1 36.1 24.2
1.866667 0 273.1 192.5 36.2 24.1
1.900000 0 272.3 191.5 36.1 24.1
1.933333 0 272.9 193.6 35.9 24.0
1.966667 0 273.1 192.1 36.3 24.2
2.000000 0 272.9 191.6 35.9 24.0
2.033333 0 273.0 191.1 36.3 24.2
2.066667 0 273.0 192.5 36.4 24.3
2.100000 0 273.0 191.6 36.4 24.3
2.133333 0 272.0 192.7 36.4 24.4
2.166667 0 272.3 192.3 36.3 24.2
2.200000 0 272.1 190.2 36.3 24.2
2.233333 0 272.5 191.0 36.1 24.1
2.266667 0 271.3 192.2 36.2 24.2
2.300000 0 271.5 191.5 36.1 24.1
2.333333 0 269.9 190.3 36.2 24.2
2.366667 0 269.3 192.5 36.1 24.1
2.400000 0 270.8 191.8 35.9 24.0
2.433333 0 270.0 192.5 36.1 24.1
2.466667 0 269.8 191.4 36.0 24.1
2.500000 0 268.9 192.7 35.9 24.0
2.533333 0 268.9 191.7 36.0 24.1
2.566667 0 267.9 192.2 36.1 24.1
2.600000 0 267.3 192.5 36.1 24.1
2.633333 0 267.3 192.5 36.1 24.1
2.666667 0 267.0 191.4 36.1 24.1
2.700000 0 266.0 191.5 36.1 24.1
2.733333 0 265.9 193.0 35.8 23.9
2.766667 0 265.9 191.9 35.8 23.9
2.800000 0 264.5 192.1 36.1 24.1
2.833333 0 265.1 191.6 36.3 24.3
2.866667 0 264.1 192.6 36.2 24.2
2.900000 0 264.0 191.8 36.2 24.2
2.933333 0 262.3 191.3 36.1 24.2
2.966667 0 259.9 192.7 35.9 23.9
3.000000 0 254.7 193.4 36.0 24.1
3.033333 0 257.2 193.1 36.1 24.1
3.066667 0 252.0 193.6 36.0 24.0
3.100000 0 250.2 194.2 36.2 24.2
3.133333 0 247.8 194.8 35.9 24.0
3.166667 0 245.0 194.8 36.0 24.0
3.200000 0 242.3 195.8 36.0 24.0
3.233333 0 243.6 195.4 36.0 24.1
3.266667 0 242.1 194.8 36.0 24.1
3.300000 0 240.4 193.4 36.1 24.1
3.333333 0 238.9 194.9 35.9 24.0
3.366667 0 237.1 195.6 36.1 24.1
3.400000 0 235.6 194.6 35.9 24.0
3.433333 0 236.0 195.6 36.0 24.0
3.466667 0 234.5 193.9 35.9 24.0
3.500000 0 233.0 195.1 36.1 24.1
3.533333 0 230.4 195.2 36.1 24.2
3.566667 0 228.8 195.5 35.9 24.1
3.600000 0 228.6 195.4 36.0 24.1
3.633333 0 229.0 195.9 35.8 23.9
3.666667 0 227.1 196.4 36.2 24.1
3.700000 0 223.9 199.2 36.1 24.2
3.733333 0 223.2 197.2 36.2 24.2
3.766667 0 222.2 195.9 36.2 24.2
3.800000 0 221.3 196.7 36.1 24.1
3.833333 0 221.6 196.4 36.0 24.1
3.866667 0 220.2 197.1 36.2 24.1
3.900000 0 218.5 196.5 36.0 24.1
3.933333 0 218.0 196.1 36.1 24.1
3.966667 0 217.7 194.3 36.0 24.2
4.000000 0 215.8 196.9 35.7 23.9
4.033333 0 216.9 195.3 36.1 24.2
4.066667 0 215.9 195.2 36.1 24.2
4.100000 0 216.5 193.5 36.0 24.1
4.133333 0 216.1 194.2 36.2 24.2
4.166667 0 216.0 193.3 36.2 24.2
4.200000 0 214.5 193.9 35.9 23.9
4.233333 0 215.8 193.8 35.8 23.9
4.266667 0 212.9 191.9 35.8 23.9
4.300000 0 212.0 191.0 36.0 24.1
4.333333 0 211.9 192.6 35.8 24.0
4.366667 0 212.0 189.9 35.7 23.9
4.400000 0 212.0 193.1 36.1 24.1
4.433333 0 212.5 190.3 36.0 24.1
4.466667 0 212.9 192.0 35.9 24.0
4.500000 0 213.2 190.8 36.1 24.1
4.533333 0 215.2 195.0 36.1 24.1
4.566667 0 215.0 194.1 36.1 24.1
4.600000 0 218.8 196.3 35.9 24.1
4.633333 0 215.5 194.2 36.0 24.2
4.666667 0 232.2 194.9 36.0 24.0
4.700000 0 240.0 190.9 35.7 23.9
4.733333 0 241.3 195.0 36.0 24.0
4.766667 0 250.7 194.2 36.0 24.2
4.800000 0 254.9 192.2 36.0 24.2
4.833333 0 253.9 192.2 35.9 24.2
4.866667 0 256.7 197.1 35.9 24.1
4.900000 0 270.2 194.6 36.0 24.0
4.933333 0 276.2 190.7 36.1 24.1
4.966667 0 276.5 195.8 35.8 23.9
5.000000 0 286.2 194.6 36.0 24.0
5.033333 0 280.0 197.0 35.8 24.0
5.066667 0 292.0 190.1 36.0 24.0
5.100000 0 291.5 194.2 36.1 24.2
5.133333 0 294.2 196.1 36.1 24.1
5.166667 0 300.0 192.3 36.1 24.2
5.200000 0 301.9 193.9 35.7 23.9
5.233333 0 300.9 192.7 35.8 23.9
5.266667 0 306.7 194.2 36.0 24.2
5.300000 0 311.2 192.5 36.2 24.1
5.333333 0 310.8 194.5 35.9 24.1
5.366667 0 310.8 194.4 35.9 24.1
5.400000 0 310.0 194.2 36.2 24.2
5.433333 0 310.7 194.2 36.0 24.2
5.466667 0 309.0 194.1 36.2 24.2
5.500000 0 309.7 193.3 36.0 24.2
5.533333 0 319.3 191.3 36.2 24.2
5.566667 0 327.0 189.3 36.3 24.2
5.600000 0 327.0 189.5 36.3 24.3
5.633333 0 327.7 189.6 36.0 24.0
5.666667 0 325.6 190.2 36.1 24.2
5.700000 0 324.1 191.3 36.4 24.3
5.733333 0 323.9 190.8 36.5 24.5
5.766667 0 328.6 190.2 36.1 24.2
5.800000 0 332.7 189.8 36.0 24.1
5.833333 0 331.5 189.8 36.1 24.1
5.866667 0 330.8 189.7 36.3 24.3
5.900000 0 329.8 190.1 36.1 24.1
5.933333 0 327.7 190.4 36.1 24.1
5.966667 0 328.7 189.7 36.0 24.0
6.000000 0 332.9 189.4 36.2 24.2
6.033333 0 329.9 189.9 36.2 24.2
6.066667 0 335.0 188.7 36.5 24.5
6.100000 0 334.0 190.4 36.5 24.5
6.133333 0 339.9 192.4 36.2 24.1
6.166667 0 345.9 189.0 36.5 24.4
6.200000 0 339.9 189.4 36.6 24.6
6.233333 0 343.6 188.9 36.1 24.1
6.266667 0 333.1 190.5 36.5 24.5
6.300000 0 328.9 191.2 36.4 24.3
6.333333 0 326.7 191.2 36.2 24.2
6.366667 0 322.3 193.5 36.2 24.2
6.400000 0 313.2 196.0 36.4 24.3
6.433333 0 317.9 195.0 36.5 24.3
6.466667 0 305.2 195.8 36.4 24.3
6.500000 0 300.7 195.9 36.0 24.0
6.533333 0 295.1 195.6 36.5 24.5
6.566667 0 287.8 198.1 36.1 24.1
6.600000 0 280.6 203.6 36.0 24.0
6.633333 0 282.7 201.8 35.9 24.0
6.666667 0 279.3 200.1 36.2 24.2
6.700000 0 277.8 197.5 36.1 24.1
6.733333 0 275.9 200.1 36.4 24.3
6.766667 0 273.9 200.2 36.4 24.3
6.800000 0 272.6 198.3 36.1 24.2
6.833333 0 273.6 199.1 36.1 24.2
6.866667 0 271.8 199.6 36.1 24.1
6.900000 0 270.2 199.8 36.3 24.3
6.933333 0 268.5 198.3 36.2 24.2
6.966667 0 267.5 199.1 36.2 24.2
7.000000 0 265.8 199.6 36.0 24.0
7.033333 0 266.8 199.6 36.0 24.0
7.066667 0 263.9 198.2 36.5 24.3
7.100000 0 263.6 198.7 36.1 24.1
7.133333 0 261.8 197.8 36.3 24.3
7.166667 0 259.8 196.2 36.2 24.2
7.200000 0 257.8 198.0 36.0 24.0
7.233333 0 258.0 196.8 36.4 24.4
7.266667 0 256.2 197.5 36.3 24.2
7.300000 0 254.3 196.3 36.3 24.3
7.333333 0 251.9 197.6 36.5 24.5
7.366667 0 251.6 197.0 36.0 24.0
7.400000 0 250.9 192.8 36.4 24.3
7.433333 0 251.0 194.3 36.4 24.3
7.466667 0 249.1 192.8 36.4 24.3
7.500000 0 246.9 186.5 36.3 24.3
7.533333 0 249.1 190.1 36.4 24.3
7.566667 0 244.9 194.7 36.0 24.0
7.600000 0 246.5 193.9 36.1 24.1
7.633333 0 244.7 193.7 36.0 24.0
7.666667 0 246.7 193.7 36.0 24.0
7.700000 0 246.3 194.8 36.2 24.2
7.733333 0 246.3 195.4 36.2 24.2
7.766667 0 245.0 188.9 36.5 24.4
7.800000 0 244.8 188.8 36.0 24.1
7.833333 0 244.8 187.7 36.3 24.3
7.866667 0 243.6 190.2 36.2 24.2
7.900000 0 239.9 187.8 36.4 24.3
7.933333 0 238.7 189.9 35.9 23.9
7.966667 0 235.7 190.6 36.0 24.0
8.000000 0 232.5 197.6 36.1 24.1
8.033333 0 233.5 193.8 36.1 24.1
8.066667 0 229.4 197.2 36.2 24.3
8.100000 0 228.4 194.3 36.2 24.2
8.133333 0 227.5 196.1 36.2 24.2
8.166667 0 225.8 191.6 36.0 24.1
8.200000 0 225.0 194.8 36.4 24.4
8.233333 0 225.7 192.4 36.1 24.1
8.266667 0 223.9 193.5 36.5 24.5
8.300000 0 224.6 185.1 36.1 24.1
8.333333 0 222.8 186.3 36.2 24.1
8.366667 0 220.0 188.5 36.5 24.5
8.400000 0 217.9 188.0 36.4 24.3
8.433333 0 218.8 188.1 36.3 24.2
8.466667 0 216.3 188.1 36.3 24.2
8.500000 0 212.0 189.4 36.7 24.7
8.533333 0 208.4 196.9 36.3 24.3
8.566667 0 206.7 196.5 36.2 24.2
8.600000 0 205.8 191.8 36.1 24.2
8.633333 0 206.0 193.5 36.6 24.6
8.666667 0 203.2 194.4 36.4 24.4
8.700000 0 201.7 196.1 36.1 24.1
8.733333 0 200.8 192.4 36.5 24.5
8.766667 0 198.7 193.6 36.5 24.6
8.800000 0 196.8 194.5 36.8 24.8
8.833333 0 197.9 194.4 36.7 24.8
8.866667 0 195.7 192.6 36.5 24.5
8.900000 0 194.0 192.9 36.6 24.5
8.933333 0 192.5 194.3 36.2 24.1
8.966667 0 190.9 192.3 36.7 24.7
9.000000 0 190.7 192.6 36.1 24.2
9.033333 0 190.7 192.2 36.1 24.1
9.066667 0 187.7 192.4 36.3 24.3
9.100000 0 187.7 192.2 36.7 24.7
9.133333 0 189.7 190.7 36.6 24.7
9.166667 0 190.7 187.9 36.4 24.4
9.200000 0 194.1 185.2 36.7 24.6
9.233333 0 193.0 186.3 36.8 24.8
9.266667 0 192.5 185.9 36.4 24.4
9.300000 0 194.6 185.4 37.0 25.0
9.333333 0 196.6 185.4 37.0 25.0
9.366667 0 197.9 184.2 36.9 24.9
9.400000 0 201.3 182.2 36.7 24.7
9.433333 0 200.3 183.3 36.6 24.6
9.466667 0 200.0 183.1 36.9 24.8
9.500000 0 199.7 181.8 37.0 24.9
9.533333 0 205.6 181.5 36.9 25.0
9.566667 0 214.7 176.7 37.1 25.0
9.600000 0 218.5 175.0 37.2 25.2
9.633333 0 217.4 175.7 36.6 24.6
9.666667 0 224.5 177.1 36.9 24.9
9.700000 0 233.1 174.7 36.8 24.8
9.733333 0 236.3 175.4 37.0 25.1
9.766667 0 248.7 175.0 37.1 25.0
9.800000 0 256.3 173.2 36.9 24.9
9.833333 0 254.5 173.7 36.9 24.9
9.866667 0 255.5 175.1 37.0 25.0
9.900000 0 261.5 177.0 37.1 25.1
9.933333 0 269.5 174.1 36.3 24.3
9.966667 0 269.6 174.0 37.3 25.3
10.000000 0 272.3 176.2 36.9 25.0
10.033333 0 270.2 175.9 36.8 24.8
10.066667 0 274.0 174.1 36.9 25.0
10.100000 0 272.5 174.9 37.5 25.5
10.133333 0 274.4 177.3 37.5 25.5
10.166667 0 276.9 175.0 37.5 25.6
10.200000 0 276.3 174.9 37.8 25.9
10.233333 0 276.7 174.7 37.4 25.4
10.266667 0 275.6 176.7 37.4 25.3
10.300000 0 272.5 175.4 37.4 25.4
10.333333 0 271.5 174.4 37.5 25.5
10.366667 0 271.2 175.9 37.5 25.5
10.400000 0 274.2 174.7 37.9 25.9
10.433333 0 271.2 175.7 37.9 25.9
10.466667 0 277.5 175.7 37.8 25.8
10.500000 0 281.1 175.6 37.5 25.4
10.533333 0 286.4 173.6 37.8 25.7
10.566667 0 286.8 175.6 37.8 25.9
10.600000 0 286.9 176.1 38.0 26.0
10.633333 0 286.7 176.7 37.7 25.7
10.666667 0 292.0 173.4 38.1 26.0
10.700000 0 295.0 173.6 38.0 26.0
10.733333 0 298.0 173.7 37.4 25.4
10.766667 0 300.4 173.5 37.9 25.8
10.800000 0 300.4 174.7 37.9 25.9
10.833333 0 300.8 173.8 38.0 26.1
10.866667 0 299.6 175.0 37.8 25.9
