0.000000 0 388.0 341.0 48.0 31.0
0.033333 0 379.0 339.5 65.6 35.4
0.066667 0 379.4 339.6 65.4 35.3
0.100000 0 379.6 339.5 65.5 35.3
0.133333 0 379.6 339.4 65.6 35.4
0.166667 0 379.8 339.4 65.7 35.5
0.200000 0 380.0 339.3 65.7 35.5
0.233333 0 380.4 339.4 65.4 35.3
0.266667 0 380.4 339.3 65.4 35.4
0.300000 0 380.6 339.2 65.6 35.4
0.333333 0 380.7 339.2 65.6 35.4
0.366667 0 380.8 339.1 65.7 35.5
0.400000 0 380.9 339.1 65.6 35.2
0.433333 0 381.3 339.2 65.4 35.1
0.466667 0 381.6 339.2 65.4 35.1
0.500000 0 381.7 339.1 65.6 35.2
0.533333 0 381.8 339.1 65.7 35.4
0.566667 0 381.9 339.0 65.7 35.4
0.600000 0 382.4 339.1 65.5 35.2
0.633333 0 382.6 339.0 65.5 35.2
0.666667 0 382.7 339.0 65.6 35.2
0.700000 0 382.8 339.0 65.7 35.3
0.733333 0 382.9 339.0 65.7 35.3
0.766667 0 383.4 339.0 65.4 35.1
0.800000 0 383.5 339.0 65.4 35.0
0.833333 0 383.7 339.0 65.5 35.1
0.866667 0 383.8 339.0 65.6 35.1
0.900000 0 384.0 339.0 65.6 35.1
0.933333 0 384.1 338.9 65.6 35.1
0.966667 0 384.5 338.9 65.4 35.0
1.000000 0 384.5 338.9 65.4 35.0
1.033333 0 384.7 338.8 65.6 35.1
1.066667 0 384.8 338.8 65.7 35.2
1.100000 0 385.0 338.7 65.6 35.2
1.133333 0 385.2 338.7 65.5 35.1
1.166667 0 385.5 338.7 65.5 35.1
1.200000 0 385.7 338.6 65.5 35.2
1.233333 0 385.8 338.6 65.7 35.3
1.266667 0 386.0 338.6 65.6 35.1
1.300000 0 386.4 338.6 65.4 35.0
1.333333 0 386.5 338.6 65.4 35.1
1.366667 0 386.7 338.5 65.6 35.2
1.400000 0 386.9 338.5 65.7 35.2
1.433333 0 386.9 338.3 65.7 35.2
1.466667 0 387.4 338.4 65.5 35.1
1.500000 0 387.5 338.6 65.4 34.9
1.533333 0 387.7 338.5 65.5 35.0
1.566667 0 387.8 338.3 65.6 35.1
1.600000 0 388.1 338.4 65.5 35.0
1.633333 0 388.2 338.5 65.5 35.0
1.666667 0 388.6 338.5 65.4 34.9
1.700000 0 388.7 338.5 65.4 34.9
1.733333 0 388.8 338.4 65.6 35.0
1.766667 0 388.8 338.4 65.7 35.0
1.800000 0 389.2 338.4 65.4 34.7
1.833333 0 389.4 338.4 65.3 34.8
1.866667 0 389.7 338.4 65.5 34.9
1.900000 0 389.8 338.3 65.5 34.9
1.933333 0 390.0 338.3 65.6 35.0
1.966667 0 390.4 338.3 65.3 34.8
2.000000 0 390.6 338.3 65.4 34.7
2.033333 0 390.8 338.2 65.5 34.9
2.066667 0 390.9 338.2 65.6 34.9
2.100000 0 391.1 338.3 65.5 34.9
2.133333 0 391.5 338.3 65.3 34.7
2.166667 0 391.6 338.3 65.3 34.7
2.200000 0 391.8 338.2 65.5 34.8
2.233333 0 391.9 338.2 65.6 34.9
2.266667 0 392.3 338.3 65.4 34.8
2.300000 0 392.6 338.2 65.3 34.8
2.333333 0 392.7 338.1 65.5 34.9
2.366667 0 392.8 338.1 65.6 35.0
2.400000 0 393.1 338.1 65.6 35.0
2.433333 0 393.2 338.1 65.5 35.0
2.466667 0 393.5 338.1 65.4 35.0
2.500000 0 393.7 338.1 65.4 35.0
2.533333 0 393.8 338.0 65.6 35.1
2.566667 0 394.0 338.1 65.5 35.0
2.600000 0 394.4 338.1 65.4 35.0
2.633333 0 394.5 338.0 65.5 35.1
2.666667 0 394.7 338.0 65.6 35.1
2.700000 0 394.9 338.0 65.7 35.2
2.733333 0 395.1 338.0 65.5 35.1
2.766667 0 395.5 338.0 65.5 35.1
2.800000 0 395.6 338.0 65.6 35.2
2.833333 0 395.7 338.0 65.7 35.3
2.866667 0 395.8 338.0 65.7 35.3
2.900000 0 396.2 338.0 65.5 35.2
2.933333 0 396.5 338.0 65.5 35.2
2.966667 0 396.6 338.0 65.6 35.3
3.000000 0 396.8 337.9 65.8 35.4
3.033333 0 397.0 338.0 65.7 35.3
3.066667 0 397.4 338.1 65.5 35.2
3.100000 0 397.6 338.1 65.6 35.2
3.133333 0 397.7 338.0 65.8 35.4
3.166667 0 397.9 338.0 65.8 35.4
3.200000 0 398.2 338.1 65.6 35.2
3.233333 0 398.4 338.1 65.6 35.2
3.266667 0 398.6 338.1 65.7 35.3
3.300000 0 398.8 338.1 65.8 35.4
3.333333 0 399.0 338.1 65.7 35.4
3.366667 0 399.2 338.1 65.6 35.3
3.400000 0 399.6 338.3 65.6 35.1
3.433333 0 399.7 338.2 65.7 35.3
3.466667 0 399.8 338.3 65.8 35.3
3.500000 0 400.2 338.3 65.6 35.2
3.533333 0 400.4 338.3 65.6 35.3
3.566667 0 400.5 338.3 65.7 35.3
3.600000 0 400.7 338.3 65.8 35.4
3.633333 0 400.9 338.3 65.8 35.3
3.666667 0 401.4 338.6 65.6 35.1
3.700000 0 401.6 338.5 65.6 35.2
3.733333 0 401.7 338.5 65.8 35.3
3.766667 0 401.9 338.5 65.8 35.3
3.800000 0 402.3 338.7 65.6 35.1
3.833333 0 402.5 338.7 65.6 35.1
3.866667 0 402.7 338.7 65.7 35.1
3.900000 0 403.0 338.8 65.7 35.0
3.933333 0 403.1 338.8 65.6 35.0
3.966667 0 403.4 338.7 65.6 35.0
4.000000 0 403.7 338.8 65.7 35.0
4.033333 0 403.8 338.8 65.7 35.1
4.066667 0 404.1 339.0 65.6 34.8
4.100000 0 404.6 339.0 65.5 34.7
4.133333 0 404.8 339.1 65.6 34.8
4.166667 0 405.0 339.0 65.7 34.8
4.200000 0 405.4 339.2 65.4 34.6
4.233333 0 405.7 339.3 65.4 34.5
4.266667 0 406.0 339.3 65.6 34.7
4.300000 0 406.1 339.4 65.6 34.7
4.333333 0 406.5 339.5 65.4 34.6
4.366667 0 406.7 339.5 65.6 34.7
4.400000 0 406.9 339.4 65.7 34.7
4.433333 0 407.2 339.6 65.6 34.6
4.466667 0 407.5 339.6 65.5 34.6
4.500000 0 407.6 339.6 65.6 34.8
4.533333 0 407.8 339.7 65.7 34.8
4.566667 0 408.2 339.8 65.6 34.6
4.600000 0 408.4 339.8 65.6 34.8
4.633333 0 408.7 339.8 65.7 34.8
4.666667 0 408.9 339.9 65.7 34.8
4.700000 0 409.2 340.1 65.6 34.5
4.733333 0 409.6 340.1 65.5 34.5
4.766667 0 409.7 340.1 65.6 34.6
4.800000 0 409.9 340.1 65.7 34.7
4.833333 0 410.1 340.3 65.6 34.6
4.866667 0 410.5 340.3 65.5 34.6
4.900000 0 410.7 340.3 65.6 34.6
4.933333 0 410.9 340.3 65.6 34.7
4.966667 0 411.4 340.3 65.5 34.5
5.000000 0 411.7 340.5 65.4 34.4
5.033333 0 411.9 340.3 65.7 34.6
5.066667 0 412.1 340.3 65.6 34.6
5.100000 0 412.5 340.4 65.5 34.6
5.133333 0 412.7 340.4 65.6 34.6
5.166667 0 413.0 340.6 65.6 34.4
5.200000 0 413.2 340.5 65.6 34.5
5.233333 0 413.3 340.6 65.5 34.5
5.266667 0 413.8 340.8 65.5 34.3
5.300000 0 414.0 340.6 65.7 34.5
5.333333 0 414.3 340.6 65.5 34.6
5.366667 0 414.6 340.7 65.5 34.5
5.400000 0 414.9 340.7 65.6 34.4
5.433333 0 415.0 340.9 65.6 34.5
5.466667 0 415.5 340.9 65.5 34.5
5.500000 0 415.7 340.9 65.5 34.5
5.533333 0 415.8 340.9 65.7 34.6
5.566667 0 416.1 340.9 65.7 34.6
5.600000 0 416.5 341.1 65.5 34.5
5.633333 0 416.7 341.1 65.5 34.5
5.666667 0 416.9 341.1 65.7 34.5
5.700000 0 417.1 341.1 65.6 34.5
5.733333 0 417.6 341.1 65.5 34.4
5.766667 0 417.9 341.3 65.6 34.3
5.800000 0 418.0 341.2 65.7 34.4
5.833333 0 418.5 341.2 65.5 34.3
5.866667 0 418.7 341.3 65.5 34.4
5.900000 0 418.9 341.2 65.7 34.4
5.933333 0 419.2 341.2 65.6 34.4
5.966667 0 419.6 341.4 65.4 34.2
6.000000 0 419.9 341.4 65.5 34.2
6.033333 0 420.3 341.4 65.5 34.3
6.066667 0 420.5 341.4 65.4 34.2
6.100000 0 420.8 341.4 65.6 34.4
6.133333 0 421.2 341.4 65.7 34.5
6.166667 0 421.5 341.4 65.6 34.4
6.200000 0 421.7 341.4 65.6 34.5
6.233333 0 421.9 341.3 65.7 34.5
6.266667 0 422.3 341.3 65.7 34.6
6.300000 0 422.7 341.3 65.6 34.5
6.333333 0 422.9 341.3 65.9 34.7
6.366667 0 423.2 341.3 65.8 34.6
6.400000 0 423.6 341.3 65.7 34.6
6.433333 0 423.7 341.4 65.9 34.7
6.466667 0 424.3 341.4 65.8 34.7
6.500000 0 424.6 341.4 65.8 34.7
6.533333 0 424.7 341.3 66.0 34.9
6.566667 0 425.2 341.3 66.0 34.8
6.600000 0 425.3 341.3 66.1 35.1
6.633333 0 425.7 341.2 66.1 35.1
6.666667 0 425.9 341.3 66.1 35.0
6.700000 0 426.4 341.3 66.0 35.0
6.733333 0 426.6 341.2 66.0 35.0
6.766667 0 427.1 341.2 66.1 35.1
6.800000 0 427.5 341.2 66.2 35.2
6.833333 0 427.8 341.2 66.3 35.3
6.866667 0 428.3 341.3 66.2 35.2
6.900000 0 428.4 341.3 66.3 35.3
6.933333 0 428.9 341.2 66.3 35.4
6.966667 0 429.1 341.2 66.2 35.3
7.000000 0 429.5 341.2 66.4 35.4
7.033333 0 429.9 341.2 66.4 35.5
7.066667 0 430.3 341.3 66.2 35.3
7.100000 0 430.5 341.2 66.4 35.5
7.133333 0 430.8 341.3 66.4 35.4
7.166667 0 431.4 341.4 66.2 35.3
7.200000 0 431.6 341.3 66.4 35.4
7.233333 0 431.8 341.4 66.4 35.4
7.266667 0 432.4 341.4 66.3 35.3
7.300000 0 432.5 341.3 66.5 35.5
7.333333 0 433.0 341.3 66.5 35.5
7.366667 0 433.3 341.4 66.3 35.4
7.400000 0 433.6 341.4 66.5 35.5
7.433333 0 433.9 341.4 66.5 35.5
7.466667 0 434.3 341.5 66.1 35.1
7.500000 0 434.6 341.5 66.4 35.4
7.533333 0 435.2 341.6 66.2 35.2
7.566667 0 435.4 341.6 66.2 35.2
7.600000 0 435.8 341.6 66.3 35.2
7.633333 0 436.1 341.5 66.3 35.2
7.666667 0 436.5 341.6 66.3 35.1
7.700000 0 437.0 341.5 66.3 35.2
7.733333 0 437.3 341.5 66.2 35.2
7.766667 0 437.7 341.5 66.4 35.2
7.800000 0 438.2 341.5 66.3 35.1
7.833333 0 438.4 341.6 66.3 35.1
7.866667 0 438.9 341.5 66.4 35.1
7.900000 0 439.2 341.5 66.3 35.1
7.933333 0 439.6 341.4 66.4 35.2
7.966667 0 439.9 341.4 66.4 35.2
8.000000 0 440.4 341.4 66.3 35.2
8.033333 0 440.6 341.4 66.5 35.2
8.066667 0 441.2 341.4 66.3 35.2
8.100000 0 441.5 341.4 66.5 35.2
8.133333 0 441.8 341.4 66.5 35.2
8.166667 0 442.4 341.5 66.4 35.1
8.200000 0 442.6 341.4 66.5 35.2
8.233333 0 443.2 341.4 66.3 35.2
8.266667 0 443.5 341.3 66.6 35.4
8.300000 0 444.2 341.4 66.3 35.2
8.333333 0 444.4 341.3 66.5 35.3
8.366667 0 444.9 341.3 66.6 35.4
8.400000 0 445.2 341.3 66.4 35.3
8.433333 0 445.9 341.2 66.6 35.4
8.466667 0 446.4 341.2 66.6 35.5
8.500000 0 447.0 341.2 66.5 35.4
8.533333 0 447.3 341.1 66.6 35.5
8.566667 0 447.8 341.1 66.7 35.5
8.600000 0 448.1 341.1 66.5 35.4
8.633333 0 448.5 341.0 66.8 35.6
8.666667 0 448.9 341.1 66.7 35.5
8.700000 0 449.3 341.0 66.8 35.6
8.733333 0 449.6 341.1 66.8 35.6
8.766667 0 450.2 341.0 66.8 35.7
8.800000 0 450.4 341.0 66.9 35.7
8.833333 0 451.1 341.1 66.7 35.6
8.866667 0 451.2 341.0 66.9 35.7
8.900000 0 451.9 341.0 66.8 35.7
8.933333 0 452.2 341.0 66.8 35.8
8.966667 0 452.7 340.9 67.0 35.8
9.000000 0 453.2 340.9 67.0 35.9
9.033333 0 453.4 340.9 67.1 36.0
9.066667 0 454.1 340.9 67.0 35.9
9.100000 0 454.7 340.9 67.1 35.9
9.133333 0 455.0 340.9 67.0 36.0
9.166667 0 455.4 340.9 67.2 36.0
9.200000 0 456.1 340.9 67.1 36.0
9.233333 0 456.7 340.9 67.1 36.0
9.266667 0 457.0 340.9 67.1 36.1
9.300000 0 457.7 340.9 67.1 36.0
9.333333 0 458.0 340.9 67.1 36.0
9.366667 0 458.1 340.9 67.2 36.1
9.400000 0 459.0 340.9 67.1 36.0
9.433333 0 459.1 340.9 67.3 36.1
9.466667 0 459.9 341.0 67.0 35.9
9.500000 0 460.1 340.9 67.2 36.0
9.533333 0 460.9 341.0 67.0 35.9
9.566667 0 461.0 341.0 67.2 36.0
9.600000 0 461.6 341.0 67.2 36.0
9.633333 0 462.2 341.0 67.4 36.1
9.666667 0 462.7 341.0 67.1 35.8
9.700000 0 463.2 341.0 67.3 35.9
9.733333 0 464.0 341.0 67.2 35.8
9.766667 0 464.2 341.0 67.4 35.9
9.800000 0 465.0 341.2 67.1 35.7
9.833333 0 465.2 341.1 67.3 35.8
9.866667 0 466.0 341.1 67.2 35.7
9.900000 0 466.2 341.1 67.3 35.7
9.933333 0 467.0 341.2 67.1 35.6
9.966667 0 467.2 341.1 67.3 35.7
10.000000 0 468.0 341.2 67.0 35.5
10.033333 0 468.7 341.2 67.1 35.5
10.066667 0 469.0 341.2 67.0 35.4
10.100000 0 469.8 341.2 67.0 35.4
10.133333 0 470.0 341.2 67.1 35.5
10.166667 0 470.8 341.2 67.0 35.4
10.200000 0 471.0 341.2 67.2 35.5
10.233333 0 471.3 341.1 67.3 35.5
10.266667 0 472.1 341.1 67.2 35.4
10.300000 0 473.0 341.2 67.0 35.3
10.333333 0 473.2 341.1 67.2 35.4
10.366667 0 474.0 341.1 67.0 35.2
10.400000 0 474.8 341.1 67.0 35.2
10.433333 0 475.0 341.1 67.0 35.2
10.466667 0 475.9 341.1 66.9 35.2
10.500000 0 476.1 341.0 67.2 35.3
10.533333 0 477.0 341.1 67.0 35.1
10.566667 0 477.7 341.1 67.0 35.0
10.600000 0 478.3 341.0 67.2 35.1
10.633333 0 478.9 341.1 66.9 35.0
10.666667 0 479.2 341.0 67.1 35.1
10.700000 0 388.0 480.0 341.0 341.0
10.700000 0 48.0 67.0 31.0 35.0
