0.000000 0 286.0 340.0 58.0 57.0
0.033333 0 286.5 339.5 58.0 57.2
0.066667 0 286.9 339.1 58.0 57.3
0.100000 0 287.4 338.6 58.0 57.5
0.133333 0 287.9 338.1 58.0 57.6
0.166667 0 288.4 337.6 58.0 57.8
0.200000 0 288.8 337.2 58.0 57.9
0.233333 0 289.3 336.7 58.0 58.1
0.266667 0 289.8 336.2 58.0 58.3
0.300000 0 290.3 335.7 58.0 58.4
0.333333 0 290.7 335.3 58.0 58.6
0.366667 0 291.2 334.8 58.0 58.7
0.400000 0 291.7 334.3 58.0 58.9
0.433333 0 292.2 333.8 58.0 59.1
0.466667 0 292.6 333.4 58.0 59.2
0.500000 0 293.1 332.9 58.0 59.4
0.533333 0 293.6 332.4 58.0 59.5
0.566667 0 294.1 331.9 58.0 59.7
0.600000 0 294.5 331.5 58.0 59.8
0.633333 0 295.0 331.0 58.0 60.0
0.666667 0 295.5 330.5 58.0 60.2
0.700000 0 295.9 330.1 58.0 60.3
0.733333 0 296.4 329.6 58.0 60.5
0.766667 0 296.9 329.1 58.0 60.6
0.800000 0 297.4 328.6 58.0 60.8
0.833333 0 297.8 328.2 58.0 60.9
0.866667 0 298.3 327.7 58.0 61.1
0.900000 0 298.8 327.2 58.0 61.3
0.933333 0 299.3 326.7 58.0 61.4
0.966667 0 299.7 326.3 58.0 61.6
1.000000 0 300.2 325.8 58.0 61.7
1.033333 0 300.7 325.3 58.0 61.9
1.066667 0 301.2 324.8 58.0 62.1
1.100000 0 301.6 324.4 58.0 62.2
1.133333 0 302.1 323.9 58.0 62.4
1.166667 0 302.6 323.4 58.0 62.5
1.200000 0 303.1 322.9 58.0 62.7
1.233333 0 303.5 322.5 58.0 62.8
1.266667 0 304.0 322.0 58.0 63.0
1.300000 0 304.4 321.5 58.1 62.9
1.333333 0 304.8 321.0 58.2 62.9
1.366667 0 305.2 320.5 58.3 62.8
1.400000 0 305.6 320.0 58.5 62.8
1.433333 0 306.0 319.5 58.6 62.7
1.466667 0 306.4 319.0 58.7 62.7
1.500000 0 306.8 318.5 58.8 62.6
1.533333 0 307.2 318.0 58.9 62.5
1.566667 0 307.6 317.5 59.0 62.5
1.600000 0 308.0 317.0 59.2 62.4
1.633333 0 308.4 316.5 59.3 62.4
1.666667 0 308.8 316.0 59.4 62.3
1.700000 0 309.3 315.5 59.5 62.2
1.733333 0 309.7 315.0 59.6 62.2
1.766667 0 310.1 314.5 59.7 62.1
1.800000 0 310.5 314.0 59.8 62.1
1.833333 0 310.9 313.5 60.0 62.0
1.866667 0 311.3 313.0 60.1 62.0
1.900000 0 311.7 312.5 60.2 61.9
1.933333 0 312.1 312.0 60.3 61.8
1.966667 0 312.5 311.5 60.4 61.8
2.000000 0 312.9 311.0 60.5 61.7
2.033333 0 313.3 310.5 60.7 61.7
2.066667 0 313.7 310.0 60.8 61.6
2.100000 0 314.1 309.5 60.9 61.6
2.133333 0 314.5 309.0 61.0 61.5
2.166667 0 314.9 308.5 61.1 61.4
2.200000 0 315.3 308.0 61.2 61.4
2.233333 0 315.7 307.5 61.3 61.3
2.266667 0 316.1 307.0 61.5 61.3
2.300000 0 316.5 306.5 61.6 61.2
2.333333 0 316.9 306.0 61.7 61.2
2.366667 0 317.3 305.5 61.8 61.1
2.400000 0 317.7 305.0 61.9 61.0
2.433333 0 318.1 304.5 62.0 61.0
2.466667 0 318.5 304.0 62.2 60.9
2.500000 0 318.9 303.5 62.3 60.9
2.533333 0 319.3 303.0 62.4 60.8
2.566667 0 319.8 302.5 62.5 60.7
2.600000 0 320.2 302.0 62.6 60.7
2.633333 0 320.6 301.5 62.7 60.6
2.666667 0 321.0 301.0 62.8 60.6
2.700000 0 321.4 300.5 63.0 60.5
2.733333 0 321.8 300.0 63.1 60.5
2.766667 0 322.2 299.5 63.2 60.4
2.800000 0 322.6 299.0 63.3 60.3
2.833333 0 323.0 298.5 63.4 60.3
2.866667 0 323.4 298.0 63.5 60.2
2.900000 0 323.8 297.5 63.7 60.2
2.933333 0 324.2 297.0 63.8 60.1
2.966667 0 324.6 296.5 63.9 60.1
3.000000 0 325.0 296.0 64.0 60.0
3.033333 0 325.8 295.4 63.8 60.1
3.066667 0 326.6 294.8 63.5 60.1
3.100000 0 327.4 294.2 63.3 60.2
3.133333 0 328.2 293.6 63.1 60.3
3.166667 0 329.0 293.0 62.9 60.3
3.200000 0 329.8 292.5 62.6 60.4
3.233333 0 330.6 291.9 62.4 60.5
3.266667 0 331.4 291.3 62.2 60.5
3.300000 0 332.2 290.7 62.0 60.6
3.333333 0 333.0 290.1 61.7 60.7
3.366667 0 333.7 289.5 61.5 60.7
3.400000 0 334.5 288.9 61.3 60.8
3.433333 0 335.3 288.3 61.0 60.9
3.466667 0 336.1 287.7 60.8 61.0
3.500000 0 336.9 287.1 60.6 61.0
3.533333 0 337.7 286.5 60.4 61.1
3.566667 0 338.5 286.0 60.1 61.2
3.600000 0 339.3 285.4 59.9 61.2
3.633333 0 340.1 284.8 59.7 61.3
3.666667 0 340.9 284.2 59.5 61.4
3.700000 0 341.7 283.6 59.2 61.4
3.733333 0 342.5 283.0 59.0 61.5
3.766667 0 343.3 282.4 58.8 61.6
3.800000 0 344.1 281.8 58.5 61.6
3.833333 0 344.9 281.2 58.3 61.7
3.866667 0 345.7 280.6 58.1 61.8
3.900000 0 346.5 280.0 57.9 61.8
3.933333 0 347.3 279.5 57.6 61.9
3.966667 0 348.1 278.9 57.4 62.0
4.000000 0 348.9 278.3 57.2 62.0
4.033333 0 349.7 277.7 57.0 62.1
4.066667 0 350.5 277.1 56.7 62.2
4.100000 0 351.2 276.5 56.5 62.2
4.133333 0 352.0 275.9 56.3 62.3
4.166667 0 352.8 275.3 56.0 62.4
4.200000 0 353.6 274.7 55.8 62.5
4.233333 0 354.4 274.1 55.6 62.5
4.266667 0 355.2 273.5 55.4 62.6
4.300000 0 356.0 273.0 55.1 62.7
4.333333 0 356.8 272.4 54.9 62.7
4.366667 0 357.6 271.8 54.7 62.8
4.400000 0 358.4 271.2 54.5 62.9
4.433333 0 359.2 270.6 54.2 62.9
4.466667 0 360.0 270.0 54.0 63.0
4.500000 0 360.4 269.5 54.1 62.9
4.533333 0 360.9 268.9 54.1 62.8
4.566667 0 361.3 268.4 54.2 62.6
4.600000 0 361.8 267.8 54.2 62.5
4.633333 0 362.2 267.3 54.3 62.4
4.666667 0 362.6 266.8 54.4 62.3
4.700000 0 363.1 266.2 54.4 62.2
4.733333 0 363.5 265.7 54.5 62.0
4.766667 0 364.0 265.1 54.5 61.9
4.800000 0 364.4 264.6 54.6 61.8
4.833333 0 364.8 264.1 54.7 61.7
4.866667 0 365.3 263.5 54.7 61.6
4.900000 0 365.7 263.0 54.8 61.4
4.933333 0 366.2 262.4 54.8 61.3
4.966667 0 366.6 261.9 54.9 61.2
5.000000 0 367.0 261.4 55.0 61.1
5.033333 0 367.5 260.8 55.0 61.0
5.066667 0 367.9 260.3 55.1 60.8
5.100000 0 368.4 259.7 55.1 60.7
5.133333 0 368.8 259.2 55.2 60.6
5.166667 0 369.2 258.7 55.3 60.5
5.200000 0 369.7 258.1 55.3 60.4
5.233333 0 370.1 257.6 55.4 60.2
5.266667 0 370.6 257.0 55.4 60.1
5.300000 0 371.0 256.5 55.5 60.0
5.333333 0 371.4 256.0 55.6 59.9
5.366667 0 371.9 255.4 55.6 59.8
5.400000 0 372.3 254.9 55.7 59.6
5.433333 0 372.8 254.3 55.7 59.5
5.466667 0 373.2 253.8 55.8 59.4
5.500000 0 373.6 253.3 55.9 59.3
5.533333 0 374.1 252.7 55.9 59.2
5.566667 0 374.5 252.2 56.0 59.0
5.600000 0 375.0 251.6 56.0 58.9
5.633333 0 375.4 251.1 56.1 58.8
5.666667 0 375.8 250.6 56.2 58.7
5.700000 0 376.3 250.0 56.2 58.6
5.733333 0 376.7 249.5 56.3 58.4
5.766667 0 377.2 248.9 56.3 58.3
5.800000 0 377.6 248.4 56.4 58.2
5.833333 0 378.0 247.9 56.5 58.1
5.866667 0 378.5 247.3 56.5 58.0
5.900000 0 378.9 246.8 56.6 57.8
5.933333 0 379.4 246.2 56.6 57.7
5.966667 0 379.8 245.7 56.7 57.6
6.000000 0 380.2 245.2 56.8 57.5
6.033333 0 380.7 244.6 56.8 57.4
6.066667 0 381.1 244.1 56.9 57.2
6.100000 0 381.6 243.5 56.9 57.1
6.133333 0 382.0 243.0 57.0 57.0
6.166667 0 382.5 242.5 57.0 57.0
6.200000 0 382.9 242.0 57.0 57.1
6.233333 0 383.4 241.5 57.0 57.1
6.266667 0 383.8 241.0 57.0 57.1
6.300000 0 384.3 240.5 57.0 57.2
6.333333 0 384.7 240.1 57.0 57.2
6.366667 0 385.2 239.6 57.0 57.2
6.400000 0 385.7 239.1 57.0 57.3
6.433333 0 386.1 238.6 57.0 57.3
6.466667 0 386.6 238.1 57.0 57.3
6.500000 0 387.0 237.6 57.0 57.4
6.533333 0 387.5 237.1 57.0 57.4
6.566667 0 387.9 236.6 57.0 57.4
6.600000 0 388.4 236.1 57.0 57.5
6.633333 0 388.9 235.6 57.0 57.5
6.666667 0 389.3 235.1 57.0 57.5
6.700000 0 389.8 234.6 57.0 57.6
6.733333 0 390.2 234.2 57.0 57.6
6.766667 0 390.7 233.7 57.0 57.6
6.800000 0 391.2 233.2 57.0 57.7
6.833333 0 391.6 232.7 57.0 57.7
6.866667 0 392.1 232.2 57.0 57.7
6.900000 0 392.5 231.7 57.0 57.8
6.933333 0 393.0 231.2 57.0 57.8
6.966667 0 393.4 230.7 57.0 57.8
7.000000 0 393.9 230.2 57.0 57.9
7.033333 0 394.4 229.7 57.0 57.9
7.066667 0 394.8 229.2 57.0 57.9
7.100000 0 395.3 228.7 57.0 58.0
7.133333 0 395.7 228.3 57.0 58.0
7.166667 0 396.2 227.8 57.0 58.1
7.200000 0 396.6 227.3 57.0 58.1
7.233333 0 397.1 226.8 57.0 58.1
7.266667 0 397.6 226.3 57.0 58.2
7.300000 0 398.0 225.8 57.0 58.2
7.333333 0 398.5 225.3 57.0 58.2
7.366667 0 398.9 224.8 57.0 58.3
7.400000 0 399.4 224.3 57.0 58.3
7.433333 0 399.8 223.8 57.0 58.3
7.466667 0 400.3 223.3 57.0 58.4
7.500000 0 400.8 222.8 57.0 58.4
7.533333 0 401.2 222.4 57.0 58.4
7.566667 0 401.7 221.9 57.0 58.5
7.600000 0 402.1 221.4 57.0 58.5
7.633333 0 402.6 220.9 57.0 58.5
7.666667 0 403.1 220.4 57.0 58.6
7.700000 0 403.5 219.9 57.0 58.6
7.733333 0 404.0 219.4 57.0 58.6
7.766667 0 404.4 218.9 57.0 58.7
7.800000 0 404.9 218.4 57.0 58.7
7.833333 0 405.3 217.9 57.0 58.7
7.866667 0 405.8 217.4 57.0 58.8
7.900000 0 406.3 216.9 57.0 58.8
7.933333 0 406.7 216.5 57.0 58.8
7.966667 0 407.2 216.0 57.0 58.9
8.000000 0 407.6 215.5 57.0 58.9
8.033333 0 408.1 215.0 57.0 58.9
8.066667 0 408.5 214.5 57.0 59.0
8.100000 0 409.0 214.0 57.0 59.0
8.133333 0 409.5 213.6 57.0 59.1
8.166667 0 410.0 213.2 57.0 59.2
8.200000 0 410.5 212.8 57.0 59.3
8.233333 0 411.0 212.4 57.0 59.3
8.266667 0 411.6 212.0 57.0 59.4
8.300000 0 412.1 211.6 57.0 59.5
8.333333 0 412.6 211.2 57.0 59.6
8.366667 0 413.1 210.8 57.0 59.7
8.400000 0 413.6 210.4 57.0 59.8
8.433333 0 414.1 210.0 57.0 59.9
8.466667 0 414.6 209.6 57.0 59.9
8.500000 0 415.1 209.2 57.0 60.0
8.533333 0 415.7 208.8 57.0 60.1
8.566667 0 416.2 208.4 57.0 60.2
8.600000 0 416.7 208.0 57.0 60.3
8.633333 0 417.2 207.6 57.0 60.4
8.666667 0 417.7 207.2 57.0 60.5
8.700000 0 418.2 206.8 57.0 60.5
8.733333 0 418.7 206.4 57.0 60.6
8.766667 0 419.2 206.0 57.0 60.7
8.800000 0 419.8 205.5 57.0 60.8
8.833333 0 420.3 205.1 57.0 60.9
8.866667 0 420.8 204.7 57.0 61.0
8.900000 0 421.3 204.3 57.0 61.0
8.933333 0 421.8 203.9 57.0 61.1
8.966667 0 422.3 203.5 57.0 61.2
9.000000 0 422.8 203.1 57.0 61.3
9.033333 0 423.3 202.7 57.0 61.4
9.066667 0 423.9 202.3 57.0 61.5
9.100000 0 424.4 201.9 57.0 61.6
9.133333 0 424.9 201.5 57.0 61.6
9.166667 0 425.4 201.1 57.0 61.7
9.200000 0 425.9 200.7 57.0 61.8
9.233333 0 426.4 200.3 57.0 61.9
9.266667 0 426.9 199.9 57.0 62.0
9.300000 0 427.4 199.5 57.0 62.1
9.333333 0 428.0 199.1 57.0 62.2
9.366667 0 428.5 198.7 57.0 62.2
9.400000 0 429.0 198.3 57.0 62.3
9.433333 0 429.5 197.9 57.0 62.4
9.466667 0 430.0 197.5 57.0 62.5
9.500000 0 430.5 197.1 57.0 62.6
9.533333 0 431.0 196.7 57.0 62.7
9.566667 0 431.5 196.3 57.0 62.8
9.600000 0 432.0 195.9 57.0 62.8
9.633333 0 432.6 195.5 57.0 62.9
9.666667 0 433.1 195.1 57.0 63.0
9.700000 0 433.6 194.7 57.0 63.1
9.733333 0 434.1 194.3 57.0 63.2
9.766667 0 434.6 193.9 57.0 63.3
9.800000 0 435.1 193.5 57.0 63.4
9.833333 0 435.6 193.1 57.0 63.4
9.866667 0 436.1 192.7 57.0 63.5
9.900000 0 436.7 192.3 57.0 63.6
9.933333 0 437.2 191.9 57.0 63.7
9.966667 0 437.7 191.5 57.0 63.8
10.000000 0 438.2 191.1 57.0 63.9
10.033333 0 438.7 190.7 57.0 64.0
10.066667 0 439.2 190.3 57.0 64.0
10.100000 0 439.7 189.9 57.0 64.1
10.133333 0 440.2 189.5 57.0 64.2
10.166667 0 440.8 189.0 57.0 64.3
10.200000 0 441.3 188.6 57.0 64.4
10.233333 0 441.8 188.2 57.0 64.5
10.266667 0 442.3 187.8 57.0 64.5
10.300000 0 442.8 187.4 57.0 64.6
10.333333 0 443.3 187.0 57.0 64.7
10.366667 0 443.8 186.6 57.0 64.8
10.400000 0 444.3 186.2 57.0 64.9
10.433333 0 444.9 185.8 57.0 65.0
10.466667 0 445.4 185.4 57.0 65.1
10.500000 0 445.9 185.0 57.0 65.1
10.533333 0 446.4 184.6 57.0 65.2
10.566667 0 446.9 184.2 57.0 65.3
10.600000 0 447.4 183.8 57.0 65.4
10.633333 0 447.9 183.4 57.0 65.5
10.666667 0 448.4 183.0 57.0 65.6
10.700000 0 449.0 182.6 57.0 65.7
10.733333 0 449.5 182.2 57.0 65.7
10.766667 0 450.0 181.8 57.0 65.8
10.800000 0 450.5 181.4 57.0 65.9
10.833333 0 451.0 181.0 57.0 66.0
