0.000000 0 475.0 288.0 33.0 22.0
0.033333 0 473.1 287.7 32.4 22.0
0.066667 0 471.3 287.4 31.9 22.0
0.100000 0 469.4 287.1 31.3 22.0
0.133333 0 467.6 286.9 30.7 22.0
0.166667 0 465.7 286.6 30.1 22.0
0.200000 0 463.9 286.3 29.6 22.0
0.233333 0 462.0 286.0 29.0 22.0
0.266667 0 457.4 285.6 29.0 21.7
0.300000 0 452.7 285.2 29.0 21.5
0.333333 0 448.1 284.9 29.0 21.2
0.366667 0 443.5 284.5 29.0 21.0
0.400000 0 438.9 284.1 29.0 20.7
0.433333 0 434.2 283.7 29.0 20.5
0.466667 0 429.6 283.4 29.0 20.2
0.500000 0 425.0 283.0 29.0 20.0
0.533333 0 417.1 281.9 29.0 20.0
0.566667 0 409.9 282.3 29.0 20.0
0.600000 0 405.7 281.9 29.0 21.0
0.633333 0 400.8 279.3 29.0 21.0
0.666667 0 398.1 280.5 29.0 21.0
0.700000 0 393.9 279.4 29.0 22.0
0.733333 0 394.3 279.8 29.0 22.0
0.766667 0 395.3 280.1 29.0 22.0
0.800000 0 393.4 278.3 29.0 23.0
0.833333 0 396.0 277.2 29.0 23.0
0.866667 0 397.0 279.1 29.0 23.0
0.900000 0 401.9 278.7 29.0 24.3
0.933333 0 399.9 278.4 29.0 24.6
0.966667 0 398.0 278.0 29.0 25.0
1.000000 0 398.1 278.1 28.8 24.6
1.033333 0 398.2 278.2 28.6 24.3
1.066667 0 398.3 278.3 28.5 23.9
1.100000 0 398.4 278.4 28.3 23.5
1.133333 0 403.7 279.2 28.0 23.0
1.166667 0 403.8 277.8 27.0 22.0
1.200000 0 405.4 277.9 27.0 22.0
1.233333 0 403.2 278.0 27.0 22.0
1.266667 0 402.6 278.1 27.0 21.0
1.300000 0 401.2 278.9 27.0 21.0
1.333333 0 399.0 279.0 27.0 21.0
1.366667 0 398.1 278.7 26.9 21.2
1.400000 0 397.2 278.3 26.8 21.4
1.433333 0 396.3 278.0 26.7 21.7
1.466667 0 399.2 276.2 26.0 21.0
1.500000 0 399.1 275.1 26.0 22.0
1.533333 0 397.4 275.5 26.0 22.0
1.566667 0 395.8 275.2 26.0 22.0
1.600000 0 391.9 276.3 26.1 22.8
1.633333 0 391.0 276.0 26.0 23.0
1.666667 0 392.3 275.7 26.5 23.2
1.700000 0 393.7 275.3 27.1 23.4
1.733333 0 395.0 275.0 27.6 23.6
1.766667 0 396.3 274.7 28.1 23.8
1.800000 0 397.7 274.3 28.7 24.0
1.833333 0 399.0 274.0 29.2 24.2
1.866667 0 400.3 273.7 29.8 24.4
1.900000 0 401.6 273.3 30.3 24.6
1.933333 0 403.0 273.0 30.8 24.8
1.966667 0 404.3 272.7 31.4 25.0
2.000000 0 405.6 272.3 31.9 25.2
2.033333 0 407.0 272.0 32.4 25.4
2.066667 0 408.3 271.7 33.0 25.6
2.100000 0 409.6 271.3 33.5 25.8
2.133333 0 411.0 271.0 34.0 26.0
2.166667 0 412.3 270.8 34.2 26.1
2.200000 0 413.7 270.5 34.4 26.1
2.233333 0 415.0 270.3 34.6 26.2
2.266667 0 416.4 270.1 34.7 26.2
2.300000 0 417.7 269.8 34.9 26.3
2.333333 0 419.1 269.6 35.1 26.4
2.366667 0 420.4 269.4 35.3 26.4
2.400000 0 421.8 269.1 35.4 26.5
2.433333 0 423.2 268.9 35.6 26.5
2.466667 0 424.5 268.6 35.8 26.6
2.500000 0 425.9 268.4 36.0 26.6
2.533333 0 427.2 268.2 36.1 26.7
2.566667 0 428.6 267.9 36.3 26.8
2.600000 0 429.9 267.7 36.5 26.8
2.633333 0 431.3 267.5 36.7 26.9
2.666667 0 432.6 267.2 36.8 26.9
2.700000 0 434.0 267.0 37.0 27.0
2.733333 0 436.1 266.9 36.0 26.0
2.766667 0 437.5 266.8 35.0 26.0
2.800000 0 438.9 266.6 34.0 25.0
2.833333 0 438.7 265.8 34.0 25.0
2.866667 0 437.1 264.9 33.0 25.0
2.900000 0 434.0 267.0 32.0 24.0
2.933333 0 427.1 266.1 31.0 24.0
2.966667 0 421.0 266.0 31.0 24.0
3.000000 0 416.5 265.7 30.0 24.0
3.033333 0 405.2 266.8 30.0 24.0
3.066667 0 400.7 265.7 30.0 24.0
3.100000 0 385.7 265.4 30.0 24.0
3.133333 0 370.7 265.8 30.0 24.0
3.166667 0 358.0 264.0 30.0 25.0
3.200000 0 346.9 264.0 30.6 24.9
3.233333 0 335.7 264.0 31.1 24.7
3.266667 0 324.6 264.0 31.7 24.6
3.300000 0 309.7 264.7 32.0 24.0
3.333333 0 302.3 264.0 32.9 24.3
3.366667 0 285.9 264.0 33.0 24.0
3.400000 0 280.0 264.0 34.0 24.0
3.433333 0 271.3 264.0 33.8 23.9
3.466667 0 262.5 264.0 33.5 23.8
3.500000 0 253.8 264.0 33.3 23.6
3.533333 0 245.0 264.0 33.0 23.5
3.566667 0 232.5 264.0 32.0 23.0
3.600000 0 227.5 264.0 32.5 23.3
3.633333 0 218.8 264.0 32.3 23.1
3.666667 0 210.0 264.0 32.0 23.0
3.700000 0 206.6 263.6 31.7 23.3
3.733333 0 194.1 263.1 31.0 23.0
3.766667 0 188.5 262.7 31.0 23.0
3.800000 0 183.5 261.5 30.0 24.0
3.833333 0 181.6 260.4 30.0 24.0
3.866667 0 184.9 262.2 30.0 24.0
3.900000 0 186.0 261.0 30.0 25.0
3.933333 0 187.7 261.3 30.3 24.6
3.966667 0 189.3 261.7 30.7 24.1
4.000000 0 191.0 262.0 31.0 23.7
4.033333 0 192.7 262.3 31.3 23.2
4.066667 0 194.3 262.7 31.7 22.8
4.100000 0 196.0 263.0 32.0 22.3
4.133333 0 197.7 263.3 32.3 21.9
4.166667 0 199.3 263.7 32.7 21.4
4.200000 0 201.0 264.0 33.0 21.0
4.233333 0 202.3 264.4 32.9 21.3
4.266667 0 203.6 264.9 32.7 21.6
4.300000 0 204.9 265.3 32.6 21.9
4.333333 0 206.1 265.7 32.4 22.1
4.366667 0 207.4 266.1 32.3 22.4
4.400000 0 208.7 266.6 32.1 22.7
4.433333 0 210.0 267.0 32.0 23.0
4.466667 0 211.6 267.2 31.3 22.8
4.500000 0 213.1 267.4 30.7 22.6
4.533333 0 214.7 267.7 30.0 22.3
4.566667 0 216.2 267.9 29.3 22.1
4.600000 0 217.8 268.1 28.7 21.9
4.633333 0 219.3 268.3 28.0 21.7
4.666667 0 220.9 268.6 27.3 21.4
4.700000 0 222.4 268.8 26.7 21.2
4.733333 0 224.0 269.0 26.0 21.0
4.766667 0 224.7 273.4 26.7 21.0
4.800000 0 225.4 277.9 27.4 21.0
4.833333 0 226.1 282.3 28.1 21.0
4.866667 0 228.4 293.5 28.0 21.0
4.900000 0 229.1 295.6 29.0 21.0
4.933333 0 228.3 301.6 30.0 21.0
4.966667 0 229.0 300.0 31.0 21.0
5.000000 0 230.7 299.7 30.8 20.7
5.033333 0 232.4 299.4 30.6 20.4
5.066667 0 234.1 299.1 30.4 20.1
5.100000 0 235.9 298.9 30.1 19.9
5.133333 0 240.6 300.1 29.0 19.0
5.166667 0 242.3 299.0 29.0 19.0
5.200000 0 243.2 300.2 29.0 18.0
5.233333 0 244.2 301.5 29.0 18.0
5.266667 0 245.9 299.7 29.0 18.0
5.300000 0 246.9 299.4 28.0 18.0
5.333333 0 249.4 299.1 28.0 17.0
5.366667 0 249.6 296.6 28.4 17.6
5.400000 0 251.3 296.3 28.2 17.3
5.433333 0 253.0 296.0 28.0 17.0
5.466667 0 254.3 295.9 27.9 17.0
5.500000 0 255.5 295.8 27.7 17.1
5.533333 0 256.8 295.7 27.6 17.1
5.566667 0 258.1 295.6 27.5 17.2
5.600000 0 259.4 295.5 27.3 17.2
5.633333 0 260.6 295.5 27.2 17.3
5.666667 0 261.9 295.4 27.0 17.3
5.700000 0 263.2 295.3 26.9 17.4
5.733333 0 264.5 295.2 26.8 17.4
5.766667 0 265.7 295.1 26.6 17.5
5.800000 0 267.0 295.0 26.5 17.5
5.833333 0 268.3 294.9 26.4 17.5
5.866667 0 269.5 294.8 26.2 17.6
5.900000 0 270.8 294.7 26.1 17.6
5.933333 0 272.1 294.6 26.0 17.7
5.966667 0 273.4 294.5 25.8 17.7
6.000000 0 274.6 294.5 25.7 17.8
6.033333 0 275.9 294.4 25.5 17.8
6.066667 0 277.2 294.3 25.4 17.9
6.100000 0 278.5 294.2 25.3 17.9
6.133333 0 279.7 294.1 25.1 18.0
6.166667 0 281.0 294.0 25.0 18.0
6.200000 0 282.2 293.8 25.1 18.1
6.233333 0 283.4 293.6 25.3 18.3
6.266667 0 284.5 293.5 25.4 18.4
6.300000 0 285.7 293.3 25.6 18.6
6.333333 0 286.9 293.1 25.7 18.7
6.366667 0 288.1 292.9 25.9 18.9
6.400000 0 289.3 292.7 26.0 19.0
6.433333 0 290.4 292.6 26.1 19.1
6.466667 0 291.6 292.4 26.3 19.3
6.500000 0 292.8 292.2 26.4 19.4
6.533333 0 294.0 292.0 26.6 19.6
6.566667 0 295.1 291.9 26.7 19.7
6.600000 0 296.3 291.7 26.9 19.9
6.633333 0 297.5 291.5 27.0 20.0
6.666667 0 298.7 291.3 27.1 20.1
6.700000 0 299.9 291.1 27.3 20.3
6.733333 0 301.0 291.0 27.4 20.4
6.766667 0 302.2 290.8 27.6 20.6
6.800000 0 303.4 290.6 27.7 20.7
6.833333 0 304.6 290.4 27.9 20.9
6.866667 0 305.8 290.2 28.0 21.0
6.900000 0 306.9 290.1 28.1 21.1
6.933333 0 308.1 289.9 28.3 21.3
6.966667 0 309.3 289.7 28.4 21.4
7.000000 0 310.5 289.5 28.6 21.6
7.033333 0 311.6 289.4 28.7 21.7
7.066667 0 312.8 289.2 28.9 21.9
7.100000 0 314.0 289.0 29.0 22.0
7.133333 0 315.2 288.9 28.9 21.9
7.166667 0 316.4 288.8 28.9 21.9
7.200000 0 317.6 288.6 28.8 21.8
7.233333 0 318.8 288.5 28.7 21.7
7.266667 0 320.0 288.4 28.6 21.6
7.300000 0 321.2 288.3 28.6 21.6
7.333333 0 322.4 288.1 28.5 21.5
7.366667 0 323.6 288.0 28.4 21.4
7.400000 0 324.8 287.9 28.3 21.3
7.433333 0 326.0 287.8 28.3 21.3
7.466667 0 327.2 287.6 28.2 21.2
7.500000 0 328.4 287.5 28.1 21.1
7.533333 0 329.6 287.4 28.0 21.0
7.566667 0 330.8 287.3 28.0 21.0
7.600000 0 332.0 287.1 27.9 20.9
7.633333 0 333.2 287.0 27.8 20.8
7.666667 0 334.4 286.9 27.7 20.7
7.700000 0 335.6 286.8 27.7 20.7
7.733333 0 336.8 286.6 27.6 20.6
7.766667 0 338.0 286.5 27.5 20.5
7.800000 0 339.2 286.4 27.4 20.4
7.833333 0 340.4 286.3 27.4 20.4
7.866667 0 341.6 286.1 27.3 20.3
7.900000 0 342.8 286.0 27.2 20.2
7.933333 0 344.0 285.9 27.1 20.1
7.966667 0 345.2 285.8 27.1 20.1
8.000000 0 346.4 285.6 27.0 20.0
8.033333 0 347.6 285.5 26.9 19.9
8.066667 0 348.8 285.4 26.8 19.8
8.100000 0 350.0 285.3 26.8 19.8
8.133333 0 351.2 285.1 26.7 19.7
8.166667 0 352.4 285.0 26.6 19.6
8.200000 0 353.6 284.9 26.5 19.5
8.233333 0 354.8 284.8 26.5 19.5
8.266667 0 356.0 284.6 26.4 19.4
8.300000 0 357.2 284.5 26.3 19.3
8.333333 0 358.4 284.4 26.2 19.2
8.366667 0 359.6 284.3 26.2 19.2
8.400000 0 360.8 284.1 26.1 19.1
8.433333 0 362.0 284.0 26.0 19.0
8.466667 0 363.1 283.8 26.0 19.0
8.500000 0 364.2 283.7 25.9 19.0
8.533333 0 365.3 283.5 25.9 19.0
8.566667 0 366.4 283.3 25.8 18.9
8.600000 0 367.5 283.2 25.8 18.9
8.633333 0 368.6 283.0 25.7 18.9
8.666667 0 369.8 282.8 25.7 18.9
8.700000 0 370.9 282.6 25.6 18.9
8.733333 0 372.0 282.5 25.6 18.9
8.766667 0 373.1 282.3 25.5 18.8
8.800000 0 374.2 282.1 25.5 18.8
8.833333 0 375.3 282.0 25.4 18.8
8.866667 0 376.4 281.8 25.4 18.8
8.900000 0 377.5 281.6 25.4 18.8
8.933333 0 378.6 281.5 25.3 18.8
8.966667 0 379.7 281.3 25.3 18.8
9.000000 0 380.8 281.1 25.2 18.7
9.033333 0 381.9 281.0 25.2 18.7
9.066667 0 383.0 280.8 25.1 18.7
9.100000 0 384.2 280.6 25.1 18.7
9.133333 0 385.3 280.4 25.0 18.7
9.166667 0 386.4 280.3 25.0 18.7
9.200000 0 387.5 280.1 24.9 18.6
9.233333 0 388.6 279.9 24.9 18.6
9.266667 0 389.7 279.8 24.8 18.6
9.300000 0 390.8 279.6 24.8 18.6
9.333333 0 391.9 279.4 24.8 18.6
9.366667 0 393.0 279.3 24.7 18.6
9.400000 0 394.1 279.1 24.7 18.6
9.433333 0 395.2 278.9 24.6 18.5
9.466667 0 396.3 278.8 24.6 18.5
9.500000 0 397.4 278.6 24.5 18.5
9.533333 0 398.6 278.4 24.5 18.5
9.566667 0 399.7 278.2 24.4 18.5
9.600000 0 400.8 278.1 24.4 18.5
9.633333 0 401.9 277.9 24.3 18.4
9.666667 0 403.0 277.7 24.3 18.4
9.700000 0 404.1 277.6 24.2 18.4
9.733333 0 405.2 277.4 24.2 18.4
9.766667 0 406.3 277.2 24.2 18.4
9.800000 0 407.4 277.1 24.1 18.4
9.833333 0 408.5 276.9 24.1 18.4
9.866667 0 409.6 276.7 24.0 18.3
9.900000 0 410.7 276.6 24.0 18.3
9.933333 0 411.8 276.4 23.9 18.3
9.966667 0 413.0 276.2 23.9 18.3
10.000000 0 414.1 276.0 23.8 18.3
10.033333 0 415.2 275.9 23.8 18.3
10.066667 0 416.3 275.7 23.7 18.2
10.100000 0 417.4 275.5 23.7 18.2
10.133333 0 418.5 275.4 23.6 18.2
10.166667 0 419.6 275.2 23.6 18.2
10.200000 0 420.7 275.0 23.6 18.2
10.233333 0 421.8 274.9 23.5 18.2
10.266667 0 422.9 274.7 23.5 18.2
10.300000 0 424.0 274.5 23.4 18.1
10.333333 0 425.1 274.4 23.4 18.1
10.366667 0 426.2 274.2 23.3 18.1
10.400000 0 427.4 274.0 23.3 18.1
10.433333 0 428.5 273.8 23.2 18.1
10.466667 0 429.6 273.7 23.2 18.1
10.500000 0 430.7 273.5 23.1 18.0
10.533333 0 431.8 273.3 23.1 18.0
10.566667 0 432.9 273.2 23.0 18.0
10.600000 0 434.0 273.0 23.0 18.0
