0.000000 0 367.0 258.0 20.0 18.0
0.033333 0 367.4 258.0 20.0 18.0
0.066667 0 367.8 258.0 20.0 18.0
0.100000 0 368.2 258.0 20.0 17.9
0.133333 0 368.6 258.0 20.0 17.9
0.166667 0 369.0 258.0 20.0 17.9
0.200000 0 369.4 257.9 20.0 17.9
0.233333 0 369.8 257.9 20.0 17.9
0.266667 0 370.2 257.9 20.0 17.8
0.300000 0 370.6 257.9 20.0 17.8
0.333333 0 371.0 257.9 20.0 17.8
0.366667 0 371.4 257.9 20.0 17.8
0.400000 0 371.8 257.9 20.0 17.8
0.433333 0 372.2 257.9 20.0 17.7
0.466667 0 372.6 257.9 20.0 17.7
0.500000 0 373.0 257.9 20.0 17.7
0.533333 0 373.4 257.8 20.0 17.7
0.566667 0 373.8 257.8 20.0 17.7
0.600000 0 374.2 257.8 20.0 17.6
0.633333 0 374.6 257.8 20.0 17.6
0.666667 0 375.0 257.8 20.0 17.6
0.700000 0 375.4 257.8 20.0 17.6
0.733333 0 375.8 257.8 20.0 17.6
0.766667 0 376.2 257.8 20.0 17.5
0.800000 0 376.6 257.8 20.0 17.5
0.833333 0 377.0 257.8 20.0 17.5
0.866667 0 377.4 257.7 20.0 17.5
0.900000 0 377.8 257.7 20.0 17.5
0.933333 0 378.2 257.7 20.0 17.4
0.966667 0 378.6 257.7 20.0 17.4
1.000000 0 379.0 257.7 20.0 17.4
1.033333 0 379.4 257.7 20.0 17.4
1.066667 0 379.8 257.7 20.0 17.4
1.100000 0 380.2 257.7 20.0 17.3
1.133333 0 380.6 257.7 20.0 17.3
1.166667 0 381.0 257.7 20.0 17.3
1.200000 0 381.4 257.6 20.0 17.3
1.233333 0 381.8 257.6 20.0 17.3
1.266667 0 382.2 257.6 20.0 17.2
1.300000 0 382.6 257.6 20.0 17.2
1.333333 0 383.0 257.6 20.0 17.2
1.366667 0 383.4 257.6 20.0 17.2
1.400000 0 383.8 257.6 20.0 17.2
1.433333 0 384.2 257.6 20.0 17.1
1.466667 0 384.6 257.6 20.0 17.1
1.500000 0 385.0 257.6 20.0 17.1
1.533333 0 385.4 257.5 20.0 17.1
1.566667 0 385.8 257.5 20.0 17.1
1.600000 0 386.2 257.5 20.0 17.0
1.633333 0 386.6 257.5 20.0 17.0
1.666667 0 387.0 257.5 20.0 17.0
1.700000 0 387.4 257.5 20.0 17.0
1.733333 0 387.8 257.5 20.0 17.0
1.766667 0 388.2 257.5 20.0 16.9
1.800000 0 388.6 257.5 20.0 16.9
1.833333 0 389.0 257.5 20.0 16.9
1.866667 0 389.4 257.4 20.0 16.9
1.900000 0 389.8 257.4 20.0 16.9
1.933333 0 390.2 257.4 20.0 16.8
1.966667 0 390.6 257.4 20.0 16.8
2.000000 0 391.0 257.4 20.0 16.8
2.033333 0 391.4 257.4 20.0 16.8
2.066667 0 391.8 257.4 20.0 16.8
2.100000 0 392.2 257.4 20.0 16.7
2.133333 0 392.6 257.4 20.0 16.7
2.166667 0 393.0 257.4 20.0 16.7
2.200000 0 393.4 257.3 20.0 16.7
2.233333 0 393.8 257.3 20.0 16.7
2.266667 0 394.2 257.3 20.0 16.6
2.300000 0 394.6 257.3 20.0 16.6
2.333333 0 395.0 257.3 20.0 16.6
2.366667 0 395.4 257.3 20.0 16.6
2.400000 0 395.8 257.3 20.0 16.6
2.433333 0 396.2 257.3 20.0 16.5
2.466667 0 396.6 257.3 20.0 16.5
2.500000 0 397.0 257.3 20.0 16.5
2.533333 0 397.4 257.2 20.0 16.5
2.566667 0 397.8 257.2 20.0 16.5
2.600000 0 398.2 257.2 20.0 16.4
2.633333 0 398.6 257.2 20.0 16.4
2.666667 0 399.0 257.2 20.0 16.4
2.700000 0 399.4 257.2 20.0 16.4
2.733333 0 399.8 257.2 20.0 16.4
2.766667 0 400.2 257.2 20.0 16.3
2.800000 0 400.6 257.2 20.0 16.3
2.833333 0 401.0 257.2 20.0 16.3
2.866667 0 401.4 257.1 20.0 16.3
2.900000 0 401.8 257.1 20.0 16.3
2.933333 0 402.2 257.1 20.0 16.2
2.966667 0 402.6 257.1 20.0 16.2
3.000000 0 403.0 257.1 20.0 16.2
3.033333 0 403.4 257.1 20.0 16.2
3.066667 0 403.8 257.1 20.0 16.2
3.100000 0 404.2 257.1 20.0 16.1
3.133333 0 404.6 257.1 20.0 16.1
3.166667 0 405.0 257.1 20.0 16.1
3.200000 0 405.4 257.0 20.0 16.1
3.233333 0 405.8 257.0 20.0 16.1
3.266667 0 406.2 257.0 20.0 16.0
3.300000 0 406.6 257.0 20.0 16.0
3.333333 0 407.0 257.0 20.0 16.0
3.366667 0 407.4 256.9 19.9 16.0
3.400000 0 407.8 256.9 19.9 16.0
3.433333 0 408.2 256.8 19.8 16.1
3.466667 0 408.6 256.7 19.8 16.1
3.500000 0 409.0 256.6 19.7 16.1
3.533333 0 409.4 256.6 19.7 16.1
3.566667 0 409.8 256.5 19.6 16.1
3.600000 0 410.2 256.4 19.6 16.1
3.633333 0 410.6 256.3 19.5 16.2
3.666667 0 411.0 256.3 19.5 16.2
3.700000 0 411.4 256.2 19.4 16.2
3.733333 0 411.8 256.1 19.3 16.2
3.766667 0 412.2 256.1 19.3 16.2
3.800000 0 412.6 256.0 19.2 16.3
3.833333 0 413.0 255.9 19.2 16.3
3.866667 0 413.4 255.8 19.1 16.3
3.900000 0 413.8 255.8 19.1 16.3
3.933333 0 414.2 255.7 19.0 16.3
3.966667 0 414.6 255.6 19.0 16.3
4.000000 0 415.0 255.5 18.9 16.4
4.033333 0 415.4 255.5 18.9 16.4
4.066667 0 415.8 255.4 18.8 16.4
4.100000 0 416.2 255.3 18.7 16.4
4.133333 0 416.6 255.3 18.7 16.4
4.166667 0 417.0 255.2 18.6 16.5
4.200000 0 417.4 255.1 18.6 16.5
4.233333 0 417.8 255.0 18.5 16.5
4.266667 0 418.2 255.0 18.5 16.5
4.300000 0 418.6 254.9 18.4 16.5
4.333333 0 419.0 254.8 18.4 16.5
4.366667 0 419.4 254.7 18.3 16.6
4.400000 0 419.8 254.7 18.3 16.6
4.433333 0 420.2 254.6 18.2 16.6
4.466667 0 420.6 254.5 18.1 16.6
4.500000 0 421.0 254.5 18.1 16.6
4.533333 0 421.4 254.4 18.0 16.7
4.566667 0 421.8 254.3 18.0 16.7
4.600000 0 422.2 254.2 17.9 16.7
4.633333 0 422.6 254.2 17.9 16.7
4.666667 0 423.0 254.1 17.8 16.7
4.700000 0 423.4 254.0 17.8 16.7
4.733333 0 423.8 253.9 17.7 16.8
4.766667 0 424.2 253.9 17.7 16.8
4.800000 0 424.6 253.8 17.6 16.8
4.833333 0 425.0 253.7 17.5 16.8
4.866667 0 425.4 253.7 17.5 16.8
4.900000 0 425.8 253.6 17.4 16.9
4.933333 0 426.2 253.5 17.4 16.9
4.966667 0 426.6 253.4 17.3 16.9
5.000000 0 427.0 253.4 17.3 16.9
5.033333 0 427.4 253.3 17.2 16.9
5.066667 0 427.8 253.2 17.2 16.9
5.100000 0 428.2 253.1 17.1 17.0
5.133333 0 428.6 253.1 17.1 17.0
5.166667 0 429.0 253.0 17.0 17.0
5.200000 0 429.3 252.9 17.1 17.0
5.233333 0 429.6 252.7 17.1 16.9
5.266667 0 429.9 252.6 17.2 16.9
5.300000 0 430.2 252.5 17.2 16.9
5.333333 0 430.4 252.3 17.3 16.9
5.366667 0 430.7 252.2 17.3 16.8
5.400000 0 431.0 252.1 17.4 16.8
5.433333 0 431.3 252.0 17.5 16.8
5.466667 0 431.6 251.8 17.5 16.7
5.500000 0 431.9 251.7 17.6 16.7
5.533333 0 432.2 251.6 17.6 16.7
5.566667 0 432.5 251.4 17.7 16.7
5.600000 0 432.8 251.3 17.8 16.6
5.633333 0 433.1 251.2 17.8 16.6
5.666667 0 433.3 251.0 17.9 16.6
5.700000 0 433.6 250.9 17.9 16.5
5.733333 0 433.9 250.8 18.0 16.5
5.766667 0 434.2 250.7 18.0 16.5
5.800000 0 434.5 250.5 18.1 16.4
5.833333 0 434.8 250.4 18.2 16.4
5.866667 0 435.1 250.3 18.2 16.4
5.900000 0 435.4 250.1 18.3 16.4
5.933333 0 435.7 250.0 18.3 16.3
5.966667 0 436.0 249.9 18.4 16.3
6.000000 0 436.2 249.7 18.4 16.3
6.033333 0 436.5 249.6 18.5 16.2
6.066667 0 436.8 249.5 18.6 16.2
6.100000 0 437.1 249.3 18.6 16.2
6.133333 0 437.4 249.2 18.7 16.2
6.166667 0 437.7 249.1 18.7 16.1
6.200000 0 438.0 249.0 18.8 16.1
6.233333 0 438.3 248.8 18.9 16.1
6.266667 0 438.6 248.7 18.9 16.0
6.300000 0 438.9 248.6 19.0 16.0
6.333333 0 439.1 248.4 19.0 16.0
6.366667 0 439.4 248.3 19.1 16.0
6.400000 0 439.7 248.2 19.1 15.9
6.433333 0 440.0 248.0 19.2 15.9
6.466667 0 440.3 247.9 19.3 15.9
6.500000 0 440.6 247.8 19.3 15.8
6.533333 0 440.9 247.7 19.4 15.8
6.566667 0 441.2 247.5 19.4 15.8
6.600000 0 441.5 247.4 19.5 15.8
6.633333 0 441.8 247.3 19.6 15.7
6.666667 0 442.0 247.1 19.6 15.7
6.700000 0 442.3 247.0 19.7 15.7
6.733333 0 442.6 246.9 19.7 15.6
6.766667 0 442.9 246.7 19.8 15.6
6.800000 0 443.2 246.6 19.8 15.6
6.833333 0 443.5 246.5 19.9 15.6
6.866667 0 443.8 246.3 20.0 15.5
6.900000 0 444.1 246.2 20.0 15.5
6.933333 0 444.4 246.1 20.1 15.5
6.966667 0 444.7 246.0 20.1 15.4
7.000000 0 444.9 245.8 20.2 15.4
7.033333 0 445.2 245.7 20.2 15.4
7.066667 0 445.5 245.6 20.3 15.3
7.100000 0 445.8 245.4 20.4 15.3
7.133333 0 446.1 245.3 20.4 15.3
7.166667 0 446.4 245.2 20.5 15.3
7.200000 0 446.7 245.0 20.5 15.2
7.233333 0 447.0 244.9 20.6 15.2
7.266667 0 447.3 244.8 20.7 15.2
7.300000 0 447.6 244.7 20.7 15.1
7.333333 0 447.8 244.5 20.8 15.1
7.366667 0 448.1 244.4 20.8 15.1
7.400000 0 448.4 244.3 20.9 15.1
7.433333 0 448.7 244.1 20.9 15.0
7.466667 0 449.0 244.0 21.0 15.0
7.500000 0 449.3 243.9 21.0 15.1
7.533333 0 449.6 243.7 21.0 15.1
7.566667 0 449.9 243.6 21.0 15.2
7.600000 0 450.2 243.5 21.0 15.3
7.633333 0 450.5 243.4 21.0 15.3
7.666667 0 450.8 243.2 21.0 15.4
7.700000 0 451.1 243.1 21.0 15.5
7.733333 0 451.4 243.0 21.0 15.6
7.766667 0 451.7 242.8 21.0 15.6
7.800000 0 452.0 242.7 21.0 15.7
7.833333 0 452.3 242.6 21.0 15.8
7.866667 0 452.6 242.5 21.0 15.8
7.900000 0 452.9 242.3 21.0 15.9
7.933333 0 453.2 242.2 21.0 16.0
7.966667 0 453.5 242.1 21.0 16.0
8.000000 0 453.8 242.0 21.0 16.1
8.033333 0 454.1 241.8 21.0 16.2
8.066667 0 454.4 241.7 21.0 16.3
8.100000 0 454.7 241.6 21.0 16.3
8.133333 0 455.0 241.4 21.0 16.4
8.166667 0 455.3 241.3 21.0 16.5
8.200000 0 455.7 241.2 21.0 16.5
8.233333 0 456.0 241.1 21.0 16.6
8.266667 0 456.3 240.9 21.0 16.7
8.300000 0 456.6 240.8 21.0 16.7
8.333333 0 456.9 240.7 21.0 16.8
8.366667 0 457.2 240.5 21.0 16.9
8.400000 0 457.5 240.4 21.0 17.0
8.433333 0 457.8 240.3 21.0 17.0
8.466667 0 458.1 240.2 21.0 17.1
8.500000 0 458.4 240.0 21.0 17.2
8.533333 0 458.7 239.9 21.0 17.2
8.566667 0 459.0 239.8 21.0 17.3
8.600000 0 459.3 239.7 21.0 17.4
8.633333 0 459.6 239.5 21.0 17.4
8.666667 0 459.9 239.4 21.0 17.5
8.700000 0 460.2 239.3 21.0 17.6
8.733333 0 460.5 239.1 21.0 17.7
8.766667 0 460.8 239.0 21.0 17.7
8.800000 0 461.1 238.9 21.0 17.8
8.833333 0 461.4 238.8 21.0 17.9
8.866667 0 461.7 238.6 21.0 17.9
8.900000 0 462.0 238.5 21.0 18.0
8.933333 0 462.3 238.4 21.0 18.1
8.966667 0 462.6 238.2 21.0 18.1
9.000000 0 462.9 238.1 21.0 18.2
9.033333 0 463.2 238.0 21.0 18.3
9.066667 0 463.5 237.9 21.0 18.3
9.100000 0 463.8 237.7 21.0 18.4
9.133333 0 464.1 237.6 21.0 18.5
9.166667 0 464.4 237.5 21.0 18.6
9.200000 0 464.7 237.3 21.0 18.6
9.233333 0 465.0 237.2 21.0 18.7
9.266667 0 465.3 237.1 21.0 18.8
9.300000 0 465.6 237.0 21.0 18.8
9.333333 0 465.9 236.8 21.0 18.9
9.366667 0 466.2 236.7 21.0 19.0
9.400000 0 466.5 236.6 21.0 19.0
9.433333 0 466.8 236.5 21.0 19.1
9.466667 0 467.1 236.3 21.0 19.2
9.500000 0 467.4 236.2 21.0 19.3
9.533333 0 467.7 236.1 21.0 19.3
9.566667 0 468.0 235.9 21.0 19.4
9.600000 0 468.3 235.8 21.0 19.5
9.633333 0 468.7 235.7 21.0 19.5
9.666667 0 469.0 235.6 21.0 19.6
9.700000 0 469.3 235.4 21.0 19.7
9.733333 0 469.6 235.3 21.0 19.7
9.766667 0 469.9 235.2 21.0 19.8
9.800000 0 470.2 235.0 21.0 19.9
9.833333 0 470.5 234.9 21.0 20.0
9.866667 0 470.8 234.8 21.0 20.0
9.900000 0 471.1 234.7 21.0 20.1
9.933333 0 471.4 234.5 21.0 20.2
9.966667 0 471.7 234.4 21.0 20.2
10.000000 0 472.0 234.3 21.0 20.3
10.033333 0 472.3 234.2 21.0 20.4
10.066667 0 472.6 234.0 21.0 20.4
10.100000 0 472.9 233.9 21.0 20.5
10.133333 0 473.2 233.8 21.0 20.6
10.166667 0 473.5 233.6 21.0 20.7
10.200000 0 473.8 233.5 21.0 20.7
10.233333 0 474.1 233.4 21.0 20.8
10.266667 0 474.4 233.3 21.0 20.9
10.300000 0 474.7 233.1 21.0 20.9
10.333333 0 475.0 233.0 21.0 21.0
