0.000000 0 336.0 337.0 36.0 29.0
0.033333 0 336.9 337.2 35.8 28.9
0.066667 0 337.8 337.3 35.6 28.7
0.100000 0 338.7 337.5 35.4 28.6
0.133333 0 339.6 337.7 35.2 28.5
0.166667 0 340.5 337.9 35.0 28.4
0.200000 0 341.4 338.0 34.9 28.2
0.233333 0 342.3 338.2 34.7 28.1
0.266667 0 343.1 338.4 34.5 28.0
0.300000 0 344.0 338.5 34.3 27.9
0.333333 0 344.9 338.7 34.1 27.7
0.366667 0 345.8 338.9 33.9 27.6
0.400000 0 346.7 339.0 33.7 27.5
0.433333 0 347.6 339.2 33.5 27.3
0.466667 0 348.5 339.4 33.3 27.2
0.500000 0 349.4 339.6 33.1 27.1
0.533333 0 350.3 339.7 32.9 27.0
0.566667 0 351.2 339.9 32.7 26.8
0.600000 0 352.1 340.1 32.6 26.7
0.633333 0 353.0 340.2 32.4 26.6
0.666667 0 353.9 340.4 32.2 26.4
0.700000 0 354.8 340.6 32.0 26.3
0.733333 0 355.7 340.7 31.8 26.2
0.766667 0 356.6 340.9 31.6 26.1
0.800000 0 357.4 341.1 31.4 25.9
0.833333 0 358.3 341.3 31.2 25.8
0.866667 0 359.2 341.4 31.0 25.7
0.900000 0 360.1 341.6 30.8 25.6
0.933333 0 361.0 341.8 30.6 25.4
0.966667 0 361.9 341.9 30.4 25.3
1.000000 0 362.8 342.1 30.3 25.2
1.033333 0 363.7 342.3 30.1 25.0
1.066667 0 364.6 342.4 29.9 24.9
1.100000 0 365.5 342.6 29.7 24.8
1.133333 0 366.4 342.8 29.5 24.7
1.166667 0 367.3 343.0 29.3 24.5
1.200000 0 368.2 343.1 29.1 24.4
1.233333 0 369.1 343.3 28.9 24.3
1.266667 0 370.0 343.5 28.7 24.1
1.300000 0 370.9 343.6 28.5 24.0
1.333333 0 371.7 343.8 28.3 23.9
1.366667 0 372.6 344.0 28.1 23.8
1.400000 0 373.5 344.1 28.0 23.6
1.433333 0 374.4 344.3 27.8 23.5
1.466667 0 375.3 344.5 27.6 23.4
1.500000 0 376.2 344.7 27.4 23.3
1.533333 0 377.1 344.8 27.2 23.1
1.566667 0 378.0 345.0 27.0 23.0
1.600000 0 378.8 345.1 27.0 23.0
1.633333 0 379.5 345.2 27.1 23.0
1.666667 0 380.3 345.2 27.1 23.1
1.700000 0 381.1 345.3 27.2 23.1
1.733333 0 381.8 345.4 27.2 23.1
1.766667 0 382.6 345.5 27.2 23.1
1.800000 0 383.4 345.5 27.3 23.1
1.833333 0 384.1 345.6 27.3 23.2
1.866667 0 384.9 345.7 27.4 23.2
1.900000 0 385.6 345.8 27.4 23.2
1.933333 0 386.4 345.9 27.4 23.2
1.966667 0 387.2 345.9 27.5 23.2
2.000000 0 387.9 346.0 27.5 23.3
2.033333 0 388.7 346.1 27.5 23.3
2.066667 0 389.5 346.2 27.6 23.3
2.100000 0 390.2 346.3 27.6 23.3
2.133333 0 391.0 346.3 27.7 23.3
2.166667 0 391.8 346.4 27.7 23.4
2.200000 0 392.5 346.5 27.7 23.4
2.233333 0 393.3 346.6 27.8 23.4
2.266667 0 394.1 346.6 27.8 23.4
2.300000 0 394.8 346.7 27.9 23.4
2.333333 0 395.6 346.8 27.9 23.5
2.366667 0 396.4 346.9 27.9 23.5
2.400000 0 397.1 347.0 28.0 23.5
2.433333 0 397.9 347.0 28.0 23.5
2.466667 0 398.6 347.1 28.1 23.5
2.500000 0 399.4 347.2 28.1 23.5
2.533333 0 400.2 347.3 28.1 23.6
2.566667 0 400.9 347.4 28.2 23.6
2.600000 0 401.7 347.4 28.2 23.6
2.633333 0 402.5 347.5 28.3 23.6
2.666667 0 403.2 347.6 28.3 23.6
2.700000 0 404.0 347.7 28.3 23.7
2.733333 0 404.8 347.7 28.4 23.7
2.766667 0 405.5 347.8 28.4 23.7
2.800000 0 406.3 347.9 28.5 23.7
2.833333 0 407.1 348.0 28.5 23.7
2.866667 0 407.8 348.1 28.5 23.8
2.900000 0 408.6 348.1 28.6 23.8
2.933333 0 409.4 348.2 28.6 23.8
2.966667 0 410.1 348.3 28.6 23.8
3.000000 0 410.9 348.4 28.7 23.8
3.033333 0 411.6 348.5 28.7 23.9
3.066667 0 412.4 348.5 28.8 23.9
3.100000 0 413.2 348.6 28.8 23.9
3.133333 0 413.9 348.7 28.8 23.9
3.166667 0 414.7 348.8 28.9 23.9
3.200000 0 415.5 348.8 28.9 24.0
3.233333 0 416.2 348.9 29.0 24.0
3.266667 0 417.0 349.0 29.0 24.0
3.300000 0 417.8 349.0 29.0 24.2
3.333333 0 418.7 349.1 29.1 24.4
3.366667 0 419.5 349.1 29.1 24.6
3.400000 0 420.3 349.1 29.1 24.7
3.433333 0 421.2 349.2 29.2 24.9
3.466667 0 422.0 349.2 29.2 25.1
3.500000 0 422.8 349.3 29.3 25.3
3.533333 0 423.7 349.3 29.3 25.5
3.566667 0 424.5 349.3 29.3 25.7
3.600000 0 425.3 349.4 29.4 25.9
3.633333 0 426.2 349.4 29.4 26.0
3.666667 0 427.0 349.4 29.4 26.2
3.700000 0 427.8 349.5 29.5 26.4
3.733333 0 428.7 349.5 29.5 26.6
3.766667 0 429.5 349.6 29.6 26.8
3.800000 0 430.3 349.6 29.6 27.0
3.833333 0 431.2 349.6 29.6 27.1
3.866667 0 432.0 349.7 29.7 27.3
3.900000 0 432.8 349.7 29.7 27.5
3.933333 0 433.7 349.7 29.7 27.7
3.966667 0 434.5 349.8 29.8 27.9
4.000000 0 435.3 349.8 29.8 28.1
4.033333 0 436.2 349.9 29.9 28.3
4.066667 0 437.0 349.9 29.9 28.4
4.100000 0 437.8 349.9 29.9 28.6
4.133333 0 438.7 350.0 30.0 28.8
4.166667 0 439.5 350.0 30.0 29.0
4.200000 0 440.3 350.0 30.0 29.2
4.233333 0 441.2 350.1 30.1 29.4
4.266667 0 442.0 350.1 30.1 29.6
4.300000 0 442.8 350.1 30.1 29.7
4.333333 0 443.7 350.2 30.2 29.9
4.366667 0 444.5 350.2 30.2 30.1
4.400000 0 445.3 350.3 30.3 30.3
4.433333 0 446.2 350.3 30.3 30.5
4.466667 0 447.0 350.3 30.3 30.7
4.500000 0 447.8 350.4 30.4 30.9
4.533333 0 448.7 350.4 30.4 31.0
4.566667 0 449.5 350.4 30.4 31.2
4.600000 0 450.3 350.5 30.5 31.4
4.633333 0 451.2 350.5 30.5 31.6
4.666667 0 452.0 350.6 30.6 31.8
4.700000 0 452.8 350.6 30.6 32.0
4.733333 0 453.7 350.6 30.6 32.1
4.766667 0 454.5 350.7 30.7 32.3
4.800000 0 455.3 350.7 30.7 32.5
4.833333 0 456.2 350.7 30.7 32.7
4.866667 0 457.0 350.8 30.8 32.9
4.900000 0 457.8 350.8 30.8 33.1
4.933333 0 458.7 350.9 30.9 33.3
4.966667 0 459.5 350.9 30.9 33.4
5.000000 0 460.3 350.9 30.9 33.6
5.033333 0 461.2 351.0 31.0 33.8
5.066667 0 462.0 351.0 31.0 34.0
5.100000 0 462.8 351.1 30.9 33.9
5.133333 0 463.5 351.3 30.9 33.7
5.166667 0 464.3 351.4 30.8 33.6
5.200000 0 465.1 351.5 30.8 33.4
5.233333 0 465.9 351.6 30.7 33.3
5.266667 0 466.6 351.8 30.7 33.2
5.300000 0 467.4 351.9 30.6 33.0
5.333333 0 468.2 352.0 30.5 32.9
5.366667 0 469.0 352.1 30.5 32.7
5.400000 0 469.7 352.3 30.4 32.6
5.433333 0 470.5 352.4 30.4 32.5
5.466667 0 471.3 352.5 30.3 32.3
5.500000 0 472.1 352.6 30.3 32.2
5.533333 0 472.8 352.8 30.2 32.0
5.566667 0 473.6 352.9 30.2 31.9
5.600000 0 474.4 353.0 30.1 31.7
5.633333 0 475.2 353.2 30.0 31.6
5.666667 0 475.9 353.3 30.0 31.5
5.700000 0 476.7 353.4 29.9 31.3
5.733333 0 477.5 353.5 29.9 31.2
5.766667 0 478.3 353.7 29.8 31.0
5.800000 0 479.0 353.8 29.8 30.9
5.833333 0 479.8 353.9 29.7 30.8
5.866667 0 480.6 354.0 29.6 30.6
5.900000 0 481.4 354.2 29.6 30.5
5.933333 0 482.1 354.3 29.5 30.3
5.966667 0 482.9 354.4 29.5 30.2
6.000000 0 483.7 354.5 29.4 30.1
6.033333 0 484.5 354.7 29.4 29.9
6.066667 0 485.2 354.8 29.3 29.8
6.100000 0 486.0 354.9 29.3 29.6
6.133333 0 486.8 355.1 29.2 29.5
6.166667 0 487.6 355.2 29.1 29.4
6.200000 0 488.3 355.3 29.1 29.2
6.233333 0 489.1 355.4 29.0 29.1
6.266667 0 489.9 355.6 29.0 28.9
6.300000 0 490.7 355.7 28.9 28.8
6.333333 0 491.4 355.8 28.9 28.6
6.366667 0 492.2 355.9 28.8 28.5
6.400000 0 493.0 356.1 28.7 28.4
6.433333 0 493.8 356.2 28.7 28.2
6.466667 0 494.5 356.3 28.6 28.1
6.500000 0 495.3 356.5 28.6 27.9
6.533333 0 496.1 356.6 28.5 27.8
6.566667 0 496.9 356.7 28.5 27.7
6.600000 0 497.6 356.8 28.4 27.5
6.633333 0 498.4 357.0 28.4 27.4
6.666667 0 499.2 357.1 28.3 27.2
6.700000 0 500.0 357.2 28.2 27.1
6.733333 0 500.7 357.3 28.2 27.0
6.766667 0 501.5 357.5 28.1 26.8
6.800000 0 502.3 357.6 28.1 26.7
6.833333 0 503.1 357.7 28.0 26.5
6.866667 0 503.8 357.8 28.0 26.4
6.900000 0 504.6 358.0 27.9 26.3
6.933333 0 505.4 358.1 27.8 26.1
6.966667 0 506.2 358.2 27.8 26.0
7.000000 0 506.9 358.4 27.7 25.8
7.033333 0 507.7 358.5 27.7 25.7
7.066667 0 508.5 358.6 27.6 25.5
7.100000 0 509.3 358.7 27.6 25.4
7.133333 0 510.0 358.9 27.5 25.3
7.166667 0 510.8 359.0 27.5 25.1
7.200000 0 511.6 359.1 27.4 25.0
7.233333 0 512.4 359.2 27.3 24.8
7.266667 0 513.1 359.4 27.3 24.7
7.300000 0 513.9 359.5 27.2 24.6
7.333333 0 514.7 359.6 27.2 24.4
7.366667 0 515.5 359.7 27.1 24.3
7.400000 0 516.2 359.9 27.1 24.1
7.433333 0 517.0 360.0 27.0 24.0
7.466667 0 517.8 360.1 27.0 24.0
7.500000 0 518.6 360.2 27.0 24.0
7.533333 0 519.4 360.2 27.0 24.0
7.566667 0 520.1 360.3 27.0 24.1
7.600000 0 520.9 360.4 27.0 24.1
7.633333 0 521.7 360.5 27.0 24.1
7.666667 0 522.5 360.5 27.0 24.1
7.700000 0 523.3 360.6 27.0 24.1
7.733333 0 524.1 360.7 27.0 24.1
7.766667 0 524.8 360.8 27.0 24.1
7.800000 0 525.6 360.8 27.0 24.1
7.833333 0 526.4 360.9 27.0 24.2
7.866667 0 527.2 361.0 27.0 24.2
7.900000 0 528.0 361.1 27.0 24.2
7.933333 0 528.8 361.1 27.0 24.2
7.966667 0 529.6 361.2 27.0 24.2
8.000000 0 530.3 361.3 27.0 24.2
8.033333 0 531.1 361.4 27.0 24.2
8.066667 0 531.9 361.4 27.0 24.2
8.100000 0 532.7 361.5 27.0 24.3
8.133333 0 533.5 361.6 27.0 24.3
8.166667 0 534.3 361.7 27.0 24.3
8.200000 0 535.1 361.7 27.0 24.3
8.233333 0 535.8 361.8 27.0 24.3
8.266667 0 536.6 361.9 27.0 24.3
8.300000 0 537.4 362.0 27.0 24.3
8.333333 0 538.2 362.1 27.0 24.3
8.366667 0 539.0 362.1 27.0 24.4
8.400000 0 539.8 362.2 27.0 24.4
8.433333 0 540.5 362.3 27.0 24.4
8.466667 0 541.3 362.4 27.0 24.4
8.500000 0 542.1 362.4 27.0 24.4
8.533333 0 542.9 362.5 27.0 24.4
8.566667 0 543.7 362.6 27.0 24.4
8.600000 0 544.5 362.7 27.0 24.4
8.633333 0 545.3 362.7 27.0 24.5
8.666667 0 546.0 362.8 27.0 24.5
8.700000 0 546.8 362.9 27.0 24.5
8.733333 0 547.6 363.0 27.0 24.5
8.766667 0 548.4 363.0 27.0 24.5
8.800000 0 549.2 363.1 27.0 24.5
8.833333 0 550.0 363.2 27.0 24.5
8.866667 0 550.7 363.3 27.0 24.5
8.900000 0 551.5 363.3 27.0 24.6
8.933333 0 552.3 363.4 27.0 24.6
8.966667 0 553.1 363.5 27.0 24.6
9.000000 0 553.9 363.6 27.0 24.6
9.033333 0 554.7 363.6 27.0 24.6
9.066667 0 555.5 363.7 27.0 24.6
9.100000 0 556.2 363.8 27.0 24.6
9.133333 0 557.0 363.9 27.0 24.6
9.166667 0 557.8 363.9 27.0 24.7
9.200000 0 558.6 364.0 27.0 24.7
9.233333 0 559.4 364.1 27.0 24.7
9.266667 0 560.2 364.2 27.0 24.7
9.300000 0 560.9 364.3 27.0 24.7
9.333333 0 561.7 364.3 27.0 24.7
9.366667 0 562.5 364.4 27.0 24.7
9.400000 0 563.3 364.5 27.0 24.7
9.433333 0 564.1 364.6 27.0 24.8
9.466667 0 564.9 364.6 27.0 24.8
9.500000 0 565.7 364.7 27.0 24.8
9.533333 0 566.4 364.8 27.0 24.8
9.566667 0 567.2 364.9 27.0 24.8
9.600000 0 568.0 364.9 27.0 24.8
9.633333 0 568.8 365.0 27.0 24.8
9.666667 0 569.6 365.1 27.0 24.8
9.700000 0 570.4 365.2 27.0 24.9
9.733333 0 571.2 365.2 27.0 24.9
9.766667 0 571.9 365.3 27.0 24.9
9.800000 0 572.7 365.4 27.0 24.9
9.833333 0 573.5 365.5 27.0 24.9
9.866667 0 574.3 365.5 27.0 24.9
9.900000 0 575.1 365.6 27.0 24.9
9.933333 0 575.9 365.7 27.0 24.9
9.966667 0 576.6 365.8 27.0 25.0
10.000000 0 577.4 365.8 27.0 25.0
10.033333 0 578.2 365.9 27.0 25.0
10.066667 0 579.0 366.0 27.0 25.0
