0.033333 0 164.0 214.0 31.0 28.0
0.066667 0 165.6 213.4 31.0 27.9
0.100000 0 167.3 212.7 31.0 27.8
0.133333 0 168.9 212.1 31.1 27.6
0.166667 0 170.6 211.4 31.1 27.5
0.200000 0 172.2 210.8 31.1 27.4
0.233333 0 173.9 210.1 31.1 27.3
0.266667 0 175.5 209.5 31.1 27.1
0.300000 0 177.2 208.8 31.2 27.0
0.333333 0 178.8 208.2 31.2 26.9
0.366667 0 180.5 207.5 31.2 26.8
0.400000 0 182.1 206.9 31.2 26.6
0.433333 0 183.7 206.3 31.2 26.5
0.466667 0 185.4 205.6 31.3 26.4
0.500000 0 187.0 205.0 31.3 26.3
0.533333 0 188.7 204.3 31.3 26.1
0.566667 0 190.3 203.7 31.3 26.0
0.600000 0 192.0 203.0 31.4 25.9
0.633333 0 193.6 202.4 31.4 25.8
0.666667 0 195.3 201.7 31.4 25.6
0.700000 0 196.9 201.1 31.4 25.5
0.733333 0 198.6 200.4 31.4 25.4
0.766667 0 200.2 199.8 31.5 25.3
0.800000 0 201.9 199.1 31.5 25.1
0.833333 0 203.5 198.5 31.5 25.0
0.866667 0 205.1 197.9 31.5 24.9
0.900000 0 206.8 197.2 31.5 24.8
0.933333 0 208.4 196.6 31.6 24.6
0.966667 0 210.1 195.9 31.6 24.5
1.000000 0 211.7 195.3 31.6 24.4
1.033333 0 213.4 194.6 31.6 24.3
1.066667 0 215.0 194.0 31.6 24.1
1.100000 0 216.7 193.3 31.7 24.0
1.133333 0 218.3 192.7 31.7 23.9
1.166667 0 220.0 192.0 31.7 23.8
1.200000 0 221.6 191.4 31.7 23.6
1.233333 0 223.2 190.8 31.7 23.5
1.266667 0 224.9 190.1 31.8 23.4
1.300000 0 226.5 189.5 31.8 23.3
1.333333 0 228.2 188.8 31.8 23.1
1.366667 0 229.8 188.2 31.8 23.0
1.400000 0 231.5 187.5 31.9 22.9
1.433333 0 233.1 186.9 31.9 22.8
1.466667 0 234.8 186.2 31.9 22.6
1.500000 0 236.4 185.6 31.9 22.5
1.533333 0 238.1 184.9 31.9 22.4
1.566667 0 239.7 184.3 32.0 22.3
1.600000 0 241.4 183.6 32.0 22.1
1.633333 0 243.0 183.0 32.0 22.0
1.666667 0 244.7 182.2 31.9 22.0
1.700000 0 246.5 181.4 31.9 21.9
1.733333 0 248.2 180.6 31.8 21.9
1.766667 0 250.0 179.9 31.7 21.9
1.800000 0 251.7 179.1 31.6 21.9
1.833333 0 253.4 178.3 31.6 21.8
1.866667 0 255.2 177.5 31.5 21.8
1.900000 0 256.9 176.7 31.4 21.8
1.933333 0 258.7 175.9 31.3 21.7
1.966667 0 260.4 175.1 31.3 21.7
2.000000 0 262.1 174.4 31.2 21.7
2.033333 0 263.9 173.6 31.1 21.6
2.066667 0 265.6 172.8 31.0 21.6
2.100000 0 267.4 172.0 31.0 21.6
2.133333 0 269.1 171.2 30.9 21.6
2.166667 0 270.9 170.4 30.8 21.5
2.200000 0 272.6 169.6 30.7 21.5
2.233333 0 274.3 168.9 30.7 21.5
2.266667 0 276.1 168.1 30.6 21.4
2.300000 0 277.8 167.3 30.5 21.4
2.333333 0 279.6 166.5 30.4 21.4
2.366667 0 281.3 165.7 30.4 21.4
2.400000 0 283.0 164.9 30.3 21.3
2.433333 0 284.8 164.2 30.2 21.3
2.466667 0 286.5 163.4 30.1 21.3
2.500000 0 288.3 162.6 30.1 21.2
2.533333 0 290.0 161.8 30.0 21.2
2.566667 0 291.6 161.0 30.4 21.3
2.600000 0 293.2 160.1 30.8 21.3
2.633333 0 294.8 159.3 31.2 21.4
2.666667 0 296.5 158.5 31.5 21.4
2.700000 0 298.1 157.6 31.9 21.5
2.733333 0 299.7 156.8 32.3 21.6
2.766667 0 301.3 156.0 32.7 21.6
2.800000 0 302.9 155.2 33.1 21.7
2.833333 0 304.5 154.3 33.5 21.8
2.866667 0 306.2 153.5 33.8 21.8
2.900000 0 307.8 152.7 34.2 21.9
2.933333 0 309.4 151.8 34.6 21.9
2.966667 0 311.0 151.0 35.0 22.0
3.000000 0 312.8 150.3 34.8 22.1
3.033333 0 314.6 149.5 34.5 22.1
3.066667 0 316.4 148.8 34.3 22.2
3.100000 0 318.2 148.0 34.0 22.2
3.133333 0 320.1 147.3 33.8 22.3
3.166667 0 321.9 146.5 33.5 22.4
3.200000 0 323.7 145.8 33.3 22.4
3.233333 0 325.5 145.0 33.0 22.5
3.266667 0 327.3 144.3 32.8 22.6
3.300000 0 329.1 143.5 32.5 22.6
3.333333 0 330.9 142.8 32.3 22.7
3.366667 0 332.7 142.0 32.0 22.7
3.400000 0 334.6 141.3 31.8 22.8
3.433333 0 336.4 140.5 31.5 22.9
3.466667 0 338.2 139.8 31.3 22.9
3.500000 0 340.0 139.0 31.0 23.0
3.533333 0 341.9 138.7 31.0 22.6
3.566667 0 343.7 138.4 31.0 22.1
3.600000 0 345.6 138.1 31.0 21.7
3.633333 0 347.4 137.9 31.0 21.3
3.666667 0 349.3 137.6 31.0 20.9
3.700000 0 351.1 137.3 31.0 20.4
3.733333 0 353.0 137.0 31.0 20.0
3.766667 0 358.0 139.0 30.0 19.0
3.800000 0 357.0 138.0 30.0 22.0
3.833333 0 358.5 139.5 31.0 24.0
3.866667 0 360.0 141.0 32.0 26.0
3.900000 0 362.0 143.8 31.6 25.6
3.933333 0 364.0 146.6 31.2 25.2
3.966667 0 366.0 149.4 30.8 24.8
4.000000 0 368.0 152.2 30.4 24.4
4.033333 0 370.0 155.0 30.0 24.0
4.066667 0 371.7 156.8 30.3 23.7
4.100000 0 373.5 158.6 30.5 23.5
4.133333 0 375.2 162.0 30.0 23.0
4.166667 0 376.9 165.3 31.0 22.0
4.200000 0 378.6 168.6 31.0 22.0
4.233333 0 380.4 168.2 31.0 22.0
4.266667 0 383.6 169.2 31.0 22.0
4.300000 0 384.6 172.5 32.0 21.0
4.333333 0 385.5 171.4 32.5 21.5
4.366667 0 387.3 173.2 32.7 21.3
4.400000 0 389.0 175.0 33.0 21.0
4.433333 0 391.1 175.3 32.7 21.1
4.466667 0 393.2 175.5 32.5 21.2
4.500000 0 395.3 175.8 32.2 21.3
4.533333 0 397.4 176.1 31.9 21.4
4.566667 0 399.5 176.4 31.6 21.5
4.600000 0 401.5 176.6 31.4 21.5
4.633333 0 403.6 176.9 31.1 21.6
4.666667 0 405.7 177.2 30.8 21.7
4.700000 0 407.8 177.5 30.5 21.8
4.733333 0 409.9 177.7 30.3 21.9
4.766667 0 412.0 178.0 30.0 22.0
4.800000 0 136.0 169.0 36.0 34.0
4.833333 0 138.0 169.6 35.8 33.7
4.866667 0 140.0 170.2 35.7 33.5
4.900000 0 142.0 170.8 35.5 33.2
4.933333 0 144.0 171.3 35.3 33.0
4.966667 0 146.0 171.9 35.2 32.7
5.000000 0 148.0 172.5 35.0 32.5
5.033333 0 150.0 173.1 34.8 32.2
5.066667 0 152.0 173.7 34.7 32.0
5.100000 0 154.0 174.3 34.5 31.7
5.133333 0 156.0 174.8 34.3 31.5
5.166667 0 158.0 175.4 34.2 31.2
5.200000 0 160.0 176.0 34.0 31.0
5.233333 0 162.3 176.5 33.6 30.9
5.266667 0 164.6 176.9 33.3 30.8
5.300000 0 166.9 177.4 32.9 30.6
5.333333 0 169.2 177.9 32.6 30.5
5.366667 0 171.5 178.4 32.2 30.4
5.400000 0 173.8 178.8 31.9 30.3
5.433333 0 176.1 179.3 31.5 30.2
5.466667 0 178.4 179.8 31.2 30.1
5.500000 0 180.6 180.2 30.8 29.9
5.533333 0 182.9 180.7 30.5 29.8
5.566667 0 185.2 181.2 30.1 29.7
5.600000 0 187.5 181.6 29.8 29.6
5.633333 0 189.8 182.1 29.4 29.5
5.666667 0 192.1 182.6 29.1 29.4
5.700000 0 194.4 183.1 28.7 29.2
5.733333 0 196.7 183.5 28.4 29.1
5.766667 0 199.0 184.0 28.0 29.0
5.800000 0 200.6 184.2 28.8 29.3
5.833333 0 202.3 184.4 29.6 29.5
5.866667 0 203.9 184.5 30.5 29.8
5.900000 0 205.5 184.7 31.3 30.1
5.933333 0 207.2 184.9 32.1 30.4
5.966667 0 208.8 185.1 32.9 30.6
6.000000 0 210.5 185.3 33.7 30.9
6.033333 0 212.1 185.5 34.5 31.2
6.066667 0 213.7 185.6 35.4 31.5
6.100000 0 215.4 185.8 36.2 31.7
6.133333 0 217.0 186.0 37.0 32.0
6.166667 0 219.5 186.6 36.5 31.7
6.200000 0 221.9 187.2 36.1 31.3
6.233333 0 224.4 187.8 35.6 31.0
6.266667 0 226.9 188.4 35.1 30.7
6.300000 0 229.3 189.0 34.7 30.3
6.333333 0 231.8 189.6 34.2 30.0
6.366667 0 234.3 190.2 33.7 29.7
6.400000 0 236.7 190.8 33.3 29.3
6.433333 0 239.2 191.4 32.8 29.0
6.466667 0 241.7 192.0 32.3 28.7
6.500000 0 244.1 192.6 31.9 28.3
6.533333 0 246.6 193.2 31.4 28.0
6.566667 0 249.1 193.8 30.9 27.7
6.600000 0 251.5 194.4 30.5 27.3
6.633333 0 254.0 195.0 30.0 27.0
6.666667 0 255.7 195.4 30.1 27.0
6.700000 0 257.4 195.9 30.1 27.1
6.733333 0 259.1 196.3 30.2 27.1
6.766667 0 260.8 196.7 30.2 27.2
6.800000 0 262.5 197.2 30.3 27.2
6.833333 0 264.2 197.6 30.4 27.2
6.866667 0 265.9 198.0 30.4 27.3
6.900000 0 267.6 198.5 30.5 27.3
6.933333 0 269.4 198.9 30.5 27.4
6.966667 0 271.1 199.3 30.6 27.4
7.000000 0 272.8 199.7 30.6 27.4
7.033333 0 274.5 200.2 30.7 27.5
7.066667 0 276.2 200.6 30.8 27.5
7.100000 0 277.9 201.0 30.8 27.5
7.133333 0 279.6 201.5 30.9 27.6
7.166667 0 281.3 201.9 30.9 27.6
7.200000 0 283.0 202.3 31.0 27.7
7.233333 0 284.7 202.8 31.1 27.7
7.266667 0 286.4 203.2 31.1 27.7
7.300000 0 288.1 203.6 31.2 27.8
7.333333 0 289.8 204.1 31.2 27.8
7.366667 0 291.5 204.5 31.3 27.9
7.400000 0 293.2 204.9 31.4 27.9
7.433333 0 294.9 205.4 31.4 27.9
7.466667 0 296.6 205.8 31.5 28.0
7.500000 0 298.4 206.2 31.5 28.0
7.533333 0 300.1 206.6 31.6 28.1
7.566667 0 301.8 207.1 31.6 28.1
7.600000 0 303.5 207.5 31.7 28.1
7.633333 0 305.2 207.9 31.8 28.2
7.666667 0 306.9 208.4 31.8 28.2
7.700000 0 308.6 208.8 31.9 28.3
7.733333 0 310.3 209.2 31.9 28.3
7.766667 0 312.0 209.7 32.0 28.3
7.800000 0 313.7 210.1 32.1 28.4
7.833333 0 315.4 210.5 32.1 28.4
7.866667 0 317.1 211.0 32.2 28.5
7.900000 0 318.8 211.4 32.2 28.5
7.933333 0 320.5 211.8 32.3 28.5
7.966667 0 322.2 212.3 32.4 28.6
8.000000 0 323.9 212.7 32.4 28.6
8.033333 0 325.6 213.1 32.5 28.6
8.066667 0 327.4 213.5 32.5 28.7
8.100000 0 329.1 214.0 32.6 28.7
8.133333 0 330.8 214.4 32.6 28.8
8.166667 0 332.5 214.8 32.7 28.8
8.200000 0 334.2 215.3 32.8 28.8
8.233333 0 335.9 215.7 32.8 28.9
8.266667 0 337.6 216.1 32.9 28.9
8.300000 0 339.3 216.6 32.9 29.0
8.333333 0 341.0 217.0 33.0 29.0
8.366667 0 342.9 217.5 32.9 29.0
8.400000 0 344.8 218.0 32.8 29.0
8.433333 0 346.7 218.5 32.7 29.0
8.466667 0 348.5 219.0 32.6 28.9
8.500000 0 350.4 219.5 32.5 28.9
8.533333 0 352.3 220.0 32.4 28.9
8.566667 0 354.2 220.5 32.3 28.9
8.600000 0 356.1 221.0 32.2 28.9
8.633333 0 358.0 221.5 32.1 28.9
8.666667 0 359.9 222.0 32.0 28.8
8.700000 0 361.8 222.5 31.9 28.8
8.733333 0 363.6 223.0 31.8 28.8
8.766667 0 365.5 223.5 31.7 28.8
8.800000 0 367.4 224.0 31.6 28.8
8.833333 0 369.3 224.5 31.5 28.8
8.866667 0 371.2 225.0 31.5 28.7
8.900000 0 373.1 225.5 31.4 28.7
8.933333 0 375.0 226.0 31.3 28.7
8.966667 0 376.9 226.5 31.2 28.7
9.000000 0 378.7 227.0 31.1 28.7
9.033333 0 380.6 227.5 31.0 28.7
9.066667 0 382.5 228.0 30.9 28.6
9.100000 0 384.4 228.5 30.8 28.6
9.133333 0 386.3 229.0 30.7 28.6
9.166667 0 388.2 229.5 30.6 28.6
9.200000 0 390.1 230.0 30.5 28.6
9.233333 0 392.0 230.5 30.4 28.6
9.266667 0 393.8 231.0 30.3 28.5
9.300000 0 395.7 231.5 30.2 28.5
9.333333 0 397.6 232.0 30.1 28.5
9.366667 0 399.5 232.5 30.0 28.5
9.400000 0 401.4 233.0 29.9 28.5
9.433333 0 403.3 233.5 29.8 28.5
9.466667 0 405.2 234.0 29.7 28.5
9.500000 0 407.0 234.5 29.6 28.4
9.533333 0 408.9 235.0 29.5 28.4
9.566667 0 410.8 235.5 29.4 28.4
9.600000 0 412.7 236.0 29.3 28.4
9.633333 0 414.6 236.5 29.2 28.4
9.666667 0 416.5 237.0 29.1 28.4
9.700000 0 418.4 237.5 29.0 28.3
9.733333 0 420.3 238.0 28.9 28.3
9.766667 0 422.1 238.5 28.8 28.3
9.800000 0 424.0 239.0 28.7 28.3
9.833333 0 425.9 239.5 28.6 28.3
9.866667 0 427.8 240.0 28.5 28.3
9.900000 0 429.7 240.5 28.5 28.2
9.933333 0 431.6 241.0 28.4 28.2
9.966667 0 433.5 241.5 28.3 28.2
10.000000 0 435.4 242.0 28.2 28.2
10.033333 0 437.2 242.5 28.1 28.2
10.066667 0 439.1 243.0 28.0 28.2
10.100000 0 441.0 243.5 27.9 28.1
10.133333 0 442.9 244.0 27.8 28.1
10.166667 0 444.8 244.5 27.7 28.1
10.200000 0 446.7 245.0 27.6 28.1
10.233333 0 448.6 245.5 27.5 28.1
10.266667 0 450.5 246.0 27.4 28.1
10.300000 0 452.3 246.5 27.3 28.0
10.333333 0 454.2 247.0 27.2 28.0
10.366667 0 456.1 247.5 27.1 28.0
10.400000 0 458.0 248.0 27.0 28.0
