0.000000 0 342.0 151.0 49.0 37.0
0.033333 0 342.7 150.0 49.7 37.7
0.066667 0 340.9 151.9 49.4 37.4
0.100000 0 340.3 151.9 49.1 37.3
0.133333 0 340.2 151.9 49.8 37.9
0.166667 0 339.2 150.9 49.3 37.4
0.200000 0 337.2 151.9 49.7 37.7
0.233333 0 338.8 151.0 49.2 37.1
0.266667 0 344.0 148.5 49.2 37.2
0.300000 0 345.4 151.0 49.7 37.6
0.333333 0 345.5 149.4 49.4 37.3
0.366667 0 348.4 152.4 49.4 37.3
0.400000 0 350.7 150.3 49.6 37.5
0.433333 0 348.8 151.2 49.6 37.5
0.466667 0 347.7 152.9 49.6 37.5
0.500000 0 345.9 151.8 49.4 37.4
0.533333 0 347.3 152.7 49.0 37.1
0.566667 0 344.7 151.3 49.5 37.5
0.600000 0 346.5 152.4 49.4 37.4
0.633333 0 351.8 149.9 49.5 37.5
0.666667 0 351.5 150.4 49.6 37.7
0.700000 0 351.3 152.4 49.3 37.3
0.733333 0 351.5 151.7 49.1 37.2
0.766667 0 351.7 151.4 49.8 37.9
0.800000 0 350.5 150.8 49.6 37.5
0.833333 0 350.3 152.1 49.6 37.5
0.866667 0 352.4 150.9 50.1 38.0
0.900000 0 350.4 150.7 49.7 37.7
0.933333 0 351.3 150.5 50.3 38.3
0.966667 0 350.2 151.4 49.9 38.0
1.000000 0 352.2 151.7 50.1 38.0
1.033333 0 351.5 152.5 50.3 38.3
1.066667 0 353.0 153.7 50.2 38.1
1.100000 0 354.0 154.0 50.3 38.3
1.133333 0 354.1 153.5 50.3 38.2
1.166667 0 352.7 154.3 50.1 38.2
1.200000 0 353.7 155.3 50.2 38.4
1.233333 0 356.2 155.6 50.6 38.6
1.266667 0 355.0 156.3 50.6 38.6
1.300000 0 354.0 156.5 50.8 38.8
1.333333 0 354.9 156.5 50.1 38.1
1.366667 0 351.2 156.6 50.8 38.9
1.400000 0 350.8 156.7 50.3 38.2
1.433333 0 353.0 156.7 50.8 38.8
1.466667 0 356.1 158.0 51.3 39.4
1.500000 0 356.7 158.9 50.8 38.9
1.533333 0 356.6 158.9 50.8 39.0
1.566667 0 359.8 157.9 50.9 39.1
1.600000 0 361.7 158.7 50.6 38.6
1.633333 0 359.7 158.9 50.6 38.8
1.666667 0 358.9 158.6 51.2 39.4
1.700000 0 356.7 159.2 51.5 39.6
1.733333 0 358.1 159.2 51.2 39.2
1.766667 0 353.7 159.3 51.3 39.4
1.800000 0 352.8 159.0 51.4 39.4
1.833333 0 350.7 159.3 51.5 39.6
1.866667 0 347.6 159.2 51.7 39.9
1.900000 0 345.8 159.3 51.5 39.8
1.933333 0 346.7 159.1 51.6 39.8
1.966667 0 344.0 159.3 51.6 39.9
2.000000 0 341.7 159.3 51.7 40.0
2.033333 0 339.4 158.4 51.1 39.2
2.066667 0 337.1 158.7 51.4 39.7
2.100000 0 335.5 159.8 51.5 39.6
2.133333 0 336.5 159.5 51.2 39.4
2.166667 0 334.5 159.6 51.2 39.4
2.200000 0 339.4 160.3 51.3 39.3
2.233333 0 341.5 161.1 51.6 39.6
2.266667 0 342.5 160.5 51.8 40.0
2.300000 0 344.1 160.6 51.5 39.8
2.333333 0 343.5 160.3 51.9 40.2
2.366667 0 341.9 159.8 51.7 39.8
2.400000 0 340.8 158.5 51.9 40.1
2.433333 0 339.1 159.2 51.6 39.7
2.466667 0 336.5 157.9 52.2 40.4
2.500000 0 334.5 156.4 51.5 39.8
2.533333 0 335.5 157.2 51.5 39.7
2.566667 0 332.7 156.8 52.0 40.2
2.600000 0 331.2 157.9 51.5 39.6
2.633333 0 328.4 156.9 52.1 40.2
2.666667 0 326.4 157.6 52.0 40.1
2.700000 0 325.3 157.8 51.7 39.8
2.733333 0 325.7 158.0 52.1 40.5
2.766667 0 330.6 153.8 52.2 40.3
2.800000 0 337.4 154.8 52.0 40.2
2.833333 0 340.5 154.7 52.3 40.4
2.866667 0 340.3 153.4 51.6 39.9
2.900000 0 338.2 154.3 51.5 39.8
2.933333 0 338.6 153.4 52.2 40.4
2.966667 0 336.5 154.6 52.3 40.4
3.000000 0 334.3 153.8 51.6 39.7
3.033333 0 333.1 154.6 51.6 39.8
3.066667 0 331.1 155.3 51.5 39.8
3.100000 0 328.1 153.4 51.6 39.9
3.133333 0 329.4 153.8 52.3 40.4
3.166667 0 326.3 153.6 52.2 40.3
3.200000 0 324.3 154.3 51.5 39.7
3.233333 0 321.2 153.6 51.6 39.9
3.266667 0 319.2 153.9 51.7 39.7
3.300000 0 316.3 154.3 52.1 40.3
3.333333 0 317.7 154.0 52.1 40.4
3.366667 0 314.3 153.9 51.7 39.8
3.400000 0 313.2 153.5 51.7 39.9
3.433333 0 311.6 154.0 52.2 40.6
3.466667 0 320.5 150.6 52.4 40.5
3.500000 0 326.1 150.2 51.7 39.9
3.533333 0 324.1 150.8 51.7 39.8
3.566667 0 326.6 151.0 52.2 40.5
3.600000 0 325.8 150.5 52.0 40.2
3.633333 0 322.6 150.0 52.3 40.7
3.666667 0 321.8 150.4 52.1 40.3
3.700000 0 319.5 149.7 52.4 40.6
3.733333 0 321.1 150.5 51.9 40.1
3.766667 0 317.2 149.4 52.0 40.3
3.800000 0 315.3 150.2 51.9 40.2
3.833333 0 313.2 149.9 52.0 40.2
3.866667 0 310.2 149.7 52.5 40.7
3.900000 0 307.4 150.7 52.5 40.9
3.933333 0 308.9 150.4 52.1 40.3
3.966667 0 305.2 150.9 52.4 40.8
4.000000 0 303.1 149.5 52.1 40.3
4.033333 0 300.2 149.6 52.5 40.8
4.066667 0 298.2 151.0 52.4 40.8
4.100000 0 296.2 150.2 52.0 40.4
4.133333 0 297.2 150.8 52.3 40.4
4.166667 0 293.8 149.8 52.1 40.3
4.200000 0 291.1 151.6 52.0 40.2
4.233333 0 288.3 150.5 52.6 40.8
4.266667 0 286.2 149.7 52.4 40.6
4.300000 0 283.9 151.1 51.9 40.3
4.333333 0 285.2 150.4 52.0 40.3
4.366667 0 281.3 151.2 51.9 40.3
4.400000 0 278.9 149.1 51.9 40.3
4.433333 0 276.2 149.7 52.3 40.6
4.466667 0 273.3 151.1 52.7 41.0
4.500000 0 271.7 150.1 52.1 40.6
4.533333 0 272.5 150.9 52.4 40.8
4.566667 0 270.0 149.8 52.0 40.1
4.600000 0 268.1 151.7 52.2 40.3
4.633333 0 278.2 148.2 52.0 40.3
4.666667 0 288.2 147.5 52.6 40.8
4.700000 0 269.0 327.0 91.0 47.0
4.733333 0 271.4 327.1 91.2 47.2
4.766667 0 273.1 327.1 91.3 47.2
4.800000 0 275.6 326.7 91.7 47.6
4.833333 0 278.3 326.9 91.8 47.6
4.866667 0 279.9 326.6 91.9 47.7
4.900000 0 282.3 326.8 92.1 47.7
4.933333 0 285.1 326.5 92.3 47.9
4.966667 0 286.4 326.7 92.3 47.9
5.000000 0 289.1 326.3 92.7 48.1
5.033333 0 292.0 326.3 92.8 48.2
5.066667 0 293.3 326.3 92.9 48.2
5.100000 0 296.0 326.1 93.2 48.4
5.133333 0 297.2 325.9 93.5 48.6
5.166667 0 299.9 325.9 93.6 48.6
5.200000 0 301.3 325.8 93.7 48.7
5.233333 0 304.0 325.8 93.8 48.7
5.266667 0 305.4 325.7 93.9 48.6
5.300000 0 308.0 325.6 94.2 48.8
5.333333 0 309.5 325.3 94.5 49.0
5.366667 0 311.9 325.2 94.9 49.3
5.400000 0 314.5 325.3 95.0 49.2
5.433333 0 315.9 325.3 94.9 49.1
5.466667 0 318.3 325.1 95.4 49.3
5.500000 0 319.7 325.0 95.5 49.3
5.533333 0 322.3 324.9 95.7 49.5
5.566667 0 324.4 324.5 95.9 49.7
5.600000 0 326.5 324.4 96.3 50.1
5.633333 0 327.3 324.2 96.5 50.3
5.666667 0 329.0 324.3 96.7 50.2
5.700000 0 329.6 323.9 97.1 50.7
5.733333 0 330.6 323.9 97.4 50.8
5.766667 0 331.9 323.9 97.7 51.0
5.800000 0 332.2 323.9 98.0 51.3
5.833333 0 333.7 323.6 98.3 51.5
5.866667 0 334.8 323.5 98.8 51.7
5.900000 0 336.2 323.1 99.4 52.3
5.933333 0 336.9 323.3 99.6 52.5
5.966667 0 338.5 323.3 99.8 52.6
6.000000 0 339.2 323.2 99.9 52.6
6.033333 0 341.0 323.1 100.2 52.9
6.066667 0 341.5 322.9 100.5 53.1
6.100000 0 343.3 322.7 100.8 53.4
6.133333 0 344.8 322.8 101.3 53.6
6.166667 0 345.7 322.8 101.5 53.7
6.200000 0 347.3 322.7 102.0 53.9
6.233333 0 349.0 322.6 102.4 54.2
6.266667 0 350.0 323.0 102.2 54.1
6.300000 0 351.8 323.0 102.4 54.3
6.333333 0 352.6 322.9 102.7 54.3
6.366667 0 354.4 322.6 103.1 54.7
6.400000 0 355.3 322.6 103.3 54.8
6.433333 0 357.0 322.1 104.0 55.2
6.466667 0 357.9 322.1 104.0 55.2
6.500000 0 359.9 322.2 104.4 55.5
6.533333 0 360.5 322.1 105.0 55.8
6.566667 0 362.6 321.9 105.5 56.0
6.600000 0 364.4 321.4 106.2 56.4
6.633333 0 365.3 321.4 106.6 56.8
6.666667 0 367.1 321.0 107.3 57.3
6.700000 0 368.2 320.9 107.2 57.2
6.733333 0 371.3 321.2 107.7 57.4
6.766667 0 372.0 321.2 108.3 57.5
6.800000 0 374.3 321.2 108.3 57.5
6.833333 0 375.4 321.2 108.2 57.4
6.866667 0 377.6 321.1 108.7 57.5
6.900000 0 379.8 321.0 108.9 57.7
6.933333 0 382.1 320.7 109.2 57.7
6.966667 0 383.2 320.8 109.1 57.6
7.000000 0 385.3 320.6 109.4 57.5
7.033333 0 386.6 320.5 109.3 57.6
7.066667 0 388.5 320.2 110.3 58.1
7.100000 0 389.5 319.8 110.8 58.4
7.133333 0 391.6 319.6 111.4 58.8
7.166667 0 392.6 319.6 111.6 58.9
7.200000 0 395.2 319.3 111.6 58.7
7.233333 0 397.2 319.0 112.6 59.2
7.266667 0 398.3 318.7 112.9 59.5
7.300000 0 399.6 318.8 112.9 59.3
7.333333 0 401.5 318.1 114.1 60.3
7.366667 0 402.8 317.9 114.4 60.5
7.400000 0 405.4 317.5 114.5 60.4
7.433333 0 407.7 316.9 115.2 60.9
7.466667 0 409.2 317.1 115.0 60.6
7.500000 0 411.6 316.7 115.7 60.9
7.533333 0 413.9 316.4 116.2 61.3
7.566667 0 415.1 316.3 116.3 61.3
7.600000 0 417.6 315.9 117.1 61.8
7.633333 0 419.0 316.0 116.9 61.5
7.666667 0 421.4 315.5 118.0 62.2
7.700000 0 422.7 315.2 118.3 62.3
7.733333 0 425.4 315.1 118.8 62.5
7.766667 0 426.6 314.7 119.5 62.9
7.800000 0 429.6 314.6 119.6 63.0
7.833333 0 430.7 314.5 120.0 63.2
7.866667 0 433.7 314.2 120.4 63.3
7.900000 0 435.1 314.1 120.8 63.4
7.933333 0 438.2 313.6 121.4 63.7
7.966667 0 439.5 313.1 121.8 64.0
8.000000 0 442.6 312.9 122.5 64.4
8.033333 0 444.2 312.7 122.7 64.4
8.066667 0 447.4 312.2 123.6 64.9
8.100000 0 450.5 311.6 124.7 65.5
8.133333 0 453.9 311.2 125.2 65.7
8.166667 0 455.5 311.1 125.7 65.9
8.200000 0 458.5 310.4 126.7 66.6
8.233333 0 460.3 310.2 126.9 66.6
8.266667 0 463.7 309.9 127.6 66.9
8.300000 0 465.6 309.6 127.8 67.1
8.333333 0 468.8 309.1 129.0 67.7
8.366667 0 470.5 308.8 129.8 68.1
8.400000 0 474.2 308.4 130.4 68.3
8.433333 0 13.0 273.0 125.0 92.0
8.466667 0 12.0 276.0 98.0 81.0
8.500000 0 11.0 283.0 97.0 68.0
8.533333 0 14.0 295.0 104.0 73.0
8.566667 0 19.0 294.0 101.0 76.0
8.600000 0 25.0 295.0 104.0 76.0
8.633333 0 23.0 285.0 109.0 86.0
8.666667 0 15.0 277.0 129.0 97.0
8.700000 0 12.0 277.0 133.0 92.0
