0.033333 0 179.0 151.0 131.0 137.0
0.066667 0 177.1 150.1 132.2 137.6
0.100000 0 175.3 149.3 133.5 138.2
0.133333 0 173.4 148.4 134.7 138.9
0.166667 0 171.5 147.5 136.0 139.5
0.200000 0 169.6 146.6 137.2 140.1
0.233333 0 167.8 145.8 138.5 140.7
0.266667 0 165.9 144.9 139.7 141.4
0.300000 0 164.0 144.0 141.0 142.0
0.333333 0 162.1 144.6 141.6 142.9
0.366667 0 160.1 145.1 142.3 143.7
0.400000 0 158.2 145.7 142.9 144.6
0.433333 0 156.3 146.3 143.6 145.4
0.466667 0 154.4 146.9 144.2 146.3
0.500000 0 152.4 147.4 144.9 147.1
0.533333 0 150.5 148.0 145.5 148.0
0.566667 0 148.6 148.6 146.1 148.9
0.600000 0 146.6 149.1 146.8 149.7
0.633333 0 144.7 149.7 147.4 150.6
0.666667 0 142.8 150.3 148.1 151.4
0.700000 0 140.9 150.9 148.7 152.3
0.733333 0 138.9 151.4 149.4 153.1
0.766667 0 137.0 152.0 150.0 154.0
0.800000 0 136.5 153.4 150.8 153.6
0.833333 0 136.0 154.8 151.7 153.2
0.866667 0 135.5 156.3 152.5 152.7
0.900000 0 135.0 157.7 153.3 152.3
0.933333 0 134.5 159.1 154.2 151.9
0.966667 0 134.0 160.5 155.0 151.5
1.000000 0 133.5 161.9 155.8 151.1
1.033333 0 133.0 163.3 156.7 150.7
1.066667 0 132.5 164.8 157.5 150.2
1.100000 0 132.0 166.2 158.3 149.8
1.133333 0 131.5 167.6 159.2 149.4
1.166667 0 131.0 169.0 160.0 149.0
1.200000 0 130.6 167.0 161.9 150.4
1.233333 0 130.1 165.0 163.8 151.9
1.266667 0 129.7 163.0 165.7 153.3
1.300000 0 129.2 161.0 167.6 154.8
1.333333 0 128.8 159.0 169.4 156.2
1.366667 0 128.3 157.0 171.3 157.7
1.400000 0 127.9 155.0 173.2 159.1
1.433333 0 127.4 153.0 175.1 160.6
1.466667 0 127.0 151.0 177.0 162.0
1.500000 0 127.7 149.1 177.2 162.6
1.533333 0 128.5 147.2 177.4 163.3
1.566667 0 129.2 145.3 177.5 163.9
1.600000 0 129.9 143.4 177.7 164.5
1.633333 0 130.6 141.5 177.9 165.2
1.666667 0 131.4 139.5 178.1 165.8
1.700000 0 132.1 137.6 178.3 166.5
1.733333 0 132.8 135.7 178.5 167.1
1.766667 0 133.5 133.8 178.6 167.7
1.800000 0 134.3 131.9 178.8 168.4
1.833333 0 135.0 130.0 179.0 169.0
1.866667 0 135.1 128.0 182.2 170.8
1.900000 0 135.2 126.0 185.4 172.6
1.933333 0 135.3 124.0 188.7 174.3
1.966667 0 135.4 122.0 191.9 176.1
2.000000 0 135.6 120.0 195.1 177.9
2.033333 0 135.7 118.0 198.3 179.7
2.066667 0 135.8 116.0 201.6 181.4
2.100000 0 135.9 114.0 204.8 183.2
2.133333 0 136.0 112.0 208.0 185.0
2.166667 0 306.0 278.0 53.0 47.0
2.200000 0 305.0 277.1 52.4 46.4
2.233333 0 304.0 276.3 51.9 45.9
2.266667 0 303.0 275.4 51.3 45.3
2.300000 0 302.0 274.6 50.7 44.7
2.333333 0 301.0 273.7 50.1 44.1
2.366667 0 300.0 272.9 49.6 43.6
2.400000 0 299.0 272.0 49.0 43.0
2.433333 0 297.9 270.0 48.8 43.6
2.466667 0 296.8 268.0 48.5 44.2
2.500000 0 295.6 266.0 48.3 44.9
2.533333 0 294.5 264.0 48.0 45.5
2.566667 0 293.4 262.0 47.8 46.1
2.600000 0 292.3 260.0 47.5 46.7
2.633333 0 291.1 258.0 47.3 47.4
2.666667 0 290.0 256.0 47.0 48.0
2.700000 0 288.8 254.2 47.7 48.5
2.733333 0 287.6 252.4 48.4 49.0
2.766667 0 286.4 250.6 49.1 49.5
2.800000 0 285.2 248.8 49.8 50.0
2.833333 0 284.0 247.0 50.5 50.5
2.866667 0 282.8 245.2 51.2 51.0
2.900000 0 281.6 243.4 51.9 51.5
2.933333 0 280.4 241.6 52.6 52.0
2.966667 0 279.2 239.8 53.3 52.5
3.000000 0 278.0 238.0 54.0 53.0
3.033333 0 278.0 237.7 53.8 53.2
3.066667 0 278.0 237.4 53.6 53.4
3.100000 0 278.0 237.1 53.4 53.6
3.133333 0 278.0 236.8 53.2 53.8
3.166667 0 278.0 236.5 53.0 54.0
3.200000 0 278.0 236.2 52.8 54.2
3.233333 0 278.0 235.9 52.6 54.4
3.266667 0 278.0 235.6 52.4 54.6
3.300000 0 278.0 235.3 52.2 54.8
3.333333 0 278.0 235.0 52.0 55.0
3.366667 0 278.1 235.4 51.6 54.3
3.400000 0 278.3 235.9 51.1 53.6
3.433333 0 278.4 236.3 50.7 52.9
3.466667 0 278.6 236.7 50.3 52.1
3.500000 0 278.7 237.1 49.9 51.4
3.533333 0 278.9 237.6 49.4 50.7
3.566667 0 279.0 238.0 49.0 50.0
3.600000 0 278.8 238.8 48.8 50.0
3.633333 0 278.7 239.7 48.7 50.0
3.666667 0 278.5 240.5 48.5 50.0
3.700000 0 278.3 241.3 48.3 50.0
3.733333 0 278.2 242.2 48.2 50.0
3.766667 0 278.0 243.0 48.0 50.0
3.800000 0 275.2 244.0 49.2 51.5
3.833333 0 272.3 245.0 50.3 53.0
3.866667 0 269.5 246.0 51.5 54.5
3.900000 0 266.7 247.0 52.7 56.0
3.933333 0 263.8 248.0 53.8 57.5
3.966667 0 261.0 249.0 55.0 59.0
4.000000 0 257.9 250.3 58.3 60.7
4.033333 0 254.7 251.6 61.6 62.4
4.066667 0 251.6 252.9 64.9 64.1
4.100000 0 248.4 254.1 68.1 65.9
4.133333 0 245.3 255.4 71.4 67.6
4.166667 0 242.1 256.7 74.7 69.3
4.200000 0 239.0 258.0 78.0 71.0
4.233333 0 231.0 173.0 121.0 75.0
4.266667 0 230.7 172.7 122.0 75.3
4.300000 0 230.5 172.5 123.0 75.5
4.333333 0 230.2 172.2 124.0 75.8
4.366667 0 230.0 172.0 125.0 76.0
4.400000 0 229.7 172.5 124.9 75.9
4.433333 0 229.4 173.0 124.8 75.8
4.466667 0 229.1 173.5 124.7 75.7
4.500000 0 228.8 174.0 124.6 75.6
4.533333 0 228.5 174.5 124.5 75.5
4.566667 0 228.2 175.0 124.4 75.4
4.600000 0 227.9 175.5 124.3 75.3
4.633333 0 227.6 176.0 124.2 75.2
4.666667 0 227.3 176.5 124.1 75.1
4.700000 0 227.0 177.0 124.0 75.0
4.733333 0 226.9 176.9 123.5 74.9
4.766667 0 226.8 176.8 123.0 74.8
4.800000 0 226.7 176.7 122.5 74.7
4.833333 0 226.6 176.6 122.0 74.6
4.866667 0 226.5 176.5 121.5 74.5
4.900000 0 226.4 176.4 121.0 74.4
4.933333 0 226.3 176.3 120.5 74.3
4.966667 0 226.2 176.2 120.0 74.2
5.000000 0 226.1 176.1 119.5 74.1
5.033333 0 226.0 176.0 119.0 74.0
5.066667 0 224.7 175.2 120.4 74.8
5.100000 0 223.4 174.4 121.8 75.6
5.133333 0 222.1 173.6 123.2 76.4
5.166667 0 220.8 172.8 124.6 77.2
5.200000 0 219.5 172.0 126.0 78.0
5.233333 0 218.2 171.2 127.4 78.8
5.266667 0 216.9 170.4 128.8 79.6
5.300000 0 215.6 169.6 130.2 80.4
5.333333 0 214.3 168.8 131.6 81.2
5.366667 0 213.0 168.0 133.0 82.0
5.400000 0 213.1 167.7 132.9 81.8
5.433333 0 213.2 167.4 132.8 81.5
5.466667 0 213.2 167.1 132.8 81.3
5.500000 0 213.3 166.8 132.7 81.1
5.533333 0 213.4 166.5 132.6 80.8
5.566667 0 213.5 166.2 132.5 80.6
5.600000 0 213.5 165.8 132.5 80.4
5.633333 0 213.6 165.5 132.4 80.2
5.666667 0 213.7 165.2 132.3 79.9
5.700000 0 213.8 164.9 132.2 79.7
5.733333 0 213.8 164.6 132.2 79.5
5.766667 0 213.9 164.3 132.1 79.2
5.800000 0 214.0 164.0 132.0 79.0
5.833333 0 214.7 163.5 132.1 79.2
5.866667 0 215.4 163.0 132.2 79.3
5.900000 0 216.2 162.5 132.3 79.5
5.933333 0 216.9 162.0 132.4 79.7
5.966667 0 217.6 161.5 132.6 79.8
6.000000 0 218.3 161.0 132.7 80.0
6.033333 0 219.1 160.5 132.8 80.2
6.066667 0 219.8 160.0 132.9 80.3
6.100000 0 220.5 159.5 133.0 80.5
6.133333 0 221.2 159.0 133.1 80.7
6.166667 0 221.9 158.5 133.2 80.8
6.200000 0 222.7 158.0 133.3 81.0
6.233333 0 223.4 157.5 133.4 81.2
6.266667 0 224.1 157.0 133.6 81.3
6.300000 0 224.8 156.5 133.7 81.5
6.333333 0 225.6 156.0 133.8 81.7
6.366667 0 226.3 155.5 133.9 81.8
6.400000 0 227.0 155.0 134.0 82.0
6.433333 0 337.0 231.0 83.0 47.0
6.466667 0 331.0 232.0 96.0 45.0
6.500000 0 331.0 231.6 96.0 45.3
6.533333 0 331.0 231.2 96.0 45.5
6.566667 0 331.0 230.8 96.0 45.8
6.600000 0 331.0 230.4 96.0 46.0
6.633333 0 331.0 230.0 96.0 46.3
6.666667 0 331.0 229.6 96.0 46.5
6.700000 0 331.0 229.2 96.0 46.8
6.733333 0 331.0 228.7 96.0 47.0
6.766667 0 331.0 228.3 96.0 47.3
6.800000 0 331.0 227.9 96.0 47.5
6.833333 0 331.0 227.5 96.0 47.8
6.866667 0 331.0 227.1 96.0 48.0
6.900000 0 331.0 226.7 96.0 48.3
6.933333 0 331.0 226.3 96.0 48.5
6.966667 0 331.0 225.9 96.0 48.8
7.000000 0 331.0 225.5 96.0 49.0
7.033333 0 331.0 225.1 96.0 49.3
7.066667 0 331.0 224.7 96.0 49.5
7.100000 0 331.0 224.3 96.0 49.8
7.133333 0 331.0 223.9 96.0 50.0
7.166667 0 331.0 223.5 96.0 50.3
7.200000 0 331.0 223.1 96.0 50.5
7.233333 0 331.0 222.7 96.0 50.8
7.266667 0 331.0 222.2 96.0 51.0
7.300000 0 331.0 221.8 96.0 51.3
7.333333 0 331.0 221.4 96.0 51.5
7.366667 0 331.0 221.0 96.0 51.8
7.400000 0 331.0 220.6 96.0 52.0
7.433333 0 331.0 220.2 96.0 52.3
7.466667 0 331.0 219.8 96.0 52.5
7.500000 0 331.0 219.4 96.0 52.8
7.533333 0 331.0 219.0 96.0 53.0
7.566667 0 330.6 218.9 96.5 53.1
7.600000 0 330.2 218.7 97.1 53.2
7.633333 0 329.8 218.6 97.6 53.2
7.666667 0 329.4 218.4 98.1 53.3
7.700000 0 329.1 218.3 98.6 53.4
7.733333 0 328.7 218.2 99.2 53.5
7.766667 0 328.3 218.0 99.7 53.6
7.800000 0 327.9 217.9 100.2 53.7
7.833333 0 327.5 217.7 100.8 53.7
7.866667 0 327.1 217.6 101.3 53.8
7.900000 0 326.7 217.5 101.8 53.9
7.933333 0 326.3 217.3 102.3 54.0
7.966667 0 325.9 217.2 102.9 54.1
8.000000 0 325.6 217.1 103.4 54.2
8.033333 0 325.2 216.9 103.9 54.2
8.066667 0 324.8 216.8 104.4 54.3
8.100000 0 324.4 216.6 105.0 54.4
8.133333 0 324.0 216.5 105.5 54.5
8.166667 0 323.6 216.4 106.0 54.6
8.200000 0 323.2 216.2 106.6 54.7
8.233333 0 322.8 216.1 107.1 54.7
8.266667 0 322.4 215.9 107.6 54.8
8.300000 0 322.1 215.8 108.1 54.9
8.333333 0 321.7 215.7 108.7 55.0
8.366667 0 321.3 215.5 109.2 55.1
8.400000 0 320.9 215.4 109.7 55.2
8.433333 0 320.5 215.2 110.3 55.2
8.466667 0 320.1 215.1 110.8 55.3
8.500000 0 319.7 215.0 111.3 55.4
8.533333 0 319.3 214.8 111.8 55.5
8.566667 0 318.9 214.7 112.4 55.6
8.600000 0 318.6 214.6 112.9 55.7
8.633333 0 318.2 214.4 113.4 55.7
8.666667 0 317.8 214.3 113.9 55.8
8.700000 0 317.4 214.1 114.5 55.9
8.733333 0 317.0 214.0 115.0 56.0
8.766667 0 281.0 138.0 89.0 106.0
8.800000 0 281.8 138.2 89.2 106.7
8.833333 0 282.7 138.3 89.3 107.3
8.866667 0 283.5 138.5 89.5 108.0
8.900000 0 284.3 138.7 89.7 108.7
8.933333 0 285.2 138.8 89.8 109.3
8.966667 0 286.0 139.0 90.0 110.0
9.000000 0 285.3 139.4 90.9 109.3
9.033333 0 284.5 139.7 91.7 108.5
9.066667 0 283.8 140.1 92.6 107.8
9.100000 0 283.0 140.5 93.5 107.0
9.133333 0 282.3 140.9 94.4 106.3
9.166667 0 281.5 141.2 95.2 105.5
9.200000 0 280.8 141.6 96.1 104.8
9.233333 0 280.0 142.0 97.0 104.0
9.266667 0 279.7 140.6 96.3 102.7
9.300000 0 279.4 139.1 95.6 101.4
9.333333 0 279.1 137.7 94.9 100.1
9.366667 0 278.9 136.3 94.1 98.9
9.400000 0 278.6 134.9 93.4 97.6
9.433333 0 278.3 133.4 92.7 96.3
9.466667 0 278.0 132.0 92.0 95.0
9.500000 0 279.4 130.6 90.9 95.4
9.533333 0 280.8 129.2 89.7 95.8
9.566667 0 282.1 127.9 88.6 96.1
9.600000 0 283.5 126.5 87.5 96.5
9.633333 0 284.9 125.1 86.4 96.9
9.666667 0 286.3 123.7 85.2 97.3
9.700000 0 287.6 122.4 84.1 97.6
9.733333 0 289.0 121.0 83.0 98.0
9.766667 0 288.2 119.8 85.0 97.8
9.800000 0 287.3 118.7 87.0 97.7
9.833333 0 286.5 117.5 89.0 97.5
9.866667 0 285.7 116.3 91.0 97.3
9.900000 0 284.8 115.2 93.0 97.2
9.933333 0 284.0 114.0 95.0 97.0
9.966667 0 284.3 112.2 94.4 96.8
10.000000 0 284.7 110.4 93.9 96.6
10.033333 0 285.0 108.7 93.3 96.3
10.066667 0 285.3 106.9 92.8 96.1
10.100000 0 285.7 105.1 92.2 95.9
10.133333 0 286.0 103.3 91.7 95.7
10.166667 0 286.3 101.6 91.1 95.4
10.200000 0 286.7 99.8 90.6 95.2
10.233333 0 287.0 98.0 90.0 95.0
10.266667 0 286.6 97.9 90.2 95.2
10.300000 0 286.1 97.9 90.4 95.4
10.333333 0 285.7 97.8 90.6 95.6
10.366667 0 285.2 97.7 90.8 95.8
10.400000 0 284.8 97.7 90.9 95.9
10.433333 0 284.4 97.6 91.1 96.1
10.466667 0 283.9 97.6 91.3 96.3
10.500000 0 283.5 97.5 91.5 96.5
10.533333 0 283.1 97.4 91.7 96.7
10.566667 0 282.6 97.4 91.9 96.9
10.600000 0 282.2 97.3 92.1 97.1
10.633333 0 281.7 97.2 92.3 97.3
10.666667 0 281.3 97.2 92.4 97.4
10.700000 0 280.9 97.1 92.6 97.6
10.733333 0 280.4 97.1 92.8 97.8
10.766667 0 280.0 97.0 93.0 98.0
