0.000000 0 409.0 312.0 66.0 51.0
0.033333 0 409.5 310.0 69.9 54.2
0.066667 0 411.2 310.3 68.0 52.5
0.100000 0 411.7 310.7 67.2 52.0
0.133333 0 411.9 309.4 69.1 53.7
0.166667 0 413.0 309.2 67.9 52.6
0.200000 0 413.1 309.2 67.8 52.6
0.233333 0 413.3 308.6 68.6 53.3
0.266667 0 413.1 307.3 70.9 54.9
0.300000 0 412.8 306.5 71.6 55.8
0.333333 0 414.2 306.8 70.6 55.0
0.366667 0 413.9 306.4 71.0 55.5
0.400000 0 415.9 307.2 68.2 53.0
0.433333 0 416.6 306.3 68.5 53.6
0.466667 0 417.5 306.5 66.9 51.8
0.500000 0 418.3 305.9 66.8 51.8
0.533333 0 417.9 305.0 68.5 53.1
0.566667 0 416.6 302.8 73.1 56.6
0.600000 0 414.3 299.0 80.5 62.5
0.633333 0 416.0 300.2 76.3 59.2
0.666667 0 415.7 298.8 77.7 60.4
0.700000 0 416.3 298.1 77.0 59.5
0.733333 0 414.4 295.8 81.5 63.1
0.766667 0 428.0 306.0 59.0 48.0
0.800000 0 423.0 305.0 66.0 49.0
0.833333 0 418.0 301.0 72.0 51.0
0.866667 0 423.0 300.0 61.0 48.0
0.900000 0 420.0 300.0 58.0 45.0
0.933333 0 420.0 300.0 59.0 42.0
0.966667 0 422.0 298.0 54.0 47.0
1.000000 0 423.0 305.0 52.0 34.0
1.033333 0 422.0 297.0 64.0 51.0
1.066667 0 420.0 296.0 63.0 49.0
1.100000 0 426.0 299.0 54.0 43.0
1.133333 0 415.0 292.0 64.0 51.0
1.166667 0 423.0 300.0 54.0 48.0
1.200000 0 417.0 298.0 66.0 42.0
1.233333 0 415.0 298.0 68.0 41.0
1.266667 0 420.0 300.0 62.0 46.0
1.300000 0 416.0 294.0 64.0 48.0
1.333333 0 416.0 294.0 66.0 51.0
1.366667 0 413.0 291.0 66.0 50.0
1.400000 0 413.0 291.0 64.0 47.0
1.433333 0 409.0 287.0 68.0 50.0
1.466667 0 409.0 287.0 62.0 50.0
1.500000 0 409.0 288.0 59.0 47.0
1.533333 0 409.0 288.0 55.0 46.0
1.566667 0 405.0 291.0 59.0 43.0
1.600000 0 405.0 291.0 62.0 44.0
1.633333 0 408.0 288.0 59.0 46.0
1.666667 0 408.0 288.0 60.0 45.0
1.700000 0 402.0 283.0 66.0 50.0
1.733333 0 402.0 283.0 60.0 47.0
1.766667 0 404.0 282.0 58.0 48.0
1.800000 0 404.0 282.0 52.0 43.0
1.833333 0 399.0 283.0 57.0 41.0
1.866667 0 399.0 283.0 56.0 42.0
1.900000 0 397.0 282.0 55.0 40.0
1.933333 0 397.0 282.0 53.0 42.0
1.966667 0 396.0 279.0 51.0 41.0
2.000000 0 396.0 279.0 54.0 45.0
2.033333 0 387.0 279.0 63.0 42.0
2.066667 0 387.0 279.0 60.0 45.0
2.100000 0 395.0 284.0 51.0 36.0
2.133333 0 395.0 284.0 41.0 32.0
2.166667 0 387.0 280.0 49.0 36.0
2.200000 0 387.0 280.0 53.0 38.0
2.233333 0 387.0 276.0 50.0 39.0
2.266667 0 387.0 276.0 55.0 50.0
2.300000 0 389.0 284.0 46.0 36.0
2.333333 0 388.6 283.6 46.1 36.6
2.366667 0 387.5 283.1 46.6 37.2
2.400000 0 384.3 281.5 50.0 39.2
2.433333 0 385.9 282.9 46.2 36.2
2.466667 0 379.4 277.8 57.5 45.9
2.500000 0 378.6 278.0 57.0 45.4
2.533333 0 376.0 276.5 60.6 47.5
2.566667 0 374.6 276.0 61.4 48.4
2.600000 0 373.8 275.4 61.0 48.6
2.633333 0 375.0 276.8 57.4 45.7
2.666667 0 375.4 277.6 55.1 43.7
2.700000 0 373.7 277.1 56.7 44.5
2.733333 0 370.0 274.4 60.9 48.4
2.766667 0 370.6 275.4 58.1 46.2
2.800000 0 368.7 274.5 59.1 46.7
2.833333 0 367.3 273.8 60.5 48.0
2.866667 0 367.7 274.7 57.7 45.9
2.900000 0 368.0 275.2 56.1 44.5
2.933333 0 369.0 276.2 53.9 42.6
2.966667 0 366.9 275.1 56.0 44.2
3.000000 0 365.1 273.9 58.7 46.1
3.033333 0 365.2 274.2 57.6 45.4
3.066667 0 358.9 269.4 68.9 54.5
3.100000 0 357.1 268.6 70.1 55.4
3.133333 0 357.3 269.3 67.7 53.0
3.166667 0 355.3 268.0 69.9 55.3
3.200000 0 354.0 267.6 70.7 55.6
3.233333 0 352.1 266.3 72.7 57.7
3.266667 0 353.6 267.9 68.4 53.9
3.300000 0 354.0 268.6 65.5 51.9
3.333333 0 353.6 268.3 66.3 52.5
3.366667 0 351.5 267.8 67.8 53.1
3.400000 0 351.1 267.5 67.1 53.1
3.433333 0 350.9 267.6 67.1 52.8
3.466667 0 349.8 266.9 67.7 53.8
3.500000 0 346.3 264.3 73.7 58.5
3.533333 0 351.0 266.0 56.0 46.0
3.566667 0 348.0 265.0 61.0 50.0
3.600000 0 345.0 261.0 62.0 53.0
3.633333 0 346.0 266.0 59.0 46.0
3.666667 0 348.0 260.0 55.0 51.0
3.700000 0 337.0 258.0 71.0 58.0
3.733333 0 346.0 261.0 56.0 54.0
3.766667 0 347.0 264.0 58.0 48.0
3.800000 0 336.0 261.0 66.0 51.0
3.833333 0 334.0 259.0 63.0 54.0
3.866667 0 338.0 258.0 55.0 57.0
3.900000 0 330.0 254.0 59.0 46.0
3.933333 0 339.0 258.0 57.0 54.0
3.966667 0 333.0 259.0 63.0 49.0
4.000000 0 339.0 257.0 61.0 57.0
4.033333 0 348.0 266.0 54.0 47.0
4.066667 0 339.0 260.0 63.0 52.0
4.100000 0 337.0 261.0 58.0 47.0
4.133333 0 333.0 258.0 54.0 48.0
4.166667 0 333.0 250.0 59.0 56.0
4.200000 0 335.0 258.0 49.0 45.0
4.233333 0 335.0 264.0 49.0 47.0
4.266667 0 336.0 267.0 45.0 37.0
4.300000 0 336.0 262.0 50.0 41.0
4.333333 0 332.0 261.0 51.0 44.0
4.366667 0 330.0 258.0 54.0 45.0
4.400000 0 330.0 256.0 49.0 47.0
4.433333 0 319.0 258.0 63.0 49.0
4.466667 0 321.0 256.0 60.0 53.0
4.500000 0 326.0 261.0 46.0 41.0
4.533333 0 320.0 258.0 73.0 51.0
4.566667 0 323.0 249.0 67.0 54.0
4.600000 0 314.0 249.0 60.0 56.0
4.633333 0 314.0 245.0 62.0 53.0
4.666667 0 317.0 245.0 58.0 56.0
4.700000 0 321.0 254.0 63.0 57.0
4.733333 0 315.0 254.0 71.0 52.0
4.766667 0 318.0 254.0 57.0 46.0
4.800000 0 316.0 249.0 65.0 54.0
4.833333 0 320.0 263.0 46.0 40.0
4.866667 0 315.0 256.0 63.0 49.0
4.900000 0 315.0 247.0 72.0 57.0
4.933333 0 315.0 254.0 57.0 47.0
4.966667 0 308.0 254.0 65.0 46.0
5.000000 0 309.0 256.0 66.0 50.0
5.033333 0 303.0 250.0 65.0 53.0
5.066667 0 307.0 253.0 55.0 44.0
5.100000 0 310.0 253.0 54.0 47.0
5.133333 0 303.0 253.0 63.0 47.0
5.166667 0 314.0 259.0 53.0 43.0
5.200000 0 303.0 249.0 58.0 50.0
5.233333 0 305.0 247.0 64.0 53.0
5.266667 0 309.0 250.0 54.0 46.0
5.300000 0 308.0 244.0 56.0 55.0
5.333333 0 305.0 246.0 65.0 54.0
5.366667 0 300.0 247.0 61.0 47.0
5.400000 0 305.0 250.0 63.0 51.0
5.433333 0 306.0 254.0 66.0 46.0
5.466667 0 305.0 253.0 54.0 39.0
5.500000 0 296.0 244.0 67.0 54.0
5.533333 0 296.0 244.0 65.0 47.0
5.566667 0 299.0 250.0 63.0 47.0
5.600000 0 290.0 241.0 78.0 54.0
5.633333 0 295.0 241.0 63.0 53.0
5.666667 0 296.0 245.0 64.0 49.0
5.700000 0 293.0 244.0 67.0 44.0
5.733333 0 298.0 240.0 64.0 52.0
5.766667 0 294.0 245.0 57.0 38.0
5.800000 0 293.0 243.0 61.0 45.0
5.833333 0 291.0 242.0 60.0 46.0
5.866667 0 288.0 243.0 57.0 41.0
5.900000 0 287.0 238.0 69.0 51.0
5.933333 0 288.0 243.0 58.0 45.0
5.966667 0 287.0 242.0 69.0 49.0
6.000000 0 291.0 241.0 67.0 49.0
6.033333 0 293.0 249.0 52.0 36.0
6.066667 0 288.0 244.0 70.0 52.0
6.100000 0 285.0 247.0 60.0 35.0
6.133333 0 289.0 239.0 62.0 46.0
6.166667 0 281.0 241.0 68.0 48.0
6.200000 0 289.0 247.0 49.0 37.0
6.233333 0 291.0 247.0 46.0 33.0
6.266667 0 284.0 238.0 54.0 44.0
6.300000 0 287.0 241.0 62.0 45.0
6.333333 0 288.0 243.0 50.0 38.0
6.366667 0 290.0 244.0 56.0 41.0
6.400000 0 284.0 244.0 55.0 41.0
6.433333 0 283.0 242.0 56.0 42.0
6.466667 0 279.0 241.0 65.0 42.0
6.500000 0 285.0 242.0 59.0 41.0
6.533333 0 285.0 242.0 54.0 39.0
6.566667 0 273.0 241.0 66.0 40.0
6.600000 0 273.0 241.0 62.0 40.0
6.633333 0 270.0 238.0 65.0 43.0
6.666667 0 270.0 238.0 57.0 38.0
6.700000 0 265.0 236.0 60.0 38.0
6.733333 0 265.0 236.0 59.0 39.0
6.766667 0 276.0 239.0 48.0 32.0
6.800000 0 276.0 239.0 53.0 34.0
6.833333 0 269.0 235.0 61.0 38.0
6.866667 0 269.0 235.0 55.0 40.0
6.900000 0 262.0 229.0 62.0 45.0
6.933333 0 262.0 229.0 62.0 47.0
6.966667 0 261.0 231.0 63.0 43.0
7.000000 0 261.0 231.0 54.0 41.0
7.033333 0 268.0 235.0 48.0 36.0
7.066667 0 268.0 235.0 52.0 39.0
7.100000 0 261.0 227.0 59.0 47.0
7.133333 0 261.0 226.0 57.0 44.0
7.166667 0 263.0 229.0 53.0 37.0
7.200000 0 263.0 229.0 55.0 42.0
7.233333 0 266.0 232.0 52.0 37.0
7.266667 0 266.0 232.0 43.0 32.0
7.300000 0 265.0 229.0 44.0 35.0
7.333333 0 265.0 230.0 41.0 35.0
7.366667 0 258.0 228.0 48.0 36.0
7.400000 0 258.0 228.0 46.0 39.0
7.433333 0 255.0 227.0 49.0 37.0
7.466667 0 255.0 227.0 48.0 38.0
7.500000 0 249.0 225.0 50.0 36.0
7.533333 0 249.0 225.0 51.0 43.0
7.566667 0 252.0 224.0 45.0 39.0
7.600000 0 252.0 224.0 51.0 44.0
7.633333 0 247.0 222.0 55.0 42.0
7.666667 0 247.0 223.0 53.0 42.0
7.700000 0 246.0 220.0 54.0 44.0
7.733333 0 246.0 220.0 51.0 44.0
7.766667 0 246.0 224.0 46.0 34.0
7.800000 0 250.0 229.0 52.0 40.0
7.833333 0 245.0 218.0 54.0 45.0
7.866667 0 244.0 217.0 56.0 50.0
7.900000 0 238.0 217.0 53.0 39.0
7.933333 0 238.0 217.0 62.0 50.0
7.966667 0 243.0 219.0 47.0 37.0
8.000000 0 243.0 219.0 51.0 42.0
8.033333 0 241.0 217.0 46.0 33.0
8.066667 0 241.0 217.0 53.0 49.0
8.100000 0 243.0 220.0 49.0 42.0
8.133333 0 243.0 220.0 41.0 36.0
8.166667 0 238.0 218.0 44.0 36.0
8.200000 0 238.0 218.0 50.0 40.0
8.233333 0 238.0 217.0 46.0 38.0
8.266667 0 238.0 217.0 51.0 44.0
8.300000 0 237.0 219.0 51.0 40.0
8.333333 0 237.0 219.0 48.0 43.0
8.366667 0 234.0 215.0 52.0 45.0
8.400000 0 234.0 215.0 57.0 51.0
8.433333 0 230.0 214.0 58.0 47.0
8.466667 0 230.0 214.0 59.0 50.0
8.500000 0 234.0 212.0 54.0 48.0
8.533333 0 234.0 212.0 51.0 42.0
8.566667 0 231.0 212.0 53.0 39.0
8.600000 0 231.0 212.0 56.0 46.0
8.633333 0 234.0 212.0 53.0 44.0
8.666667 0 234.0 212.0 54.0 46.0
8.700000 0 228.0 212.0 54.0 36.0
8.733333 0 228.0 212.0 51.0 43.0
8.766667 0 225.0 214.0 52.0 36.0
8.800000 0 227.0 214.0 50.0 39.0
8.833333 0 224.0 214.0 39.0 27.0
8.866667 0 224.0 214.0 57.0 44.0
8.900000 0 226.0 215.0 53.0 40.0
8.933333 0 226.0 215.0 47.0 41.0
8.966667 0 225.0 214.0 45.0 39.0
9.000000 0 225.0 214.0 46.0 38.0
9.033333 0 222.0 211.0 43.0 33.0
9.066667 0 222.0 211.0 46.0 40.0
9.100000 0 219.0 209.0 41.0 35.0
9.133333 0 219.0 209.0 51.0 41.0
9.166667 0 218.0 205.0 40.0 30.0
9.200000 0 218.0 205.0 56.0 48.0
9.233333 0 217.0 204.0 58.0 48.0
9.266667 0 217.0 204.0 56.0 49.0
9.300000 0 223.0 213.0 49.0 37.0
9.333333 0 223.0 213.0 43.0 37.0
9.366667 0 210.0 208.0 43.0 27.0
9.400000 0 210.0 208.0 53.0 42.0
9.433333 0 207.0 202.0 54.0 45.0
9.466667 0 207.0 202.0 57.0 46.0
9.500000 0 208.0 204.0 53.0 40.0
9.533333 0 208.0 204.0 52.0 44.0
9.566667 0 210.0 202.0 48.0 43.0
9.600000 0 210.0 202.0 54.0 43.0
9.633333 0 202.0 196.0 60.0 45.0
9.666667 0 202.0 196.0 59.0 54.0
9.700000 0 201.0 202.0 58.0 44.0
9.733333 0 201.0 202.0 51.0 42.0
9.766667 0 203.0 201.0 49.0 40.0
9.800000 0 203.0 201.0 51.0 42.0
9.833333 0 199.0 199.0 53.0 41.0
9.866667 0 199.0 199.0 48.0 46.0
9.900000 0 198.0 200.0 45.0 41.0
9.933333 0 198.0 200.0 52.0 43.0
9.966667 0 204.0 200.0 45.0 40.0
10.000000 0 204.0 200.0 46.0 41.0
10.033333 0 199.0 196.0 50.0 39.0
10.066667 0 199.0 196.0 46.0 41.0
10.100000 0 194.0 196.0 48.0 36.0
10.133333 0 195.0 196.0 50.0 43.0
10.166667 0 198.0 198.0 46.0 39.0
10.200000 0 198.0 198.0 47.0 42.0
10.233333 0 198.0 199.0 45.0 37.0
10.266667 0 198.0 199.0 48.0 43.0
10.300000 0 192.0 197.0 52.0 44.0
10.333333 0 192.0 197.0 50.0 43.0
10.366667 0 189.0 194.0 52.0 41.0
