0.000000 0 477.0 249.0 31.0 21.0
0.033333 0 476.8 249.2 30.8 20.8
0.066667 0 476.7 249.3 30.6 20.6
0.100000 0 476.5 249.5 30.4 20.4
0.133333 0 476.4 249.6 30.2 20.2
0.166667 0 476.2 249.8 29.9 19.9
0.200000 0 476.1 249.9 29.7 19.7
0.233333 0 475.9 250.1 29.5 19.5
0.266667 0 475.7 250.3 29.3 19.3
0.300000 0 475.6 250.4 29.1 19.1
0.333333 0 475.4 250.6 28.9 18.9
0.366667 0 475.3 250.7 28.7 18.7
0.400000 0 475.1 250.9 28.5 18.5
0.433333 0 474.9 251.1 28.3 18.3
0.466667 0 474.8 251.2 28.1 18.1
0.500000 0 474.6 251.4 27.8 17.8
0.533333 0 474.5 251.5 27.6 17.6
0.566667 0 474.3 251.7 27.4 17.4
0.600000 0 474.2 251.8 27.2 17.2
0.633333 0 474.0 252.0 27.0 17.0
0.666667 0 473.6 251.9 26.9 17.0
0.700000 0 473.1 251.8 26.8 17.0
0.733333 0 472.7 251.7 26.7 17.0
0.766667 0 472.2 251.6 26.6 17.0
0.800000 0 471.8 251.5 26.5 17.0
0.833333 0 471.3 251.4 26.4 17.0
0.866667 0 470.9 251.3 26.3 17.0
0.900000 0 470.4 251.2 26.2 17.0
0.933333 0 470.0 251.1 26.1 17.0
0.966667 0 469.5 251.0 26.0 17.0
1.000000 0 469.1 250.9 25.9 17.0
1.033333 0 468.6 250.8 25.8 17.0
1.066667 0 468.2 250.7 25.7 17.0
1.100000 0 467.7 250.6 25.6 17.0
1.133333 0 467.3 250.5 25.5 17.0
1.166667 0 466.8 250.4 25.4 17.0
1.200000 0 466.4 250.3 25.3 17.0
1.233333 0 465.9 250.2 25.2 17.0
1.266667 0 465.5 250.1 25.1 17.0
1.300000 0 465.0 250.0 25.0 17.0
1.333333 0 464.2 249.7 25.5 17.2
1.366667 0 463.4 249.4 26.0 17.5
1.400000 0 462.6 249.1 26.6 17.7
1.433333 0 461.8 248.9 27.1 18.0
1.466667 0 461.0 248.6 27.6 18.2
1.500000 0 460.1 248.3 28.1 18.4
1.533333 0 459.3 248.0 28.7 18.7
1.566667 0 458.5 247.7 29.2 18.9
1.600000 0 457.7 247.4 29.7 19.1
1.633333 0 456.9 247.1 30.2 19.4
1.666667 0 456.1 246.9 30.8 19.6
1.700000 0 455.3 246.6 31.3 19.9
1.733333 0 454.5 246.3 31.8 20.1
1.766667 0 453.7 246.0 32.3 20.3
1.800000 0 452.9 245.7 32.9 20.6
1.833333 0 452.0 245.4 33.4 20.8
1.866667 0 451.2 245.1 33.9 21.0
1.900000 0 450.4 244.9 34.4 21.3
1.933333 0 449.6 244.6 35.0 21.5
1.966667 0 448.8 244.3 35.5 21.8
2.000000 0 448.0 244.0 36.0 22.0
2.033333 0 447.6 244.0 35.8 21.9
2.066667 0 447.2 244.0 35.7 21.8
2.100000 0 446.7 244.0 35.5 21.8
2.133333 0 446.3 244.0 35.3 21.7
2.166667 0 445.9 244.0 35.2 21.6
2.200000 0 445.5 244.0 35.0 21.5
2.233333 0 445.1 244.0 34.8 21.4
2.266667 0 444.7 244.0 34.7 21.3
2.300000 0 444.2 244.0 34.5 21.3
2.333333 0 443.8 244.0 34.3 21.2
2.366667 0 443.4 244.0 34.2 21.1
2.400000 0 443.0 244.0 34.0 21.0
2.433333 0 442.6 244.0 33.8 20.9
2.466667 0 442.2 244.0 33.7 20.8
2.500000 0 441.7 244.0 33.5 20.8
2.533333 0 441.3 244.0 33.3 20.7
2.566667 0 440.9 244.0 33.2 20.6
2.600000 0 440.5 244.0 33.0 20.5
2.633333 0 440.1 244.0 32.8 20.4
2.666667 0 439.7 244.0 32.7 20.3
2.700000 0 439.2 244.0 32.5 20.3
2.733333 0 438.8 244.0 32.3 20.2
2.766667 0 438.4 244.0 32.2 20.1
2.800000 0 438.0 244.0 32.0 20.0
2.833333 0 437.4 243.9 32.2 20.1
2.866667 0 436.7 243.8 32.3 20.2
2.900000 0 436.1 243.7 32.5 20.3
2.933333 0 435.4 243.6 32.6 20.4
2.966667 0 434.8 243.5 32.8 20.5
3.000000 0 434.1 243.4 33.0 20.6
3.033333 0 433.5 243.3 33.1 20.7
3.066667 0 432.8 243.2 33.3 20.8
3.100000 0 432.2 243.1 33.5 20.9
3.133333 0 431.5 243.0 33.6 21.0
3.166667 0 430.9 242.9 33.8 21.1
3.200000 0 430.3 242.8 33.9 21.2
3.233333 0 429.6 242.7 34.1 21.3
3.266667 0 429.0 242.6 34.3 21.4
3.300000 0 428.3 242.5 34.4 21.5
3.333333 0 427.7 242.5 34.6 21.5
3.366667 0 427.0 242.4 34.7 21.6
3.400000 0 426.4 242.3 34.9 21.7
3.433333 0 425.7 242.2 35.1 21.8
3.466667 0 425.1 242.1 35.2 21.9
3.500000 0 424.5 242.0 35.4 22.0
3.533333 0 423.8 241.9 35.5 22.1
3.566667 0 423.2 241.8 35.7 22.2
3.600000 0 422.5 241.7 35.9 22.3
3.633333 0 421.9 241.6 36.0 22.4
3.666667 0 421.2 241.5 36.2 22.5
3.700000 0 420.6 241.4 36.4 22.6
3.733333 0 419.9 241.3 36.5 22.7
3.766667 0 419.3 241.2 36.7 22.8
3.800000 0 418.6 241.1 36.8 22.9
3.833333 0 418.0 241.0 37.0 23.0
3.866667 0 417.4 241.0 37.0 23.1
3.900000 0 416.7 241.0 37.0 23.2
3.933333 0 416.1 241.0 37.0 23.4
3.966667 0 415.4 241.0 37.0 23.5
4.000000 0 414.8 241.0 37.0 23.6
4.033333 0 414.2 241.0 37.0 23.7
4.066667 0 413.5 241.0 37.0 23.8
4.100000 0 412.9 241.0 37.0 24.0
4.133333 0 412.2 241.0 37.0 24.1
4.166667 0 411.6 241.0 37.0 24.2
4.200000 0 411.0 241.0 37.0 24.3
4.233333 0 410.3 241.0 37.0 24.4
4.266667 0 409.7 241.0 37.0 24.6
4.300000 0 409.0 241.0 37.0 24.7
4.333333 0 408.4 241.0 37.0 24.8
4.366667 0 407.8 241.0 37.0 24.9
4.400000 0 407.1 241.0 37.0 25.0
4.433333 0 406.5 241.0 37.0 25.2
4.466667 0 405.8 241.0 37.0 25.3
4.500000 0 405.2 241.0 37.0 25.4
4.533333 0 404.6 241.0 37.0 25.5
4.566667 0 403.9 241.0 37.0 25.6
4.600000 0 403.3 241.0 37.0 25.8
4.633333 0 402.6 241.0 37.0 25.9
4.666667 0 402.0 241.0 37.0 26.0
4.700000 0 401.3 241.1 37.2 25.9
4.733333 0 400.6 241.2 37.4 25.8
4.766667 0 399.8 241.3 37.7 25.7
4.800000 0 399.1 241.4 37.9 25.6
4.833333 0 398.4 241.6 38.1 25.4
4.866667 0 397.7 241.7 38.3 25.3
4.900000 0 396.9 241.8 38.6 25.2
4.933333 0 396.2 241.9 38.8 25.1
4.966667 0 395.5 242.0 39.0 25.0
5.000000 0 394.8 242.1 39.2 24.9
5.033333 0 394.1 242.2 39.4 24.8
5.066667 0 393.3 242.3 39.7 24.7
5.100000 0 392.6 242.4 39.9 24.6
5.133333 0 391.9 242.6 40.1 24.4
5.166667 0 391.2 242.7 40.3 24.3
5.200000 0 390.4 242.8 40.6 24.2
5.233333 0 389.7 242.9 40.8 24.1
5.266667 0 389.0 243.0 41.0 24.0
5.300000 0 388.2 243.0 41.0 24.0
5.333333 0 387.4 242.9 41.0 24.1
5.366667 0 386.6 242.9 41.0 24.1
5.400000 0 385.8 242.8 41.0 24.2
5.433333 0 385.0 242.8 41.0 24.2
5.466667 0 384.2 242.7 41.0 24.3
5.500000 0 383.4 242.7 41.0 24.3
5.533333 0 382.6 242.6 41.0 24.4
5.566667 0 381.8 242.6 41.0 24.4
5.600000 0 381.0 242.5 41.0 24.5
5.633333 0 380.2 242.5 41.0 24.5
5.666667 0 379.4 242.4 41.0 24.6
5.700000 0 378.6 242.4 41.0 24.6
5.733333 0 377.8 242.3 41.0 24.7
5.766667 0 377.0 242.3 41.0 24.7
5.800000 0 376.2 242.2 41.0 24.8
5.833333 0 375.4 242.2 41.0 24.8
5.866667 0 374.6 242.1 41.0 24.9
5.900000 0 373.8 242.1 41.0 24.9
5.933333 0 373.0 242.0 41.0 25.0
5.966667 0 372.1 242.0 40.9 25.1
6.000000 0 371.1 242.0 40.8 25.1
6.033333 0 370.2 242.0 40.7 25.2
6.066667 0 369.2 242.0 40.6 25.2
6.100000 0 368.3 242.0 40.5 25.3
6.133333 0 367.3 242.0 40.4 25.3
6.166667 0 366.4 242.0 40.3 25.4
6.200000 0 365.4 242.0 40.2 25.4
6.233333 0 364.5 242.0 40.1 25.5
6.266667 0 363.5 242.0 39.9 25.5
6.300000 0 362.6 242.0 39.8 25.6
6.333333 0 361.6 242.0 39.7 25.6
6.366667 0 360.7 242.0 39.6 25.7
6.400000 0 359.7 242.0 39.5 25.7
6.433333 0 358.8 242.0 39.4 25.8
6.466667 0 357.8 242.0 39.3 25.8
6.500000 0 356.9 242.0 39.2 25.9
6.533333 0 355.9 242.0 39.1 25.9
6.566667 0 355.0 242.0 39.0 26.0
6.600000 0 353.8 242.0 39.4 25.9
6.633333 0 352.6 242.0 39.8 25.7
6.666667 0 351.4 242.0 40.2 25.6
6.700000 0 350.2 242.0 40.6 25.5
6.733333 0 349.0 242.0 41.0 25.3
6.766667 0 347.8 242.0 41.4 25.2
6.800000 0 346.6 242.0 41.8 25.1
6.833333 0 345.4 242.0 42.2 24.9
6.866667 0 344.2 242.0 42.6 24.8
6.900000 0 343.0 242.0 43.0 24.7
6.933333 0 341.8 242.0 43.4 24.5
6.966667 0 340.6 242.0 43.8 24.4
7.000000 0 339.4 242.0 44.2 24.3
7.033333 0 338.2 242.0 44.6 24.1
7.066667 0 337.0 242.0 45.0 24.0
7.100000 0 335.6 241.8 44.9 24.1
7.133333 0 334.3 241.5 44.8 24.2
7.166667 0 332.9 241.3 44.6 24.4
7.200000 0 331.5 241.0 44.5 24.5
7.233333 0 330.1 240.8 44.4 24.6
7.266667 0 328.8 240.5 44.3 24.7
7.300000 0 327.4 240.3 44.1 24.9
7.333333 0 326.0 240.0 44.0 25.0
7.366667 0 325.1 239.8 44.1 25.1
7.400000 0 324.3 239.5 44.2 25.2
7.433333 0 323.4 239.3 44.4 25.4
7.466667 0 322.5 239.0 44.5 25.5
7.500000 0 321.6 238.8 44.6 25.6
7.533333 0 320.8 238.5 44.7 25.7
7.566667 0 319.9 238.3 44.9 25.9
7.600000 0 319.0 238.0 45.0 26.0
7.633333 0 317.3 238.0 45.6 26.0
7.666667 0 315.7 238.0 46.1 26.0
7.700000 0 314.0 238.0 46.7 26.0
7.733333 0 312.3 238.0 47.2 26.0
7.766667 0 310.7 238.0 47.8 26.0
7.800000 0 309.0 238.0 48.3 26.0
7.833333 0 307.3 238.0 48.9 26.0
7.866667 0 305.7 238.0 49.4 26.0
7.900000 0 304.0 238.0 50.0 26.0
7.933333 0 302.6 238.2 49.8 25.8
7.966667 0 301.2 238.3 49.7 25.5
8.000000 0 299.7 238.5 49.5 25.2
8.033333 0 298.3 238.7 49.3 25.0
8.066667 0 296.9 238.8 49.2 24.8
8.100000 0 295.5 239.0 49.0 24.5
8.133333 0 294.1 239.2 48.8 24.2
8.166667 0 292.7 239.3 48.7 24.0
8.200000 0 291.2 239.5 48.5 23.8
8.233333 0 289.8 239.7 48.3 23.5
8.266667 0 288.4 239.8 48.2 23.2
8.300000 0 287.0 240.0 48.0 23.0
8.333333 0 285.6 240.0 48.1 23.3
8.366667 0 284.3 240.0 48.2 23.5
8.400000 0 282.9 240.0 48.3 23.8
8.433333 0 281.5 240.0 48.4 24.1
8.466667 0 280.2 240.0 48.5 24.4
8.500000 0 278.8 240.0 48.5 24.6
8.533333 0 277.5 240.0 48.6 24.9
8.566667 0 276.1 240.0 48.7 25.2
8.600000 0 274.7 240.0 48.8 25.5
8.633333 0 273.4 240.0 48.9 25.7
8.666667 0 272.0 240.0 49.0 26.0
8.700000 0 270.4 239.9 48.6 25.7
8.733333 0 268.9 239.7 48.1 25.4
8.766667 0 267.3 239.6 47.7 25.1
8.800000 0 265.7 239.4 47.3 24.9
8.833333 0 264.1 239.3 46.9 24.6
8.866667 0 262.6 239.1 46.4 24.3
8.900000 0 261.0 239.0 46.0 24.0
8.933333 0 259.1 238.8 46.6 24.2
8.966667 0 257.2 238.7 47.2 24.5
9.000000 0 255.2 238.5 47.8 24.7
9.033333 0 253.3 238.4 48.5 24.9
9.066667 0 251.4 238.2 49.1 25.2
9.100000 0 249.5 238.1 49.7 25.4
9.133333 0 247.5 237.9 50.3 25.6
9.166667 0 245.6 237.8 50.9 25.8
9.200000 0 243.7 237.6 51.5 26.1
9.233333 0 241.8 237.5 52.2 26.3
9.266667 0 239.8 237.3 52.8 26.5
9.300000 0 237.9 237.2 53.4 26.8
9.333333 0 236.0 237.0 54.0 27.0
9.366667 0 234.2 237.0 54.0 27.0
9.400000 0 232.3 237.0 54.0 27.0
9.433333 0 230.5 237.0 54.0 27.0
9.466667 0 228.6 237.0 54.0 27.0
9.500000 0 226.8 237.0 54.0 27.0
9.533333 0 224.9 237.0 54.0 27.0
9.566667 0 223.1 237.0 54.0 27.0
9.600000 0 221.2 237.0 54.0 27.0
9.633333 0 219.4 237.0 54.0 27.0
9.666667 0 217.5 237.0 54.0 27.0
9.700000 0 215.7 237.0 54.0 27.0
9.733333 0 213.8 237.0 54.0 27.0
9.766667 0 212.0 237.0 54.0 27.0
9.800000 0 209.6 236.9 54.3 27.1
9.833333 0 207.1 236.9 54.6 27.1
9.866667 0 204.7 236.8 54.8 27.2
9.900000 0 202.2 236.8 55.1 27.2
9.933333 0 199.8 236.7 55.4 27.3
9.966667 0 197.3 236.7 55.7 27.3
10.000000 0 194.9 236.6 55.9 27.4
10.033333 0 192.4 236.6 56.2 27.4
10.066667 0 190.0 236.5 56.5 27.5
10.100000 0 187.6 236.4 56.8 27.6
10.133333 0 185.1 236.4 57.1 27.6
10.166667 0 182.7 236.3 57.3 27.7
10.200000 0 180.2 236.3 57.6 27.7
10.233333 0 177.8 236.2 57.9 27.8
10.266667 0 175.3 236.2 58.2 27.8
10.300000 0 172.9 236.1 58.4 27.9
10.333333 0 170.4 236.1 58.7 27.9
10.366667 0 168.0 236.0 59.0 28.0
10.400000 0 169.0 234.5 51.5 30.0
