0.000000 0 291.6 261.7 28.3 19.5
0.033333 0 291.2 261.8 28.2 19.5
0.066667 0 291.1 261.8 28.1 19.4
0.100000 0 290.4 261.5 28.5 19.7
0.133333 0 290.3 261.4 28.3 19.6
0.166667 0 290.3 261.5 28.1 19.4
0.200000 0 290.1 261.4 28.0 19.4
0.233333 0 289.3 261.3 28.2 19.5
0.266667 0 289.2 261.3 28.0 19.4
0.300000 0 289.0 261.1 28.0 19.3
0.333333 0 288.4 261.0 28.5 19.7
0.366667 0 288.6 261.1 28.3 19.6
0.400000 0 288.1 261.2 28.0 19.4
0.433333 0 287.9 261.1 28.1 19.4
0.466667 0 287.2 261.0 28.0 19.4
0.500000 0 286.9 260.7 28.0 19.3
0.533333 0 286.4 260.7 28.6 19.7
0.566667 0 286.4 260.7 28.6 19.7
0.600000 0 286.1 260.8 28.1 19.4
0.633333 0 285.8 260.8 28.2 19.5
0.666667 0 285.2 260.7 28.3 19.6
0.700000 0 284.9 260.7 28.1 19.4
0.733333 0 284.2 260.6 28.5 19.7
0.766667 0 284.6 260.6 28.4 19.6
0.800000 0 284.1 260.7 28.2 19.5
0.833333 0 283.7 260.6 28.3 19.6
0.866667 0 283.2 260.5 28.6 19.7
0.900000 0 283.1 260.5 28.2 19.5
0.933333 0 282.2 260.3 28.7 19.8
0.966667 0 282.9 260.2 28.2 19.6
1.000000 0 282.1 260.1 28.7 19.9
1.033333 0 281.9 260.3 28.2 19.6
1.066667 0 281.1 260.1 28.7 19.9
1.100000 0 281.1 260.2 28.2 19.5
1.133333 0 280.8 260.2 28.2 19.6
1.166667 0 281.0 260.2 28.1 19.5
1.200000 0 280.2 259.9 28.3 19.6
1.233333 0 280.0 260.1 28.1 19.5
1.266667 0 279.3 259.9 28.6 19.8
1.300000 0 279.1 260.0 28.1 19.5
1.333333 0 279.1 260.0 28.1 19.5
1.366667 0 279.1 259.8 28.1 19.4
1.400000 0 278.5 259.6 28.5 19.7
1.433333 0 278.1 259.7 28.1 19.4
1.466667 0 277.6 259.7 28.3 19.5
1.500000 0 277.2 259.8 28.1 19.4
1.533333 0 277.0 259.7 28.1 19.4
1.566667 0 277.1 259.4 28.2 19.5
1.600000 0 276.4 259.2 28.6 19.8
1.633333 0 276.2 259.1 28.4 19.7
1.666667 0 275.7 259.1 28.4 19.6
1.700000 0 275.1 259.0 28.6 19.8
1.733333 0 275.1 259.0 28.5 19.8
1.766667 0 275.1 259.0 28.5 19.8
1.800000 0 274.9 259.0 28.3 19.6
1.833333 0 274.1 258.9 28.7 19.9
1.866667 0 273.8 259.0 28.3 19.6
1.900000 0 273.1 258.9 28.8 20.0
1.933333 0 273.1 258.9 28.4 19.7
1.966667 0 273.1 258.9 28.5 19.7
2.000000 0 272.7 258.8 28.3 19.6
2.033333 0 272.1 258.7 28.5 19.7
2.066667 0 271.9 258.8 28.2 19.5
2.100000 0 271.1 258.5 28.6 19.8
2.133333 0 270.9 258.6 28.2 19.5
2.166667 0 271.0 258.6 28.2 19.5
2.200000 0 270.4 258.4 28.6 19.8
2.233333 0 270.1 258.3 28.5 19.7
2.266667 0 269.7 258.3 28.3 19.7
2.300000 0 269.1 258.2 28.6 19.8
2.333333 0 268.8 258.3 28.3 19.6
2.366667 0 269.2 257.7 28.8 19.9
2.400000 0 268.2 257.8 28.8 19.9
2.433333 0 268.0 258.0 28.2 19.6
2.466667 0 267.4 257.8 28.6 19.8
2.500000 0 267.2 258.0 28.5 19.8
2.533333 0 266.8 257.7 28.2 19.5
2.566667 0 266.9 257.7 28.2 19.5
2.600000 0 266.2 257.6 28.7 19.8
2.633333 0 266.0 257.7 28.2 19.5
2.666667 0 265.2 257.6 28.7 19.8
2.700000 0 265.1 257.7 28.2 19.5
2.733333 0 264.5 257.6 28.5 19.7
2.766667 0 264.7 257.7 28.4 19.6
2.800000 0 264.1 257.5 28.4 19.6
2.833333 0 263.7 257.5 28.3 19.6
2.866667 0 263.2 257.1 28.8 20.0
2.900000 0 263.0 257.3 28.3 19.6
2.933333 0 262.9 257.2 28.3 19.6
2.966667 0 262.8 257.2 28.3 19.7
3.000000 0 262.1 257.1 28.5 19.8
3.033333 0 261.8 257.2 28.4 19.7
3.066667 0 261.2 257.0 28.9 20.0
3.100000 0 261.0 257.1 28.3 19.7
3.133333 0 260.3 257.0 28.8 20.0
3.166667 0 260.6 257.0 28.5 19.8
3.200000 0 260.1 257.0 28.5 19.8
3.233333 0 259.4 256.9 28.7 19.9
3.266667 0 259.1 256.9 28.5 19.7
3.300000 0 258.9 256.9 28.3 19.6
3.333333 0 258.4 256.8 28.6 19.8
3.366667 0 258.6 256.7 28.5 19.7
3.400000 0 258.1 256.8 28.1 19.5
3.433333 0 257.9 256.7 28.2 19.5
3.466667 0 257.1 256.6 28.3 19.6
3.500000 0 256.8 256.5 28.3 19.6
3.533333 0 256.2 256.2 28.8 20.0
3.566667 0 256.4 256.2 28.6 19.9
3.600000 0 256.0 256.4 28.1 19.5
3.633333 0 255.5 256.1 28.5 19.8
3.666667 0 255.1 256.2 28.2 19.6
3.700000 0 254.5 255.9 28.5 19.8
3.733333 0 254.1 256.1 28.2 19.6
3.766667 0 254.1 255.9 28.5 19.8
3.800000 0 253.7 255.8 28.4 19.6
3.833333 0 253.1 255.6 28.9 20.0
3.866667 0 252.9 255.8 28.2 19.5
3.900000 0 252.1 255.4 28.8 19.9
3.933333 0 251.9 255.6 28.3 19.5
3.966667 0 252.1 255.4 28.8 19.9
4.000000 0 251.1 255.4 28.9 19.9
4.033333 0 251.1 255.6 28.3 19.5
4.066667 0 250.5 255.4 28.6 19.8
4.100000 0 250.0 255.3 28.4 19.7
4.133333 0 249.7 255.3 28.4 19.7
4.166667 0 250.0 255.1 28.3 19.6
4.200000 0 249.1 254.9 28.7 19.9
4.233333 0 248.8 255.0 28.4 19.7
4.266667 0 248.2 254.8 28.9 20.1
4.300000 0 248.0 255.0 28.3 19.7
4.333333 0 247.8 254.5 28.3 19.6
4.366667 0 247.9 254.8 28.2 19.5
4.400000 0 247.1 254.8 28.4 19.6
4.433333 0 247.0 254.8 28.2 19.5
4.466667 0 246.2 254.5 28.9 19.9
4.500000 0 245.9 254.7 28.3 19.5
4.533333 0 245.6 254.6 28.5 19.7
4.566667 0 245.6 254.6 28.6 19.7
4.600000 0 244.9 253.9 28.4 19.7
4.633333 0 244.6 254.6 28.5 19.7
4.666667 0 244.0 254.3 28.6 19.8
4.700000 0 243.6 254.1 28.5 19.8
4.733333 0 243.3 254.0 29.0 20.1
4.766667 0 243.3 254.0 28.9 20.1
4.800000 0 242.8 254.1 28.5 19.8
4.833333 0 242.3 253.8 28.9 20.0
4.866667 0 241.8 254.0 28.6 19.8
4.900000 0 241.3 253.8 29.0 20.1
4.933333 0 241.0 253.9 28.8 20.0
4.966667 0 241.0 253.9 28.8 19.9
5.000000 0 240.4 253.8 28.9 20.0
5.033333 0 240.0 253.6 28.7 19.9
5.066667 0 239.3 253.6 28.9 20.0
5.100000 0 238.9 253.4 28.6 19.8
5.133333 0 238.8 253.4 28.6 19.8
5.166667 0 238.8 253.4 28.6 19.8
5.200000 0 238.0 253.1 29.3 20.3
5.233333 0 237.8 253.3 28.5 19.8
5.266667 0 237.0 253.1 29.0 20.1
5.300000 0 236.8 253.0 28.6 19.8
5.333333 0 236.4 253.0 28.8 20.0
5.366667 0 236.3 253.0 28.9 20.0
5.400000 0 235.8 253.1 28.5 19.8
5.433333 0 235.3 252.9 28.9 20.0
5.466667 0 234.9 252.8 28.6 19.8
5.500000 0 234.3 252.7 28.9 20.0
5.533333 0 233.9 252.8 28.7 19.8
5.566667 0 234.0 252.6 29.2 20.2
5.600000 0 233.8 252.6 28.5 19.7
5.633333 0 232.9 252.3 29.3 20.2
5.666667 0 232.7 252.3 28.6 19.8
5.700000 0 232.2 252.1 29.1 20.2
5.733333 0 231.9 252.3 28.7 19.9
5.766667 0 231.9 252.1 29.2 20.2
5.800000 0 231.2 252.1 29.1 20.2
5.833333 0 230.9 251.9 28.9 20.0
5.866667 0 230.5 251.9 28.8 20.0
5.900000 0 229.9 251.9 28.7 19.9
5.933333 0 229.3 251.6 28.9 20.0
5.966667 0 229.8 251.7 28.6 19.8
6.000000 0 228.9 251.7 28.8 19.9
6.033333 0 228.5 251.7 28.8 19.9
6.066667 0 227.9 251.4 28.9 20.0
6.100000 0 227.4 251.3 28.9 20.0
6.133333 0 226.8 251.5 28.7 19.8
6.166667 0 226.9 251.5 28.8 19.9
6.200000 0 226.5 251.3 28.8 19.9
6.233333 0 225.9 251.2 29.1 20.1
6.266667 0 225.2 251.2 29.1 20.1
6.300000 0 224.7 251.3 28.7 19.9
6.333333 0 224.7 251.2 28.7 19.9
6.366667 0 224.7 251.2 28.8 19.9
6.400000 0 223.9 251.0 28.9 20.1
6.433333 0 223.6 251.0 28.7 20.0
6.466667 0 222.9 250.8 29.3 20.3
6.500000 0 222.8 250.7 28.6 19.8
6.533333 0 222.1 250.6 29.1 20.2
6.566667 0 222.2 250.6 29.1 20.1
6.600000 0 221.7 250.7 28.5 19.8
6.633333 0 220.9 250.5 29.1 20.1
6.666667 0 220.6 250.7 28.6 19.8
6.700000 0 220.2 250.2 29.1 20.2
6.733333 0 220.0 250.1 29.3 20.3
6.766667 0 220.0 250.0 29.3 20.3
6.800000 0 219.1 250.6 29.3 20.2
6.833333 0 218.8 249.8 29.5 20.4
6.866667 0 218.7 250.1 28.8 19.9
6.900000 0 217.9 250.1 29.4 20.4
6.933333 0 217.0 249.6 29.4 20.3
6.966667 0 217.8 249.9 28.8 19.9
7.000000 0 216.7 249.7 29.5 20.4
7.033333 0 216.6 249.9 28.8 19.9
7.066667 0 215.7 249.6 29.0 20.1
7.100000 0 215.6 249.6 28.8 19.9
7.133333 0 214.7 249.4 29.2 20.2
7.166667 0 214.7 249.1 29.7 20.6
7.200000 0 214.7 249.4 28.9 19.9
7.233333 0 213.8 249.1 29.7 20.5
7.266667 0 213.6 249.3 28.9 20.0
7.300000 0 212.6 248.6 29.6 20.5
7.333333 0 212.8 249.0 29.1 20.1
7.366667 0 212.8 249.0 29.0 20.1
7.400000 0 211.7 248.8 29.7 20.5
7.433333 0 211.6 248.8 28.8 19.9
7.466667 0 210.7 248.7 29.5 20.4
7.500000 0 210.8 248.8 29.0 20.0
7.533333 0 209.7 247.9 29.6 20.4
7.566667 0 210.3 248.2 29.0 20.0
7.600000 0 209.8 248.4 28.9 19.9
7.633333 0 208.9 248.2 29.5 20.4
7.666667 0 208.7 248.1 28.8 20.0
7.700000 0 207.8 248.5 29.6 20.4
7.733333 0 207.7 248.5 28.9 20.0
7.766667 0 207.7 248.7 29.4 20.3
7.800000 0 206.6 247.3 29.4 20.4
7.833333 0 205.9 248.3 29.6 20.5
7.866667 0 205.6 247.9 28.8 19.9
7.900000 0 205.4 247.2 29.0 20.0
7.933333 0 204.8 247.8 29.0 20.0
7.966667 0 204.8 247.7 29.1 20.1
8.000000 0 204.3 247.7 29.0 20.0
8.033333 0 203.9 246.8 29.5 20.4
8.066667 0 203.6 247.6 28.9 20.0
8.100000 0 202.7 247.6 29.7 20.5
8.133333 0 202.5 246.9 28.9 20.0
8.166667 0 202.6 247.4 28.9 19.9
8.200000 0 201.7 247.1 29.8 20.6
8.233333 0 201.1 247.7 29.3 20.2
8.266667 0 200.7 247.0 28.9 20.0
8.300000 0 200.7 247.1 29.0 20.0
8.333333 0 199.7 247.4 29.1 20.1
8.366667 0 199.6 247.3 29.3 20.3
8.400000 0 198.7 246.8 29.3 20.2
8.433333 0 198.7 246.8 29.3 20.2
8.466667 0 198.3 246.9 29.1 20.1
8.500000 0 197.7 246.9 29.3 20.2
8.533333 0 197.3 246.7 29.1 20.1
8.566667 0 197.5 246.8 28.9 19.9
8.600000 0 196.8 246.7 29.1 20.1
8.633333 0 196.1 246.5 29.3 20.2
8.666667 0 195.6 246.6 28.8 19.9
8.700000 0 194.8 246.4 29.3 20.3
8.733333 0 194.7 246.6 28.7 19.9
8.766667 0 194.8 246.6 28.7 19.9
8.800000 0 193.9 246.1 29.3 20.2
8.833333 0 193.8 246.3 28.6 19.8
8.866667 0 193.0 246.2 28.9 20.0
8.900000 0 192.5 246.2 28.7 19.8
8.933333 0 192.4 246.2 28.8 19.9
8.966667 0 192.4 246.2 28.8 19.9
9.000000 0 191.5 246.1 28.7 19.9
9.033333 0 190.9 245.8 28.8 19.9
9.066667 0 190.5 245.8 28.6 19.8
9.100000 0 189.9 245.9 28.5 19.7
9.133333 0 189.3 245.6 28.9 19.9
9.166667 0 189.6 245.7 28.5 19.7
9.200000 0 189.0 245.3 28.9 20.0
9.233333 0 188.6 246.1 28.5 19.8
9.266667 0 188.1 245.3 29.0 20.0
9.300000 0 187.4 244.8 28.7 19.8
9.333333 0 187.0 245.4 28.5 19.7
9.366667 0 186.9 245.2 28.7 19.8
9.400000 0 186.3 245.1 28.9 19.9
9.433333 0 186.3 244.9 28.9 19.9
9.466667 0 185.9 245.4 28.6 19.7
9.500000 0 184.9 244.8 29.0 20.0
9.533333 0 184.9 244.9 28.5 19.7
9.566667 0 184.9 244.6 28.9 20.0
9.600000 0 184.1 245.0 29.0 20.0
9.633333 0 183.6 244.5 28.7 19.8
9.666667 0 182.8 244.3 29.3 20.3
9.700000 0 182.2 244.4 29.1 20.1
9.733333 0 181.7 244.2 28.4 19.6
9.766667 0 181.9 244.7 28.5 19.7
9.800000 0 181.0 244.1 29.0 20.0
9.833333 0 181.0 244.4 28.5 19.7
9.866667 0 180.1 243.3 29.1 20.1
9.900000 0 180.0 243.9 28.9 20.0
9.933333 0 179.9 244.7 28.5 19.7
9.966667 0 179.9 244.7 28.5 19.7
10.000000 0 179.1 243.4 29.0 20.1
10.033333 0 179.3 243.2 28.8 19.9
10.066667 0 178.8 244.5 28.5 19.7
10.100000 0 178.5 243.4 28.7 19.9
10.133333 0 177.4 242.7 28.8 19.9
10.166667 0 177.9 242.5 29.4 20.4
10.200000 0 176.4 243.7 28.8 19.9
10.233333 0 175.9 242.7 28.7 19.9
10.266667 0 175.6 242.7 28.7 19.8
10.300000 0 174.9 243.6 28.9 20.0
10.333333 0 174.9 242.3 28.5 19.7
10.366667 0 175.0 243.0 28.7 19.8
10.400000 0 173.9 242.4 28.8 20.0
10.433333 0 174.0 243.4 28.6 19.7
10.466667 0 173.8 242.6 28.4 19.6
10.500000 0 172.8 242.4 28.4 19.6
10.533333 0 172.8 244.1 28.4 19.6
10.566667 0 172.8 243.2 28.4 19.6
10.600000 0 172.0 243.0 29.0 20.0
