0.000000 0 186.0 208.0 135.0 62.0
0.033333 0 185.7 207.0 134.0 62.0
0.066667 0 185.3 206.0 133.0 62.0
0.100000 0 185.0 205.0 132.0 62.0
0.133333 0 184.7 205.2 132.3 61.8
0.166667 0 184.3 205.3 132.7 61.7
0.200000 0 184.0 205.5 133.0 61.5
0.233333 0 183.7 205.7 133.3 61.3
0.266667 0 183.3 205.8 133.7 61.2
0.300000 0 183.0 206.0 134.0 61.0
0.333333 0 182.7 206.2 134.3 60.8
0.366667 0 182.3 206.3 134.7 60.7
0.400000 0 182.0 206.5 135.0 60.5
0.433333 0 181.7 206.7 135.3 60.3
0.466667 0 181.3 206.8 135.7 60.2
0.500000 0 181.0 207.0 136.0 60.0
0.533333 0 180.9 207.4 136.5 59.9
0.566667 0 180.7 207.8 136.9 59.7
0.600000 0 180.6 208.2 137.4 59.6
0.633333 0 180.5 208.6 137.9 59.5
0.666667 0 180.3 209.0 138.3 59.3
0.700000 0 180.2 209.4 138.8 59.2
0.733333 0 180.1 209.8 139.3 59.1
0.766667 0 179.9 210.2 139.7 58.9
0.800000 0 179.8 210.6 140.2 58.8
0.833333 0 179.7 211.0 140.7 58.7
0.866667 0 179.5 211.4 141.1 58.5
0.900000 0 179.4 211.8 141.6 58.4
0.933333 0 179.3 212.2 142.1 58.3
0.966667 0 179.1 212.6 142.5 58.1
1.000000 0 179.0 213.0 143.0 58.0
1.033333 0 179.1 212.9 142.7 58.2
1.066667 0 179.2 212.8 142.3 58.5
1.100000 0 179.2 212.8 142.0 58.8
1.133333 0 179.3 212.7 141.7 59.0
1.166667 0 179.4 212.6 141.3 59.2
1.200000 0 179.5 212.5 141.0 59.5
1.233333 0 179.6 212.4 140.7 59.8
1.266667 0 179.7 212.3 140.3 60.0
1.300000 0 179.7 212.3 140.0 60.2
1.333333 0 179.8 212.2 139.7 60.5
1.366667 0 179.9 212.1 139.3 60.8
1.400000 0 180.0 212.0 139.0 61.0
1.433333 0 179.8 212.2 139.5 60.8
1.466667 0 179.6 212.4 140.0 60.6
1.500000 0 179.4 212.6 140.5 60.4
1.533333 0 179.1 212.9 141.0 60.1
1.566667 0 178.9 213.1 141.5 59.9
1.600000 0 178.7 213.3 142.0 59.7
1.633333 0 178.5 213.5 142.5 59.5
1.666667 0 178.3 213.7 143.0 59.3
1.700000 0 178.1 213.9 143.5 59.1
1.733333 0 177.9 214.1 144.0 58.9
1.766667 0 177.6 214.4 144.5 58.6
1.800000 0 177.4 214.6 145.0 58.4
1.833333 0 177.2 214.8 145.5 58.2
1.866667 0 177.0 215.0 146.0 58.0
1.900000 0 177.6 214.3 145.3 59.1
1.933333 0 178.2 213.6 144.6 60.2
1.966667 0 178.8 212.9 143.9 61.3
2.000000 0 179.4 212.2 143.2 62.4
2.033333 0 180.0 211.5 142.5 63.5
2.066667 0 180.6 210.8 141.8 64.6
2.100000 0 181.2 210.1 141.1 65.7
2.133333 0 181.8 209.4 140.4 66.8
2.166667 0 182.4 208.7 139.7 67.9
2.200000 0 183.0 208.0 139.0 69.0
2.233333 0 167.0 144.0 212.0 169.0
2.266667 0 166.0 146.0 213.0 169.7
2.300000 0 165.0 148.0 214.0 170.3
2.333333 0 164.0 150.0 215.0 171.0
2.366667 0 161.7 151.8 217.7 171.2
2.400000 0 159.3 153.7 220.3 171.3
2.433333 0 157.0 155.5 223.0 171.5
2.466667 0 154.7 157.3 225.7 171.7
2.500000 0 152.3 159.2 228.3 171.8
2.533333 0 150.0 161.0 231.0 172.0
2.566667 0 158.0 157.0 229.8 174.2
2.600000 0 166.0 153.0 228.5 176.5
2.633333 0 174.0 149.0 227.3 178.7
2.666667 0 182.0 145.0 226.0 181.0
2.700000 0 190.5 134.7 227.3 181.0
2.733333 0 199.0 124.5 228.5 181.0
2.766667 0 207.5 114.2 229.8 181.0
2.800000 0 216.0 104.0 231.0 181.0
2.833333 0 222.3 103.2 228.0 180.8
2.866667 0 228.7 102.3 225.0 180.7
2.900000 0 235.0 101.5 222.0 180.5
2.933333 0 241.3 100.7 219.0 180.3
2.966667 0 247.7 99.8 216.0 180.2
3.000000 0 254.0 99.0 213.0 180.0
3.033333 0 255.8 101.6 212.2 180.2
3.066667 0 257.6 104.2 211.4 180.4
3.100000 0 259.4 106.8 210.6 180.6
3.133333 0 261.2 109.4 209.8 180.8
3.166667 0 263.0 112.0 209.0 181.0
3.200000 0 257.8 114.4 210.6 182.0
3.233333 0 252.6 116.8 212.2 183.0
3.266667 0 247.4 119.2 213.8 184.0
3.300000 0 242.2 121.6 215.4 185.0
3.333333 0 237.0 124.0 217.0 186.0
3.366667 0 235.3 128.0 218.3 186.8
3.400000 0 233.7 132.0 219.7 187.7
3.433333 0 232.0 136.0 221.0 188.5
3.466667 0 230.3 140.0 222.3 189.3
3.500000 0 228.7 144.0 223.7 190.2
3.533333 0 227.0 148.0 225.0 191.0
3.566667 0 223.6 148.4 225.1 191.4
3.600000 0 220.1 148.9 225.3 191.9
3.633333 0 216.7 149.3 225.4 192.3
3.666667 0 213.3 149.7 225.6 192.7
3.700000 0 209.9 150.1 225.7 193.1
3.733333 0 206.4 150.6 225.9 193.6
3.766667 0 203.0 151.0 226.0 194.0
3.800000 0 201.8 150.3 226.8 195.2
3.833333 0 200.7 149.7 227.7 196.3
3.866667 0 199.5 149.0 228.5 197.5
3.900000 0 198.3 148.3 229.3 198.7
3.933333 0 197.2 147.7 230.2 199.8
3.966667 0 196.0 147.0 231.0 201.0
4.000000 0 195.2 144.7 230.5 202.2
4.033333 0 194.3 142.3 230.0 203.3
4.066667 0 193.5 140.0 229.5 204.5
4.100000 0 192.7 137.7 229.0 205.7
4.133333 0 191.8 135.3 228.5 206.8
4.166667 0 191.0 133.0 228.0 208.0
4.200000 0 186.4 126.0 229.4 209.2
4.233333 0 181.8 119.0 230.8 210.4
4.266667 0 177.2 112.0 232.2 211.6
4.300000 0 172.6 105.0 233.6 212.8
4.333333 0 168.0 98.0 235.0 214.0
4.366667 0 262.0 217.0 108.0 69.0
4.400000 0 260.3 218.0 111.0 66.7
4.433333 0 258.7 219.0 114.0 64.3
4.466667 0 257.0 220.0 117.0 62.0
4.500000 0 257.0 219.7 117.3 62.1
4.533333 0 257.0 219.4 117.6 62.3
4.566667 0 257.0 219.1 117.9 62.4
4.600000 0 257.0 218.9 118.1 62.6
4.633333 0 257.0 218.6 118.4 62.7
4.666667 0 257.0 218.3 118.7 62.9
4.700000 0 257.0 218.0 119.0 63.0
4.733333 0 256.7 215.8 119.8 63.8
4.766667 0 256.3 213.7 120.7 64.7
4.800000 0 256.0 211.5 121.5 65.5
4.833333 0 255.7 209.3 122.3 66.3
4.866667 0 255.3 207.2 123.2 67.2
4.900000 0 255.0 205.0 124.0 68.0
4.933333 0 254.2 205.5 124.3 67.8
4.966667 0 253.3 206.0 124.7 67.7
5.000000 0 252.5 206.5 125.0 67.5
5.033333 0 251.7 207.0 125.3 67.3
5.066667 0 250.8 207.5 125.7 67.2
5.100000 0 250.0 208.0 126.0 67.0
5.133333 0 250.7 208.2 125.3 66.5
5.166667 0 251.3 208.3 124.7 66.0
5.200000 0 252.0 208.5 124.0 65.5
5.233333 0 252.7 208.7 123.3 65.0
5.266667 0 253.3 208.8 122.7 64.5
5.300000 0 254.0 209.0 122.0 64.0
5.333333 0 253.0 208.7 121.5 63.0
5.366667 0 252.0 208.3 121.0 62.0
5.400000 0 251.0 208.0 120.5 61.0
5.433333 0 250.0 207.7 120.0 60.0
5.466667 0 249.0 207.3 119.5 59.0
5.500000 0 248.0 207.0 119.0 58.0
5.533333 0 246.5 206.3 120.3 58.5
5.566667 0 245.0 205.7 121.7 59.0
5.600000 0 243.5 205.0 123.0 59.5
5.633333 0 242.0 204.3 124.3 60.0
5.666667 0 240.5 203.7 125.7 60.5
5.700000 0 239.0 203.0 127.0 61.0
5.733333 0 240.2 201.2 127.8 61.4
5.766667 0 241.4 199.4 128.6 61.8
5.800000 0 242.6 197.6 129.4 62.2
5.833333 0 243.8 195.8 130.2 62.6
5.866667 0 245.0 194.0 131.0 63.0
5.900000 0 248.7 192.8 128.8 62.7
5.933333 0 252.3 191.7 126.7 62.3
5.966667 0 256.0 190.5 124.5 62.0
6.000000 0 259.7 189.3 122.3 61.7
6.033333 0 263.3 188.2 120.2 61.3
6.066667 0 267.0 187.0 118.0 61.0
6.100000 0 266.7 185.7 119.0 61.2
6.133333 0 266.3 184.3 120.0 61.3
6.166667 0 266.0 183.0 121.0 61.5
6.200000 0 265.7 181.7 122.0 61.7
6.233333 0 265.3 180.3 123.0 61.8
6.266667 0 265.0 179.0 124.0 62.0
6.300000 0 264.8 176.4 124.0 61.0
6.333333 0 264.6 173.8 124.0 60.0
6.366667 0 264.4 171.2 124.0 59.0
6.400000 0 264.2 168.6 124.0 58.0
6.433333 0 264.0 166.0 124.0 57.0
6.466667 0 263.1 164.0 124.9 57.3
6.500000 0 262.3 162.0 125.7 57.6
6.533333 0 261.4 160.0 126.6 57.9
6.566667 0 260.6 158.0 127.4 58.1
6.600000 0 259.7 156.0 128.3 58.4
6.633333 0 258.9 154.0 129.1 58.7
6.666667 0 258.0 152.0 130.0 59.0
6.700000 0 259.8 152.8 128.7 59.2
6.733333 0 261.7 153.7 127.3 59.3
6.766667 0 263.5 154.5 126.0 59.5
6.800000 0 265.3 155.3 124.7 59.7
6.833333 0 267.2 156.2 123.3 59.8
6.866667 0 269.0 157.0 122.0 60.0
6.900000 0 366.0 214.0 92.0 62.0
6.933333 0 367.5 214.7 91.5 60.5
6.966667 0 369.0 215.5 91.0 59.0
7.000000 0 370.5 216.2 90.5 57.5
7.033333 0 372.0 217.0 90.0 56.0
7.066667 0 369.5 216.3 90.2 56.7
7.100000 0 367.0 215.5 90.5 57.5
7.133333 0 364.5 214.8 90.7 58.2
7.166667 0 362.0 214.0 91.0 59.0
7.200000 0 359.0 216.0 88.7 56.3
7.233333 0 356.0 218.0 86.3 53.7
7.266667 0 353.0 220.0 84.0 51.0
7.300000 0 350.0 220.8 84.5 51.5
7.333333 0 347.0 221.5 85.0 52.0
7.366667 0 344.0 222.3 85.5 52.5
7.400000 0 341.0 223.0 86.0 53.0
7.433333 0 340.3 225.7 89.0 53.7
7.466667 0 339.5 228.5 92.0 54.5
7.500000 0 338.8 231.2 95.0 55.2
7.533333 0 338.0 234.0 98.0 56.0
7.566667 0 341.5 235.0 96.8 56.2
7.600000 0 345.0 236.0 95.5 56.5
7.633333 0 348.5 237.0 94.3 56.7
7.666667 0 352.0 238.0 93.0 57.0
7.700000 0 353.5 237.7 91.2 55.5
7.733333 0 355.0 237.5 89.5 54.0
7.766667 0 356.5 237.2 87.7 52.5
7.800000 0 358.0 237.0 86.0 51.0
7.833333 0 353.5 236.3 85.8 51.7
7.866667 0 349.0 235.5 85.5 52.5
7.900000 0 344.5 234.8 85.3 53.2
7.933333 0 340.0 234.0 85.0 54.0
7.966667 0 337.8 235.5 86.7 53.3
8.000000 0 335.5 237.0 88.5 52.5
8.033333 0 333.3 238.5 90.2 51.8
8.066667 0 331.0 240.0 92.0 51.0
8.100000 0 330.7 243.3 94.8 51.3
8.133333 0 330.5 246.5 97.5 51.5
8.166667 0 330.2 249.8 100.3 51.8
8.200000 0 330.0 253.0 103.0 52.0
8.233333 0 332.6 253.8 101.6 52.8
8.266667 0 335.2 254.6 100.2 53.6
8.300000 0 337.8 255.4 98.8 54.4
8.333333 0 340.4 256.2 97.4 55.2
8.366667 0 343.0 257.0 96.0 56.0
8.400000 0 344.5 255.2 95.5 56.0
8.433333 0 346.0 253.5 95.0 56.0
8.466667 0 347.5 251.7 94.5 56.0
8.500000 0 349.0 250.0 94.0 56.0
8.533333 0 349.5 248.5 93.7 54.5
8.566667 0 350.0 247.0 93.3 53.0
8.600000 0 350.5 245.5 93.0 51.5
8.633333 0 351.0 244.0 92.7 50.0
8.666667 0 351.5 242.5 92.3 48.5
8.700000 0 352.0 241.0 92.0 47.0
8.733333 0 350.4 237.4 93.6 48.2
8.766667 0 348.8 233.8 95.2 49.4
8.800000 0 347.2 230.2 96.8 50.6
8.833333 0 345.6 226.6 98.4 51.8
8.866667 0 344.0 223.0 100.0 53.0
8.900000 0 345.0 216.5 98.5 54.3
8.933333 0 346.0 210.0 97.0 55.5
8.966667 0 347.0 203.5 95.5 56.8
9.000000 0 348.0 197.0 94.0 58.0
9.033333 0 349.2 195.2 93.8 56.6
9.066667 0 350.4 193.4 93.6 55.2
9.100000 0 351.6 191.6 93.4 53.8
9.133333 0 352.8 189.8 93.2 52.4
9.166667 0 354.0 188.0 93.0 51.0
9.200000 0 353.6 190.8 93.4 51.6
9.233333 0 353.2 193.6 93.8 52.2
9.266667 0 352.8 196.4 94.2 52.8
9.300000 0 352.4 199.2 94.6 53.4
9.333333 0 352.0 202.0 95.0 54.0
9.366667 0 351.3 206.3 93.5 54.2
9.400000 0 350.7 210.7 92.0 54.3
9.433333 0 350.0 215.0 90.5 54.5
9.466667 0 349.3 219.3 89.0 54.7
9.500000 0 348.7 223.7 87.5 54.8
9.533333 0 348.0 228.0 86.0 55.0
9.566667 0 346.8 229.3 88.0 55.0
9.600000 0 345.7 230.7 90.0 55.0
9.633333 0 344.5 232.0 92.0 55.0
9.666667 0 343.3 233.3 94.0 55.0
9.700000 0 342.2 234.7 96.0 55.0
9.733333 0 341.0 236.0 98.0 55.0
9.766667 0 272.0 283.0 75.0 47.0
9.800000 0 270.5 283.5 76.5 47.0
9.833333 0 269.0 284.0 78.0 47.0
9.866667 0 268.1 283.5 78.4 47.1
9.900000 0 267.3 282.9 78.8 47.1
9.933333 0 266.4 282.4 79.2 47.2
9.966667 0 265.5 281.9 79.6 47.3
10.000000 0 264.7 281.3 80.0 47.3
10.033333 0 263.8 280.8 80.4 47.4
10.066667 0 262.9 280.3 80.8 47.5
10.100000 0 262.1 279.7 81.2 47.5
10.133333 0 261.2 279.2 81.6 47.6
10.166667 0 260.3 278.7 82.0 47.7
10.200000 0 259.5 278.1 82.4 47.7
10.233333 0 258.6 277.6 82.8 47.8
10.266667 0 257.7 277.1 83.2 47.9
10.300000 0 256.9 276.5 83.6 47.9
10.333333 0 256.0 276.0 84.0 48.0
10.366667 0 256.4 275.6 83.9 48.4
10.400000 0 256.8 275.3 83.8 48.7
10.433333 0 257.2 274.9 83.6 49.1
10.466667 0 257.6 274.6 83.5 49.4
10.500000 0 258.1 274.2 83.4 49.8
10.533333 0 258.5 273.9 83.3 50.1
10.566667 0 258.9 273.5 83.2 50.5
10.600000 0 259.3 273.2 83.1 50.8
10.633333 0 259.7 272.8 82.9 51.2
10.666667 0 260.1 272.5 82.8 51.5
10.700000 0 260.5 272.1 82.7 51.9
10.733333 0 260.9 271.8 82.6 52.2
10.766667 0 261.4 271.4 82.5 52.6
10.800000 0 261.8 271.1 82.4 52.9
10.833333 0 262.2 270.7 82.2 53.3
10.866667 0 262.6 270.4 82.1 53.6
10.900000 0 263.0 270.0 82.0 54.0
