0.033333 0 263.0 252.0 134.0 84.0
0.066667 0 255.0 252.0 145.0 88.0
0.100000 0 256.7 252.1 145.0 88.6
0.133333 0 258.3 252.2 145.0 89.1
0.166667 0 260.0 252.3 145.0 89.7
0.200000 0 261.7 252.4 145.0 90.2
0.233333 0 263.3 252.6 145.0 90.8
0.266667 0 265.0 252.7 145.0 91.3
0.300000 0 266.7 252.8 145.0 91.9
0.333333 0 268.3 252.9 145.0 92.4
0.366667 0 270.0 253.0 145.0 93.0
0.400000 0 271.5 253.5 144.1 92.7
0.433333 0 273.0 254.0 143.2 92.4
0.466667 0 274.5 254.5 142.3 92.1
0.500000 0 276.0 255.0 141.4 91.8
0.533333 0 277.5 255.5 140.5 91.5
0.566667 0 279.0 256.0 139.6 91.2
0.600000 0 280.5 256.5 138.7 90.9
0.633333 0 282.0 257.0 137.8 90.6
0.666667 0 283.5 257.5 136.9 90.3
0.700000 0 285.0 258.0 136.0 90.0
0.733333 0 284.5 257.1 137.0 90.5
0.766667 0 284.0 256.2 138.0 91.0
0.800000 0 283.5 255.4 139.0 91.5
0.833333 0 283.0 254.5 140.0 92.0
0.866667 0 282.5 253.6 141.0 92.5
0.900000 0 282.0 252.7 142.0 93.0
0.933333 0 281.5 251.9 143.0 93.5
0.966667 0 281.0 251.0 144.0 94.0
1.000000 0 282.1 250.1 143.1 94.0
1.033333 0 283.2 249.3 142.3 94.0
1.066667 0 284.4 248.4 141.4 94.0
1.100000 0 285.5 247.5 140.5 94.0
1.133333 0 286.6 246.6 139.6 94.0
1.166667 0 287.7 245.8 138.8 94.0
1.200000 0 288.9 244.9 137.9 94.0
1.233333 0 290.0 244.0 137.0 94.0
1.266667 0 290.8 242.9 137.8 94.8
1.300000 0 291.5 241.7 138.5 95.5
1.333333 0 292.3 240.6 139.3 96.3
1.366667 0 293.0 239.5 140.0 97.0
1.400000 0 293.8 238.4 140.8 97.8
1.433333 0 294.5 237.2 141.5 98.5
1.466667 0 295.3 236.1 142.3 99.3
1.500000 0 296.0 235.0 143.0 100.0
1.533333 0 295.8 231.5 143.3 101.0
1.566667 0 295.7 228.0 143.7 102.0
1.600000 0 295.5 224.5 144.0 103.0
1.633333 0 295.3 221.0 144.3 104.0
1.666667 0 295.2 217.5 144.7 105.0
1.700000 0 295.0 214.0 145.0 106.0
1.733333 0 295.5 212.6 145.1 105.9
1.766667 0 296.0 211.2 145.3 105.7
1.800000 0 296.5 209.9 145.4 105.6
1.833333 0 297.0 208.5 145.5 105.5
1.866667 0 297.5 207.1 145.6 105.4
1.900000 0 298.0 205.7 145.8 105.2
1.933333 0 298.5 204.4 145.9 105.1
1.966667 0 299.0 203.0 146.0 105.0
2.000000 0 300.0 202.2 146.2 105.1
2.033333 0 301.0 201.3 146.5 105.2
2.066667 0 302.0 200.5 146.8 105.3
2.100000 0 303.0 199.7 147.0 105.3
2.133333 0 304.0 198.8 147.2 105.4
2.166667 0 305.0 198.0 147.5 105.5
2.200000 0 306.0 197.2 147.8 105.6
2.233333 0 307.0 196.3 148.0 105.7
2.266667 0 308.0 195.5 148.2 105.8
2.300000 0 309.0 194.7 148.5 105.8
2.333333 0 310.0 193.8 148.8 105.9
2.366667 0 311.0 193.0 149.0 106.0
2.400000 0 312.1 193.6 148.8 105.9
2.433333 0 313.2 194.1 148.6 105.8
2.466667 0 314.3 194.7 148.3 105.7
2.500000 0 315.4 195.2 148.1 105.6
2.533333 0 316.6 195.8 147.9 105.4
2.566667 0 317.7 196.3 147.7 105.3
2.600000 0 318.8 196.9 147.4 105.2
2.633333 0 319.9 197.4 147.2 105.1
2.666667 0 321.0 198.0 147.0 105.0
2.700000 0 319.7 199.3 149.0 103.5
2.733333 0 318.3 200.7 151.0 102.0
2.766667 0 317.0 202.0 153.0 100.5
2.800000 0 315.7 203.3 155.0 99.0
2.833333 0 314.3 204.7 157.0 97.5
2.866667 0 313.0 206.0 159.0 96.0
2.900000 0 310.5 205.5 160.0 97.4
2.933333 0 308.0 205.0 161.0 98.8
2.966667 0 305.5 204.5 162.0 100.1
3.000000 0 303.0 204.0 163.0 101.5
3.033333 0 300.5 203.5 164.0 102.9
3.066667 0 298.0 203.0 165.0 104.3
3.100000 0 295.5 202.5 166.0 105.6
3.133333 0 293.0 202.0 167.0 107.0
3.166667 0 294.0 201.7 166.0 109.0
3.200000 0 295.0 201.4 165.0 111.0
3.233333 0 296.0 201.1 164.0 113.0
3.266667 0 297.0 200.9 163.0 115.0
3.300000 0 298.0 200.6 162.0 117.0
3.333333 0 299.0 200.3 161.0 119.0
3.366667 0 300.0 200.0 160.0 121.0
3.400000 0 298.8 199.7 162.6 121.8
3.433333 0 297.6 199.3 165.1 122.6
3.466667 0 296.3 199.0 167.7 123.3
3.500000 0 295.1 198.7 170.2 124.1
3.533333 0 293.9 198.3 172.8 124.9
3.566667 0 292.7 198.0 175.3 125.7
3.600000 0 291.4 197.7 177.9 126.4
3.633333 0 290.2 197.3 180.4 127.2
3.666667 0 289.0 197.0 183.0 128.0
3.700000 0 287.4 195.6 185.9 129.1
3.733333 0 285.9 194.1 188.7 130.3
3.766667 0 284.3 192.7 191.6 131.4
3.800000 0 282.7 191.3 194.4 132.6
3.833333 0 281.1 189.9 197.3 133.7
3.866667 0 279.6 188.4 200.1 134.9
3.900000 0 278.0 187.0 203.0 136.0
3.933333 0 278.5 184.2 202.5 139.0
3.966667 0 279.0 181.3 202.0 142.0
4.000000 0 279.5 178.5 201.5 145.0
4.033333 0 280.0 175.7 201.0 148.0
4.066667 0 280.5 172.8 200.5 151.0
4.100000 0 281.0 170.0 200.0 154.0
4.133333 0 278.6 169.0 203.7 155.4
4.166667 0 276.1 168.0 207.4 156.9
4.200000 0 273.7 167.0 211.1 158.3
4.233333 0 271.3 166.0 214.9 159.7
4.266667 0 268.9 165.0 218.6 161.1
4.300000 0 266.4 164.0 222.3 162.6
4.333333 0 264.0 163.0 226.0 164.0
4.366667 0 262.1 161.9 229.0 166.1
4.400000 0 260.2 160.7 232.0 168.3
4.433333 0 258.4 159.6 235.0 170.4
4.466667 0 256.5 158.5 238.0 172.5
4.500000 0 254.6 157.4 241.0 174.6
4.533333 0 252.7 156.2 244.0 176.8
4.566667 0 250.9 155.1 247.0 178.9
4.600000 0 249.0 154.0 250.0 181.0
4.633333 0 244.9 151.5 255.6 184.4
4.666667 0 240.8 149.0 261.2 187.8
4.700000 0 236.7 146.5 266.8 191.2
4.733333 0 232.6 144.0 272.4 194.6
4.766667 0 228.5 141.5 278.0 198.0
4.800000 0 224.4 139.0 283.6 201.4
4.833333 0 220.3 136.5 289.2 204.8
4.866667 0 216.2 134.0 294.8 208.2
4.900000 0 212.1 131.5 300.4 211.6
4.933333 0 208.0 129.0 306.0 215.0
4.966667 0 206.4 127.7 305.7 215.9
5.000000 0 204.8 126.5 305.4 216.8
5.033333 0 203.2 125.2 305.0 217.7
5.066667 0 201.7 123.9 304.7 218.6
5.100000 0 200.1 122.6 304.4 219.5
5.133333 0 198.5 121.4 304.1 220.5
5.166667 0 196.9 120.1 303.7 221.4
5.200000 0 195.3 118.8 303.4 222.3
5.233333 0 193.7 117.5 303.1 223.2
5.266667 0 192.1 116.3 302.8 224.1
5.300000 0 190.6 115.0 302.4 225.0
5.333333 0 188.1 114.1 303.0 224.2
5.366667 0 185.6 113.2 303.6 223.4
5.400000 0 183.0 112.3 304.2 222.5
5.433333 0 180.5 111.4 304.8 221.7
5.466667 0 178.0 110.5 305.4 220.9
5.500000 0 175.5 109.5 306.0 220.1
5.533333 0 173.0 108.6 306.6 219.3
5.566667 0 170.5 107.7 307.2 218.5
5.600000 0 168.0 106.8 307.8 217.6
5.633333 0 165.5 105.9 308.4 216.8
5.666667 0 163.0 105.0 309.0 216.0
5.700000 0 161.1 103.7 307.8 216.7
5.733333 0 159.2 102.3 306.6 217.3
5.766667 0 157.3 101.0 305.3 218.0
5.800000 0 155.4 99.7 304.1 218.7
5.833333 0 153.6 98.3 302.9 219.3
5.866667 0 151.7 97.0 301.7 220.0
5.900000 0 149.8 95.7 300.4 220.7
5.933333 0 147.9 94.3 299.2 221.3
5.966667 0 146.0 93.0 298.0 222.0
6.000000 0 144.7 92.4 298.3 222.6
6.033333 0 143.4 91.7 298.6 223.3
6.066667 0 142.1 91.1 298.9 223.9
6.100000 0 140.9 90.4 299.1 224.6
6.133333 0 139.6 89.8 299.4 225.2
6.166667 0 138.3 89.1 299.7 225.9
6.200000 0 137.0 88.5 300.0 226.5
6.233333 0 135.7 87.9 300.3 227.1
6.266667 0 134.4 87.2 300.6 227.8
6.300000 0 133.1 86.6 300.9 228.4
6.333333 0 131.9 85.9 301.1 229.1
6.366667 0 130.6 85.3 301.4 229.7
6.400000 0 129.3 84.6 301.7 230.4
6.433333 0 128.0 84.0 302.0 231.0
6.466667 0 126.8 84.2 301.8 230.7
6.500000 0 125.6 84.4 301.6 230.4
6.533333 0 124.4 84.6 301.4 230.1
6.566667 0 123.2 84.8 301.2 229.8
6.600000 0 122.0 85.0 301.0 229.5
6.633333 0 120.8 85.2 300.8 229.2
6.666667 0 119.6 85.4 300.6 228.9
6.700000 0 118.4 85.6 300.4 228.6
6.733333 0 117.2 85.8 300.2 228.3
6.766667 0 116.0 86.0 300.0 228.0
6.800000 0 114.9 86.3 299.9 227.8
6.833333 0 113.8 86.5 299.8 227.6
6.866667 0 112.7 86.8 299.7 227.5
6.900000 0 111.6 87.1 299.6 227.3
6.933333 0 110.5 87.4 299.5 227.1
6.966667 0 109.5 87.6 299.5 226.9
7.000000 0 108.4 87.9 299.4 226.7
7.033333 0 107.3 88.2 299.3 226.5
7.066667 0 106.2 88.5 299.2 226.4
7.100000 0 105.1 88.7 299.1 226.2
7.133333 0 104.0 89.0 299.0 226.0
7.166667 0 103.6 89.8 298.5 226.3
7.200000 0 103.3 90.6 298.1 226.5
7.233333 0 102.9 91.5 297.6 226.8
7.266667 0 102.5 92.3 297.2 227.1
7.300000 0 102.2 93.1 296.7 227.4
7.333333 0 101.8 93.9 296.3 227.6
7.366667 0 101.5 94.7 295.8 227.9
7.400000 0 101.1 95.5 295.4 228.2
7.433333 0 100.7 96.4 294.9 228.5
7.466667 0 100.4 97.2 294.5 228.7
7.500000 0 100.0 98.0 294.0 229.0
7.533333 0 99.8 99.6 294.2 228.9
7.566667 0 99.6 101.1 294.4 228.8
7.600000 0 99.3 102.7 294.7 228.7
7.633333 0 99.1 104.2 294.9 228.6
7.666667 0 98.9 105.8 295.1 228.4
7.700000 0 98.7 107.3 295.3 228.3
7.733333 0 98.4 108.9 295.6 228.2
7.766667 0 98.2 110.4 295.8 228.1
7.800000 0 98.0 112.0 296.0 228.0
7.833333 0 99.0 113.3 295.0 228.6
7.866667 0 100.0 114.7 294.0 229.1
7.900000 0 101.0 116.0 293.0 229.7
7.933333 0 102.0 117.3 292.0 230.2
7.966667 0 103.0 118.7 291.0 230.8
8.000000 0 104.0 120.0 290.0 231.3
8.033333 0 105.0 121.3 289.0 231.9
8.066667 0 106.0 122.7 288.0 232.4
8.100000 0 107.0 124.0 287.0 233.0
8.133333 0 107.7 125.8 287.0 232.9
8.166667 0 108.5 127.6 287.0 232.8
8.200000 0 109.2 129.5 287.0 232.7
8.233333 0 109.9 131.3 287.0 232.6
8.266667 0 110.6 133.1 287.0 232.5
8.300000 0 111.4 134.9 287.0 232.5
8.333333 0 112.1 136.7 287.0 232.4
8.366667 0 112.8 138.5 287.0 232.3
8.400000 0 113.5 140.4 287.0 232.2
8.433333 0 114.3 142.2 287.0 232.1
8.466667 0 115.0 144.0 287.0 232.0
8.500000 0 115.2 144.1 288.0 232.9
8.533333 0 115.3 144.2 289.0 233.8
8.566667 0 115.5 144.2 290.0 234.8
8.600000 0 115.7 144.3 291.0 235.7
8.633333 0 115.8 144.4 292.0 236.6
8.666667 0 116.0 144.5 293.0 237.5
8.700000 0 116.2 144.6 294.0 238.4
8.733333 0 116.3 144.7 295.0 239.3
8.766667 0 116.5 144.7 296.0 240.3
8.800000 0 116.7 144.8 297.0 241.2
8.833333 0 116.8 144.9 298.0 242.1
8.866667 0 117.0 145.0 299.0 243.0
8.900000 0 120.3 145.0 298.6 243.4
8.933333 0 123.7 145.0 298.1 243.9
8.966667 0 127.0 145.0 297.7 244.3
9.000000 0 130.3 145.0 297.2 244.8
9.033333 0 133.7 145.0 296.8 245.2
9.066667 0 137.0 145.0 296.3 245.7
9.100000 0 140.3 145.0 295.9 246.1
9.133333 0 143.7 145.0 295.4 246.6
9.166667 0 147.0 145.0 295.0 247.0
9.200000 0 150.1 145.9 294.5 246.5
9.233333 0 153.2 146.8 294.0 246.0
9.266667 0 156.3 147.7 293.5 245.5
9.300000 0 159.4 148.6 293.0 245.0
9.333333 0 162.5 149.5 292.5 244.5
9.366667 0 165.6 150.4 292.0 244.0
9.400000 0 168.7 151.3 291.5 243.5
9.433333 0 171.8 152.2 291.0 243.0
9.466667 0 174.9 153.1 290.5 242.5
9.500000 0 178.0 154.0 290.0 242.0
9.533333 0 179.6 152.8 288.6 242.7
9.566667 0 181.2 151.7 287.2 243.3
9.600000 0 182.7 150.5 285.8 244.0
9.633333 0 184.3 149.3 284.3 244.7
9.666667 0 185.9 148.2 282.9 245.3
9.700000 0 187.5 147.0 281.5 246.0
9.733333 0 189.1 145.8 280.1 246.7
9.766667 0 190.7 144.7 278.7 247.3
9.800000 0 192.2 143.5 277.3 248.0
9.833333 0 193.8 142.3 275.8 248.7
9.866667 0 195.4 141.2 274.4 249.3
9.900000 0 197.0 140.0 273.0 250.0
9.933333 0 197.5 139.6 272.9 250.0
9.966667 0 198.0 139.2 272.7 249.9
10.000000 0 198.5 138.8 272.6 249.9
10.033333 0 198.9 138.5 272.5 249.9
10.066667 0 199.4 138.1 272.4 249.8
10.100000 0 199.9 137.7 272.2 249.8
10.133333 0 200.4 137.3 272.1 249.8
10.166667 0 200.9 136.9 272.0 249.7
10.200000 0 201.4 136.5 271.8 249.7
10.233333 0 201.8 136.1 271.7 249.7
10.266667 0 202.3 135.7 271.6 249.6
10.300000 0 202.8 135.4 271.5 249.6
10.333333 0 203.3 135.0 271.3 249.6
10.366667 0 203.8 134.6 271.2 249.5
10.400000 0 204.3 134.2 271.1 249.5
10.433333 0 204.7 133.8 270.9 249.5
10.466667 0 205.2 133.4 270.8 249.5
10.500000 0 205.7 133.0 270.7 249.4
10.533333 0 206.2 132.6 270.5 249.4
10.566667 0 206.7 132.3 270.4 249.4
10.600000 0 207.2 131.9 270.3 249.3
10.633333 0 207.6 131.5 270.2 249.3
10.666667 0 208.1 131.1 270.0 249.3
10.700000 0 208.6 130.7 269.9 249.2
10.733333 0 209.1 130.3 269.8 249.2
10.766667 0 209.6 129.9 269.6 249.2
10.800000 0 210.1 129.5 269.5 249.1
10.833333 0 210.5 129.2 269.4 249.1
10.866667 0 211.0 128.8 269.3 249.1
10.900000 0 211.5 128.4 269.1 249.0
10.933333 0 212.0 128.0 269.0 249.0
