0.000000 0 144.0 314.0 24.0 22.0
0.033333 0 144.3 314.0 24.0 22.0
0.066667 0 144.6 314.0 24.0 21.9
0.100000 0 144.9 314.1 24.0 21.9
0.133333 0 145.2 314.1 24.0 21.9
0.166667 0 145.5 314.1 24.0 21.8
0.200000 0 145.9 314.1 24.0 21.8
0.233333 0 146.2 314.1 24.0 21.7
0.266667 0 146.5 314.1 24.0 21.7
0.300000 0 146.8 314.2 24.0 21.7
0.333333 0 147.1 314.2 24.0 21.6
0.366667 0 147.4 314.2 24.0 21.6
0.400000 0 147.7 314.2 24.0 21.6
0.433333 0 148.0 314.2 24.0 21.5
0.466667 0 148.3 314.3 24.0 21.5
0.500000 0 148.6 314.3 24.0 21.5
0.533333 0 148.9 314.3 24.0 21.4
0.566667 0 149.3 314.3 24.0 21.4
0.600000 0 149.6 314.3 24.0 21.3
0.633333 0 149.9 314.3 24.0 21.3
0.666667 0 150.2 314.4 24.0 21.3
0.700000 0 150.5 314.4 24.0 21.2
0.733333 0 150.8 314.4 24.0 21.2
0.766667 0 151.1 314.4 24.0 21.2
0.800000 0 151.4 314.4 24.0 21.1
0.833333 0 151.7 314.5 24.0 21.1
0.866667 0 152.0 314.5 24.0 21.1
0.900000 0 152.3 314.5 24.0 21.0
0.933333 0 152.7 314.5 24.0 21.0
0.966667 0 153.0 314.5 24.0 20.9
1.000000 0 153.3 314.5 24.0 20.9
1.033333 0 153.6 314.6 24.0 20.9
1.066667 0 153.9 314.6 24.0 20.8
1.100000 0 154.2 314.6 24.0 20.8
1.133333 0 154.5 314.6 24.0 20.8
1.166667 0 154.8 314.6 24.0 20.7
1.200000 0 155.1 314.7 24.0 20.7
1.233333 0 155.4 314.7 24.0 20.7
1.266667 0 155.7 314.7 24.0 20.6
1.300000 0 156.1 314.7 24.0 20.6
1.333333 0 156.4 314.7 24.0 20.5
1.366667 0 156.7 314.7 24.0 20.5
1.400000 0 157.0 314.8 24.0 20.5
1.433333 0 157.3 314.8 24.0 20.4
1.466667 0 157.6 314.8 24.0 20.4
1.500000 0 157.9 314.8 24.0 20.4
1.533333 0 158.2 314.8 24.0 20.3
1.566667 0 158.5 314.9 24.0 20.3
1.600000 0 158.8 314.9 24.0 20.3
1.633333 0 159.1 314.9 24.0 20.2
1.666667 0 159.5 314.9 24.0 20.2
1.700000 0 159.8 314.9 24.0 20.1
1.733333 0 160.1 314.9 24.0 20.1
1.766667 0 160.4 315.0 24.0 20.1
1.800000 0 160.7 315.0 24.0 20.0
1.833333 0 161.0 315.0 24.0 20.0
1.866667 0 161.3 315.0 24.0 20.0
1.900000 0 161.6 315.0 24.1 20.1
1.933333 0 161.9 315.0 24.1 20.1
1.966667 0 162.2 315.0 24.1 20.1
2.000000 0 162.5 315.0 24.2 20.2
2.033333 0 162.8 315.0 24.2 20.2
2.066667 0 163.1 315.0 24.2 20.2
2.100000 0 163.4 315.0 24.3 20.3
2.133333 0 163.7 315.0 24.3 20.3
2.166667 0 164.0 315.0 24.3 20.3
2.200000 0 164.2 315.0 24.4 20.4
2.233333 0 164.5 315.0 24.4 20.4
2.266667 0 164.8 315.0 24.4 20.4
2.300000 0 165.1 315.0 24.5 20.5
2.333333 0 165.4 315.0 24.5 20.5
2.366667 0 165.7 315.0 24.5 20.5
2.400000 0 166.0 315.0 24.6 20.6
2.433333 0 166.3 315.0 24.6 20.6
2.466667 0 166.6 315.0 24.6 20.6
2.500000 0 166.9 315.0 24.7 20.7
2.533333 0 167.2 315.0 24.7 20.7
2.566667 0 167.5 315.0 24.7 20.7
2.600000 0 167.8 315.0 24.8 20.8
2.633333 0 168.1 315.0 24.8 20.8
2.666667 0 168.4 315.0 24.8 20.8
2.700000 0 168.7 315.0 24.9 20.9
2.733333 0 169.0 315.0 24.9 20.9
2.766667 0 169.3 315.0 24.9 20.9
2.800000 0 169.6 315.0 25.0 21.0
2.833333 0 169.9 315.0 25.0 21.0
2.866667 0 170.1 315.0 25.0 21.0
2.900000 0 170.4 315.0 25.0 21.0
2.933333 0 170.7 315.0 25.1 21.1
2.966667 0 171.0 315.0 25.1 21.1
3.000000 0 171.3 315.0 25.1 21.1
3.033333 0 171.6 315.0 25.2 21.2
3.066667 0 171.9 315.0 25.2 21.2
3.100000 0 172.2 315.0 25.2 21.2
3.133333 0 172.5 315.0 25.3 21.3
3.166667 0 172.8 315.0 25.3 21.3
3.200000 0 173.1 315.0 25.3 21.3
3.233333 0 173.4 315.0 25.4 21.4
3.266667 0 173.7 315.0 25.4 21.4
3.300000 0 174.0 315.0 25.4 21.4
3.333333 0 174.3 315.0 25.5 21.5
3.366667 0 174.6 315.0 25.5 21.5
3.400000 0 174.9 315.0 25.5 21.5
3.433333 0 175.2 315.0 25.6 21.6
3.466667 0 175.5 315.0 25.6 21.6
3.500000 0 175.8 315.0 25.6 21.6
3.533333 0 176.0 315.0 25.7 21.7
3.566667 0 176.3 315.0 25.7 21.7
3.600000 0 176.6 315.0 25.7 21.7
3.633333 0 176.9 315.0 25.8 21.8
3.666667 0 177.2 315.0 25.8 21.8
3.700000 0 177.5 315.0 25.8 21.8
3.733333 0 177.8 315.0 25.9 21.9
3.766667 0 178.1 315.0 25.9 21.9
3.800000 0 178.4 315.0 25.9 21.9
3.833333 0 178.7 315.0 26.0 22.0
3.866667 0 179.0 315.0 26.0 22.0
3.900000 0 179.4 315.0 25.9 22.0
3.933333 0 179.7 315.0 25.9 22.0
3.966667 0 180.1 315.1 25.8 22.0
4.000000 0 180.5 315.1 25.8 22.0
4.033333 0 180.8 315.1 25.7 22.0
4.066667 0 181.2 315.1 25.7 22.0
4.100000 0 181.6 315.1 25.6 22.0
4.133333 0 181.9 315.2 25.5 22.0
4.166667 0 182.3 315.2 25.5 22.0
4.200000 0 182.7 315.2 25.4 22.0
4.233333 0 183.0 315.2 25.4 22.0
4.266667 0 183.4 315.2 25.3 22.0
4.300000 0 183.8 315.3 25.2 22.0
4.333333 0 184.1 315.3 25.2 22.0
4.366667 0 184.5 315.3 25.1 22.0
4.400000 0 184.8 315.3 25.1 22.0
4.433333 0 185.2 315.3 25.0 22.0
4.466667 0 185.6 315.3 25.0 22.0
4.500000 0 185.9 315.4 24.9 22.0
4.533333 0 186.3 315.4 24.8 22.0
4.566667 0 186.7 315.4 24.8 22.0
4.600000 0 187.0 315.4 24.7 22.0
4.633333 0 187.4 315.4 24.7 22.0
4.666667 0 187.8 315.5 24.6 22.0
4.700000 0 188.1 315.5 24.6 22.0
4.733333 0 188.5 315.5 24.5 22.0
4.766667 0 188.9 315.5 24.4 22.0
4.800000 0 189.2 315.5 24.4 22.0
4.833333 0 189.6 315.6 24.3 22.0
4.866667 0 190.0 315.6 24.3 22.0
4.900000 0 190.3 315.6 24.2 22.0
4.933333 0 190.7 315.6 24.2 22.0
4.966667 0 191.1 315.6 24.1 22.0
5.000000 0 191.4 315.7 24.0 22.0
5.033333 0 191.8 315.7 24.0 22.0
5.066667 0 192.2 315.7 23.9 22.0
5.100000 0 192.5 315.7 23.9 22.0
5.133333 0 192.9 315.7 23.8 22.0
5.166667 0 193.3 315.8 23.7 22.0
5.200000 0 193.6 315.8 23.7 22.0
5.233333 0 194.0 315.8 23.6 22.0
5.266667 0 194.3 315.8 23.6 22.0
5.300000 0 194.7 315.8 23.5 22.0
5.333333 0 195.1 315.8 23.5 22.0
5.366667 0 195.4 315.9 23.4 22.0
5.400000 0 195.8 315.9 23.3 22.0
5.433333 0 196.2 315.9 23.3 22.0
5.466667 0 196.5 315.9 23.2 22.0
5.500000 0 196.9 315.9 23.2 22.0
5.533333 0 197.3 316.0 23.1 22.0
5.566667 0 197.6 316.0 23.1 22.0
5.600000 0 198.0 316.0 23.0 22.0
5.633333 0 198.4 316.0 23.0 22.0
5.666667 0 198.8 316.0 23.1 22.1
5.700000 0 199.2 316.0 23.1 22.1
5.733333 0 199.6 315.9 23.1 22.1
5.766667 0 200.0 315.9 23.1 22.1
5.800000 0 200.4 315.9 23.2 22.2
5.833333 0 200.8 315.9 23.2 22.2
5.866667 0 201.2 315.9 23.2 22.2
5.900000 0 201.6 315.9 23.2 22.2
5.933333 0 201.9 315.9 23.3 22.3
5.966667 0 202.3 315.9 23.3 22.3
6.000000 0 202.7 315.8 23.3 22.3
6.033333 0 203.1 315.8 23.3 22.3
6.066667 0 203.5 315.8 23.4 22.4
6.100000 0 203.9 315.8 23.4 22.4
6.133333 0 204.3 315.8 23.4 22.4
6.166667 0 204.7 315.8 23.4 22.4
6.200000 0 205.1 315.8 23.5 22.5
6.233333 0 205.5 315.8 23.5 22.5
6.266667 0 205.9 315.7 23.5 22.5
6.300000 0 206.3 315.7 23.6 22.6
6.333333 0 206.7 315.7 23.6 22.6
6.366667 0 207.1 315.7 23.6 22.6
6.400000 0 207.5 315.7 23.6 22.6
6.433333 0 207.9 315.7 23.7 22.7
6.466667 0 208.3 315.7 23.7 22.7
6.500000 0 208.7 315.6 23.7 22.7
6.533333 0 209.1 315.6 23.7 22.7
6.566667 0 209.4 315.6 23.8 22.8
6.600000 0 209.8 315.6 23.8 22.8
6.633333 0 210.2 315.6 23.8 22.8
6.666667 0 210.6 315.6 23.8 22.8
6.700000 0 211.0 315.6 23.9 22.9
6.733333 0 211.4 315.6 23.9 22.9
6.766667 0 211.8 315.5 23.9 22.9
6.800000 0 212.2 315.5 23.9 22.9
6.833333 0 212.6 315.5 24.0 23.0
6.866667 0 213.0 315.5 24.0 23.0
6.900000 0 213.4 315.5 24.0 23.0
6.933333 0 213.8 315.5 24.1 23.1
6.966667 0 214.2 315.5 24.1 23.1
7.000000 0 214.6 315.4 24.1 23.1
7.033333 0 215.0 315.4 24.1 23.1
7.066667 0 215.4 315.4 24.2 23.2
7.100000 0 215.8 315.4 24.2 23.2
7.133333 0 216.2 315.4 24.2 23.2
7.166667 0 216.6 315.4 24.2 23.2
7.200000 0 216.9 315.4 24.3 23.3
7.233333 0 217.3 315.4 24.3 23.3
7.266667 0 217.7 315.3 24.3 23.3
7.300000 0 218.1 315.3 24.3 23.3
7.333333 0 218.5 315.3 24.4 23.4
7.366667 0 218.9 315.3 24.4 23.4
7.400000 0 219.3 315.3 24.4 23.4
7.433333 0 219.7 315.3 24.4 23.4
7.466667 0 220.1 315.3 24.5 23.5
7.500000 0 220.5 315.3 24.5 23.5
7.533333 0 220.9 315.2 24.5 23.5
7.566667 0 221.3 315.2 24.6 23.6
7.600000 0 221.7 315.2 24.6 23.6
7.633333 0 222.1 315.2 24.6 23.6
7.666667 0 222.5 315.2 24.6 23.6
7.700000 0 222.9 315.2 24.7 23.7
7.733333 0 223.3 315.2 24.7 23.7
7.766667 0 223.7 315.1 24.7 23.7
7.800000 0 224.1 315.1 24.7 23.7
7.833333 0 224.4 315.1 24.8 23.8
7.866667 0 224.8 315.1 24.8 23.8
7.900000 0 225.2 315.1 24.8 23.8
7.933333 0 225.6 315.1 24.8 23.8
7.966667 0 226.0 315.1 24.9 23.9
8.000000 0 226.4 315.1 24.9 23.9
8.033333 0 226.8 315.0 24.9 23.9
8.066667 0 227.2 315.0 24.9 23.9
8.100000 0 227.6 315.0 25.0 24.0
8.133333 0 228.0 315.0 25.0 24.0
8.166667 0 228.4 315.1 25.0 23.9
8.200000 0 228.8 315.1 25.1 23.9
8.233333 0 229.1 315.2 25.1 23.8
8.266667 0 229.5 315.2 25.1 23.8
8.300000 0 229.9 315.3 25.1 23.7
8.333333 0 230.3 315.4 25.2 23.6
8.366667 0 230.7 315.4 25.2 23.6
8.400000 0 231.1 315.5 25.2 23.5
8.433333 0 231.4 315.5 25.3 23.5
8.466667 0 231.8 315.6 25.3 23.4
8.500000 0 232.2 315.6 25.3 23.4
8.533333 0 232.6 315.7 25.4 23.3
8.566667 0 233.0 315.8 25.4 23.2
8.600000 0 233.4 315.8 25.4 23.2
8.633333 0 233.7 315.9 25.4 23.1
8.666667 0 234.1 315.9 25.5 23.1
8.700000 0 234.5 316.0 25.5 23.0
8.733333 0 234.9 316.1 25.5 22.9
8.766667 0 235.3 316.1 25.6 22.9
8.800000 0 235.6 316.2 25.6 22.8
8.833333 0 236.0 316.2 25.6 22.8
8.866667 0 236.4 316.3 25.6 22.7
8.900000 0 236.8 316.4 25.7 22.6
8.933333 0 237.2 316.4 25.7 22.6
8.966667 0 237.6 316.5 25.7 22.5
9.000000 0 237.9 316.5 25.8 22.5
9.033333 0 238.3 316.6 25.8 22.4
9.066667 0 238.7 316.6 25.8 22.4
9.100000 0 239.1 316.7 25.9 22.3
9.133333 0 239.5 316.8 25.9 22.2
9.166667 0 239.9 316.8 25.9 22.2
9.200000 0 240.2 316.9 25.9 22.1
9.233333 0 240.6 316.9 26.0 22.1
9.266667 0 241.0 317.0 26.0 22.0
9.300000 0 241.5 317.0 26.0 22.0
9.333333 0 241.9 317.1 26.0 21.9
9.366667 0 242.4 317.1 25.9 21.9
9.400000 0 242.9 317.2 25.9 21.8
9.433333 0 243.3 317.2 25.9 21.8
9.466667 0 243.8 317.3 25.9 21.7
9.500000 0 244.3 317.3 25.8 21.7
9.533333 0 244.7 317.4 25.8 21.6
9.566667 0 245.2 317.4 25.8 21.6
9.600000 0 245.7 317.4 25.8 21.6
9.633333 0 246.1 317.5 25.8 21.5
9.666667 0 246.6 317.5 25.7 21.5
9.700000 0 247.1 317.6 25.7 21.4
9.733333 0 247.5 317.6 25.7 21.4
9.766667 0 248.0 317.7 25.7 21.3
9.800000 0 248.5 317.7 25.6 21.3
9.833333 0 248.9 317.8 25.6 21.2
9.866667 0 249.4 317.8 25.6 21.2
9.900000 0 249.9 317.8 25.6 21.2
9.933333 0 250.3 317.9 25.6 21.1
9.966667 0 250.8 317.9 25.5 21.1
10.000000 0 251.3 318.0 25.5 21.0
10.033333 0 251.7 318.0 25.5 21.0
10.066667 0 252.2 318.1 25.5 20.9
10.100000 0 252.7 318.1 25.4 20.9
10.133333 0 253.1 318.2 25.4 20.8
10.166667 0 253.6 318.2 25.4 20.8
10.200000 0 254.1 318.2 25.4 20.8
10.233333 0 254.5 318.3 25.4 20.7
10.266667 0 255.0 318.3 25.3 20.7
10.300000 0 255.5 318.4 25.3 20.6
10.333333 0 255.9 318.4 25.3 20.6
10.366667 0 256.4 318.5 25.3 20.5
10.400000 0 256.9 318.5 25.2 20.5
10.433333 0 257.3 318.6 25.2 20.4
10.466667 0 257.8 318.6 25.2 20.4
10.500000 0 258.3 318.6 25.2 20.4
10.533333 0 258.7 318.7 25.2 20.3
10.566667 0 259.2 318.7 25.1 20.3
10.600000 0 259.7 318.8 25.1 20.2
10.633333 0 260.1 318.8 25.1 20.2
10.666667 0 260.6 318.9 25.1 20.1
10.700000 0 261.1 318.9 25.0 20.1
10.733333 0 261.5 319.0 25.0 20.0
10.766667 0 262.0 319.0 25.0 20.0
