0.000000 0 140.0 193.0 37.0 29.0
0.033333 0 142.2 192.7 37.1 29.0
0.066667 0 144.5 192.4 37.2 29.0
0.100000 0 146.7 192.0 37.4 29.0
0.133333 0 149.0 191.7 37.5 29.0
0.166667 0 151.2 191.4 37.6 29.0
0.200000 0 153.4 191.1 37.7 29.0
0.233333 0 155.7 190.8 37.8 29.0
0.266667 0 157.9 190.4 38.0 29.0
0.300000 0 160.2 190.1 38.1 29.0
0.333333 0 162.4 189.8 38.2 29.0
0.366667 0 164.6 189.5 38.3 29.0
0.400000 0 166.9 189.2 38.4 29.0
0.433333 0 169.1 188.8 38.6 29.0
0.466667 0 171.4 188.5 38.7 29.0
0.500000 0 173.6 188.2 38.8 29.0
0.533333 0 175.8 187.9 38.9 29.0
0.566667 0 178.1 187.6 39.0 29.0
0.600000 0 180.3 187.2 39.2 29.0
0.633333 0 182.6 186.9 39.3 29.0
0.666667 0 184.8 186.6 39.4 29.0
0.700000 0 187.0 186.3 39.5 29.0
0.733333 0 189.3 186.0 39.6 29.0
0.766667 0 191.5 185.6 39.8 29.0
0.800000 0 193.8 185.3 39.9 29.0
0.833333 0 196.0 185.0 40.0 29.0
0.866667 0 198.3 184.6 39.7 29.1
0.900000 0 200.7 184.2 39.3 29.2
0.933333 0 203.0 183.9 39.0 29.3
0.966667 0 205.3 183.5 38.7 29.4
1.000000 0 207.7 183.1 38.3 29.5
1.033333 0 210.0 182.7 38.0 29.6
1.066667 0 212.3 182.3 37.7 29.7
1.100000 0 214.7 182.0 37.3 29.8
1.133333 0 217.0 181.6 37.0 29.9
1.166667 0 219.3 181.2 36.7 30.0
1.200000 0 221.7 180.8 36.3 30.0
1.233333 0 224.0 180.4 36.0 30.1
1.266667 0 226.3 180.0 35.7 30.2
1.300000 0 228.7 179.7 35.3 30.3
1.333333 0 231.0 179.3 35.0 30.4
1.366667 0 233.3 178.9 34.7 30.5
1.400000 0 235.7 178.5 34.3 30.6
1.433333 0 238.0 178.1 34.0 30.7
1.466667 0 240.3 177.8 33.7 30.8
1.500000 0 242.7 177.4 33.3 30.9
1.533333 0 245.0 177.0 33.0 31.0
1.566667 0 247.3 176.8 32.9 30.9
1.600000 0 249.5 176.5 32.8 30.8
1.633333 0 251.8 176.3 32.7 30.7
1.666667 0 254.1 176.0 32.6 30.6
1.700000 0 256.4 175.8 32.5 30.5
1.733333 0 258.6 175.5 32.5 30.5
1.766667 0 260.9 175.3 32.4 30.4
1.800000 0 263.2 175.1 32.3 30.3
1.833333 0 265.5 174.8 32.2 30.2
1.866667 0 267.7 174.6 32.1 30.1
1.900000 0 270.0 174.3 32.0 30.0
1.933333 0 272.3 174.1 31.9 29.9
1.966667 0 274.5 173.8 31.8 29.8
2.000000 0 276.8 173.6 31.7 29.7
2.033333 0 279.1 173.4 31.6 29.6
2.066667 0 281.4 173.1 31.5 29.5
2.100000 0 283.6 172.9 31.5 29.5
2.133333 0 285.9 172.6 31.4 29.4
2.166667 0 288.2 172.4 31.3 29.3
2.200000 0 290.5 172.2 31.2 29.2
2.233333 0 292.7 171.9 31.1 29.1
2.266667 0 295.0 171.7 31.0 29.0
2.300000 0 297.3 171.4 30.9 28.9
2.333333 0 299.5 171.2 30.8 28.8
2.366667 0 301.8 170.9 30.7 28.7
2.400000 0 304.1 170.7 30.6 28.6
2.433333 0 306.4 170.5 30.5 28.5
2.466667 0 308.6 170.2 30.5 28.5
2.500000 0 310.9 170.0 30.4 28.4
2.533333 0 313.2 169.7 30.3 28.3
2.566667 0 315.5 169.5 30.2 28.2
2.600000 0 317.7 169.2 30.1 28.1
2.633333 0 320.0 169.0 30.0 28.0
2.666667 0 321.9 168.8 30.4 28.0
2.700000 0 323.9 168.6 30.7 27.9
2.733333 0 325.8 168.3 31.1 27.9
2.766667 0 327.7 168.1 31.5 27.9
2.800000 0 329.6 167.9 31.9 27.8
2.833333 0 331.6 167.7 32.2 27.8
2.866667 0 333.5 167.4 32.6 27.7
2.900000 0 335.4 167.2 33.0 27.7
2.933333 0 337.3 167.0 33.3 27.7
2.966667 0 339.3 166.8 33.7 27.6
3.000000 0 341.2 166.6 34.1 27.6
3.033333 0 343.1 166.3 34.4 27.6
3.066667 0 345.0 166.1 34.8 27.5
3.100000 0 347.0 165.9 35.2 27.5
3.133333 0 348.9 165.7 35.6 27.4
3.166667 0 350.8 165.4 35.9 27.4
3.200000 0 352.7 165.2 36.3 27.4
3.233333 0 354.7 165.0 36.7 27.3
3.266667 0 356.6 164.8 37.0 27.3
3.300000 0 358.5 164.6 37.4 27.3
3.333333 0 360.4 164.3 37.8 27.2
3.366667 0 362.4 164.1 38.1 27.2
3.400000 0 364.3 163.9 38.5 27.1
3.433333 0 366.2 163.7 38.9 27.1
3.466667 0 368.1 163.4 39.3 27.1
3.500000 0 370.1 163.2 39.6 27.0
3.533333 0 372.0 163.0 40.0 27.0
3.566667 0 374.1 162.7 39.9 27.0
3.600000 0 376.2 162.5 39.8 27.1
3.633333 0 378.3 162.2 39.8 27.1
3.666667 0 380.4 161.9 39.7 27.2
3.700000 0 382.6 161.6 39.6 27.2
3.733333 0 384.7 161.4 39.5 27.3
3.766667 0 386.8 161.1 39.4 27.3
3.800000 0 388.9 160.8 39.4 27.4
3.833333 0 391.0 160.5 39.3 27.4
3.866667 0 393.1 160.3 39.2 27.5
3.900000 0 395.2 160.0 39.1 27.5
3.933333 0 397.3 159.7 39.0 27.5
3.966667 0 399.4 159.5 39.0 27.6
4.000000 0 401.6 159.2 38.9 27.6
4.033333 0 403.7 158.9 38.8 27.7
4.066667 0 405.8 158.6 38.7 27.7
4.100000 0 407.9 158.4 38.6 27.8
4.133333 0 410.0 158.1 38.6 27.8
4.166667 0 412.1 157.8 38.5 27.9
4.200000 0 414.2 157.5 38.4 27.9
4.233333 0 416.3 157.3 38.3 28.0
4.266667 0 418.5 157.0 38.2 28.0
4.300000 0 420.7 156.9 38.1 28.0
4.333333 0 422.9 156.7 38.0 28.0
4.366667 0 425.1 156.6 37.8 28.0
4.400000 0 427.3 156.5 37.7 28.0
4.433333 0 429.6 156.4 37.5 28.0
4.466667 0 431.8 156.2 37.4 28.0
4.500000 0 434.0 156.1 37.3 28.0
4.533333 0 436.2 156.0 37.1 28.0
4.566667 0 438.4 155.9 37.0 28.0
4.600000 0 440.7 155.7 36.8 28.0
4.633333 0 442.9 155.6 36.7 28.0
4.666667 0 445.1 155.5 36.6 28.0
4.700000 0 447.3 155.4 36.4 28.0
4.733333 0 449.6 155.2 36.3 28.0
4.766667 0 451.8 155.1 36.1 28.0
4.800000 0 454.0 155.0 36.0 28.0
4.833333 0 455.6 154.6 36.2 28.2
4.866667 0 457.2 154.3 36.5 28.5
4.900000 0 458.9 153.9 36.7 28.7
4.933333 0 460.5 153.5 37.0 29.0
4.966667 0 462.1 153.1 37.2 29.2
5.000000 0 463.7 152.8 37.5 29.5
5.033333 0 465.4 152.4 37.7 29.7
5.066667 0 467.0 152.0 38.0 30.0
5.100000 0 466.5 151.3 37.0 30.0
5.133333 0 466.0 151.3 37.0 30.0
5.166667 0 443.0 154.3 37.0 30.0
5.200000 0 429.0 155.0 37.0 31.0
5.233333 0 394.3 158.7 37.0 30.0
5.266667 0 373.7 158.7 38.0 29.0
5.300000 0 333.8 157.2 39.0 28.0
5.333333 0 314.0 158.0 40.0 28.0
5.366667 0 278.5 158.0 40.0 28.0
5.400000 0 260.3 155.0 40.0 28.0
5.433333 0 227.0 156.5 40.0 28.0
5.466667 0 214.0 158.0 40.0 29.0
5.500000 0 191.8 153.3 40.0 29.0
5.533333 0 182.3 154.5 40.0 29.0
5.566667 0 167.5 152.8 41.0 29.0
5.600000 0 155.8 151.8 41.0 29.0
5.633333 0 144.0 153.0 42.0 29.0
5.666667 0 138.2 153.5 41.0 28.8
5.700000 0 132.3 154.0 40.0 28.7
5.733333 0 126.5 154.5 39.0 28.5
5.766667 0 120.7 155.0 38.0 28.3
5.800000 0 114.8 155.5 37.0 28.2
5.833333 0 109.0 156.0 36.0 28.0
5.866667 0 107.3 157.0 35.1 27.7
5.900000 0 105.6 158.0 34.3 27.4
5.933333 0 103.9 159.0 33.4 27.1
5.966667 0 99.9 160.0 32.0 26.0
6.000000 0 100.4 161.0 31.7 26.6
6.033333 0 98.7 162.0 30.9 26.3
6.066667 0 97.0 163.0 30.0 26.0
6.100000 0 97.7 163.5 30.0 26.0
6.133333 0 98.3 164.0 30.0 26.0
6.166667 0 99.0 164.5 30.0 26.0
6.200000 0 99.7 165.0 30.0 26.0
6.233333 0 100.3 165.5 30.0 26.0
6.266667 0 101.0 166.0 30.0 26.0
6.300000 0 102.6 166.3 30.1 26.1
6.333333 0 104.1 166.5 30.1 26.1
6.366667 0 105.7 166.8 30.2 26.2
6.400000 0 107.3 167.0 30.3 26.3
6.433333 0 108.8 167.3 30.3 26.3
6.466667 0 110.4 167.5 30.4 26.4
6.500000 0 111.9 167.8 30.4 26.4
6.533333 0 113.5 168.0 30.5 26.5
6.566667 0 115.1 168.3 30.6 26.6
6.600000 0 116.6 168.5 30.6 26.6
6.633333 0 118.2 168.8 30.7 26.7
6.666667 0 119.8 169.0 30.8 26.8
6.700000 0 121.3 169.3 30.8 26.8
6.733333 0 122.9 169.5 30.9 26.9
6.766667 0 124.4 169.8 30.9 26.9
6.800000 0 126.0 170.0 31.0 27.0
6.833333 0 128.1 170.4 31.0 27.1
6.866667 0 130.2 170.8 31.1 27.2
6.900000 0 132.3 171.1 31.1 27.3
6.933333 0 134.4 171.5 31.1 27.4
6.966667 0 136.5 171.9 31.2 27.5
7.000000 0 138.7 172.3 31.2 27.5
7.033333 0 140.8 172.7 31.3 27.6
7.066667 0 142.9 173.1 31.3 27.7
7.100000 0 145.0 173.4 31.3 27.8
7.133333 0 147.1 173.8 31.4 27.9
7.166667 0 149.2 174.2 31.4 28.0
7.200000 0 151.3 174.6 31.4 28.1
7.233333 0 153.4 175.0 31.5 28.2
7.266667 0 155.5 175.3 31.5 28.3
7.300000 0 157.6 175.7 31.5 28.4
7.333333 0 159.7 176.1 31.6 28.5
7.366667 0 161.9 176.5 31.6 28.5
7.400000 0 164.0 176.9 31.7 28.6
7.433333 0 166.1 177.3 31.7 28.7
7.466667 0 168.2 177.6 31.7 28.8
7.500000 0 170.3 178.0 31.8 28.9
7.533333 0 172.4 178.4 31.8 29.0
7.566667 0 174.5 178.8 31.8 29.1
7.600000 0 176.6 179.2 31.9 29.2
7.633333 0 178.7 179.5 31.9 29.3
7.666667 0 180.8 179.9 31.9 29.4
7.700000 0 182.9 180.3 32.0 29.5
7.733333 0 185.1 180.7 32.0 29.5
7.766667 0 187.2 181.1 32.1 29.6
7.800000 0 189.3 181.5 32.1 29.7
7.833333 0 191.4 181.8 32.1 29.8
7.866667 0 193.5 182.2 32.2 29.9
7.900000 0 195.6 182.6 32.2 30.0
7.933333 0 197.7 183.0 32.2 30.1
7.966667 0 199.8 183.4 32.3 30.2
8.000000 0 201.9 183.7 32.3 30.3
8.033333 0 204.0 184.1 32.3 30.4
8.066667 0 206.1 184.5 32.4 30.5
8.100000 0 208.3 184.9 32.4 30.5
8.133333 0 210.4 185.3 32.5 30.6
8.166667 0 212.5 185.7 32.5 30.7
8.200000 0 214.6 186.0 32.5 30.8
8.233333 0 216.7 186.4 32.6 30.9
8.266667 0 218.8 186.8 32.6 31.0
8.300000 0 220.9 187.2 32.6 31.1
8.333333 0 223.0 187.6 32.7 31.2
8.366667 0 225.1 187.9 32.7 31.3
8.400000 0 227.2 188.3 32.7 31.4
8.433333 0 229.3 188.7 32.8 31.5
8.466667 0 231.5 189.1 32.8 31.5
8.500000 0 233.6 189.5 32.9 31.6
8.533333 0 235.7 189.9 32.9 31.7
8.566667 0 237.8 190.2 32.9 31.8
8.600000 0 239.9 190.6 33.0 31.9
8.633333 0 242.0 191.0 33.0 32.0
8.666667 0 243.8 191.5 33.0 31.9
8.700000 0 245.6 191.9 32.9 31.8
8.733333 0 247.4 192.4 32.9 31.7
8.766667 0 249.3 192.9 32.8 31.6
8.800000 0 251.1 193.3 32.8 31.5
8.833333 0 252.9 193.8 32.8 31.4
8.866667 0 254.7 194.3 32.7 31.3
8.900000 0 256.5 194.8 32.7 31.2
8.933333 0 258.3 195.2 32.6 31.1
8.966667 0 260.2 195.7 32.6 31.0
9.000000 0 262.0 196.2 32.6 30.9
9.033333 0 263.8 196.6 32.5 30.8
9.066667 0 265.6 197.1 32.5 30.7
9.100000 0 267.4 197.6 32.4 30.6
9.133333 0 269.2 198.0 32.4 30.5
9.166667 0 271.1 198.5 32.3 30.4
9.200000 0 272.9 199.0 32.3 30.3
9.233333 0 274.7 199.4 32.3 30.2
9.266667 0 276.5 199.9 32.2 30.1
9.300000 0 278.3 200.4 32.2 30.0
9.333333 0 280.1 200.9 32.1 29.9
9.366667 0 282.0 201.3 32.1 29.8
9.400000 0 283.8 201.8 32.1 29.7
9.433333 0 285.6 202.3 32.0 29.6
9.466667 0 287.4 202.7 32.0 29.4
9.500000 0 289.2 203.2 31.9 29.3
9.533333 0 291.0 203.7 31.9 29.2
9.566667 0 292.9 204.1 31.9 29.1
9.600000 0 294.7 204.6 31.8 29.0
9.633333 0 296.5 205.1 31.8 28.9
9.666667 0 298.3 205.6 31.7 28.8
9.700000 0 300.1 206.0 31.7 28.7
9.733333 0 301.9 206.5 31.7 28.6
9.766667 0 303.8 207.0 31.6 28.5
9.800000 0 305.6 207.4 31.6 28.4
9.833333 0 307.4 207.9 31.5 28.3
9.866667 0 309.2 208.4 31.5 28.2
9.900000 0 311.0 208.8 31.4 28.1
9.933333 0 312.8 209.3 31.4 28.0
9.966667 0 314.7 209.8 31.4 27.9
10.000000 0 316.5 210.2 31.3 27.8
10.033333 0 318.3 210.7 31.3 27.7
10.066667 0 320.1 211.2 31.2 27.6
10.100000 0 321.9 211.7 31.2 27.5
10.133333 0 323.7 212.1 31.2 27.4
10.166667 0 325.6 212.6 31.1 27.3
10.200000 0 327.4 213.1 31.1 27.2
10.233333 0 329.2 213.5 31.0 27.1
10.266667 0 331.0 214.0 31.0 27.0
