0.000000 0 227.0 321.0 25.0 26.0
0.033333 0 227.3 320.6 25.2 26.2
0.066667 0 227.6 320.2 25.3 26.3
0.100000 0 227.9 319.7 25.5 26.5
0.133333 0 228.3 319.3 25.6 26.6
0.166667 0 228.6 318.9 25.8 26.8
0.200000 0 228.9 318.5 25.9 26.9
0.233333 0 229.2 318.1 26.1 27.1
0.266667 0 229.5 317.6 26.3 27.3
0.300000 0 229.8 317.2 26.4 27.4
0.333333 0 230.2 316.8 26.6 27.6
0.366667 0 230.5 316.4 26.7 27.7
0.400000 0 230.8 315.9 26.9 27.9
0.433333 0 231.1 315.5 27.1 28.1
0.466667 0 231.4 315.1 27.2 28.2
0.500000 0 231.7 314.7 27.4 28.4
0.533333 0 232.1 314.3 27.5 28.5
0.566667 0 232.4 313.8 27.7 28.7
0.600000 0 232.7 313.4 27.8 28.8
0.633333 0 233.0 313.0 28.0 29.0
0.666667 0 233.2 312.6 27.9 28.9
0.700000 0 233.3 312.2 27.8 28.7
0.733333 0 233.5 311.8 27.7 28.6
0.766667 0 233.7 311.4 27.7 28.5
0.800000 0 233.9 311.0 27.6 28.3
0.833333 0 234.0 310.7 27.5 28.2
0.866667 0 234.2 310.3 27.4 28.1
0.900000 0 234.4 309.9 27.3 28.0
0.933333 0 234.6 309.5 27.2 27.8
0.966667 0 234.7 309.1 27.1 27.7
1.000000 0 234.9 308.7 27.0 27.6
1.033333 0 235.1 308.3 27.0 27.4
1.066667 0 235.3 307.9 26.9 27.3
1.100000 0 235.4 307.5 26.8 27.2
1.133333 0 235.6 307.1 26.7 27.0
1.166667 0 235.8 306.7 26.6 26.9
1.200000 0 236.0 306.3 26.5 26.8
1.233333 0 236.1 306.0 26.4 26.7
1.266667 0 236.3 305.6 26.3 26.5
1.300000 0 236.5 305.2 26.3 26.4
1.333333 0 236.7 304.8 26.2 26.3
1.366667 0 236.8 304.4 26.1 26.1
1.400000 0 237.0 304.0 26.0 26.0
1.433333 0 237.3 303.5 25.9 26.0
1.466667 0 237.6 303.0 25.9 26.0
1.500000 0 237.9 302.6 25.8 26.0
1.533333 0 238.2 302.1 25.7 26.0
1.566667 0 238.5 301.6 25.6 26.0
1.600000 0 238.8 301.1 25.6 26.0
1.633333 0 239.1 300.6 25.5 26.0
1.666667 0 239.4 300.1 25.4 26.0
1.700000 0 239.7 299.7 25.3 26.0
1.733333 0 240.0 299.2 25.3 26.0
1.766667 0 240.3 298.7 25.2 26.0
1.800000 0 240.6 298.2 25.1 26.0
1.833333 0 240.9 297.7 25.0 26.0
1.866667 0 241.1 297.3 25.0 26.0
1.900000 0 241.4 296.8 24.9 26.0
1.933333 0 241.7 296.3 24.8 26.0
1.966667 0 242.0 295.8 24.7 26.0
2.000000 0 242.3 295.3 24.7 26.0
2.033333 0 242.6 294.9 24.6 26.0
2.066667 0 242.9 294.4 24.5 26.0
2.100000 0 243.2 293.9 24.4 26.0
2.133333 0 243.5 293.4 24.4 26.0
2.166667 0 243.8 292.9 24.3 26.0
2.200000 0 244.1 292.4 24.2 26.0
2.233333 0 244.4 292.0 24.1 26.0
2.266667 0 244.7 291.5 24.1 26.0
2.300000 0 245.0 291.0 24.0 26.0
2.333333 0 245.4 290.3 24.2 26.2
2.366667 0 245.7 289.5 24.4 26.5
2.400000 0 246.1 288.8 24.6 26.7
2.433333 0 246.5 288.0 24.7 27.0
2.466667 0 246.9 287.3 24.9 27.2
2.500000 0 247.2 286.5 25.1 27.5
2.533333 0 247.6 285.8 25.3 27.7
2.566667 0 248.0 285.0 25.5 28.0
2.600000 0 248.4 284.3 25.7 28.2
2.633333 0 248.7 283.5 25.9 28.5
2.666667 0 249.1 282.8 26.1 28.7
2.700000 0 249.5 282.0 26.2 29.0
2.733333 0 249.9 281.3 26.4 29.2
2.766667 0 250.2 280.5 26.6 29.5
2.800000 0 250.6 279.8 26.8 29.7
2.833333 0 251.0 279.0 27.0 30.0
2.866667 0 251.5 278.7 26.7 29.9
2.900000 0 251.9 278.5 26.5 29.7
2.933333 0 252.4 278.2 26.2 29.6
2.966667 0 252.9 277.9 25.9 29.5
3.000000 0 253.3 277.7 25.7 29.3
3.033333 0 253.8 277.4 25.4 29.2
3.066667 0 254.3 277.1 25.1 29.1
3.100000 0 254.7 276.9 24.9 28.9
3.133333 0 255.2 276.6 24.6 28.8
3.166667 0 255.7 276.3 24.3 28.7
3.200000 0 256.1 276.1 24.1 28.5
3.233333 0 256.6 275.8 23.8 28.4
3.266667 0 257.1 275.5 23.5 28.3
3.300000 0 257.5 275.3 23.3 28.1
3.333333 0 258.0 275.0 23.0 28.0
3.366667 0 258.3 274.6 23.0 28.0
3.400000 0 258.7 274.2 23.0 28.1
3.433333 0 259.0 273.8 23.0 28.1
3.466667 0 259.4 273.4 23.0 28.1
3.500000 0 259.7 273.0 23.0 28.2
3.533333 0 260.0 272.6 23.0 28.2
3.566667 0 260.4 272.2 23.0 28.3
3.600000 0 260.7 271.9 23.0 28.3
3.633333 0 261.1 271.5 23.0 28.3
3.666667 0 261.4 271.1 23.0 28.4
3.700000 0 261.7 270.7 23.0 28.4
3.733333 0 262.1 270.3 23.0 28.4
3.766667 0 262.4 269.9 23.0 28.5
3.800000 0 262.8 269.5 23.0 28.5
3.833333 0 263.1 269.1 23.0 28.5
3.866667 0 263.4 268.7 23.0 28.6
3.900000 0 263.8 268.3 23.0 28.6
3.933333 0 264.1 267.9 23.0 28.6
3.966667 0 264.4 267.5 23.0 28.7
4.000000 0 264.8 267.1 23.0 28.7
4.033333 0 265.1 266.7 23.0 28.8
4.066667 0 265.5 266.4 23.0 28.8
4.100000 0 265.8 266.0 23.0 28.8
4.133333 0 266.1 265.6 23.0 28.9
4.166667 0 266.5 265.2 23.0 28.9
4.200000 0 266.8 264.8 23.0 28.9
4.233333 0 267.2 264.4 23.0 29.0
4.266667 0 267.5 264.0 23.0 29.0
4.300000 0 267.8 263.6 23.0 29.0
4.333333 0 268.2 263.2 23.0 29.1
4.366667 0 268.5 262.8 23.0 29.1
4.400000 0 268.9 262.4 23.0 29.1
4.433333 0 269.2 262.0 23.0 29.2
4.466667 0 269.5 261.6 23.0 29.2
4.500000 0 269.9 261.2 23.0 29.3
4.533333 0 270.2 260.9 23.0 29.3
4.566667 0 270.6 260.5 23.0 29.3
4.600000 0 270.9 260.1 23.0 29.4
4.633333 0 271.2 259.7 23.0 29.4
4.666667 0 271.6 259.3 23.0 29.4
4.700000 0 271.9 258.9 23.0 29.5
4.733333 0 272.3 258.5 23.0 29.5
4.766667 0 272.6 258.1 23.0 29.5
4.800000 0 272.9 257.7 23.0 29.6
4.833333 0 273.3 257.3 23.0 29.6
4.866667 0 273.6 256.9 23.0 29.6
4.900000 0 273.9 256.5 23.0 29.7
4.933333 0 274.3 256.1 23.0 29.7
4.966667 0 274.6 255.7 23.0 29.8
5.000000 0 275.0 255.4 23.0 29.8
5.033333 0 275.3 255.0 23.0 29.8
5.066667 0 275.6 254.6 23.0 29.9
5.100000 0 276.0 254.2 23.0 29.9
5.133333 0 276.3 253.8 23.0 29.9
5.166667 0 276.7 253.4 23.0 30.0
5.200000 0 277.0 253.0 23.0 30.0
5.233333 0 277.3 252.6 23.1 30.0
5.266667 0 277.6 252.3 23.2 30.0
5.300000 0 277.9 251.9 23.3 30.0
5.333333 0 278.2 251.6 23.4 30.0
5.366667 0 278.6 251.2 23.5 30.0
5.400000 0 278.9 250.8 23.6 30.0
5.433333 0 279.2 250.5 23.7 30.0
5.466667 0 279.5 250.1 23.8 30.0
5.500000 0 279.8 249.8 23.9 30.0
5.533333 0 280.1 249.4 24.0 30.0
5.566667 0 280.4 249.0 24.1 30.0
5.600000 0 280.7 248.7 24.2 30.0
5.633333 0 281.0 248.3 24.3 30.0
5.666667 0 281.4 248.0 24.4 30.0
5.700000 0 281.7 247.6 24.5 30.0
5.733333 0 282.0 247.2 24.6 30.0
5.766667 0 282.3 246.9 24.7 30.0
5.800000 0 282.6 246.5 24.8 30.0
5.833333 0 282.9 246.1 24.9 30.0
5.866667 0 283.2 245.8 25.0 30.0
5.900000 0 283.5 245.4 25.1 30.0
5.933333 0 283.9 245.1 25.2 30.0
5.966667 0 284.2 244.7 25.3 30.0
6.000000 0 284.5 244.3 25.4 30.0
6.033333 0 284.8 244.0 25.5 30.0
6.066667 0 285.1 243.6 25.6 30.0
6.100000 0 285.4 243.3 25.7 30.0
6.133333 0 285.7 242.9 25.8 30.0
6.166667 0 286.0 242.5 25.9 30.0
6.200000 0 286.3 242.2 26.0 30.0
6.233333 0 286.7 241.8 26.0 30.0
6.266667 0 287.0 241.5 26.1 30.0
6.300000 0 287.3 241.1 26.2 30.0
6.333333 0 287.6 240.7 26.3 30.0
6.366667 0 287.9 240.4 26.4 30.0
6.400000 0 288.2 240.0 26.5 30.0
6.433333 0 288.5 239.7 26.6 30.0
6.466667 0 288.8 239.3 26.7 30.0
6.500000 0 289.1 238.9 26.8 30.0
6.533333 0 289.5 238.6 26.9 30.0
6.566667 0 289.8 238.2 27.0 30.0
6.600000 0 290.1 237.9 27.1 30.0
6.633333 0 290.4 237.5 27.2 30.0
6.666667 0 290.7 237.1 27.3 30.0
6.700000 0 291.0 236.8 27.4 30.0
6.733333 0 291.3 236.4 27.5 30.0
6.766667 0 291.6 236.0 27.6 30.0
6.800000 0 292.0 235.7 27.7 30.0
6.833333 0 292.3 235.3 27.8 30.0
6.866667 0 292.6 235.0 27.9 30.0
6.900000 0 292.9 234.6 28.0 30.0
6.933333 0 293.2 234.2 28.1 30.0
6.966667 0 293.5 233.9 28.2 30.0
7.000000 0 293.8 233.5 28.3 30.0
7.033333 0 294.1 233.2 28.4 30.0
7.066667 0 294.4 232.8 28.5 30.0
7.100000 0 294.8 232.4 28.6 30.0
7.133333 0 295.1 232.1 28.7 30.0
7.166667 0 295.4 231.7 28.8 30.0
7.200000 0 295.7 231.4 28.9 30.0
7.233333 0 296.0 231.0 29.0 30.0
7.266667 0 296.4 230.6 29.0 30.0
7.300000 0 296.8 230.3 29.0 30.0
7.333333 0 297.2 229.9 28.9 30.0
7.366667 0 297.6 229.6 28.9 30.0
7.400000 0 298.1 229.2 28.9 29.9
7.433333 0 298.5 228.9 28.9 29.9
7.466667 0 298.9 228.5 28.9 29.9
7.500000 0 299.3 228.2 28.8 29.9
7.533333 0 299.7 227.8 28.8 29.9
7.566667 0 300.1 227.5 28.8 29.9
7.600000 0 300.5 227.1 28.8 29.9
7.633333 0 300.9 226.8 28.8 29.9
7.666667 0 301.4 226.4 28.7 29.9
7.700000 0 301.8 226.1 28.7 29.9
7.733333 0 302.2 225.7 28.7 29.8
7.766667 0 302.6 225.4 28.7 29.8
7.800000 0 303.0 225.0 28.6 29.8
7.833333 0 303.4 224.7 28.6 29.8
7.866667 0 303.8 224.3 28.6 29.8
7.900000 0 304.2 224.0 28.6 29.8
7.933333 0 304.7 223.6 28.6 29.8
7.966667 0 305.1 223.3 28.5 29.8
8.000000 0 305.5 222.9 28.5 29.8
8.033333 0 305.9 222.6 28.5 29.8
8.066667 0 306.3 222.2 28.5 29.7
8.100000 0 306.7 221.9 28.5 29.7
8.133333 0 307.1 221.5 28.4 29.7
8.166667 0 307.5 221.2 28.4 29.7
8.200000 0 308.0 220.8 28.4 29.7
8.233333 0 308.4 220.5 28.4 29.7
8.266667 0 308.8 220.1 28.4 29.7
8.300000 0 309.2 219.8 28.3 29.7
8.333333 0 309.6 219.4 28.3 29.7
8.366667 0 310.0 219.1 28.3 29.6
8.400000 0 310.4 218.7 28.3 29.6
8.433333 0 310.8 218.4 28.3 29.6
8.466667 0 311.3 218.0 28.2 29.6
8.500000 0 311.7 217.7 28.2 29.6
8.533333 0 312.1 217.3 28.2 29.6
8.566667 0 312.5 217.0 28.2 29.6
8.600000 0 312.9 216.6 28.2 29.6
8.633333 0 313.3 216.3 28.1 29.6
8.666667 0 313.7 215.9 28.1 29.6
8.700000 0 314.1 215.6 28.1 29.5
8.733333 0 314.6 215.2 28.1 29.5
8.766667 0 315.0 214.9 28.1 29.5
8.800000 0 315.4 214.5 28.0 29.5
8.833333 0 315.8 214.2 28.0 29.5
8.866667 0 316.2 213.8 28.0 29.5
8.900000 0 316.6 213.5 28.0 29.5
8.933333 0 317.0 213.1 27.9 29.5
8.966667 0 317.4 212.8 27.9 29.5
9.000000 0 317.9 212.4 27.9 29.5
9.033333 0 318.3 212.1 27.9 29.4
9.066667 0 318.7 211.7 27.9 29.4
9.100000 0 319.1 211.4 27.8 29.4
9.133333 0 319.5 211.0 27.8 29.4
9.166667 0 319.9 210.7 27.8 29.4
9.200000 0 320.3 210.3 27.8 29.4
9.233333 0 320.7 210.0 27.8 29.4
9.266667 0 321.2 209.6 27.7 29.4
9.300000 0 321.6 209.3 27.7 29.4
9.333333 0 322.0 208.9 27.7 29.4
9.366667 0 322.4 208.6 27.7 29.3
9.400000 0 322.8 208.2 27.7 29.3
9.433333 0 323.2 207.9 27.6 29.3
9.466667 0 323.6 207.5 27.6 29.3
9.500000 0 324.0 207.2 27.6 29.3
9.533333 0 324.5 206.8 27.6 29.3
9.566667 0 324.9 206.5 27.6 29.3
9.600000 0 325.3 206.1 27.5 29.3
9.633333 0 325.7 205.8 27.5 29.3
9.666667 0 326.1 205.4 27.5 29.2
9.700000 0 326.5 205.1 27.5 29.2
9.733333 0 326.9 204.7 27.5 29.2
9.766667 0 327.3 204.4 27.4 29.2
9.800000 0 327.8 204.0 27.4 29.2
9.833333 0 328.2 203.7 27.4 29.2
9.866667 0 328.6 203.3 27.4 29.2
9.900000 0 329.0 203.0 27.4 29.2
9.933333 0 329.4 202.6 27.3 29.2
9.966667 0 329.8 202.3 27.3 29.2
10.000000 0 330.2 201.9 27.3 29.1
10.033333 0 330.6 201.6 27.3 29.1
10.066667 0 331.1 201.2 27.2 29.1
10.100000 0 331.5 200.9 27.2 29.1
10.133333 0 331.9 200.5 27.2 29.1
10.166667 0 332.3 200.2 27.2 29.1
10.200000 0 332.7 199.8 27.2 29.1
10.233333 0 333.1 199.5 27.1 29.1
10.266667 0 333.5 199.1 27.1 29.1
10.300000 0 333.9 198.8 27.1 29.1
10.333333 0 334.4 198.4 27.1 29.0
10.366667 0 334.8 198.1 27.1 29.0
10.400000 0 335.2 197.7 27.0 29.0
10.433333 0 335.6 197.4 27.0 29.0
10.466667 0 336.0 197.0 27.0 29.0
