0.000000 0 180.0 282.0 57.0 54.0
0.033333 0 180.4 281.7 57.0 54.0
0.066667 0 180.8 281.4 57.0 54.0
0.100000 0 181.1 281.1 56.9 53.9
0.133333 0 181.5 280.8 56.9 53.9
0.166667 0 181.9 280.6 56.9 53.9
0.200000 0 182.3 280.3 56.9 53.9
0.233333 0 182.7 280.0 56.8 53.8
0.266667 0 183.0 279.7 56.8 53.8
0.300000 0 183.4 279.4 56.8 53.8
0.333333 0 183.8 279.1 56.8 53.8
0.366667 0 184.2 278.8 56.7 53.7
0.400000 0 184.6 278.5 56.7 53.7
0.433333 0 184.9 278.3 56.7 53.7
0.466667 0 185.3 278.0 56.7 53.7
0.500000 0 185.7 277.7 56.6 53.6
0.533333 0 186.1 277.4 56.6 53.6
0.566667 0 186.5 277.1 56.6 53.6
0.600000 0 186.8 276.8 56.6 53.6
0.633333 0 187.2 276.5 56.5 53.5
0.666667 0 187.6 276.2 56.5 53.5
0.700000 0 188.0 275.9 56.5 53.5
0.733333 0 188.4 275.7 56.5 53.5
0.766667 0 188.7 275.4 56.4 53.4
0.800000 0 189.1 275.1 56.4 53.4
0.833333 0 189.5 274.8 56.4 53.4
0.866667 0 189.9 274.5 56.4 53.4
0.900000 0 190.3 274.2 56.3 53.3
0.933333 0 190.7 273.9 56.3 53.3
0.966667 0 191.0 273.6 56.3 53.3
1.000000 0 191.4 273.3 56.3 53.3
1.033333 0 191.8 273.1 56.2 53.2
1.066667 0 192.2 272.8 56.2 53.2
1.100000 0 192.6 272.5 56.2 53.2
1.133333 0 192.9 272.2 56.2 53.2
1.166667 0 193.3 271.9 56.1 53.1
1.200000 0 193.7 271.6 56.1 53.1
1.233333 0 194.1 271.3 56.1 53.1
1.266667 0 194.5 271.0 56.1 53.1
1.300000 0 194.8 270.8 56.0 53.0
1.333333 0 195.2 270.5 56.0 53.0
1.366667 0 195.6 270.2 56.0 53.0
1.400000 0 196.0 269.9 56.0 53.0
1.433333 0 196.4 269.6 55.9 52.9
1.466667 0 196.7 269.3 55.9 52.9
1.500000 0 197.1 269.0 55.9 52.9
1.533333 0 197.5 268.7 55.9 52.9
1.566667 0 197.9 268.4 55.8 52.8
1.600000 0 198.3 268.2 55.8 52.8
1.633333 0 198.6 267.9 55.8 52.8
1.666667 0 199.0 267.6 55.8 52.8
1.700000 0 199.4 267.3 55.7 52.7
1.733333 0 199.8 267.0 55.7 52.7
1.766667 0 200.2 266.7 55.7 52.7
1.800000 0 200.5 266.4 55.7 52.7
1.833333 0 200.9 266.1 55.7 52.7
1.866667 0 201.3 265.9 55.6 52.6
1.900000 0 201.7 265.6 55.6 52.6
1.933333 0 202.1 265.3 55.6 52.6
1.966667 0 202.4 265.0 55.6 52.6
2.000000 0 202.8 264.7 55.5 52.5
2.033333 0 203.2 264.4 55.5 52.5
2.066667 0 203.6 264.1 55.5 52.5
2.100000 0 204.0 263.8 55.5 52.5
2.133333 0 204.3 263.5 55.4 52.4
2.166667 0 204.7 263.3 55.4 52.4
2.200000 0 205.1 263.0 55.4 52.4
2.233333 0 205.5 262.7 55.4 52.4
2.266667 0 205.9 262.4 55.3 52.3
2.300000 0 206.2 262.1 55.3 52.3
2.333333 0 206.6 261.8 55.3 52.3
2.366667 0 207.0 261.5 55.3 52.3
2.400000 0 207.4 261.2 55.2 52.2
2.433333 0 207.8 261.0 55.2 52.2
2.466667 0 208.1 260.7 55.2 52.2
2.500000 0 208.5 260.4 55.2 52.2
2.533333 0 208.9 260.1 55.1 52.1
2.566667 0 209.3 259.8 55.1 52.1
2.600000 0 209.7 259.5 55.1 52.1
2.633333 0 210.0 259.2 55.1 52.1
2.666667 0 210.4 258.9 55.0 52.0
2.700000 0 210.8 258.6 55.0 52.0
2.733333 0 211.2 258.4 55.0 52.0
2.766667 0 211.6 258.1 55.0 52.0
2.800000 0 212.0 257.8 54.9 51.9
2.833333 0 212.3 257.5 54.9 51.9
2.866667 0 212.7 257.2 54.9 51.9
2.900000 0 213.1 256.9 54.9 51.9
2.933333 0 213.5 256.6 54.8 51.8
2.966667 0 213.9 256.3 54.8 51.8
3.000000 0 214.2 256.0 54.8 51.8
3.033333 0 214.6 255.8 54.8 51.8
3.066667 0 215.0 255.5 54.7 51.7
3.100000 0 215.4 255.2 54.7 51.7
3.133333 0 215.8 254.9 54.7 51.7
3.166667 0 216.1 254.6 54.7 51.7
3.200000 0 216.5 254.3 54.6 51.6
3.233333 0 216.9 254.0 54.6 51.6
3.266667 0 217.3 253.7 54.6 51.6
3.300000 0 217.7 253.5 54.6 51.6
3.333333 0 218.0 253.2 54.5 51.5
3.366667 0 218.4 252.9 54.5 51.5
3.400000 0 218.8 252.6 54.5 51.5
3.433333 0 219.2 252.3 54.5 51.5
3.466667 0 219.6 252.0 54.4 51.4
3.500000 0 219.9 251.7 54.4 51.4
3.533333 0 220.3 251.4 54.4 51.4
3.566667 0 220.7 251.1 54.4 51.4
3.600000 0 221.1 250.9 54.3 51.3
3.633333 0 221.5 250.6 54.3 51.3
3.666667 0 221.8 250.3 54.3 51.3
3.700000 0 222.2 250.0 54.3 51.3
3.733333 0 222.6 249.7 54.3 51.3
3.766667 0 223.0 249.4 54.2 51.2
3.800000 0 223.4 249.1 54.2 51.2
3.833333 0 223.7 248.8 54.2 51.2
3.866667 0 224.1 248.6 54.2 51.2
3.900000 0 224.5 248.3 54.1 51.1
3.933333 0 224.9 248.0 54.1 51.1
3.966667 0 225.3 247.7 54.1 51.1
4.000000 0 225.6 247.4 54.1 51.1
4.033333 0 226.0 247.1 54.0 51.0
4.066667 0 226.4 246.8 54.0 51.0
4.100000 0 226.8 246.5 54.0 51.0
4.133333 0 227.2 246.2 54.0 51.0
4.166667 0 227.5 246.0 53.9 50.9
4.200000 0 227.9 245.7 53.9 50.9
4.233333 0 228.3 245.4 53.9 50.9
4.266667 0 228.7 245.1 53.9 50.9
4.300000 0 229.1 244.8 53.8 50.8
4.333333 0 229.4 244.5 53.8 50.8
4.366667 0 229.8 244.2 53.8 50.8
4.400000 0 230.2 243.9 53.8 50.8
4.433333 0 230.6 243.7 53.7 50.7
4.466667 0 231.0 243.4 53.7 50.7
4.500000 0 231.3 243.1 53.7 50.7
4.533333 0 231.7 242.8 53.7 50.7
4.566667 0 232.1 242.5 53.6 50.6
4.600000 0 232.5 242.2 53.6 50.6
4.633333 0 232.9 241.9 53.6 50.6
4.666667 0 233.3 241.6 53.6 50.6
4.700000 0 233.6 241.3 53.5 50.5
4.733333 0 234.0 241.1 53.5 50.5
4.766667 0 234.4 240.8 53.5 50.5
4.800000 0 234.8 240.5 53.5 50.5
4.833333 0 235.2 240.2 53.4 50.4
4.866667 0 235.5 239.9 53.4 50.4
4.900000 0 235.9 239.6 53.4 50.4
4.933333 0 236.3 239.3 53.4 50.4
4.966667 0 236.7 239.0 53.3 50.3
5.000000 0 237.1 238.7 53.3 50.3
5.033333 0 237.4 238.5 53.3 50.3
5.066667 0 237.8 238.2 53.3 50.3
5.100000 0 238.2 237.9 53.2 50.2
5.133333 0 238.6 237.6 53.2 50.2
5.166667 0 239.0 237.3 53.2 50.2
5.200000 0 239.3 237.0 53.2 50.2
5.233333 0 239.7 236.7 53.1 50.1
5.266667 0 240.1 236.4 53.1 50.1
5.300000 0 240.5 236.2 53.1 50.1
5.333333 0 240.9 235.9 53.1 50.1
5.366667 0 241.2 235.6 53.0 50.0
5.400000 0 241.6 235.3 53.0 50.0
5.433333 0 242.0 235.0 53.0 50.0
5.466667 0 242.4 234.6 53.1 50.0
5.500000 0 242.7 234.3 53.2 50.1
5.533333 0 243.1 233.9 53.2 50.1
5.566667 0 243.4 233.5 53.3 50.2
5.600000 0 243.8 233.2 53.4 50.2
5.633333 0 244.1 232.8 53.5 50.3
5.666667 0 244.5 232.4 53.6 50.3
5.700000 0 244.8 232.0 53.6 50.4
5.733333 0 245.2 231.7 53.7 50.4
5.766667 0 245.5 231.3 53.8 50.5
5.800000 0 245.9 230.9 53.9 50.5
5.833333 0 246.2 230.6 53.9 50.6
5.866667 0 246.6 230.2 54.0 50.6
5.900000 0 246.9 229.8 54.1 50.7
5.933333 0 247.3 229.5 54.2 50.7
5.966667 0 247.6 229.1 54.3 50.8
6.000000 0 248.0 228.7 54.3 50.8
6.033333 0 248.3 228.3 54.4 50.9
6.066667 0 248.7 228.0 54.5 50.9
6.100000 0 249.0 227.6 54.6 51.0
6.133333 0 249.4 227.2 54.7 51.0
6.166667 0 249.7 226.9 54.7 51.1
6.200000 0 250.1 226.5 54.8 51.1
6.233333 0 250.4 226.1 54.9 51.2
6.266667 0 250.8 225.8 55.0 51.2
6.300000 0 251.1 225.4 55.0 51.3
6.333333 0 251.5 225.0 55.1 51.3
6.366667 0 251.8 224.6 55.2 51.4
6.400000 0 252.2 224.3 55.3 51.4
6.433333 0 252.5 223.9 55.4 51.5
6.466667 0 252.9 223.5 55.4 51.5
6.500000 0 253.2 223.2 55.5 51.6
6.533333 0 253.6 222.8 55.6 51.6
6.566667 0 254.0 222.4 55.7 51.6
6.600000 0 254.3 222.1 55.8 51.7
6.633333 0 254.7 221.7 55.8 51.7
6.666667 0 255.0 221.3 55.9 51.8
6.700000 0 255.4 221.0 56.0 51.8
6.733333 0 255.7 220.6 56.1 51.9
6.766667 0 256.1 220.2 56.2 51.9
6.800000 0 256.4 219.8 56.2 52.0
6.833333 0 256.8 219.5 56.3 52.0
6.866667 0 257.1 219.1 56.4 52.1
6.900000 0 257.5 218.7 56.5 52.1
6.933333 0 257.8 218.4 56.5 52.2
6.966667 0 258.2 218.0 56.6 52.2
7.000000 0 258.5 217.6 56.7 52.3
7.033333 0 258.9 217.3 56.8 52.3
7.066667 0 259.2 216.9 56.9 52.4
7.100000 0 259.6 216.5 56.9 52.4
7.133333 0 259.9 216.1 57.0 52.5
7.166667 0 260.3 215.8 57.1 52.5
7.200000 0 260.6 215.4 57.2 52.6
7.233333 0 261.0 215.0 57.3 52.6
7.266667 0 261.3 214.7 57.3 52.7
7.300000 0 261.7 214.3 57.4 52.7
7.333333 0 262.0 213.9 57.5 52.8
7.366667 0 262.4 213.6 57.6 52.8
7.400000 0 262.7 213.2 57.6 52.9
7.433333 0 263.1 212.8 57.7 52.9
7.466667 0 263.4 212.4 57.8 53.0
7.500000 0 263.8 212.1 57.9 53.0
7.533333 0 264.1 211.7 58.0 53.1
7.566667 0 264.5 211.3 58.0 53.1
7.600000 0 264.8 211.0 58.1 53.2
7.633333 0 265.2 210.6 58.2 53.2
7.666667 0 265.6 210.2 58.3 53.2
7.700000 0 265.9 209.9 58.4 53.3
7.733333 0 266.3 209.5 58.4 53.3
7.766667 0 266.6 209.1 58.5 53.4
7.800000 0 267.0 208.8 58.6 53.4
7.833333 0 267.3 208.4 58.7 53.5
7.866667 0 267.7 208.0 58.8 53.5
7.900000 0 268.0 207.6 58.8 53.6
7.933333 0 268.4 207.3 58.9 53.6
7.966667 0 268.7 206.9 59.0 53.7
8.000000 0 269.1 206.5 59.1 53.7
8.033333 0 269.4 206.2 59.1 53.8
8.066667 0 269.8 205.8 59.2 53.8
8.100000 0 270.1 205.4 59.3 53.9
8.133333 0 270.5 205.1 59.4 53.9
8.166667 0 270.8 204.7 59.5 54.0
8.200000 0 271.2 204.3 59.5 54.0
8.233333 0 271.5 203.9 59.6 54.1
8.266667 0 271.9 203.6 59.7 54.1
8.300000 0 272.2 203.2 59.8 54.2
8.333333 0 272.6 202.8 59.9 54.2
8.366667 0 272.9 202.5 59.9 54.3
8.400000 0 273.3 202.1 60.0 54.3
8.433333 0 273.6 201.7 60.1 54.4
8.466667 0 274.0 201.4 60.2 54.4
8.500000 0 274.3 201.0 60.2 54.5
8.533333 0 274.7 200.6 60.3 54.5
8.566667 0 275.0 200.2 60.4 54.6
8.600000 0 275.4 199.9 60.5 54.6
8.633333 0 275.7 199.5 60.6 54.7
8.666667 0 276.1 199.1 60.6 54.7
8.700000 0 276.4 198.8 60.7 54.8
8.733333 0 276.8 198.4 60.8 54.8
8.766667 0 277.2 198.0 60.9 54.8
8.800000 0 277.5 197.7 61.0 54.9
8.833333 0 277.9 197.3 61.0 54.9
8.866667 0 278.2 196.9 61.1 55.0
8.900000 0 278.6 196.6 61.2 55.0
8.933333 0 278.9 196.2 61.3 55.1
8.966667 0 279.3 195.8 61.4 55.1
9.000000 0 279.6 195.4 61.4 55.2
9.033333 0 280.0 195.1 61.5 55.2
9.066667 0 280.3 194.7 61.6 55.3
9.100000 0 280.7 194.3 61.7 55.3
9.133333 0 281.0 194.0 61.7 55.4
9.166667 0 281.4 193.6 61.8 55.4
9.200000 0 281.7 193.2 61.9 55.5
9.233333 0 282.1 192.9 62.0 55.5
9.266667 0 282.4 192.5 62.1 55.6
9.300000 0 282.8 192.1 62.1 55.6
9.333333 0 283.1 191.7 62.2 55.7
9.366667 0 283.5 191.4 62.3 55.7
9.400000 0 283.8 191.0 62.4 55.8
9.433333 0 284.2 190.6 62.5 55.8
9.466667 0 284.5 190.3 62.5 55.9
9.500000 0 284.9 189.9 62.6 55.9
9.533333 0 285.2 189.5 62.7 56.0
9.566667 0 285.6 189.2 62.8 56.0
9.600000 0 285.9 188.8 62.8 56.1
9.633333 0 286.3 188.4 62.9 56.1
9.666667 0 286.6 188.0 63.0 56.2
9.700000 0 287.0 187.7 63.1 56.2
9.733333 0 287.3 187.3 63.2 56.3
9.766667 0 287.7 186.9 63.2 56.3
9.800000 0 288.0 186.6 63.3 56.4
9.833333 0 288.4 186.2 63.4 56.4
9.866667 0 288.8 185.8 63.5 56.4
9.900000 0 289.1 185.5 63.6 56.5
9.933333 0 289.5 185.1 63.6 56.5
9.966667 0 289.8 184.7 63.7 56.6
10.000000 0 290.2 184.4 63.8 56.6
10.033333 0 290.5 184.0 63.9 56.7
10.066667 0 290.9 183.6 64.0 56.7
10.100000 0 291.2 183.2 64.0 56.8
10.133333 0 291.6 182.9 64.1 56.8
10.166667 0 291.9 182.5 64.2 56.9
10.200000 0 292.3 182.1 64.3 56.9
10.233333 0 292.6 181.8 64.3 57.0
10.266667 0 293.0 181.4 64.4 57.0
10.300000 0 293.3 181.0 64.5 57.1
10.333333 0 293.7 180.7 64.6 57.1
10.366667 0 294.0 180.3 64.7 57.2
10.400000 0 294.4 179.9 64.7 57.2
10.433333 0 294.7 179.5 64.8 57.3
10.466667 0 295.1 179.2 64.9 57.3
10.500000 0 295.4 178.8 65.0 57.4
10.533333 0 295.8 178.4 65.1 57.4
10.566667 0 296.1 178.1 65.1 57.5
10.600000 0 296.5 177.7 65.2 57.5
10.633333 0 296.8 177.3 65.3 57.6
10.666667 0 297.2 177.0 65.4 57.6
10.700000 0 297.5 176.6 65.4 57.7
10.733333 0 297.9 176.2 65.5 57.7
10.766667 0 298.2 175.8 65.6 57.8
10.800000 0 298.6 175.5 65.7 57.8
10.833333 0 298.9 175.1 65.8 57.9
10.866667 0 299.3 174.7 65.8 57.9
10.900000 0 299.6 174.4 65.9 58.0
10.933333 0 300.0 174.0 66.0 58.0
