0.000000 0 317.6 359.0 27.4 23.0
0.033333 0 317.0 356.0 28.0 26.0
0.066667 0 317.0 356.0 28.0 27.0
0.100000 0 318.0 354.0 27.0 29.0
0.133333 0 318.0 355.0 28.0 29.0
0.166667 0 315.0 356.0 31.0 28.0
0.200000 0 315.0 356.0 27.0 25.0
0.233333 0 317.0 357.0 25.0 24.0
0.266667 0 317.0 357.0 25.0 25.0
0.300000 0 315.0 357.0 27.0 25.0
0.333333 0 315.0 358.0 29.0 24.0
0.366667 0 317.0 359.0 26.0 23.0
0.400000 0 317.0 359.0 28.0 23.0
0.433333 0 315.0 359.0 30.0 23.0
0.466667 0 315.0 360.0 30.0 22.0
0.500000 0 315.0 360.0 29.0 20.0
0.533333 0 316.0 358.0 28.0 22.0
0.566667 0 316.0 358.0 29.0 24.0
0.600000 0 316.0 359.0 29.0 23.0
0.633333 0 316.0 360.0 29.0 21.0
0.666667 0 315.0 354.0 30.0 27.0
0.700000 0 315.0 354.0 33.0 33.0
0.733333 0 313.0 356.0 35.0 31.0
0.766667 0 313.0 356.0 31.0 28.0
0.800000 0 315.0 357.0 29.0 27.0
0.833333 0 315.0 358.0 29.0 26.0
0.866667 0 316.0 360.0 28.0 24.0
0.900000 0 316.0 360.0 27.0 23.0
0.933333 0 315.0 356.0 28.0 27.0
0.966667 0 315.0 356.0 30.0 26.0
1.000000 0 316.0 356.0 29.0 26.0
1.033333 0 316.0 356.0 32.0 29.0
1.066667 0 313.0 357.0 35.0 28.0
1.100000 0 313.0 357.0 32.0 28.0
1.133333 0 313.0 358.0 32.0 27.0
1.166667 0 313.0 358.0 32.0 25.0
1.200000 0 312.0 360.0 33.0 23.0
1.233333 0 312.0 360.0 34.0 21.0
1.266667 0 316.0 359.0 30.0 22.0
1.300000 0 316.0 359.0 28.0 22.0
1.333333 0 316.0 358.0 28.0 23.0
1.366667 0 316.0 358.0 31.0 23.0
1.400000 0 315.0 358.0 32.0 23.0
1.433333 0 315.0 359.0 30.0 24.0
1.466667 0 313.0 359.0 32.0 24.0
1.500000 0 314.0 359.0 31.0 23.0
1.533333 0 312.0 357.0 33.0 25.0
1.566667 0 313.0 358.0 32.0 24.0
1.600000 0 318.0 357.0 27.0 25.0
1.633333 0 318.0 357.0 26.0 23.0
1.666667 0 316.0 360.0 28.0 20.0
1.700000 0 318.0 360.0 30.0 21.0
1.733333 0 315.0 361.0 33.0 20.0
1.766667 0 315.0 361.0 30.0 20.0
1.800000 0 314.0 360.0 31.0 21.0
1.833333 0 314.0 360.0 29.0 20.0
1.866667 0 315.0 360.0 28.0 20.0
1.900000 0 315.0 360.0 31.0 21.0
1.933333 0 317.0 360.0 30.0 22.0
1.966667 0 317.0 360.0 30.0 21.0
2.000000 0 318.0 361.0 29.0 20.0
2.033333 0 318.0 361.0 26.0 21.0
2.066667 0 316.0 360.0 28.0 22.0
2.100000 0 316.0 360.0 27.0 21.0
2.133333 0 314.0 356.0 29.0 25.0
2.166667 0 314.0 356.0 30.0 26.0
2.200000 0 318.0 359.0 26.0 23.0
2.233333 0 318.0 359.0 29.0 24.0
2.266667 0 314.0 356.0 33.0 27.0
2.300000 0 314.0 356.0 33.0 28.0
2.333333 0 315.0 358.0 32.0 26.0
2.366667 0 313.0 354.0 32.0 29.0
2.400000 0 313.0 354.0 35.0 29.0
2.433333 0 314.0 354.0 34.0 29.0
2.466667 0 314.0 354.0 36.0 30.0
2.500000 0 314.0 354.0 36.0 30.0
2.533333 0 314.0 354.0 38.0 32.0
2.566667 0 316.0 354.0 36.0 32.0
2.600000 0 316.0 354.0 37.0 33.0
2.633333 0 310.0 354.0 43.0 33.0
2.666667 0 310.0 354.0 37.0 30.0
2.700000 0 314.0 354.0 33.0 30.0
2.733333 0 315.0 355.0 33.0 29.0
2.766667 0 316.0 356.0 32.0 28.0
2.800000 0 312.0 353.0 36.0 31.0
2.833333 0 312.0 353.0 36.0 26.0
2.866667 0 317.0 354.0 34.0 30.0
2.900000 0 316.0 358.0 35.0 26.0
2.933333 0 316.0 358.0 33.0 25.0
2.966667 0 317.0 355.0 32.0 28.0
3.000000 0 317.0 355.0 33.0 29.0
3.033333 0 315.0 355.0 35.0 29.0
3.066667 0 311.0 351.0 40.0 33.0
3.100000 0 311.0 351.0 43.0 33.0
3.133333 0 311.0 351.0 43.0 33.0
3.166667 0 311.0 351.0 46.0 31.0
3.200000 0 317.0 354.0 40.0 28.0
3.233333 0 317.0 354.0 37.0 29.0
3.266667 0 317.0 354.0 37.0 29.0
3.300000 0 317.0 354.0 34.0 29.0
3.333333 0 312.0 354.0 39.0 29.0
3.366667 0 312.0 354.0 39.0 30.0
3.400000 0 310.0 351.0 41.0 33.0
3.433333 0 310.0 351.0 37.0 30.0
3.466667 0 313.0 352.0 39.0 29.0
3.500000 0 315.0 354.0 37.0 27.0
3.533333 0 315.0 354.0 39.0 29.0
3.566667 0 313.0 353.0 41.0 30.0
3.600000 0 313.0 353.0 37.0 28.0
3.633333 0 313.0 357.0 37.0 24.0
3.666667 0 320.0 354.0 31.0 30.0
3.700000 0 320.0 354.0 28.0 27.0
3.733333 0 317.0 356.0 31.0 25.0
3.766667 0 317.0 356.0 34.0 26.0
3.800000 0 315.0 354.0 36.0 28.0
3.833333 0 315.0 354.0 36.0 28.0
3.866667 0 313.0 354.0 38.0 28.0
3.900000 0 313.0 354.0 35.0 27.0
3.933333 0 318.0 354.0 30.0 27.0
3.966667 0 318.0 354.0 28.0 30.0
4.000000 0 320.0 358.0 26.0 26.0
4.033333 0 320.0 358.0 30.0 25.0
4.066667 0 318.0 357.0 32.0 26.0
4.100000 0 317.0 356.0 32.0 26.0
4.133333 0 317.0 356.0 38.0 32.0
4.166667 0 315.0 355.0 40.0 33.0
4.200000 0 315.0 355.0 33.0 28.0
4.233333 0 317.0 357.0 31.0 26.0
4.266667 0 319.0 357.0 27.0 25.0
4.300000 0 319.0 357.0 27.0 25.0
4.333333 0 317.0 357.0 29.0 25.0
4.366667 0 317.0 357.0 30.0 23.0
4.400000 0 317.0 357.0 30.0 23.0
4.433333 0 317.0 357.0 34.0 24.0
4.466667 0 316.0 355.0 35.0 26.0
4.500000 0 320.0 357.0 28.0 24.0
4.533333 0 320.0 357.0 30.0 24.0
4.566667 0 315.0 357.0 35.0 24.0
4.600000 0 315.0 357.0 36.0 24.0
4.633333 0 316.0 355.0 35.0 26.0
4.666667 0 317.0 354.0 34.0 26.0
4.700000 0 318.0 354.0 31.0 24.0
4.733333 0 318.0 356.0 31.0 22.0
4.766667 0 318.0 356.0 31.0 22.0
4.800000 0 318.0 355.0 31.0 23.0
4.833333 0 315.0 355.0 37.0 25.0
4.866667 0 315.0 355.0 36.0 25.0
4.900000 0 316.0 356.0 35.0 24.0
4.933333 0 316.0 356.0 36.0 25.0
4.966667 0 318.0 356.0 34.0 25.0
5.000000 0 318.0 356.0 34.0 25.0
5.033333 0 318.0 356.0 34.0 25.0
5.066667 0 318.0 356.0 28.0 21.0
5.100000 0 320.0 356.0 26.0 21.0
5.133333 0 320.0 356.0 33.0 25.0
5.166667 0 314.0 356.0 39.0 25.0
5.200000 0 314.0 356.0 35.0 22.0
5.233333 0 317.0 358.0 32.0 20.0
5.266667 0 317.0 358.0 33.0 22.0
5.300000 0 315.0 357.0 35.0 23.0
5.333333 0 315.0 357.0 36.0 24.0
5.366667 0 317.0 357.0 34.0 24.0
5.400000 0 317.0 357.0 34.0 21.0
5.433333 0 318.0 357.0 33.0 21.0
5.466667 0 318.0 357.0 30.0 21.0
5.500000 0 320.0 357.0 28.0 21.0
5.533333 0 320.0 357.0 30.0 20.0
5.566667 0 321.0 360.0 29.0 17.0
5.600000 0 321.0 360.0 23.0 15.0
5.633333 0 319.0 357.0 32.0 23.0
5.666667 0 319.0 357.0 32.0 23.0
5.700000 0 316.0 357.0 35.0 23.0
5.733333 0 316.0 357.0 36.0 22.0
5.766667 0 315.0 354.0 37.0 25.0
5.800000 0 315.0 354.0 36.0 27.0
5.833333 0 317.0 355.0 34.0 26.0
5.866667 0 317.0 355.0 35.0 23.0
5.900000 0 317.0 357.0 35.0 21.0
5.933333 0 318.0 359.0 33.0 18.0
5.966667 0 317.0 356.0 34.0 21.0
6.000000 0 317.0 356.0 35.0 23.0
6.033333 0 318.0 357.0 34.0 22.0
6.066667 0 318.0 357.0 33.0 19.0
6.100000 0 318.0 357.0 33.0 19.0
6.133333 0 318.0 357.0 33.0 19.0
6.166667 0 320.0 358.0 31.0 18.0
6.200000 0 319.0 357.0 32.0 20.0
6.233333 0 318.0 358.0 30.0 20.0
6.266667 0 319.0 357.0 30.0 18.0
6.300000 0 321.0 360.0 30.0 16.0
6.333333 0 320.0 359.0 28.0 17.0
6.366667 0 318.0 355.0 32.0 24.0
6.400000 0 322.4 357.9 27.1 21.9
6.433333 0 322.5 358.0 27.0 21.7
6.466667 0 321.8 357.3 28.4 23.1
6.500000 0 321.9 357.5 28.2 22.8
6.533333 0 322.0 357.6 28.1 22.7
6.566667 0 321.5 357.1 29.2 23.7
6.600000 0 321.6 357.2 29.0 23.5
6.633333 0 320.5 356.2 31.3 25.6
6.666667 0 320.8 356.5 30.7 25.0
6.700000 0 319.7 355.5 33.0 27.0
6.733333 0 319.8 355.5 32.9 26.9
6.766667 0 319.8 355.6 32.8 26.8
6.800000 0 319.5 355.3 33.4 27.5
6.833333 0 320.1 355.8 32.2 26.3
6.866667 0 320.4 356.0 31.6 25.7
6.900000 0 318.9 354.6 34.8 28.7
6.933333 0 315.9 351.5 41.4 35.2
6.966667 0 315.1 350.8 43.0 36.7
7.000000 0 315.7 351.3 41.8 35.5
7.033333 0 315.5 351.2 42.2 35.9
7.066667 0 313.3 348.9 47.1 40.6
7.100000 0 312.4 348.2 48.9 42.1
7.133333 0 312.3 348.0 49.2 42.5
7.166667 0 309.5 345.3 55.1 48.3
7.200000 0 309.9 345.6 54.5 47.6
7.233333 0 309.2 345.0 55.9 48.8
7.266667 0 307.3 342.9 60.1 53.1
7.300000 0 307.2 342.8 60.2 53.3
7.333333 0 307.3 342.9 60.1 53.1
7.366667 0 308.0 343.5 58.7 51.9
7.400000 0 309.7 345.1 55.2 48.6
7.433333 0 309.3 344.7 56.0 49.3
7.466667 0 309.6 345.0 55.4 48.8
7.500000 0 310.2 345.6 54.2 47.6
7.533333 0 312.8 347.8 48.9 42.8
7.566667 0 313.0 347.9 48.5 42.5
7.600000 0 313.3 348.6 47.7 41.3
7.633333 0 316.3 351.6 41.5 35.2
7.666667 0 317.6 352.5 38.9 33.1
7.700000 0 317.2 352.0 39.6 34.0
7.733333 0 319.2 353.7 35.5 30.4
7.766667 0 319.7 354.2 34.5 29.3
7.800000 0 321.7 356.1 30.5 25.5
7.833333 0 322.2 356.5 29.5 24.5
7.866667 0 322.0 356.4 29.9 24.8
7.900000 0 322.4 357.2 29.0 23.5
7.933333 0 322.8 357.5 28.2 22.8
7.966667 0 322.9 357.5 28.1 22.7
8.000000 0 323.2 357.8 27.4 22.2
8.033333 0 323.3 357.8 27.3 22.1
8.066667 0 322.9 357.4 28.2 22.9
8.100000 0 323.1 357.6 27.7 22.5
8.133333 0 322.4 356.9 29.3 24.0
8.166667 0 322.5 357.0 29.0 23.7
8.200000 0 322.6 357.0 29.0 23.7
8.233333 0 323.0 357.3 28.1 22.9
8.266667 0 323.3 357.6 27.5 22.3
8.300000 0 322.7 357.0 28.8 23.5
8.333333 0 321.5 355.7 31.5 26.3
8.366667 0 321.5 355.7 31.5 26.3
8.400000 0 321.6 355.7 31.3 26.2
8.433333 0 321.8 355.9 30.9 25.8
8.466667 0 320.1 354.1 34.6 29.5
8.500000 0 320.8 354.9 33.1 27.9
8.533333 0 315.3 349.9 44.9 38.6
8.566667 0 315.5 350.1 44.5 38.2
8.600000 0 315.4 350.0 44.8 38.5
8.633333 0 315.2 349.8 45.1 38.9
8.666667 0 314.7 349.2 46.3 40.1
8.700000 0 315.5 350.0 44.6 38.4
8.733333 0 315.2 349.7 45.4 39.2
8.766667 0 314.1 348.6 48.0 41.6
8.800000 0 314.1 348.6 47.9 41.5
8.833333 0 315.8 350.5 44.3 37.5
8.866667 0 318.0 352.4 39.9 33.6
8.900000 0 317.9 352.5 39.9 33.5
8.933333 0 317.7 352.2 40.4 34.0
8.966667 0 317.9 352.3 40.1 33.8
9.000000 0 319.6 353.9 36.5 30.3
9.033333 0 322.5 356.5 30.4 24.9
9.066667 0 322.2 356.2 30.8 25.6
9.100000 0 322.3 356.3 30.9 25.4
9.133333 0 322.8 356.8 29.8 24.4
9.166667 0 321.7 355.4 31.8 27.4
9.200000 0 321.6 355.4 31.8 27.4
9.233333 0 321.6 355.4 31.9 27.3
9.266667 0 321.8 355.6 31.6 27.0
9.300000 0 321.7 355.4 31.8 27.4
9.333333 0 321.7 355.3 31.8 27.7
9.366667 0 321.7 355.3 32.0 27.5
9.400000 0 321.5 355.0 32.2 28.2
9.433333 0 321.7 355.2 31.8 27.7
9.466667 0 321.7 355.9 32.5 26.6
9.500000 0 321.7 355.9 32.7 26.6
9.533333 0 322.1 356.1 32.1 26.0
9.566667 0 322.0 356.0 32.3 26.2
9.600000 0 322.5 356.5 31.2 25.2
9.633333 0 322.3 356.3 31.8 25.7
9.666667 0 321.6 355.2 33.4 27.7
9.700000 0 321.6 355.2 33.5 27.7
9.733333 0 321.8 355.5 33.0 27.2
9.766667 0 320.0 353.4 37.1 31.3
9.800000 0 319.4 353.0 38.2 32.4
9.833333 0 320.7 354.2 35.4 29.8
9.866667 0 320.5 354.0 35.8 30.1
9.900000 0 316.7 350.2 44.1 38.1
9.933333 0 316.5 350.0 44.5 38.5
9.966667 0 316.6 350.3 44.3 38.1
10.000000 0 315.2 348.7 47.3 41.3
10.033333 0 312.7 346.1 52.8 46.6
10.066667 0 312.1 345.3 54.1 48.2
10.100000 0 311.8 345.1 54.6 48.7
10.133333 0 312.2 345.4 53.9 48.0
10.166667 0 309.1 342.5 60.5 54.3
10.200000 0 309.0 342.3 60.9 54.7
10.233333 0 311.3 344.6 56.0 49.9
10.266667 0 312.6 345.9 53.4 47.1
10.300000 0 312.9 346.3 52.8 46.5
10.333333 0 313.0 346.3 52.5 46.3
10.366667 0 316.5 349.8 45.2 39.2
10.400000 0 321.7 354.8 34.5 28.9
10.433333 0 322.4 355.4 33.0 27.5
10.466667 0 323.0 356.1 31.8 26.2
10.500000 0 323.7 356.7 30.4 24.9
10.533333 0 324.7 357.7 28.3 22.8
10.566667 0 324.7 357.6 28.4 23.0
10.600000 0 324.5 357.5 28.8 23.3
10.633333 0 324.7 357.6 28.4 22.9
10.666667 0 324.6 357.4 28.8 23.4
10.700000 0 325.5 358.2 27.0 21.7
10.733333 0 325.6 358.3 26.7 21.5
10.766667 0 325.5 358.2 27.0 21.8
10.800000 0 325.5 358.2 27.0 21.7
