0.033333 0 327.0 250.0 55.0 47.0
0.066667 0 327.6 250.7 56.9 48.8
0.100000 0 328.9 251.8 57.5 49.3
0.133333 0 329.9 252.1 58.9 50.7
0.166667 0 330.6 251.8 61.0 52.6
0.200000 0 331.9 252.4 62.0 53.6
0.233333 0 332.7 253.1 63.2 54.8
0.266667 0 333.2 253.7 65.4 56.8
0.300000 0 334.5 254.9 65.5 57.0
0.333333 0 334.9 255.2 67.2 58.5
0.366667 0 335.7 255.9 67.9 59.1
0.400000 0 336.2 256.6 69.2 60.3
0.433333 0 336.4 257.4 70.4 61.6
0.466667 0 337.2 259.1 70.5 61.7
0.500000 0 337.1 260.5 71.5 62.6
0.533333 0 336.9 262.1 71.9 63.0
0.566667 0 335.9 262.8 73.4 64.4
0.600000 0 335.6 263.2 73.7 64.6
0.633333 0 335.0 263.1 74.1 64.9
0.666667 0 334.3 262.8 75.0 65.8
0.700000 0 333.9 262.7 75.4 66.2
0.733333 0 333.6 263.1 75.9 66.6
0.766667 0 333.4 263.9 76.2 66.9
0.800000 0 333.1 264.9 76.1 66.8
0.833333 0 332.9 265.6 75.9 66.5
0.866667 0 332.6 265.5 75.9 66.5
0.900000 0 332.3 265.7 75.5 66.1
0.933333 0 331.5 266.1 75.7 66.3
0.966667 0 330.6 267.3 75.6 66.1
1.000000 0 329.4 268.3 75.5 66.0
1.033333 0 328.3 269.1 75.2 65.5
1.066667 0 327.6 269.1 75.0 65.4
1.100000 0 327.4 268.2 75.2 65.6
1.133333 0 327.7 266.7 75.1 65.4
1.166667 0 327.9 265.3 75.7 66.0
1.200000 0 328.7 264.4 75.1 65.4
1.233333 0 329.0 263.3 75.5 65.7
1.266667 0 329.9 262.8 74.9 65.1
1.300000 0 330.4 262.2 74.9 65.0
1.333333 0 330.6 261.8 74.9 65.0
1.366667 0 331.1 261.6 74.6 64.7
1.400000 0 331.1 260.7 75.0 65.1
1.433333 0 331.5 260.0 74.8 64.8
1.466667 0 332.2 259.7 74.0 64.0
1.500000 0 332.2 259.2 74.2 64.2
1.533333 0 332.4 258.9 74.1 64.1
1.566667 0 332.5 258.6 74.1 64.0
1.600000 0 332.7 258.0 74.0 63.9
1.633333 0 332.7 257.3 74.0 63.9
1.666667 0 332.8 256.7 73.8 63.6
1.700000 0 333.2 256.1 73.4 63.1
1.733333 0 333.6 255.5 73.1 62.8
1.766667 0 333.9 254.6 73.7 63.4
1.800000 0 334.3 254.5 73.3 63.0
1.833333 0 334.8 254.6 72.8 62.4
1.866667 0 335.2 254.3 73.0 62.6
1.900000 0 335.7 254.1 73.0 62.6
1.933333 0 336.9 253.8 72.6 62.2
1.966667 0 338.0 253.2 72.6 62.1
2.000000 0 339.1 252.6 72.4 61.9
2.033333 0 340.1 251.7 72.8 62.3
2.066667 0 341.1 251.2 72.8 62.2
2.100000 0 341.9 250.4 73.2 62.7
2.133333 0 342.7 250.2 73.1 62.7
2.166667 0 343.2 249.9 73.2 62.8
2.200000 0 343.8 249.0 73.7 63.3
2.233333 0 344.7 248.4 73.7 63.3
2.266667 0 345.5 247.4 73.9 63.5
2.300000 0 346.4 246.3 73.9 63.6
2.333333 0 347.1 244.6 74.5 64.2
2.366667 0 348.0 243.3 74.2 63.9
2.400000 0 348.2 242.3 74.6 64.3
2.433333 0 348.9 240.4 74.7 64.5
2.466667 0 349.3 238.4 75.1 64.9
2.500000 0 349.9 236.5 75.1 64.9
2.533333 0 350.4 234.8 75.3 65.1
2.566667 0 351.1 233.0 75.5 65.4
2.600000 0 351.8 231.2 75.7 65.6
2.633333 0 352.6 229.6 75.6 65.5
2.666667 0 353.2 228.0 75.9 65.8
2.700000 0 353.7 226.5 76.0 65.9
2.733333 0 354.5 225.3 75.8 65.7
2.766667 0 355.2 224.3 75.9 65.8
2.800000 0 355.7 222.9 76.3 66.3
2.833333 0 356.2 221.7 76.5 66.5
2.866667 0 356.8 220.2 76.4 66.4
2.900000 0 357.1 218.5 76.8 66.8
2.933333 0 357.6 217.0 76.7 66.7
2.966667 0 357.4 215.3 77.1 67.2
3.000000 0 357.3 214.1 77.2 67.4
3.033333 0 357.2 213.5 77.1 67.2
3.066667 0 357.0 212.7 77.3 67.4
3.100000 0 356.8 211.7 77.6 67.8
3.133333 0 357.1 210.9 77.7 67.8
3.166667 0 357.7 210.0 77.7 67.9
3.200000 0 358.5 208.7 78.1 68.3
3.233333 0 359.5 207.5 78.2 68.4
3.266667 0 360.5 206.6 78.3 68.5
3.300000 0 361.5 205.5 78.4 68.7
3.333333 0 362.6 204.8 78.3 68.6
3.366667 0 363.3 204.0 78.4 68.6
3.400000 0 364.0 203.2 78.6 68.9
3.433333 0 364.6 202.6 78.6 68.9
3.466667 0 364.9 201.9 78.7 69.0
3.500000 0 365.0 201.0 79.2 69.6
3.533333 0 365.4 200.7 78.9 69.2
3.566667 0 365.4 199.9 79.3 69.7
3.600000 0 365.8 199.5 79.1 69.5
3.633333 0 365.8 198.8 79.7 70.2
3.666667 0 366.4 198.4 79.5 70.0
3.700000 0 366.8 197.5 80.0 70.5
3.733333 0 367.5 197.2 79.7 70.2
3.766667 0 368.1 196.5 80.0 70.6
3.800000 0 369.0 195.9 80.1 70.7
3.833333 0 369.6 195.0 80.4 71.0
3.866667 0 370.3 194.3 80.6 71.2
3.900000 0 370.9 193.7 80.4 71.1
3.933333 0 371.1 193.0 80.9 71.6
3.966667 0 371.4 192.6 80.6 71.3
4.000000 0 371.2 191.7 81.1 71.9
4.033333 0 371.2 191.2 81.0 71.7
4.066667 0 370.8 190.5 81.4 72.1
4.100000 0 370.5 189.7 81.5 72.4
4.133333 0 370.5 189.2 81.3 72.1
4.166667 0 369.9 188.4 81.8 72.6
4.200000 0 369.5 187.5 82.0 72.9
4.233333 0 369.5 186.9 81.7 72.6
4.266667 0 369.1 186.1 82.1 73.0
4.300000 0 368.6 185.1 82.4 73.4
4.333333 0 368.6 184.7 82.2 73.2
4.366667 0 368.4 183.9 82.4 73.4
4.400000 0 368.0 183.0 82.7 73.7
4.433333 0 368.0 182.5 82.3 73.3
4.466667 0 367.5 181.7 82.7 73.8
4.500000 0 367.2 181.0 83.0 74.1
4.533333 0 366.8 180.5 83.0 74.1
4.566667 0 366.3 180.3 82.8 73.9
4.600000 0 365.3 179.8 83.2 74.4
4.633333 0 364.2 179.4 83.4 74.6
4.666667 0 363.6 179.3 83.2 74.4
4.700000 0 362.8 179.0 83.3 74.6
4.733333 0 362.0 178.3 83.9 75.2
4.766667 0 361.3 178.1 84.0 75.3
4.800000 0 360.7 177.9 84.0 75.3
4.833333 0 360.0 178.0 83.8 75.1
4.866667 0 359.1 177.9 83.8 75.1
4.900000 0 358.0 177.7 84.0 75.3
4.933333 0 357.3 177.5 84.2 75.6
4.966667 0 356.5 176.7 84.9 76.4
5.000000 0 356.3 176.5 84.5 76.0
5.033333 0 356.1 176.2 84.5 76.0
5.066667 0 355.4 175.5 85.2 76.8
5.100000 0 355.1 175.3 85.1 76.7
5.133333 0 354.9 175.0 84.9 76.5
5.166667 0 354.6 174.9 84.9 76.6
5.200000 0 354.0 174.1 85.7 77.4
5.233333 0 354.0 174.0 85.3 76.9
5.266667 0 354.0 173.4 85.6 77.4
5.300000 0 354.4 172.9 85.6 77.3
5.333333 0 354.6 172.1 86.1 77.9
5.366667 0 354.9 171.6 86.0 77.9
5.400000 0 355.1 171.2 86.0 77.9
5.433333 0 355.1 170.5 86.5 78.4
5.466667 0 355.3 170.3 86.2 78.0
5.500000 0 355.1 169.7 86.7 78.7
5.533333 0 354.9 169.2 86.8 78.8
5.566667 0 354.9 169.1 86.4 78.3
5.600000 0 354.5 168.7 86.7 78.7
5.633333 0 354.0 168.4 87.2 79.2
5.666667 0 353.4 168.1 87.3 79.4
5.700000 0 352.6 167.9 87.5 79.7
5.733333 0 351.9 167.8 87.1 79.1
5.766667 0 350.9 167.7 87.2 79.3
5.800000 0 349.8 167.0 87.8 80.0
5.833333 0 349.1 166.6 87.7 80.0
5.866667 0 348.4 166.5 87.7 79.9
5.900000 0 347.6 166.3 87.7 79.9
5.933333 0 346.4 165.9 88.1 80.4
5.966667 0 345.1 165.3 88.6 81.0
6.000000 0 344.3 165.1 88.5 80.8
6.033333 0 343.4 164.8 88.3 80.7
6.066667 0 342.3 164.2 88.9 81.3
6.100000 0 341.6 164.0 88.8 81.3
6.133333 0 340.9 163.9 88.8 81.4
6.166667 0 339.9 163.7 89.0 81.6
6.200000 0 339.1 163.7 89.1 81.7
6.233333 0 337.9 163.6 89.5 82.1
6.266667 0 337.2 163.6 89.3 81.9
6.300000 0 336.8 163.5 89.4 82.1
6.333333 0 336.3 163.5 89.5 82.2
6.366667 0 335.5 163.3 90.1 82.8
6.400000 0 335.0 163.7 89.9 82.7
6.433333 0 334.3 163.6 90.1 82.9
6.466667 0 333.8 163.8 90.2 83.0
6.500000 0 333.2 163.9 90.2 83.0
6.533333 0 332.7 164.0 90.4 83.3
6.566667 0 332.3 163.9 90.8 83.7
6.600000 0 332.0 164.0 90.9 83.9
6.633333 0 332.0 164.4 90.9 83.8
6.666667 0 332.1 164.6 91.0 84.0
6.700000 0 332.2 164.7 91.2 84.2
6.733333 0 332.7 165.1 91.1 84.2
6.766667 0 333.4 165.0 91.2 84.3
6.800000 0 334.3 164.8 91.5 84.6
6.833333 0 335.4 164.6 91.6 84.8
6.866667 0 336.5 164.4 91.8 85.0
6.900000 0 337.6 164.3 92.0 85.3
6.933333 0 338.9 164.4 91.9 85.2
6.966667 0 340.3 164.1 91.8 85.1
7.000000 0 341.5 163.8 92.2 85.4
7.033333 0 342.7 163.2 92.4 85.8
7.066667 0 344.2 162.9 92.5 85.9
7.100000 0 345.8 162.6 92.3 85.8
7.133333 0 347.0 161.9 93.1 86.6
7.166667 0 348.8 161.9 93.0 86.6
7.200000 0 350.5 161.5 93.1 86.6
7.233333 0 352.0 161.3 93.1 86.6
7.266667 0 353.3 161.0 93.2 86.8
7.300000 0 354.5 160.3 93.5 87.2
7.333333 0 355.7 160.2 93.8 87.4
7.366667 0 357.0 160.2 93.7 87.4
7.400000 0 358.3 160.2 93.5 87.2
7.433333 0 359.4 160.1 93.5 87.3
7.466667 0 360.4 160.1 93.6 87.3
7.500000 0 361.2 159.9 93.7 87.5
7.533333 0 361.8 159.9 93.9 87.7
7.566667 0 362.7 159.7 94.0 87.8
7.600000 0 363.4 159.8 93.8 87.7
7.633333 0 363.8 159.7 94.3 88.2
7.666667 0 363.8 159.9 94.4 88.4
7.700000 0 363.9 160.2 94.2 88.2
7.733333 0 364.0 160.3 94.0 88.0
7.766667 0 363.9 160.5 94.1 88.0
7.800000 0 363.9 160.5 94.1 88.0
7.833333 0 363.7 160.2 94.3 88.3
7.866667 0 363.6 160.4 94.3 88.3
7.900000 0 363.4 160.4 94.6 88.6
7.933333 0 363.3 160.4 94.6 88.7
7.966667 0 363.2 160.4 94.7 88.7
8.000000 0 363.2 160.2 94.6 88.6
8.033333 0 363.3 159.8 94.8 88.9
8.066667 0 363.5 159.4 95.1 89.4
8.100000 0 363.5 159.4 95.1 89.4
8.133333 0 364.0 159.1 95.3 89.5
8.166667 0 364.1 159.0 95.1 89.3
8.200000 0 364.1 159.0 95.2 89.3
8.233333 0 364.0 158.9 95.1 89.3
8.266667 0 363.7 158.1 95.6 89.9
8.300000 0 363.7 158.1 95.6 90.0
8.333333 0 363.6 157.9 95.0 89.3
8.366667 0 363.5 157.5 95.2 89.5
8.400000 0 363.2 156.8 95.7 90.1
8.433333 0 362.9 156.1 95.7 90.2
8.466667 0 362.4 155.5 96.4 90.9
8.500000 0 362.6 155.2 95.8 90.3
8.533333 0 361.9 154.3 95.9 90.4
8.566667 0 361.4 153.7 96.3 90.8
8.600000 0 360.5 153.2 96.3 90.9
8.633333 0 359.3 152.6 96.6 91.2
8.666667 0 358.1 152.1 96.4 91.0
8.700000 0 356.3 151.3 97.0 91.7
8.733333 0 354.5 150.8 97.0 91.8
8.766667 0 352.9 150.4 97.1 91.8
8.800000 0 350.8 149.5 97.9 92.7
8.833333 0 349.0 149.3 97.5 92.3
8.866667 0 347.1 148.6 97.9 92.8
8.900000 0 345.8 148.0 97.9 92.7
8.933333 0 344.7 147.1 98.4 93.3
8.966667 0 343.9 147.0 98.3 93.1
9.000000 0 343.1 146.4 98.6 93.5
9.033333 0 342.1 145.6 99.1 94.0
9.066667 0 341.0 145.1 99.3 94.2
9.100000 0 339.7 144.5 99.5 94.4
9.133333 0 338.5 144.3 99.4 94.2
9.166667 0 336.8 143.7 99.9 94.8
9.200000 0 335.3 143.4 100.0 94.9
9.233333 0 333.7 143.0 100.3 95.1
9.266667 0 331.8 143.0 100.5 95.3
9.300000 0 329.8 142.9 100.8 95.6
9.333333 0 327.8 142.9 100.8 95.7
9.366667 0 325.6 142.9 101.3 96.0
9.400000 0 323.9 142.6 101.4 96.1
9.433333 0 321.9 142.7 101.5 96.3
9.466667 0 320.1 142.9 101.8 96.4
9.500000 0 318.6 143.0 102.1 96.6
9.533333 0 317.0 143.0 108.2 97.0
9.566667 0 316.2 143.1 106.0 97.0
9.600000 0 315.4 142.9 107.5 97.0
9.633333 0 314.8 142.8 107.4 98.0
9.666667 0 313.9 142.7 107.5 98.0
9.700000 0 313.1 142.6 110.6 99.0
9.733333 0 312.3 142.8 109.9 99.0
9.766667 0 311.6 143.0 109.8 99.0
9.800000 0 310.0 142.9 109.9 99.0
9.833333 0 308.2 142.6 111.7 100.0
9.866667 0 307.0 142.7 113.7 100.0
9.900000 0 305.7 142.1 112.8 100.0
9.933333 0 304.6 142.0 113.9 101.0
9.966667 0 302.9 142.1 113.3 101.0
10.000000 0 301.6 141.8 116.8 102.0
10.033333 0 300.3 141.2 119.6 103.0
10.066667 0 299.0 140.8 117.9 103.0
10.100000 0 297.7 140.2 119.2 103.0
10.133333 0 296.6 139.7 118.9 104.0
