0.000000 0 331.0 253.0 24.0 18.0
0.033333 0 330.8 253.0 24.1 18.0
0.066667 0 330.6 253.0 24.3 18.0
0.100000 0 330.4 252.9 24.4 18.0
0.133333 0 330.2 252.9 24.6 18.0
0.166667 0 330.0 252.9 24.7 18.0
0.200000 0 329.9 252.9 24.9 18.0
0.233333 0 329.7 252.9 25.0 18.0
0.266667 0 329.5 252.8 25.2 18.0
0.300000 0 329.3 252.8 25.3 18.0
0.333333 0 329.1 252.8 25.5 18.0
0.366667 0 328.9 252.8 25.6 18.0
0.400000 0 328.7 252.7 25.8 18.0
0.433333 0 328.5 252.7 25.9 18.0
0.466667 0 328.3 252.7 26.1 18.0
0.500000 0 328.1 252.7 26.2 18.0
0.533333 0 327.9 252.7 26.4 18.0
0.566667 0 327.7 252.6 26.5 18.0
0.600000 0 327.6 252.6 26.7 18.0
0.633333 0 327.4 252.6 26.8 18.0
0.666667 0 327.2 252.6 27.0 18.0
0.700000 0 327.0 252.6 27.1 18.0
0.733333 0 326.8 252.5 27.3 18.0
0.766667 0 326.6 252.5 27.4 18.0
0.800000 0 326.4 252.5 27.6 18.0
0.833333 0 326.2 252.5 27.7 18.0
0.866667 0 326.0 252.4 27.9 18.0
0.900000 0 325.8 252.4 28.0 18.0
0.933333 0 325.6 252.4 28.2 18.0
0.966667 0 325.4 252.4 28.3 18.0
1.000000 0 325.3 252.4 28.5 18.0
1.033333 0 325.1 252.3 28.6 18.0
1.066667 0 324.9 252.3 28.8 18.0
1.100000 0 324.7 252.3 28.9 18.0
1.133333 0 324.5 252.3 29.1 18.0
1.166667 0 324.3 252.3 29.2 18.0
1.200000 0 324.1 252.2 29.4 18.0
1.233333 0 323.9 252.2 29.5 18.0
1.266667 0 323.7 252.2 29.7 18.0
1.300000 0 323.5 252.2 29.8 18.0
1.333333 0 323.3 252.1 30.0 18.0
1.366667 0 323.1 252.1 30.1 18.0
1.400000 0 323.0 252.1 30.3 18.0
1.433333 0 322.8 252.1 30.4 18.0
1.466667 0 322.6 252.1 30.6 18.0
1.500000 0 322.4 252.0 30.7 18.0
1.533333 0 322.2 252.0 30.9 18.0
1.566667 0 322.0 252.0 31.0 18.0
1.600000 0 321.9 251.9 31.0 18.0
1.633333 0 321.8 251.9 31.0 18.1
1.666667 0 321.6 251.8 31.0 18.1
1.700000 0 321.5 251.8 31.0 18.1
1.733333 0 321.4 251.7 31.0 18.1
1.766667 0 321.3 251.6 31.0 18.2
1.800000 0 321.2 251.6 31.0 18.2
1.833333 0 321.1 251.5 31.0 18.2
1.866667 0 320.9 251.5 31.0 18.3
1.900000 0 320.8 251.4 31.0 18.3
1.933333 0 320.7 251.4 31.0 18.3
1.966667 0 320.6 251.3 31.0 18.4
2.000000 0 320.5 251.2 31.0 18.4
2.033333 0 320.4 251.2 31.0 18.4
2.066667 0 320.2 251.1 31.0 18.4
2.100000 0 320.1 251.1 31.0 18.5
2.133333 0 320.0 251.0 31.0 18.5
2.166667 0 319.9 250.9 31.0 18.5
2.200000 0 319.8 250.9 31.0 18.6
2.233333 0 319.6 250.8 31.0 18.6
2.266667 0 319.5 250.8 31.0 18.6
2.300000 0 319.4 250.7 31.0 18.6
2.333333 0 319.3 250.6 31.0 18.7
2.366667 0 319.2 250.6 31.0 18.7
2.400000 0 319.1 250.5 31.0 18.7
2.433333 0 318.9 250.5 31.0 18.8
2.466667 0 318.8 250.4 31.0 18.8
2.500000 0 318.7 250.4 31.0 18.8
2.533333 0 318.6 250.3 31.0 18.9
2.566667 0 318.5 250.2 31.0 18.9
2.600000 0 318.4 250.2 31.0 18.9
2.633333 0 318.2 250.1 31.0 18.9
2.666667 0 318.1 250.1 31.0 19.0
2.700000 0 318.0 250.0 31.0 19.0
2.733333 0 317.9 250.0 31.0 19.0
2.766667 0 317.7 249.9 30.9 18.9
2.800000 0 317.6 249.9 30.9 18.9
2.833333 0 317.5 249.9 30.9 18.9
2.866667 0 317.3 249.9 30.9 18.9
2.900000 0 317.2 249.8 30.8 18.8
2.933333 0 317.1 249.8 30.8 18.8
2.966667 0 316.9 249.8 30.8 18.8
3.000000 0 316.8 249.8 30.8 18.8
3.033333 0 316.7 249.7 30.7 18.7
3.066667 0 316.5 249.7 30.7 18.7
3.100000 0 316.4 249.7 30.7 18.7
3.133333 0 316.3 249.7 30.7 18.7
3.166667 0 316.1 249.6 30.6 18.6
3.200000 0 316.0 249.6 30.6 18.6
3.233333 0 315.8 249.6 30.6 18.6
3.266667 0 315.7 249.6 30.6 18.6
3.300000 0 315.6 249.5 30.5 18.5
3.333333 0 315.4 249.5 30.5 18.5
3.366667 0 315.3 249.5 30.5 18.5
3.400000 0 315.2 249.5 30.5 18.5
3.433333 0 315.0 249.4 30.4 18.4
3.466667 0 314.9 249.4 30.4 18.4
3.500000 0 314.8 249.4 30.4 18.4
3.533333 0 314.6 249.4 30.3 18.4
3.566667 0 314.5 249.3 30.3 18.3
3.600000 0 314.4 249.3 30.3 18.3
3.633333 0 314.2 249.3 30.3 18.3
3.666667 0 314.1 249.3 30.2 18.3
3.700000 0 314.0 249.2 30.2 18.2
3.733333 0 313.8 249.2 30.2 18.2
3.766667 0 313.7 249.2 30.2 18.2
3.800000 0 313.6 249.2 30.1 18.2
3.833333 0 313.4 249.1 30.1 18.1
3.866667 0 313.3 249.1 30.1 18.1
3.900000 0 313.2 249.1 30.1 18.1
3.933333 0 313.0 249.1 30.0 18.1
3.966667 0 312.9 249.0 30.0 18.0
4.000000 0 312.8 249.0 30.0 18.0
4.033333 0 312.7 249.0 29.9 18.0
4.066667 0 312.6 249.1 29.8 18.0
4.100000 0 312.5 249.1 29.7 18.0
4.133333 0 312.5 249.2 29.7 18.0
4.166667 0 312.4 249.2 29.6 18.0
4.200000 0 312.3 249.2 29.5 18.0
4.233333 0 312.2 249.3 29.4 18.0
4.266667 0 312.2 249.3 29.3 18.0
4.300000 0 312.1 249.4 29.2 18.0
4.333333 0 312.0 249.4 29.2 18.0
4.366667 0 312.0 249.5 29.1 18.0
4.400000 0 311.9 249.5 29.0 18.0
4.433333 0 311.8 249.5 28.9 18.0
4.466667 0 311.7 249.6 28.8 18.0
4.500000 0 311.7 249.6 28.7 18.0
4.533333 0 311.6 249.7 28.7 18.0
4.566667 0 311.5 249.7 28.6 18.0
4.600000 0 311.4 249.7 28.5 18.0
4.633333 0 311.4 249.8 28.4 18.0
4.666667 0 311.3 249.8 28.3 18.0
4.700000 0 311.2 249.9 28.2 18.0
4.733333 0 311.1 249.9 28.2 18.0
4.766667 0 311.1 250.0 28.1 18.0
4.800000 0 311.0 250.0 28.0 18.0
4.833333 0 310.9 250.1 28.0 18.0
4.866667 0 310.8 250.1 27.9 17.9
4.900000 0 310.7 250.2 27.9 17.9
4.933333 0 310.6 250.3 27.8 17.8
4.966667 0 310.5 250.4 27.8 17.8
5.000000 0 310.4 250.4 27.7 17.7
5.033333 0 310.3 250.5 27.7 17.7
5.066667 0 310.2 250.6 27.6 17.6
5.100000 0 310.1 250.6 27.6 17.6
5.133333 0 310.0 250.7 27.5 17.5
5.166667 0 310.0 250.8 27.5 17.5
5.200000 0 309.9 250.9 27.4 17.4
5.233333 0 309.8 250.9 27.4 17.4
5.266667 0 309.7 251.0 27.3 17.3
5.300000 0 309.6 251.1 27.3 17.3
5.333333 0 309.5 251.1 27.2 17.2
5.366667 0 309.4 251.2 27.2 17.2
5.400000 0 309.3 251.3 27.1 17.1
5.433333 0 309.2 251.4 27.1 17.1
5.466667 0 309.1 251.4 27.0 17.0
5.500000 0 309.0 251.5 27.0 17.0
5.533333 0 308.9 251.6 27.0 17.0
5.566667 0 308.8 251.6 26.9 16.9
5.600000 0 308.7 251.7 26.9 16.9
5.633333 0 308.6 251.8 26.8 16.8
5.666667 0 308.5 251.9 26.8 16.8
5.700000 0 308.4 251.9 26.7 16.7
5.733333 0 308.3 252.0 26.7 16.7
5.766667 0 308.2 252.1 26.6 16.6
5.800000 0 308.1 252.1 26.6 16.6
5.833333 0 308.0 252.2 26.5 16.5
5.866667 0 308.0 252.3 26.5 16.5
5.900000 0 307.9 252.4 26.4 16.4
5.933333 0 307.8 252.4 26.4 16.4
5.966667 0 307.7 252.5 26.3 16.3
6.000000 0 307.6 252.6 26.3 16.3
6.033333 0 307.5 252.6 26.2 16.2
6.066667 0 307.4 252.7 26.2 16.2
6.100000 0 307.3 252.8 26.1 16.1
6.133333 0 307.2 252.9 26.1 16.1
6.166667 0 307.1 252.9 26.0 16.0
6.200000 0 307.0 253.0 26.0 16.0
6.233333 0 306.8 253.0 26.1 16.0
6.266667 0 306.6 253.0 26.1 16.1
6.300000 0 306.3 253.0 26.2 16.1
6.333333 0 306.1 253.0 26.2 16.1
6.366667 0 305.9 253.0 26.3 16.1
6.400000 0 305.7 253.0 26.3 16.2
6.433333 0 305.4 253.0 26.4 16.2
6.466667 0 305.2 253.0 26.4 16.2
6.500000 0 305.0 253.0 26.5 16.2
6.533333 0 304.8 253.0 26.6 16.3
6.566667 0 304.6 253.0 26.6 16.3
6.600000 0 304.3 253.0 26.7 16.3
6.633333 0 304.1 253.0 26.7 16.4
6.666667 0 303.9 253.0 26.8 16.4
6.700000 0 303.7 253.0 26.8 16.4
6.733333 0 303.4 253.0 26.9 16.4
6.766667 0 303.2 253.0 26.9 16.5
6.800000 0 303.0 253.0 27.0 16.5
6.833333 0 302.8 253.0 27.1 16.5
6.866667 0 302.6 253.0 27.1 16.6
6.900000 0 302.3 253.0 27.2 16.6
6.933333 0 302.1 253.0 27.2 16.6
6.966667 0 301.9 253.0 27.3 16.6
7.000000 0 301.7 253.0 27.3 16.7
7.033333 0 301.4 253.0 27.4 16.7
7.066667 0 301.2 253.0 27.4 16.7
7.100000 0 301.0 253.0 27.5 16.7
7.133333 0 300.8 253.0 27.6 16.8
7.166667 0 300.6 253.0 27.6 16.8
7.200000 0 300.3 253.0 27.7 16.8
7.233333 0 300.1 253.0 27.7 16.9
7.266667 0 299.9 253.0 27.8 16.9
7.300000 0 299.7 253.0 27.8 16.9
7.333333 0 299.4 253.0 27.9 16.9
7.366667 0 299.2 253.0 27.9 17.0
7.400000 0 299.0 253.0 28.0 17.0
7.433333 0 298.8 252.8 28.1 17.3
7.466667 0 298.6 252.6 28.3 17.5
7.500000 0 298.4 252.5 28.4 17.8
7.533333 0 298.2 252.3 28.6 18.1
7.566667 0 298.0 252.1 28.7 18.3
7.600000 0 297.8 251.9 28.9 18.6
7.633333 0 297.6 251.8 29.0 18.9
7.666667 0 297.4 251.6 29.2 19.1
7.700000 0 297.1 251.4 29.3 19.4
7.733333 0 296.9 251.2 29.5 19.6
7.766667 0 296.7 251.1 29.6 19.9
7.800000 0 296.5 250.9 29.8 20.2
7.833333 0 296.3 250.7 29.9 20.4
7.866667 0 296.1 250.5 30.1 20.7
7.900000 0 295.9 250.4 30.2 21.0
7.933333 0 295.7 250.2 30.4 21.2
7.966667 0 295.5 250.0 30.5 21.5
8.000000 0 295.3 249.8 30.6 21.8
8.033333 0 295.1 249.6 30.8 22.0
8.066667 0 294.9 249.5 30.9 22.3
8.100000 0 294.7 249.3 31.1 22.6
8.133333 0 294.5 249.1 31.2 22.8
8.166667 0 294.3 248.9 31.4 23.1
8.200000 0 294.1 248.8 31.5 23.4
8.233333 0 293.9 248.6 31.7 23.6
8.266667 0 293.6 248.4 31.8 23.9
8.300000 0 293.4 248.2 32.0 24.1
8.333333 0 293.2 248.1 32.1 24.4
8.366667 0 293.0 247.9 32.3 24.7
8.400000 0 292.8 247.7 32.4 24.9
8.433333 0 292.6 247.5 32.6 25.2
8.466667 0 292.4 247.4 32.7 25.5
8.500000 0 292.2 247.2 32.9 25.7
8.533333 0 292.0 247.0 33.0 26.0
8.566667 0 291.8 247.2 33.1 25.8
8.600000 0 291.6 247.3 33.2 25.5
8.633333 0 291.4 247.5 33.2 25.3
8.666667 0 291.2 247.6 33.3 25.0
8.700000 0 291.0 247.8 33.4 24.8
8.733333 0 290.8 248.0 33.5 24.6
8.766667 0 290.6 248.1 33.6 24.3
8.800000 0 290.4 248.3 33.6 24.1
8.833333 0 290.2 248.4 33.7 23.8
8.866667 0 290.0 248.6 33.8 23.6
8.900000 0 289.8 248.8 33.9 23.4
8.933333 0 289.6 248.9 34.0 23.1
8.966667 0 289.4 249.1 34.0 22.9
9.000000 0 289.2 249.2 34.1 22.6
9.033333 0 289.0 249.4 34.2 22.4
9.066667 0 288.8 249.6 34.3 22.2
9.100000 0 288.6 249.7 34.4 21.9
9.133333 0 288.4 249.9 34.4 21.7
9.166667 0 288.2 250.0 34.5 21.4
9.200000 0 288.0 250.2 34.6 21.2
9.233333 0 287.8 250.4 34.7 21.0
9.266667 0 287.6 250.5 34.8 20.7
9.300000 0 287.4 250.7 34.8 20.5
9.333333 0 287.2 250.8 34.9 20.2
9.366667 0 287.0 251.0 35.0 20.0
9.400000 0 286.9 251.0 34.8 20.0
9.433333 0 286.8 251.0 34.6 20.0
9.466667 0 286.7 251.0 34.4 20.0
9.500000 0 286.5 251.0 34.2 20.0
9.533333 0 286.4 251.0 34.0 20.0
9.566667 0 286.3 251.0 33.8 20.0
9.600000 0 286.2 251.0 33.7 20.0
9.633333 0 286.1 251.0 33.5 20.0
9.666667 0 286.0 251.0 33.3 20.0
9.700000 0 285.8 251.0 33.1 20.0
9.733333 0 285.7 251.0 32.9 20.0
9.766667 0 285.6 251.0 32.7 20.0
9.800000 0 285.5 251.0 32.5 20.0
9.833333 0 285.4 251.0 32.3 20.0
9.866667 0 285.3 251.0 32.1 20.0
9.900000 0 285.2 251.0 31.9 20.0
9.933333 0 285.0 251.0 31.7 20.0
9.966667 0 284.9 251.0 31.5 20.0
10.000000 0 284.8 251.0 31.3 20.0
10.033333 0 284.7 251.0 31.2 20.0
10.066667 0 284.6 251.0 31.0 20.0
10.100000 0 284.5 251.0 30.8 20.0
10.133333 0 284.3 251.0 30.6 20.0
10.166667 0 284.2 251.0 30.4 20.0
10.200000 0 284.1 251.0 30.2 20.0
10.233333 0 284.0 251.0 30.0 20.0
10.266667 0 283.9 251.1 29.9 19.9
10.300000 0 283.9 251.1 29.9 19.7
10.333333 0 283.8 251.2 29.8 19.6
10.366667 0 283.7 251.3 29.7 19.5
10.400000 0 283.7 251.3 29.7 19.4
10.433333 0 283.6 251.4 29.6 19.2
10.466667 0 283.6 251.4 29.6 19.1
10.500000 0 283.5 251.5 29.5 19.0
10.533333 0 283.4 251.6 29.4 18.9
10.566667 0 283.4 251.6 29.4 18.7
10.600000 0 283.3 251.7 29.3 18.6
10.633333 0 283.2 251.8 29.2 18.5
10.666667 0 283.2 251.8 29.2 18.4
10.700000 0 283.1 251.9 29.1 18.2
10.733333 0 283.1 251.9 29.1 18.1
10.766667 0 283.0 252.0 29.0 18.0
