0.000000 0 334.0 353.0 42.0 31.0
0.033333 0 334.0 352.9 42.2 31.2
0.066667 0 331.0 350.1 48.5 36.9
0.100000 0 330.6 349.7 49.4 37.7
0.133333 0 323.4 342.8 64.5 51.5
0.166667 0 320.1 339.6 71.4 57.9
0.200000 0 317.0 336.4 78.0 64.2
0.233333 0 325.3 343.9 61.0 48.8
0.266667 0 329.7 347.4 52.2 41.7
0.300000 0 335.1 352.0 41.5 32.2
0.333333 0 334.5 351.4 42.8 33.5
0.366667 0 335.8 352.6 40.2 31.0
0.400000 0 336.3 353.0 39.3 30.2
0.433333 0 335.9 352.5 40.1 31.1
0.466667 0 335.5 352.0 41.2 32.2
0.500000 0 334.1 350.7 44.3 34.8
0.533333 0 331.6 348.5 49.5 39.1
0.566667 0 323.0 340.8 67.4 54.7
0.600000 0 319.9 337.4 74.0 61.6
0.633333 0 328.0 344.6 57.6 46.9
0.666667 0 330.4 346.8 52.9 42.4
0.700000 0 337.0 352.8 39.7 30.4
0.733333 0 337.9 353.5 37.9 28.8
0.766667 0 338.6 354.1 36.6 27.6
0.800000 0 338.6 354.0 36.8 27.9
0.833333 0 338.3 353.6 37.5 28.6
0.866667 0 335.3 351.0 43.9 33.9
0.900000 0 333.7 349.7 47.2 36.4
0.933333 0 330.0 346.4 54.8 43.0
0.966667 0 320.5 337.3 74.7 61.1
1.000000 0 316.3 333.8 83.3 68.2
1.033333 0 318.3 335.4 79.5 65.0
1.066667 0 334.6 349.7 46.5 36.1
1.100000 0 334.6 349.2 46.5 37.1
1.133333 0 336.7 351.0 42.3 33.3
1.166667 0 337.0 351.1 42.2 33.2
1.200000 0 336.1 350.2 44.1 35.1
1.233333 0 330.4 344.7 56.2 46.1
1.266667 0 328.7 342.9 59.7 49.7
1.300000 0 318.9 333.8 80.2 68.1
1.333333 0 321.8 336.8 74.3 62.0
1.366667 0 331.4 345.4 54.7 44.4
1.400000 0 332.2 346.1 53.4 43.1
1.433333 0 334.7 348.5 48.5 38.3
1.466667 0 335.7 349.6 46.5 36.1
1.500000 0 337.3 351.2 43.2 32.6
1.533333 0 338.1 351.8 41.7 31.5
1.566667 0 338.2 351.5 41.8 32.0
1.600000 0 337.0 350.8 44.2 33.5
1.633333 0 333.9 348.5 51.0 38.2
1.666667 0 328.8 343.8 61.6 47.7
1.700000 0 325.4 340.1 69.1 55.0
1.733333 0 334.7 348.7 50.1 37.5
1.766667 0 338.0 351.0 43.3 32.7
1.800000 0 341.2 352.8 37.0 28.9
1.833333 0 341.7 353.2 36.0 28.2
1.866667 0 341.8 353.0 36.0 28.5
1.900000 0 341.4 353.0 37.3 28.5
1.933333 0 341.5 353.2 37.2 28.1
1.966667 0 337.0 349.5 46.9 35.6
2.000000 0 337.2 349.8 46.8 35.0
2.033333 0 339.6 351.6 42.0 31.3
2.066667 0 341.6 352.3 38.1 29.8
2.100000 0 340.9 351.9 39.6 30.6
2.133333 0 342.5 352.6 36.4 29.1
2.166667 0 341.6 351.5 38.3 31.4
2.200000 0 342.1 351.8 37.4 30.7
2.233333 0 341.7 351.5 38.3 31.4
2.266667 0 340.4 350.9 41.3 32.7
2.300000 0 335.0 346.5 52.9 41.6
2.333333 0 335.5 348.0 52.2 38.6
2.366667 0 337.4 348.6 48.4 37.3
2.400000 0 340.9 350.7 41.6 32.9
2.433333 0 341.5 350.8 40.3 32.7
2.466667 0 341.4 350.8 40.8 32.7
2.500000 0 341.5 350.8 40.6 32.8
2.533333 0 342.0 351.4 40.0 31.5
2.566667 0 342.0 351.3 40.1 31.6
2.600000 0 337.4 348.1 50.0 38.3
2.633333 0 332.8 344.9 59.7 44.9
2.666667 0 334.2 345.7 57.0 43.2
2.700000 0 339.1 348.5 47.0 37.2
2.733333 0 342.1 350.1 41.1 33.9
2.766667 0 342.9 350.7 39.6 32.7
2.800000 0 343.3 350.8 38.9 32.4
2.833333 0 343.2 350.9 39.3 32.4
2.866667 0 343.8 351.1 38.3 31.8
2.900000 0 342.0 349.4 42.1 35.3
2.933333 0 338.7 346.8 49.2 40.5
2.966667 0 335.4 344.1 55.8 45.9
3.000000 0 334.1 342.6 58.7 49.1
3.033333 0 339.7 346.6 47.6 40.9
3.066667 0 339.5 346.4 48.1 41.2
3.100000 0 342.8 349.1 41.8 35.7
3.133333 0 343.7 349.7 40.1 34.4
3.166667 0 343.6 349.6 40.4 34.6
3.200000 0 342.6 348.8 42.9 36.3
3.233333 0 342.1 348.3 44.0 37.2
3.266667 0 340.5 347.1 47.5 39.6
3.300000 0 342.2 348.4 44.7 37.0
3.333333 0 344.2 349.8 40.8 34.0
3.366667 0 343.2 349.2 42.9 35.3
3.400000 0 344.3 349.9 41.0 33.8
3.433333 0 344.3 349.9 41.2 33.9
3.466667 0 344.6 350.2 40.4 33.2
3.500000 0 343.7 349.3 42.7 35.1
3.533333 0 342.7 348.4 44.8 36.9
3.566667 0 339.2 345.6 52.2 42.7
3.600000 0 339.9 345.5 51.2 42.8
3.633333 0 340.7 346.2 49.7 41.2
3.666667 0 341.7 346.7 47.9 40.3
3.700000 0 342.0 346.8 47.6 40.0
3.733333 0 340.6 345.8 50.6 42.0
3.766667 0 341.7 346.9 48.4 39.9
3.800000 0 339.5 345.0 53.3 43.6
3.833333 0 339.4 345.0 53.6 43.7
3.866667 0 334.3 340.9 64.6 52.0
3.900000 0 336.8 342.8 59.5 48.1
3.933333 0 338.1 343.5 57.0 46.7
3.966667 0 339.0 343.9 55.5 45.8
4.000000 0 339.0 343.9 56.0 45.8
4.033333 0 339.7 344.4 54.6 44.6
4.066667 0 338.6 343.7 57.0 46.2
4.100000 0 334.9 341.2 65.0 51.1
4.133333 0 334.6 341.3 65.8 51.0
4.166667 0 333.3 340.3 69.0 53.1
4.200000 0 337.6 342.5 60.3 48.5
4.233333 0 338.9 343.6 57.6 46.0
4.266667 0 342.9 346.4 50.1 40.2
4.300000 0 343.4 346.9 49.0 39.2
4.333333 0 343.6 347.1 49.0 38.7
4.366667 0 341.9 346.0 52.6 41.1
4.400000 0 338.5 344.2 60.3 44.6
4.433333 0 338.6 344.1 60.2 44.8
4.466667 0 344.0 347.3 49.6 38.1
4.500000 0 343.8 347.1 50.1 38.6
4.533333 0 344.3 347.0 49.1 38.8
4.566667 0 343.8 346.3 50.3 40.1
4.600000 0 344.1 346.6 50.0 39.5
4.633333 0 343.4 345.6 51.5 41.5
4.666667 0 341.9 344.6 54.8 43.6
4.700000 0 334.8 339.2 69.7 54.9
4.733333 0 337.2 340.8 65.1 51.6
4.766667 0 342.2 344.6 55.2 43.7
4.800000 0 345.5 347.2 48.7 37.8
4.833333 0 346.9 348.3 46.0 35.7
4.866667 0 347.8 349.0 44.3 34.2
4.900000 0 347.5 348.7 45.3 34.8
4.933333 0 348.0 349.6 44.4 32.9
4.966667 0 341.6 344.4 58.0 43.6
5.000000 0 338.0 341.7 65.4 49.1
5.033333 0 345.4 347.3 50.9 37.6
5.066667 0 348.0 349.0 45.6 34.1
5.100000 0 348.8 349.4 44.2 33.2
5.133333 0 349.1 349.5 43.9 33.0
5.166667 0 348.7 349.4 44.9 33.2
5.200000 0 348.2 348.9 46.1 34.2
5.233333 0 342.6 344.7 57.9 42.8
5.266667 0 339.8 342.4 64.0 47.5
5.300000 0 347.2 347.2 49.1 37.6
5.333333 0 347.8 347.5 47.9 37.0
5.366667 0 348.7 347.9 46.5 36.4
5.400000 0 349.9 348.5 44.1 35.0
5.433333 0 349.6 348.2 45.0 35.5
5.466667 0 347.4 346.4 49.5 39.0
5.500000 0 341.7 342.2 61.6 47.7
5.533333 0 340.9 341.2 63.4 49.6
5.566667 0 345.6 344.7 54.4 42.3
5.600000 0 345.0 344.3 55.6 43.3
5.633333 0 347.4 345.7 51.1 40.3
5.666667 0 347.5 345.8 51.0 40.2
5.700000 0 347.1 345.8 52.3 40.3
5.733333 0 345.7 344.5 55.2 42.7
5.766667 0 339.7 340.0 67.8 51.7
5.800000 0 335.2 337.2 77.4 57.7
5.833333 0 337.2 337.9 73.4 56.2
5.866667 0 342.4 341.2 63.1 49.3
5.900000 0 343.5 341.9 61.0 47.8
5.933333 0 343.2 341.5 62.0 48.6
5.966667 0 343.0 341.3 62.4 48.9
6.000000 0 342.5 341.3 63.9 49.0
6.033333 0 342.3 341.4 64.5 48.7
6.066667 0 342.0 341.0 65.7 49.5
6.100000 0 345.8 343.7 58.0 43.8
6.133333 0 349.6 346.1 50.7 38.7
6.166667 0 351.9 347.8 46.1 34.8
6.200000 0 351.5 347.5 47.2 35.6
6.233333 0 350.8 346.9 48.8 36.7
6.266667 0 348.6 345.5 53.6 39.6
6.300000 0 345.1 342.5 61.5 45.7
6.333333 0 350.6 346.3 50.3 37.9
6.366667 0 353.0 347.2 45.7 35.9
6.400000 0 352.9 346.8 45.9 36.8
6.433333 0 353.7 347.1 44.4 36.0
6.466667 0 352.1 345.8 48.0 38.9
6.500000 0 348.0 342.7 56.9 45.0
6.533333 0 348.5 343.1 56.0 44.2
6.566667 0 353.3 346.0 46.6 38.2
6.600000 0 353.7 345.8 45.9 38.4
6.633333 0 353.2 345.2 47.0 39.6
6.666667 0 353.5 345.3 46.7 39.4
6.700000 0 352.0 344.3 49.9 41.4
6.733333 0 351.3 343.7 51.6 42.6
6.766667 0 347.8 341.5 59.5 47.1
6.800000 0 349.2 342.0 56.9 46.0
6.833333 0 349.3 341.9 56.8 46.0
6.866667 0 350.6 342.3 54.5 45.3
6.900000 0 350.7 342.4 54.3 45.1
6.933333 0 350.4 342.3 55.4 45.3
6.966667 0 349.2 341.4 57.9 47.0
7.000000 0 343.4 337.4 70.5 55.3
7.033333 0 340.7 335.0 76.1 60.2
7.066667 0 340.7 334.2 76.2 61.8
7.100000 0 344.0 335.8 69.8 58.4
7.133333 0 339.7 331.9 78.4 66.3
7.166667 0 343.1 334.5 71.8 60.7
7.200000 0 340.8 332.5 76.7 64.9
7.233333 0 346.2 337.6 66.5 54.2
7.266667 0 343.9 335.6 71.0 58.3
7.300000 0 347.5 337.9 64.5 53.5
7.333333 0 346.0 336.6 67.3 56.2
7.366667 0 347.6 337.0 64.5 55.2
7.400000 0 349.2 338.2 61.4 52.6
7.433333 0 351.1 339.7 57.7 49.6
7.466667 0 350.6 339.1 59.2 50.7
7.500000 0 351.8 340.2 56.9 48.4
7.533333 0 352.4 340.5 56.2 47.6
7.566667 0 352.3 340.2 56.5 48.2
7.600000 0 353.2 340.4 55.0 47.8
7.633333 0 353.8 340.9 53.9 46.8
7.666667 0 354.3 341.2 53.2 46.0
7.700000 0 353.8 341.4 54.9 45.8
7.733333 0 353.8 341.4 55.0 45.8
7.766667 0 354.6 341.8 53.8 44.8
7.800000 0 355.1 342.0 52.9 44.4
7.833333 0 356.2 342.2 51.0 44.0
7.866667 0 355.6 341.3 52.4 45.7
7.900000 0 355.7 341.5 52.4 45.4
7.933333 0 355.1 341.1 54.1 46.0
7.966667 0 354.3 340.4 55.8 47.3
8.000000 0 354.2 340.0 56.6 48.2
8.033333 0 354.0 339.4 57.1 49.5
8.066667 0 355.2 339.9 55.0 48.4
8.100000 0 355.5 340.5 54.4 47.2
8.133333 0 355.0 340.0 55.8 48.1
8.166667 0 352.3 337.3 61.6 53.5
8.200000 0 349.2 335.1 68.4 58.0
8.233333 0 350.2 335.7 66.6 56.8
8.266667 0 351.5 336.6 64.2 54.8
8.300000 0 353.0 337.8 61.8 52.4
8.333333 0 352.3 337.2 63.2 53.7
8.366667 0 351.3 336.4 65.8 55.3
8.400000 0 350.2 335.1 68.1 57.8
8.433333 0 349.7 335.0 69.7 58.0
8.466667 0 351.6 335.5 66.3 56.9
8.500000 0 351.5 335.4 66.3 57.2
8.533333 0 350.4 334.0 69.0 60.1
8.566667 0 349.2 332.9 71.6 62.1
8.600000 0 348.4 332.4 73.6 63.3
8.633333 0 349.1 332.6 72.2 63.0
8.666667 0 344.1 328.6 82.9 71.0
8.700000 0 345.9 329.5 79.4 69.2
8.733333 0 344.5 327.8 82.6 72.4
8.766667 0 344.8 328.0 82.1 72.2
8.800000 0 344.9 327.6 82.2 73.0
8.833333 0 345.1 327.6 82.0 73.0
8.866667 0 345.0 327.6 82.4 73.0
8.900000 0 344.9 327.3 83.3 73.6
8.933333 0 345.9 327.9 81.4 72.3
8.966667 0 348.5 329.4 76.5 69.1
9.000000 0 357.8 337.3 58.0 52.3
9.033333 0 357.2 336.8 59.7 53.4
9.066667 0 356.3 335.8 61.7 55.5
9.100000 0 356.9 335.9 61.0 55.2
9.133333 0 359.9 338.1 55.5 50.3
9.166667 0 360.0 338.2 55.3 50.0
9.200000 0 359.9 338.0 55.9 50.6
9.233333 0 360.2 338.2 55.5 50.1
9.266667 0 359.1 337.2 57.9 52.3
9.300000 0 359.1 337.2 57.9 52.2
9.333333 0 361.1 338.9 54.8 48.8
9.366667 0 361.3 338.9 54.6 48.8
9.400000 0 361.1 338.6 55.2 49.5
9.433333 0 362.5 340.2 52.7 46.1
9.466667 0 362.8 340.6 52.8 45.3
9.500000 0 362.3 340.2 54.0 46.2
9.533333 0 362.8 340.1 53.5 46.3
9.566667 0 363.4 340.2 52.7 46.0
9.600000 0 363.4 340.2 52.6 46.0
9.633333 0 363.7 340.2 52.4 45.8
9.666667 0 363.5 339.9 52.8 46.3
9.700000 0 364.4 341.0 51.8 44.1
9.733333 0 364.7 340.8 51.6 44.5
9.766667 0 365.0 340.9 51.2 44.4
9.800000 0 366.8 342.1 47.8 41.8
9.833333 0 366.6 342.0 48.6 41.9
9.866667 0 366.2 341.8 50.0 42.4
9.900000 0 365.4 341.4 51.7 43.1
9.933333 0 365.3 341.3 52.2 43.5
9.966667 0 361.2 336.9 61.0 52.0
10.000000 0 359.0 334.9 65.6 56.2
10.033333 0 357.4 333.2 69.4 59.4
10.066667 0 356.5 332.5 71.3 60.8
10.100000 0 356.5 333.2 71.9 59.4
10.133333 0 357.3 334.3 70.5 57.1
10.166667 0 359.1 334.9 67.2 55.7
10.200000 0 355.8 331.8 74.0 62.4
10.233333 0 355.6 331.5 74.7 62.8
10.266667 0 357.2 332.6 71.6 60.5
10.300000 0 357.6 333.3 71.3 59.1
10.333333 0 359.7 335.2 67.5 55.0
10.366667 0 359.1 335.5 69.0 54.4
10.400000 0 362.2 337.2 63.1 50.8
10.433333 0 362.9 337.3 61.8 50.8
10.466667 0 363.6 337.6 60.5 50.0
10.500000 0 364.4 338.0 59.3 49.0
10.533333 0 365.3 338.9 57.9 47.2
10.566667 0 365.1 339.1 58.9 46.6
10.600000 0 365.4 339.3 58.4 46.3
10.633333 0 369.1 341.3 51.2 42.1
10.666667 0 370.9 342.5 47.6 39.2
10.700000 0 370.9 342.5 48.2 39.3
10.733333 0 370.3 342.1 49.8 40.0
