0.033333 0 252.0 209.0 73.0 86.0
0.066667 0 251.4 208.2 73.2 85.9
0.100000 0 250.8 207.3 73.5 85.9
0.133333 0 250.2 206.5 73.7 85.8
0.166667 0 249.5 205.6 73.9 85.8
0.200000 0 248.9 204.8 74.2 85.7
0.233333 0 248.3 203.9 74.4 85.6
0.266667 0 247.7 203.1 74.6 85.6
0.300000 0 247.1 202.2 74.8 85.5
0.333333 0 246.5 201.4 75.1 85.5
0.366667 0 245.8 200.5 75.3 85.4
0.400000 0 245.2 199.7 75.5 85.4
0.433333 0 244.6 198.8 75.8 85.3
0.466667 0 244.0 198.0 76.0 85.2
0.500000 0 242.6 197.5 76.5 85.6
0.533333 0 241.2 197.0 77.0 85.9
0.566667 0 239.8 196.5 77.5 86.2
0.600000 0 238.3 196.0 78.0 86.5
0.633333 0 236.9 195.5 78.5 86.8
0.666667 0 235.5 195.0 79.0 87.1
0.700000 0 234.1 194.5 79.5 87.4
0.733333 0 232.7 194.0 80.0 87.7
0.766667 0 231.3 193.5 80.5 88.1
0.800000 0 229.8 193.0 81.0 88.4
0.833333 0 228.4 192.5 81.5 88.7
0.866667 0 227.0 192.0 82.0 89.0
0.900000 0 226.4 191.8 81.6 89.0
0.933333 0 225.8 191.7 81.2 89.0
0.966667 0 225.2 191.5 80.8 89.0
1.000000 0 224.5 191.4 80.5 89.0
1.033333 0 223.9 191.2 80.1 89.0
1.066667 0 223.3 191.1 79.7 89.0
1.100000 0 222.7 190.9 79.3 89.0
1.133333 0 222.1 190.8 78.9 89.0
1.166667 0 221.5 190.6 78.5 89.0
1.200000 0 220.8 190.5 78.2 89.0
1.233333 0 220.2 190.3 77.8 89.0
1.266667 0 219.6 190.2 77.4 89.0
1.300000 0 219.0 190.0 77.0 89.0
1.333333 0 218.6 189.3 77.9 89.2
1.366667 0 218.2 188.7 78.9 89.4
1.400000 0 217.8 188.0 79.8 89.6
1.433333 0 217.4 187.3 80.7 89.8
1.466667 0 217.0 186.7 81.7 90.0
1.500000 0 216.6 186.0 82.6 90.2
1.533333 0 216.2 185.3 83.5 90.4
1.566667 0 215.8 184.7 84.5 90.6
1.600000 0 215.4 184.0 85.4 90.8
1.633333 0 215.0 183.3 86.3 91.0
1.666667 0 214.6 182.7 87.3 91.2
1.700000 0 214.2 182.0 88.2 91.4
1.733333 0 213.8 181.3 89.1 91.6
1.766667 0 213.4 180.7 90.1 91.8
1.800000 0 213.0 180.0 91.0 92.0
1.833333 0 213.4 179.7 90.4 92.4
1.866667 0 213.7 179.4 89.9 92.7
1.900000 0 214.1 179.1 89.3 93.1
1.933333 0 214.4 178.9 88.7 93.4
1.966667 0 214.8 178.6 88.1 93.8
2.000000 0 215.1 178.3 87.6 94.1
2.033333 0 215.5 178.0 87.0 94.5
2.066667 0 215.9 177.7 86.4 94.9
2.100000 0 216.2 177.4 85.9 95.2
2.133333 0 216.6 177.1 85.3 95.6
2.166667 0 216.9 176.9 84.7 95.9
2.200000 0 217.3 176.6 84.1 96.3
2.233333 0 217.6 176.3 83.6 96.6
2.266667 0 218.0 176.0 83.0 97.0
2.300000 0 218.4 177.0 82.9 97.0
2.333333 0 218.8 178.1 82.8 97.1
2.366667 0 219.2 179.1 82.7 97.1
2.400000 0 219.6 180.2 82.6 97.2
2.433333 0 220.0 181.2 82.5 97.2
2.466667 0 220.5 182.3 82.5 97.3
2.500000 0 220.9 183.3 82.4 97.3
2.533333 0 221.3 184.4 82.3 97.4
2.566667 0 221.7 185.4 82.2 97.4
2.600000 0 222.1 186.5 82.1 97.5
2.633333 0 222.5 187.5 82.0 97.5
2.666667 0 222.9 188.5 81.9 97.5
2.700000 0 223.3 189.6 81.8 97.6
2.733333 0 223.7 190.6 81.7 97.6
2.766667 0 224.1 191.7 81.6 97.7
2.800000 0 224.5 192.7 81.5 97.7
2.833333 0 225.0 193.8 81.5 97.8
2.866667 0 225.4 194.8 81.4 97.8
2.900000 0 225.8 195.9 81.3 97.9
2.933333 0 226.2 196.9 81.2 97.9
2.966667 0 226.6 198.0 81.1 98.0
3.000000 0 227.0 199.0 81.0 98.0
3.033333 0 228.3 200.1 81.4 97.7
3.066667 0 229.5 201.2 81.8 97.5
3.100000 0 230.8 202.4 82.2 97.2
3.133333 0 232.1 203.5 82.6 97.0
3.166667 0 233.3 204.6 83.0 96.7
3.200000 0 234.6 205.7 83.4 96.5
3.233333 0 235.9 206.8 83.8 96.2
3.266667 0 237.1 207.9 84.2 96.0
3.300000 0 238.4 209.1 84.6 95.7
3.333333 0 239.7 210.2 85.0 95.5
3.366667 0 240.9 211.3 85.4 95.2
3.400000 0 242.2 212.4 85.8 95.0
3.433333 0 243.5 213.5 86.2 94.7
3.466667 0 244.7 214.7 86.6 94.5
3.500000 0 246.0 215.8 87.0 94.2
3.533333 0 245.8 216.2 87.7 94.4
3.566667 0 245.7 216.7 88.4 94.5
3.600000 0 245.5 217.2 89.1 94.6
3.633333 0 245.4 217.7 89.8 94.8
3.666667 0 245.2 218.2 90.5 94.9
3.700000 0 245.1 218.6 91.2 95.0
3.733333 0 244.9 219.1 91.8 95.2
3.766667 0 244.8 219.6 92.5 95.3
3.800000 0 244.6 220.1 93.2 95.5
3.833333 0 244.5 220.6 93.9 95.6
3.866667 0 244.3 221.0 94.6 95.7
3.900000 0 244.2 221.5 95.3 95.9
3.933333 0 244.0 222.0 96.0 96.0
3.966667 0 244.1 223.3 95.1 95.8
4.000000 0 244.3 224.7 94.3 95.6
4.033333 0 244.4 226.0 93.4 95.4
4.066667 0 244.5 227.3 92.5 95.2
4.100000 0 244.7 228.7 91.7 95.0
4.133333 0 244.8 230.0 90.8 94.8
4.166667 0 244.9 231.3 89.9 94.6
4.200000 0 245.1 232.7 89.1 94.4
4.233333 0 245.2 234.0 88.2 94.2
4.266667 0 245.3 235.3 87.3 94.0
4.300000 0 245.5 236.7 86.5 93.8
4.333333 0 245.6 238.0 85.6 93.6
4.366667 0 245.7 239.3 84.7 93.4
4.400000 0 245.9 240.7 83.9 93.2
4.433333 0 246.0 242.0 83.0 93.0
4.466667 0 245.1 243.0 84.0 93.2
4.500000 0 244.2 244.0 85.0 93.4
4.533333 0 243.3 245.0 86.0 93.6
4.566667 0 242.4 246.0 87.0 93.8
4.600000 0 241.5 247.0 88.0 94.0
4.633333 0 240.6 248.0 89.0 94.2
4.666667 0 239.7 249.0 90.0 94.4
4.700000 0 238.8 250.0 91.0 94.6
4.733333 0 237.9 251.0 92.0 94.8
4.766667 0 237.0 252.0 93.0 95.0
4.800000 0 237.4 252.0 92.7 95.5
4.833333 0 237.8 252.0 92.4 96.0
4.866667 0 238.2 252.0 92.1 96.5
4.900000 0 238.6 252.0 91.8 97.0
4.933333 0 239.0 252.0 91.5 97.5
4.966667 0 239.4 252.0 91.2 98.0
5.000000 0 239.8 252.0 90.9 98.5
5.033333 0 240.2 252.0 90.6 99.0
5.066667 0 240.6 252.0 90.3 99.5
5.100000 0 241.0 252.0 90.0 100.0
5.133333 0 289.0 135.0 105.0 107.0
5.166667 0 291.2 136.5 103.1 106.2
5.200000 0 293.5 137.9 101.2 105.3
5.233333 0 295.7 139.4 99.2 104.5
5.266667 0 297.9 140.8 97.3 103.6
5.300000 0 300.2 142.3 95.4 102.8
5.333333 0 302.4 143.8 93.5 101.9
5.366667 0 304.6 145.2 91.5 101.1
5.400000 0 306.8 146.7 89.6 100.2
5.433333 0 309.1 148.2 87.7 99.4
5.466667 0 311.3 149.6 85.8 98.5
5.500000 0 313.5 151.1 83.8 97.7
5.533333 0 315.8 152.5 81.9 96.8
5.566667 0 318.0 154.0 80.0 96.0
5.600000 0 321.1 156.9 79.0 94.6
5.633333 0 324.3 159.8 78.0 93.2
5.666667 0 327.4 162.6 77.0 91.9
5.700000 0 330.5 165.5 76.0 90.5
5.733333 0 333.6 168.4 75.0 89.1
5.766667 0 336.8 171.3 74.0 87.7
5.800000 0 339.9 174.1 73.0 86.4
5.833333 0 343.0 177.0 72.0 85.0
5.866667 0 344.3 181.2 71.0 84.0
5.900000 0 346.3 182.5 70.0 83.0
5.933333 0 349.0 186.0 69.0 82.0
5.966667 0 351.0 183.5 69.0 82.0
6.000000 0 352.3 183.2 68.0 81.0
6.033333 0 355.0 180.0 67.0 80.0
6.066667 0 357.0 170.0 67.0 80.0
6.100000 0 357.5 166.0 66.5 79.8
6.133333 0 358.0 162.0 66.0 79.5
6.166667 0 358.5 158.0 65.5 79.3
6.200000 0 359.0 154.0 65.0 79.0
6.233333 0 358.5 155.4 64.6 79.4
6.266667 0 358.0 156.8 64.2 79.8
6.300000 0 357.5 158.1 63.9 80.1
6.333333 0 357.0 159.5 63.5 80.5
6.366667 0 356.5 160.9 63.1 80.9
6.400000 0 356.0 162.3 62.7 81.3
6.433333 0 355.5 163.6 62.4 81.6
6.466667 0 355.0 165.0 62.0 82.0
6.500000 0 350.8 167.9 63.0 81.8
6.533333 0 346.5 170.7 64.0 81.5
6.566667 0 342.3 173.6 65.0 81.3
6.600000 0 338.0 176.5 66.0 81.0
6.633333 0 333.8 179.4 67.0 80.8
6.666667 0 329.5 182.2 68.0 80.5
6.700000 0 325.3 185.1 69.0 80.3
6.733333 0 321.0 188.0 70.0 80.0
6.766667 0 317.2 190.3 69.8 79.8
6.800000 0 313.3 192.7 69.7 79.7
6.833333 0 309.5 195.0 69.5 79.5
6.866667 0 305.7 197.3 69.3 79.3
6.900000 0 301.8 199.7 69.2 79.2
6.933333 0 298.0 202.0 69.0 79.0
6.966667 0 293.5 203.8 68.5 79.5
7.000000 0 289.0 205.7 68.0 80.0
7.033333 0 284.5 207.5 67.5 80.5
7.066667 0 280.0 209.3 67.0 81.0
7.100000 0 275.5 211.2 66.5 81.5
7.133333 0 271.0 213.0 66.0 82.0
7.166667 0 266.8 212.4 65.9 82.0
7.200000 0 262.6 211.9 65.8 82.0
7.233333 0 258.3 211.3 65.7 82.0
7.266667 0 254.1 210.8 65.6 82.0
7.300000 0 249.9 210.2 65.4 82.0
7.333333 0 245.7 209.7 65.3 82.0
7.366667 0 241.4 209.1 65.2 82.0
7.400000 0 237.2 208.6 65.1 82.0
7.433333 0 233.0 208.0 65.0 82.0
7.466667 0 229.0 207.2 65.2 82.0
7.500000 0 225.0 206.3 65.3 82.0
7.533333 0 221.0 205.5 65.5 82.0
7.566667 0 217.0 204.7 65.7 82.0
7.600000 0 213.0 203.8 65.8 82.0
7.633333 0 209.0 203.0 66.0 82.0
7.666667 0 207.0 202.3 66.5 81.8
7.700000 0 205.0 201.7 67.0 81.7
7.733333 0 203.0 201.0 67.5 81.5
7.766667 0 201.0 200.3 68.0 81.3
7.800000 0 199.0 199.7 68.5 81.2
7.833333 0 197.0 199.0 69.0 81.0
7.866667 0 196.3 197.4 69.0 80.8
7.900000 0 195.5 195.8 69.0 80.5
7.933333 0 194.8 194.1 69.0 80.3
7.966667 0 194.0 192.5 69.0 80.0
8.000000 0 193.3 190.9 69.0 79.8
8.033333 0 192.5 189.3 69.0 79.5
8.066667 0 191.8 187.6 69.0 79.3
8.100000 0 191.0 186.0 69.0 79.0
8.133333 0 191.7 184.4 68.3 79.4
8.166667 0 192.3 182.9 67.7 79.9
8.200000 0 193.0 181.3 67.0 80.3
8.233333 0 193.7 179.8 66.3 80.8
8.266667 0 194.3 178.2 65.7 81.2
8.300000 0 195.0 176.7 65.0 81.7
8.333333 0 195.7 175.1 64.3 82.1
8.366667 0 196.3 173.6 63.7 82.6
8.400000 0 197.0 172.0 63.0 83.0
8.433333 0 197.9 171.9 63.0 82.6
8.466667 0 198.8 171.8 63.0 82.2
8.500000 0 199.7 171.7 63.0 81.8
8.533333 0 200.6 171.6 63.0 81.4
8.566667 0 201.5 171.5 63.0 81.0
8.600000 0 202.4 171.4 63.0 80.6
8.633333 0 203.3 171.3 63.0 80.2
8.666667 0 204.2 171.2 63.0 79.8
8.700000 0 205.1 171.1 63.0 79.4
8.733333 0 206.0 171.0 63.0 79.0
8.766667 0 207.0 169.8 62.6 79.1
8.800000 0 208.0 168.5 62.3 79.2
8.833333 0 209.0 167.3 61.9 79.4
8.866667 0 210.0 166.0 61.5 79.5
8.900000 0 211.0 164.8 61.1 79.6
8.933333 0 212.0 163.5 60.8 79.7
8.966667 0 213.0 162.3 60.4 79.9
9.000000 0 214.0 161.0 60.0 80.0
9.033333 0 214.0 160.3 60.3 80.1
9.066667 0 214.0 159.5 60.7 80.1
9.100000 0 214.0 158.8 61.0 80.2
9.133333 0 214.0 158.1 61.3 80.3
9.166667 0 214.0 157.3 61.7 80.3
9.200000 0 214.0 156.6 62.0 80.4
9.233333 0 214.0 155.9 62.3 80.5
9.266667 0 214.0 155.1 62.7 80.5
9.300000 0 214.0 154.4 63.0 80.6
9.333333 0 214.0 153.7 63.3 80.7
9.366667 0 214.0 152.9 63.7 80.7
9.400000 0 214.0 152.2 64.0 80.8
9.433333 0 214.0 151.5 64.3 80.9
9.466667 0 214.0 150.7 64.7 80.9
9.500000 0 214.0 150.0 65.0 81.0
9.533333 0 214.7 148.1 64.6 81.1
9.566667 0 215.3 146.1 64.2 81.1
9.600000 0 216.0 144.2 63.8 81.2
9.633333 0 216.7 142.3 63.4 81.3
9.666667 0 217.3 140.3 63.0 81.3
9.700000 0 218.0 138.4 62.6 81.4
9.733333 0 218.7 136.5 62.2 81.5
9.766667 0 219.3 134.5 61.8 81.5
9.800000 0 220.0 132.6 61.4 81.6
9.833333 0 220.7 130.7 61.0 81.7
9.866667 0 221.3 128.7 60.6 81.7
9.900000 0 222.0 126.8 60.2 81.8
9.933333 0 222.7 124.9 59.8 81.9
9.966667 0 223.3 122.9 59.4 81.9
10.000000 0 224.0 121.0 59.0 82.0
10.033333 0 224.7 121.7 59.3 81.7
10.066667 0 225.3 122.3 59.7 81.3
10.100000 0 226.0 123.0 60.0 81.0
