0.000000 0 299.0 165.0 23.0 24.0
0.033333 0 299.5 165.2 23.0 24.0
0.066667 0 299.9 165.4 23.0 24.0
0.100000 0 300.4 165.6 23.0 24.0
0.133333 0 300.9 165.8 23.0 24.0
0.166667 0 301.4 166.0 22.9 24.1
0.200000 0 301.8 166.2 22.9 24.1
0.233333 0 302.3 166.4 22.9 24.1
0.266667 0 302.8 166.6 22.9 24.1
0.300000 0 303.2 166.8 22.9 24.1
0.333333 0 303.7 167.0 22.9 24.1
0.366667 0 304.2 167.2 22.9 24.1
0.400000 0 304.6 167.4 22.9 24.1
0.433333 0 305.1 167.6 22.8 24.2
0.466667 0 305.6 167.8 22.8 24.2
0.500000 0 306.1 168.0 22.8 24.2
0.533333 0 306.5 168.2 22.8 24.2
0.566667 0 307.0 168.4 22.8 24.2
0.600000 0 307.5 168.6 22.8 24.2
0.633333 0 307.9 168.8 22.8 24.2
0.666667 0 308.4 169.0 22.8 24.2
0.700000 0 308.9 169.2 22.8 24.2
0.733333 0 309.4 169.4 22.7 24.3
0.766667 0 309.8 169.6 22.7 24.3
0.800000 0 310.3 169.8 22.7 24.3
0.833333 0 310.8 170.0 22.7 24.3
0.866667 0 311.2 170.2 22.7 24.3
0.900000 0 311.7 170.4 22.7 24.3
0.933333 0 312.2 170.6 22.7 24.3
0.966667 0 312.6 170.8 22.7 24.3
1.000000 0 313.1 171.0 22.6 24.4
1.033333 0 313.6 171.2 22.6 24.4
1.066667 0 314.1 171.4 22.6 24.4
1.100000 0 314.5 171.6 22.6 24.4
1.133333 0 315.0 171.8 22.6 24.4
1.166667 0 315.5 172.0 22.6 24.4
1.200000 0 315.9 172.2 22.6 24.4
1.233333 0 316.4 172.4 22.6 24.4
1.266667 0 316.9 172.6 22.6 24.4
1.300000 0 317.4 172.8 22.5 24.5
1.333333 0 317.8 173.0 22.5 24.5
1.366667 0 318.3 173.2 22.5 24.5
1.400000 0 318.8 173.4 22.5 24.5
1.433333 0 319.2 173.6 22.5 24.5
1.466667 0 319.7 173.8 22.5 24.5
1.500000 0 320.2 174.0 22.5 24.5
1.533333 0 320.6 174.2 22.5 24.5
1.566667 0 321.1 174.4 22.4 24.6
1.600000 0 321.6 174.6 22.4 24.6
1.633333 0 322.1 174.8 22.4 24.6
1.666667 0 322.5 175.0 22.4 24.6
1.700000 0 323.0 175.2 22.4 24.6
1.733333 0 323.5 175.4 22.4 24.6
1.766667 0 323.9 175.6 22.4 24.6
1.800000 0 324.4 175.8 22.4 24.6
1.833333 0 324.9 176.0 22.4 24.6
1.866667 0 325.4 176.2 22.3 24.7
1.900000 0 325.8 176.4 22.3 24.7
1.933333 0 326.3 176.6 22.3 24.7
1.966667 0 326.8 176.8 22.3 24.7
2.000000 0 327.2 177.0 22.3 24.7
2.033333 0 327.7 177.2 22.3 24.7
2.066667 0 328.2 177.4 22.3 24.7
2.100000 0 328.6 177.6 22.3 24.7
2.133333 0 329.1 177.8 22.2 24.8
2.166667 0 329.6 178.0 22.2 24.8
2.200000 0 330.1 178.2 22.2 24.8
2.233333 0 330.5 178.4 22.2 24.8
2.266667 0 331.0 178.6 22.2 24.8
2.300000 0 331.5 178.8 22.2 24.8
2.333333 0 331.9 179.0 22.2 24.8
2.366667 0 332.4 179.2 22.2 24.8
2.400000 0 332.9 179.4 22.2 24.8
2.433333 0 333.4 179.6 22.1 24.9
2.466667 0 333.8 179.8 22.1 24.9
2.500000 0 334.3 180.0 22.1 24.9
2.533333 0 334.8 180.2 22.1 24.9
2.566667 0 335.2 180.4 22.1 24.9
2.600000 0 335.7 180.6 22.1 24.9
2.633333 0 336.2 180.8 22.1 24.9
2.666667 0 336.6 181.0 22.1 24.9
2.700000 0 337.1 181.2 22.0 25.0
2.733333 0 337.6 181.4 22.0 25.0
2.766667 0 338.1 181.6 22.0 25.0
2.800000 0 338.5 181.8 22.0 25.0
2.833333 0 339.0 182.0 22.0 25.0
2.866667 0 339.4 182.3 22.0 25.0
2.900000 0 339.8 182.6 22.0 24.9
2.933333 0 340.3 182.8 22.0 24.9
2.966667 0 340.7 183.1 22.0 24.9
3.000000 0 341.1 183.4 22.0 24.9
3.033333 0 341.5 183.7 22.0 24.8
3.066667 0 341.9 183.9 22.0 24.8
3.100000 0 342.4 184.2 22.0 24.8
3.133333 0 342.8 184.5 22.0 24.8
3.166667 0 343.2 184.8 22.0 24.7
3.200000 0 343.6 185.0 22.0 24.7
3.233333 0 344.1 185.3 22.0 24.7
3.266667 0 344.5 185.6 22.0 24.7
3.300000 0 344.9 185.9 22.0 24.6
3.333333 0 345.3 186.1 22.0 24.6
3.366667 0 345.7 186.4 22.0 24.6
3.400000 0 346.2 186.7 22.0 24.6
3.433333 0 346.6 187.0 22.0 24.5
3.466667 0 347.0 187.2 22.0 24.5
3.500000 0 347.4 187.5 22.0 24.5
3.533333 0 347.8 187.8 22.0 24.4
3.566667 0 348.3 188.1 22.0 24.4
3.600000 0 348.7 188.4 22.0 24.4
3.633333 0 349.1 188.6 22.0 24.4
3.666667 0 349.5 188.9 22.0 24.3
3.700000 0 349.9 189.2 22.0 24.3
3.733333 0 350.4 189.5 22.0 24.3
3.766667 0 350.8 189.7 22.0 24.3
3.800000 0 351.2 190.0 22.0 24.2
3.833333 0 351.6 190.3 22.0 24.2
3.866667 0 352.1 190.6 22.0 24.2
3.900000 0 352.5 190.8 22.0 24.2
3.933333 0 352.9 191.1 22.0 24.1
3.966667 0 353.3 191.4 22.0 24.1
4.000000 0 353.7 191.7 22.0 24.1
4.033333 0 354.2 191.9 22.0 24.1
4.066667 0 354.6 192.2 22.0 24.0
4.100000 0 355.0 192.5 22.0 24.0
4.133333 0 355.4 192.8 22.0 24.0
4.166667 0 355.8 193.1 22.0 23.9
4.200000 0 356.3 193.3 22.0 23.9
4.233333 0 356.7 193.6 22.0 23.9
4.266667 0 357.1 193.9 22.0 23.9
4.300000 0 357.5 194.2 22.0 23.8
4.333333 0 357.9 194.4 22.0 23.8
4.366667 0 358.4 194.7 22.0 23.8
4.400000 0 358.8 195.0 22.0 23.8
4.433333 0 359.2 195.3 22.0 23.7
4.466667 0 359.6 195.5 22.0 23.7
4.500000 0 360.1 195.8 22.0 23.7
4.533333 0 360.5 196.1 22.0 23.7
4.566667 0 360.9 196.4 22.0 23.6
4.600000 0 361.3 196.6 22.0 23.6
4.633333 0 361.7 196.9 22.0 23.6
4.666667 0 362.2 197.2 22.0 23.6
4.700000 0 362.6 197.5 22.0 23.5
4.733333 0 363.0 197.7 22.0 23.5
4.766667 0 363.4 198.0 22.0 23.5
4.800000 0 363.8 198.3 22.0 23.4
4.833333 0 364.3 198.6 22.0 23.4
4.866667 0 364.7 198.9 22.0 23.4
4.900000 0 365.1 199.1 22.0 23.4
4.933333 0 365.5 199.4 22.0 23.3
4.966667 0 365.9 199.7 22.0 23.3
5.000000 0 366.4 200.0 22.0 23.3
5.033333 0 366.8 200.2 22.0 23.3
5.066667 0 367.2 200.5 22.0 23.2
5.100000 0 367.6 200.8 22.0 23.2
5.133333 0 368.1 201.1 22.0 23.2
5.166667 0 368.5 201.3 22.0 23.2
5.200000 0 368.9 201.6 22.0 23.1
5.233333 0 369.3 201.9 22.0 23.1
5.266667 0 369.7 202.2 22.0 23.1
5.300000 0 370.2 202.4 22.0 23.1
5.333333 0 370.6 202.7 22.0 23.0
5.366667 0 371.0 203.0 22.0 23.0
5.400000 0 371.4 203.2 22.0 23.0
5.433333 0 371.8 203.4 22.0 23.0
5.466667 0 372.1 203.7 22.0 23.0
5.500000 0 372.5 203.9 22.1 23.0
5.533333 0 372.9 204.1 22.1 23.0
5.566667 0 373.3 204.3 22.1 23.0
5.600000 0 373.7 204.6 22.1 23.0
5.633333 0 374.1 204.8 22.1 23.0
5.666667 0 374.4 205.0 22.1 23.0
5.700000 0 374.8 205.2 22.1 23.0
5.733333 0 375.2 205.5 22.1 23.0
5.766667 0 375.6 205.7 22.2 23.0
5.800000 0 376.0 205.9 22.2 23.0
5.833333 0 376.3 206.1 22.2 23.0
5.866667 0 376.7 206.4 22.2 23.0
5.900000 0 377.1 206.6 22.2 23.0
5.933333 0 377.5 206.8 22.2 23.0
5.966667 0 377.9 207.0 22.2 23.0
6.000000 0 378.3 207.3 22.3 23.0
6.033333 0 378.6 207.5 22.3 23.0
6.066667 0 379.0 207.7 22.3 23.0
6.100000 0 379.4 207.9 22.3 23.0
6.133333 0 379.8 208.1 22.3 23.0
6.166667 0 380.2 208.4 22.3 23.0
6.200000 0 380.5 208.6 22.3 23.0
6.233333 0 380.9 208.8 22.3 23.0
6.266667 0 381.3 209.0 22.4 23.0
6.300000 0 381.7 209.3 22.4 23.0
6.333333 0 382.1 209.5 22.4 23.0
6.366667 0 382.4 209.7 22.4 23.0
6.400000 0 382.8 209.9 22.4 23.0
6.433333 0 383.2 210.2 22.4 23.0
6.466667 0 383.6 210.4 22.4 23.0
6.500000 0 384.0 210.6 22.4 23.0
6.533333 0 384.4 210.8 22.5 23.0
6.566667 0 384.7 211.1 22.5 23.0
6.600000 0 385.1 211.3 22.5 23.0
6.633333 0 385.5 211.5 22.5 23.0
6.666667 0 385.9 211.7 22.5 23.0
6.700000 0 386.3 211.9 22.5 23.0
6.733333 0 386.6 212.2 22.5 23.0
6.766667 0 387.0 212.4 22.6 23.0
6.800000 0 387.4 212.6 22.6 23.0
6.833333 0 387.8 212.8 22.6 23.0
6.866667 0 388.2 213.1 22.6 23.0
6.900000 0 388.6 213.3 22.6 23.0
6.933333 0 388.9 213.5 22.6 23.0
6.966667 0 389.3 213.7 22.6 23.0
7.000000 0 389.7 214.0 22.6 23.0
7.033333 0 390.1 214.2 22.7 23.0
7.066667 0 390.5 214.4 22.7 23.0
7.100000 0 390.8 214.6 22.7 23.0
7.133333 0 391.2 214.9 22.7 23.0
7.166667 0 391.6 215.1 22.7 23.0
7.200000 0 392.0 215.3 22.7 23.0
7.233333 0 392.4 215.5 22.7 23.0
7.266667 0 392.8 215.8 22.8 23.0
7.300000 0 393.1 216.0 22.8 23.0
7.333333 0 393.5 216.2 22.8 23.0
7.366667 0 393.9 216.4 22.8 23.0
7.400000 0 394.3 216.6 22.8 23.0
7.433333 0 394.7 216.9 22.8 23.0
7.466667 0 395.0 217.1 22.8 23.0
7.500000 0 395.4 217.3 22.8 23.0
7.533333 0 395.8 217.5 22.9 23.0
7.566667 0 396.2 217.8 22.9 23.0
7.600000 0 396.6 218.0 22.9 23.0
7.633333 0 396.9 218.2 22.9 23.0
7.666667 0 397.3 218.4 22.9 23.0
7.700000 0 397.7 218.7 22.9 23.0
7.733333 0 398.1 218.9 22.9 23.0
7.766667 0 398.5 219.1 22.9 23.0
7.800000 0 398.9 219.3 23.0 23.0
7.833333 0 399.2 219.6 23.0 23.0
7.866667 0 399.6 219.8 23.0 23.0
7.900000 0 400.0 220.0 23.0 23.0
7.933333 0 400.4 220.2 23.0 23.0
7.966667 0 400.7 220.5 23.0 23.0
8.000000 0 401.1 220.7 23.0 22.9
8.033333 0 401.5 220.9 23.0 22.9
8.066667 0 401.8 221.2 23.0 22.9
8.100000 0 402.2 221.4 23.0 22.9
8.133333 0 402.6 221.6 23.0 22.8
8.166667 0 402.9 221.9 23.0 22.8
8.200000 0 403.3 222.1 23.0 22.8
8.233333 0 403.6 222.4 23.0 22.8
8.266667 0 404.0 222.6 23.0 22.7
8.300000 0 404.4 222.8 23.0 22.7
8.333333 0 404.7 223.1 23.0 22.7
8.366667 0 405.1 223.3 23.0 22.7
8.400000 0 405.5 223.5 23.0 22.6
8.433333 0 405.8 223.8 23.0 22.6
8.466667 0 406.2 224.0 23.0 22.6
8.500000 0 406.6 224.2 23.0 22.6
8.533333 0 406.9 224.5 23.0 22.6
8.566667 0 407.3 224.7 23.0 22.5
8.600000 0 407.7 224.9 23.0 22.5
8.633333 0 408.0 225.2 23.0 22.5
8.666667 0 408.4 225.4 23.0 22.5
8.700000 0 408.8 225.6 23.0 22.4
8.733333 0 409.1 225.9 23.0 22.4
8.766667 0 409.5 226.1 23.0 22.4
8.800000 0 409.8 226.4 23.0 22.4
8.833333 0 410.2 226.6 23.0 22.3
8.866667 0 410.6 226.8 23.0 22.3
8.900000 0 410.9 227.1 23.0 22.3
8.933333 0 411.3 227.3 23.0 22.3
8.966667 0 411.7 227.5 23.0 22.2
9.000000 0 412.0 227.8 23.0 22.2
9.033333 0 412.4 228.0 23.0 22.2
9.066667 0 412.8 228.2 23.0 22.2
9.100000 0 413.1 228.5 23.0 22.2
9.133333 0 413.5 228.7 23.0 22.1
9.166667 0 413.9 228.9 23.0 22.1
9.200000 0 414.2 229.2 23.0 22.1
9.233333 0 414.6 229.4 23.0 22.1
9.266667 0 415.0 229.6 23.0 22.0
9.300000 0 415.3 229.9 23.0 22.0
9.333333 0 415.7 230.1 23.0 22.0
9.366667 0 416.0 230.4 23.0 22.0
9.400000 0 416.4 230.6 23.0 21.9
9.433333 0 416.8 230.8 23.0 21.9
9.466667 0 417.1 231.1 23.0 21.9
9.500000 0 417.5 231.3 23.0 21.9
9.533333 0 417.9 231.5 23.0 21.8
9.566667 0 418.2 231.8 23.0 21.8
9.600000 0 418.6 232.0 23.0 21.8
9.633333 0 419.0 232.2 23.0 21.8
9.666667 0 419.3 232.5 23.0 21.8
9.700000 0 419.7 232.7 23.0 21.7
9.733333 0 420.1 232.9 23.0 21.7
9.766667 0 420.4 233.2 23.0 21.7
9.800000 0 420.8 233.4 23.0 21.7
9.833333 0 421.2 233.6 23.0 21.6
9.866667 0 421.5 233.9 23.0 21.6
9.900000 0 421.9 234.1 23.0 21.6
9.933333 0 422.2 234.4 23.0 21.6
9.966667 0 422.6 234.6 23.0 21.5
10.000000 0 423.0 234.8 23.0 21.5
10.033333 0 423.3 235.1 23.0 21.5
10.066667 0 423.7 235.3 23.0 21.5
10.100000 0 424.1 235.5 23.0 21.4
10.133333 0 424.4 235.8 23.0 21.4
10.166667 0 424.8 236.0 23.0 21.4
10.200000 0 425.2 236.2 23.0 21.4
10.233333 0 425.5 236.5 23.0 21.4
10.266667 0 425.9 236.7 23.0 21.3
10.300000 0 426.3 236.9 23.0 21.3
10.333333 0 426.6 237.2 23.0 21.3
10.366667 0 427.0 237.4 23.0 21.3
10.400000 0 427.4 237.6 23.0 21.2
10.433333 0 427.7 237.9 23.0 21.2
10.466667 0 428.1 238.1 23.0 21.2
10.500000 0 428.4 238.4 23.0 21.2
10.533333 0 428.8 238.6 23.0 21.1
10.566667 0 429.2 238.8 23.0 21.1
10.600000 0 429.5 239.1 23.0 21.1
10.633333 0 429.9 239.3 23.0 21.1
10.666667 0 430.3 239.5 23.0 21.0
10.700000 0 430.6 239.8 23.0 21.0
10.733333 0 431.0 240.0 23.0 21.0
