0.000000 0 178.0 312.0 25.0 24.0
0.033333 0 178.5 311.8 25.0 24.0
0.066667 0 179.1 311.5 25.0 24.0
0.100000 0 179.6 311.3 25.0 24.1
0.133333 0 180.1 311.0 25.0 24.1
0.166667 0 180.6 310.8 25.0 24.1
0.200000 0 181.2 310.5 25.0 24.1
0.233333 0 181.7 310.3 25.0 24.1
0.266667 0 182.2 310.1 25.1 24.2
0.300000 0 182.7 309.8 25.1 24.2
0.333333 0 183.3 309.6 25.1 24.2
0.366667 0 183.8 309.3 25.1 24.2
0.400000 0 184.3 309.1 25.1 24.2
0.433333 0 184.9 308.8 25.1 24.3
0.466667 0 185.4 308.6 25.1 24.3
0.500000 0 185.9 308.4 25.1 24.3
0.533333 0 186.4 308.1 25.1 24.3
0.566667 0 187.0 307.9 25.1 24.3
0.600000 0 187.5 307.6 25.1 24.4
0.633333 0 188.0 307.4 25.1 24.4
0.666667 0 188.5 307.1 25.1 24.4
0.700000 0 189.1 306.9 25.1 24.4
0.733333 0 189.6 306.6 25.1 24.4
0.766667 0 190.1 306.4 25.2 24.5
0.800000 0 190.6 306.2 25.2 24.5
0.833333 0 191.2 305.9 25.2 24.5
0.866667 0 191.7 305.7 25.2 24.5
0.900000 0 192.2 305.4 25.2 24.5
0.933333 0 192.8 305.2 25.2 24.6
0.966667 0 193.3 304.9 25.2 24.6
1.000000 0 193.8 304.7 25.2 24.6
1.033333 0 194.3 304.5 25.2 24.6
1.066667 0 194.9 304.2 25.2 24.6
1.100000 0 195.4 304.0 25.2 24.7
1.133333 0 195.9 303.7 25.2 24.7
1.166667 0 196.4 303.5 25.2 24.7
1.200000 0 197.0 303.2 25.2 24.7
1.233333 0 197.5 303.0 25.2 24.7
1.266667 0 198.0 302.8 25.3 24.8
1.300000 0 198.6 302.5 25.3 24.8
1.333333 0 199.1 302.3 25.3 24.8
1.366667 0 199.6 302.0 25.3 24.8
1.400000 0 200.1 301.8 25.3 24.9
1.433333 0 200.7 301.5 25.3 24.9
1.466667 0 201.2 301.3 25.3 24.9
1.500000 0 201.7 301.1 25.3 24.9
1.533333 0 202.2 300.8 25.3 24.9
1.566667 0 202.8 300.6 25.3 25.0
1.600000 0 203.3 300.3 25.3 25.0
1.633333 0 203.8 300.1 25.3 25.0
1.666667 0 204.4 299.8 25.3 25.0
1.700000 0 204.9 299.6 25.3 25.0
1.733333 0 205.4 299.4 25.4 25.1
1.766667 0 205.9 299.1 25.4 25.1
1.800000 0 206.5 298.9 25.4 25.1
1.833333 0 207.0 298.6 25.4 25.1
1.866667 0 207.5 298.4 25.4 25.1
1.900000 0 208.0 298.1 25.4 25.2
1.933333 0 208.6 297.9 25.4 25.2
1.966667 0 209.1 297.6 25.4 25.2
2.000000 0 209.6 297.4 25.4 25.2
2.033333 0 210.1 297.2 25.4 25.2
2.066667 0 210.7 296.9 25.4 25.3
2.100000 0 211.2 296.7 25.4 25.3
2.133333 0 211.7 296.4 25.4 25.3
2.166667 0 212.3 296.2 25.4 25.3
2.200000 0 212.8 295.9 25.4 25.3
2.233333 0 213.3 295.7 25.5 25.4
2.266667 0 213.8 295.5 25.5 25.4
2.300000 0 214.4 295.2 25.5 25.4
2.333333 0 214.9 295.0 25.5 25.4
2.366667 0 215.4 294.7 25.5 25.4
2.400000 0 215.9 294.5 25.5 25.5
2.433333 0 216.5 294.2 25.5 25.5
2.466667 0 217.0 294.0 25.5 25.5
2.500000 0 217.5 293.8 25.5 25.5
2.533333 0 218.1 293.5 25.5 25.5
2.566667 0 218.6 293.3 25.5 25.6
2.600000 0 219.1 293.0 25.5 25.6
2.633333 0 219.6 292.8 25.5 25.6
2.666667 0 220.2 292.5 25.5 25.6
2.700000 0 220.7 292.3 25.5 25.6
2.733333 0 221.2 292.1 25.6 25.7
2.766667 0 221.7 291.8 25.6 25.7
2.800000 0 222.3 291.6 25.6 25.7
2.833333 0 222.8 291.3 25.6 25.7
2.866667 0 223.3 291.1 25.6 25.7
2.900000 0 223.9 290.8 25.6 25.8
2.933333 0 224.4 290.6 25.6 25.8
2.966667 0 224.9 290.4 25.6 25.8
3.000000 0 225.4 290.1 25.6 25.8
3.033333 0 226.0 289.9 25.6 25.8
3.066667 0 226.5 289.6 25.6 25.9
3.100000 0 227.0 289.4 25.6 25.9
3.133333 0 227.5 289.1 25.6 25.9
3.166667 0 228.1 288.9 25.6 25.9
3.200000 0 228.6 288.6 25.6 25.9
3.233333 0 229.1 288.4 25.7 26.0
3.266667 0 229.6 288.2 25.7 26.0
3.300000 0 230.2 287.9 25.7 26.0
3.333333 0 230.7 287.7 25.7 26.0
3.366667 0 231.2 287.4 25.7 26.0
3.400000 0 231.8 287.2 25.7 26.1
3.433333 0 232.3 286.9 25.7 26.1
3.466667 0 232.8 286.7 25.7 26.1
3.500000 0 233.3 286.5 25.7 26.1
3.533333 0 233.9 286.2 25.7 26.1
3.566667 0 234.4 286.0 25.7 26.2
3.600000 0 234.9 285.7 25.7 26.2
3.633333 0 235.4 285.5 25.7 26.2
3.666667 0 236.0 285.2 25.7 26.2
3.700000 0 236.5 285.0 25.7 26.2
3.733333 0 237.0 284.8 25.8 26.3
3.766667 0 237.6 284.5 25.8 26.3
3.800000 0 238.1 284.3 25.8 26.3
3.833333 0 238.6 284.0 25.8 26.3
3.866667 0 239.1 283.8 25.8 26.4
3.900000 0 239.7 283.5 25.8 26.4
3.933333 0 240.2 283.3 25.8 26.4
3.966667 0 240.7 283.1 25.8 26.4
4.000000 0 241.2 282.8 25.8 26.4
4.033333 0 241.8 282.6 25.8 26.5
4.066667 0 242.3 282.3 25.8 26.5
4.100000 0 242.8 282.1 25.8 26.5
4.133333 0 243.4 281.8 25.8 26.5
4.166667 0 243.9 281.6 25.8 26.5
4.200000 0 244.4 281.4 25.9 26.6
4.233333 0 244.9 281.1 25.9 26.6
4.266667 0 245.5 280.9 25.9 26.6
4.300000 0 246.0 280.6 25.9 26.6
4.333333 0 246.5 280.4 25.9 26.6
4.366667 0 247.0 280.1 25.9 26.7
4.400000 0 247.6 279.9 25.9 26.7
4.433333 0 248.1 279.6 25.9 26.7
4.466667 0 248.6 279.4 25.9 26.7
4.500000 0 249.1 279.2 25.9 26.7
4.533333 0 249.7 278.9 25.9 26.8
4.566667 0 250.2 278.7 25.9 26.8
4.600000 0 250.7 278.4 25.9 26.8
4.633333 0 251.3 278.2 25.9 26.8
4.666667 0 251.8 277.9 25.9 26.8
4.700000 0 252.3 277.7 26.0 26.9
4.733333 0 252.8 277.5 26.0 26.9
4.766667 0 253.4 277.2 26.0 26.9
4.800000 0 253.9 277.0 26.0 26.9
4.833333 0 254.4 276.7 26.0 26.9
4.866667 0 254.9 276.5 26.0 27.0
4.900000 0 255.5 276.2 26.0 27.0
4.933333 0 256.0 276.0 26.0 27.0
4.966667 0 256.5 275.8 26.0 27.0
5.000000 0 257.1 275.5 26.0 27.0
5.033333 0 257.6 275.3 26.0 27.0
5.066667 0 258.2 275.1 25.9 27.0
5.100000 0 258.7 274.9 25.9 27.0
5.133333 0 259.3 274.6 25.9 27.0
5.166667 0 259.8 274.4 25.9 27.0
5.200000 0 260.4 274.2 25.9 27.0
5.233333 0 260.9 274.0 25.9 27.0
5.266667 0 261.5 273.7 25.9 27.0
5.300000 0 262.0 273.5 25.9 27.0
5.333333 0 262.5 273.3 25.8 27.0
5.366667 0 263.1 273.0 25.8 27.0
5.400000 0 263.6 272.8 25.8 27.0
5.433333 0 264.2 272.6 25.8 27.0
5.466667 0 264.7 272.4 25.8 27.0
5.500000 0 265.3 272.1 25.8 27.0
5.533333 0 265.8 271.9 25.8 27.0
5.566667 0 266.4 271.7 25.8 27.0
5.600000 0 266.9 271.5 25.7 27.0
5.633333 0 267.5 271.2 25.7 27.0
5.666667 0 268.0 271.0 25.7 27.0
5.700000 0 268.5 270.8 25.7 27.0
5.733333 0 269.1 270.5 25.7 27.0
5.766667 0 269.6 270.3 25.7 27.0
5.800000 0 270.2 270.1 25.7 27.0
5.833333 0 270.7 269.9 25.6 27.0
5.866667 0 271.3 269.6 25.6 27.0
5.900000 0 271.8 269.4 25.6 27.0
5.933333 0 272.4 269.2 25.6 27.0
5.966667 0 272.9 269.0 25.6 27.0
6.000000 0 273.5 268.7 25.6 27.0
6.033333 0 274.0 268.5 25.6 27.0
6.066667 0 274.5 268.3 25.6 27.0
6.100000 0 275.1 268.0 25.5 27.0
6.133333 0 275.6 267.8 25.5 27.0
6.166667 0 276.2 267.6 25.5 27.0
6.200000 0 276.7 267.4 25.5 27.0
6.233333 0 277.3 267.1 25.5 27.0
6.266667 0 277.8 266.9 25.5 27.0
6.300000 0 278.4 266.7 25.5 27.0
6.333333 0 278.9 266.5 25.5 27.0
6.366667 0 279.5 266.2 25.4 27.0
6.400000 0 280.0 266.0 25.4 27.0
6.433333 0 280.5 265.8 25.4 27.0
6.466667 0 281.1 265.5 25.4 27.0
6.500000 0 281.6 265.3 25.4 27.0
6.533333 0 282.2 265.1 25.4 27.0
6.566667 0 282.7 264.9 25.4 27.0
6.600000 0 283.3 264.6 25.4 27.0
6.633333 0 283.8 264.4 25.3 27.0
6.666667 0 284.4 264.2 25.3 27.0
6.700000 0 284.9 264.0 25.3 27.0
6.733333 0 285.5 263.7 25.3 27.0
6.766667 0 286.0 263.5 25.3 27.0
6.800000 0 286.5 263.3 25.3 27.0
6.833333 0 287.1 263.0 25.3 27.0
6.866667 0 287.6 262.8 25.2 27.0
6.900000 0 288.2 262.6 25.2 27.0
6.933333 0 288.7 262.4 25.2 27.0
6.966667 0 289.3 262.1 25.2 27.0
7.000000 0 289.8 261.9 25.2 27.0
7.033333 0 290.4 261.7 25.2 27.0
7.066667 0 290.9 261.5 25.2 27.0
7.100000 0 291.5 261.2 25.2 27.0
7.133333 0 292.0 261.0 25.1 27.0
7.166667 0 292.5 260.8 25.1 27.0
7.200000 0 293.1 260.5 25.1 27.0
7.233333 0 293.6 260.3 25.1 27.0
7.266667 0 294.2 260.1 25.1 27.0
7.300000 0 294.7 259.9 25.1 27.0
7.333333 0 295.3 259.6 25.1 27.0
7.366667 0 295.8 259.4 25.1 27.0
7.400000 0 296.4 259.2 25.0 27.0
7.433333 0 296.9 259.0 25.0 27.0
7.466667 0 297.5 258.7 25.0 27.0
7.500000 0 298.0 258.5 25.0 27.0
7.533333 0 298.5 258.3 25.0 27.0
7.566667 0 299.1 258.0 25.0 27.0
7.600000 0 299.6 257.8 25.0 27.0
7.633333 0 300.2 257.6 24.9 27.0
7.666667 0 300.7 257.4 24.9 27.0
7.700000 0 301.3 257.1 24.9 27.0
7.733333 0 301.8 256.9 24.9 27.0
7.766667 0 302.4 256.7 24.9 27.0
7.800000 0 302.9 256.5 24.9 27.0
7.833333 0 303.5 256.2 24.9 27.0
7.866667 0 304.0 256.0 24.9 27.0
7.900000 0 304.5 255.8 24.8 27.0
7.933333 0 305.1 255.5 24.8 27.0
7.966667 0 305.6 255.3 24.8 27.0
8.000000 0 306.2 255.1 24.8 27.0
8.033333 0 306.7 254.9 24.8 27.0
8.066667 0 307.3 254.6 24.8 27.0
8.100000 0 307.8 254.4 24.8 27.0
8.133333 0 308.4 254.2 24.8 27.0
8.166667 0 308.9 254.0 24.7 27.0
8.200000 0 309.5 253.7 24.7 27.0
8.233333 0 310.0 253.5 24.7 27.0
8.266667 0 310.5 253.3 24.7 27.0
8.300000 0 311.1 253.0 24.7 27.0
8.333333 0 311.6 252.8 24.7 27.0
8.366667 0 312.2 252.6 24.7 27.0
8.400000 0 312.7 252.4 24.6 27.0
8.433333 0 313.3 252.1 24.6 27.0
8.466667 0 313.8 251.9 24.6 27.0
8.500000 0 314.4 251.7 24.6 27.0
8.533333 0 314.9 251.5 24.6 27.0
8.566667 0 315.5 251.2 24.6 27.0
8.600000 0 316.0 251.0 24.6 27.0
8.633333 0 316.5 250.8 24.6 27.0
8.666667 0 317.1 250.5 24.5 27.0
8.700000 0 317.6 250.3 24.5 27.0
8.733333 0 318.2 250.1 24.5 27.0
8.766667 0 318.7 249.9 24.5 27.0
8.800000 0 319.3 249.6 24.5 27.0
8.833333 0 319.8 249.4 24.5 27.0
8.866667 0 320.4 249.2 24.5 27.0
8.900000 0 320.9 249.0 24.5 27.0
8.933333 0 321.5 248.7 24.4 27.0
8.966667 0 322.0 248.5 24.4 27.0
9.000000 0 322.5 248.3 24.4 27.0
9.033333 0 323.1 248.0 24.4 27.0
9.066667 0 323.6 247.8 24.4 27.0
9.100000 0 324.2 247.6 24.4 27.0
9.133333 0 324.7 247.4 24.4 27.0
9.166667 0 325.3 247.1 24.4 27.0
9.200000 0 325.8 246.9 24.3 27.0
9.233333 0 326.4 246.7 24.3 27.0
9.266667 0 326.9 246.5 24.3 27.0
9.300000 0 327.5 246.2 24.3 27.0
9.333333 0 328.0 246.0 24.3 27.0
9.366667 0 328.5 245.8 24.3 27.0
9.400000 0 329.1 245.5 24.3 27.0
9.433333 0 329.6 245.3 24.2 27.0
9.466667 0 330.2 245.1 24.2 27.0
9.500000 0 330.7 244.9 24.2 27.0
9.533333 0 331.3 244.6 24.2 27.0
9.566667 0 331.8 244.4 24.2 27.0
9.600000 0 332.4 244.2 24.2 27.0
9.633333 0 332.9 244.0 24.2 27.0
9.666667 0 333.5 243.7 24.2 27.0
9.700000 0 334.0 243.5 24.1 27.0
9.733333 0 334.5 243.3 24.1 27.0
9.766667 0 335.1 243.0 24.1 27.0
9.800000 0 335.6 242.8 24.1 27.0
9.833333 0 336.2 242.6 24.1 27.0
9.866667 0 336.7 242.4 24.1 27.0
9.900000 0 337.3 242.1 24.1 27.0
9.933333 0 337.8 241.9 24.1 27.0
9.966667 0 338.4 241.7 24.0 27.0
10.000000 0 338.9 241.5 24.0 27.0
10.033333 0 339.5 241.2 24.0 27.0
10.066667 0 340.0 241.0 24.0 27.0
