0.033333 0 320.0 168.0 26.0 36.5
0.066667 0 320.0 168.7 26.1 36.6
0.100000 0 320.1 169.4 26.2 36.6
0.133333 0 320.2 170.1 26.3 36.6
0.166667 0 320.4 171.2 26.0 36.4
0.200000 0 320.7 171.8 25.9 36.3
0.233333 0 320.9 172.6 25.8 36.1
0.266667 0 321.0 173.1 25.9 36.1
0.300000 0 321.2 173.7 25.9 36.2
0.333333 0 321.4 174.5 25.6 35.9
0.366667 0 321.6 175.3 25.5 35.7
0.400000 0 321.7 175.7 25.5 35.8
0.433333 0 321.9 176.4 25.4 35.5
0.466667 0 321.9 176.7 25.5 35.7
0.500000 0 321.9 176.7 25.5 35.7
0.533333 0 322.1 176.6 25.3 35.4
0.566667 0 322.0 176.0 25.7 35.8
0.600000 0 322.0 175.7 25.8 35.9
0.633333 0 322.0 175.5 25.8 35.8
0.666667 0 322.1 175.3 25.7 35.7
0.700000 0 322.0 174.9 25.9 35.9
0.733333 0 322.0 174.9 25.8 35.9
0.766667 0 322.0 174.7 25.8 35.9
0.800000 0 322.1 174.7 25.6 35.6
0.833333 0 322.2 174.6 25.2 35.1
0.866667 0 322.0 174.1 25.6 35.7
0.900000 0 322.0 173.8 25.6 35.7
0.933333 0 322.0 172.9 25.7 35.8
0.966667 0 322.1 172.6 25.5 35.5
1.000000 0 322.0 171.7 25.8 35.9
1.033333 0 322.1 171.3 25.7 35.6
1.066667 0 322.4 170.8 25.6 35.7
1.100000 0 322.7 170.1 25.2 35.3
1.133333 0 323.1 169.7 24.8 34.7
1.166667 0 323.2 168.9 24.8 34.8
1.200000 0 323.2 168.9 24.8 34.8
1.233333 0 323.2 167.7 25.5 35.6
1.266667 0 323.2 167.3 25.4 35.4
1.300000 0 323.3 167.3 25.4 35.4
1.333333 0 323.7 166.8 25.2 35.4
1.366667 0 323.8 166.5 25.2 35.3
1.400000 0 323.8 166.5 25.2 35.3
1.433333 0 323.7 165.5 25.8 35.9
1.466667 0 323.7 165.5 25.8 35.8
1.500000 0 323.8 165.2 25.7 35.8
1.533333 0 324.2 164.0 25.6 35.9
1.566667 0 324.2 164.0 25.6 35.8
1.600000 0 324.2 163.5 25.8 36.0
1.633333 0 324.2 162.4 26.3 36.5
1.666667 0 324.2 162.3 26.4 36.6
1.700000 0 324.3 162.0 26.3 36.4
1.733333 0 324.6 161.1 26.4 36.6
1.766667 0 324.6 161.1 26.4 36.6
1.800000 0 324.8 160.5 26.4 36.7
1.833333 0 325.0 160.0 26.5 36.7
1.866667 0 325.1 159.1 26.6 36.8
1.900000 0 325.2 158.3 26.8 37.0
1.933333 0 325.5 157.5 26.6 36.7
1.966667 0 325.8 156.8 26.4 36.6
2.000000 0 326.1 156.1 26.5 36.6
2.033333 0 326.2 155.1 26.8 36.8
2.066667 0 326.4 154.2 26.8 36.9
2.100000 0 326.7 153.4 26.7 36.8
2.133333 0 326.9 152.6 26.7 36.7
2.166667 0 327.1 151.7 26.7 36.6
2.200000 0 327.5 150.7 26.6 36.5
2.233333 0 327.9 150.1 26.3 36.2
2.266667 0 328.0 149.2 26.4 36.3
2.300000 0 328.2 148.2 26.5 36.4
2.333333 0 328.4 147.3 26.5 36.2
2.366667 0 328.6 146.3 26.5 36.3
2.400000 0 328.9 145.7 26.5 36.2
2.433333 0 329.3 145.1 26.1 35.6
2.466667 0 329.7 144.8 25.5 34.9
2.500000 0 330.0 143.8 25.5 34.9
2.533333 0 330.2 142.8 25.6 35.1
2.566667 0 330.5 142.0 25.8 35.3
2.600000 0 330.9 141.4 25.4 34.9
2.633333 0 331.5 140.9 24.9 34.3
2.666667 0 331.7 140.2 25.2 34.7
2.700000 0 332.2 139.7 24.9 34.3
2.733333 0 333.0 139.5 24.4 33.5
2.766667 0 333.1 138.3 24.9 34.4
2.800000 0 333.3 137.4 25.0 34.5
2.833333 0 334.0 136.7 24.8 34.3
2.866667 0 334.6 136.2 24.3 33.5
2.900000 0 335.1 135.7 23.9 33.0
2.933333 0 335.2 134.4 24.7 34.1
2.966667 0 335.7 133.4 24.3 33.5
3.000000 0 335.9 132.3 24.5 33.9
3.033333 0 336.1 131.1 24.9 34.3
3.066667 0 336.3 130.0 25.1 34.6
3.100000 0 336.4 129.0 25.5 35.2
3.133333 0 336.9 128.5 25.4 35.0
3.166667 0 337.2 127.9 25.4 35.1
3.200000 0 337.4 127.3 25.5 35.3
3.233333 0 337.9 126.9 25.1 34.6
3.266667 0 338.0 125.8 25.5 35.3
3.300000 0 338.3 124.9 25.7 35.5
3.333333 0 338.5 124.1 25.8 35.6
3.366667 0 339.0 123.7 25.4 35.1
3.400000 0 339.1 122.6 26.0 35.9
3.433333 0 339.3 122.0 26.0 35.8
3.466667 0 339.6 121.3 25.8 35.6
3.500000 0 339.9 120.5 25.6 35.4
3.533333 0 339.9 119.3 25.7 35.6
3.566667 0 339.5 117.9 26.0 36.0
3.600000 0 339.5 116.9 26.0 36.0
3.633333 0 339.5 116.0 26.1 36.0
3.666667 0 337.0 117.0 31.0 37.0
3.700000 0 336.2 115.8 32.2 37.8
3.733333 0 336.9 115.3 31.2 37.2
3.766667 0 336.2 114.2 32.2 37.8
3.800000 0 336.1 113.5 32.4 38.0
3.833333 0 336.4 112.7 32.0 37.7
3.866667 0 336.0 111.6 32.5 38.1
3.900000 0 336.3 110.7 32.2 38.0
3.933333 0 336.7 109.8 31.6 37.7
3.966667 0 336.7 108.9 31.5 37.6
4.000000 0 336.0 107.0 33.3 39.3
4.033333 0 336.5 106.3 32.7 38.7
4.066667 0 336.8 105.4 32.1 38.1
4.100000 0 336.8 104.4 32.0 38.0
4.133333 0 337.3 103.8 31.3 37.2
4.166667 0 337.0 102.7 31.9 37.6
4.200000 0 337.0 101.7 32.0 37.7
4.233333 0 337.1 100.7 31.8 37.5
4.266667 0 337.0 99.9 32.0 37.6
4.300000 0 337.1 99.5 31.7 37.4
4.333333 0 337.2 98.8 31.5 37.2
4.366667 0 337.2 98.0 31.6 37.3
4.400000 0 337.4 97.8 31.2 36.9
4.433333 0 337.4 97.4 30.9 36.8
4.466667 0 337.5 97.1 30.7 36.6
4.500000 0 337.4 96.8 31.0 36.8
4.533333 0 337.4 96.3 31.0 36.8
4.566667 0 337.5 95.7 30.8 36.6
4.600000 0 337.3 94.5 31.4 37.0
4.633333 0 337.3 93.2 31.7 37.3
4.666667 0 337.4 92.2 31.6 37.2
4.700000 0 337.7 90.9 31.4 37.1
4.733333 0 338.0 89.9 31.0 37.0
4.766667 0 337.4 88.0 32.7 38.6
4.800000 0 338.4 88.0 31.0 36.9
4.833333 0 338.4 87.2 31.0 36.9
4.866667 0 338.3 86.5 31.4 37.1
4.900000 0 338.4 85.5 31.6 37.2
4.933333 0 338.5 84.9 31.4 37.1
4.966667 0 338.7 84.2 31.2 36.9
5.000000 0 338.8 83.4 31.1 36.8
5.033333 0 338.7 82.4 31.6 37.5
5.066667 0 338.1 81.3 33.1 38.9
5.100000 0 338.2 80.8 33.1 38.8
5.133333 0 338.6 80.7 32.5 38.4
5.166667 0 338.8 80.8 32.0 37.9
5.200000 0 339.4 80.9 31.2 37.0
5.233333 0 339.5 80.1 31.3 37.0
5.266667 0 339.8 79.5 31.0 36.8
5.300000 0 340.0 78.6 30.8 36.7
5.333333 0 339.0 76.3 33.5 39.3
5.366667 0 340.3 76.3 31.5 37.3
5.400000 0 340.8 75.5 31.1 37.0
5.433333 0 340.0 73.5 33.5 39.3
5.466667 0 341.4 73.9 31.2 37.0
5.500000 0 341.9 73.2 30.9 36.8
5.533333 0 341.8 72.2 32.1 37.9
5.566667 0 342.3 72.0 31.7 37.3
5.600000 0 342.8 71.7 31.4 37.3
5.633333 0 342.3 70.9 32.9 38.7
5.666667 0 343.4 71.1 31.6 37.3
5.700000 0 343.0 69.8 33.3 39.0
5.733333 0 344.5 70.6 31.0 36.8
5.766667 0 344.8 70.2 31.0 36.8
5.800000 0 344.2 68.8 33.2 39.0
5.833333 0 345.4 69.2 31.3 37.1
5.866667 0 344.9 67.7 33.5 39.3
5.900000 0 346.5 68.3 31.3 37.1
5.933333 0 345.9 66.6 33.5 39.2
5.966667 0 347.5 67.1 31.3 37.1
6.000000 0 347.0 65.9 33.1 38.9
6.033333 0 348.5 66.4 31.1 36.9
6.066667 0 347.7 64.6 33.9 39.6
6.100000 0 349.5 65.8 31.1 37.0
6.133333 0 348.7 64.3 33.8 39.6
6.166667 0 350.5 65.4 31.1 37.1
6.200000 0 350.4 64.7 32.2 38.1
6.233333 0 350.4 64.2 32.9 38.8
6.266667 0 351.6 64.9 31.4 37.3
6.300000 0 350.8 63.7 33.8 39.6
6.333333 0 352.3 64.7 31.6 37.4
6.366667 0 352.1 63.7 33.0 38.9
6.400000 0 353.3 64.4 31.3 37.3
6.433333 0 353.3 64.0 31.8 37.6
6.466667 0 353.0 63.0 33.2 39.1
6.500000 0 354.1 63.4 31.7 37.7
6.533333 0 354.2 63.0 31.9 37.6
6.566667 0 354.0 62.0 33.1 39.0
6.600000 0 354.2 61.6 33.2 39.0
6.633333 0 355.3 62.0 31.6 37.4
6.666667 0 355.5 61.7 31.5 37.4
6.700000 0 355.9 61.7 31.1 37.1
6.733333 0 355.7 61.3 31.4 37.4
6.766667 0 355.2 60.5 32.6 38.6
6.800000 0 355.1 60.2 32.9 38.8
6.833333 0 355.1 60.0 32.9 38.9
6.866667 0 355.2 59.8 32.8 38.8
6.900000 0 346.0 50.0 51.0 54.0
6.933333 0 345.8 49.4 51.6 54.6
6.966667 0 346.0 49.3 51.3 54.2
7.000000 0 345.9 48.9 51.4 54.3
7.033333 0 345.8 48.4 51.7 54.7
7.066667 0 345.9 48.1 51.7 54.6
7.100000 0 346.0 48.1 51.3 54.2
7.133333 0 345.8 47.6 51.7 54.7
7.166667 0 345.9 47.4 51.4 54.4
7.200000 0 345.9 47.5 50.8 53.8
7.233333 0 345.6 47.1 51.2 54.1
7.266667 0 345.1 46.4 52.2 55.1
7.300000 0 345.1 46.4 51.9 54.9
7.333333 0 344.6 46.1 52.3 55.3
7.366667 0 344.6 46.4 51.5 54.5
7.400000 0 344.3 46.4 51.4 54.4
7.433333 0 343.7 46.1 52.1 55.0
7.466667 0 344.0 46.6 50.9 53.9
7.500000 0 344.0 46.5 50.8 53.7
7.533333 0 343.8 46.6 50.6 53.6
7.566667 0 342.9 46.0 51.8 54.8
7.600000 0 343.0 46.1 51.7 54.7
7.633333 0 343.3 46.4 51.3 54.3
7.666667 0 343.3 46.3 51.8 54.8
7.700000 0 343.6 46.6 51.7 54.6
7.733333 0 343.9 46.8 51.8 54.7
7.766667 0 344.8 47.4 50.9 53.8
7.800000 0 344.9 47.1 51.8 54.8
7.833333 0 345.3 47.2 51.9 54.9
7.866667 0 345.7 47.2 52.2 55.2
7.900000 0 346.1 47.3 52.3 55.3
7.933333 0 346.8 47.8 51.9 54.9
7.966667 0 347.2 48.2 51.5 54.6
8.000000 0 347.0 47.8 52.6 55.6
8.033333 0 347.2 47.9 52.8 55.9
8.066667 0 347.4 48.1 52.9 56.0
8.100000 0 347.7 48.4 52.8 55.8
8.133333 0 347.8 48.4 53.4 56.5
8.166667 0 347.8 48.2 54.1 57.3
8.200000 0 347.6 48.0 55.1 58.2
8.233333 0 348.0 48.2 55.0 58.2
8.266667 0 348.1 48.3 55.3 58.5
8.300000 0 347.7 47.9 56.6 59.9
8.333333 0 347.4 47.3 58.2 61.4
8.366667 0 348.2 48.2 57.1 60.4
8.400000 0 347.8 48.1 58.2 61.5
8.433333 0 347.4 48.1 58.9 62.2
8.466667 0 346.6 48.2 59.6 62.9
8.500000 0 346.1 48.5 59.7 63.1
8.533333 0 345.1 48.4 60.8 64.1
8.566667 0 344.5 48.6 61.4 64.8
8.600000 0 344.3 49.1 61.1 64.6
8.633333 0 343.2 48.9 62.5 65.8
8.666667 0 342.9 49.0 62.9 66.3
8.700000 0 342.4 49.0 63.8 67.2
8.733333 0 342.2 49.0 64.4 67.8
8.766667 0 342.3 49.1 64.6 68.1
8.800000 0 342.5 49.4 64.4 67.9
8.833333 0 342.4 49.4 64.9 68.4
8.866667 0 342.3 49.4 65.3 68.9
8.900000 0 342.1 49.3 66.3 69.9
8.933333 0 342.1 49.5 66.8 70.3
8.966667 0 342.1 49.8 67.0 70.6
9.000000 0 342.3 50.4 66.9 70.5
9.033333 0 342.2 51.0 67.1 70.7
9.066667 0 342.0 51.5 67.7 71.3
9.100000 0 342.0 52.0 68.1 71.7
9.133333 0 342.0 52.7 68.5 72.1
9.166667 0 341.9 53.0 69.0 72.5
9.200000 0 342.3 53.7 68.5 72.1
9.233333 0 342.4 53.9 68.7 72.3
9.266667 0 342.8 54.5 68.3 72.0
9.300000 0 342.7 54.4 69.0 72.6
9.333333 0 342.5 54.7 69.5 73.1
9.366667 0 342.7 55.1 69.6 73.1
9.400000 0 342.7 55.3 69.8 73.3
9.433333 0 343.2 56.2 69.0 72.6
9.466667 0 343.0 56.5 69.3 73.0
9.500000 0 343.3 57.3 69.0 72.6
9.533333 0 343.3 58.0 69.1 72.8
9.566667 0 342.7 58.3 69.9 73.5
9.600000 0 342.3 59.3 69.6 73.2
9.633333 0 341.7 59.9 69.7 73.2
9.666667 0 341.2 60.4 69.9 73.5
9.700000 0 340.4 60.8 69.9 73.5
9.733333 0 339.4 61.2 70.0 73.6
9.766667 0 338.5 62.0 69.7 73.3
9.800000 0 337.6 62.5 69.9 73.5
9.833333 0 336.5 63.3 70.2 73.8
9.866667 0 335.1 64.3 70.4 74.1
9.900000 0 334.2 66.0 69.4 73.1
9.933333 0 332.3 66.3 70.4 74.0
9.966667 0 331.1 67.1 70.5 74.2
10.000000 0 330.7 68.4 70.0 73.6
10.033333 0 330.5 69.4 70.2 73.8
10.066667 0 330.3 67.3 70.0 76.5
10.100000 0 330.2 70.3 70.0 74.8
10.133333 0 330.2 70.3 69.0 76.8
10.166667 0 329.9 71.1 69.0 77.4
10.200000 0 330.1 71.1 70.0 79.5
10.233333 0 331.0 71.1 69.0 80.1
10.266667 0 331.1 71.8 70.0 81.5
10.300000 0 331.2 73.3 70.0 81.3
10.333333 0 331.8 77.1 70.0 80.2
10.366667 0 332.1 71.8 70.0 90.7
10.400000 0 333.1 78.6 71.0 84.7
10.433333 0 334.6 81.6 70.0 84.0
10.466667 0 335.5 80.8 71.0 87.7
10.500000 0 336.3 83.8 71.0 87.0
10.533333 0 333.0 83.8 79.5 90.7
