0.000000 0 288.0 219.0 158.0 79.0
0.033333 0 287.2 218.8 160.4 80.2
0.066667 0 286.4 218.6 162.8 81.4
0.100000 0 285.6 218.4 165.2 82.6
0.133333 0 284.8 218.2 167.6 83.8
0.166667 0 284.0 218.0 170.0 85.0
0.200000 0 283.4 217.9 171.5 85.8
0.233333 0 282.8 217.8 173.0 86.6
0.266667 0 282.2 217.7 174.5 87.4
0.300000 0 281.6 217.6 176.0 88.2
0.333333 0 281.0 217.5 177.5 89.0
0.366667 0 280.4 217.4 179.0 89.8
0.400000 0 279.8 217.3 180.5 90.6
0.433333 0 279.2 217.2 182.0 91.4
0.466667 0 278.6 217.1 183.5 92.2
0.500000 0 278.0 217.0 185.0 93.0
0.533333 0 276.1 216.7 187.9 93.6
0.566667 0 274.2 216.3 190.8 94.1
0.600000 0 272.3 216.0 193.7 94.7
0.633333 0 270.4 215.7 196.6 95.2
0.666667 0 268.6 215.3 199.4 95.8
0.700000 0 266.7 215.0 202.3 96.3
0.733333 0 264.8 214.7 205.2 96.9
0.766667 0 262.9 214.3 208.1 97.4
0.800000 0 261.0 214.0 211.0 98.0
0.833333 0 260.9 214.6 211.4 99.2
0.866667 0 260.8 215.2 211.8 100.4
0.900000 0 260.7 215.8 212.2 101.6
0.933333 0 260.6 216.4 212.6 102.8
0.966667 0 260.5 217.0 213.0 104.0
1.000000 0 260.4 217.6 213.4 105.2
1.033333 0 260.3 218.2 213.8 106.4
1.066667 0 260.2 218.8 214.2 107.6
1.100000 0 260.1 219.4 214.6 108.8
1.133333 0 260.0 220.0 215.0 110.0
1.166667 0 259.0 220.9 217.2 111.1
1.200000 0 258.0 221.9 219.4 112.3
1.233333 0 257.0 222.8 221.6 113.4
1.266667 0 256.0 223.7 223.9 114.6
1.300000 0 255.0 224.6 226.1 115.7
1.333333 0 254.0 225.6 228.3 116.9
1.366667 0 253.0 226.5 230.5 118.0
1.400000 0 252.0 227.4 232.7 119.1
1.433333 0 251.0 228.4 234.9 120.3
1.466667 0 250.0 229.3 237.1 121.4
1.500000 0 249.0 230.2 239.4 122.6
1.533333 0 248.0 231.1 241.6 123.7
1.566667 0 247.0 232.1 243.8 124.9
1.600000 0 246.0 233.0 246.0 126.0
1.633333 0 244.6 234.7 249.2 125.7
1.666667 0 243.1 236.3 252.4 125.3
1.700000 0 241.7 238.0 255.7 125.0
1.733333 0 240.2 239.7 258.9 124.7
1.766667 0 238.8 241.3 262.1 124.3
1.800000 0 237.3 243.0 265.3 124.0
1.833333 0 235.9 244.7 268.6 123.7
1.866667 0 234.4 246.3 271.8 123.3
1.900000 0 233.0 248.0 275.0 123.0
1.933333 0 231.4 248.2 278.0 125.2
1.966667 0 229.7 248.4 281.0 127.4
2.000000 0 228.1 248.5 284.0 129.5
2.033333 0 226.5 248.7 287.0 131.7
2.066667 0 224.8 248.9 290.0 133.9
2.100000 0 223.2 249.1 293.0 136.1
2.133333 0 221.5 249.3 296.0 138.3
2.166667 0 219.9 249.5 299.0 140.5
2.200000 0 218.3 249.6 302.0 142.6
2.233333 0 216.6 249.8 305.0 144.8
2.266667 0 215.0 250.0 308.0 147.0
2.300000 0 214.7 250.3 311.0 148.9
2.333333 0 214.3 250.7 314.0 150.8
2.366667 0 214.0 251.0 317.0 152.7
2.400000 0 213.7 251.3 320.0 154.6
2.433333 0 213.3 251.7 323.0 156.4
2.466667 0 213.0 252.0 326.0 158.3
2.500000 0 212.7 252.3 329.0 160.2
2.533333 0 212.3 252.7 332.0 162.1
2.566667 0 212.0 253.0 335.0 164.0
2.600000 0 210.6 251.6 339.6 166.4
2.633333 0 209.1 250.1 344.1 168.9
2.666667 0 207.7 248.7 348.7 171.3
2.700000 0 206.2 247.2 353.2 173.8
2.733333 0 204.8 245.8 357.8 176.2
2.766667 0 203.3 244.3 362.3 178.7
2.800000 0 201.9 242.9 366.9 181.1
2.833333 0 200.4 241.4 371.4 183.6
2.866667 0 199.0 240.0 376.0 186.0
2.900000 0 260.0 192.0 74.0 43.0
2.933333 0 260.5 193.0 75.0 43.7
2.966667 0 261.0 194.0 76.0 44.3
3.000000 0 261.5 195.0 77.0 45.0
3.033333 0 262.0 196.0 78.0 45.7
3.066667 0 262.5 197.0 79.0 46.3
3.100000 0 263.0 198.0 80.0 47.0
3.133333 0 263.1 199.3 79.1 46.4
3.166667 0 263.3 200.6 78.3 45.9
3.200000 0 263.4 201.9 77.4 45.3
3.233333 0 263.6 203.1 76.6 44.7
3.266667 0 263.7 204.4 75.7 44.1
3.300000 0 263.9 205.7 74.9 43.6
3.333333 0 264.0 207.0 74.0 43.0
3.366667 0 263.6 208.0 74.6 42.9
3.400000 0 263.1 209.0 75.1 42.7
3.433333 0 262.7 210.0 75.7 42.6
3.466667 0 262.3 211.0 76.3 42.4
3.500000 0 261.9 212.0 76.9 42.3
3.533333 0 261.4 213.0 77.4 42.1
3.566667 0 261.0 214.0 78.0 42.0
3.600000 0 261.3 215.2 78.4 41.9
3.633333 0 261.7 216.4 78.9 41.8
3.666667 0 262.0 217.7 79.3 41.7
3.700000 0 262.3 218.9 79.8 41.6
3.733333 0 262.7 220.1 80.2 41.4
3.766667 0 263.0 221.3 80.7 41.3
3.800000 0 263.3 222.6 81.1 41.2
3.833333 0 263.7 223.8 81.6 41.1
3.866667 0 264.0 225.0 82.0 41.0
3.900000 0 264.2 225.3 82.1 40.7
3.933333 0 264.4 225.6 82.2 40.4
3.966667 0 264.6 225.9 82.3 40.1
4.000000 0 264.8 226.2 82.4 39.8
4.033333 0 265.0 226.5 82.5 39.5
4.066667 0 265.2 226.8 82.6 39.2
4.100000 0 265.4 227.1 82.7 38.9
4.133333 0 265.6 227.4 82.8 38.6
4.166667 0 265.8 227.7 82.9 38.3
4.200000 0 266.0 228.0 83.0 38.0
4.233333 0 266.0 227.7 83.7 38.7
4.266667 0 266.0 227.3 84.5 39.3
4.300000 0 266.0 227.0 85.2 40.0
4.333333 0 266.0 226.7 85.9 40.7
4.366667 0 266.0 226.3 86.7 41.3
4.400000 0 266.0 226.0 87.4 42.0
4.433333 0 266.0 225.7 88.1 42.7
4.466667 0 266.0 225.3 88.9 43.3
4.500000 0 266.0 225.0 89.6 44.0
4.533333 0 266.0 224.7 90.3 44.7
4.566667 0 266.0 224.3 91.1 45.3
4.600000 0 266.0 224.0 91.8 46.0
4.633333 0 266.0 223.7 92.5 46.7
4.666667 0 266.0 223.3 93.3 47.3
4.700000 0 266.0 223.0 94.0 48.0
4.733333 0 265.9 223.3 95.1 48.1
4.766667 0 265.9 223.6 96.2 48.1
4.800000 0 265.8 223.9 97.4 48.2
4.833333 0 265.8 224.2 98.5 48.2
4.866667 0 265.7 224.6 99.6 48.3
4.900000 0 265.6 224.9 100.7 48.4
4.933333 0 265.6 225.2 101.9 48.4
4.966667 0 265.5 225.5 103.0 48.5
5.000000 0 265.4 225.8 104.1 48.6
5.033333 0 265.4 226.1 105.2 48.6
5.066667 0 265.3 226.4 106.4 48.7
5.100000 0 265.3 226.7 107.5 48.7
5.133333 0 265.2 227.1 108.6 48.8
5.166667 0 265.1 227.4 109.7 48.9
5.200000 0 265.1 227.7 110.9 48.9
5.233333 0 265.0 228.0 112.0 49.0
5.266667 0 264.9 227.2 112.4 49.4
5.300000 0 264.8 226.4 112.8 49.8
5.333333 0 264.6 225.5 113.2 50.2
5.366667 0 264.5 224.7 113.6 50.6
5.400000 0 264.4 223.9 114.1 51.1
5.433333 0 264.3 223.1 114.5 51.5
5.466667 0 264.2 222.2 114.9 51.9
5.500000 0 264.1 221.4 115.3 52.3
5.533333 0 263.9 220.6 115.7 52.7
5.566667 0 263.8 219.8 116.1 53.1
5.600000 0 263.7 218.9 116.5 53.5
5.633333 0 263.6 218.1 116.9 53.9
5.666667 0 263.5 217.3 117.4 54.4
5.700000 0 263.4 216.5 117.8 54.8
5.733333 0 263.2 215.6 118.2 55.2
5.766667 0 263.1 214.8 118.6 55.6
5.800000 0 263.0 214.0 119.0 56.0
5.833333 0 255.0 239.0 186.0 91.0
5.866667 0 257.2 237.6 186.0 91.0
5.900000 0 259.4 236.2 186.0 91.0
5.933333 0 261.6 234.8 186.0 91.0
5.966667 0 263.8 233.4 186.0 91.0
6.000000 0 266.0 232.0 186.0 91.0
6.033333 0 266.3 232.0 185.6 90.3
6.066667 0 266.6 232.0 185.1 89.6
6.100000 0 266.9 232.0 184.7 88.9
6.133333 0 267.1 232.0 184.3 88.1
6.166667 0 267.4 232.0 183.9 87.4
6.200000 0 267.7 232.0 183.4 86.7
6.233333 0 268.0 232.0 183.0 86.0
6.266667 0 265.2 230.1 184.1 87.0
6.300000 0 262.4 228.2 185.2 88.0
6.333333 0 259.7 226.3 186.3 89.0
6.366667 0 256.9 224.4 187.4 90.0
6.400000 0 254.1 222.6 188.6 91.0
6.433333 0 251.3 220.7 189.7 92.0
6.466667 0 248.6 218.8 190.8 93.0
6.500000 0 245.8 216.9 191.9 94.0
6.533333 0 243.0 215.0 193.0 95.0
6.566667 0 243.7 215.2 192.9 95.0
6.600000 0 244.5 215.4 192.8 95.0
6.633333 0 245.2 215.5 192.7 95.0
6.666667 0 245.9 215.7 192.6 95.0
6.700000 0 246.6 215.9 192.5 95.0
6.733333 0 247.4 216.1 192.5 95.0
6.766667 0 248.1 216.3 192.4 95.0
6.800000 0 248.8 216.5 192.3 95.0
6.833333 0 249.5 216.6 192.2 95.0
6.866667 0 250.3 216.8 192.1 95.0
6.900000 0 251.0 217.0 192.0 95.0
6.933333 0 249.3 217.1 193.2 95.3
6.966667 0 247.7 217.2 194.4 95.7
7.000000 0 246.0 217.3 195.7 96.0
7.033333 0 244.3 217.4 196.9 96.3
7.066667 0 242.7 217.6 198.1 96.7
7.100000 0 241.0 217.7 199.3 97.0
7.133333 0 239.3 217.8 200.6 97.3
7.166667 0 237.7 217.9 201.8 97.7
7.200000 0 236.0 218.0 203.0 98.0
7.233333 0 236.0 218.6 204.3 97.4
7.266667 0 236.0 219.1 205.7 96.9
7.300000 0 236.0 219.7 207.0 96.3
7.333333 0 236.0 220.2 208.3 95.8
7.366667 0 236.0 220.8 209.7 95.2
7.400000 0 236.0 221.3 211.0 94.7
7.433333 0 236.0 221.9 212.3 94.1
7.466667 0 236.0 222.4 213.7 93.6
7.500000 0 236.0 223.0 215.0 93.0
7.533333 0 236.3 223.0 211.7 94.2
7.566667 0 236.7 223.0 208.3 95.3
7.600000 0 237.0 223.0 205.0 96.5
7.633333 0 237.3 223.0 201.7 97.7
7.666667 0 237.7 223.0 198.3 98.8
7.700000 0 238.0 223.0 195.0 100.0
7.733333 0 235.5 223.4 198.2 100.4
7.766667 0 233.0 223.7 201.5 100.7
7.800000 0 230.5 224.1 204.7 101.1
7.833333 0 228.0 224.5 208.0 101.5
7.866667 0 225.5 224.9 211.2 101.9
7.900000 0 223.0 225.2 214.5 102.2
7.933333 0 220.5 225.6 217.7 102.6
7.966667 0 218.0 226.0 221.0 103.0
8.000000 0 217.8 227.0 220.1 102.2
8.033333 0 217.6 228.0 219.2 101.4
8.066667 0 217.4 229.0 218.3 100.6
8.100000 0 217.2 230.0 217.4 99.8
8.133333 0 217.0 231.0 216.5 99.0
8.166667 0 216.8 232.0 215.6 98.2
8.200000 0 216.6 233.0 214.7 97.4
8.233333 0 216.4 234.0 213.8 96.6
8.266667 0 216.2 235.0 212.9 95.8
8.300000 0 216.0 236.0 212.0 95.0
8.333333 0 216.2 235.7 212.1 95.5
8.366667 0 216.4 235.4 212.3 96.0
8.400000 0 216.6 235.1 212.4 96.5
8.433333 0 216.9 234.9 212.6 97.0
8.466667 0 217.1 234.6 212.7 97.5
8.500000 0 217.3 234.3 212.9 98.0
8.533333 0 217.5 234.0 213.0 98.5
8.566667 0 217.7 233.7 213.1 99.0
8.600000 0 217.9 233.4 213.3 99.5
8.633333 0 218.1 233.1 213.4 100.0
8.666667 0 218.4 232.9 213.6 100.5
8.700000 0 218.6 232.6 213.7 101.0
8.733333 0 218.8 232.3 213.9 101.5
8.766667 0 219.0 232.0 214.0 102.0
8.800000 0 268.0 200.0 51.0 37.0
8.833333 0 268.9 199.5 50.9 37.2
8.866667 0 269.8 198.9 50.8 37.4
8.900000 0 270.7 198.4 50.7 37.5
8.933333 0 271.6 197.8 50.6 37.7
8.966667 0 272.5 197.3 50.5 37.9
9.000000 0 273.5 196.7 50.5 38.1
9.033333 0 274.4 196.2 50.4 38.3
9.066667 0 275.3 195.6 50.3 38.5
9.100000 0 276.2 195.1 50.2 38.6
9.133333 0 277.1 194.5 50.1 38.8
9.166667 0 278.0 194.0 50.0 39.0
9.200000 0 278.4 194.2 50.3 39.2
9.233333 0 278.8 194.4 50.6 39.4
9.266667 0 279.2 194.6 50.9 39.6
9.300000 0 279.6 194.8 51.2 39.8
9.333333 0 280.0 195.0 51.5 40.0
9.366667 0 280.4 195.2 51.8 40.2
9.400000 0 280.8 195.4 52.1 40.4
9.433333 0 281.2 195.6 52.4 40.6
9.466667 0 281.6 195.8 52.7 40.8
9.500000 0 282.0 196.0 53.0 41.0
9.533333 0 282.8 196.4 52.8 40.7
9.566667 0 283.6 196.7 52.6 40.5
9.600000 0 284.5 197.1 52.5 40.2
9.633333 0 285.3 197.5 52.3 39.9
9.666667 0 286.1 197.8 52.1 39.6
9.700000 0 286.9 198.2 51.9 39.4
9.733333 0 287.7 198.5 51.7 39.1
9.766667 0 288.5 198.9 51.5 38.8
9.800000 0 289.4 199.3 51.4 38.5
9.833333 0 290.2 199.6 51.2 38.3
9.866667 0 291.0 200.0 51.0 38.0
9.900000 0 292.1 199.9 50.6 38.4
9.933333 0 293.2 199.8 50.2 38.8
9.966667 0 294.3 199.7 49.8 39.2
10.000000 0 295.4 199.6 49.4 39.6
10.033333 0 296.5 199.5 49.0 40.0
10.066667 0 297.6 199.4 48.6 40.4
10.100000 0 298.7 199.3 48.2 40.8
10.133333 0 299.8 199.2 47.8 41.2
10.166667 0 300.9 199.1 47.4 41.6
10.200000 0 302.0 199.0 47.0 42.0
10.233333 0 301.8 200.7 46.9 41.2
10.266667 0 301.6 202.3 46.8 40.4
10.300000 0 301.3 204.0 46.7 39.7
10.333333 0 301.1 205.7 46.6 38.9
10.366667 0 300.9 207.3 46.4 38.1
10.400000 0 300.7 209.0 46.3 37.3
10.433333 0 300.4 210.7 46.2 36.6
10.466667 0 300.2 212.3 46.1 35.8
10.500000 0 300.0 214.0 46.0 35.0
10.533333 0 299.3 214.8 46.2 35.0
10.566667 0 298.7 215.5 46.5 35.0
10.600000 0 298.0 216.2 46.8 35.0
10.633333 0 297.3 217.0 47.0 35.0
10.666667 0 296.7 217.8 47.2 35.0
10.700000 0 296.0 218.5 47.5 35.0
10.733333 0 295.3 219.2 47.8 35.0
10.766667 0 294.7 220.0 48.0 35.0
10.800000 0 294.0 220.8 48.2 35.0
10.833333 0 293.3 221.5 48.5 35.0
10.866667 0 292.7 222.2 48.8 35.0
10.900000 0 292.0 223.0 49.0 35.0
