0.000000 0 591.0 97.0 23.0 23.0
0.033333 0 589.4 98.1 22.9 22.9
0.066667 0 587.8 99.1 22.8 22.8
0.100000 0 586.2 100.2 22.7 22.7
0.133333 0 584.6 101.2 22.5 22.7
0.166667 0 583.0 102.3 22.4 22.6
0.200000 0 581.4 103.3 22.3 22.5
0.233333 0 579.8 104.4 22.2 22.4
0.266667 0 578.2 105.5 22.1 22.3
0.300000 0 576.6 106.5 22.0 22.2
0.333333 0 575.0 107.6 21.9 22.1
0.366667 0 573.4 108.6 21.7 22.1
0.400000 0 571.8 109.7 21.6 22.0
0.433333 0 570.2 110.7 21.5 21.9
0.466667 0 568.6 111.8 21.4 21.8
0.500000 0 567.0 112.9 21.3 21.7
0.533333 0 565.4 113.9 21.2 21.6
0.566667 0 563.8 115.0 21.1 21.5
0.600000 0 562.2 116.0 20.9 21.5
0.633333 0 560.6 117.1 20.8 21.4
0.666667 0 559.0 118.1 20.7 21.3
0.700000 0 557.4 119.2 20.6 21.2
0.733333 0 555.8 120.3 20.5 21.1
0.766667 0 554.2 121.3 20.4 21.0
0.800000 0 552.6 122.4 20.3 20.9
0.833333 0 551.0 123.4 20.1 20.9
0.866667 0 549.4 124.5 20.0 20.8
0.900000 0 547.8 125.5 19.9 20.7
0.933333 0 546.2 126.6 19.8 20.6
0.966667 0 544.6 127.7 19.7 20.5
1.000000 0 543.0 128.7 19.6 20.4
1.033333 0 541.4 129.8 19.5 20.3
1.066667 0 539.8 130.8 19.3 20.3
1.100000 0 538.2 131.9 19.2 20.2
1.133333 0 536.6 132.9 19.1 20.1
1.166667 0 535.0 134.0 19.0 20.0
1.200000 0 533.5 134.9 19.1 20.0
1.233333 0 531.9 135.9 19.1 20.1
1.266667 0 530.4 136.8 19.2 20.1
1.300000 0 528.8 137.7 19.3 20.1
1.333333 0 527.3 138.7 19.3 20.2
1.366667 0 525.7 139.6 19.4 20.2
1.400000 0 524.2 140.5 19.5 20.2
1.433333 0 522.6 141.5 19.5 20.3
1.466667 0 521.1 142.4 19.6 20.3
1.500000 0 519.5 143.4 19.6 20.3
1.533333 0 518.0 144.3 19.7 20.4
1.566667 0 516.4 145.2 19.8 20.4
1.600000 0 514.9 146.2 19.8 20.4
1.633333 0 513.3 147.1 19.9 20.5
1.666667 0 511.8 148.0 20.0 20.5
1.700000 0 510.2 149.0 20.0 20.5
1.733333 0 508.7 149.9 20.1 20.5
1.766667 0 507.1 150.8 20.2 20.6
1.800000 0 505.6 151.8 20.2 20.6
1.833333 0 504.0 152.7 20.3 20.6
1.866667 0 502.5 153.6 20.4 20.7
1.900000 0 500.9 154.6 20.4 20.7
1.933333 0 499.4 155.5 20.5 20.7
1.966667 0 497.8 156.5 20.5 20.8
2.000000 0 496.3 157.4 20.6 20.8
2.033333 0 494.7 158.3 20.7 20.8
2.066667 0 493.2 159.3 20.7 20.9
2.100000 0 491.6 160.2 20.8 20.9
2.133333 0 490.1 161.1 20.9 20.9
2.166667 0 488.5 162.1 20.9 21.0
2.200000 0 487.0 163.0 21.0 21.0
2.233333 0 485.6 164.0 21.1 21.0
2.266667 0 484.3 164.9 21.2 21.1
2.300000 0 482.9 165.9 21.4 21.1
2.333333 0 481.6 166.8 21.5 21.2
2.366667 0 480.2 167.8 21.6 21.2
2.400000 0 478.9 168.7 21.7 21.3
2.433333 0 477.5 169.7 21.8 21.3
2.466667 0 476.1 170.6 22.0 21.4
2.500000 0 474.8 171.6 22.1 21.4
2.533333 0 473.4 172.5 22.2 21.5
2.566667 0 472.1 173.5 22.3 21.5
2.600000 0 470.7 174.4 22.4 21.6
2.633333 0 469.4 175.4 22.5 21.6
2.666667 0 468.0 176.3 22.7 21.7
2.700000 0 466.6 177.3 22.8 21.7
2.733333 0 465.3 178.2 22.9 21.8
2.766667 0 463.9 179.2 23.0 21.8
2.800000 0 462.6 180.1 23.1 21.9
2.833333 0 461.2 181.1 23.3 21.9
2.866667 0 459.9 182.0 23.4 22.0
2.900000 0 458.5 183.0 23.5 22.0
2.933333 0 457.1 184.0 23.6 22.0
2.966667 0 455.8 184.9 23.7 22.1
3.000000 0 454.4 185.9 23.9 22.1
3.033333 0 453.1 186.8 24.0 22.2
3.066667 0 451.7 187.8 24.1 22.2
3.100000 0 450.4 188.7 24.2 22.3
3.133333 0 449.0 189.7 24.3 22.3
3.166667 0 447.6 190.6 24.5 22.4
3.200000 0 446.3 191.6 24.6 22.4
3.233333 0 444.9 192.5 24.7 22.5
3.266667 0 443.6 193.5 24.8 22.5
3.300000 0 442.2 194.4 24.9 22.6
3.333333 0 440.9 195.4 25.0 22.6
3.366667 0 439.5 196.3 25.2 22.7
3.400000 0 438.1 197.3 25.3 22.7
3.433333 0 436.8 198.2 25.4 22.8
3.466667 0 435.4 199.2 25.5 22.8
3.500000 0 434.1 200.1 25.6 22.9
3.533333 0 432.7 201.1 25.8 22.9
3.566667 0 431.4 202.0 25.9 23.0
3.600000 0 430.0 203.0 26.0 23.0
3.633333 0 428.6 203.8 26.1 23.1
3.666667 0 427.3 204.6 26.1 23.1
3.700000 0 425.9 205.3 26.2 23.2
3.733333 0 424.5 206.1 26.2 23.3
3.766667 0 423.1 206.9 26.3 23.3
3.800000 0 421.8 207.7 26.3 23.4
3.833333 0 420.4 208.5 26.4 23.5
3.866667 0 419.0 209.2 26.4 23.5
3.900000 0 417.6 210.0 26.5 23.6
3.933333 0 416.3 210.8 26.5 23.7
3.966667 0 414.9 211.6 26.6 23.7
4.000000 0 413.5 212.4 26.6 23.8
4.033333 0 412.2 213.1 26.7 23.9
4.066667 0 410.8 213.9 26.7 23.9
4.100000 0 409.4 214.7 26.8 24.0
4.133333 0 408.0 215.5 26.8 24.1
4.166667 0 406.7 216.3 26.9 24.2
4.200000 0 405.3 217.0 26.9 24.2
4.233333 0 403.9 217.8 27.0 24.3
4.266667 0 402.5 218.6 27.0 24.4
4.300000 0 401.2 219.4 27.1 24.4
4.333333 0 399.8 220.2 27.1 24.5
4.366667 0 398.4 220.9 27.2 24.6
4.400000 0 397.1 221.7 27.2 24.6
4.433333 0 395.7 222.5 27.3 24.7
4.466667 0 394.3 223.3 27.3 24.8
4.500000 0 392.9 224.1 27.4 24.8
4.533333 0 391.6 224.8 27.4 24.9
4.566667 0 390.2 225.6 27.5 25.0
4.600000 0 388.8 226.4 27.5 25.0
4.633333 0 387.4 227.2 27.6 25.1
4.666667 0 386.1 227.9 27.6 25.2
4.700000 0 384.7 228.7 27.7 25.2
4.733333 0 383.3 229.5 27.7 25.3
4.766667 0 381.9 230.3 27.8 25.4
4.800000 0 380.6 231.1 27.8 25.4
4.833333 0 379.2 231.8 27.9 25.5
4.866667 0 377.8 232.6 27.9 25.6
4.900000 0 376.5 233.4 28.0 25.6
4.933333 0 375.1 234.2 28.0 25.7
4.966667 0 373.7 235.0 28.1 25.8
5.000000 0 372.3 235.7 28.1 25.8
5.033333 0 371.0 236.5 28.2 25.9
5.066667 0 369.6 237.3 28.2 26.0
5.100000 0 368.2 238.1 28.3 26.1
5.133333 0 366.8 238.9 28.3 26.1
5.166667 0 365.5 239.6 28.4 26.2
5.200000 0 364.1 240.4 28.4 26.3
5.233333 0 362.7 241.2 28.5 26.3
5.266667 0 361.4 242.0 28.5 26.4
5.300000 0 360.0 242.8 28.6 26.5
5.333333 0 358.6 243.5 28.6 26.5
5.366667 0 357.2 244.3 28.7 26.6
5.400000 0 355.9 245.1 28.7 26.7
5.433333 0 354.5 245.9 28.8 26.7
5.466667 0 353.1 246.7 28.8 26.8
5.500000 0 351.7 247.4 28.9 26.9
5.533333 0 350.4 248.2 28.9 26.9
5.566667 0 349.0 249.0 29.0 27.0
5.600000 0 347.8 249.7 29.0 27.0
5.633333 0 346.6 250.4 29.0 26.9
5.666667 0 345.5 251.1 29.0 26.9
5.700000 0 344.3 251.8 29.0 26.8
5.733333 0 343.1 252.5 28.9 26.8
5.766667 0 341.9 253.2 28.9 26.7
5.800000 0 340.7 254.0 28.9 26.7
5.833333 0 339.5 254.7 28.9 26.6
5.866667 0 338.4 255.4 28.9 26.6
5.900000 0 337.2 256.1 28.9 26.5
5.933333 0 336.0 256.8 28.9 26.5
5.966667 0 334.8 257.5 28.9 26.4
6.000000 0 333.6 258.2 28.8 26.4
6.033333 0 332.4 258.9 28.8 26.3
6.066667 0 331.3 259.6 28.8 26.3
6.100000 0 330.1 260.3 28.8 26.2
6.133333 0 328.9 261.0 28.8 26.2
6.166667 0 327.7 261.7 28.8 26.1
6.200000 0 326.5 262.4 28.8 26.1
6.233333 0 325.3 263.1 28.8 26.0
6.266667 0 324.2 263.9 28.7 26.0
6.300000 0 323.0 264.6 28.7 25.9
6.333333 0 321.8 265.3 28.7 25.9
6.366667 0 320.6 266.0 28.7 25.8
6.400000 0 319.4 266.7 28.7 25.8
6.433333 0 318.2 267.4 28.7 25.7
6.466667 0 317.1 268.1 28.7 25.7
6.500000 0 315.9 268.8 28.7 25.6
6.533333 0 314.7 269.5 28.6 25.6
6.566667 0 313.5 270.2 28.6 25.5
6.600000 0 312.3 270.9 28.6 25.5
6.633333 0 311.1 271.6 28.6 25.4
6.666667 0 310.0 272.3 28.6 25.4
6.700000 0 308.8 273.0 28.6 25.3
6.733333 0 307.6 273.8 28.6 25.3
6.766667 0 306.4 274.5 28.6 25.2
6.800000 0 305.2 275.2 28.5 25.2
6.833333 0 304.0 275.9 28.5 25.1
6.866667 0 302.9 276.6 28.5 25.1
6.900000 0 301.7 277.3 28.5 25.0
6.933333 0 300.5 278.0 28.5 25.0
6.966667 0 299.3 278.7 28.5 25.0
7.000000 0 298.1 279.4 28.5 24.9
7.033333 0 297.0 280.1 28.5 24.9
7.066667 0 295.8 280.8 28.5 24.8
7.100000 0 294.6 281.5 28.4 24.8
7.133333 0 293.4 282.2 28.4 24.7
7.166667 0 292.2 283.0 28.4 24.7
7.200000 0 291.0 283.7 28.4 24.6
7.233333 0 289.9 284.4 28.4 24.6
7.266667 0 288.7 285.1 28.4 24.5
7.300000 0 287.5 285.8 28.4 24.5
7.333333 0 286.3 286.5 28.4 24.4
7.366667 0 285.1 287.2 28.3 24.4
7.400000 0 283.9 287.9 28.3 24.3
7.433333 0 282.8 288.6 28.3 24.3
7.466667 0 281.6 289.3 28.3 24.2
7.500000 0 280.4 290.0 28.3 24.2
7.533333 0 279.2 290.7 28.3 24.1
7.566667 0 278.0 291.4 28.3 24.1
7.600000 0 276.8 292.1 28.3 24.0
7.633333 0 275.7 292.9 28.2 24.0
7.666667 0 274.5 293.6 28.2 23.9
7.700000 0 273.3 294.3 28.2 23.9
7.733333 0 272.1 295.0 28.2 23.8
7.766667 0 270.9 295.7 28.2 23.8
7.800000 0 269.7 296.4 28.2 23.7
7.833333 0 268.6 297.1 28.2 23.7
7.866667 0 267.4 297.8 28.2 23.6
7.900000 0 266.2 298.5 28.1 23.6
7.933333 0 265.0 299.2 28.1 23.5
7.966667 0 263.8 299.9 28.1 23.5
8.000000 0 262.6 300.6 28.1 23.4
8.033333 0 261.5 301.3 28.1 23.4
8.066667 0 260.3 302.0 28.1 23.3
8.100000 0 259.1 302.8 28.1 23.3
8.133333 0 257.9 303.5 28.1 23.2
8.166667 0 256.7 304.2 28.0 23.2
8.200000 0 255.5 304.9 28.0 23.1
8.233333 0 254.4 305.6 28.0 23.1
8.266667 0 253.2 306.3 28.0 23.0
8.300000 0 252.0 307.0 28.0 23.0
8.333333 0 250.8 307.5 28.1 23.1
8.366667 0 249.6 308.0 28.1 23.2
8.400000 0 248.5 308.5 28.2 23.3
8.433333 0 247.3 309.0 28.2 23.4
8.466667 0 246.1 309.5 28.3 23.5
8.500000 0 244.9 310.1 28.4 23.6
8.533333 0 243.8 310.6 28.4 23.7
8.566667 0 242.6 311.1 28.5 23.8
8.600000 0 241.4 311.6 28.5 23.9
8.633333 0 240.2 312.1 28.6 24.0
8.666667 0 239.1 312.6 28.6 24.1
8.700000 0 237.9 313.1 28.7 24.2
8.733333 0 236.7 313.6 28.8 24.3
8.766667 0 235.5 314.1 28.8 24.4
8.800000 0 234.4 314.6 28.9 24.5
8.833333 0 233.2 315.2 28.9 24.6
8.866667 0 232.0 315.7 29.0 24.7
8.900000 0 230.8 316.2 29.1 24.8
8.933333 0 229.6 316.7 29.1 24.9
8.966667 0 228.5 317.2 29.2 25.0
9.000000 0 227.3 317.7 29.2 25.1
9.033333 0 226.1 318.2 29.3 25.2
9.066667 0 224.9 318.7 29.4 25.3
9.100000 0 223.8 319.2 29.4 25.4
9.133333 0 222.6 319.7 29.5 25.5
9.166667 0 221.4 320.3 29.5 25.5
9.200000 0 220.2 320.8 29.6 25.6
9.233333 0 219.1 321.3 29.6 25.7
9.266667 0 217.9 321.8 29.7 25.8
9.300000 0 216.7 322.3 29.8 25.9
9.333333 0 215.5 322.8 29.8 26.0
9.366667 0 214.4 323.3 29.9 26.1
9.400000 0 213.2 323.8 29.9 26.2
9.433333 0 212.0 324.3 30.0 26.3
9.466667 0 210.8 324.8 30.1 26.4
9.500000 0 209.6 325.4 30.1 26.5
9.533333 0 208.5 325.9 30.2 26.6
9.566667 0 207.3 326.4 30.2 26.7
9.600000 0 206.1 326.9 30.3 26.8
9.633333 0 204.9 327.4 30.4 26.9
9.666667 0 203.8 327.9 30.4 27.0
9.700000 0 202.6 328.4 30.5 27.1
9.733333 0 201.4 328.9 30.5 27.2
9.766667 0 200.2 329.4 30.6 27.3
9.800000 0 199.1 329.9 30.6 27.4
9.833333 0 197.9 330.5 30.7 27.5
9.866667 0 196.7 331.0 30.8 27.6
9.900000 0 195.5 331.5 30.8 27.7
9.933333 0 194.4 332.0 30.9 27.8
9.966667 0 193.2 332.5 30.9 27.9
10.000000 0 192.0 333.0 31.0 28.0
