0.000000 0 415.0 409.0 39.0 36.0
0.033333 0 414.0 407.3 38.7 36.3
0.066667 0 413.0 405.7 38.3 36.7
0.100000 0 412.0 404.0 38.0 37.0
0.133333 0 409.0 401.3 37.8 36.7
0.166667 0 406.0 398.6 37.6 36.4
0.200000 0 406.7 397.4 37.0 36.0
0.233333 0 402.2 393.2 37.0 35.0
0.266667 0 399.2 392.7 37.0 35.0
0.300000 0 395.5 388.5 36.0 35.0
0.333333 0 388.0 382.1 36.0 34.0
0.366667 0 388.0 382.4 36.4 34.6
0.400000 0 385.0 379.7 36.2 34.3
0.433333 0 382.0 377.0 36.0 34.0
0.466667 0 380.3 374.7 36.1 34.1
0.500000 0 378.5 372.4 36.2 34.1
0.533333 0 376.8 370.1 36.4 34.2
0.566667 0 375.0 367.8 36.5 34.2
0.600000 0 373.3 365.4 36.6 34.3
0.633333 0 371.5 363.1 36.7 34.4
0.666667 0 369.8 360.8 36.9 34.4
0.700000 0 368.0 358.5 37.0 34.5
0.733333 0 366.3 356.2 37.1 34.6
0.766667 0 364.5 353.9 37.2 34.6
0.800000 0 362.8 351.6 37.4 34.7
0.833333 0 361.0 349.3 37.5 34.7
0.866667 0 359.3 346.9 37.6 34.8
0.900000 0 357.5 344.6 37.7 34.9
0.933333 0 355.8 342.3 37.9 34.9
0.966667 0 354.0 340.0 38.0 35.0
1.000000 0 351.1 337.7 38.2 35.0
1.033333 0 348.2 335.4 38.4 35.0
1.066667 0 345.4 333.1 38.5 35.0
1.100000 0 342.5 330.8 38.7 35.0
1.133333 0 339.6 328.5 38.9 35.0
1.166667 0 336.7 326.2 39.1 35.0
1.200000 0 333.8 323.9 39.2 35.0
1.233333 0 330.9 321.6 39.4 35.0
1.266667 0 328.1 319.4 39.6 35.0
1.300000 0 325.2 317.1 39.8 35.0
1.333333 0 322.3 314.8 39.9 35.0
1.366667 0 319.4 312.5 40.1 35.0
1.400000 0 316.5 310.2 40.3 35.0
1.433333 0 313.6 307.9 40.5 35.0
1.466667 0 310.8 305.6 40.6 35.0
1.500000 0 307.9 303.3 40.8 35.0
1.533333 0 305.0 301.0 41.0 35.0
1.566667 0 302.2 298.2 41.0 35.2
1.600000 0 299.5 295.3 41.0 35.5
1.633333 0 296.7 292.5 41.0 35.7
1.666667 0 293.9 289.6 41.0 35.9
1.700000 0 291.2 286.8 41.0 36.2
1.733333 0 288.4 283.9 41.0 36.4
1.766667 0 285.6 281.1 41.0 36.6
1.800000 0 282.8 278.2 41.0 36.8
1.833333 0 280.1 275.4 41.0 37.1
1.866667 0 277.3 272.5 41.0 37.3
1.900000 0 274.5 269.7 41.0 37.5
1.933333 0 271.8 266.8 41.0 37.8
1.966667 0 269.0 264.0 41.0 38.0
2.000000 0 266.8 261.2 41.1 38.1
2.033333 0 264.7 258.3 41.1 38.2
2.066667 0 262.5 255.5 41.2 38.3
2.100000 0 260.3 252.7 41.2 38.4
2.133333 0 258.2 249.8 41.3 38.6
2.166667 0 256.0 247.0 41.3 38.7
2.200000 0 253.8 244.2 41.4 38.8
2.233333 0 251.7 241.3 41.4 38.9
2.266667 0 249.5 238.5 41.5 39.0
2.300000 0 247.3 235.7 41.6 39.1
2.333333 0 245.2 232.8 41.6 39.2
2.366667 0 243.0 230.0 41.7 39.3
2.400000 0 240.8 227.2 41.7 39.4
2.433333 0 238.7 224.3 41.8 39.6
2.466667 0 236.5 221.5 41.8 39.7
2.500000 0 234.3 218.7 41.9 39.8
2.533333 0 232.2 215.8 41.9 39.9
2.566667 0 230.0 213.0 42.0 40.0
2.600000 0 228.0 210.6 42.2 39.9
2.633333 0 226.0 208.1 42.3 39.9
2.666667 0 224.0 205.7 42.5 39.8
2.700000 0 222.0 203.2 42.7 39.8
2.733333 0 220.0 200.8 42.8 39.7
2.766667 0 218.0 198.3 43.0 39.7
2.800000 0 216.0 195.9 43.2 39.6
2.833333 0 214.0 193.4 43.3 39.6
2.866667 0 212.0 191.0 43.5 39.5
2.900000 0 210.0 188.6 43.7 39.4
2.933333 0 208.0 186.1 43.8 39.4
2.966667 0 206.0 183.7 44.0 39.3
3.000000 0 204.0 181.2 44.2 39.3
3.033333 0 202.0 178.8 44.3 39.2
3.066667 0 200.0 176.3 44.5 39.2
3.100000 0 198.0 173.9 44.7 39.1
3.133333 0 196.0 171.4 44.8 39.1
3.166667 0 194.0 169.0 45.0 39.0
3.200000 0 191.7 166.4 44.9 39.2
3.233333 0 189.4 163.7 44.9 39.4
3.266667 0 187.1 161.1 44.8 39.6
3.300000 0 184.9 158.4 44.7 39.9
3.333333 0 182.6 155.8 44.6 40.1
3.366667 0 180.3 153.1 44.6 40.3
3.400000 0 178.0 150.5 44.5 40.5
3.433333 0 175.7 147.9 44.4 40.7
3.466667 0 173.4 145.2 44.4 40.9
3.500000 0 171.1 142.6 44.3 41.1
3.533333 0 168.9 139.9 44.2 41.4
3.566667 0 166.6 137.3 44.1 41.6
3.600000 0 164.3 134.6 44.1 41.8
3.633333 0 162.0 132.0 44.0 42.0
3.666667 0 159.5 129.3 43.7 41.8
3.700000 0 157.0 126.6 43.4 41.6
3.733333 0 154.5 123.9 43.1 41.4
3.766667 0 152.0 121.2 42.8 41.2
3.800000 0 149.5 118.5 42.5 41.0
3.833333 0 147.0 115.8 42.2 40.8
3.866667 0 144.5 113.1 41.9 40.6
3.900000 0 142.0 110.4 41.6 40.4
3.933333 0 139.5 107.7 41.3 40.2
3.966667 0 137.0 105.0 41.0 40.0
4.000000 0 134.2 102.6 41.6 40.0
4.033333 0 131.5 100.2 42.3 40.0
4.066667 0 128.7 97.9 42.9 40.0
4.100000 0 126.0 95.5 43.5 40.0
4.133333 0 123.2 93.1 44.1 40.0
4.166667 0 120.5 90.7 44.8 40.0
4.200000 0 117.7 88.4 45.4 40.0
4.233333 0 115.0 86.0 46.0 40.0
4.266667 0 112.3 83.3 45.6 40.4
4.300000 0 109.5 80.5 45.3 40.7
4.333333 0 106.8 77.8 44.9 41.1
4.366667 0 104.1 75.1 44.5 41.5
4.400000 0 101.4 72.4 44.2 41.8
4.433333 0 98.6 69.6 43.8 42.2
4.466667 0 95.9 66.9 43.5 42.5
4.500000 0 93.2 64.2 43.1 42.9
4.533333 0 90.5 61.5 42.7 43.3
4.566667 0 87.7 58.7 42.4 43.6
4.600000 0 85.0 56.0 42.0 44.0
4.633333 0 223.0 270.0 21.0 16.0
4.666667 0 223.7 270.0 21.0 16.0
4.700000 0 224.4 270.0 21.0 16.0
4.733333 0 225.1 269.9 21.0 16.1
4.766667 0 225.7 269.9 21.0 16.1
4.800000 0 226.4 269.9 21.0 16.1
4.833333 0 227.1 269.9 21.0 16.1
4.866667 0 227.8 269.9 21.0 16.1
4.900000 0 228.5 269.8 21.0 16.2
4.933333 0 229.2 269.8 21.0 16.2
4.966667 0 229.9 269.8 21.0 16.2
5.000000 0 230.5 269.8 21.0 16.2
5.033333 0 231.2 269.8 21.0 16.2
5.066667 0 231.9 269.7 21.0 16.3
5.100000 0 232.6 269.7 21.0 16.3
5.133333 0 233.3 269.7 21.0 16.3
5.166667 0 234.0 269.7 21.0 16.3
5.200000 0 234.7 269.7 21.0 16.3
5.233333 0 235.4 269.6 21.0 16.4
5.266667 0 236.0 269.6 21.0 16.4
5.300000 0 236.7 269.6 21.0 16.4
5.333333 0 237.4 269.6 21.0 16.4
5.366667 0 238.1 269.6 21.0 16.4
5.400000 0 238.8 269.5 21.0 16.5
5.433333 0 239.5 269.5 21.0 16.5
5.466667 0 240.2 269.5 21.0 16.5
5.500000 0 240.8 269.5 21.0 16.5
5.533333 0 241.5 269.5 21.0 16.5
5.566667 0 242.2 269.5 21.0 16.5
5.600000 0 242.9 269.4 21.0 16.6
5.633333 0 243.6 269.4 21.0 16.6
5.666667 0 244.3 269.4 21.0 16.6
5.700000 0 245.0 269.4 21.0 16.6
5.733333 0 245.6 269.4 21.0 16.6
5.766667 0 246.3 269.3 21.0 16.7
5.800000 0 247.0 269.3 21.0 16.7
5.833333 0 247.7 269.3 21.0 16.7
5.866667 0 248.4 269.3 21.0 16.7
5.900000 0 249.1 269.3 21.0 16.7
5.933333 0 249.8 269.2 21.0 16.8
5.966667 0 250.5 269.2 21.0 16.8
6.000000 0 251.1 269.2 21.0 16.8
6.033333 0 251.8 269.2 21.0 16.8
6.066667 0 252.5 269.2 21.0 16.8
6.100000 0 253.2 269.1 21.0 16.9
6.133333 0 253.9 269.1 21.0 16.9
6.166667 0 254.6 269.1 21.0 16.9
6.200000 0 255.3 269.1 21.0 16.9
6.233333 0 255.9 269.1 21.0 16.9
6.266667 0 256.6 269.0 21.0 17.0
6.300000 0 257.3 269.0 21.0 17.0
6.333333 0 258.0 269.0 21.0 17.0
6.366667 0 258.5 268.9 21.0 17.0
6.400000 0 259.1 268.9 21.0 17.0
6.433333 0 259.6 268.8 21.0 17.0
6.466667 0 260.2 268.7 21.0 17.0
6.500000 0 260.7 268.7 21.0 17.0
6.533333 0 261.3 268.6 21.0 17.0
6.566667 0 261.8 268.5 21.0 17.0
6.600000 0 262.4 268.5 21.0 17.0
6.633333 0 262.9 268.4 21.0 17.0
6.666667 0 263.5 268.4 21.0 17.0
6.700000 0 264.0 268.3 21.0 17.0
6.733333 0 264.6 268.2 21.0 17.0
6.766667 0 265.1 268.2 21.0 17.0
6.800000 0 265.7 268.1 21.0 17.0
6.833333 0 266.2 268.0 21.0 17.0
6.866667 0 266.8 268.0 21.0 17.0
6.900000 0 267.3 267.9 21.0 17.0
6.933333 0 267.9 267.8 21.0 17.0
6.966667 0 268.4 267.8 21.0 17.0
7.000000 0 269.0 267.7 21.0 17.0
7.033333 0 269.5 267.6 21.0 17.0
7.066667 0 270.1 267.6 21.0 17.0
7.100000 0 270.6 267.5 21.0 17.0
7.133333 0 271.2 267.5 21.0 17.0
7.166667 0 271.7 267.4 21.0 17.0
7.200000 0 272.3 267.3 21.0 17.0
7.233333 0 272.8 267.3 21.0 17.0
7.266667 0 273.4 267.2 21.0 17.0
7.300000 0 273.9 267.1 21.0 17.0
7.333333 0 274.5 267.1 21.0 17.0
7.366667 0 275.0 267.0 21.0 17.0
7.400000 0 275.5 267.0 21.0 17.0
7.433333 0 276.0 267.0 21.0 16.9
7.466667 0 276.5 267.0 20.9 16.9
7.500000 0 277.0 267.0 20.9 16.8
7.533333 0 277.4 267.0 20.9 16.8
7.566667 0 277.9 267.0 20.9 16.7
7.600000 0 278.4 267.0 20.8 16.7
7.633333 0 278.9 267.0 20.8 16.6
7.666667 0 279.4 267.0 20.8 16.6
7.700000 0 279.9 267.0 20.8 16.5
7.733333 0 280.4 267.0 20.7 16.5
7.766667 0 280.9 267.0 20.7 16.4
7.800000 0 281.3 267.0 20.7 16.4
7.833333 0 281.8 267.0 20.7 16.3
7.866667 0 282.3 267.0 20.7 16.3
7.900000 0 282.8 267.0 20.6 16.3
7.933333 0 283.3 267.0 20.6 16.2
7.966667 0 283.8 267.0 20.6 16.2
8.000000 0 284.3 267.0 20.6 16.1
8.033333 0 284.8 267.0 20.5 16.1
8.066667 0 285.3 267.0 20.5 16.0
8.100000 0 285.7 267.0 20.5 16.0
8.133333 0 286.2 267.0 20.5 15.9
8.166667 0 286.7 267.0 20.4 15.9
8.200000 0 287.2 267.0 20.4 15.8
8.233333 0 287.7 267.0 20.4 15.8
8.266667 0 288.2 267.0 20.4 15.7
8.300000 0 288.7 267.0 20.3 15.7
8.333333 0 289.2 267.0 20.3 15.7
8.366667 0 289.7 267.0 20.3 15.6
8.400000 0 290.1 267.0 20.3 15.6
8.433333 0 290.6 267.0 20.3 15.5
8.466667 0 291.1 267.0 20.2 15.5
8.500000 0 291.6 267.0 20.2 15.4
8.533333 0 292.1 267.0 20.2 15.4
8.566667 0 292.6 267.0 20.2 15.3
8.600000 0 293.1 267.0 20.1 15.3
8.633333 0 293.6 267.0 20.1 15.2
8.666667 0 294.0 267.0 20.1 15.2
8.700000 0 294.5 267.0 20.1 15.1
8.733333 0 295.0 267.0 20.0 15.1
8.766667 0 295.5 267.0 20.0 15.0
8.800000 0 296.0 267.0 20.0 15.0
8.833333 0 296.5 266.9 20.0 15.1
8.866667 0 296.9 266.9 20.0 15.2
8.900000 0 297.4 266.8 20.0 15.2
8.933333 0 297.9 266.8 20.0 15.3
8.966667 0 298.4 266.7 20.0 15.4
9.000000 0 298.8 266.7 20.0 15.5
9.033333 0 299.3 266.6 20.0 15.6
9.066667 0 299.8 266.6 20.0 15.6
9.100000 0 300.3 266.5 20.0 15.7
9.133333 0 300.7 266.5 20.0 15.8
9.166667 0 301.2 266.4 20.0 15.9
9.200000 0 301.7 266.4 20.0 15.9
9.233333 0 302.2 266.3 20.0 16.0
9.266667 0 302.6 266.3 20.0 16.1
9.300000 0 303.1 266.2 20.0 16.2
9.333333 0 303.6 266.2 20.0 16.3
9.366667 0 304.1 266.1 20.0 16.3
9.400000 0 304.5 266.1 20.0 16.4
9.433333 0 305.0 266.0 20.0 16.5
9.466667 0 305.5 265.9 20.0 16.6
9.500000 0 305.9 265.9 20.0 16.7
9.533333 0 306.4 265.8 20.0 16.7
9.566667 0 306.9 265.8 20.0 16.8
9.600000 0 307.4 265.7 20.0 16.9
9.633333 0 307.8 265.7 20.0 17.0
9.666667 0 308.3 265.6 20.0 17.1
9.700000 0 308.8 265.6 20.0 17.1
9.733333 0 309.3 265.5 20.0 17.2
9.766667 0 309.7 265.5 20.0 17.3
9.800000 0 310.2 265.4 20.0 17.4
9.833333 0 310.7 265.4 20.0 17.4
9.866667 0 311.2 265.3 20.0 17.5
9.900000 0 311.6 265.3 20.0 17.6
9.933333 0 312.1 265.2 20.0 17.7
9.966667 0 312.6 265.2 20.0 17.8
10.000000 0 313.1 265.1 20.0 17.8
10.033333 0 313.5 265.1 20.0 17.9
10.066667 0 314.0 265.0 20.0 18.0
