0.000000 0 281.0 319.0 29.0 20.0
0.033333 0 281.5 319.0 29.0 20.0
0.066667 0 282.0 319.0 29.1 20.0
0.100000 0 282.5 319.0 29.1 20.0
0.133333 0 283.1 319.1 29.2 20.1
0.166667 0 283.6 319.1 29.2 20.1
0.200000 0 284.1 319.1 29.3 20.1
0.233333 0 284.6 319.1 29.3 20.1
0.266667 0 285.1 319.1 29.4 20.1
0.300000 0 285.6 319.1 29.4 20.1
0.333333 0 286.1 319.1 29.4 20.1
0.366667 0 286.7 319.2 29.5 20.2
0.400000 0 287.2 319.2 29.5 20.2
0.433333 0 287.7 319.2 29.6 20.2
0.466667 0 288.2 319.2 29.6 20.2
0.500000 0 288.7 319.2 29.7 20.2
0.533333 0 289.2 319.2 29.7 20.2
0.566667 0 289.7 319.2 29.7 20.2
0.600000 0 290.3 319.3 29.8 20.3
0.633333 0 290.8 319.3 29.8 20.3
0.666667 0 291.3 319.3 29.9 20.3
0.700000 0 291.8 319.3 29.9 20.3
0.733333 0 292.3 319.3 30.0 20.3
0.766667 0 292.8 319.3 30.0 20.3
0.800000 0 293.4 319.4 30.1 20.4
0.833333 0 293.9 319.4 30.1 20.4
0.866667 0 294.4 319.4 30.1 20.4
0.900000 0 294.9 319.4 30.2 20.4
0.933333 0 295.4 319.4 30.2 20.4
0.966667 0 295.9 319.4 30.3 20.4
1.000000 0 296.4 319.4 30.3 20.4
1.033333 0 297.0 319.5 30.4 20.5
1.066667 0 297.5 319.5 30.4 20.5
1.100000 0 298.0 319.5 30.5 20.5
1.133333 0 298.5 319.5 30.5 20.5
1.166667 0 299.0 319.5 30.5 20.5
1.200000 0 299.5 319.5 30.6 20.5
1.233333 0 300.0 319.5 30.6 20.5
1.266667 0 300.6 319.6 30.7 20.6
1.300000 0 301.1 319.6 30.7 20.6
1.333333 0 301.6 319.6 30.8 20.6
1.366667 0 302.1 319.6 30.8 20.6
1.400000 0 302.6 319.6 30.9 20.6
1.433333 0 303.1 319.6 30.9 20.6
1.466667 0 303.6 319.6 30.9 20.6
1.500000 0 304.2 319.7 31.0 20.7
1.533333 0 304.7 319.7 31.0 20.7
1.566667 0 305.2 319.7 31.1 20.7
1.600000 0 305.7 319.7 31.1 20.7
1.633333 0 306.2 319.7 31.2 20.7
1.666667 0 306.7 319.7 31.2 20.7
1.700000 0 307.2 319.7 31.2 20.7
1.733333 0 307.8 319.8 31.3 20.8
1.766667 0 308.3 319.8 31.3 20.8
1.800000 0 308.8 319.8 31.4 20.8
1.833333 0 309.3 319.8 31.4 20.8
1.866667 0 309.8 319.8 31.5 20.8
1.900000 0 310.3 319.8 31.5 20.8
1.933333 0 310.9 319.9 31.6 20.9
1.966667 0 311.4 319.9 31.6 20.9
2.000000 0 311.9 319.9 31.6 20.9
2.033333 0 312.4 319.9 31.7 20.9
2.066667 0 312.9 319.9 31.7 20.9
2.100000 0 313.4 319.9 31.8 20.9
2.133333 0 313.9 319.9 31.8 20.9
2.166667 0 314.5 320.0 31.9 21.0
2.200000 0 315.0 320.0 31.9 21.0
2.233333 0 315.5 320.0 32.0 21.0
2.266667 0 316.0 320.0 32.0 21.0
2.300000 0 316.6 320.0 32.0 21.0
2.333333 0 317.2 320.0 32.0 21.0
2.366667 0 317.8 320.0 32.0 21.0
2.400000 0 318.4 320.0 32.0 21.0
2.433333 0 319.0 320.1 32.1 20.9
2.466667 0 319.6 320.1 32.1 20.9
2.500000 0 320.2 320.1 32.1 20.9
2.533333 0 320.8 320.1 32.1 20.9
2.566667 0 321.4 320.1 32.1 20.9
2.600000 0 322.0 320.1 32.1 20.9
2.633333 0 322.7 320.1 32.1 20.9
2.666667 0 323.3 320.1 32.1 20.9
2.700000 0 323.9 320.2 32.2 20.8
2.733333 0 324.5 320.2 32.2 20.8
2.766667 0 325.1 320.2 32.2 20.8
2.800000 0 325.7 320.2 32.2 20.8
2.833333 0 326.3 320.2 32.2 20.8
2.866667 0 326.9 320.2 32.2 20.8
2.900000 0 327.5 320.2 32.2 20.8
2.933333 0 328.1 320.2 32.2 20.8
2.966667 0 328.7 320.3 32.3 20.7
3.000000 0 329.3 320.3 32.3 20.7
3.033333 0 329.9 320.3 32.3 20.7
3.066667 0 330.5 320.3 32.3 20.7
3.100000 0 331.1 320.3 32.3 20.7
3.133333 0 331.7 320.3 32.3 20.7
3.166667 0 332.3 320.3 32.3 20.7
3.200000 0 332.9 320.3 32.3 20.7
3.233333 0 333.5 320.4 32.4 20.6
3.266667 0 334.1 320.4 32.4 20.6
3.300000 0 334.8 320.4 32.4 20.6
3.333333 0 335.4 320.4 32.4 20.6
3.366667 0 336.0 320.4 32.4 20.6
3.400000 0 336.6 320.4 32.4 20.6
3.433333 0 337.2 320.4 32.4 20.6
3.466667 0 337.8 320.4 32.4 20.6
3.500000 0 338.4 320.5 32.5 20.5
3.533333 0 339.0 320.5 32.5 20.5
3.566667 0 339.6 320.5 32.5 20.5
3.600000 0 340.2 320.5 32.5 20.5
3.633333 0 340.8 320.5 32.5 20.5
3.666667 0 341.4 320.5 32.5 20.5
3.700000 0 342.0 320.5 32.5 20.5
3.733333 0 342.6 320.5 32.5 20.5
3.766667 0 343.2 320.6 32.6 20.4
3.800000 0 343.8 320.6 32.6 20.4
3.833333 0 344.4 320.6 32.6 20.4
3.866667 0 345.0 320.6 32.6 20.4
3.900000 0 345.6 320.6 32.6 20.4
3.933333 0 346.2 320.6 32.6 20.4
3.966667 0 346.9 320.6 32.6 20.4
4.000000 0 347.5 320.6 32.6 20.4
4.033333 0 348.1 320.7 32.7 20.3
4.066667 0 348.7 320.7 32.7 20.3
4.100000 0 349.3 320.7 32.7 20.3
4.133333 0 349.9 320.7 32.7 20.3
4.166667 0 350.5 320.7 32.7 20.3
4.200000 0 351.1 320.7 32.7 20.3
4.233333 0 351.7 320.7 32.7 20.3
4.266667 0 352.3 320.7 32.7 20.3
4.300000 0 352.9 320.8 32.8 20.2
4.333333 0 353.5 320.8 32.8 20.2
4.366667 0 354.1 320.8 32.8 20.2
4.400000 0 354.7 320.8 32.8 20.2
4.433333 0 355.3 320.8 32.8 20.2
4.466667 0 355.9 320.8 32.8 20.2
4.500000 0 356.5 320.8 32.8 20.2
4.533333 0 357.1 320.8 32.8 20.2
4.566667 0 357.7 320.9 32.9 20.1
4.600000 0 358.3 320.9 32.9 20.1
4.633333 0 359.0 320.9 32.9 20.1
4.666667 0 359.6 320.9 32.9 20.1
4.700000 0 360.2 320.9 32.9 20.1
4.733333 0 360.8 320.9 32.9 20.1
4.766667 0 361.4 320.9 32.9 20.1
4.800000 0 362.0 320.9 32.9 20.1
4.833333 0 362.6 321.0 33.0 20.0
4.866667 0 363.2 321.0 33.0 20.0
4.900000 0 363.8 321.0 33.0 20.0
4.933333 0 364.4 321.0 33.0 20.0
4.966667 0 365.0 321.0 33.0 20.0
5.000000 0 365.7 321.0 33.0 20.0
5.033333 0 366.3 321.0 32.9 20.1
5.066667 0 367.0 321.0 32.9 20.1
5.100000 0 367.7 321.1 32.9 20.1
5.133333 0 368.3 321.1 32.8 20.2
5.166667 0 369.0 321.1 32.8 20.2
5.200000 0 369.7 321.1 32.8 20.2
5.233333 0 370.3 321.1 32.8 20.2
5.266667 0 371.0 321.1 32.7 20.3
5.300000 0 371.7 321.2 32.7 20.3
5.333333 0 372.3 321.2 32.7 20.3
5.366667 0 373.0 321.2 32.6 20.4
5.400000 0 373.7 321.2 32.6 20.4
5.433333 0 374.3 321.2 32.6 20.4
5.466667 0 375.0 321.2 32.5 20.5
5.500000 0 375.7 321.2 32.5 20.5
5.533333 0 376.3 321.3 32.5 20.5
5.566667 0 377.0 321.3 32.5 20.5
5.600000 0 377.7 321.3 32.4 20.6
5.633333 0 378.3 321.3 32.4 20.6
5.666667 0 379.0 321.3 32.4 20.6
5.700000 0 379.7 321.3 32.3 20.7
5.733333 0 380.3 321.3 32.3 20.7
5.766667 0 381.0 321.4 32.3 20.7
5.800000 0 381.7 321.4 32.2 20.8
5.833333 0 382.3 321.4 32.2 20.8
5.866667 0 383.0 321.4 32.2 20.8
5.900000 0 383.7 321.4 32.2 20.8
5.933333 0 384.3 321.4 32.1 20.9
5.966667 0 385.0 321.5 32.1 20.9
6.000000 0 385.7 321.5 32.1 20.9
6.033333 0 386.3 321.5 32.0 21.0
6.066667 0 387.0 321.5 32.0 21.0
6.100000 0 387.7 321.5 32.0 21.0
6.133333 0 388.3 321.5 31.9 21.1
6.166667 0 389.0 321.5 31.9 21.1
6.200000 0 389.7 321.6 31.9 21.1
6.233333 0 390.3 321.6 31.8 21.2
6.266667 0 391.0 321.6 31.8 21.2
6.300000 0 391.7 321.6 31.8 21.2
6.333333 0 392.3 321.6 31.8 21.2
6.366667 0 393.0 321.6 31.7 21.3
6.400000 0 393.7 321.7 31.7 21.3
6.433333 0 394.3 321.7 31.7 21.3
6.466667 0 395.0 321.7 31.6 21.4
6.500000 0 395.7 321.7 31.6 21.4
6.533333 0 396.3 321.7 31.6 21.4
6.566667 0 397.0 321.7 31.5 21.5
6.600000 0 397.7 321.7 31.5 21.5
6.633333 0 398.3 321.8 31.5 21.5
6.666667 0 399.0 321.8 31.5 21.5
6.700000 0 399.7 321.8 31.4 21.6
6.733333 0 400.3 321.8 31.4 21.6
6.766667 0 401.0 321.8 31.4 21.6
6.800000 0 401.7 321.8 31.3 21.7
6.833333 0 402.3 321.8 31.3 21.7
6.866667 0 403.0 321.9 31.3 21.7
6.900000 0 403.7 321.9 31.2 21.8
6.933333 0 404.3 321.9 31.2 21.8
6.966667 0 405.0 321.9 31.2 21.8
7.000000 0 405.7 321.9 31.2 21.8
7.033333 0 406.3 321.9 31.1 21.9
7.066667 0 407.0 322.0 31.1 21.9
7.100000 0 407.7 322.0 31.1 21.9
7.133333 0 408.3 322.0 31.0 22.0
7.166667 0 409.0 322.0 31.0 22.0
7.200000 0 409.8 322.0 31.0 22.0
7.233333 0 410.6 322.0 31.1 22.1
7.266667 0 411.3 322.0 31.1 22.1
7.300000 0 412.1 322.0 31.2 22.2
7.333333 0 412.9 322.0 31.2 22.2
7.366667 0 413.7 322.0 31.3 22.3
7.400000 0 414.5 322.0 31.3 22.3
7.433333 0 415.3 322.0 31.3 22.3
7.466667 0 416.0 322.0 31.4 22.4
7.500000 0 416.8 322.0 31.4 22.4
7.533333 0 417.6 322.0 31.5 22.5
7.566667 0 418.4 322.0 31.5 22.5
7.600000 0 419.2 322.0 31.5 22.5
7.633333 0 419.9 322.0 31.6 22.6
7.666667 0 420.7 322.0 31.6 22.6
7.700000 0 421.5 322.0 31.7 22.7
7.733333 0 422.3 322.0 31.7 22.7
7.766667 0 423.1 322.0 31.8 22.8
7.800000 0 423.8 322.0 31.8 22.8
7.833333 0 424.6 322.0 31.8 22.8
7.866667 0 425.4 322.0 31.9 22.9
7.900000 0 426.2 322.0 31.9 22.9
7.933333 0 427.0 322.0 32.0 23.0
7.966667 0 427.8 322.0 32.0 23.0
8.000000 0 428.5 322.0 32.0 23.0
8.033333 0 429.3 322.0 32.1 23.1
8.066667 0 430.1 322.0 32.1 23.1
8.100000 0 430.9 322.0 32.2 23.2
8.133333 0 431.7 322.0 32.2 23.2
8.166667 0 432.4 322.0 32.3 23.3
8.200000 0 433.2 322.0 32.3 23.3
8.233333 0 434.0 322.0 32.3 23.3
8.266667 0 434.8 322.0 32.4 23.4
8.300000 0 435.6 322.0 32.4 23.4
8.333333 0 436.3 322.0 32.5 23.5
8.366667 0 437.1 322.0 32.5 23.5
8.400000 0 437.9 322.0 32.5 23.5
8.433333 0 438.7 322.0 32.6 23.6
8.466667 0 439.5 322.0 32.6 23.6
8.500000 0 440.3 322.0 32.7 23.7
8.533333 0 441.0 322.0 32.7 23.7
8.566667 0 441.8 322.0 32.8 23.8
8.600000 0 442.6 322.0 32.8 23.8
8.633333 0 443.4 322.0 32.8 23.8
8.666667 0 444.2 322.0 32.9 23.9
8.700000 0 444.9 322.0 32.9 23.9
8.733333 0 445.7 322.0 33.0 24.0
8.766667 0 446.5 322.0 33.0 24.0
8.800000 0 447.3 322.0 33.0 24.0
8.833333 0 448.1 322.0 33.1 24.1
8.866667 0 448.8 322.0 33.1 24.1
8.900000 0 449.6 322.0 33.2 24.2
8.933333 0 450.4 322.0 33.2 24.2
8.966667 0 451.2 322.0 33.3 24.3
9.000000 0 452.0 322.0 33.3 24.3
9.033333 0 452.8 322.0 33.3 24.3
9.066667 0 453.5 322.0 33.4 24.4
9.100000 0 454.3 322.0 33.4 24.4
9.133333 0 455.1 322.0 33.5 24.5
9.166667 0 455.9 322.0 33.5 24.5
9.200000 0 456.7 322.0 33.5 24.5
9.233333 0 457.4 322.0 33.6 24.6
9.266667 0 458.2 322.0 33.6 24.6
9.300000 0 459.0 322.0 33.7 24.7
9.333333 0 459.8 322.0 33.7 24.7
9.366667 0 460.6 322.0 33.8 24.8
9.400000 0 461.3 322.0 33.8 24.8
9.433333 0 462.1 322.0 33.8 24.8
9.466667 0 462.9 322.0 33.9 24.9
9.500000 0 463.7 322.0 33.9 24.9
9.533333 0 464.5 322.0 34.0 25.0
9.566667 0 465.3 322.0 34.0 25.0
9.600000 0 466.0 322.0 34.0 25.0
9.633333 0 466.8 322.0 34.1 25.1
9.666667 0 467.6 322.0 34.1 25.1
9.700000 0 468.4 322.0 34.2 25.2
9.733333 0 469.2 322.0 34.2 25.2
9.766667 0 469.9 322.0 34.3 25.3
9.800000 0 470.7 322.0 34.3 25.3
9.833333 0 471.5 322.0 34.3 25.3
9.866667 0 472.3 322.0 34.4 25.4
9.900000 0 473.1 322.0 34.4 25.4
9.933333 0 473.8 322.0 34.5 25.5
9.966667 0 474.6 322.0 34.5 25.5
10.000000 0 475.4 322.0 34.5 25.5
10.033333 0 476.2 322.0 34.6 25.6
10.066667 0 477.0 322.0 34.6 25.6
10.100000 0 477.8 322.0 34.7 25.7
10.133333 0 478.5 322.0 34.7 25.7
10.166667 0 479.3 322.0 34.8 25.8
10.200000 0 480.1 322.0 34.8 25.8
10.233333 0 480.9 322.0 34.8 25.8
10.266667 0 481.7 322.0 34.9 25.9
10.300000 0 482.4 322.0 34.9 25.9
10.333333 0 483.2 322.0 35.0 26.0
10.366667 0 484.0 322.0 35.0 26.0
