0.000000 0 254.0 246.0 83.0 37.0
0.033333 0 254.6 245.9 83.0 37.0
0.066667 0 255.1 245.9 83.0 37.0
0.100000 0 255.7 245.8 83.1 37.0
0.133333 0 256.3 245.7 83.1 37.0
0.166667 0 256.9 245.6 83.1 37.0
0.200000 0 257.4 245.6 83.1 37.0
0.233333 0 258.0 245.5 83.1 37.0
0.266667 0 258.6 245.4 83.1 37.0
0.300000 0 259.1 245.3 83.2 36.9
0.333333 0 259.7 245.3 83.2 36.9
0.366667 0 260.3 245.2 83.2 36.9
0.400000 0 260.9 245.1 83.2 36.9
0.433333 0 261.4 245.0 83.2 36.9
0.466667 0 262.0 245.0 83.3 36.9
0.500000 0 262.6 244.9 83.3 36.9
0.533333 0 263.1 244.8 83.3 36.9
0.566667 0 263.7 244.7 83.3 36.9
0.600000 0 264.3 244.7 83.3 36.9
0.633333 0 264.9 244.6 83.4 36.9
0.666667 0 265.4 244.5 83.4 36.9
0.700000 0 266.0 244.4 83.4 36.9
0.733333 0 266.6 244.4 83.4 36.9
0.766667 0 267.1 244.3 83.4 36.9
0.800000 0 267.7 244.2 83.4 36.9
0.833333 0 268.3 244.1 83.5 36.8
0.866667 0 268.9 244.1 83.5 36.8
0.900000 0 269.4 244.0 83.5 36.8
0.933333 0 270.0 243.9 83.5 36.8
0.966667 0 270.6 243.8 83.5 36.8
1.000000 0 271.1 243.8 83.6 36.8
1.033333 0 271.7 243.7 83.6 36.8
1.066667 0 272.3 243.6 83.6 36.8
1.100000 0 272.9 243.5 83.6 36.8
1.133333 0 273.4 243.5 83.6 36.8
1.166667 0 274.0 243.4 83.7 36.8
1.200000 0 274.6 243.3 83.7 36.8
1.233333 0 275.1 243.2 83.7 36.8
1.266667 0 275.7 243.2 83.7 36.8
1.300000 0 276.3 243.1 83.7 36.8
1.333333 0 276.9 243.0 83.7 36.8
1.366667 0 277.4 242.9 83.8 36.7
1.400000 0 278.0 242.9 83.8 36.7
1.433333 0 278.6 242.8 83.8 36.7
1.466667 0 279.1 242.7 83.8 36.7
1.500000 0 279.7 242.6 83.8 36.7
1.533333 0 280.3 242.6 83.9 36.7
1.566667 0 280.9 242.5 83.9 36.7
1.600000 0 281.4 242.4 83.9 36.7
1.633333 0 282.0 242.3 83.9 36.7
1.666667 0 282.6 242.3 83.9 36.7
1.700000 0 283.1 242.2 84.0 36.7
1.733333 0 283.7 242.1 84.0 36.7
1.766667 0 284.3 242.0 84.0 36.7
1.800000 0 284.9 242.0 84.0 36.7
1.833333 0 285.4 241.9 84.0 36.7
1.866667 0 286.0 241.8 84.0 36.7
1.900000 0 286.6 241.8 84.1 36.6
1.933333 0 287.1 241.7 84.1 36.6
1.966667 0 287.7 241.6 84.1 36.6
2.000000 0 288.3 241.5 84.1 36.6
2.033333 0 288.9 241.5 84.1 36.6
2.066667 0 289.4 241.4 84.2 36.6
2.100000 0 290.0 241.3 84.2 36.6
2.133333 0 290.6 241.2 84.2 36.6
2.166667 0 291.1 241.2 84.2 36.6
2.200000 0 291.7 241.1 84.2 36.6
2.233333 0 292.3 241.0 84.2 36.6
2.266667 0 292.9 240.9 84.3 36.6
2.300000 0 293.4 240.9 84.3 36.6
2.333333 0 294.0 240.8 84.3 36.6
2.366667 0 294.6 240.7 84.3 36.6
2.400000 0 295.1 240.6 84.3 36.6
2.433333 0 295.7 240.6 84.4 36.5
2.466667 0 296.3 240.5 84.4 36.5
2.500000 0 296.9 240.4 84.4 36.5
2.533333 0 297.4 240.3 84.4 36.5
2.566667 0 298.0 240.3 84.4 36.5
2.600000 0 298.6 240.2 84.5 36.5
2.633333 0 299.1 240.1 84.5 36.5
2.666667 0 299.7 240.0 84.5 36.5
2.700000 0 300.3 240.0 84.5 36.5
2.733333 0 300.9 239.9 84.5 36.5
2.766667 0 301.4 239.8 84.5 36.5
2.800000 0 302.0 239.7 84.6 36.5
2.833333 0 302.6 239.7 84.6 36.5
2.866667 0 303.1 239.6 84.6 36.5
2.900000 0 303.7 239.5 84.6 36.5
2.933333 0 304.3 239.4 84.6 36.5
2.966667 0 304.9 239.4 84.7 36.4
3.000000 0 305.4 239.3 84.7 36.4
3.033333 0 306.0 239.2 84.7 36.4
3.066667 0 306.6 239.1 84.7 36.4
3.100000 0 307.1 239.1 84.7 36.4
3.133333 0 307.7 239.0 84.8 36.4
3.166667 0 308.3 238.9 84.8 36.4
3.200000 0 308.9 238.8 84.8 36.4
3.233333 0 309.4 238.8 84.8 36.4
3.266667 0 310.0 238.7 84.8 36.4
3.300000 0 310.6 238.6 84.8 36.4
3.333333 0 311.1 238.5 84.9 36.4
3.366667 0 311.7 238.5 84.9 36.4
3.400000 0 312.3 238.4 84.9 36.4
3.433333 0 312.9 238.3 84.9 36.4
3.466667 0 313.4 238.2 84.9 36.4
3.500000 0 314.0 238.2 85.0 36.3
3.533333 0 314.6 238.1 85.0 36.3
3.566667 0 315.1 238.0 85.0 36.3
3.600000 0 315.7 238.0 85.0 36.3
3.633333 0 316.3 237.9 85.0 36.3
3.666667 0 316.9 237.8 85.0 36.3
3.700000 0 317.4 237.7 85.1 36.3
3.733333 0 318.0 237.7 85.1 36.3
3.766667 0 318.6 237.6 85.1 36.3
3.800000 0 319.1 237.5 85.1 36.3
3.833333 0 319.7 237.4 85.1 36.3
3.866667 0 320.3 237.4 85.2 36.3
3.900000 0 320.9 237.3 85.2 36.3
3.933333 0 321.4 237.2 85.2 36.3
3.966667 0 322.0 237.1 85.2 36.3
4.000000 0 322.6 237.1 85.2 36.3
4.033333 0 323.1 237.0 85.3 36.2
4.066667 0 323.7 236.9 85.3 36.2
4.100000 0 324.3 236.8 85.3 36.2
4.133333 0 324.9 236.8 85.3 36.2
4.166667 0 325.4 236.7 85.3 36.2
4.200000 0 326.0 236.6 85.3 36.2
4.233333 0 326.6 236.5 85.4 36.2
4.266667 0 327.1 236.5 85.4 36.2
4.300000 0 327.7 236.4 85.4 36.2
4.333333 0 328.3 236.3 85.4 36.2
4.366667 0 328.9 236.2 85.4 36.2
4.400000 0 329.4 236.2 85.5 36.2
4.433333 0 330.0 236.1 85.5 36.2
4.466667 0 330.6 236.0 85.5 36.2
4.500000 0 331.1 235.9 85.5 36.2
4.533333 0 331.7 235.9 85.5 36.2
4.566667 0 332.3 235.8 85.6 36.1
4.600000 0 332.9 235.7 85.6 36.1
4.633333 0 333.4 235.6 85.6 36.1
4.666667 0 334.0 235.6 85.6 36.1
4.700000 0 334.6 235.5 85.6 36.1
4.733333 0 335.1 235.4 85.6 36.1
4.766667 0 335.7 235.3 85.7 36.1
4.800000 0 336.3 235.3 85.7 36.1
4.833333 0 336.9 235.2 85.7 36.1
4.866667 0 337.4 235.1 85.7 36.1
4.900000 0 338.0 235.0 85.7 36.1
4.933333 0 338.6 235.0 85.8 36.1
4.966667 0 339.1 234.9 85.8 36.1
5.000000 0 339.7 234.8 85.8 36.1
5.033333 0 340.3 234.7 85.8 36.1
5.066667 0 340.9 234.7 85.8 36.1
5.100000 0 341.4 234.6 85.9 36.0
5.133333 0 342.0 234.5 85.9 36.0
5.166667 0 342.6 234.4 85.9 36.0
5.200000 0 343.1 234.4 85.9 36.0
5.233333 0 343.7 234.3 85.9 36.0
5.266667 0 344.3 234.2 85.9 36.0
5.300000 0 344.9 234.1 86.0 36.0
5.333333 0 345.4 234.1 86.0 36.0
5.366667 0 346.0 234.0 86.0 36.0
5.400000 0 346.6 234.0 86.0 36.0
5.433333 0 347.2 234.0 86.0 36.0
5.466667 0 347.8 233.9 86.0 36.1
5.500000 0 348.5 233.9 86.0 36.1
5.533333 0 349.1 233.9 85.9 36.1
5.566667 0 349.7 233.9 85.9 36.1
5.600000 0 350.3 233.9 85.9 36.2
5.633333 0 350.9 233.9 85.9 36.2
5.666667 0 351.5 233.8 85.9 36.2
5.700000 0 352.1 233.8 85.9 36.2
5.733333 0 352.8 233.8 85.9 36.3
5.766667 0 353.4 233.8 85.9 36.3
5.800000 0 354.0 233.8 85.8 36.3
5.833333 0 354.6 233.7 85.8 36.3
5.866667 0 355.2 233.7 85.8 36.4
5.900000 0 355.8 233.7 85.8 36.4
5.933333 0 356.5 233.7 85.8 36.4
5.966667 0 357.1 233.7 85.8 36.4
6.000000 0 357.7 233.6 85.8 36.5
6.033333 0 358.3 233.6 85.8 36.5
6.066667 0 358.9 233.6 85.7 36.5
6.100000 0 359.5 233.6 85.7 36.5
6.133333 0 360.1 233.6 85.7 36.6
6.166667 0 360.8 233.6 85.7 36.6
6.200000 0 361.4 233.5 85.7 36.6
6.233333 0 362.0 233.5 85.7 36.6
6.266667 0 362.6 233.5 85.7 36.7
6.300000 0 363.2 233.5 85.7 36.7
6.333333 0 363.8 233.5 85.6 36.7
6.366667 0 364.4 233.4 85.6 36.7
6.400000 0 365.1 233.4 85.6 36.8
6.433333 0 365.7 233.4 85.6 36.8
6.466667 0 366.3 233.4 85.6 36.8
6.500000 0 366.9 233.4 85.6 36.8
6.533333 0 367.5 233.3 85.6 36.9
6.566667 0 368.1 233.3 85.6 36.9
6.600000 0 368.8 233.3 85.5 36.9
6.633333 0 369.4 233.3 85.5 36.9
6.666667 0 370.0 233.3 85.5 37.0
6.700000 0 370.6 233.3 85.5 37.0
6.733333 0 371.2 233.2 85.5 37.0
6.766667 0 371.8 233.2 85.5 37.0
6.800000 0 372.4 233.2 85.5 37.1
6.833333 0 373.1 233.2 85.5 37.1
6.866667 0 373.7 233.2 85.4 37.1
6.900000 0 374.3 233.1 85.4 37.1
6.933333 0 374.9 233.1 85.4 37.2
6.966667 0 375.5 233.1 85.4 37.2
7.000000 0 376.1 233.1 85.4 37.2
7.033333 0 376.7 233.1 85.4 37.2
7.066667 0 377.4 233.0 85.4 37.3
7.100000 0 378.0 233.0 85.4 37.3
7.133333 0 378.6 233.0 85.3 37.3
7.166667 0 379.2 233.0 85.3 37.3
7.200000 0 379.8 233.0 85.3 37.4
7.233333 0 380.4 233.0 85.3 37.4
7.266667 0 381.0 232.9 85.3 37.4
7.300000 0 381.7 232.9 85.3 37.4
7.333333 0 382.3 232.9 85.3 37.5
7.366667 0 382.9 232.9 85.3 37.5
7.400000 0 383.5 232.9 85.2 37.5
7.433333 0 384.1 232.8 85.2 37.5
7.466667 0 384.7 232.8 85.2 37.6
7.500000 0 385.4 232.8 85.2 37.6
7.533333 0 386.0 232.8 85.2 37.6
7.566667 0 386.6 232.8 85.2 37.6
7.600000 0 387.2 232.8 85.2 37.7
7.633333 0 387.8 232.7 85.2 37.7
7.666667 0 388.4 232.7 85.1 37.7
7.700000 0 389.0 232.7 85.1 37.7
7.733333 0 389.7 232.7 85.1 37.8
7.766667 0 390.3 232.7 85.1 37.8
7.800000 0 390.9 232.6 85.1 37.8
7.833333 0 391.5 232.6 85.1 37.8
7.866667 0 392.1 232.6 85.1 37.9
7.900000 0 392.7 232.6 85.1 37.9
7.933333 0 393.3 232.6 85.0 37.9
7.966667 0 394.0 232.5 85.0 37.9
8.000000 0 394.6 232.5 85.0 38.0
8.033333 0 395.2 232.5 85.0 38.0
8.066667 0 395.8 232.5 85.0 38.0
8.100000 0 396.4 232.5 85.0 38.0
8.133333 0 397.0 232.5 85.0 38.1
8.166667 0 397.7 232.4 85.0 38.1
8.200000 0 398.3 232.4 84.9 38.1
8.233333 0 398.9 232.4 84.9 38.1
8.266667 0 399.5 232.4 84.9 38.2
8.300000 0 400.1 232.4 84.9 38.2
8.333333 0 400.7 232.3 84.9 38.2
8.366667 0 401.3 232.3 84.9 38.2
8.400000 0 402.0 232.3 84.9 38.3
8.433333 0 402.6 232.3 84.9 38.3
8.466667 0 403.2 232.3 84.8 38.3
8.500000 0 403.8 232.2 84.8 38.3
8.533333 0 404.4 232.2 84.8 38.4
8.566667 0 405.0 232.2 84.8 38.4
8.600000 0 405.6 232.2 84.8 38.4
8.633333 0 406.3 232.2 84.8 38.4
8.666667 0 406.9 232.2 84.8 38.5
8.700000 0 407.5 232.1 84.8 38.5
8.733333 0 408.1 232.1 84.7 38.5
8.766667 0 408.7 232.1 84.7 38.5
8.800000 0 409.3 232.1 84.7 38.6
8.833333 0 410.0 232.1 84.7 38.6
8.866667 0 410.6 232.0 84.7 38.6
8.900000 0 411.2 232.0 84.7 38.6
8.933333 0 411.8 232.0 84.7 38.7
8.966667 0 412.4 232.0 84.7 38.7
9.000000 0 413.0 232.0 84.6 38.7
9.033333 0 413.6 232.0 84.6 38.7
9.066667 0 414.3 231.9 84.6 38.8
9.100000 0 414.9 231.9 84.6 38.8
9.133333 0 415.5 231.9 84.6 38.8
9.166667 0 416.1 231.9 84.6 38.8
9.200000 0 416.7 231.9 84.6 38.9
9.233333 0 417.3 231.8 84.6 38.9
9.266667 0 417.9 231.8 84.5 38.9
9.300000 0 418.6 231.8 84.5 38.9
9.333333 0 419.2 231.8 84.5 39.0
9.366667 0 419.8 231.8 84.5 39.0
9.400000 0 420.4 231.7 84.5 39.0
9.433333 0 421.0 231.7 84.5 39.0
9.466667 0 421.6 231.7 84.5 39.1
9.500000 0 422.2 231.7 84.5 39.1
9.533333 0 422.9 231.7 84.4 39.1
9.566667 0 423.5 231.7 84.4 39.1
9.600000 0 424.1 231.6 84.4 39.2
9.633333 0 424.7 231.6 84.4 39.2
9.666667 0 425.3 231.6 84.4 39.2
9.700000 0 425.9 231.6 84.4 39.2
9.733333 0 426.6 231.6 84.4 39.3
9.766667 0 427.2 231.5 84.4 39.3
9.800000 0 427.8 231.5 84.3 39.3
9.833333 0 428.4 231.5 84.3 39.3
9.866667 0 429.0 231.5 84.3 39.4
9.900000 0 429.6 231.5 84.3 39.4
9.933333 0 430.2 231.4 84.3 39.4
9.966667 0 430.9 231.4 84.3 39.4
10.000000 0 431.5 231.4 84.3 39.5
10.033333 0 432.1 231.4 84.3 39.5
10.066667 0 432.7 231.4 84.2 39.5
10.100000 0 433.3 231.4 84.2 39.5
10.133333 0 433.9 231.3 84.2 39.6
10.166667 0 434.5 231.3 84.2 39.6
10.200000 0 435.2 231.3 84.2 39.6
10.233333 0 435.8 231.3 84.2 39.6
10.266667 0 436.4 231.3 84.2 39.7
10.300000 0 437.0 231.2 84.2 39.7
10.333333 0 437.6 231.2 84.1 39.7
10.366667 0 438.2 231.2 84.1 39.7
10.400000 0 438.9 231.2 84.1 39.8
10.433333 0 439.5 231.2 84.1 39.8
10.466667 0 440.1 231.1 84.1 39.8
10.500000 0 440.7 231.1 84.1 39.8
10.533333 0 441.3 231.1 84.1 39.9
10.566667 0 441.9 231.1 84.1 39.9
10.600000 0 442.5 231.1 84.0 39.9
10.633333 0 443.2 231.1 84.0 39.9
10.666667 0 443.8 231.0 84.0 40.0
10.700000 0 444.4 231.0 84.0 40.0
10.733333 0 445.0 231.0 84.0 40.0
