0.033333 0 228.0 238.0 122.0 63.0
0.066667 0 228.5 238.8 122.3 62.1
0.100000 0 229.0 239.6 122.6 61.2
0.133333 0 229.5 240.4 122.9 60.3
0.166667 0 230.0 241.2 123.2 59.4
0.200000 0 230.5 242.0 123.5 58.5
0.233333 0 231.0 242.8 123.8 57.6
0.266667 0 231.5 243.6 124.1 56.7
0.300000 0 232.0 244.4 124.4 55.8
0.333333 0 232.5 245.2 124.7 54.9
0.366667 0 233.0 246.0 125.0 54.0
0.400000 0 232.4 245.0 125.7 55.0
0.433333 0 231.8 244.0 126.4 56.0
0.466667 0 231.2 243.0 127.1 57.0
0.500000 0 230.6 242.0 127.8 58.0
0.533333 0 230.0 241.0 128.5 59.0
0.566667 0 229.4 240.0 129.2 60.0
0.600000 0 228.8 239.0 129.9 61.0
0.633333 0 228.2 238.0 130.6 62.0
0.666667 0 227.6 237.0 131.3 63.0
0.700000 0 227.0 236.0 132.0 64.0
0.733333 0 227.4 235.6 130.4 63.7
0.766667 0 227.9 235.1 128.9 63.3
0.800000 0 228.3 234.7 127.3 63.0
0.833333 0 228.8 234.2 125.8 62.7
0.866667 0 229.2 233.8 124.2 62.3
0.900000 0 229.7 233.3 122.7 62.0
0.933333 0 230.1 232.9 121.1 61.7
0.966667 0 230.6 232.4 119.6 61.3
1.000000 0 231.0 232.0 118.0 61.0
1.033333 0 229.9 230.6 119.4 61.6
1.066667 0 228.8 229.1 120.9 62.1
1.100000 0 227.7 227.7 122.3 62.7
1.133333 0 226.6 226.2 123.8 63.2
1.166667 0 225.4 224.8 125.2 63.8
1.200000 0 224.3 223.3 126.7 64.3
1.233333 0 223.2 221.9 128.1 64.9
1.266667 0 222.1 220.4 129.6 65.4
1.300000 0 221.0 219.0 131.0 66.0
1.333333 0 220.6 219.4 130.7 66.4
1.366667 0 220.1 219.9 130.4 66.9
1.400000 0 219.7 220.3 130.1 67.3
1.433333 0 219.3 220.7 129.9 67.7
1.466667 0 218.9 221.1 129.6 68.1
1.500000 0 218.4 221.6 129.3 68.6
1.533333 0 218.0 222.0 129.0 69.0
1.566667 0 218.1 223.3 128.3 69.4
1.600000 0 218.3 224.6 127.6 69.9
1.633333 0 218.4 225.9 126.9 70.3
1.666667 0 218.6 227.1 126.1 70.7
1.700000 0 218.7 228.4 125.4 71.1
1.733333 0 218.9 229.7 124.7 71.6
1.766667 0 219.0 231.0 124.0 72.0
1.800000 0 217.8 233.2 124.7 71.2
1.833333 0 216.7 235.3 125.3 70.3
1.866667 0 215.5 237.5 126.0 69.5
1.900000 0 214.3 239.7 126.7 68.7
1.933333 0 213.2 241.8 127.3 67.8
1.966667 0 212.0 244.0 128.0 67.0
2.000000 0 211.1 244.4 128.9 67.5
2.033333 0 210.1 244.8 129.8 68.1
2.066667 0 209.2 245.2 130.6 68.6
2.100000 0 208.2 245.6 131.5 69.1
2.133333 0 207.3 246.1 132.4 69.6
2.166667 0 206.4 246.5 133.3 70.2
2.200000 0 205.4 246.9 134.2 70.7
2.233333 0 204.5 247.3 135.1 71.2
2.266667 0 203.5 247.7 135.9 71.8
2.300000 0 202.6 248.1 136.8 72.3
2.333333 0 201.6 248.5 137.7 72.8
2.366667 0 200.7 248.9 138.6 73.4
2.400000 0 199.8 249.4 139.5 73.9
2.433333 0 198.8 249.8 140.4 74.4
2.466667 0 197.9 250.2 141.2 74.9
2.500000 0 196.9 250.6 142.1 75.5
2.533333 0 196.0 251.0 143.0 76.0
2.566667 0 108.0 204.0 278.0 154.0
2.600000 0 119.5 205.5 263.0 149.0
2.633333 0 131.0 207.0 248.0 144.0
2.666667 0 133.9 206.9 244.9 141.7
2.700000 0 136.8 206.7 241.7 139.5
2.733333 0 139.6 206.6 238.6 137.2
2.766667 0 142.5 206.5 235.5 135.0
2.800000 0 145.4 206.4 232.4 132.7
2.833333 0 148.3 206.2 229.2 130.5
2.866667 0 151.1 206.1 226.1 128.2
2.900000 0 154.0 206.0 223.0 126.0
2.933333 0 155.7 206.1 222.7 126.9
2.966667 0 157.4 206.3 222.4 127.7
3.000000 0 159.1 206.4 222.1 128.6
3.033333 0 160.9 206.6 221.9 129.4
3.066667 0 162.6 206.7 221.6 130.3
3.100000 0 164.3 206.9 221.3 131.1
3.133333 0 166.0 207.0 221.0 132.0
3.166667 0 170.3 209.0 217.9 129.9
3.200000 0 174.5 211.0 214.7 127.7
3.233333 0 178.8 213.0 211.6 125.6
3.266667 0 183.0 215.0 208.5 123.5
3.300000 0 187.3 217.0 205.4 121.4
3.333333 0 191.5 219.0 202.2 119.2
3.366667 0 195.8 221.0 199.1 117.1
3.400000 0 200.0 223.0 196.0 115.0
3.433333 0 200.0 221.9 194.4 115.6
3.466667 0 200.0 220.7 192.9 116.1
3.500000 0 200.0 219.6 191.3 116.7
3.533333 0 200.0 218.4 189.7 117.3
3.566667 0 200.0 217.3 188.1 117.9
3.600000 0 200.0 216.1 186.6 118.4
3.633333 0 200.0 215.0 185.0 119.0
3.666667 0 200.9 214.6 183.5 117.4
3.700000 0 201.8 214.2 182.0 115.7
3.733333 0 202.6 213.9 180.5 114.1
3.766667 0 203.5 213.5 179.0 112.5
3.800000 0 204.4 213.1 177.5 110.9
3.833333 0 205.3 212.7 176.0 109.2
3.866667 0 206.1 212.4 174.5 107.6
3.900000 0 207.0 212.0 173.0 106.0
3.933333 0 207.6 211.9 173.5 106.1
3.966667 0 208.3 211.7 174.0 106.3
4.000000 0 208.9 211.6 174.5 106.4
4.033333 0 209.5 211.5 175.0 106.5
4.066667 0 210.1 211.4 175.5 106.6
4.100000 0 210.8 211.2 176.0 106.8
4.133333 0 211.4 211.1 176.5 106.9
4.166667 0 212.0 211.0 177.0 107.0
4.200000 0 212.8 210.7 176.7 107.2
4.233333 0 213.6 210.4 176.4 107.4
4.266667 0 214.4 210.1 176.1 107.6
4.300000 0 215.2 209.8 175.8 107.8
4.333333 0 216.0 209.5 175.5 108.0
4.366667 0 216.8 209.2 175.2 108.2
4.400000 0 217.6 208.9 174.9 108.4
4.433333 0 218.4 208.6 174.6 108.6
4.466667 0 219.2 208.3 174.3 108.8
4.500000 0 220.0 208.0 174.0 109.0
4.533333 0 219.2 209.5 175.4 108.4
4.566667 0 218.5 211.0 176.8 107.7
4.600000 0 217.7 212.5 178.1 107.1
4.633333 0 217.0 214.0 179.5 106.5
4.666667 0 216.2 215.5 180.9 105.9
4.700000 0 215.5 217.0 182.3 105.2
4.733333 0 214.7 218.5 183.6 104.6
4.766667 0 214.0 220.0 185.0 104.0
4.800000 0 213.2 218.8 188.6 105.5
4.833333 0 212.4 217.6 192.3 106.9
4.866667 0 211.5 216.5 195.9 108.4
4.900000 0 210.7 215.3 199.5 109.8
4.933333 0 209.9 214.1 203.2 111.3
4.966667 0 209.1 212.9 206.8 112.7
5.000000 0 208.3 211.7 210.5 114.2
5.033333 0 207.5 210.5 214.1 115.6
5.066667 0 206.6 209.4 217.7 117.1
5.100000 0 205.8 208.2 221.4 118.5
5.133333 0 205.0 207.0 225.0 120.0
5.166667 0 203.9 206.7 226.4 121.0
5.200000 0 202.7 206.5 227.8 122.0
5.233333 0 201.6 206.2 229.1 123.0
5.266667 0 200.5 206.0 230.5 124.0
5.300000 0 199.4 205.7 231.9 125.0
5.333333 0 198.2 205.5 233.3 126.0
5.366667 0 197.1 205.2 234.6 127.0
5.400000 0 196.0 205.0 236.0 128.0
5.433333 0 171.0 203.0 105.0 50.0
5.466667 0 170.8 202.0 104.0 50.4
5.500000 0 170.6 201.0 103.0 50.8
5.533333 0 170.4 200.0 102.0 51.2
5.566667 0 170.2 199.0 101.0 51.6
5.600000 0 170.0 198.0 100.0 52.0
5.633333 0 170.5 197.5 100.1 51.9
5.666667 0 170.9 196.9 100.3 51.9
5.700000 0 171.4 196.4 100.4 51.8
5.733333 0 171.9 195.9 100.5 51.7
5.766667 0 172.3 195.3 100.7 51.7
5.800000 0 172.8 194.8 100.8 51.6
5.833333 0 173.3 194.3 100.9 51.5
5.866667 0 173.7 193.7 101.1 51.5
5.900000 0 174.2 193.2 101.2 51.4
5.933333 0 174.7 192.7 101.3 51.3
5.966667 0 175.1 192.1 101.5 51.3
6.000000 0 175.6 191.6 101.6 51.2
6.033333 0 176.1 191.1 101.7 51.1
6.066667 0 176.5 190.5 101.9 51.1
6.100000 0 177.0 190.0 102.0 51.0
6.133333 0 177.2 189.8 102.0 51.0
6.166667 0 177.4 189.6 102.0 51.0
6.200000 0 177.7 189.3 102.0 51.0
6.233333 0 177.9 189.1 102.0 51.0
6.266667 0 178.1 188.9 102.0 51.0
6.300000 0 178.3 188.7 102.0 51.0
6.333333 0 178.6 188.4 102.0 51.0
6.366667 0 178.8 188.2 102.0 51.0
6.400000 0 179.0 188.0 102.0 51.0
6.433333 0 179.2 187.8 102.0 51.0
6.466667 0 179.4 187.6 102.0 51.0
6.500000 0 179.7 187.3 102.0 51.0
6.533333 0 179.9 187.1 102.0 51.0
6.566667 0 180.1 186.9 102.0 51.0
6.600000 0 180.3 186.7 102.0 51.0
6.633333 0 180.6 186.4 102.0 51.0
6.666667 0 180.8 186.2 102.0 51.0
6.700000 0 181.0 186.0 102.0 51.0
6.733333 0 181.1 186.3 102.1 51.2
6.766667 0 181.1 186.6 102.2 51.5
6.800000 0 181.2 186.9 102.4 51.7
6.833333 0 181.2 187.2 102.5 52.0
6.866667 0 181.3 187.6 102.6 52.2
6.900000 0 181.4 187.9 102.7 52.5
6.933333 0 181.4 188.2 102.9 52.7
6.966667 0 181.5 188.5 103.0 53.0
7.000000 0 181.6 188.8 103.1 53.2
7.033333 0 181.6 189.1 103.2 53.5
7.066667 0 181.7 189.4 103.4 53.7
7.100000 0 181.7 189.7 103.5 54.0
7.133333 0 181.8 190.1 103.6 54.2
7.166667 0 181.9 190.4 103.7 54.5
7.200000 0 181.9 190.7 103.9 54.7
7.233333 0 182.0 191.0 104.0 55.0
7.266667 0 182.1 192.8 104.0 54.7
7.300000 0 182.3 194.5 104.0 54.5
7.333333 0 182.4 196.3 104.0 54.2
7.366667 0 182.5 198.0 104.0 54.0
7.400000 0 182.6 199.8 104.0 53.7
7.433333 0 182.8 201.5 104.0 53.5
7.466667 0 182.9 203.3 104.0 53.2
7.500000 0 183.0 205.0 104.0 53.0
7.533333 0 183.0 206.0 104.0 53.0
7.566667 0 183.0 207.0 104.0 53.0
7.600000 0 183.0 208.0 104.0 53.0
7.633333 0 183.0 209.0 104.0 53.0
7.666667 0 183.0 210.0 104.0 53.0
7.700000 0 183.0 211.0 104.0 53.0
7.733333 0 183.0 212.0 104.0 53.0
7.766667 0 183.0 213.0 104.0 53.0
7.800000 0 183.0 214.0 104.0 53.0
7.833333 0 183.0 215.0 104.0 53.0
7.866667 0 183.0 216.0 104.0 53.0
7.900000 0 183.0 217.0 104.0 53.0
7.933333 0 182.6 217.0 104.2 53.4
7.966667 0 182.2 217.0 104.4 53.8
8.000000 0 181.8 217.0 104.6 54.2
8.033333 0 181.4 217.0 104.8 54.6
8.066667 0 181.0 217.0 105.0 55.0
8.100000 0 180.6 217.0 105.2 55.4
8.133333 0 180.2 217.0 105.4 55.8
8.166667 0 179.8 217.0 105.6 56.2
8.200000 0 179.4 217.0 105.8 56.6
8.233333 0 179.0 217.0 106.0 57.0
8.266667 0 227.0 184.0 141.0 111.0
8.300000 0 233.5 184.8 138.0 111.5
8.333333 0 240.0 185.5 135.0 112.0
8.366667 0 246.5 186.3 132.0 112.5
8.400000 0 253.0 187.0 129.0 113.0
8.433333 0 258.0 188.0 128.5 109.0
8.466667 0 263.0 189.0 128.0 105.0
8.500000 0 264.5 179.5 128.5 105.0
8.533333 0 266.0 170.0 129.0 105.0
8.566667 0 267.5 160.5 129.5 105.0
8.600000 0 269.0 151.0 130.0 105.0
8.633333 0 268.0 145.5 130.7 105.3
8.666667 0 267.0 140.0 131.3 105.7
8.700000 0 266.0 134.5 132.0 106.0
8.733333 0 265.0 129.0 132.7 106.3
8.766667 0 264.0 123.5 133.3 106.7
8.800000 0 263.0 118.0 134.0 107.0
8.833333 0 265.3 116.7 134.0 107.2
8.866667 0 267.7 115.3 134.0 107.3
8.900000 0 270.0 114.0 134.0 107.5
8.933333 0 272.3 112.7 134.0 107.7
8.966667 0 274.7 111.3 134.0 107.8
9.000000 0 277.0 110.0 134.0 108.0
9.033333 0 281.0 109.0 132.7 107.8
9.066667 0 285.0 108.0 131.3 107.7
9.100000 0 289.0 107.0 130.0 107.5
9.133333 0 293.0 106.0 128.7 107.3
9.166667 0 297.0 105.0 127.3 107.2
9.200000 0 301.0 104.0 126.0 107.0
9.233333 0 301.1 105.3 124.9 107.0
9.266667 0 301.3 106.6 123.7 107.0
9.300000 0 301.4 107.9 122.6 107.0
9.333333 0 301.6 109.1 121.4 107.0
9.366667 0 301.7 110.4 120.3 107.0
9.400000 0 301.9 111.7 119.1 107.0
9.433333 0 302.0 113.0 118.0 107.0
9.466667 0 299.0 119.2 116.4 107.6
9.500000 0 296.0 125.4 114.8 108.2
9.533333 0 293.0 131.6 113.2 108.8
9.566667 0 290.0 137.8 111.6 109.4
9.600000 0 287.0 144.0 110.0 110.0
9.633333 0 284.7 147.3 110.2 108.8
9.666667 0 277.8 150.7 110.0 107.0
9.700000 0 272.5 157.0 110.0 106.0
9.733333 0 270.2 159.6 110.0 105.0
9.766667 0 267.8 167.4 111.0 103.0
9.800000 0 267.8 167.0 111.0 102.0
9.833333 0 270.7 167.3 111.6 101.4
9.866667 0 268.3 170.7 111.8 100.2
9.900000 0 266.0 174.0 112.0 99.0
9.933333 0 270.0 174.2 112.5 98.8
9.966667 0 274.0 174.3 113.0 98.7
10.000000 0 278.0 174.5 113.5 98.5
10.033333 0 282.0 174.7 114.0 98.3
10.066667 0 286.0 174.8 114.5 98.2
10.100000 0 290.0 175.0 115.0 98.0
10.133333 0 292.7 177.3 115.8 98.7
10.166667 0 295.3 179.7 116.6 99.3
10.200000 0 298.0 182.0 117.3 100.0
10.233333 0 300.7 184.3 118.1 100.7
10.266667 0 303.3 186.7 118.9 101.3
10.300000 0 306.0 189.0 119.7 102.0
10.333333 0 308.7 191.3 120.4 102.7
10.366667 0 311.3 193.7 121.2 103.3
10.400000 0 314.0 196.0 122.0 104.0
