0.000000 0 398.0 217.0 35.0 21.0
0.033333 0 397.5 217.1 34.9 21.0
0.066667 0 397.0 217.3 34.8 21.0
0.100000 0 396.5 217.4 34.7 21.0
0.133333 0 396.0 217.5 34.6 21.0
0.166667 0 395.5 217.7 34.5 21.0
0.200000 0 394.9 217.8 34.4 21.0
0.233333 0 394.4 217.9 34.3 21.0
0.266667 0 393.9 218.1 34.2 21.0
0.300000 0 393.4 218.2 34.2 21.0
0.333333 0 392.9 218.3 34.1 21.0
0.366667 0 392.4 218.5 34.0 21.0
0.400000 0 391.9 218.6 33.9 21.0
0.433333 0 391.4 218.7 33.8 21.0
0.466667 0 390.9 218.8 33.7 21.0
0.500000 0 390.4 219.0 33.6 21.0
0.533333 0 389.8 219.1 33.5 21.0
0.566667 0 389.3 219.2 33.4 21.0
0.600000 0 388.8 219.4 33.3 21.0
0.633333 0 388.3 219.5 33.2 21.0
0.666667 0 387.8 219.6 33.1 21.0
0.700000 0 387.3 219.8 33.0 21.0
0.733333 0 386.8 219.9 32.9 21.0
0.766667 0 386.3 220.0 32.8 21.0
0.800000 0 385.8 220.2 32.7 21.0
0.833333 0 385.3 220.3 32.6 21.0
0.866667 0 384.8 220.4 32.5 21.0
0.900000 0 384.2 220.6 32.5 21.0
0.933333 0 383.7 220.7 32.4 21.0
0.966667 0 383.2 220.8 32.3 21.0
1.000000 0 382.7 221.0 32.2 21.0
1.033333 0 382.2 221.1 32.1 21.0
1.066667 0 381.7 221.2 32.0 21.0
1.100000 0 381.2 221.4 31.9 21.0
1.133333 0 380.7 221.5 31.8 21.0
1.166667 0 380.2 221.6 31.7 21.0
1.200000 0 379.7 221.8 31.6 21.0
1.233333 0 379.2 221.9 31.5 21.0
1.266667 0 378.6 222.0 31.4 21.0
1.300000 0 378.1 222.2 31.3 21.0
1.333333 0 377.6 222.3 31.2 21.0
1.366667 0 377.1 222.4 31.1 21.0
1.400000 0 376.6 222.5 31.0 21.0
1.433333 0 376.1 222.7 30.9 21.0
1.466667 0 375.6 222.8 30.8 21.0
1.500000 0 375.1 222.9 30.8 21.0
1.533333 0 374.6 223.1 30.7 21.0
1.566667 0 374.1 223.2 30.6 21.0
1.600000 0 373.5 223.3 30.5 21.0
1.633333 0 373.0 223.5 30.4 21.0
1.666667 0 372.5 223.6 30.3 21.0
1.700000 0 372.0 223.7 30.2 21.0
1.733333 0 371.5 223.9 30.1 21.0
1.766667 0 371.0 224.0 30.0 21.0
1.800000 0 370.3 224.0 30.2 21.1
1.833333 0 369.6 224.0 30.3 21.1
1.866667 0 368.9 224.1 30.5 21.2
1.900000 0 368.2 224.1 30.6 21.3
1.933333 0 367.5 224.1 30.8 21.4
1.966667 0 366.8 224.1 30.9 21.4
2.000000 0 366.1 224.1 31.1 21.5
2.033333 0 365.4 224.1 31.3 21.6
2.066667 0 364.7 224.2 31.4 21.6
2.100000 0 364.0 224.2 31.6 21.7
2.133333 0 363.3 224.2 31.7 21.8
2.166667 0 362.6 224.2 31.9 21.8
2.200000 0 361.9 224.2 32.1 21.9
2.233333 0 361.2 224.2 32.2 22.0
2.266667 0 360.5 224.3 32.4 22.1
2.300000 0 359.8 224.3 32.5 22.1
2.333333 0 359.1 224.3 32.7 22.2
2.366667 0 358.4 224.3 32.8 22.3
2.400000 0 357.7 224.3 33.0 22.3
2.433333 0 357.0 224.4 33.2 22.4
2.466667 0 356.3 224.4 33.3 22.5
2.500000 0 355.6 224.4 33.5 22.5
2.533333 0 354.9 224.4 33.6 22.6
2.566667 0 354.2 224.4 33.8 22.7
2.600000 0 353.5 224.4 33.9 22.8
2.633333 0 352.8 224.5 34.1 22.8
2.666667 0 352.1 224.5 34.3 22.9
2.700000 0 351.4 224.5 34.4 23.0
2.733333 0 350.6 224.5 34.6 23.0
2.766667 0 349.9 224.5 34.7 23.1
2.800000 0 349.2 224.5 34.9 23.2
2.833333 0 348.5 224.6 35.1 23.2
2.866667 0 347.8 224.6 35.2 23.3
2.900000 0 347.1 224.6 35.4 23.4
2.933333 0 346.4 224.6 35.5 23.5
2.966667 0 345.7 224.6 35.7 23.5
3.000000 0 345.0 224.6 35.8 23.6
3.033333 0 344.3 224.7 36.0 23.7
3.066667 0 343.6 224.7 36.2 23.7
3.100000 0 342.9 224.7 36.3 23.8
3.133333 0 342.2 224.7 36.5 23.9
3.166667 0 341.5 224.7 36.6 23.9
3.200000 0 340.8 224.8 36.8 24.0
3.233333 0 340.1 224.8 36.9 24.1
3.266667 0 339.4 224.8 37.1 24.2
3.300000 0 338.7 224.8 37.3 24.2
3.333333 0 338.0 224.8 37.4 24.3
3.366667 0 337.3 224.8 37.6 24.4
3.400000 0 336.6 224.9 37.7 24.4
3.433333 0 335.9 224.9 37.9 24.5
3.466667 0 335.2 224.9 38.1 24.6
3.500000 0 334.5 224.9 38.2 24.6
3.533333 0 333.8 224.9 38.4 24.7
3.566667 0 333.1 224.9 38.5 24.8
3.600000 0 332.4 225.0 38.7 24.9
3.633333 0 331.7 225.0 38.8 24.9
3.666667 0 331.0 225.0 39.0 25.0
3.700000 0 330.3 225.0 39.1 25.1
3.733333 0 329.6 225.0 39.2 25.3
3.766667 0 328.9 225.0 39.3 25.4
3.800000 0 328.2 225.0 39.4 25.5
3.833333 0 327.4 225.0 39.6 25.7
3.866667 0 326.7 225.0 39.7 25.8
3.900000 0 326.0 225.0 39.8 25.9
3.933333 0 325.3 225.0 39.9 26.1
3.966667 0 324.6 225.0 40.0 26.2
4.000000 0 323.9 225.0 40.1 26.3
4.033333 0 323.2 225.0 40.2 26.5
4.066667 0 322.5 225.0 40.3 26.6
4.100000 0 321.8 225.0 40.4 26.7
4.133333 0 321.0 225.0 40.6 26.9
4.166667 0 320.3 225.0 40.7 27.0
4.200000 0 319.6 225.0 40.8 27.1
4.233333 0 318.9 225.0 40.9 27.3
4.266667 0 318.2 225.0 41.0 27.4
4.300000 0 317.5 225.0 41.1 27.5
4.333333 0 316.8 225.0 41.2 27.7
4.366667 0 316.1 225.0 41.3 27.8
4.400000 0 315.4 225.0 41.4 27.9
4.433333 0 314.6 225.0 41.6 28.1
4.466667 0 313.9 225.0 41.7 28.2
4.500000 0 313.2 225.0 41.8 28.3
4.533333 0 312.5 225.0 41.9 28.5
4.566667 0 311.8 225.0 42.0 28.6
4.600000 0 311.1 225.0 42.1 28.7
4.633333 0 310.4 225.0 42.2 28.9
4.666667 0 309.7 225.0 42.3 29.0
4.700000 0 309.0 225.0 42.4 29.1
4.733333 0 308.2 225.0 42.6 29.3
4.766667 0 307.5 225.0 42.7 29.4
4.800000 0 306.8 225.0 42.8 29.5
4.833333 0 306.1 225.0 42.9 29.7
4.866667 0 305.4 225.0 43.0 29.8
4.900000 0 304.7 225.0 43.1 29.9
4.933333 0 304.0 225.0 43.2 30.1
4.966667 0 303.3 225.0 43.3 30.2
5.000000 0 302.6 225.0 43.4 30.3
5.033333 0 301.8 225.0 43.6 30.5
5.066667 0 301.1 225.0 43.7 30.6
5.100000 0 300.4 225.0 43.8 30.7
5.133333 0 299.7 225.0 43.9 30.9
5.166667 0 299.0 225.0 44.0 31.0
5.200000 0 298.2 225.1 44.0 30.9
5.233333 0 297.4 225.2 44.0 30.9
5.266667 0 296.5 225.3 44.0 30.8
5.300000 0 295.7 225.4 44.1 30.8
5.333333 0 294.9 225.5 44.1 30.7
5.366667 0 294.1 225.5 44.1 30.6
5.400000 0 293.3 225.6 44.1 30.6
5.433333 0 292.5 225.7 44.1 30.5
5.466667 0 291.6 225.8 44.1 30.5
5.500000 0 290.8 225.9 44.2 30.4
5.533333 0 290.0 226.0 44.2 30.3
5.566667 0 289.2 226.1 44.2 30.3
5.600000 0 288.4 226.2 44.2 30.2
5.633333 0 287.5 226.3 44.2 30.2
5.666667 0 286.7 226.4 44.2 30.1
5.700000 0 285.9 226.5 44.2 30.0
5.733333 0 285.1 226.5 44.3 30.0
5.766667 0 284.3 226.6 44.3 29.9
5.800000 0 283.5 226.7 44.3 29.8
5.833333 0 282.6 226.8 44.3 29.8
5.866667 0 281.8 226.9 44.3 29.7
5.900000 0 281.0 227.0 44.3 29.7
5.933333 0 280.2 227.1 44.3 29.6
5.966667 0 279.4 227.2 44.4 29.5
6.000000 0 278.5 227.3 44.4 29.5
6.033333 0 277.7 227.4 44.4 29.4
6.066667 0 276.9 227.5 44.4 29.4
6.100000 0 276.1 227.5 44.4 29.3
6.133333 0 275.3 227.6 44.4 29.2
6.166667 0 274.5 227.7 44.5 29.2
6.200000 0 273.6 227.8 44.5 29.1
6.233333 0 272.8 227.9 44.5 29.1
6.266667 0 272.0 228.0 44.5 29.0
6.300000 0 271.2 228.1 44.5 28.9
6.333333 0 270.4 228.2 44.5 28.9
6.366667 0 269.5 228.3 44.5 28.8
6.400000 0 268.7 228.4 44.6 28.8
6.433333 0 267.9 228.5 44.6 28.7
6.466667 0 267.1 228.5 44.6 28.6
6.500000 0 266.3 228.6 44.6 28.6
6.533333 0 265.5 228.7 44.6 28.5
6.566667 0 264.6 228.8 44.6 28.5
6.600000 0 263.8 228.9 44.7 28.4
6.633333 0 263.0 229.0 44.7 28.3
6.666667 0 262.2 229.1 44.7 28.3
6.700000 0 261.4 229.2 44.7 28.2
6.733333 0 260.5 229.3 44.7 28.2
6.766667 0 259.7 229.4 44.7 28.1
6.800000 0 258.9 229.5 44.7 28.0
6.833333 0 258.1 229.5 44.8 28.0
6.866667 0 257.3 229.6 44.8 27.9
6.900000 0 256.5 229.7 44.8 27.8
6.933333 0 255.6 229.8 44.8 27.8
6.966667 0 254.8 229.9 44.8 27.7
7.000000 0 254.0 230.0 44.8 27.7
7.033333 0 253.2 230.1 44.8 27.6
7.066667 0 252.4 230.2 44.9 27.5
7.100000 0 251.5 230.3 44.9 27.5
7.133333 0 250.7 230.4 44.9 27.4
7.166667 0 249.9 230.5 44.9 27.4
7.200000 0 249.1 230.5 44.9 27.3
7.233333 0 248.3 230.6 44.9 27.2
7.266667 0 247.5 230.7 45.0 27.2
7.300000 0 246.6 230.8 45.0 27.1
7.333333 0 245.8 230.9 45.0 27.1
7.366667 0 245.0 231.0 45.0 27.0
7.400000 0 243.8 231.1 45.1 27.0
7.433333 0 242.5 231.1 45.3 27.1
7.466667 0 241.3 231.2 45.4 27.1
7.500000 0 240.1 231.2 45.6 27.2
7.533333 0 238.9 231.3 45.7 27.2
7.566667 0 237.6 231.4 45.9 27.3
7.600000 0 236.4 231.4 46.0 27.3
7.633333 0 235.2 231.5 46.2 27.3
7.666667 0 233.9 231.6 46.3 27.4
7.700000 0 232.7 231.6 46.5 27.4
7.733333 0 231.5 231.7 46.6 27.5
7.766667 0 230.3 231.8 46.8 27.5
7.800000 0 229.0 231.8 46.9 27.5
7.833333 0 227.8 231.9 47.0 27.6
7.866667 0 226.6 231.9 47.2 27.6
7.900000 0 225.3 232.0 47.3 27.7
7.933333 0 224.1 232.1 47.5 27.7
7.966667 0 222.9 232.1 47.6 27.8
8.000000 0 221.6 232.2 47.8 27.8
8.033333 0 220.4 232.2 47.9 27.8
8.066667 0 219.2 232.3 48.1 27.9
8.100000 0 218.0 232.4 48.2 27.9
8.133333 0 216.7 232.4 48.4 28.0
8.166667 0 215.5 232.5 48.5 28.0
8.200000 0 214.3 232.6 48.6 28.0
8.233333 0 213.0 232.6 48.8 28.1
8.266667 0 211.8 232.7 48.9 28.1
8.300000 0 210.6 232.8 49.1 28.2
8.333333 0 209.4 232.8 49.2 28.2
8.366667 0 208.1 232.9 49.4 28.3
8.400000 0 206.9 232.9 49.5 28.3
8.433333 0 205.7 233.0 49.7 28.3
8.466667 0 204.4 233.1 49.8 28.4
8.500000 0 203.2 233.1 50.0 28.4
8.533333 0 202.0 233.2 50.1 28.5
8.566667 0 200.8 233.2 50.3 28.5
8.600000 0 199.5 233.3 50.4 28.5
8.633333 0 198.3 233.4 50.5 28.6
8.666667 0 197.1 233.4 50.7 28.6
8.700000 0 195.8 233.5 50.8 28.7
8.733333 0 194.6 233.6 51.0 28.7
8.766667 0 193.4 233.6 51.1 28.8
8.800000 0 192.1 233.7 51.3 28.8
8.833333 0 190.9 233.8 51.4 28.8
8.866667 0 189.7 233.8 51.6 28.9
8.900000 0 188.5 233.9 51.7 28.9
8.933333 0 187.2 233.9 51.9 29.0
8.966667 0 186.0 234.0 52.0 29.0
9.000000 0 184.4 234.0 52.0 29.1
9.033333 0 182.9 233.9 52.1 29.1
9.066667 0 181.3 233.9 52.1 29.2
9.100000 0 179.8 233.8 52.2 29.3
9.133333 0 178.2 233.8 52.2 29.3
9.166667 0 176.7 233.7 52.3 29.4
9.200000 0 175.1 233.7 52.3 29.5
9.233333 0 173.5 233.6 52.4 29.6
9.266667 0 172.0 233.6 52.4 29.6
9.300000 0 170.4 233.5 52.5 29.7
9.333333 0 168.9 233.5 52.5 29.8
9.366667 0 167.3 233.4 52.6 29.8
9.400000 0 165.7 233.4 52.6 29.9
9.433333 0 164.2 233.3 52.7 30.0
9.466667 0 162.6 233.3 52.7 30.0
9.500000 0 161.1 233.3 52.7 30.1
9.533333 0 159.5 233.2 52.8 30.2
9.566667 0 158.0 233.2 52.8 30.3
9.600000 0 156.4 233.1 52.9 30.3
9.633333 0 154.8 233.1 52.9 30.4
9.666667 0 153.3 233.0 53.0 30.5
9.700000 0 151.7 233.0 53.0 30.5
9.733333 0 150.2 232.9 53.1 30.6
9.766667 0 148.6 232.9 53.1 30.7
9.800000 0 147.0 232.8 53.2 30.7
9.833333 0 145.5 232.8 53.2 30.8
9.866667 0 143.9 232.7 53.3 30.9
9.900000 0 142.4 232.7 53.3 31.0
9.933333 0 140.8 232.7 53.3 31.0
9.966667 0 139.3 232.6 53.4 31.1
10.000000 0 137.7 232.6 53.4 31.2
10.033333 0 136.1 232.5 53.5 31.2
10.066667 0 134.6 232.5 53.5 31.3
10.100000 0 133.0 232.4 53.6 31.4
10.133333 0 131.5 232.4 53.6 31.4
10.166667 0 129.9 232.3 53.7 31.5
10.200000 0 128.3 232.3 53.7 31.6
10.233333 0 126.8 232.2 53.8 31.7
10.266667 0 125.2 232.2 53.8 31.7
10.300000 0 123.7 232.1 53.9 31.8
10.333333 0 122.1 232.1 53.9 31.9
10.366667 0 120.6 232.0 54.0 31.9
10.400000 0 119.0 232.0 54.0 32.0
