0.000000 0 430.0 238.0 24.0 26.0
0.033333 0 430.3 238.2 24.0 25.9
0.066667 0 430.7 238.5 24.0 25.9
0.100000 0 431.0 238.7 24.0 25.8
0.133333 0 431.4 239.0 24.0 25.8
0.166667 0 431.7 239.2 23.9 25.7
0.200000 0 432.1 239.4 23.9 25.6
0.233333 0 432.4 239.7 23.9 25.6
0.266667 0 432.8 239.9 23.9 25.5
0.300000 0 433.1 240.2 23.9 25.5
0.333333 0 433.5 240.4 23.9 25.4
0.366667 0 433.8 240.7 23.9 25.3
0.400000 0 434.2 240.9 23.9 25.3
0.433333 0 434.5 241.1 23.8 25.2
0.466667 0 434.9 241.4 23.8 25.2
0.500000 0 435.2 241.6 23.8 25.1
0.533333 0 435.6 241.9 23.8 25.0
0.566667 0 435.9 242.1 23.8 25.0
0.600000 0 436.3 242.3 23.8 24.9
0.633333 0 436.6 242.6 23.8 24.9
0.666667 0 437.0 242.8 23.8 24.8
0.700000 0 437.3 243.1 23.7 24.7
0.733333 0 437.7 243.3 23.7 24.7
0.766667 0 438.0 243.5 23.7 24.6
0.800000 0 438.4 243.8 23.7 24.6
0.833333 0 438.7 244.0 23.7 24.5
0.866667 0 439.1 244.3 23.7 24.4
0.900000 0 439.4 244.5 23.7 24.4
0.933333 0 439.8 244.7 23.7 24.3
0.966667 0 440.1 245.0 23.7 24.3
1.000000 0 440.5 245.2 23.6 24.2
1.033333 0 440.8 245.5 23.6 24.1
1.066667 0 441.2 245.7 23.6 24.1
1.100000 0 441.5 246.0 23.6 24.0
1.133333 0 441.9 246.2 23.6 24.0
1.166667 0 442.2 246.4 23.6 23.9
1.200000 0 442.6 246.7 23.6 23.8
1.233333 0 442.9 246.9 23.6 23.8
1.266667 0 443.3 247.2 23.5 23.7
1.300000 0 443.6 247.4 23.5 23.7
1.333333 0 444.0 247.6 23.5 23.6
1.366667 0 444.3 247.9 23.5 23.5
1.400000 0 444.7 248.1 23.5 23.5
1.433333 0 445.0 248.4 23.5 23.4
1.466667 0 445.4 248.6 23.5 23.3
1.500000 0 445.7 248.8 23.5 23.3
1.533333 0 446.1 249.1 23.4 23.2
1.566667 0 446.4 249.3 23.4 23.2
1.600000 0 446.8 249.6 23.4 23.1
1.633333 0 447.1 249.8 23.4 23.0
1.666667 0 447.5 250.0 23.4 23.0
1.700000 0 447.8 250.3 23.4 22.9
1.733333 0 448.2 250.5 23.4 22.9
1.766667 0 448.5 250.8 23.4 22.8
1.800000 0 448.9 251.0 23.3 22.7
1.833333 0 449.2 251.3 23.3 22.7
1.866667 0 449.6 251.5 23.3 22.6
1.900000 0 449.9 251.7 23.3 22.6
1.933333 0 450.3 252.0 23.3 22.5
1.966667 0 450.6 252.2 23.3 22.4
2.000000 0 451.0 252.5 23.3 22.4
2.033333 0 451.3 252.7 23.3 22.3
2.066667 0 451.7 252.9 23.3 22.3
2.100000 0 452.0 253.2 23.2 22.2
2.133333 0 452.4 253.4 23.2 22.1
2.166667 0 452.7 253.7 23.2 22.1
2.200000 0 453.1 253.9 23.2 22.0
2.233333 0 453.4 254.1 23.2 22.0
2.266667 0 453.8 254.4 23.2 21.9
2.300000 0 454.1 254.6 23.2 21.8
2.333333 0 454.5 254.9 23.2 21.8
2.366667 0 454.8 255.1 23.1 21.7
2.400000 0 455.2 255.3 23.1 21.7
2.433333 0 455.5 255.6 23.1 21.6
2.466667 0 455.9 255.8 23.1 21.5
2.500000 0 456.2 256.1 23.1 21.5
2.533333 0 456.6 256.3 23.1 21.4
2.566667 0 456.9 256.6 23.1 21.4
2.600000 0 457.3 256.8 23.1 21.3
2.633333 0 457.6 257.0 23.0 21.2
2.666667 0 458.0 257.3 23.0 21.2
2.700000 0 458.3 257.5 23.0 21.1
2.733333 0 458.7 257.8 23.0 21.1
2.766667 0 459.0 258.0 23.0 21.0
2.800000 0 459.4 258.2 23.0 21.0
2.833333 0 459.8 258.4 22.9 21.0
2.866667 0 460.1 258.6 22.9 21.0
2.900000 0 460.5 258.8 22.8 21.1
2.933333 0 460.9 259.0 22.8 21.1
2.966667 0 461.3 259.2 22.8 21.1
3.000000 0 461.6 259.4 22.7 21.1
3.033333 0 462.0 259.6 22.7 21.1
3.066667 0 462.4 259.8 22.7 21.1
3.100000 0 462.8 260.0 22.6 21.1
3.133333 0 463.1 260.2 22.6 21.1
3.166667 0 463.5 260.4 22.5 21.2
3.200000 0 463.9 260.6 22.5 21.2
3.233333 0 464.3 260.8 22.5 21.2
3.266667 0 464.6 261.0 22.4 21.2
3.300000 0 465.0 261.2 22.4 21.2
3.333333 0 465.4 261.4 22.4 21.2
3.366667 0 465.8 261.6 22.3 21.2
3.400000 0 466.1 261.8 22.3 21.2
3.433333 0 466.5 262.0 22.2 21.3
3.466667 0 466.9 262.2 22.2 21.3
3.500000 0 467.3 262.4 22.2 21.3
3.533333 0 467.6 262.6 22.1 21.3
3.566667 0 468.0 262.8 22.1 21.3
3.600000 0 468.4 263.0 22.1 21.3
3.633333 0 468.8 263.2 22.0 21.3
3.666667 0 469.1 263.4 22.0 21.3
3.700000 0 469.5 263.6 21.9 21.4
3.733333 0 469.9 263.8 21.9 21.4
3.766667 0 470.3 264.0 21.9 21.4
3.800000 0 470.6 264.2 21.8 21.4
3.833333 0 471.0 264.4 21.8 21.4
3.866667 0 471.4 264.6 21.8 21.4
3.900000 0 471.8 264.8 21.7 21.4
3.933333 0 472.1 265.0 21.7 21.4
3.966667 0 472.5 265.2 21.6 21.5
4.000000 0 472.9 265.4 21.6 21.5
4.033333 0 473.3 265.6 21.6 21.5
4.066667 0 473.6 265.8 21.5 21.5
4.100000 0 474.0 266.0 21.5 21.5
4.133333 0 474.4 266.2 21.5 21.5
4.166667 0 474.8 266.4 21.4 21.5
4.200000 0 475.1 266.6 21.4 21.5
4.233333 0 475.5 266.8 21.3 21.6
4.266667 0 475.9 267.0 21.3 21.6
4.300000 0 476.3 267.2 21.3 21.6
4.333333 0 476.6 267.4 21.2 21.6
4.366667 0 477.0 267.6 21.2 21.6
4.400000 0 477.4 267.8 21.2 21.6
4.433333 0 477.8 268.0 21.1 21.6
4.466667 0 478.1 268.2 21.1 21.6
4.500000 0 478.5 268.4 21.0 21.7
4.533333 0 478.9 268.6 21.0 21.7
4.566667 0 479.3 268.8 21.0 21.7
4.600000 0 479.6 269.0 20.9 21.7
4.633333 0 480.0 269.2 20.9 21.7
4.666667 0 480.4 269.4 20.9 21.7
4.700000 0 480.8 269.6 20.8 21.7
4.733333 0 481.1 269.8 20.8 21.7
4.766667 0 481.5 270.0 20.7 21.8
4.800000 0 481.9 270.2 20.7 21.8
4.833333 0 482.3 270.4 20.7 21.8
4.866667 0 482.6 270.6 20.6 21.8
4.900000 0 483.0 270.8 20.6 21.8
4.933333 0 483.4 271.0 20.6 21.8
4.966667 0 483.8 271.2 20.5 21.8
5.000000 0 484.1 271.4 20.5 21.8
5.033333 0 484.5 271.6 20.4 21.9
5.066667 0 484.9 271.8 20.4 21.9
5.100000 0 485.3 272.0 20.4 21.9
5.133333 0 485.6 272.2 20.3 21.9
5.166667 0 486.0 272.4 20.3 21.9
5.200000 0 486.4 272.6 20.3 21.9
5.233333 0 486.8 272.8 20.2 21.9
5.266667 0 487.1 273.0 20.2 21.9
5.300000 0 487.5 273.2 20.1 22.0
5.333333 0 487.9 273.4 20.1 22.0
5.366667 0 488.3 273.6 20.1 22.0
5.400000 0 488.6 273.8 20.0 22.0
5.433333 0 489.0 274.0 20.0 22.0
5.466667 0 489.3 274.1 20.1 22.1
5.500000 0 489.6 274.3 20.2 22.1
5.533333 0 489.9 274.4 20.2 22.2
5.566667 0 490.2 274.6 20.3 22.2
5.600000 0 490.5 274.7 20.4 22.3
5.633333 0 490.8 274.8 20.5 22.3
5.666667 0 491.1 275.0 20.5 22.4
5.700000 0 491.4 275.1 20.6 22.4
5.733333 0 491.7 275.3 20.7 22.5
5.766667 0 491.9 275.4 20.8 22.5
5.800000 0 492.2 275.6 20.8 22.6
5.833333 0 492.5 275.7 20.9 22.6
5.866667 0 492.8 275.8 21.0 22.7
5.900000 0 493.1 276.0 21.1 22.7
5.933333 0 493.4 276.1 21.2 22.8
5.966667 0 493.7 276.3 21.2 22.8
6.000000 0 494.0 276.4 21.3 22.9
6.033333 0 494.3 276.5 21.4 22.9
6.066667 0 494.6 276.7 21.5 23.0
6.100000 0 494.9 276.8 21.5 23.0
6.133333 0 495.2 277.0 21.6 23.1
6.166667 0 495.5 277.1 21.7 23.1
6.200000 0 495.8 277.2 21.8 23.2
6.233333 0 496.1 277.4 21.8 23.2
6.266667 0 496.4 277.5 21.9 23.3
6.300000 0 496.7 277.7 22.0 23.3
6.333333 0 497.0 277.8 22.1 23.4
6.366667 0 497.3 277.9 22.2 23.4
6.400000 0 497.6 278.1 22.2 23.5
6.433333 0 497.8 278.2 22.3 23.5
6.466667 0 498.1 278.4 22.4 23.6
6.500000 0 498.4 278.5 22.5 23.6
6.533333 0 498.7 278.7 22.5 23.7
6.566667 0 499.0 278.8 22.6 23.7
6.600000 0 499.3 278.9 22.7 23.8
6.633333 0 499.6 279.1 22.8 23.8
6.666667 0 499.9 279.2 22.8 23.9
6.700000 0 500.2 279.4 22.9 23.9
6.733333 0 500.5 279.5 23.0 24.0
6.766667 0 500.8 279.6 23.1 24.1
6.800000 0 501.1 279.8 23.2 24.1
6.833333 0 501.4 279.9 23.2 24.2
6.866667 0 501.7 280.1 23.3 24.2
6.900000 0 502.0 280.2 23.4 24.3
6.933333 0 502.3 280.3 23.5 24.3
6.966667 0 502.6 280.5 23.5 24.4
7.000000 0 502.9 280.6 23.6 24.4
7.033333 0 503.2 280.8 23.7 24.5
7.066667 0 503.4 280.9 23.8 24.5
7.100000 0 503.7 281.1 23.8 24.6
7.133333 0 504.0 281.2 23.9 24.6
7.166667 0 504.3 281.3 24.0 24.7
7.200000 0 504.6 281.5 24.1 24.7
7.233333 0 504.9 281.6 24.2 24.8
7.266667 0 505.2 281.8 24.2 24.8
7.300000 0 505.5 281.9 24.3 24.9
7.333333 0 505.8 282.0 24.4 24.9
7.366667 0 506.1 282.2 24.5 25.0
7.400000 0 506.4 282.3 24.5 25.0
7.433333 0 506.7 282.5 24.6 25.1
7.466667 0 507.0 282.6 24.7 25.1
7.500000 0 507.3 282.7 24.8 25.2
7.533333 0 507.6 282.9 24.8 25.2
7.566667 0 507.9 283.0 24.9 25.3
7.600000 0 508.2 283.2 25.0 25.3
7.633333 0 508.5 283.3 25.1 25.4
7.666667 0 508.8 283.4 25.2 25.4
7.700000 0 509.1 283.6 25.2 25.5
7.733333 0 509.3 283.7 25.3 25.5
7.766667 0 509.6 283.9 25.4 25.6
7.800000 0 509.9 284.0 25.5 25.6
7.833333 0 510.2 284.2 25.5 25.7
7.866667 0 510.5 284.3 25.6 25.7
7.900000 0 510.8 284.4 25.7 25.8
7.933333 0 511.1 284.6 25.8 25.8
7.966667 0 511.4 284.7 25.8 25.9
8.000000 0 511.7 284.9 25.9 25.9
8.033333 0 512.0 285.0 26.0 26.0
8.066667 0 512.3 285.2 26.0 26.0
8.100000 0 512.6 285.3 26.0 26.0
8.133333 0 512.9 285.5 26.0 26.0
8.166667 0 513.2 285.6 26.0 26.0
8.200000 0 513.5 285.8 25.9 25.9
8.233333 0 513.8 285.9 25.9 25.9
8.266667 0 514.1 286.1 25.9 25.9
8.300000 0 514.4 286.2 25.9 25.9
8.333333 0 514.6 286.4 25.9 25.9
8.366667 0 514.9 286.5 25.9 25.9
8.400000 0 515.2 286.7 25.9 25.9
8.433333 0 515.5 286.8 25.9 25.9
8.466667 0 515.8 287.0 25.8 25.8
8.500000 0 516.1 287.1 25.8 25.8
8.533333 0 516.4 287.3 25.8 25.8
8.566667 0 516.7 287.4 25.8 25.8
8.600000 0 517.0 287.6 25.8 25.8
8.633333 0 517.3 287.8 25.8 25.8
8.666667 0 517.6 287.9 25.8 25.8
8.700000 0 517.9 288.1 25.8 25.8
8.733333 0 518.2 288.2 25.8 25.8
8.766667 0 518.5 288.4 25.7 25.7
8.800000 0 518.8 288.5 25.7 25.7
8.833333 0 519.1 288.7 25.7 25.7
8.866667 0 519.4 288.8 25.7 25.7
8.900000 0 519.6 289.0 25.7 25.7
8.933333 0 519.9 289.1 25.7 25.7
8.966667 0 520.2 289.3 25.7 25.7
9.000000 0 520.5 289.4 25.7 25.7
9.033333 0 520.8 289.6 25.6 25.6
9.066667 0 521.1 289.7 25.6 25.6
9.100000 0 521.4 289.9 25.6 25.6
9.133333 0 521.7 290.0 25.6 25.6
9.166667 0 522.0 290.2 25.6 25.6
9.200000 0 522.3 290.4 25.6 25.6
9.233333 0 522.6 290.5 25.6 25.6
9.266667 0 522.9 290.7 25.6 25.6
9.300000 0 523.2 290.8 25.6 25.6
9.333333 0 523.5 291.0 25.5 25.5
9.366667 0 523.8 291.1 25.5 25.5
9.400000 0 524.1 291.3 25.5 25.5
9.433333 0 524.4 291.4 25.5 25.5
9.466667 0 524.6 291.6 25.5 25.5
9.500000 0 524.9 291.7 25.5 25.5
9.533333 0 525.2 291.9 25.5 25.5
9.566667 0 525.5 292.0 25.5 25.5
9.600000 0 525.8 292.2 25.4 25.4
9.633333 0 526.1 292.3 25.4 25.4
9.666667 0 526.4 292.5 25.4 25.4
9.700000 0 526.7 292.6 25.4 25.4
9.733333 0 527.0 292.8 25.4 25.4
9.766667 0 527.3 293.0 25.4 25.4
9.800000 0 527.6 293.1 25.4 25.4
9.833333 0 527.9 293.3 25.4 25.4
9.866667 0 528.2 293.4 25.4 25.4
9.900000 0 528.5 293.6 25.3 25.3
9.933333 0 528.8 293.7 25.3 25.3
9.966667 0 529.1 293.9 25.3 25.3
10.000000 0 529.4 294.0 25.3 25.3
10.033333 0 529.6 294.2 25.3 25.3
10.066667 0 529.9 294.3 25.3 25.3
10.100000 0 530.2 294.5 25.3 25.3
10.133333 0 530.5 294.6 25.3 25.3
10.166667 0 530.8 294.8 25.2 25.2
10.200000 0 531.1 294.9 25.2 25.2
10.233333 0 531.4 295.1 25.2 25.2
10.266667 0 531.7 295.2 25.2 25.2
10.300000 0 532.0 295.4 25.2 25.2
10.333333 0 532.3 295.6 25.2 25.2
10.366667 0 532.6 295.7 25.2 25.2
10.400000 0 532.9 295.9 25.2 25.2
10.433333 0 533.2 296.0 25.2 25.2
10.466667 0 533.5 296.2 25.1 25.1
10.500000 0 533.8 296.3 25.1 25.1
10.533333 0 534.1 296.5 25.1 25.1
10.566667 0 534.4 296.6 25.1 25.1
10.600000 0 534.6 296.8 25.1 25.1
10.633333 0 534.9 296.9 25.1 25.1
10.666667 0 535.2 297.1 25.1 25.1
10.700000 0 535.5 297.2 25.1 25.1
10.733333 0 535.8 297.4 25.0 25.0
10.766667 0 536.1 297.5 25.0 25.0
10.800000 0 536.4 297.7 25.0 25.0
10.833333 0 536.7 297.8 25.0 25.0
10.866667 0 537.0 298.0 25.0 25.0
