0.033333 0 542.1 86.1 34.9 23.9
0.066667 0 539.8 85.1 35.8 25.7
0.100000 0 534.9 84.4 38.9 27.4
0.133333 0 534.4 85.2 36.6 25.7
0.166667 0 530.4 84.4 38.4 27.3
0.200000 0 531.1 86.1 34.2 23.6
0.233333 0 525.7 84.8 38.1 26.8
0.266667 0 524.8 85.4 37.2 25.6
0.300000 0 523.2 86.2 33.3 23.3
0.333333 0 521.7 86.0 33.4 23.6
0.366667 0 516.8 84.5 36.0 26.7
0.400000 0 515.8 85.1 35.0 25.5
0.433333 0 508.1 81.1 43.5 33.9
0.466667 0 511.7 85.5 33.5 24.4
0.500000 0 505.1 83.1 40.0 29.9
0.533333 0 505.5 84.8 32.9 25.4
0.566667 0 503.1 85.6 31.3 23.5
0.600000 0 499.9 85.8 31.3 23.4
0.633333 0 497.0 84.5 33.7 26.1
0.666667 0 493.6 84.6 34.4 26.0
0.700000 0 493.4 85.5 32.6 24.1
0.733333 0 489.0 84.8 33.7 25.5
0.766667 0 486.8 85.3 32.7 24.3
0.800000 0 485.2 85.3 32.5 24.3
0.833333 0 482.1 85.2 32.7 24.5
0.866667 0 480.4 84.8 33.4 25.2
0.900000 0 476.8 84.2 34.7 26.3
0.933333 0 473.9 84.3 34.4 26.2
0.966667 0 472.7 84.6 33.7 25.4
1.000000 0 468.2 83.8 36.7 26.9
1.033333 0 466.5 83.8 37.7 26.7
1.066667 0 462.6 82.5 39.4 29.3
1.100000 0 462.5 83.4 34.1 26.0
1.133333 0 461.2 83.4 34.2 25.8
1.166667 0 457.4 82.9 35.8 26.7
1.200000 0 453.0 80.2 41.9 32.2
1.233333 0 450.1 80.4 41.6 31.6
1.266667 0 450.0 81.9 39.1 28.4
1.300000 0 446.6 81.3 40.1 29.6
1.333333 0 445.3 81.3 39.6 29.6
1.366667 0 445.7 83.1 33.3 25.1
1.400000 0 442.5 81.2 36.4 28.8
1.433333 0 438.8 80.3 38.3 29.9
1.466667 0 437.8 80.8 37.7 29.0
1.500000 0 433.9 80.0 39.5 30.4
1.533333 0 433.2 81.3 38.6 27.8
1.566667 0 432.0 82.0 35.0 25.8
1.600000 0 428.8 81.4 35.9 26.8
1.633333 0 428.3 82.3 34.0 24.9
1.666667 0 426.8 82.8 31.5 23.4
1.700000 0 425.4 82.5 31.9 23.5
1.733333 0 422.7 82.0 31.4 23.1
1.766667 0 419.6 80.7 34.8 26.1
1.800000 0 417.0 80.8 34.0 25.7
1.833333 0 415.2 80.4 35.4 26.7
1.866667 0 414.0 81.4 32.2 24.1
1.900000 0 412.4 80.9 33.0 24.9
1.933333 0 410.4 82.0 30.9 22.7
1.966667 0 407.9 82.1 30.6 22.3
2.000000 0 406.7 82.1 31.6 22.2
2.033333 0 402.0 80.8 34.1 24.8
2.066667 0 400.4 80.4 34.5 25.7
2.100000 0 396.4 79.4 37.0 27.3
2.133333 0 395.8 80.4 32.3 23.9
2.166667 0 394.1 81.2 31.0 22.3
2.200000 0 389.7 80.4 33.5 23.5
2.233333 0 388.1 80.0 34.9 24.1
2.266667 0 385.0 80.0 35.1 24.1
2.300000 0 384.1 79.8 35.3 24.6
2.333333 0 379.7 78.9 37.4 26.5
2.366667 0 379.0 78.9 37.0 26.4
2.400000 0 375.8 78.9 36.7 26.3
2.433333 0 373.8 78.4 38.1 27.4
2.466667 0 371.2 78.7 37.1 26.7
2.500000 0 371.2 79.6 34.0 24.4
2.533333 0 368.6 79.7 34.0 24.3
2.566667 0 368.2 79.9 32.6 23.6
2.600000 0 365.8 80.2 31.6 22.0
2.633333 0 362.7 80.2 31.8 22.1
2.666667 0 359.7 78.8 34.4 24.9
2.700000 0 356.2 78.2 35.7 26.1
2.733333 0 355.7 79.2 33.9 24.1
2.766667 0 352.9 79.6 33.5 23.1
2.800000 0 349.9 79.6 33.5 23.2
2.833333 0 348.4 79.4 34.2 23.6
2.866667 0 345.7 79.6 33.5 23.1
2.900000 0 343.8 79.3 34.2 23.9
2.933333 0 340.8 79.2 34.2 24.0
2.966667 0 339.2 79.1 34.6 24.0
3.000000 0 337.2 80.0 32.5 22.4
3.033333 0 333.7 79.0 33.8 24.4
3.066667 0 332.6 78.9 33.6 24.0
3.100000 0 329.1 79.0 33.9 23.8
3.133333 0 326.3 77.7 37.1 26.7
3.166667 0 323.3 77.8 37.0 26.5
3.200000 0 323.8 79.7 32.8 23.0
3.233333 0 321.4 80.3 31.2 21.7
3.266667 0 317.3 79.1 34.0 24.0
3.300000 0 315.0 78.9 34.6 24.4
3.333333 0 314.7 80.3 29.5 20.6
3.366667 0 313.5 80.4 29.5 20.5
3.400000 0 311.9 81.0 27.1 18.7
3.433333 0 309.0 81.0 26.9 18.6
3.466667 0 307.3 80.7 27.4 19.1
3.500000 0 303.4 80.1 28.9 20.0
3.533333 0 302.0 80.1 28.9 20.1
3.566667 0 300.0 79.9 29.4 20.5
3.600000 0 297.1 80.0 29.5 20.3
3.633333 0 291.1 79.4 29.3 20.5
3.666667 0 290.0 79.6 28.6 19.9
3.700000 0 288.4 79.6 28.6 19.9
3.733333 0 286.3 79.9 26.9 18.9
3.766667 0 284.8 79.8 27.0 19.0
3.800000 0 280.6 78.9 29.3 20.4
3.833333 0 279.0 78.9 29.6 20.5
3.866667 0 275.7 78.5 30.4 21.3
3.900000 0 274.9 79.2 29.0 19.9
3.933333 0 255.0 178.0 114.0 54.0
3.966667 0 254.6 178.4 113.8 54.1
4.000000 0 253.9 178.8 114.3 54.2
4.033333 0 253.4 179.1 113.9 54.1
4.066667 0 251.8 179.9 114.5 54.2
4.100000 0 251.0 180.4 114.0 54.2
4.133333 0 249.8 181.1 113.8 54.0
4.166667 0 248.8 181.7 114.4 54.4
4.200000 0 247.5 182.1 114.3 54.3
4.233333 0 246.6 183.1 114.3 54.2
4.266667 0 245.7 183.4 114.4 54.8
4.300000 0 244.8 184.9 114.2 54.7
4.333333 0 244.0 185.5 114.2 54.6
4.366667 0 243.2 186.1 113.9 54.4
4.400000 0 242.2 186.9 114.3 54.8
4.433333 0 241.3 187.9 114.2 54.6
4.466667 0 240.4 188.6 114.5 54.3
4.500000 0 239.1 188.6 115.4 55.3
4.533333 0 239.2 189.7 114.7 54.6
4.566667 0 239.4 189.9 113.9 54.2
4.600000 0 238.5 189.9 114.2 54.5
4.633333 0 237.5 189.9 114.8 55.5
4.666667 0 237.4 189.8 114.8 55.6
4.700000 0 236.7 189.9 115.2 55.7
4.733333 0 236.5 189.9 115.5 56.1
4.766667 0 236.0 190.7 114.4 55.4
4.800000 0 235.2 191.2 114.6 55.3
4.833333 0 234.4 191.2 115.0 55.7
4.866667 0 233.9 191.3 114.8 55.5
4.900000 0 233.4 191.7 114.7 55.3
4.933333 0 232.9 192.3 115.0 55.5
4.966667 0 233.0 192.6 115.0 55.7
5.000000 0 232.3 192.9 116.0 56.4
5.033333 0 232.5 193.6 115.4 56.1
5.066667 0 232.3 193.9 115.6 56.0
5.100000 0 232.3 194.2 115.4 55.9
5.133333 0 232.8 194.0 115.1 55.6
5.166667 0 233.2 193.3 115.3 55.8
5.200000 0 233.6 192.9 115.7 55.9
5.233333 0 233.7 192.7 115.6 56.0
5.266667 0 234.2 193.2 115.2 55.6
5.300000 0 234.4 193.2 115.6 55.9
5.333333 0 234.7 193.7 115.2 55.6
5.366667 0 235.1 193.5 115.6 56.2
5.400000 0 235.2 194.1 116.1 56.6
5.433333 0 236.0 194.3 115.5 56.2
5.466667 0 236.8 193.9 115.5 56.0
5.500000 0 238.0 193.8 115.3 56.2
5.533333 0 238.7 193.4 115.5 56.3
5.566667 0 239.1 193.5 115.3 56.1
5.600000 0 239.3 192.9 115.9 57.0
5.633333 0 240.1 192.9 115.9 56.6
5.666667 0 240.8 193.2 115.3 55.7
5.700000 0 241.5 192.6 115.5 56.0
5.733333 0 242.3 192.3 115.9 56.5
5.766667 0 243.2 191.7 115.8 56.6
5.800000 0 244.1 191.1 115.8 56.8
5.833333 0 244.8 190.9 115.8 56.4
5.866667 0 245.7 190.2 115.2 56.2
5.900000 0 246.4 189.4 115.7 56.6
5.933333 0 247.4 188.8 115.5 56.3
5.966667 0 247.9 188.3 116.1 57.0
6.000000 0 248.6 187.6 116.3 56.6
6.033333 0 249.7 187.3 115.8 56.3
6.066667 0 250.5 185.9 116.1 56.4
6.100000 0 252.0 185.1 115.7 56.8
6.133333 0 252.7 185.0 115.6 56.6
6.166667 0 254.0 184.4 115.6 56.5
6.200000 0 254.7 183.7 115.9 56.4
6.233333 0 255.5 183.4 115.6 56.3
6.266667 0 256.2 183.0 115.8 56.9
6.300000 0 256.5 183.3 115.7 56.9
6.333333 0 256.7 183.0 116.2 57.2
6.366667 0 257.6 183.5 115.8 56.8
6.400000 0 258.0 183.7 115.8 57.0
6.433333 0 258.2 184.2 115.6 56.6
6.466667 0 258.7 184.3 115.5 56.2
6.500000 0 258.9 184.4 115.2 56.1
6.533333 0 259.0 184.7 115.2 56.0
6.566667 0 313.5 250.3 68.2 49.5
6.600000 0 313.0 249.7 68.6 50.0
6.633333 0 312.8 249.3 68.5 49.9
6.666667 0 312.6 249.1 68.4 49.7
6.700000 0 312.0 248.7 68.7 50.0
6.733333 0 311.7 248.5 68.6 50.0
6.766667 0 311.6 248.2 68.3 49.6
6.800000 0 311.2 247.8 68.6 49.9
6.833333 0 310.9 247.5 68.6 50.0
6.866667 0 310.9 247.1 68.6 49.9
6.900000 0 310.7 246.7 68.7 50.1
6.933333 0 310.8 246.3 68.5 49.9
6.966667 0 310.8 246.0 68.5 49.9
7.000000 0 310.7 245.7 68.7 50.0
7.033333 0 310.7 245.5 68.6 49.9
7.066667 0 310.7 245.5 68.6 49.9
7.100000 0 310.7 245.4 68.5 49.9
7.133333 0 310.7 245.4 68.5 49.9
7.166667 0 310.7 245.4 68.5 49.9
7.200000 0 310.7 245.5 68.5 49.9
7.233333 0 310.7 245.5 68.5 49.9
7.266667 0 310.6 245.4 68.6 49.9
7.300000 0 310.7 245.3 68.5 49.9
7.333333 0 310.6 245.2 68.5 49.8
7.366667 0 310.6 245.2 68.6 49.9
7.400000 0 310.6 245.2 68.6 49.9
7.433333 0 310.7 245.5 68.5 49.8
7.466667 0 310.8 244.8 68.7 50.0
7.500000 0 311.3 244.6 68.5 49.7
7.533333 0 311.7 244.2 68.5 49.9
7.566667 0 312.0 244.4 68.6 49.9
7.600000 0 312.4 244.8 68.6 49.8
7.633333 0 312.8 245.0 68.7 50.1
7.666667 0 313.4 245.5 68.8 50.0
7.700000 0 314.2 245.9 68.6 49.8
7.733333 0 315.2 246.6 68.6 49.8
7.766667 0 316.3 247.2 68.5 49.7
7.800000 0 317.4 247.5 68.6 49.8
7.833333 0 318.4 247.9 68.7 49.9
7.866667 0 319.4 248.7 69.0 50.2
7.900000 0 320.4 249.5 69.0 50.2
7.933333 0 321.5 250.2 68.8 50.0
7.966667 0 321.9 250.5 69.1 50.3
8.000000 0 322.2 250.9 69.1 50.3
8.033333 0 322.1 250.4 69.3 50.4
8.066667 0 322.0 250.0 69.2 50.3
8.100000 0 321.6 249.5 69.7 50.8
8.133333 0 321.2 249.2 70.2 51.3
8.166667 0 320.9 249.0 70.6 51.6
8.200000 0 320.7 248.8 70.7 51.7
8.233333 0 320.3 249.0 71.1 51.9
8.266667 0 319.9 248.8 71.9 52.6
8.300000 0 319.7 248.8 72.3 53.0
8.333333 0 319.6 248.5 73.0 53.6
8.366667 0 320.0 248.6 73.3 53.8
8.400000 0 320.2 248.3 74.0 54.5
8.433333 0 320.0 248.2 75.2 55.4
8.466667 0 320.1 248.0 76.2 56.3
8.500000 0 320.0 248.5 76.5 56.5
8.533333 0 319.7 248.7 77.1 56.9
8.566667 0 316.1 249.2 80.3 57.0
8.600000 0 315.4 248.8 81.6 58.0
8.633333 0 276.8 203.0 93.0 111.7
8.666667 0 275.5 202.5 93.6 112.3
8.700000 0 274.0 202.2 94.2 112.7
8.733333 0 271.7 201.6 95.2 113.6
8.766667 0 269.4 201.2 95.8 114.1
8.800000 0 267.2 200.6 96.7 114.9
8.833333 0 265.2 200.1 97.4 115.5
8.866667 0 263.3 199.6 98.4 116.3
8.900000 0 261.4 199.4 99.1 116.9
8.933333 0 260.0 199.7 99.7 117.4
8.966667 0 259.0 199.9 100.8 118.3
9.000000 0 258.9 200.0 101.4 118.8
9.033333 0 258.7 199.5 102.7 119.9
9.066667 0 259.1 199.2 103.4 120.4
9.100000 0 260.2 198.7 104.3 121.2
9.133333 0 261.5 198.0 105.4 122.1
9.166667 0 263.4 197.7 106.1 122.7
9.200000 0 265.4 197.1 106.7 123.2
9.233333 0 267.0 196.6 107.6 123.9
9.266667 0 267.9 196.3 108.4 124.5
9.300000 0 268.3 195.8 109.3 125.2
9.333333 0 268.2 195.5 110.1 125.8
9.366667 0 268.1 195.0 111.0 126.5
9.400000 0 268.1 194.5 111.7 127.0
9.433333 0 267.5 194.1 112.5 127.7
9.466667 0 266.7 193.9 113.4 128.4
9.500000 0 266.3 193.6 114.1 128.9
9.533333 0 266.0 193.3 114.9 129.5
9.566667 0 265.7 193.0 115.6 130.0
9.600000 0 265.5 192.5 116.6 130.8
9.633333 0 266.0 191.9 117.2 131.2
9.666667 0 267.2 191.0 118.0 131.8
9.700000 0 268.7 189.5 118.5 132.2
9.733333 0 269.8 188.3 119.4 132.8
9.766667 0 270.8 187.2 119.9 133.1
9.800000 0 271.6 186.2 120.6 133.6
9.833333 0 272.3 185.3 121.4 134.1
9.866667 0 273.2 184.4 121.9 134.5
9.900000 0 273.5 183.6 122.5 134.8
9.933333 0 273.3 182.3 123.2 135.3
9.966667 0 272.6 180.0 123.8 135.7
10.000000 0 271.8 177.7 124.3 136.0
10.033333 0 271.4 175.5 125.0 136.5
10.066667 0 271.1 173.7 125.4 136.7
10.100000 0 271.2 171.4 126.2 137.2
10.133333 0 272.4 169.5 126.8 137.6
10.166667 0 274.2 167.2 127.4 138.0
10.200000 0 276.3 163.6 127.8 138.1
10.233333 0 277.9 157.7 128.3 138.3
10.266667 0 279.1 151.8 128.8 138.6
10.300000 0 279.4 145.6 129.5 139.0
10.333333 0 279.4 140.0 130.1 139.4
10.366667 0 279.4 135.3 130.8 139.8
10.400000 0 280.0 131.5 131.2 140.0
10.433333 0 280.7 128.3 131.8 140.3
10.466667 0 281.2 126.3 132.5 140.8
10.500000 0 281.7 125.1 133.1 141.0
10.533333 0 282.0 123.9 133.8 141.4
10.566667 0 282.5 123.1 134.2 141.5
10.600000 0 283.1 122.5 134.6 141.7
10.633333 0 283.2 122.2 135.2 142.0
10.666667 0 283.1 122.1 135.4 141.9
