0.033333 0 299.0 467.0 37.0 28.0
0.066667 0 299.0 465.4 37.1 28.0
0.100000 0 298.9 463.9 37.2 28.1
0.133333 0 298.9 462.3 37.3 28.1
0.166667 0 298.9 460.8 37.4 28.1
0.200000 0 298.8 459.2 37.5 28.2
0.233333 0 298.8 457.6 37.6 28.2
0.266667 0 298.8 456.1 37.7 28.2
0.300000 0 298.7 454.5 37.8 28.3
0.333333 0 298.7 452.9 37.9 28.3
0.366667 0 298.6 451.4 38.1 28.4
0.400000 0 298.6 449.8 38.2 28.4
0.433333 0 298.6 448.3 38.3 28.4
0.466667 0 298.5 446.7 38.4 28.5
0.500000 0 298.5 445.1 38.5 28.5
0.533333 0 298.5 443.6 38.6 28.5
0.566667 0 298.4 442.0 38.7 28.6
0.600000 0 298.4 440.5 38.8 28.6
0.633333 0 298.4 438.9 38.9 28.6
0.666667 0 298.3 437.3 39.0 28.7
0.700000 0 298.3 435.8 39.1 28.7
0.733333 0 298.3 434.2 39.2 28.7
0.766667 0 298.2 432.6 39.3 28.8
0.800000 0 298.2 431.1 39.4 28.8
0.833333 0 298.2 429.5 39.5 28.8
0.866667 0 298.1 428.0 39.6 28.9
0.900000 0 298.1 426.4 39.7 28.9
0.933333 0 298.1 424.8 39.8 28.9
0.966667 0 298.0 423.3 39.9 29.0
1.000000 0 298.0 421.7 40.1 29.0
1.033333 0 297.9 420.2 40.2 29.1
1.066667 0 297.9 418.6 40.3 29.1
1.100000 0 297.9 417.0 40.4 29.1
1.133333 0 297.8 415.5 40.5 29.2
1.166667 0 297.8 413.9 40.6 29.2
1.200000 0 297.8 412.4 40.7 29.2
1.233333 0 297.7 410.8 40.8 29.3
1.266667 0 297.7 409.2 40.9 29.3
1.300000 0 297.7 407.7 41.0 29.3
1.333333 0 297.6 406.1 41.1 29.4
1.366667 0 297.6 404.5 41.2 29.4
1.400000 0 297.6 403.0 41.3 29.4
1.433333 0 297.5 401.4 41.4 29.5
1.466667 0 297.5 399.9 41.5 29.5
1.500000 0 297.5 398.3 41.6 29.5
1.533333 0 297.4 396.7 41.7 29.6
1.566667 0 297.4 395.2 41.8 29.6
1.600000 0 297.4 393.6 41.9 29.6
1.633333 0 297.3 392.1 42.1 29.7
1.666667 0 297.3 390.5 42.2 29.7
1.700000 0 297.2 388.9 42.3 29.8
1.733333 0 297.2 387.4 42.4 29.8
1.766667 0 297.2 385.8 42.5 29.8
1.800000 0 297.1 384.2 42.6 29.9
1.833333 0 297.1 382.7 42.7 29.9
1.866667 0 297.1 381.1 42.8 29.9
1.900000 0 297.0 379.6 42.9 30.0
1.933333 0 297.0 378.0 43.0 30.0
1.966667 0 296.7 376.4 43.1 30.0
2.000000 0 296.4 374.7 43.1 30.0
2.033333 0 296.0 373.1 43.2 29.9
2.066667 0 295.7 371.5 43.3 29.9
2.100000 0 295.4 369.8 43.4 29.9
2.133333 0 295.1 368.2 43.4 29.9
2.166667 0 294.8 366.6 43.5 29.8
2.200000 0 294.5 364.9 43.6 29.8
2.233333 0 294.1 363.3 43.7 29.8
2.266667 0 293.8 361.7 43.7 29.8
2.300000 0 293.5 360.0 43.8 29.7
2.333333 0 293.2 358.4 43.9 29.7
2.366667 0 292.9 356.8 44.0 29.7
2.400000 0 292.6 355.1 44.0 29.7
2.433333 0 292.2 353.5 44.1 29.6
2.466667 0 291.9 351.9 44.2 29.6
2.500000 0 291.6 350.2 44.2 29.6
2.533333 0 291.3 348.6 44.3 29.6
2.566667 0 291.0 347.0 44.4 29.5
2.600000 0 290.7 345.3 44.5 29.5
2.633333 0 290.3 343.7 44.5 29.5
2.666667 0 290.0 342.0 44.6 29.5
2.700000 0 289.7 340.4 44.7 29.4
2.733333 0 289.4 338.8 44.8 29.4
2.766667 0 289.1 337.1 44.8 29.4
2.800000 0 288.8 335.5 44.9 29.4
2.833333 0 288.4 333.9 45.0 29.3
2.866667 0 288.1 332.2 45.0 29.3
2.900000 0 287.8 330.6 45.1 29.3
2.933333 0 287.5 329.0 45.2 29.3
2.966667 0 287.2 327.3 45.3 29.2
3.000000 0 286.9 325.7 45.3 29.2
3.033333 0 286.5 324.1 45.4 29.2
3.066667 0 286.2 322.4 45.5 29.2
3.100000 0 285.9 320.8 45.6 29.1
3.133333 0 285.6 319.2 45.6 29.1
3.166667 0 285.3 317.5 45.7 29.1
3.200000 0 285.0 315.9 45.8 29.1
3.233333 0 284.6 314.3 45.9 29.0
3.266667 0 284.3 312.6 45.9 29.0
3.300000 0 284.0 311.0 46.0 29.0
3.333333 0 283.5 309.1 46.0 29.0
3.366667 0 283.0 307.2 45.9 29.0
3.400000 0 282.5 305.2 45.9 29.0
3.433333 0 282.0 303.3 45.8 29.0
3.466667 0 281.5 301.4 45.8 29.0
3.500000 0 281.0 299.5 45.7 29.0
3.533333 0 280.6 297.6 45.7 29.0
3.566667 0 280.1 295.7 45.6 29.0
3.600000 0 279.6 293.7 45.6 29.0
3.633333 0 279.1 291.8 45.5 29.0
3.666667 0 278.6 289.9 45.5 29.0
3.700000 0 278.1 288.0 45.4 29.0
3.733333 0 277.6 286.1 45.4 29.0
3.766667 0 277.1 284.1 45.3 29.0
3.800000 0 276.6 282.2 45.3 29.0
3.833333 0 276.1 280.3 45.2 29.0
3.866667 0 275.6 278.4 45.2 29.0
3.900000 0 275.1 276.5 45.1 29.0
3.933333 0 274.7 274.6 45.1 29.0
3.966667 0 274.2 272.6 45.0 29.0
4.000000 0 273.7 270.7 45.0 29.0
4.033333 0 273.2 268.8 44.9 29.0
4.066667 0 272.7 266.9 44.9 29.0
4.100000 0 272.2 265.0 44.8 29.0
4.133333 0 271.7 263.0 44.8 29.0
4.166667 0 271.2 261.1 44.7 29.0
4.200000 0 270.7 259.2 44.7 29.0
4.233333 0 270.2 257.3 44.6 29.0
4.266667 0 269.7 255.4 44.6 29.0
4.300000 0 269.2 253.5 44.5 29.0
4.333333 0 268.8 251.5 44.5 29.0
4.366667 0 268.3 249.6 44.4 29.0
4.400000 0 267.8 247.7 44.4 29.0
4.433333 0 267.3 245.8 44.3 29.0
4.466667 0 266.8 243.9 44.3 29.0
4.500000 0 266.3 242.0 44.2 29.0
4.533333 0 265.8 240.0 44.2 29.0
4.566667 0 265.3 238.1 44.1 29.0
4.600000 0 264.8 236.2 44.1 29.0
4.633333 0 264.3 234.3 44.0 29.0
4.666667 0 263.8 232.4 44.0 29.0
4.700000 0 263.3 230.4 43.9 29.0
4.733333 0 262.9 228.5 43.9 29.0
4.766667 0 262.4 226.6 43.8 29.0
4.800000 0 261.9 224.7 43.8 29.0
4.833333 0 261.4 222.8 43.7 29.0
4.866667 0 260.9 220.9 43.7 29.0
4.900000 0 260.4 218.9 43.6 29.0
4.933333 0 259.9 217.0 43.6 29.0
4.966667 0 259.4 215.1 43.5 29.0
5.000000 0 258.9 213.2 43.5 29.0
5.033333 0 258.4 211.3 43.4 29.0
5.066667 0 257.9 209.3 43.4 29.0
5.100000 0 257.4 207.4 43.3 29.0
5.133333 0 257.0 205.5 43.3 29.0
5.166667 0 256.5 203.6 43.2 29.0
5.200000 0 256.0 201.7 43.2 29.0
5.233333 0 255.5 199.8 43.1 29.0
5.266667 0 255.0 197.8 43.1 29.0
5.300000 0 254.5 195.9 43.0 29.0
5.333333 0 254.0 194.0 43.0 29.0
5.366667 0 253.1 191.6 43.0 29.1
5.400000 0 252.2 189.2 43.1 29.3
5.433333 0 251.4 186.7 43.1 29.4
5.466667 0 250.5 184.3 43.2 29.6
5.500000 0 249.6 181.9 43.2 29.7
5.533333 0 248.7 179.5 43.2 29.8
5.566667 0 247.8 177.1 43.3 30.0
5.600000 0 247.0 174.6 43.3 30.1
5.633333 0 246.1 172.2 43.4 30.3
5.666667 0 245.2 169.8 43.4 30.4
5.700000 0 244.3 167.4 43.4 30.5
5.733333 0 243.4 165.0 43.5 30.7
5.766667 0 242.6 162.5 43.5 30.8
5.800000 0 241.7 160.1 43.6 31.0
5.833333 0 240.8 157.7 43.6 31.1
5.866667 0 239.9 155.3 43.6 31.2
5.900000 0 239.0 152.9 43.7 31.4
5.933333 0 238.2 150.4 43.7 31.5
5.966667 0 237.3 148.0 43.8 31.7
6.000000 0 236.4 145.6 43.8 31.8
6.033333 0 235.5 143.2 43.8 31.9
6.066667 0 234.6 140.8 43.9 32.1
6.100000 0 233.8 138.3 43.9 32.2
6.133333 0 232.9 135.9 44.0 32.4
6.166667 0 232.0 133.5 44.0 32.5
6.200000 0 231.1 131.1 44.0 32.6
6.233333 0 230.2 128.7 44.1 32.8
6.266667 0 229.4 126.2 44.1 32.9
6.300000 0 228.5 123.8 44.2 33.1
6.333333 0 227.6 121.4 44.2 33.2
6.366667 0 226.7 119.0 44.2 33.3
6.400000 0 225.8 116.6 44.3 33.5
6.433333 0 225.0 114.1 44.3 33.6
6.466667 0 224.1 111.7 44.4 33.8
6.500000 0 223.2 109.3 44.4 33.9
6.533333 0 222.3 106.9 44.4 34.0
6.566667 0 221.4 104.5 44.5 34.2
6.600000 0 220.6 102.0 44.5 34.3
6.633333 0 219.7 99.6 44.6 34.5
6.666667 0 218.8 97.2 44.6 34.6
6.700000 0 217.9 94.8 44.6 34.7
6.733333 0 217.0 92.4 44.7 34.9
6.766667 0 216.2 89.9 44.7 35.0
6.800000 0 215.3 87.5 44.8 35.2
6.833333 0 214.4 85.1 44.8 35.3
6.866667 0 213.5 82.7 44.8 35.4
6.900000 0 212.6 80.3 44.9 35.6
6.933333 0 211.8 77.8 44.9 35.7
6.966667 0 210.9 75.4 45.0 35.9
7.000000 0 210.0 73.0 45.0 36.0
7.033333 0 302.0 133.0 22.0 22.0
7.066667 0 304.0 132.0 22.1 22.0
7.100000 0 306.0 131.0 22.3 22.0
7.133333 0 307.9 130.0 22.4 21.9
7.166667 0 309.9 129.0 22.6 21.9
7.200000 0 311.9 128.0 22.7 21.9
7.233333 0 313.9 127.0 22.8 21.9
7.266667 0 315.8 126.0 23.0 21.8
7.300000 0 317.8 125.0 23.1 21.8
7.333333 0 319.8 124.0 23.3 21.8
7.366667 0 321.8 123.0 23.4 21.8
7.400000 0 323.7 122.0 23.5 21.7
7.433333 0 325.7 121.0 23.7 21.7
7.466667 0 327.7 120.0 23.8 21.7
7.500000 0 329.7 119.0 24.0 21.7
7.533333 0 331.7 118.0 24.1 21.7
7.566667 0 333.6 117.0 24.2 21.6
7.600000 0 335.6 116.0 24.4 21.6
7.633333 0 337.6 115.0 24.5 21.6
7.666667 0 339.6 114.0 24.7 21.6
7.700000 0 341.5 113.0 24.8 21.5
7.733333 0 343.5 112.0 24.9 21.5
7.766667 0 345.5 111.0 25.1 21.5
7.800000 0 347.5 110.0 25.2 21.5
7.833333 0 349.4 109.0 25.3 21.4
7.866667 0 351.4 108.0 25.5 21.4
7.900000 0 353.4 107.0 25.6 21.4
7.933333 0 355.4 106.0 25.8 21.4
7.966667 0 357.3 105.0 25.9 21.3
8.000000 0 359.3 104.0 26.0 21.3
8.033333 0 361.3 103.0 26.2 21.3
8.066667 0 363.3 102.0 26.3 21.3
8.100000 0 365.3 101.0 26.5 21.3
8.133333 0 367.2 100.0 26.6 21.2
8.166667 0 369.2 99.0 26.7 21.2
8.200000 0 371.2 98.0 26.9 21.2
8.233333 0 373.2 97.0 27.0 21.2
8.266667 0 375.1 96.0 27.2 21.1
8.300000 0 377.1 95.0 27.3 21.1
8.333333 0 379.1 94.0 27.4 21.1
8.366667 0 381.1 93.0 27.6 21.1
8.400000 0 383.0 92.0 27.7 21.0
8.433333 0 385.0 91.0 27.9 21.0
8.466667 0 387.0 90.0 28.0 21.0
8.500000 0 388.6 89.1 27.9 20.8
8.533333 0 390.2 88.2 27.8 20.6
8.566667 0 391.8 87.3 27.7 20.4
8.600000 0 393.4 86.4 27.6 20.2
8.633333 0 395.0 85.5 27.5 20.0
8.666667 0 396.6 84.6 27.4 19.8
8.700000 0 398.2 83.7 27.3 19.6
8.733333 0 399.8 82.8 27.2 19.4
8.766667 0 401.4 81.9 27.1 19.2
8.800000 0 403.0 81.0 27.0 19.0
8.833333 0 404.8 80.2 26.9 19.1
8.866667 0 406.5 79.5 26.8 19.2
8.900000 0 408.3 78.7 26.8 19.2
8.933333 0 410.1 77.9 26.7 19.3
8.966667 0 411.8 77.2 26.6 19.4
9.000000 0 413.6 76.4 26.5 19.5
9.033333 0 415.4 75.6 26.5 19.5
9.066667 0 417.2 74.8 26.4 19.6
9.100000 0 418.9 74.1 26.3 19.7
9.133333 0 420.7 73.3 26.2 19.8
9.166667 0 422.5 72.5 26.2 19.8
9.200000 0 424.2 71.8 26.1 19.9
9.233333 0 426.0 71.0 26.0 20.0
9.266667 0 428.1 69.9 26.1 19.9
9.300000 0 430.1 68.9 26.1 19.9
9.333333 0 432.2 67.8 26.2 19.8
9.366667 0 434.3 66.7 26.3 19.7
9.400000 0 436.3 65.7 26.3 19.7
9.433333 0 438.4 64.6 26.4 19.6
9.466667 0 440.5 63.5 26.5 19.5
9.500000 0 442.5 62.5 26.5 19.5
9.533333 0 444.6 61.4 26.6 19.4
9.566667 0 446.7 60.3 26.7 19.3
9.600000 0 448.7 59.3 26.7 19.3
9.633333 0 450.8 58.2 26.8 19.2
9.666667 0 452.9 57.1 26.9 19.1
9.700000 0 454.9 56.1 26.9 19.1
9.733333 0 457.0 55.0 27.0 19.0
9.766667 0 459.2 54.0 26.8 19.1
9.800000 0 461.4 53.0 26.6 19.2
9.833333 0 463.7 52.0 26.3 19.3
9.866667 0 465.9 51.0 26.1 19.4
9.900000 0 468.1 50.0 25.9 19.6
9.933333 0 470.3 49.0 25.7 19.7
9.966667 0 472.6 48.0 25.4 19.8
10.000000 0 474.8 47.0 25.2 19.9
10.033333 0 477.0 46.0 25.0 20.0
10.066667 0 479.8 44.0 24.8 20.7
10.100000 0 482.7 42.0 24.7 21.3
10.133333 0 485.5 40.0 24.5 22.0
10.166667 0 488.3 38.0 24.3 22.7
10.200000 0 491.2 36.0 24.2 23.3
10.233333 0 494.0 34.0 24.0 24.0
