0.033333 0 158.0 149.0 51.0 40.0
0.066667 0 157.2 148.3 52.7 41.5
0.100000 0 157.4 148.5 52.1 41.0
0.133333 0 153.1 144.6 60.7 49.0
0.166667 0 149.6 141.4 67.6 55.7
0.200000 0 151.0 142.7 64.8 53.0
0.233333 0 152.2 143.8 62.4 50.9
0.266667 0 152.9 144.4 61.1 49.7
0.300000 0 153.5 144.9 59.8 48.6
0.333333 0 148.7 140.7 69.4 57.5
0.366667 0 140.9 133.6 85.1 72.2
0.400000 0 141.5 134.1 83.9 71.1
0.433333 0 142.0 134.6 82.8 70.1
0.466667 0 142.1 134.9 82.7 69.5
0.500000 0 143.0 135.8 80.9 67.9
0.533333 0 141.2 134.0 84.5 71.8
0.566667 0 143.6 136.0 79.5 67.6
0.600000 0 143.5 135.9 79.7 68.0
0.633333 0 145.0 137.5 76.8 64.7
0.666667 0 145.5 137.9 75.9 64.0
0.700000 0 147.1 139.6 72.6 60.7
0.733333 0 147.9 140.0 70.8 59.8
0.766667 0 147.3 139.2 71.8 61.6
0.800000 0 147.7 139.3 71.1 61.3
0.833333 0 146.8 138.5 72.7 63.0
0.866667 0 148.8 140.1 68.6 59.7
0.900000 0 151.2 142.2 63.6 55.4
0.933333 0 152.4 143.8 61.4 52.4
0.966667 0 153.0 144.5 60.3 51.1
1.000000 0 152.4 144.1 61.6 52.0
1.033333 0 153.3 144.8 59.7 50.5
1.066667 0 152.3 144.0 61.7 52.2
1.100000 0 151.8 143.4 62.6 53.5
1.133333 0 150.2 142.0 65.9 56.6
1.166667 0 149.9 141.8 66.4 57.0
1.200000 0 149.0 140.7 68.2 59.2
1.233333 0 148.5 140.3 69.0 60.1
1.266667 0 146.1 138.1 74.0 64.6
1.300000 0 144.8 137.1 76.4 66.7
1.333333 0 141.9 134.6 82.4 71.9
1.366667 0 142.6 135.3 81.1 70.4
1.400000 0 134.5 128.3 97.4 85.0
1.433333 0 134.6 128.4 97.2 85.0
1.466667 0 138.6 131.7 89.1 78.3
1.500000 0 140.7 133.6 84.8 74.5
1.533333 0 145.2 137.7 75.9 66.3
1.566667 0 146.5 139.2 73.3 63.3
1.600000 0 149.1 141.7 68.1 58.3
1.633333 0 147.9 140.6 70.2 60.6
1.666667 0 147.2 140.1 71.7 61.7
1.700000 0 147.3 140.2 71.6 61.5
1.733333 0 150.0 143.1 66.3 55.8
1.766667 0 150.9 144.1 64.4 53.9
1.800000 0 151.5 144.7 63.3 52.7
1.833333 0 151.1 144.4 64.1 53.5
1.866667 0 151.9 145.3 62.4 51.7
1.900000 0 151.5 144.9 63.3 52.5
1.933333 0 151.4 144.8 63.4 52.7
1.966667 0 151.5 144.5 63.2 53.3
2.000000 0 149.8 142.9 66.5 56.6
2.033333 0 157.1 150.6 52.5 42.0
2.066667 0 159.0 152.4 48.9 38.5
2.100000 0 159.5 152.9 47.7 37.6
2.133333 0 159.7 153.0 47.5 37.3
2.166667 0 160.0 153.3 46.7 36.7
2.200000 0 161.4 154.4 43.7 34.7
2.233333 0 162.8 155.7 40.9 32.2
2.266667 0 162.3 155.2 42.0 33.3
2.300000 0 162.3 155.3 42.0 33.0
2.333333 0 163.0 155.8 40.5 32.0
2.366667 0 162.4 155.3 41.5 33.0
2.400000 0 162.1 155.1 42.1 33.5
2.433333 0 162.0 155.0 42.3 33.9
2.466667 0 161.8 154.9 42.6 34.3
2.500000 0 162.2 155.3 41.8 33.4
2.533333 0 163.0 155.8 40.3 32.3
2.566667 0 164.0 156.9 38.3 30.2
2.600000 0 162.9 155.9 40.4 32.1
2.633333 0 161.4 154.6 43.4 34.8
2.666667 0 159.9 153.6 46.4 37.2
2.700000 0 158.6 152.7 49.2 39.1
2.733333 0 157.4 151.4 51.5 41.7
2.766667 0 155.5 149.7 55.4 45.4
2.800000 0 150.6 145.1 65.1 54.7
2.833333 0 148.1 143.0 70.0 59.1
2.866667 0 145.4 140.6 75.6 64.2
2.900000 0 146.9 141.8 72.5 61.8
2.933333 0 142.8 138.0 80.6 69.5
2.966667 0 143.5 138.4 79.2 68.7
3.000000 0 142.1 137.0 81.8 71.5
3.033333 0 144.7 139.2 76.7 67.1
3.066667 0 150.1 144.0 65.7 57.5
3.100000 0 152.7 146.5 60.6 52.4
3.133333 0 153.9 147.7 58.1 50.1
3.166667 0 153.9 147.6 58.1 50.2
3.200000 0 153.7 147.6 58.3 50.4
3.233333 0 153.6 147.3 58.7 51.1
3.266667 0 154.6 148.3 56.6 49.1
3.300000 0 155.6 149.3 54.5 47.1
3.333333 0 155.3 148.9 55.1 47.8
3.366667 0 155.7 149.2 54.2 47.3
3.400000 0 157.1 150.4 51.3 45.0
3.433333 0 157.2 150.6 51.2 44.8
3.466667 0 157.7 151.0 50.0 43.9
3.500000 0 157.6 150.8 50.3 44.4
3.533333 0 157.3 150.5 50.7 44.9
3.566667 0 158.4 151.7 48.6 42.7
3.600000 0 157.6 150.9 50.3 44.4
3.633333 0 157.5 150.8 50.4 44.5
3.666667 0 156.8 150.0 51.9 46.2
3.700000 0 155.0 148.4 55.5 49.6
3.733333 0 155.5 149.0 54.3 48.5
3.766667 0 155.2 148.8 54.9 49.0
3.800000 0 151.0 145.0 63.4 56.8
3.833333 0 145.9 140.7 73.7 66.0
3.866667 0 146.1 140.5 73.3 66.3
3.900000 0 147.3 141.8 71.0 63.6
3.933333 0 148.1 142.8 69.3 61.5
3.966667 0 149.4 143.9 66.7 59.3
4.000000 0 152.8 146.8 59.6 53.7
4.033333 0 158.8 152.2 47.7 43.0
4.066667 0 158.9 152.2 47.6 42.9
4.100000 0 159.4 152.6 46.6 42.1
4.133333 0 159.3 152.6 46.6 42.3
4.166667 0 161.3 154.5 42.6 38.5
4.200000 0 161.5 155.0 42.2 37.5
4.233333 0 161.1 154.8 43.0 37.9
4.266667 0 160.7 154.2 43.9 39.2
4.300000 0 160.6 154.2 44.2 39.3
4.333333 0 161.0 154.5 43.3 38.8
4.366667 0 159.8 153.5 45.8 41.0
4.400000 0 160.3 154.1 44.6 39.8
4.433333 0 158.8 152.7 47.5 42.8
4.466667 0 160.1 154.0 44.9 40.1
4.500000 0 158.7 152.7 47.9 42.7
4.533333 0 157.8 152.0 49.6 44.2
4.566667 0 155.7 150.0 53.8 48.4
4.600000 0 156.6 150.7 51.9 47.0
4.633333 0 155.3 149.6 54.6 49.3
4.666667 0 156.2 150.4 52.6 47.6
4.700000 0 154.2 148.6 56.7 51.5
4.733333 0 152.5 147.2 60.2 54.4
4.766667 0 146.3 142.0 72.7 65.4
4.800000 0 147.9 143.6 69.4 61.9
4.833333 0 153.4 148.1 58.3 52.9
4.866667 0 151.6 146.8 61.9 55.6
4.900000 0 154.1 148.9 57.0 51.5
4.933333 0 154.7 149.2 55.7 50.8
4.966667 0 154.4 149.2 56.4 50.9
5.000000 0 157.9 152.6 49.2 44.2
5.033333 0 157.5 152.4 50.1 44.8
5.066667 0 159.4 154.1 46.2 41.3
5.100000 0 158.4 153.1 48.4 43.5
5.133333 0 158.7 153.5 47.6 42.7
5.166667 0 156.2 151.3 52.8 47.3
5.200000 0 156.7 151.9 51.8 46.2
5.233333 0 152.8 148.6 59.8 53.4
5.266667 0 154.6 150.4 56.0 49.6
5.300000 0 151.8 147.9 61.9 55.0
5.333333 0 154.0 149.9 57.4 50.8
5.366667 0 150.6 146.7 64.2 57.4
5.400000 0 152.6 148.3 60.1 54.1
5.433333 0 146.8 143.1 71.8 65.0
5.466667 0 152.1 147.9 61.0 55.1
5.500000 0 147.3 143.4 70.6 64.4
5.533333 0 144.7 141.1 75.8 69.1
5.566667 0 150.3 145.9 64.6 59.6
5.600000 0 153.3 148.9 58.5 53.3
5.633333 0 154.9 150.4 55.3 50.5
5.666667 0 155.1 150.7 54.8 49.9
5.700000 0 155.2 151.0 54.8 49.2
5.733333 0 156.4 152.3 52.2 46.6
5.766667 0 155.9 152.1 53.4 47.4
5.800000 0 155.8 152.0 53.5 47.6
5.833333 0 155.5 151.8 54.2 48.0
5.866667 0 158.1 154.1 48.9 43.2
5.900000 0 158.5 154.6 47.9 42.4
5.933333 0 158.0 154.2 49.0 43.2
5.966667 0 158.3 154.6 48.4 42.5
6.000000 0 159.5 155.7 46.0 40.3
6.033333 0 154.4 151.3 56.4 49.7
6.066667 0 154.6 151.5 56.0 49.3
6.100000 0 153.5 150.5 58.4 51.4
6.133333 0 151.0 148.2 63.4 56.1
6.166667 0 148.7 146.0 67.9 60.7
6.200000 0 149.0 146.4 67.3 60.0
6.233333 0 145.7 143.6 74.0 65.8
6.266667 0 146.5 144.5 72.3 63.9
6.300000 0 146.3 144.1 72.7 64.7
6.333333 0 139.5 138.3 86.5 77.0
6.366667 0 144.8 142.8 75.8 67.9
6.400000 0 147.3 145.2 70.6 63.2
6.433333 0 149.0 146.6 67.2 60.3
6.466667 0 150.1 147.5 64.9 58.5
6.500000 0 151.5 148.8 62.1 55.9
6.533333 0 151.4 148.5 62.4 56.7
6.566667 0 152.2 149.3 60.8 55.0
6.600000 0 154.6 151.6 55.8 50.3
6.633333 0 155.4 152.6 54.1 48.5
6.666667 0 156.2 153.3 52.5 47.0
6.700000 0 156.4 153.6 52.1 46.4
6.733333 0 156.4 153.6 52.1 46.4
6.766667 0 156.7 153.9 51.5 45.9
6.800000 0 157.4 154.7 50.0 44.4
6.833333 0 158.5 155.8 47.8 42.2
6.866667 0 157.7 155.2 49.4 43.6
6.900000 0 157.1 154.6 50.6 45.0
6.933333 0 156.2 153.7 52.5 46.7
6.966667 0 156.2 153.8 52.5 46.6
7.000000 0 157.5 155.1 49.9 44.0
7.033333 0 158.3 155.9 48.2 42.4
7.066667 0 156.5 154.4 51.8 45.5
7.100000 0 154.2 152.4 56.5 49.7
7.133333 0 153.5 151.8 57.7 50.9
7.166667 0 155.0 153.2 54.8 48.1
7.200000 0 153.6 152.3 57.7 50.1
7.233333 0 153.6 152.4 57.6 49.9
7.266667 0 150.7 150.1 63.5 54.7
7.300000 0 149.6 149.4 65.7 56.3
7.333333 0 149.0 149.2 66.9 56.6
7.366667 0 150.4 150.0 64.1 55.2
7.400000 0 152.0 151.2 60.7 52.7
7.433333 0 145.8 146.0 73.2 63.4
7.466667 0 156.3 154.7 51.9 45.9
7.500000 0 158.2 156.2 48.2 42.8
7.533333 0 156.3 154.7 51.9 45.9
7.566667 0 158.2 156.3 48.1 42.6
7.600000 0 154.7 153.3 55.0 48.9
7.633333 0 157.2 155.4 50.0 44.5
7.666667 0 157.4 155.6 49.6 44.3
7.700000 0 158.7 156.9 46.9 42.0
7.733333 0 157.4 155.6 49.5 44.7
7.766667 0 157.9 156.2 48.5 43.4
7.800000 0 159.1 157.4 46.1 41.0
7.833333 0 160.8 159.0 42.8 37.7
7.866667 0 160.3 158.3 43.7 39.2
7.900000 0 159.9 158.1 44.3 39.8
7.933333 0 159.3 157.4 45.5 41.1
7.966667 0 159.9 158.1 44.4 39.8
8.000000 0 159.5 157.7 45.1 40.6
8.033333 0 159.4 157.1 45.0 41.6
8.066667 0 159.2 156.9 45.4 42.0
8.100000 0 159.8 157.4 44.1 41.0
8.133333 0 159.3 156.9 44.9 42.1
8.166667 0 159.9 157.3 43.6 41.2
8.200000 0 160.3 157.7 42.9 40.5
8.233333 0 160.2 157.7 43.1 40.4
8.266667 0 160.0 157.6 43.5 40.7
8.300000 0 160.8 158.3 41.6 39.0
8.333333 0 160.3 157.9 42.5 40.0
8.366667 0 160.2 157.5 42.6 40.8
8.400000 0 159.9 157.2 43.4 41.4
8.433333 0 159.0 156.6 45.0 42.7
8.466667 0 157.5 155.4 48.1 45.4
8.500000 0 157.6 155.6 47.9 45.0
8.533333 0 156.5 154.7 50.3 46.9
8.566667 0 151.8 150.8 59.9 55.2
8.600000 0 151.9 151.0 59.7 54.9
8.633333 0 150.4 149.6 62.7 57.7
8.666667 0 148.7 148.1 66.1 61.1
8.700000 0 153.1 151.9 57.2 53.3
8.733333 0 151.8 150.7 59.8 55.7
8.766667 0 154.0 152.8 55.3 51.6
8.800000 0 155.8 154.8 51.8 47.6
8.833333 0 158.0 156.9 47.3 43.4
8.866667 0 158.1 157.1 47.1 43.1
8.900000 0 158.5 157.6 46.2 42.1
8.933333 0 157.8 157.0 47.6 43.3
8.966667 0 157.5 156.4 48.2 44.6
9.000000 0 157.4 156.2 48.3 45.0
9.033333 0 157.7 156.3 47.7 44.8
9.066667 0 159.1 157.8 44.7 41.9
9.100000 0 159.3 158.1 44.3 41.4
9.133333 0 159.2 158.1 44.5 41.4
9.166667 0 160.3 159.0 42.4 39.5
9.200000 0 160.0 158.7 42.8 40.1
9.233333 0 160.5 158.9 41.9 39.6
9.266667 0 160.5 159.0 41.8 39.6
9.300000 0 161.1 159.6 40.5 38.5
9.333333 0 161.0 159.4 40.7 39.0
9.366667 0 160.8 159.1 41.1 39.5
9.400000 0 160.8 159.3 41.1 39.2
9.433333 0 160.1 158.7 42.5 40.3
9.466667 0 159.5 158.1 43.7 41.7
9.500000 0 158.5 157.1 45.8 43.8
9.533333 0 159.0 157.8 44.7 42.5
9.566667 0 159.5 158.4 43.6 41.3
9.600000 0 159.5 158.4 43.6 41.4
9.633333 0 158.2 157.3 46.3 43.8
9.666667 0 158.4 157.6 45.9 43.1
9.700000 0 157.5 157.0 47.6 44.4
9.733333 0 157.4 156.8 47.8 44.9
9.766667 0 157.6 157.0 47.3 44.4
9.800000 0 157.2 156.9 48.1 44.7
9.833333 0 156.6 156.5 49.2 45.6
9.866667 0 156.0 156.2 50.6 46.2
9.900000 0 154.8 155.3 52.9 48.2
9.933333 0 152.4 153.1 57.8 52.9
9.966667 0 153.3 153.5 56.0 52.0
10.000000 0 154.8 154.8 52.9 49.4
10.033333 0 159.4 158.8 43.6 41.5
10.066667 0 154.9 155.1 52.8 49.2
10.100000 0 144.4 146.6 74.2 66.6
