0.000000 0 294.8 287.4 41.6 31.1
0.033333 0 294.8 287.3 41.8 31.2
0.066667 0 294.8 287.3 41.9 31.2
0.100000 0 294.8 287.2 42.2 31.5
0.133333 0 294.9 287.2 42.3 31.5
0.166667 0 295.3 287.3 42.0 31.3
0.200000 0 295.6 287.2 41.7 31.1
0.233333 0 295.7 287.3 41.6 31.0
0.266667 0 295.8 287.2 42.0 31.3
0.300000 0 295.8 287.0 42.3 31.5
0.333333 0 295.8 287.0 42.3 31.6
0.366667 0 296.1 287.0 42.1 31.4
0.400000 0 296.4 287.1 41.9 31.2
0.433333 0 296.8 287.2 41.5 31.0
0.466667 0 296.7 287.0 42.2 31.5
0.500000 0 296.8 287.1 42.0 31.3
0.533333 0 296.9 286.8 42.4 31.6
0.566667 0 296.9 286.9 42.3 31.6
0.600000 0 297.5 286.9 41.8 31.2
0.633333 0 297.7 286.9 41.6 31.0
0.666667 0 297.8 286.9 41.9 31.2
0.700000 0 297.8 286.8 41.9 31.3
0.733333 0 297.9 286.7 42.3 31.6
0.766667 0 298.0 286.7 42.2 31.5
0.800000 0 298.7 287.1 41.5 30.9
0.833333 0 298.9 287.1 41.4 30.9
0.866667 0 298.9 286.9 41.9 31.2
0.900000 0 298.9 286.8 42.1 31.4
0.933333 0 299.1 286.8 42.1 31.4
0.966667 0 299.5 287.0 41.6 31.0
1.000000 0 299.9 287.1 41.3 30.8
1.033333 0 299.9 286.9 41.7 31.1
1.066667 0 299.9 286.8 42.1 31.4
1.100000 0 300.4 286.9 41.7 31.1
1.133333 0 300.7 287.0 41.5 30.9
1.166667 0 301.0 287.0 41.4 30.9
1.200000 0 300.9 286.8 41.8 31.2
1.233333 0 301.1 286.7 42.1 31.4
1.266667 0 301.7 287.0 41.4 30.9
1.300000 0 301.9 287.0 41.3 30.8
1.333333 0 301.9 286.8 41.8 31.2
1.366667 0 301.9 286.8 42.1 31.4
1.400000 0 302.7 287.0 41.4 30.9
1.433333 0 302.8 287.1 41.3 30.8
1.466667 0 303.0 287.0 41.4 30.9
1.500000 0 302.9 286.7 42.1 31.4
1.533333 0 303.3 286.8 41.9 31.2
1.566667 0 303.9 287.0 41.2 30.8
1.600000 0 304.0 286.8 41.7 31.1
1.633333 0 303.9 286.7 42.1 31.4
1.666667 0 304.9 286.9 41.2 30.8
1.700000 0 305.0 287.0 41.2 30.7
1.733333 0 305.0 286.8 41.7 31.1
1.766667 0 305.6 286.9 41.5 31.0
1.800000 0 305.9 287.0 41.2 30.7
1.833333 0 306.0 286.8 41.8 31.1
1.866667 0 306.2 286.7 41.9 31.2
1.900000 0 306.9 286.9 41.2 30.7
1.933333 0 307.0 286.7 41.7 31.1
1.966667 0 306.9 286.6 42.1 31.4
2.000000 0 307.9 286.9 41.1 30.7
2.033333 0 308.0 286.9 41.1 30.6
2.066667 0 308.0 286.6 42.1 31.3
2.100000 0 308.9 286.9 41.2 30.7
2.133333 0 309.0 286.9 41.1 30.6
2.166667 0 309.0 286.5 42.0 31.3
2.200000 0 309.8 286.7 41.2 30.7
2.233333 0 310.0 286.5 41.6 31.0
2.266667 0 310.1 286.4 42.0 31.3
2.300000 0 311.1 286.8 41.1 30.7
2.333333 0 311.0 286.4 42.1 31.4
2.366667 0 312.0 286.7 41.1 30.7
2.400000 0 311.9 286.4 42.1 31.4
2.433333 0 312.3 286.5 41.8 31.1
2.466667 0 313.1 286.7 41.2 30.7
2.500000 0 313.3 286.4 41.8 31.2
2.533333 0 313.9 286.7 41.2 30.7
2.566667 0 313.9 286.5 41.9 31.2
2.600000 0 314.9 286.7 41.1 30.7
2.633333 0 315.1 286.7 41.1 30.6
2.666667 0 315.1 286.4 41.9 31.3
2.700000 0 316.1 286.7 41.2 30.7
2.733333 0 316.4 286.5 41.7 31.1
2.766667 0 317.0 286.7 41.0 30.6
2.800000 0 317.1 286.4 41.9 31.2
2.833333 0 318.1 286.8 41.0 30.5
2.866667 0 318.2 286.4 41.9 31.2
2.900000 0 318.9 286.6 41.2 30.7
2.933333 0 319.0 286.3 41.8 31.2
2.966667 0 319.9 286.6 41.2 30.7
3.000000 0 320.0 286.3 41.8 31.2
3.033333 0 320.2 286.3 41.9 31.3
3.066667 0 321.0 286.3 41.7 31.1
3.100000 0 321.8 286.5 41.3 30.8
3.133333 0 322.1 286.4 41.3 30.8
3.166667 0 322.6 286.3 41.5 30.9
3.200000 0 323.0 286.1 41.8 31.2
3.233333 0 323.4 286.2 41.7 31.1
3.266667 0 323.9 286.1 41.9 31.2
3.300000 0 324.9 286.1 41.2 30.7
3.333333 0 325.0 285.8 42.0 31.3
3.366667 0 325.9 286.1 41.2 30.7
3.400000 0 326.1 285.7 42.1 31.3
3.433333 0 326.9 285.9 41.2 30.7
3.466667 0 327.0 285.6 42.1 31.4
3.500000 0 327.7 285.8 41.4 30.9
3.533333 0 328.0 285.5 42.1 31.4
3.566667 0 328.9 285.5 41.8 31.2
3.600000 0 329.0 285.4 42.1 31.4
3.633333 0 330.0 285.5 41.7 31.1
3.666667 0 330.2 285.3 41.9 31.2
3.700000 0 331.0 285.4 41.5 31.0
3.733333 0 331.3 285.3 41.8 31.2
3.766667 0 331.9 285.2 42.0 31.4
3.800000 0 332.6 285.3 41.5 31.0
3.833333 0 333.0 285.1 42.1 31.3
3.866667 0 333.7 285.4 41.4 30.8
3.900000 0 334.1 285.1 42.0 31.3
3.933333 0 334.9 285.1 41.8 31.2
3.966667 0 335.2 284.9 41.9 31.3
4.000000 0 335.9 284.9 42.0 31.3
4.033333 0 336.7 285.1 41.4 30.9
4.066667 0 337.1 284.8 42.0 31.3
4.100000 0 337.9 285.1 41.3 30.8
4.133333 0 338.3 284.9 41.8 31.2
4.166667 0 339.0 285.0 41.4 30.9
4.200000 0 339.7 284.9 41.4 30.9
4.233333 0 340.0 284.9 41.5 30.9
4.266667 0 341.0 285.0 41.2 30.8
4.300000 0 341.0 284.7 42.0 31.3
4.333333 0 342.0 284.9 41.5 30.9
4.366667 0 342.3 284.7 41.8 31.2
4.400000 0 342.9 284.7 42.0 31.3
4.433333 0 343.9 284.9 41.3 30.8
4.466667 0 344.4 284.8 41.7 31.1
4.500000 0 345.0 284.9 41.2 30.8
4.533333 0 345.9 284.9 41.2 30.8
4.566667 0 346.6 284.8 41.5 30.9
4.600000 0 347.1 284.8 41.5 30.9
4.633333 0 348.1 284.9 41.2 30.8
4.666667 0 348.0 284.6 41.9 31.3
4.700000 0 349.0 284.6 41.9 31.2
4.733333 0 350.0 284.9 41.3 30.8
4.766667 0 350.3 284.6 41.8 31.2
4.800000 0 351.2 284.6 41.9 31.2
4.833333 0 351.9 284.8 41.2 30.7
4.866667 0 352.8 284.8 41.2 30.8
4.900000 0 353.0 284.7 41.6 31.0
4.933333 0 354.0 284.7 41.5 31.0
4.966667 0 355.0 284.8 41.4 30.9
5.000000 0 355.1 284.6 42.0 31.3
5.033333 0 356.0 284.6 42.0 31.3
5.066667 0 356.7 284.8 41.4 30.9
5.100000 0 357.7 284.8 41.4 30.9
5.133333 0 358.0 284.7 41.7 31.1
5.166667 0 359.0 284.7 41.6 31.0
5.200000 0 359.4 284.7 41.8 31.2
5.233333 0 359.9 284.6 42.1 31.5
5.266667 0 361.0 284.6 42.2 31.5
5.300000 0 361.9 285.0 41.4 31.0
5.333333 0 362.9 285.0 41.4 31.0
5.366667 0 362.9 284.7 42.0 31.4
5.400000 0 363.9 284.8 42.0 31.4
5.433333 0 364.9 284.9 42.0 31.4
5.466667 0 365.9 284.9 42.0 31.4
5.500000 0 366.9 285.0 42.0 31.4
5.533333 0 367.7 285.2 41.4 30.9
5.566667 0 368.7 285.3 41.4 31.0
5.600000 0 368.9 285.1 42.0 31.4
5.633333 0 369.9 285.1 42.0 31.4
5.666667 0 370.7 285.3 41.5 31.0
5.700000 0 371.7 285.3 41.5 31.0
5.733333 0 371.9 285.2 42.0 31.4
5.766667 0 373.0 285.2 42.0 31.4
5.800000 0 373.9 285.5 41.4 30.9
5.833333 0 374.9 285.5 41.3 30.9
5.866667 0 375.9 285.5 41.3 30.9
5.900000 0 376.0 285.3 42.0 31.4
5.933333 0 377.0 285.3 42.0 31.4
5.966667 0 378.0 285.6 41.3 30.9
6.000000 0 379.0 285.5 41.4 30.9
6.033333 0 380.8 285.6 41.3 30.8
6.066667 0 381.0 285.4 41.9 31.2
6.100000 0 382.0 285.4 41.9 31.2
6.133333 0 383.0 285.7 41.3 30.8
6.166667 0 383.9 285.6 41.3 30.9
6.200000 0 384.5 285.6 41.6 31.1
6.233333 0 385.5 285.6 41.6 31.0
6.266667 0 386.0 285.5 41.6 31.0
6.300000 0 387.0 285.4 42.0 31.3
6.333333 0 387.9 285.6 41.3 30.8
6.366667 0 389.0 285.5 41.6 31.0
6.400000 0 389.6 285.6 41.5 31.0
6.433333 0 390.7 285.6 41.4 30.9
6.466667 0 391.1 285.4 42.0 31.3
6.500000 0 392.4 285.4 41.7 31.1
6.533333 0 393.0 285.5 41.4 30.9
6.566667 0 394.0 285.3 41.9 31.3
6.600000 0 394.9 285.5 41.3 30.8
6.633333 0 396.0 285.4 41.4 30.9
6.666667 0 396.6 285.4 41.5 30.9
6.700000 0 397.9 285.4 41.3 30.8
6.733333 0 398.2 285.2 41.9 31.3
6.766667 0 399.7 285.3 41.5 31.0
6.800000 0 400.0 285.1 42.0 31.4
6.833333 0 401.4 285.1 41.7 31.2
6.866667 0 401.9 285.0 42.0 31.4
6.900000 0 403.1 284.9 42.0 31.4
6.933333 0 404.3 284.7 41.9 31.3
6.966667 0 404.9 284.6 42.1 31.5
7.000000 0 406.3 284.7 41.9 31.3
7.033333 0 406.9 284.7 41.7 31.2
7.066667 0 408.2 284.6 41.9 31.3
7.100000 0 408.9 284.7 41.5 31.0
7.133333 0 410.1 284.5 42.0 31.3
7.166667 0 411.0 284.6 41.6 31.0
7.200000 0 412.0 284.3 42.0 31.3
7.233333 0 413.0 284.5 41.5 31.0
7.266667 0 414.0 284.2 42.0 31.3
7.300000 0 415.5 284.3 41.6 31.0
7.333333 0 416.0 284.1 42.0 31.3
7.366667 0 417.5 284.1 41.7 31.1
7.400000 0 418.9 284.1 41.4 30.9
7.433333 0 419.6 284.0 41.5 31.0
7.466667 0 420.9 283.9 41.4 31.0
7.500000 0 422.2 283.7 41.9 31.3
7.533333 0 423.0 283.7 41.4 30.9
7.566667 0 425.0 283.5 41.5 30.9
7.600000 0 426.0 283.6 41.3 30.8
7.633333 0 427.1 283.4 41.8 31.2
7.666667 0 428.1 283.4 41.6 31.0
7.700000 0 429.3 283.4 41.7 31.1
7.733333 0 430.2 283.3 41.8 31.2
7.766667 0 431.0 283.3 41.5 30.9
7.800000 0 432.4 283.3 41.7 31.1
7.833333 0 433.0 283.2 41.7 31.1
7.866667 0 434.7 283.3 41.3 30.8
7.900000 0 436.0 283.2 41.4 30.9
7.933333 0 437.6 283.2 41.5 31.0
7.966667 0 438.1 283.0 41.8 31.2
8.000000 0 440.0 283.2 41.2 30.8
8.033333 0 440.6 283.0 41.5 31.0
8.066667 0 442.1 283.0 41.6 31.1
8.100000 0 443.8 283.1 41.3 30.8
8.133333 0 444.3 282.9 41.7 31.2
8.166667 0 446.1 283.0 41.4 30.9
8.200000 0 447.0 283.1 41.2 30.7
8.233333 0 448.2 282.9 41.8 31.2
8.266667 0 449.1 282.9 41.7 31.1
8.300000 0 450.9 283.1 41.2 30.7
8.333333 0 452.4 282.9 41.6 31.0
8.366667 0 453.1 282.9 41.6 31.0
8.400000 0 455.1 283.1 41.2 30.7
8.433333 0 455.8 283.0 41.2 30.8
8.466667 0 457.2 282.9 41.7 31.1
8.500000 0 458.1 282.9 41.4 30.9
8.533333 0 460.0 283.1 41.1 30.7
8.566667 0 460.7 283.0 41.3 30.8
8.600000 0 462.3 282.9 41.7 31.1
8.633333 0 463.1 283.0 41.4 30.9
8.666667 0 465.0 283.1 41.2 30.7
8.700000 0 465.8 283.1 41.2 30.7
8.733333 0 467.3 282.9 41.7 31.1
8.766667 0 469.1 282.9 41.7 31.1
8.800000 0 470.1 282.9 41.6 31.0
8.833333 0 472.0 283.0 41.2 30.7
8.866667 0 473.0 283.0 41.2 30.7
8.900000 0 474.6 283.0 41.4 30.9
8.933333 0 476.2 282.8 41.6 31.0
8.966667 0 477.2 282.8 41.6 31.0
9.000000 0 479.1 282.9 41.3 30.8
9.033333 0 480.1 282.8 41.2 30.7
9.066667 0 481.9 282.9 41.1 30.7
9.100000 0 483.8 282.8 41.2 30.7
9.133333 0 484.5 282.7 41.5 30.9
9.166667 0 486.5 282.6 41.5 30.9
9.200000 0 487.2 282.6 41.6 31.0
9.233333 0 489.2 282.6 41.6 31.0
9.266667 0 491.1 282.6 41.3 30.8
9.300000 0 493.1 282.7 41.3 30.8
9.333333 0 494.1 282.7 41.2 30.7
9.366667 0 496.1 282.7 41.1 30.7
9.400000 0 498.1 282.7 41.1 30.7
9.433333 0 499.1 282.6 41.1 30.7
9.466667 0 499.8 282.6 41.2 30.7
9.500000 0 501.9 282.6 41.1 30.7
9.533333 0 503.9 282.6 41.1 30.7
9.566667 0 504.9 282.6 41.2 30.7
9.600000 0 507.9 282.6 41.2 30.7
9.633333 0 508.8 282.6 41.2 30.7
9.666667 0 510.9 282.5 41.2 30.7
9.700000 0 511.8 282.5 41.2 30.7
9.733333 0 514.0 282.5 41.2 30.7
9.766667 0 514.9 282.5 41.2 30.7
9.800000 0 517.0 282.6 41.2 30.7
9.833333 0 519.1 282.4 41.2 30.7
9.866667 0 520.1 282.4 41.3 30.8
9.900000 0 522.1 282.3 41.5 30.9
9.933333 0 523.1 282.3 41.7 31.1
9.966667 0 525.2 282.2 41.7 31.1
10.000000 0 526.3 282.2 41.7 31.1
10.033333 0 528.6 282.3 41.4 30.9
10.066667 0 530.8 282.3 41.2 30.7
10.100000 0 531.9 282.3 41.2 30.7
10.133333 0 534.0 282.2 41.2 30.7
10.166667 0 535.1 282.1 41.4 30.8
10.200000 0 537.1 282.0 41.7 31.1
10.233333 0 538.4 282.0 41.6 31.0
