0.000000 0 454.0 336.0 39.0 34.0
0.033333 0 456.5 336.3 38.9 33.6
0.066667 0 459.0 336.6 38.7 33.3
0.100000 0 461.5 336.9 38.6 32.9
0.133333 0 464.0 337.1 38.4 32.6
0.166667 0 466.5 337.4 38.3 32.2
0.200000 0 469.0 337.7 38.1 31.9
0.233333 0 471.5 338.0 38.0 31.5
0.266667 0 474.0 338.3 37.9 31.1
0.300000 0 476.5 338.6 37.7 30.8
0.333333 0 479.0 338.9 37.6 30.4
0.366667 0 481.5 339.1 37.4 30.1
0.400000 0 484.0 339.4 37.3 29.7
0.433333 0 486.5 339.7 37.1 29.4
0.466667 0 489.0 340.0 37.0 29.0
0.500000 0 490.7 339.9 37.2 29.2
0.533333 0 492.4 339.9 37.4 29.4
0.566667 0 494.1 339.8 37.6 29.6
0.600000 0 495.7 339.8 37.8 29.8
0.633333 0 497.4 339.7 38.1 30.1
0.666667 0 499.1 339.7 38.3 30.3
0.700000 0 500.8 339.6 38.5 30.5
0.733333 0 502.5 339.6 38.7 30.7
0.766667 0 504.2 339.5 38.9 30.9
0.800000 0 505.8 339.5 39.1 31.1
0.833333 0 507.5 339.4 39.3 31.3
0.866667 0 509.2 339.4 39.5 31.5
0.900000 0 510.9 339.3 39.7 31.7
0.933333 0 512.6 339.3 39.9 31.9
0.966667 0 514.3 339.2 40.2 32.2
1.000000 0 515.9 339.2 40.4 32.4
1.033333 0 517.6 339.1 40.6 32.6
1.066667 0 519.3 339.1 40.8 32.8
1.100000 0 521.0 339.0 41.0 33.0
1.133333 0 523.0 339.1 41.0 32.9
1.166667 0 525.0 339.2 41.1 32.8
1.200000 0 527.0 339.3 41.1 32.7
1.233333 0 529.0 339.4 41.2 32.6
1.266667 0 531.0 339.4 41.2 32.6
1.300000 0 533.0 339.5 41.2 32.5
1.333333 0 535.0 339.6 41.3 32.4
1.366667 0 537.0 339.7 41.3 32.3
1.400000 0 539.0 339.8 41.4 32.2
1.433333 0 541.0 339.9 41.4 32.1
1.466667 0 543.0 340.0 41.4 32.0
1.500000 0 545.0 340.1 41.5 31.9
1.533333 0 547.0 340.1 41.5 31.9
1.566667 0 549.0 340.2 41.6 31.8
1.600000 0 551.0 340.3 41.6 31.7
1.633333 0 553.0 340.4 41.6 31.6
1.666667 0 555.0 340.5 41.7 31.5
1.700000 0 557.0 340.6 41.7 31.4
1.733333 0 559.0 340.7 41.8 31.3
1.766667 0 561.0 340.8 41.8 31.2
1.800000 0 563.0 340.9 41.8 31.1
1.833333 0 565.0 340.9 41.9 31.1
1.866667 0 567.0 341.0 41.9 31.0
1.900000 0 569.0 341.1 42.0 30.9
1.933333 0 571.0 341.2 42.0 30.8
1.966667 0 573.0 341.3 42.0 30.7
2.000000 0 575.0 341.4 42.1 30.6
2.033333 0 577.0 341.5 42.1 30.5
2.066667 0 579.0 341.6 42.2 30.4
2.100000 0 581.0 341.6 42.2 30.4
2.133333 0 583.0 341.7 42.2 30.3
2.166667 0 585.0 341.8 42.3 30.2
2.200000 0 587.0 341.9 42.3 30.1
2.233333 0 589.0 342.0 42.3 30.0
2.266667 0 11.0 341.0 47.0 30.0
2.300000 0 13.4 341.2 47.1 30.0
2.333333 0 15.9 341.3 47.1 30.1
2.366667 0 18.3 341.5 47.2 30.1
2.400000 0 20.8 341.6 47.2 30.1
2.433333 0 23.2 341.8 47.3 30.1
2.466667 0 25.7 341.9 47.3 30.2
2.500000 0 28.1 342.1 47.4 30.2
2.533333 0 30.6 342.3 47.4 30.2
2.566667 0 33.0 342.4 47.5 30.2
2.600000 0 35.5 342.6 47.5 30.3
2.633333 0 37.9 342.7 47.6 30.3
2.666667 0 40.4 342.9 47.6 30.3
2.700000 0 42.8 343.1 47.7 30.3
2.733333 0 45.3 343.2 47.7 30.4
2.766667 0 47.7 343.4 47.8 30.4
2.800000 0 50.2 343.5 47.8 30.4
2.833333 0 52.6 343.7 47.9 30.4
2.866667 0 55.1 343.8 47.9 30.5
2.900000 0 57.5 344.0 48.0 30.5
2.933333 0 59.9 344.2 48.1 30.5
2.966667 0 62.4 344.3 48.1 30.6
3.000000 0 64.8 344.5 48.2 30.6
3.033333 0 67.3 344.6 48.2 30.6
3.066667 0 69.7 344.8 48.3 30.6
3.100000 0 72.2 344.9 48.3 30.7
3.133333 0 74.6 345.1 48.4 30.7
3.166667 0 77.1 345.3 48.4 30.7
3.200000 0 79.5 345.4 48.5 30.7
3.233333 0 82.0 345.6 48.5 30.8
3.266667 0 84.4 345.7 48.6 30.8
3.300000 0 86.9 345.9 48.6 30.8
3.333333 0 89.3 346.1 48.7 30.8
3.366667 0 91.8 346.2 48.7 30.9
3.400000 0 94.2 346.4 48.8 30.9
3.433333 0 96.7 346.5 48.8 30.9
3.466667 0 99.1 346.7 48.9 30.9
3.500000 0 101.6 346.8 48.9 31.0
3.533333 0 104.0 347.0 49.0 31.0
3.566667 0 106.4 347.2 49.1 31.0
3.600000 0 108.9 347.3 49.1 31.1
3.633333 0 111.3 347.5 49.2 31.1
3.666667 0 113.8 347.6 49.2 31.1
3.700000 0 116.2 347.8 49.3 31.1
3.733333 0 118.7 347.9 49.3 31.2
3.766667 0 121.1 348.1 49.4 31.2
3.800000 0 123.6 348.3 49.4 31.2
3.833333 0 126.0 348.4 49.5 31.2
3.866667 0 128.5 348.6 49.5 31.3
3.900000 0 130.9 348.7 49.6 31.3
3.933333 0 133.4 348.9 49.6 31.3
3.966667 0 135.8 349.1 49.7 31.3
4.000000 0 138.3 349.2 49.7 31.4
4.033333 0 140.7 349.4 49.8 31.4
4.066667 0 143.2 349.5 49.8 31.4
4.100000 0 145.6 349.7 49.9 31.4
4.133333 0 148.1 349.8 49.9 31.5
4.166667 0 150.5 350.0 50.0 31.5
4.200000 0 152.9 350.2 50.1 31.5
4.233333 0 155.4 350.3 50.1 31.6
4.266667 0 157.8 350.5 50.2 31.6
4.300000 0 160.3 350.6 50.2 31.6
4.333333 0 162.7 350.8 50.3 31.6
4.366667 0 165.2 350.9 50.3 31.7
4.400000 0 167.6 351.1 50.4 31.7
4.433333 0 170.1 351.3 50.4 31.7
4.466667 0 172.5 351.4 50.5 31.7
4.500000 0 175.0 351.6 50.5 31.8
4.533333 0 177.4 351.7 50.6 31.8
4.566667 0 179.9 351.9 50.6 31.8
4.600000 0 182.3 352.1 50.7 31.8
4.633333 0 184.8 352.2 50.7 31.9
4.666667 0 187.2 352.4 50.8 31.9
4.700000 0 189.7 352.5 50.8 31.9
4.733333 0 192.1 352.7 50.9 31.9
4.766667 0 194.6 352.8 50.9 32.0
4.800000 0 197.0 353.0 51.0 32.0
4.833333 0 199.7 353.2 51.0 32.0
4.866667 0 202.4 353.4 51.0 32.1
4.900000 0 205.2 353.6 51.0 32.1
4.933333 0 207.0 354.0 51.0 33.0
4.966667 0 210.6 354.0 51.0 32.1
5.000000 0 213.3 354.2 51.0 32.2
5.033333 0 216.0 354.3 51.0 32.2
5.066667 0 218.7 354.5 51.0 32.2
5.100000 0 221.5 354.7 51.0 32.2
5.133333 0 224.2 354.9 51.0 32.3
5.166667 0 226.9 355.1 51.0 32.3
5.200000 0 229.6 355.3 51.0 32.3
5.233333 0 232.3 355.5 51.0 32.3
5.266667 0 235.1 355.7 51.0 32.4
5.300000 0 237.8 355.9 51.0 32.4
5.333333 0 240.5 356.1 51.0 32.4
5.366667 0 243.2 356.3 51.0 32.4
5.400000 0 245.9 356.5 51.0 32.5
5.433333 0 248.6 356.7 51.0 32.5
5.466667 0 251.4 356.8 51.0 32.5
5.500000 0 254.1 357.0 51.0 32.5
5.533333 0 256.8 357.2 51.0 32.6
5.566667 0 259.5 357.4 51.0 32.6
5.600000 0 262.2 357.6 51.0 32.6
5.633333 0 264.9 357.8 51.0 32.6
5.666667 0 267.7 358.0 51.0 32.7
5.700000 0 270.4 358.2 51.0 32.7
5.733333 0 273.1 358.4 51.0 32.7
5.766667 0 275.8 358.6 51.0 32.7
5.800000 0 278.5 358.8 51.0 32.8
5.833333 0 281.3 359.0 51.0 32.8
5.866667 0 284.0 359.2 51.0 32.8
5.900000 0 286.7 359.3 51.0 32.8
5.933333 0 289.4 359.5 51.0 32.9
5.966667 0 292.1 359.7 51.0 32.9
6.000000 0 294.8 359.9 51.0 32.9
6.033333 0 297.6 360.1 51.0 32.9
6.066667 0 300.3 360.3 51.0 33.0
6.100000 0 303.0 360.5 51.0 33.0
6.133333 0 305.7 360.7 51.0 33.0
6.166667 0 308.4 360.9 51.0 33.1
6.200000 0 311.2 361.1 51.0 33.1
6.233333 0 313.9 361.3 51.0 33.1
6.266667 0 316.6 361.5 51.0 33.1
6.300000 0 319.3 361.7 51.0 33.2
6.333333 0 322.0 361.8 51.0 33.2
6.366667 0 324.7 362.0 51.0 33.2
6.400000 0 327.5 362.2 51.0 33.2
6.433333 0 330.2 362.4 51.0 33.3
6.466667 0 332.9 362.6 51.0 33.3
6.500000 0 335.6 362.8 51.0 33.3
6.533333 0 338.3 363.0 51.0 33.3
6.566667 0 341.1 363.2 51.0 33.4
6.600000 0 343.8 363.4 51.0 33.4
6.633333 0 346.5 363.6 51.0 33.4
6.666667 0 349.2 363.8 51.0 33.4
6.700000 0 351.9 364.0 51.0 33.5
6.733333 0 354.6 364.2 51.0 33.5
6.766667 0 357.4 364.3 51.0 33.5
6.800000 0 360.1 364.5 51.0 33.5
6.833333 0 362.8 364.7 51.0 33.6
6.866667 0 365.5 364.9 51.0 33.6
6.900000 0 368.2 365.1 51.0 33.6
6.933333 0 370.9 365.3 51.0 33.6
6.966667 0 373.7 365.5 51.0 33.7
7.000000 0 376.4 365.7 51.0 33.7
7.033333 0 379.1 365.9 51.0 33.7
7.066667 0 381.8 366.1 51.0 33.7
7.100000 0 384.5 366.3 51.0 33.8
7.133333 0 387.3 366.5 51.0 33.8
7.166667 0 390.0 366.7 51.0 33.8
7.200000 0 392.7 366.8 51.0 33.8
7.233333 0 395.4 367.0 51.0 33.9
7.266667 0 398.1 367.2 51.0 33.9
7.300000 0 400.8 367.4 51.0 33.9
7.333333 0 403.6 367.6 51.0 33.9
7.366667 0 406.3 367.8 51.0 34.0
7.400000 0 409.0 368.0 51.0 34.0
7.433333 0 481.0 373.0 51.0 32.0
7.466667 0 484.0 373.1 51.1 32.1
7.500000 0 487.0 373.1 51.1 32.2
7.533333 0 490.0 373.2 51.2 32.4
7.566667 0 493.0 373.2 51.2 32.5
7.600000 0 496.0 373.3 51.3 32.6
7.633333 0 499.0 373.4 51.4 32.7
7.666667 0 502.0 373.4 51.4 32.8
7.700000 0 505.0 373.5 51.5 33.0
7.733333 0 508.0 373.5 51.5 33.1
7.766667 0 511.0 373.6 51.6 33.2
7.800000 0 514.0 373.7 51.7 33.3
7.833333 0 517.0 373.7 51.7 33.5
7.866667 0 520.0 373.8 51.8 33.6
7.900000 0 523.0 373.8 51.8 33.7
7.933333 0 526.0 373.9 51.9 33.8
7.966667 0 529.0 374.0 52.0 33.9
8.000000 0 532.0 374.0 52.0 34.1
8.033333 0 535.0 374.1 52.1 34.2
8.066667 0 538.0 374.2 52.2 34.3
8.100000 0 541.0 374.2 52.2 34.4
8.133333 0 544.0 374.3 52.3 34.5
8.166667 0 547.0 374.3 52.3 34.7
8.200000 0 550.0 374.4 52.4 34.8
8.233333 0 553.0 374.5 52.5 34.9
8.266667 0 556.0 374.5 52.5 35.0
8.300000 0 559.0 374.6 52.6 35.2
8.333333 0 562.0 374.6 52.6 35.3
8.366667 0 565.0 374.7 52.7 35.4
8.400000 0 568.0 374.8 52.8 35.5
8.433333 0 571.0 374.8 52.8 35.6
8.466667 0 574.0 374.9 52.9 35.8
8.500000 0 577.0 374.9 52.9 35.9
8.533333 0 580.0 375.0 53.0 36.0
8.566667 0 460.0 257.0 25.0 22.0
8.600000 0 461.3 256.2 25.0 22.0
8.633333 0 462.6 255.5 24.9 22.0
8.666667 0 463.9 254.7 24.9 22.1
8.700000 0 465.2 253.9 24.8 22.1
8.733333 0 466.5 253.1 24.8 22.1
8.766667 0 467.8 252.4 24.7 22.1
8.800000 0 469.0 251.6 24.7 22.1
8.833333 0 470.3 250.8 24.7 22.2
8.866667 0 471.6 250.1 24.6 22.2
8.900000 0 472.9 249.3 24.6 22.2
8.933333 0 474.2 248.5 24.5 22.2
8.966667 0 475.5 247.7 24.5 22.3
9.000000 0 476.8 247.0 24.5 22.3
9.033333 0 478.1 246.2 24.4 22.3
9.066667 0 479.4 245.4 24.4 22.3
9.100000 0 480.7 244.7 24.3 22.3
9.133333 0 482.0 243.9 24.3 22.4
9.166667 0 483.3 243.1 24.2 22.4
9.200000 0 484.5 242.4 24.2 22.4
9.233333 0 485.8 241.6 24.2 22.4
9.266667 0 487.1 240.8 24.1 22.4
9.300000 0 488.4 240.0 24.1 22.5
9.333333 0 489.7 239.3 24.0 22.5
9.366667 0 491.0 238.5 24.0 22.5
9.400000 0 492.3 237.7 24.0 22.5
9.433333 0 493.6 237.0 23.9 22.5
9.466667 0 494.9 236.2 23.9 22.6
9.500000 0 496.2 235.4 23.8 22.6
9.533333 0 497.5 234.6 23.8 22.6
9.566667 0 498.8 233.9 23.7 22.6
9.600000 0 500.0 233.1 23.7 22.6
9.633333 0 501.3 232.3 23.7 22.7
9.666667 0 502.6 231.6 23.6 22.7
9.700000 0 503.9 230.8 23.6 22.7
9.733333 0 505.2 230.0 23.5 22.7
9.766667 0 506.5 229.2 23.5 22.8
9.800000 0 507.8 228.5 23.5 22.8
9.833333 0 509.1 227.7 23.4 22.8
9.866667 0 510.4 226.9 23.4 22.8
9.900000 0 511.7 226.2 23.3 22.8
9.933333 0 513.0 225.4 23.3 22.9
9.966667 0 514.3 224.6 23.2 22.9
10.000000 0 515.5 223.9 23.2 22.9
10.033333 0 516.8 223.1 23.2 22.9
10.066667 0 518.1 222.3 23.1 22.9
10.100000 0 519.4 221.5 23.1 23.0
10.133333 0 520.7 220.8 23.0 23.0
10.166667 0 522.0 220.0 23.0 23.0
