0.000000 0 278.0 297.0 53.0 78.0
0.033333 0 278.3 296.6 52.9 77.8
0.066667 0 278.6 296.1 52.8 77.7
0.100000 0 278.8 295.7 52.7 77.5
0.133333 0 279.1 295.3 52.5 77.3
0.166667 0 279.4 294.8 52.4 77.1
0.200000 0 279.7 294.4 52.3 77.0
0.233333 0 279.9 293.9 52.2 76.8
0.266667 0 280.2 293.5 52.1 76.6
0.300000 0 280.5 293.1 52.0 76.4
0.333333 0 280.8 292.6 51.9 76.3
0.366667 0 281.0 292.2 51.7 76.1
0.400000 0 281.3 291.8 51.6 75.9
0.433333 0 281.6 291.3 51.5 75.8
0.466667 0 281.9 290.9 51.4 75.6
0.500000 0 282.1 290.4 51.3 75.4
0.533333 0 282.4 290.0 51.2 75.2
0.566667 0 282.7 289.6 51.0 75.1
0.600000 0 283.0 289.1 50.9 74.9
0.633333 0 283.2 288.7 50.8 74.7
0.666667 0 283.5 288.3 50.7 74.6
0.700000 0 283.8 287.8 50.6 74.4
0.733333 0 284.1 287.4 50.5 74.2
0.766667 0 284.3 287.0 50.4 74.0
0.800000 0 284.6 286.5 50.2 73.9
0.833333 0 284.9 286.1 50.1 73.7
0.866667 0 285.2 285.6 50.0 73.5
0.900000 0 285.4 285.2 49.9 73.3
0.933333 0 285.7 284.8 49.8 73.2
0.966667 0 286.0 284.3 49.7 73.0
1.000000 0 286.3 283.9 49.6 72.8
1.033333 0 286.6 283.5 49.4 72.7
1.066667 0 286.8 283.0 49.3 72.5
1.100000 0 287.1 282.6 49.2 72.3
1.133333 0 287.4 282.1 49.1 72.1
1.166667 0 287.7 281.7 49.0 72.0
1.200000 0 287.9 281.3 48.9 71.8
1.233333 0 288.2 280.8 48.7 71.6
1.266667 0 288.5 280.4 48.6 71.4
1.300000 0 288.8 280.0 48.5 71.3
1.333333 0 289.0 279.5 48.4 71.1
1.366667 0 289.3 279.1 48.3 70.9
1.400000 0 289.6 278.7 48.2 70.8
1.433333 0 289.9 278.2 48.1 70.6
1.466667 0 290.1 277.8 47.9 70.4
1.500000 0 290.4 277.3 47.8 70.2
1.533333 0 290.7 276.9 47.7 70.1
1.566667 0 291.0 276.5 47.6 69.9
1.600000 0 291.2 276.0 47.5 69.7
1.633333 0 291.5 275.6 47.4 69.6
1.666667 0 291.8 275.2 47.3 69.4
1.700000 0 292.1 274.7 47.1 69.2
1.733333 0 292.3 274.3 47.0 69.0
1.766667 0 292.6 273.9 46.9 68.9
1.800000 0 292.9 273.4 46.8 68.7
1.833333 0 293.2 273.0 46.7 68.5
1.866667 0 293.4 272.5 46.6 68.3
1.900000 0 293.7 272.1 46.4 68.2
1.933333 0 294.0 271.7 46.3 68.0
1.966667 0 294.3 271.2 46.2 67.8
2.000000 0 294.6 270.8 46.1 67.7
2.033333 0 294.8 270.4 46.0 67.5
2.066667 0 295.1 269.9 45.9 67.3
2.100000 0 295.4 269.5 45.8 67.1
2.133333 0 295.7 269.0 45.6 67.0
2.166667 0 295.9 268.6 45.5 66.8
2.200000 0 296.2 268.2 45.4 66.6
2.233333 0 296.5 267.7 45.3 66.4
2.266667 0 296.8 267.3 45.2 66.3
2.300000 0 297.0 266.9 45.1 66.1
2.333333 0 297.3 266.4 45.0 65.9
2.366667 0 297.6 266.0 44.8 65.8
2.400000 0 297.9 265.6 44.7 65.6
2.433333 0 298.1 265.1 44.6 65.4
2.466667 0 298.4 264.7 44.5 65.2
2.500000 0 298.7 264.2 44.4 65.1
2.533333 0 299.0 263.8 44.3 64.9
2.566667 0 299.2 263.4 44.1 64.7
2.600000 0 299.5 262.9 44.0 64.6
2.633333 0 299.8 262.5 43.9 64.4
2.666667 0 300.1 262.1 43.8 64.2
2.700000 0 300.3 261.6 43.7 64.0
2.733333 0 300.6 261.2 43.6 63.9
2.766667 0 300.9 260.7 43.5 63.7
2.800000 0 301.2 260.3 43.3 63.5
2.833333 0 301.4 259.9 43.2 63.3
2.866667 0 301.7 259.4 43.1 63.2
2.900000 0 302.0 259.0 43.0 63.0
2.933333 0 302.2 258.8 43.0 63.0
2.966667 0 302.4 258.6 42.9 62.9
3.000000 0 302.6 258.5 42.9 62.9
3.033333 0 302.8 258.3 42.9 62.9
3.066667 0 303.0 258.1 42.8 62.8
3.100000 0 303.1 257.9 42.8 62.8
3.133333 0 303.3 257.7 42.7 62.7
3.166667 0 303.5 257.6 42.7 62.7
3.200000 0 303.7 257.4 42.7 62.7
3.233333 0 303.9 257.2 42.6 62.6
3.266667 0 304.1 257.0 42.6 62.6
3.300000 0 304.3 256.9 42.6 62.6
3.333333 0 304.5 256.7 42.5 62.5
3.366667 0 304.7 256.5 42.5 62.5
3.400000 0 304.9 256.3 42.5 62.5
3.433333 0 305.0 256.1 42.4 62.4
3.466667 0 305.2 256.0 42.4 62.4
3.500000 0 305.4 255.8 42.4 62.4
3.533333 0 305.6 255.6 42.3 62.3
3.566667 0 305.8 255.4 42.3 62.3
3.600000 0 306.0 255.2 42.2 62.2
3.633333 0 306.2 255.1 42.2 62.2
3.666667 0 306.4 254.9 42.2 62.2
3.700000 0 306.6 254.7 42.1 62.1
3.733333 0 306.8 254.5 42.1 62.1
3.766667 0 307.0 254.4 42.1 62.1
3.800000 0 307.1 254.2 42.0 62.0
3.833333 0 307.3 254.0 42.0 62.0
3.866667 0 307.5 253.8 42.0 62.0
3.900000 0 307.7 253.6 41.9 61.9
3.933333 0 307.9 253.5 41.9 61.9
3.966667 0 308.1 253.3 41.9 61.9
4.000000 0 308.3 253.1 41.8 61.8
4.033333 0 308.5 252.9 41.8 61.8
4.066667 0 308.7 252.7 41.7 61.7
4.100000 0 308.9 252.6 41.7 61.7
4.133333 0 309.0 252.4 41.7 61.7
4.166667 0 309.2 252.2 41.6 61.6
4.200000 0 309.4 252.0 41.6 61.6
4.233333 0 309.6 251.9 41.6 61.6
4.266667 0 309.8 251.7 41.5 61.5
4.300000 0 310.0 251.5 41.5 61.5
4.333333 0 310.2 251.3 41.5 61.5
4.366667 0 310.4 251.1 41.4 61.4
4.400000 0 310.6 251.0 41.4 61.4
4.433333 0 310.8 250.8 41.4 61.4
4.466667 0 311.0 250.6 41.3 61.3
4.500000 0 311.1 250.4 41.3 61.3
4.533333 0 311.3 250.2 41.2 61.2
4.566667 0 311.5 250.1 41.2 61.2
4.600000 0 311.7 249.9 41.2 61.2
4.633333 0 311.9 249.7 41.1 61.1
4.666667 0 312.1 249.5 41.1 61.1
4.700000 0 312.3 249.4 41.1 61.1
4.733333 0 312.5 249.2 41.0 61.0
4.766667 0 312.7 249.0 41.0 61.0
4.800000 0 312.9 248.8 41.0 61.0
4.833333 0 313.0 248.6 40.9 60.9
4.866667 0 313.2 248.5 40.9 60.9
4.900000 0 313.4 248.3 40.9 60.9
4.933333 0 313.6 248.1 40.8 60.8
4.966667 0 313.8 247.9 40.8 60.8
5.000000 0 314.0 247.7 40.7 60.7
5.033333 0 314.2 247.6 40.7 60.7
5.066667 0 314.4 247.4 40.7 60.7
5.100000 0 314.6 247.2 40.6 60.6
5.133333 0 314.8 247.0 40.6 60.6
5.166667 0 315.0 246.9 40.6 60.6
5.200000 0 315.1 246.7 40.5 60.5
5.233333 0 315.3 246.5 40.5 60.5
5.266667 0 315.5 246.3 40.5 60.5
5.300000 0 315.7 246.1 40.4 60.4
5.333333 0 315.9 246.0 40.4 60.4
5.366667 0 316.1 245.8 40.4 60.4
5.400000 0 316.3 245.6 40.3 60.3
5.433333 0 316.5 245.4 40.3 60.3
5.466667 0 316.7 245.2 40.2 60.2
5.500000 0 316.9 245.1 40.2 60.2
5.533333 0 317.0 244.9 40.2 60.2
5.566667 0 317.2 244.7 40.1 60.1
5.600000 0 317.4 244.5 40.1 60.1
5.633333 0 317.6 244.4 40.1 60.1
5.666667 0 317.8 244.2 40.0 60.0
5.700000 0 318.0 244.0 40.0 60.0
5.733333 0 318.2 243.7 40.0 60.0
5.766667 0 318.3 243.4 40.1 60.1
5.800000 0 318.5 243.1 40.1 60.1
5.833333 0 318.6 242.9 40.2 60.1
5.866667 0 318.8 242.6 40.2 60.1
5.900000 0 318.9 242.3 40.3 60.2
5.933333 0 319.1 242.0 40.3 60.2
5.966667 0 319.2 241.7 40.4 60.2
6.000000 0 319.4 241.4 40.4 60.2
6.033333 0 319.5 241.2 40.5 60.3
6.066667 0 319.7 240.9 40.5 60.3
6.100000 0 319.8 240.6 40.6 60.3
6.133333 0 320.0 240.3 40.6 60.4
6.166667 0 320.1 240.0 40.7 60.4
6.200000 0 320.3 239.7 40.7 60.4
6.233333 0 320.4 239.4 40.8 60.4
6.266667 0 320.6 239.2 40.8 60.5
6.300000 0 320.8 238.9 40.9 60.5
6.333333 0 320.9 238.6 40.9 60.5
6.366667 0 321.1 238.3 41.0 60.6
6.400000 0 321.2 238.0 41.0 60.6
6.433333 0 321.4 237.7 41.1 60.6
6.466667 0 321.5 237.5 41.1 60.6
6.500000 0 321.7 237.2 41.2 60.7
6.533333 0 321.8 236.9 41.2 60.7
6.566667 0 322.0 236.6 41.3 60.7
6.600000 0 322.1 236.3 41.3 60.7
6.633333 0 322.3 236.0 41.4 60.8
6.666667 0 322.4 235.7 41.4 60.8
6.700000 0 322.6 235.5 41.5 60.8
6.733333 0 322.7 235.2 41.5 60.9
6.766667 0 322.9 234.9 41.6 60.9
6.800000 0 323.0 234.6 41.6 60.9
6.833333 0 323.2 234.3 41.7 60.9
6.866667 0 323.3 234.0 41.7 61.0
6.900000 0 323.5 233.8 41.7 61.0
6.933333 0 323.7 233.5 41.8 61.0
6.966667 0 323.8 233.2 41.8 61.1
7.000000 0 324.0 232.9 41.9 61.1
7.033333 0 324.1 232.6 41.9 61.1
7.066667 0 324.3 232.3 42.0 61.1
7.100000 0 324.4 232.0 42.0 61.2
7.133333 0 324.6 231.8 42.1 61.2
7.166667 0 324.7 231.5 42.1 61.2
7.200000 0 324.9 231.2 42.2 61.2
7.233333 0 325.0 230.9 42.2 61.3
7.266667 0 325.2 230.6 42.3 61.3
7.300000 0 325.3 230.3 42.3 61.3
7.333333 0 325.5 230.0 42.4 61.4
7.366667 0 325.6 229.8 42.4 61.4
7.400000 0 325.8 229.5 42.5 61.4
7.433333 0 325.9 229.2 42.5 61.4
7.466667 0 326.1 228.9 42.6 61.5
7.500000 0 326.3 228.6 42.6 61.5
7.533333 0 326.4 228.3 42.7 61.5
7.566667 0 326.6 228.1 42.7 61.6
7.600000 0 326.7 227.8 42.8 61.6
7.633333 0 326.9 227.5 42.8 61.6
7.666667 0 327.0 227.2 42.9 61.6
7.700000 0 327.2 226.9 42.9 61.7
7.733333 0 327.3 226.6 43.0 61.7
7.766667 0 327.5 226.3 43.0 61.7
7.800000 0 327.6 226.1 43.1 61.7
7.833333 0 327.8 225.8 43.1 61.8
7.866667 0 327.9 225.5 43.2 61.8
7.900000 0 328.1 225.2 43.2 61.8
7.933333 0 328.2 224.9 43.3 61.9
7.966667 0 328.4 224.6 43.3 61.9
8.000000 0 328.5 224.4 43.4 61.9
8.033333 0 328.7 224.1 43.4 61.9
8.066667 0 328.8 223.8 43.5 62.0
8.100000 0 329.0 223.5 43.5 62.0
8.133333 0 329.2 223.2 43.5 62.0
8.166667 0 329.3 222.9 43.6 62.1
8.200000 0 329.5 222.6 43.6 62.1
8.233333 0 329.6 222.4 43.7 62.1
8.266667 0 329.8 222.1 43.7 62.1
8.300000 0 329.9 221.8 43.8 62.2
8.333333 0 330.1 221.5 43.8 62.2
8.366667 0 330.2 221.2 43.9 62.2
8.400000 0 330.4 220.9 43.9 62.2
8.433333 0 330.5 220.7 44.0 62.3
8.466667 0 330.7 220.4 44.0 62.3
8.500000 0 330.8 220.1 44.1 62.3
8.533333 0 331.0 219.8 44.1 62.4
8.566667 0 331.1 219.5 44.2 62.4
8.600000 0 331.3 219.2 44.2 62.4
8.633333 0 331.4 218.9 44.3 62.4
8.666667 0 331.6 218.7 44.3 62.5
8.700000 0 331.8 218.4 44.4 62.5
8.733333 0 331.9 218.1 44.4 62.5
8.766667 0 332.1 217.8 44.5 62.6
8.800000 0 332.2 217.5 44.5 62.6
8.833333 0 332.4 217.2 44.6 62.6
8.866667 0 332.5 217.0 44.6 62.6
8.900000 0 332.7 216.7 44.7 62.7
8.933333 0 332.8 216.4 44.7 62.7
8.966667 0 333.0 216.1 44.8 62.7
9.000000 0 333.1 215.8 44.8 62.7
9.033333 0 333.3 215.5 44.9 62.8
9.066667 0 333.4 215.2 44.9 62.8
9.100000 0 333.6 215.0 45.0 62.8
9.133333 0 333.7 214.7 45.0 62.9
9.166667 0 333.9 214.4 45.1 62.9
9.200000 0 334.0 214.1 45.1 62.9
9.233333 0 334.2 213.8 45.2 62.9
9.266667 0 334.3 213.5 45.2 63.0
9.300000 0 334.5 213.3 45.2 63.0
9.333333 0 334.7 213.0 45.3 63.0
9.366667 0 334.8 212.7 45.3 63.1
9.400000 0 335.0 212.4 45.4 63.1
9.433333 0 335.1 212.1 45.4 63.1
9.466667 0 335.3 211.8 45.5 63.1
9.500000 0 335.4 211.5 45.5 63.2
9.533333 0 335.6 211.3 45.6 63.2
9.566667 0 335.7 211.0 45.6 63.2
9.600000 0 335.9 210.7 45.7 63.2
9.633333 0 336.0 210.4 45.7 63.3
9.666667 0 336.2 210.1 45.8 63.3
9.700000 0 336.3 209.8 45.8 63.3
9.733333 0 336.5 209.5 45.9 63.4
9.766667 0 336.6 209.3 45.9 63.4
9.800000 0 336.8 209.0 46.0 63.4
9.833333 0 336.9 208.7 46.0 63.4
9.866667 0 337.1 208.4 46.1 63.5
9.900000 0 337.3 208.1 46.1 63.5
9.933333 0 337.4 207.8 46.2 63.5
9.966667 0 337.6 207.6 46.2 63.6
10.000000 0 337.7 207.3 46.3 63.6
10.033333 0 337.9 207.0 46.3 63.6
10.066667 0 338.0 206.7 46.4 63.6
10.100000 0 338.2 206.4 46.4 63.7
10.133333 0 338.3 206.1 46.5 63.7
10.166667 0 338.5 205.8 46.5 63.7
10.200000 0 338.6 205.6 46.6 63.7
10.233333 0 338.8 205.3 46.6 63.8
10.266667 0 338.9 205.0 46.7 63.8
10.300000 0 339.1 204.7 46.7 63.8
10.333333 0 339.2 204.4 46.8 63.9
10.366667 0 339.4 204.1 46.8 63.9
10.400000 0 339.5 203.9 46.9 63.9
10.433333 0 339.7 203.6 46.9 63.9
10.466667 0 339.8 203.3 47.0 64.0
10.500000 0 340.0 203.0 47.0 64.0
