0.033333 0 337.5 242.8 120.0 140.9
0.066667 0 337.4 240.7 121.0 141.9
0.100000 0 337.5 238.9 121.5 142.5
0.133333 0 338.0 237.9 121.6 142.6
0.166667 0 338.4 236.5 121.9 143.0
0.200000 0 338.2 234.6 123.2 144.4
0.233333 0 339.0 233.6 122.9 144.0
0.266667 0 339.5 232.9 122.9 144.0
0.300000 0 339.9 232.1 123.0 144.0
0.333333 0 340.2 230.9 122.9 144.0
0.366667 0 340.2 230.0 123.1 144.1
0.400000 0 340.2 229.0 123.0 144.0
0.433333 0 339.8 227.4 123.3 144.3
0.466667 0 339.6 226.7 123.2 144.1
0.500000 0 339.5 225.7 123.1 144.0
0.533333 0 339.1 224.5 123.4 144.3
0.566667 0 338.7 223.3 123.9 144.8
0.600000 0 338.6 222.8 123.9 144.7
0.633333 0 338.7 222.4 123.4 144.1
0.666667 0 338.4 221.6 123.7 144.4
0.700000 0 337.9 221.3 124.2 144.9
0.733333 0 337.4 221.1 124.4 145.1
0.766667 0 337.0 220.9 124.4 145.1
0.800000 0 336.5 220.9 124.5 145.2
0.833333 0 335.9 220.9 124.6 145.3
0.866667 0 335.7 220.8 124.5 145.2
0.900000 0 335.1 220.5 124.6 145.3
0.933333 0 334.6 219.9 125.5 146.3
0.966667 0 334.5 219.4 125.6 146.4
1.000000 0 334.2 219.0 126.0 146.8
1.033333 0 334.4 218.9 125.8 146.6
1.066667 0 334.9 218.7 126.0 146.8
1.100000 0 335.1 218.2 126.5 147.4
1.133333 0 335.5 218.4 126.5 147.3
1.166667 0 336.1 218.2 126.5 147.4
1.200000 0 336.4 218.1 126.8 147.8
1.233333 0 337.0 218.1 126.6 147.5
1.266667 0 337.1 217.9 127.0 147.9
1.300000 0 337.6 217.9 127.0 148.0
1.333333 0 337.9 217.9 127.0 147.9
1.366667 0 338.0 217.9 127.0 147.9
1.400000 0 338.3 218.0 127.0 148.0
1.433333 0 338.6 218.0 127.0 147.9
1.466667 0 338.5 218.1 127.1 148.1
1.500000 0 338.5 218.7 127.0 148.0
1.533333 0 338.4 218.4 127.3 148.3
1.566667 0 338.3 218.5 127.3 148.2
1.600000 0 338.3 218.7 127.2 148.2
1.633333 0 338.2 218.6 127.6 148.6
1.666667 0 338.2 218.7 127.3 148.4
1.700000 0 338.0 218.7 127.6 148.6
1.733333 0 338.0 218.9 127.4 148.5
1.766667 0 338.1 218.9 127.2 148.3
1.800000 0 338.0 218.8 127.3 148.5
1.833333 0 337.8 218.6 127.4 148.5
1.866667 0 337.7 218.6 127.4 148.6
1.900000 0 337.7 219.0 126.6 147.8
1.933333 0 337.6 219.2 126.5 147.6
1.966667 0 337.5 219.5 126.2 147.2
2.000000 0 337.2 219.4 126.4 147.4
2.033333 0 336.8 219.7 126.2 147.2
2.066667 0 336.4 220.1 126.3 147.4
2.100000 0 336.4 220.0 126.4 147.5
2.133333 0 335.9 220.2 126.4 147.4
2.166667 0 336.1 220.8 126.0 147.1
2.200000 0 336.5 220.9 126.1 147.1
2.233333 0 336.4 221.0 126.2 147.3
2.266667 0 337.0 221.5 126.0 147.1
2.300000 0 337.7 221.5 126.4 147.4
2.333333 0 338.7 222.2 126.1 147.1
2.366667 0 339.7 222.7 126.2 147.3
2.400000 0 341.3 223.8 125.9 147.0
2.433333 0 343.4 224.5 125.9 147.0
2.466667 0 345.6 224.9 126.3 147.3
2.500000 0 348.2 225.9 126.1 147.2
2.533333 0 350.7 226.7 126.1 147.2
2.566667 0 353.0 227.4 126.1 147.2
2.600000 0 355.2 228.7 126.0 147.2
2.633333 0 357.2 229.4 126.0 147.1
2.666667 0 358.5 229.7 126.1 147.2
2.700000 0 359.8 230.5 125.9 147.0
2.733333 0 361.1 231.2 125.9 147.0
2.766667 0 362.3 231.2 126.0 147.2
2.800000 0 363.6 231.5 126.1 147.2
2.833333 0 364.9 232.2 125.7 146.8
2.866667 0 365.8 232.1 125.9 147.1
2.900000 0 366.6 232.7 125.7 146.8
2.933333 0 367.2 233.1 125.7 146.9
2.966667 0 367.6 233.5 125.9 147.1
3.000000 0 368.2 234.0 125.8 146.9
3.033333 0 368.4 234.0 126.0 147.1
3.066667 0 368.7 234.3 125.6 146.8
3.100000 0 368.9 234.3 125.6 146.8
3.133333 0 368.8 234.2 125.9 147.1
3.166667 0 368.7 234.1 126.0 147.2
3.200000 0 368.7 233.9 125.7 146.9
3.233333 0 368.3 233.6 125.7 146.9
3.266667 0 368.0 233.2 125.4 146.6
3.300000 0 367.7 232.5 125.4 146.6
3.333333 0 367.6 231.8 125.3 146.4
3.366667 0 367.4 230.6 125.2 146.5
3.400000 0 367.4 229.4 125.0 146.3
3.433333 0 367.2 227.9 125.2 146.4
3.466667 0 367.1 226.8 125.0 146.3
3.500000 0 367.0 225.3 125.0 146.3
3.533333 0 366.7 223.7 125.0 146.4
3.566667 0 366.7 222.1 124.9 146.3
3.600000 0 366.4 220.2 124.9 146.3
3.633333 0 366.1 218.2 125.1 146.4
3.666667 0 365.7 216.2 125.0 146.3
3.700000 0 365.3 214.2 125.2 146.5
3.733333 0 365.0 212.1 124.6 146.1
3.766667 0 364.7 210.1 124.7 146.2
3.800000 0 364.2 208.0 124.9 146.5
3.833333 0 363.7 206.0 124.8 146.3
3.866667 0 363.5 204.2 124.8 146.3
3.900000 0 363.2 202.3 124.8 146.4
3.933333 0 362.8 200.5 124.6 146.1
3.966667 0 362.7 198.9 124.3 145.8
4.000000 0 362.5 197.1 124.4 145.9
4.033333 0 362.4 195.2 124.2 145.8
4.066667 0 362.0 193.7 124.1 145.6
4.100000 0 361.7 192.1 123.9 145.4
4.133333 0 361.4 190.5 123.9 145.4
4.166667 0 360.9 189.1 123.7 145.3
4.200000 0 360.4 187.8 123.6 145.1
4.233333 0 359.8 186.3 123.7 145.2
4.266667 0 359.1 185.1 123.4 144.9
4.300000 0 358.1 183.6 123.7 145.1
4.333333 0 357.2 182.2 123.7 145.0
4.366667 0 356.6 181.3 123.5 144.9
4.400000 0 355.8 180.1 123.6 144.8
4.433333 0 355.1 178.9 123.5 144.8
4.466667 0 354.3 177.9 123.6 144.9
4.500000 0 353.7 176.7 123.8 145.0
4.533333 0 353.3 175.7 123.8 145.0
4.566667 0 353.3 174.8 123.6 144.7
4.600000 0 353.4 173.6 123.3 144.5
4.633333 0 353.2 172.6 123.7 144.8
4.666667 0 353.8 171.9 123.3 144.4
4.700000 0 354.2 170.9 123.5 144.6
4.733333 0 354.5 170.2 123.5 144.6
4.766667 0 355.0 169.4 123.5 144.7
4.800000 0 355.6 168.8 123.6 144.7
4.833333 0 356.2 168.2 123.9 145.0
4.866667 0 356.9 168.1 124.1 145.1
4.900000 0 357.8 168.3 124.0 145.1
4.933333 0 358.6 168.4 124.1 145.1
4.966667 0 359.2 168.8 124.2 145.2
5.000000 0 360.0 169.2 124.2 145.2
5.033333 0 360.5 169.8 124.2 145.2
5.066667 0 361.0 170.5 124.3 145.3
5.100000 0 361.4 171.9 124.3 145.3
5.133333 0 361.5 173.8 124.7 145.6
5.166667 0 361.7 176.4 124.9 145.8
5.200000 0 361.6 179.5 125.0 145.9
5.233333 0 361.3 182.6 125.2 146.2
5.266667 0 360.9 185.7 125.4 146.4
5.300000 0 360.6 188.8 125.7 146.8
5.333333 0 360.0 191.4 126.2 147.3
5.366667 0 359.7 194.3 126.5 147.6
5.400000 0 359.4 197.3 126.7 147.9
5.433333 0 359.0 200.6 127.0 148.2
5.466667 0 358.7 203.7 127.4 148.6
5.500000 0 358.5 207.2 127.2 148.5
5.533333 0 358.5 210.1 127.5 148.8
5.566667 0 358.6 213.0 127.4 148.7
5.600000 0 358.4 216.2 127.4 148.6
5.633333 0 358.1 218.8 127.2 148.4
5.666667 0 357.7 220.9 127.3 148.4
5.700000 0 357.2 223.1 127.2 148.3
5.733333 0 356.7 224.6 127.1 148.1
5.766667 0 356.2 225.9 127.2 148.1
5.800000 0 355.6 226.9 127.2 148.0
5.833333 0 355.0 227.7 127.5 148.3
5.866667 0 354.4 228.3 127.4 148.2
5.900000 0 353.9 229.3 127.1 147.9
5.933333 0 353.2 229.8 127.1 147.9
5.966667 0 352.5 230.2 127.4 148.2
6.000000 0 352.0 230.9 127.3 148.2
6.033333 0 351.9 231.7 127.2 148.1
6.066667 0 351.4 231.9 127.7 148.5
6.100000 0 351.1 232.6 127.7 148.5
6.133333 0 350.8 233.1 127.8 148.6
6.166667 0 350.5 233.8 127.8 148.6
6.200000 0 350.1 234.1 128.1 148.9
6.233333 0 349.7 234.3 128.3 149.1
6.266667 0 349.4 234.9 128.3 149.1
6.300000 0 349.0 235.1 128.3 149.1
6.333333 0 348.6 235.3 128.6 149.3
6.366667 0 348.2 236.1 128.4 149.1
6.400000 0 347.3 236.6 128.7 149.5
6.433333 0 346.2 237.3 129.0 149.7
6.466667 0 345.4 238.3 129.0 149.7
6.500000 0 344.3 238.9 129.4 150.1
6.533333 0 343.3 239.5 129.6 150.3
6.566667 0 342.3 240.2 129.7 150.3
6.600000 0 341.6 240.6 129.8 150.5
6.633333 0 340.6 241.2 130.1 150.8
6.666667 0 339.5 241.0 130.1 150.7
6.700000 0 338.6 240.8 130.3 151.0
6.733333 0 338.0 240.4 130.3 150.9
6.766667 0 337.2 240.0 130.5 151.2
6.800000 0 336.5 239.5 130.6 151.2
6.833333 0 336.2 239.0 130.9 151.5
6.866667 0 335.8 238.4 131.0 151.6
6.900000 0 335.4 237.9 131.0 151.6
6.933333 0 334.8 237.0 131.4 152.0
6.966667 0 334.4 236.3 131.5 152.1
7.000000 0 334.2 235.4 131.5 152.1
7.033333 0 333.7 234.3 132.0 152.5
7.066667 0 333.5 233.0 132.2 152.8
7.100000 0 333.5 232.0 132.2 152.8
7.133333 0 333.3 230.0 132.8 153.3
7.166667 0 333.1 228.4 132.9 153.5
7.200000 0 333.1 226.4 133.0 153.5
7.233333 0 332.9 224.3 133.1 153.7
7.266667 0 332.8 222.6 133.1 153.7
7.300000 0 332.7 220.1 133.4 153.9
7.333333 0 332.3 217.4 133.6 154.2
7.366667 0 331.7 215.3 133.8 154.3
7.400000 0 331.2 212.7 134.0 154.5
7.433333 0 330.6 209.4 134.2 154.7
7.466667 0 330.0 206.6 134.1 154.6
7.500000 0 329.3 202.9 134.3 154.8
7.533333 0 328.5 199.4 134.7 155.2
7.566667 0 327.9 196.1 135.0 155.5
7.600000 0 327.1 192.7 135.4 156.0
7.633333 0 326.2 189.7 135.6 156.2
7.666667 0 325.6 186.9 135.9 156.4
7.700000 0 325.2 184.1 135.9 156.4
7.733333 0 324.8 181.4 135.8 156.2
7.766667 0 324.0 179.0 136.3 156.8
7.800000 0 323.8 176.5 136.3 156.8
7.833333 0 323.3 173.7 136.5 157.0
7.866667 0 322.7 171.4 136.9 157.4
7.900000 0 322.7 168.8 136.8 157.3
7.933333 0 322.6 166.3 137.0 157.5
7.966667 0 322.2 164.2 137.2 157.8
8.000000 0 322.2 162.4 137.2 157.7
8.033333 0 322.3 160.3 137.0 157.4
8.066667 0 322.2 158.6 137.1 157.5
8.100000 0 322.3 157.1 137.7 158.2
8.133333 0 322.6 156.2 137.5 157.9
8.166667 0 322.4 155.2 137.8 158.2
8.200000 0 322.2 154.6 138.3 158.8
8.233333 0 322.1 154.0 138.6 159.1
8.266667 0 322.4 153.9 138.7 159.3
8.300000 0 322.2 153.9 139.1 159.8
8.333333 0 321.9 154.3 139.7 160.5
8.366667 0 321.7 155.2 140.2 161.1
8.400000 0 321.3 156.9 140.9 162.0
8.433333 0 320.9 159.1 141.4 162.6
8.466667 0 320.1 161.6 141.7 163.0
8.500000 0 319.6 164.3 142.0 163.2
8.533333 0 319.1 167.3 142.0 163.3
8.566667 0 318.4 171.3 142.2 163.5
8.600000 0 317.5 175.7 142.6 163.9
8.633333 0 316.2 179.9 142.6 163.9
8.666667 0 315.0 183.8 143.3 164.6
8.700000 0 314.4 187.5 143.3 164.5
8.733333 0 313.0 190.7 144.0 165.3
8.766667 0 312.1 193.8 143.9 165.2
8.800000 0 311.5 195.8 143.7 164.9
8.833333 0 311.0 197.2 143.7 165.0
8.866667 0 310.5 198.4 143.6 164.8
8.900000 0 309.5 199.1 144.3 165.5
8.933333 0 309.1 200.0 144.3 165.5
8.966667 0 308.7 200.9 145.0 166.2
9.000000 0 308.1 201.7 145.2 166.4
9.033333 0 307.9 203.0 145.2 166.4
9.066667 0 307.9 204.0 145.3 166.4
9.100000 0 307.7 205.2 145.6 166.9
9.133333 0 307.6 206.4 146.2 167.3
9.166667 0 307.6 208.0 146.6 167.7
9.200000 0 307.8 209.9 146.5 167.7
9.233333 0 307.9 211.9 146.8 168.0
9.266667 0 307.9 215.0 147.1 168.2
9.300000 0 308.0 218.9 146.9 168.0
9.333333 0 307.9 223.7 147.3 168.4
9.366667 0 308.0 228.7 147.8 168.9
9.400000 0 308.1 233.8 148.0 169.1
9.433333 0 308.2 238.9 148.2 169.2
9.466667 0 308.1 243.7 148.7 169.8
9.500000 0 308.5 248.6 148.9 169.9
9.533333 0 308.9 253.4 148.8 169.8
9.566667 0 308.9 257.9 149.1 170.0
9.600000 0 309.2 262.0 149.3 170.3
9.633333 0 309.7 266.0 149.3 170.2
9.666667 0 310.0 269.5 149.6 170.5
9.700000 0 310.3 273.0 150.1 170.9
9.733333 0 310.5 276.6 150.3 171.1
9.766667 0 311.0 280.1 150.4 171.2
9.800000 0 311.6 283.5 150.6 171.4
9.833333 0 311.9 286.7 150.8 171.6
9.866667 0 312.2 290.0 151.2 171.8
9.900000 0 312.8 293.3 151.4 172.1
9.933333 0 313.3 296.6 151.6 172.3
9.966667 0 313.7 299.4 151.8 172.5
10.000000 0 313.9 302.2 152.3 173.0
10.033333 0 314.4 304.6 152.6 173.2
10.066667 0 314.7 307.0 152.6 173.2
10.100000 0 314.9 309.5 153.0 173.6
10.133333 0 315.1 311.5 153.2 173.8
