0.000000 0 339.9 355.7 37.9 23.0
0.033333 0 340.0 355.8 37.9 23.0
0.066667 0 340.0 355.8 37.9 23.0
0.100000 0 340.1 355.8 37.9 23.0
0.133333 0 340.2 355.8 37.9 23.0
0.166667 0 340.2 355.7 38.1 23.1
0.200000 0 340.3 355.6 38.3 23.2
0.233333 0 340.4 355.6 38.3 23.2
0.266667 0 340.5 355.6 38.3 23.3
0.300000 0 340.8 355.6 38.1 23.2
0.333333 0 340.8 355.6 38.1 23.2
0.366667 0 341.0 355.6 38.1 23.1
0.400000 0 341.0 355.6 38.1 23.1
0.433333 0 341.1 355.6 38.2 23.2
0.466667 0 341.1 355.6 38.2 23.2
0.500000 0 341.2 355.5 38.4 23.3
0.533333 0 341.3 355.4 38.4 23.4
0.566667 0 341.4 355.5 38.4 23.4
0.600000 0 341.6 355.5 38.3 23.3
0.633333 0 341.7 355.5 38.2 23.3
0.666667 0 341.8 355.5 38.1 23.3
0.700000 0 341.9 355.5 38.1 23.2
0.733333 0 342.0 355.5 38.1 23.2
0.766667 0 342.1 355.5 38.1 23.3
0.800000 0 342.1 355.3 38.4 23.5
0.833333 0 342.1 355.2 38.5 23.6
0.866667 0 342.2 355.2 38.5 23.6
0.900000 0 342.4 355.2 38.5 23.6
0.933333 0 342.6 355.2 38.4 23.5
0.966667 0 342.6 355.2 38.3 23.5
1.000000 0 342.8 355.1 38.3 23.5
1.033333 0 342.9 355.1 38.3 23.6
1.066667 0 342.9 355.1 38.3 23.6
1.100000 0 343.0 355.0 38.4 23.6
1.133333 0 343.1 355.0 38.5 23.7
1.166667 0 343.3 354.9 38.5 23.6
1.200000 0 343.6 355.0 38.4 23.6
1.233333 0 343.7 355.0 38.3 23.5
1.266667 0 343.8 355.0 38.2 23.5
1.300000 0 343.9 355.0 38.2 23.4
1.333333 0 344.0 355.0 38.1 23.4
1.366667 0 344.0 355.0 38.2 23.4
1.400000 0 344.1 355.0 38.3 23.5
1.433333 0 344.1 355.0 38.4 23.5
1.466667 0 344.2 355.0 38.5 23.5
1.500000 0 344.6 355.0 38.3 23.4
1.533333 0 344.6 355.0 38.2 23.4
1.566667 0 344.9 355.0 38.1 23.4
1.600000 0 344.9 355.0 38.1 23.3
1.633333 0 345.1 355.0 38.1 23.2
1.666667 0 345.1 355.0 38.1 23.3
1.700000 0 345.1 355.0 38.3 23.4
1.733333 0 345.1 355.0 38.3 23.4
1.766667 0 345.4 354.9 38.4 23.4
1.800000 0 345.5 354.9 38.3 23.4
1.833333 0 345.7 355.0 38.1 23.2
1.866667 0 345.9 355.0 38.0 23.1
1.900000 0 346.1 355.0 37.9 23.1
1.933333 0 346.1 355.0 38.0 23.1
1.966667 0 346.2 355.0 38.2 23.2
2.000000 0 346.2 354.9 38.3 23.3
2.033333 0 346.4 354.9 38.3 23.3
2.066667 0 346.5 355.0 38.2 23.2
2.100000 0 346.8 355.0 38.0 23.1
2.133333 0 346.9 354.9 37.9 22.9
2.166667 0 347.2 354.9 37.8 22.9
2.200000 0 347.2 355.0 37.8 22.9
2.233333 0 347.3 354.9 37.9 22.9
2.266667 0 347.3 354.9 38.0 23.0
2.300000 0 347.5 354.8 38.1 23.0
2.333333 0 347.6 354.8 38.0 23.0
2.366667 0 347.9 354.8 37.9 22.9
2.400000 0 347.9 354.9 37.8 22.9
2.433333 0 348.1 354.9 37.8 22.9
2.466667 0 348.2 354.9 37.8 22.9
2.500000 0 348.2 354.7 38.0 23.0
2.533333 0 348.3 354.7 38.0 23.0
2.566667 0 348.3 354.8 38.1 23.1
2.600000 0 348.4 354.7 38.1 23.1
2.633333 0 348.7 354.7 38.0 23.0
2.666667 0 348.9 354.8 37.9 23.0
2.700000 0 349.0 354.8 37.9 22.9
2.733333 0 349.1 354.8 37.8 22.9
2.766667 0 349.2 354.7 37.9 23.0
2.800000 0 349.3 354.7 38.0 23.0
2.833333 0 349.3 354.5 38.2 23.2
2.866667 0 349.4 354.5 38.2 23.2
2.900000 0 349.4 354.2 38.4 23.5
2.933333 0 349.7 354.3 38.2 23.4
2.966667 0 349.9 354.3 38.2 23.4
3.000000 0 350.0 354.4 38.1 23.3
3.033333 0 350.1 354.4 38.1 23.3
3.066667 0 350.2 354.4 38.3 23.4
3.100000 0 350.1 354.1 38.5 23.7
3.133333 0 350.3 354.1 38.6 23.7
3.166667 0 350.4 354.0 38.5 23.7
3.200000 0 350.7 354.1 38.3 23.6
3.233333 0 350.8 354.2 38.3 23.6
3.266667 0 350.9 354.1 38.3 23.6
3.300000 0 350.9 354.1 38.3 23.6
3.333333 0 351.1 354.0 38.4 23.7
3.366667 0 351.0 354.0 38.5 23.7
3.400000 0 351.2 353.9 38.6 23.8
3.433333 0 351.3 353.9 38.6 23.8
3.466667 0 351.6 353.9 38.4 23.7
3.500000 0 351.6 353.9 38.4 23.7
3.533333 0 351.9 353.9 38.4 23.7
3.566667 0 351.9 353.9 38.4 23.7
3.600000 0 352.0 353.9 38.4 23.7
3.633333 0 352.0 353.9 38.5 23.7
3.666667 0 352.3 353.8 38.6 23.7
3.700000 0 352.4 353.9 38.3 23.4
3.733333 0 352.5 353.8 38.3 23.4
3.766667 0 352.8 353.9 38.1 23.3
3.800000 0 352.9 353.9 38.1 23.3
3.833333 0 353.1 353.9 38.1 23.3
3.866667 0 353.1 353.8 38.1 23.3
3.900000 0 353.2 353.8 38.3 23.4
3.933333 0 353.3 353.8 38.3 23.3
3.966667 0 353.6 353.8 38.2 23.2
4.000000 0 353.7 353.8 38.1 23.2
4.033333 0 354.0 353.7 38.0 23.2
4.066667 0 354.0 353.7 38.0 23.1
4.100000 0 354.2 353.6 38.1 23.2
4.133333 0 354.2 353.6 38.2 23.2
4.166667 0 354.3 353.6 38.3 23.3
4.200000 0 354.6 353.6 38.2 23.3
4.233333 0 354.8 353.6 38.1 23.2
4.266667 0 354.9 353.5 38.1 23.3
4.300000 0 355.0 353.4 38.1 23.3
4.333333 0 355.0 353.3 38.2 23.4
4.366667 0 355.1 353.3 38.4 23.5
4.400000 0 355.3 353.2 38.5 23.6
4.433333 0 355.4 353.2 38.5 23.7
4.466667 0 355.6 353.2 38.4 23.7
4.500000 0 355.6 353.0 38.4 23.8
4.533333 0 355.8 353.0 38.4 23.8
4.566667 0 355.8 353.0 38.4 23.8
4.600000 0 355.9 352.8 38.5 23.7
4.633333 0 356.1 352.8 38.7 23.9
4.666667 0 356.1 352.8 38.7 23.9
4.700000 0 356.5 352.8 38.6 23.8
4.733333 0 356.6 352.8 38.5 23.7
4.766667 0 356.8 352.8 38.3 23.6
4.800000 0 356.9 352.8 38.3 23.6
4.833333 0 357.0 352.8 38.4 23.7
4.866667 0 357.1 352.8 38.4 23.5
4.900000 0 357.3 352.8 38.5 23.6
4.933333 0 357.4 352.8 38.4 23.5
4.966667 0 357.7 352.8 38.3 23.5
5.000000 0 357.9 352.8 38.2 23.4
5.033333 0 357.9 352.9 38.1 23.2
5.066667 0 358.2 352.9 38.1 23.2
5.100000 0 358.2 352.9 38.1 23.3
5.133333 0 358.4 352.7 38.2 23.2
5.166667 0 358.4 352.8 38.2 23.2
5.200000 0 358.8 352.8 38.0 23.1
5.233333 0 358.8 352.8 38.0 23.1
5.266667 0 359.0 352.8 37.9 23.0
5.300000 0 359.1 352.7 38.0 23.1
5.333333 0 359.2 352.7 38.0 23.1
5.366667 0 359.3 352.6 38.2 23.2
5.400000 0 359.3 352.5 38.3 23.3
5.433333 0 359.6 352.5 38.2 23.3
5.466667 0 359.7 352.5 38.1 23.2
5.500000 0 360.0 352.5 38.0 23.2
5.533333 0 360.0 352.5 38.1 23.2
5.566667 0 360.0 352.3 38.2 23.4
5.600000 0 360.1 352.2 38.5 23.6
5.633333 0 360.2 352.2 38.5 23.6
5.666667 0 360.5 352.3 38.4 23.5
5.700000 0 360.6 352.2 38.4 23.6
5.733333 0 360.8 352.2 38.3 23.6
5.766667 0 360.9 352.0 38.4 23.7
5.800000 0 360.9 352.0 38.4 23.7
5.833333 0 361.0 351.9 38.7 23.8
5.866667 0 361.0 351.9 38.7 23.9
5.900000 0 361.3 351.9 38.7 23.8
5.933333 0 361.4 351.9 38.6 23.8
5.966667 0 361.7 351.9 38.5 23.8
6.000000 0 361.7 351.9 38.5 23.8
6.033333 0 361.9 351.9 38.5 23.8
6.066667 0 362.0 351.9 38.5 23.7
6.100000 0 362.2 351.8 38.6 23.7
6.133333 0 362.3 351.8 38.6 23.7
6.166667 0 362.7 351.9 38.4 23.6
6.200000 0 362.7 351.9 38.4 23.6
6.233333 0 362.9 351.9 38.4 23.6
6.266667 0 363.1 351.8 38.5 23.6
6.300000 0 363.1 351.8 38.5 23.6
6.333333 0 363.4 351.8 38.5 23.6
6.366667 0 363.8 351.9 38.2 23.4
6.400000 0 363.8 351.9 38.3 23.4
6.433333 0 364.0 351.9 38.2 23.3
6.466667 0 364.1 351.9 38.1 23.2
6.500000 0 364.2 351.9 38.2 23.2
6.533333 0 364.2 351.9 38.4 23.4
6.566667 0 364.5 351.9 38.3 23.2
6.600000 0 364.5 351.9 38.3 23.3
6.633333 0 364.9 351.9 38.0 23.1
6.666667 0 365.0 351.9 38.0 23.1
6.700000 0 365.1 351.9 38.1 23.1
6.733333 0 365.2 351.9 38.2 23.2
6.766667 0 365.2 351.9 38.3 23.2
6.800000 0 365.6 351.9 38.2 23.2
6.833333 0 365.7 351.9 38.2 23.2
6.866667 0 366.0 351.9 38.0 23.1
6.900000 0 366.1 351.7 38.1 23.1
6.933333 0 366.3 351.7 38.2 23.1
6.966667 0 366.3 351.7 38.3 23.2
7.000000 0 366.7 351.6 38.1 23.1
7.033333 0 366.9 351.5 38.1 23.2
7.066667 0 367.0 351.5 38.1 23.2
7.100000 0 367.1 351.5 38.2 23.2
7.133333 0 367.2 351.4 38.4 23.4
7.166667 0 367.2 351.4 38.4 23.4
7.200000 0 367.2 351.4 38.4 23.4
7.233333 0 367.6 351.3 38.3 23.4
7.266667 0 367.8 351.5 38.2 23.2
7.300000 0 368.0 351.6 38.1 23.1
7.333333 0 368.1 351.6 38.1 23.2
7.366667 0 368.1 351.2 38.6 23.6
7.400000 0 368.2 351.3 38.5 23.5
7.433333 0 368.7 351.5 38.2 23.2
7.466667 0 368.9 351.4 38.2 23.3
7.500000 0 368.9 351.4 38.2 23.3
7.533333 0 368.9 351.1 38.5 23.7
7.566667 0 368.9 351.0 38.6 23.8
7.600000 0 369.2 350.9 38.7 23.9
7.633333 0 369.3 350.9 38.7 23.8
7.666667 0 369.6 351.0 38.5 23.7
7.700000 0 369.8 350.9 38.4 23.7
7.733333 0 369.8 350.9 38.5 23.7
7.766667 0 370.0 350.9 38.7 23.8
7.800000 0 370.1 350.8 38.7 23.8
7.833333 0 370.4 350.9 38.6 23.8
7.866667 0 370.7 350.9 38.3 23.4
7.900000 0 370.9 351.0 38.1 23.2
7.933333 0 371.1 350.9 38.2 23.2
7.966667 0 371.2 350.9 38.1 23.1
8.000000 0 371.3 350.9 38.3 23.2
8.033333 0 371.4 350.9 38.3 23.2
8.066667 0 371.7 350.9 38.1 23.1
8.100000 0 371.8 350.9 38.1 23.1
8.133333 0 372.0 350.9 38.0 23.0
8.166667 0 372.1 350.9 38.0 23.0
8.200000 0 372.3 350.9 38.3 23.2
8.233333 0 372.3 350.8 38.3 23.2
8.266667 0 372.4 350.8 38.3 23.2
8.300000 0 372.7 350.8 38.1 23.1
8.333333 0 372.9 350.8 38.0 23.1
8.366667 0 373.0 350.9 38.0 23.0
8.400000 0 373.2 350.8 38.1 23.1
8.433333 0 373.2 350.7 38.3 23.3
8.466667 0 373.5 350.7 38.2 23.2
8.500000 0 373.6 350.7 38.2 23.2
8.533333 0 373.9 350.6 38.1 23.1
8.566667 0 373.8 350.5 38.2 23.3
8.600000 0 374.0 350.5 38.2 23.3
8.633333 0 374.1 350.3 38.5 23.5
8.666667 0 374.1 350.3 38.5 23.5
8.700000 0 374.4 350.1 38.5 23.7
8.733333 0 374.5 350.1 38.5 23.7
8.766667 0 374.8 350.1 38.4 23.6
8.800000 0 374.9 350.0 38.5 23.7
8.833333 0 374.9 350.0 38.5 23.7
8.866667 0 375.0 349.9 38.7 23.8
8.900000 0 375.2 349.9 38.7 23.8
8.933333 0 375.5 349.9 38.5 23.6
8.966667 0 375.6 349.9 38.4 23.6
9.000000 0 375.9 349.9 38.3 23.5
9.033333 0 376.0 349.9 38.4 23.5
9.066667 0 376.1 349.9 38.4 23.4
9.100000 0 376.3 349.9 38.4 23.4
9.133333 0 376.5 349.9 38.3 23.2
9.166667 0 376.9 350.0 38.0 23.0
9.200000 0 376.9 350.0 38.0 23.0
9.233333 0 377.1 349.9 38.0 23.0
9.266667 0 377.2 349.9 38.1 23.1
9.300000 0 377.3 349.8 38.3 23.3
9.333333 0 377.4 349.7 38.3 23.3
9.366667 0 377.8 349.7 38.1 23.2
9.400000 0 377.8 349.8 38.1 23.1
9.433333 0 378.1 349.8 38.0 23.1
9.466667 0 378.1 349.8 38.0 23.1
9.500000 0 378.2 349.6 38.3 23.3
9.533333 0 378.5 349.6 38.3 23.2
9.566667 0 378.7 349.7 38.1 23.1
9.600000 0 378.8 349.5 38.1 23.2
9.633333 0 379.0 349.5 38.1 23.2
9.666667 0 379.1 349.5 38.2 23.2
9.700000 0 379.1 349.4 38.3 23.3
9.733333 0 379.1 349.2 38.6 23.6
9.766667 0 379.3 349.3 38.5 23.5
9.800000 0 379.6 349.2 38.4 23.5
9.833333 0 379.7 349.0 38.5 23.6
9.866667 0 379.9 349.0 38.5 23.7
9.900000 0 380.0 348.9 38.7 23.8
9.933333 0 380.0 348.9 38.7 23.8
9.966667 0 380.3 348.9 38.7 23.7
10.000000 0 380.5 348.9 38.5 23.5
10.033333 0 380.8 349.0 38.3 23.4
10.066667 0 381.0 349.0 38.2 23.3
10.100000 0 381.2 349.0 38.4 23.3
10.133333 0 381.2 348.9 38.4 23.3
10.166667 0 381.6 349.0 38.2 23.2
10.200000 0 381.7 349.0 38.1 23.1
10.233333 0 382.0 349.0 38.0 23.0
