0.000000 0 285.0 80.0 45.4 41.3
0.033333 0 285.0 80.0 51.0 41.0
0.066667 0 287.0 79.0 49.0 42.0
0.100000 0 287.0 79.0 52.0 48.0
0.133333 0 284.0 78.0 55.0 49.0
0.166667 0 284.0 78.0 47.0 49.0
0.200000 0 287.0 78.0 44.0 49.0
0.233333 0 287.0 78.0 46.0 43.0
0.266667 0 282.0 74.0 51.0 47.0
0.300000 0 282.0 74.0 39.0 41.0
0.333333 0 278.0 73.0 43.0 41.0
0.366667 0 278.0 73.0 40.0 42.0
0.400000 0 280.0 71.0 38.0 44.0
0.433333 0 280.0 71.0 43.0 43.0
0.466667 0 281.0 75.0 42.0 39.0
0.500000 0 281.0 75.0 37.0 37.0
0.533333 0 282.0 72.0 36.0 40.0
0.566667 0 282.0 72.0 38.0 43.0
0.600000 0 275.0 68.0 45.0 46.0
0.633333 0 275.0 68.0 44.0 45.0
0.666667 0 276.0 68.0 43.0 45.0
0.700000 0 276.0 68.0 43.0 43.0
0.733333 0 276.0 70.0 43.0 41.0
0.766667 0 276.0 70.0 42.0 42.0
0.800000 0 274.0 65.0 44.0 47.0
0.833333 0 275.0 65.0 46.0 47.0
0.866667 0 276.0 69.0 45.0 43.0
0.900000 0 276.0 69.0 31.0 32.0
0.933333 0 273.0 67.0 34.0 34.0
0.966667 0 273.0 67.0 33.0 33.0
1.000000 0 269.0 64.0 37.0 36.0
1.033333 0 269.0 64.0 37.0 36.0
1.066667 0 270.0 67.0 36.0 33.0
1.100000 0 270.0 67.0 34.0 32.0
1.133333 0 270.0 65.0 34.0 34.0
1.166667 0 270.0 65.0 35.0 33.0
1.200000 0 264.0 58.0 41.0 40.0
1.233333 0 264.0 58.0 42.0 41.0
1.266667 0 261.0 65.0 45.0 34.0
1.300000 0 261.0 65.0 42.0 33.0
1.333333 0 267.0 63.0 36.0 35.0
1.366667 0 267.0 63.0 37.0 33.0
1.400000 0 264.0 60.0 40.0 36.0
1.433333 0 264.0 60.0 39.0 36.0
1.466667 0 261.0 61.0 42.0 35.0
1.500000 0 261.0 61.0 41.0 33.0
1.533333 0 265.0 58.0 37.0 36.0
1.566667 0 265.0 58.0 39.0 40.0
1.600000 0 261.0 60.0 43.0 38.0
1.633333 0 261.0 60.0 43.0 40.0
1.666667 0 258.0 53.0 46.0 47.0
1.700000 0 258.0 53.0 45.0 44.0
1.733333 0 258.0 58.0 45.0 39.0
1.766667 0 258.0 58.0 45.0 37.0
1.800000 0 262.0 63.0 41.0 32.0
1.833333 0 259.0 56.0 41.0 39.0
1.866667 0 259.0 55.0 41.0 40.0
1.900000 0 259.0 55.0 38.0 38.0
1.933333 0 255.0 56.0 42.0 37.0
1.966667 0 255.0 56.0 42.0 35.0
2.000000 0 250.0 51.0 47.0 40.0
2.033333 0 250.0 51.0 37.0 32.0
2.066667 0 253.0 52.0 34.0 31.0
2.100000 0 253.0 52.0 34.0 34.0
2.133333 0 249.0 46.0 38.0 40.0
2.166667 0 249.0 46.0 40.0 39.0
2.200000 0 239.0 44.0 50.0 41.0
2.233333 0 239.0 44.0 46.0 39.0
2.266667 0 242.0 46.0 43.0 37.0
2.300000 0 242.0 46.0 45.0 36.0
2.333333 0 241.0 40.0 46.0 42.0
2.366667 0 241.0 40.0 45.0 40.0
2.400000 0 240.0 45.0 46.0 35.0
2.433333 0 240.0 45.0 44.0 35.0
2.466667 0 243.0 49.0 41.0 31.0
2.500000 0 243.0 49.0 39.0 29.0
2.533333 0 237.0 45.0 45.0 33.0
2.566667 0 237.0 45.0 52.0 39.0
2.600000 0 238.0 41.0 51.0 43.0
2.633333 0 238.0 41.0 50.0 44.0
2.666667 0 238.0 39.0 50.0 44.0
2.700000 0 235.0 37.0 58.0 45.0
2.733333 0 239.0 39.0 49.0 42.0
2.766667 0 237.0 40.0 50.0 42.0
2.800000 0 226.0 32.0 68.0 55.0
2.833333 0 236.1 38.0 50.0 37.0
2.866667 0 231.0 38.1 53.0 38.0
2.900000 0 233.6 37.8 53.0 39.0
2.933333 0 232.1 35.6 54.0 40.0
2.966667 0 230.8 33.5 55.0 40.0
3.000000 0 227.4 33.9 54.0 40.0
3.033333 0 227.2 32.2 55.0 40.0
3.066667 0 230.1 35.9 55.0 40.0
3.100000 0 226.1 32.1 56.0 41.0
3.133333 0 228.9 32.7 56.0 41.0
3.166667 0 224.9 30.9 57.0 42.0
3.200000 0 223.1 27.6 57.0 42.0
3.233333 0 224.1 27.8 57.0 41.0
3.266667 0 218.0 28.5 57.0 41.0
3.300000 0 212.4 24.5 57.5 42.1
3.333333 0 212.3 24.4 57.7 42.3
3.366667 0 211.9 24.0 58.2 42.7
3.400000 0 211.4 23.6 58.8 43.2
3.433333 0 211.2 23.4 59.0 43.4
3.466667 0 210.8 23.1 59.5 43.6
3.500000 0 210.5 23.0 59.7 43.8
3.533333 0 210.9 23.3 58.9 43.0
3.566667 0 210.4 22.8 59.7 43.6
3.600000 0 209.8 22.0 60.5 44.3
3.633333 0 209.0 22.3 61.1 44.5
3.666667 0 207.8 22.4 61.9 45.1
3.700000 0 206.9 20.2 63.8 46.6
3.733333 0 206.0 19.7 64.8 47.2
3.766667 0 206.0 19.7 64.8 47.2
3.800000 0 205.0 19.0 66.0 48.0
3.833333 0 278.3 364.2 39.2 34.7
3.866667 0 277.1 363.4 39.3 34.7
3.900000 0 276.1 362.8 39.4 34.8
3.933333 0 275.3 362.4 39.3 34.7
3.966667 0 274.3 362.0 39.2 34.6
4.000000 0 273.5 361.7 39.0 34.4
4.033333 0 272.2 360.8 39.2 34.6
4.066667 0 271.4 360.4 39.2 34.6
4.100000 0 270.5 360.1 39.0 34.5
4.133333 0 269.7 359.6 39.0 34.4
4.166667 0 267.9 358.7 39.1 34.6
4.200000 0 267.1 358.5 39.1 34.5
4.233333 0 266.1 358.0 39.1 34.5
4.266667 0 265.3 357.3 39.6 35.0
4.300000 0 265.3 357.3 39.5 34.9
4.333333 0 263.3 356.6 39.4 34.8
4.366667 0 261.5 355.9 39.3 34.8
4.400000 0 261.4 355.9 39.3 34.8
4.433333 0 259.7 355.2 39.3 34.8
4.466667 0 258.8 354.9 39.4 34.8
4.500000 0 257.7 354.4 39.4 34.8
4.533333 0 256.4 353.5 39.4 34.9
4.566667 0 254.7 353.2 39.5 34.9
4.600000 0 254.5 352.6 39.4 34.8
4.633333 0 253.7 352.3 39.1 34.6
4.666667 0 252.2 351.5 39.5 34.9
4.700000 0 250.8 351.3 39.1 34.5
4.733333 0 249.8 350.7 39.4 34.9
4.766667 0 249.0 350.3 39.5 34.9
4.800000 0 247.7 350.0 39.4 34.9
4.833333 0 246.8 349.9 39.5 34.9
4.866667 0 245.5 349.4 39.6 34.9
4.900000 0 244.4 349.2 39.8 35.1
4.933333 0 243.4 348.6 39.8 35.2
4.966667 0 242.4 348.5 40.0 35.4
5.000000 0 240.7 348.0 39.6 35.0
5.033333 0 240.3 347.9 39.6 35.0
5.066667 0 238.7 347.2 39.9 35.2
5.100000 0 237.6 347.2 40.0 35.3
5.133333 0 236.8 346.6 39.8 35.1
5.166667 0 235.6 346.4 39.9 35.3
5.200000 0 234.3 346.1 40.2 35.6
5.233333 0 233.2 345.9 40.4 35.7
5.266667 0 232.2 345.3 40.2 35.6
5.300000 0 231.9 345.2 40.0 35.4
5.333333 0 230.1 345.1 39.8 35.1
5.366667 0 229.0 344.6 39.9 35.3
5.400000 0 227.8 344.2 40.2 35.6
5.433333 0 227.0 343.7 39.7 35.0
5.466667 0 226.6 343.7 39.7 35.1
5.500000 0 224.5 343.3 40.2 35.6
5.533333 0 223.6 342.9 39.6 35.0
5.566667 0 222.5 342.6 39.8 35.3
5.600000 0 221.4 342.5 40.0 35.4
5.633333 0 220.4 341.8 40.0 35.4
5.666667 0 219.4 341.7 40.0 35.4
5.700000 0 218.4 341.4 40.2 35.6
5.733333 0 217.4 341.2 40.2 35.6
5.766667 0 216.9 341.1 40.2 35.6
5.800000 0 216.2 340.6 40.1 35.5
5.833333 0 214.7 340.3 40.1 35.4
5.866667 0 214.1 340.0 40.3 35.6
5.900000 0 213.0 339.7 40.6 35.9
5.933333 0 212.0 339.6 40.6 35.9
5.966667 0 211.0 339.4 40.3 35.5
6.000000 0 209.6 338.8 40.8 36.0
6.033333 0 208.5 338.6 40.9 36.1
6.066667 0 207.6 338.5 40.6 35.9
6.100000 0 205.8 337.7 40.3 35.5
6.133333 0 205.0 337.7 40.4 35.7
6.166667 0 204.5 337.5 40.6 35.8
6.200000 0 203.5 337.5 40.5 35.8
6.233333 0 202.6 337.2 40.6 35.8
6.266667 0 201.9 336.9 40.8 36.0
6.300000 0 201.6 336.6 40.8 36.0
6.333333 0 200.9 336.3 41.0 36.1
6.366667 0 200.8 336.2 40.9 36.1
6.400000 0 200.0 336.0 41.2 36.3
6.433333 0 198.7 335.4 41.8 37.0
6.466667 0 197.9 335.2 41.9 36.9
6.500000 0 197.5 335.1 41.8 36.8
6.533333 0 196.5 334.9 42.0 37.0
6.566667 0 196.2 334.8 42.1 37.0
6.600000 0 195.3 334.5 42.2 37.1
6.633333 0 194.1 334.1 42.4 37.3
6.666667 0 193.1 334.0 42.1 37.0
6.700000 0 193.1 334.0 42.0 36.9
6.733333 0 192.2 333.9 42.1 37.0
6.766667 0 191.1 333.8 42.3 37.1
6.800000 0 189.8 333.3 42.6 37.4
6.833333 0 189.2 333.1 42.8 37.6
6.866667 0 187.9 332.8 42.6 37.2
6.900000 0 187.6 332.6 42.8 37.5
6.933333 0 187.1 332.5 42.8 37.5
6.966667 0 186.3 332.4 43.1 37.7
7.000000 0 184.0 331.8 43.0 37.7
7.033333 0 183.9 331.7 43.0 37.6
7.066667 0 182.9 331.7 43.0 37.6
7.100000 0 181.8 331.6 43.0 37.5
7.133333 0 181.5 331.4 43.1 37.7
7.166667 0 180.6 330.8 43.5 38.1
7.200000 0 180.0 330.7 43.5 38.1
7.233333 0 179.7 330.6 43.6 38.1
7.266667 0 179.5 330.6 43.4 38.0
7.300000 0 178.2 330.3 43.6 38.1
7.333333 0 177.5 330.2 43.8 38.3
7.366667 0 176.5 329.9 44.0 38.4
7.400000 0 175.4 329.7 44.4 38.7
7.433333 0 174.2 329.4 44.8 39.0
7.466667 0 173.9 329.1 45.1 39.3
7.500000 0 173.1 329.0 45.3 39.4
7.533333 0 172.8 329.0 44.7 38.9
7.566667 0 171.7 328.6 44.8 38.9
7.600000 0 170.7 328.2 45.5 39.5
7.633333 0 169.4 327.7 45.7 39.6
7.666667 0 168.6 327.6 45.8 39.6
7.700000 0 168.4 327.4 46.1 39.9
7.733333 0 167.0 327.1 46.7 40.4
7.766667 0 166.0 326.8 47.1 40.7
7.800000 0 165.1 326.6 47.5 41.1
7.833333 0 164.8 326.5 47.6 41.1
7.866667 0 162.9 326.0 48.1 41.5
7.900000 0 162.8 325.8 48.4 41.8
7.933333 0 161.5 325.6 48.6 41.9
7.966667 0 160.9 325.3 48.9 42.2
8.000000 0 159.7 325.0 49.0 42.3
8.033333 0 158.7 324.8 49.4 42.6
8.066667 0 158.1 324.5 49.4 42.7
8.100000 0 157.2 324.5 49.0 42.3
8.133333 0 156.4 324.3 49.2 42.5
8.166667 0 155.9 324.1 49.5 42.7
8.200000 0 155.2 324.0 49.7 42.8
8.233333 0 154.8 323.8 49.8 42.9
8.266667 0 153.6 323.4 50.4 43.4
8.300000 0 152.8 323.1 50.9 44.0
8.333333 0 151.9 322.8 51.4 44.4
8.366667 0 150.5 321.9 53.1 45.8
8.400000 0 149.2 321.3 54.2 46.7
8.433333 0 147.9 320.5 55.3 47.7
8.466667 0 147.6 320.1 56.0 48.2
8.500000 0 145.9 319.2 57.6 49.6
8.533333 0 145.0 319.2 57.4 49.4
8.566667 0 143.7 318.7 58.6 50.5
8.600000 0 142.3 318.1 59.8 51.5
8.633333 0 141.1 316.7 62.3 53.8
8.666667 0 139.2 315.0 65.6 56.7
8.700000 0 138.0 316.0 63.4 54.8
8.733333 0 138.6 317.4 58.6 50.5
8.766667 0 138.8 317.9 57.9 49.8
8.800000 0 136.8 318.0 57.7 49.7
8.833333 0 136.8 318.0 57.7 49.7
8.866667 0 135.6 317.3 58.7 50.5
8.900000 0 134.5 317.1 59.1 50.9
8.933333 0 126.0 315.0 61.6 52.9
8.966667 0 145.4 118.5 57.9 57.9
9.000000 0 145.4 118.5 57.9 57.9
9.033333 0 145.4 118.4 58.0 58.0
9.066667 0 145.4 118.4 58.0 58.0
9.100000 0 145.2 118.4 58.5 58.5
9.133333 0 145.1 118.3 58.6 58.6
9.166667 0 145.1 118.3 58.6 58.6
9.200000 0 145.1 118.4 58.6 58.6
9.233333 0 145.1 118.4 58.6 58.6
9.266667 0 145.0 118.3 58.8 58.8
9.300000 0 145.3 118.8 58.4 58.4
9.333333 0 145.3 118.9 58.4 58.4
9.366667 0 145.4 119.0 58.3 58.3
9.400000 0 145.5 119.2 58.0 58.0
9.433333 0 145.5 119.3 58.1 58.1
9.466667 0 145.6 119.3 58.0 58.0
9.500000 0 145.6 119.4 57.9 57.9
9.533333 0 145.7 119.7 57.9 57.9
9.566667 0 145.9 119.9 57.9 57.9
9.600000 0 146.0 120.0 57.7 57.7
9.633333 0 146.0 120.1 57.7 57.7
9.666667 0 146.0 120.2 57.6 57.6
9.700000 0 145.8 120.1 58.1 58.1
9.733333 0 145.9 120.3 57.9 57.9
9.766667 0 145.9 120.3 58.0 58.0
9.800000 0 145.9 120.4 58.0 58.0
9.833333 0 145.7 120.3 58.5 58.5
9.866667 0 145.7 120.4 58.4 58.4
9.900000 0 145.7 120.4 58.4 58.4
9.933333 0 146.1 120.8 57.9 57.9
9.966667 0 146.1 120.9 57.9 57.9
10.000000 0 145.6 120.5 58.6 58.6
10.033333 0 145.6 120.5 58.4 58.4
10.066667 0 145.9 120.8 58.1 58.1
10.100000 0 146.3 121.3 57.6 57.6
10.133333 0 146.4 121.4 57.2 57.2
10.166667 0 146.4 121.5 57.3 57.3
10.200000 0 146.5 121.7 57.5 57.5
10.233333 0 146.6 121.8 57.3 57.3
10.266667 0 146.6 121.9 57.2 57.2
10.300000 0 146.6 122.0 57.2 57.2
10.333333 0 146.4 122.0 57.5 57.5
10.366667 0 147.3 122.7 56.4 56.4
10.400000 0 147.3 122.7 56.4 56.4
10.433333 0 147.3 122.7 56.4 56.4
10.466667 0 147.1 122.7 56.7 56.7
10.500000 0 147.1 122.7 56.6 56.6
10.533333 0 147.2 122.9 56.4 56.4
10.566667 0 147.4 123.1 56.2 56.2
10.600000 0 147.2 123.1 56.5 56.5
10.633333 0 147.3 123.1 56.4 56.4
10.666667 0 148.4 124.2 55.0 55.0
10.700000 0 148.4 124.2 55.1 55.1
10.733333 0 148.4 124.3 55.0 55.0
10.766667 0 148.9 124.9 54.2 54.2
10.800000 0 149.0 124.9 54.1 54.1
10.833333 0 149.0 124.9 54.1 54.1
10.866667 0 149.0 124.9 54.1 54.1
10.900000 0 149.0 125.0 54.0 54.0
