0.000000 0 197.0 309.0 83.0 51.0
0.033333 0 197.6 308.7 82.9 50.9
0.066667 0 198.2 308.5 82.9 50.9
0.100000 0 198.9 308.2 82.8 50.8
0.133333 0 199.5 308.0 82.7 50.8
0.166667 0 200.1 307.7 82.7 50.7
0.200000 0 200.7 307.5 82.6 50.7
0.233333 0 201.3 307.2 82.6 50.6
0.266667 0 201.9 307.0 82.5 50.6
0.300000 0 202.6 306.7 82.4 50.5
0.333333 0 203.2 306.5 82.4 50.5
0.366667 0 203.8 306.2 82.3 50.4
0.400000 0 204.4 305.9 82.2 50.4
0.433333 0 205.0 305.7 82.2 50.3
0.466667 0 205.6 305.4 82.1 50.3
0.500000 0 206.3 305.2 82.0 50.2
0.533333 0 206.9 304.9 82.0 50.2
0.566667 0 207.5 304.7 81.9 50.1
0.600000 0 208.1 304.4 81.9 50.1
0.633333 0 208.7 304.2 81.8 50.0
0.666667 0 209.4 303.9 81.7 50.0
0.700000 0 210.0 303.6 81.7 49.9
0.733333 0 210.6 303.4 81.6 49.9
0.766667 0 211.2 303.1 81.5 49.8
0.800000 0 211.8 302.9 81.5 49.8
0.833333 0 212.4 302.6 81.4 49.7
0.866667 0 213.1 302.4 81.3 49.7
0.900000 0 213.7 302.1 81.3 49.6
0.933333 0 214.3 301.9 81.2 49.6
0.966667 0 214.9 301.6 81.2 49.5
1.000000 0 215.5 301.4 81.1 49.5
1.033333 0 216.2 301.1 81.0 49.4
1.066667 0 216.8 300.8 81.0 49.4
1.100000 0 217.4 300.6 80.9 49.3
1.133333 0 218.0 300.3 80.8 49.3
1.166667 0 218.6 300.1 80.8 49.2
1.200000 0 219.2 299.8 80.7 49.2
1.233333 0 219.9 299.6 80.6 49.1
1.266667 0 220.5 299.3 80.6 49.1
1.300000 0 221.1 299.1 80.5 49.0
1.333333 0 221.7 298.8 80.5 49.0
1.366667 0 222.3 298.6 80.4 48.9
1.400000 0 222.9 298.3 80.3 48.9
1.433333 0 223.6 298.0 80.3 48.8
1.466667 0 224.2 297.8 80.2 48.8
1.500000 0 224.8 297.5 80.1 48.7
1.533333 0 225.4 297.3 80.1 48.7
1.566667 0 226.0 297.0 80.0 48.6
1.600000 0 226.7 296.8 79.9 48.6
1.633333 0 227.3 296.5 79.9 48.5
1.666667 0 227.9 296.3 79.8 48.5
1.700000 0 228.5 296.0 79.8 48.4
1.733333 0 229.1 295.8 79.7 48.4
1.766667 0 229.7 295.5 79.6 48.3
1.800000 0 230.4 295.2 79.6 48.2
1.833333 0 231.0 295.0 79.5 48.2
1.866667 0 231.6 294.7 79.4 48.1
1.900000 0 232.2 294.5 79.4 48.1
1.933333 0 232.8 294.2 79.3 48.0
1.966667 0 233.5 294.0 79.2 48.0
2.000000 0 234.1 293.7 79.2 47.9
2.033333 0 234.7 293.5 79.1 47.9
2.066667 0 235.3 293.2 79.1 47.8
2.100000 0 235.9 292.9 79.0 47.8
2.133333 0 236.5 292.7 78.9 47.7
2.166667 0 237.2 292.4 78.9 47.7
2.200000 0 237.8 292.2 78.8 47.6
2.233333 0 238.4 291.9 78.7 47.6
2.266667 0 239.0 291.7 78.7 47.5
2.300000 0 239.6 291.4 78.6 47.5
2.333333 0 240.2 291.2 78.5 47.4
2.366667 0 240.9 290.9 78.5 47.4
2.400000 0 241.5 290.7 78.4 47.3
2.433333 0 242.1 290.4 78.4 47.3
2.466667 0 242.7 290.1 78.3 47.2
2.500000 0 243.3 289.9 78.2 47.2
2.533333 0 244.0 289.6 78.2 47.1
2.566667 0 244.6 289.4 78.1 47.1
2.600000 0 245.2 289.1 78.0 47.0
2.633333 0 245.8 288.9 78.0 47.0
2.666667 0 246.4 288.6 77.9 46.9
2.700000 0 247.0 288.4 77.8 46.9
2.733333 0 247.7 288.1 77.8 46.8
2.766667 0 248.3 287.9 77.7 46.8
2.800000 0 248.9 287.6 77.6 46.7
2.833333 0 249.5 287.3 77.6 46.7
2.866667 0 250.1 287.1 77.5 46.6
2.900000 0 250.8 286.8 77.5 46.6
2.933333 0 251.4 286.6 77.4 46.5
2.966667 0 252.0 286.3 77.3 46.5
3.000000 0 252.6 286.1 77.3 46.4
3.033333 0 253.2 285.8 77.2 46.4
3.066667 0 253.8 285.6 77.1 46.3
3.100000 0 254.5 285.3 77.1 46.3
3.133333 0 255.1 285.1 77.0 46.2
3.166667 0 255.7 284.8 76.9 46.2
3.200000 0 256.3 284.5 76.9 46.1
3.233333 0 256.9 284.3 76.8 46.1
3.266667 0 257.5 284.0 76.8 46.0
3.300000 0 258.2 283.8 76.7 46.0
3.333333 0 258.8 283.5 76.6 45.9
3.366667 0 259.4 283.3 76.6 45.9
3.400000 0 260.0 283.0 76.5 45.8
3.433333 0 260.6 282.8 76.4 45.8
3.466667 0 261.3 282.5 76.4 45.7
3.500000 0 261.9 282.2 76.3 45.6
3.533333 0 262.5 282.0 76.2 45.6
3.566667 0 263.1 281.7 76.2 45.5
3.600000 0 263.7 281.5 76.1 45.5
3.633333 0 264.3 281.2 76.1 45.4
3.666667 0 265.0 281.0 76.0 45.4
3.700000 0 265.6 280.7 75.9 45.3
3.733333 0 266.2 280.5 75.9 45.3
3.766667 0 266.8 280.2 75.8 45.2
3.800000 0 267.4 280.0 75.7 45.2
3.833333 0 268.1 279.7 75.7 45.1
3.866667 0 268.7 279.4 75.6 45.1
3.900000 0 269.3 279.2 75.5 45.0
3.933333 0 269.9 278.9 75.5 45.0
3.966667 0 270.5 278.7 75.4 44.9
4.000000 0 271.1 278.4 75.4 44.9
4.033333 0 271.8 278.2 75.3 44.8
4.066667 0 272.4 277.9 75.2 44.8
4.100000 0 273.0 277.7 75.2 44.7
4.133333 0 273.6 277.4 75.1 44.7
4.166667 0 274.2 277.2 75.0 44.6
4.200000 0 274.8 276.9 75.0 44.6
4.233333 0 275.5 276.6 74.9 44.5
4.266667 0 276.1 276.4 74.8 44.5
4.300000 0 276.7 276.1 74.8 44.4
4.333333 0 277.3 275.9 74.7 44.4
4.366667 0 277.9 275.6 74.7 44.3
4.400000 0 278.6 275.4 74.6 44.3
4.433333 0 279.2 275.1 74.5 44.2
4.466667 0 279.8 274.9 74.5 44.2
4.500000 0 280.4 274.6 74.4 44.1
4.533333 0 281.0 274.4 74.3 44.1
4.566667 0 281.6 274.1 74.3 44.0
4.600000 0 282.3 273.8 74.2 44.0
4.633333 0 282.9 273.6 74.1 43.9
4.666667 0 283.5 273.3 74.1 43.9
4.700000 0 284.1 273.1 74.0 43.8
4.733333 0 284.7 272.8 74.0 43.8
4.766667 0 285.4 272.6 73.9 43.7
4.800000 0 286.0 272.3 73.8 43.7
4.833333 0 286.6 272.1 73.8 43.6
4.866667 0 287.2 271.8 73.7 43.6
4.900000 0 287.8 271.5 73.6 43.5
4.933333 0 288.4 271.3 73.6 43.5
4.966667 0 289.1 271.0 73.5 43.4
5.000000 0 289.7 270.8 73.4 43.4
5.033333 0 290.3 270.5 73.4 43.3
5.066667 0 290.9 270.3 73.3 43.3
5.100000 0 291.5 270.0 73.3 43.2
5.133333 0 292.1 269.8 73.2 43.2
5.166667 0 292.8 269.5 73.1 43.1
5.200000 0 293.4 269.3 73.1 43.1
5.233333 0 294.0 269.0 73.0 43.0
5.266667 0 294.5 268.7 73.1 43.0
5.300000 0 295.1 268.4 73.1 43.1
5.333333 0 295.6 268.1 73.2 43.1
5.366667 0 296.1 267.9 73.2 43.2
5.400000 0 296.7 267.6 73.3 43.2
5.433333 0 297.2 267.3 73.4 43.3
5.466667 0 297.7 267.0 73.4 43.3
5.500000 0 298.2 266.7 73.5 43.4
5.533333 0 298.8 266.4 73.6 43.4
5.566667 0 299.3 266.2 73.6 43.5
5.600000 0 299.8 265.9 73.7 43.5
5.633333 0 300.4 265.6 73.7 43.6
5.666667 0 300.9 265.3 73.8 43.6
5.700000 0 301.4 265.0 73.9 43.7
5.733333 0 302.0 264.7 73.9 43.7
5.766667 0 302.5 264.5 74.0 43.8
5.800000 0 303.0 264.2 74.0 43.8
5.833333 0 303.6 263.9 74.1 43.9
5.866667 0 304.1 263.6 74.2 43.9
5.900000 0 304.6 263.3 74.2 44.0
5.933333 0 305.1 263.0 74.3 44.0
5.966667 0 305.7 262.8 74.4 44.1
6.000000 0 306.2 262.5 74.4 44.1
6.033333 0 306.7 262.2 74.5 44.2
6.066667 0 307.3 261.9 74.5 44.2
6.100000 0 307.8 261.6 74.6 44.3
6.133333 0 308.3 261.3 74.7 44.3
6.166667 0 308.9 261.0 74.7 44.4
6.200000 0 309.4 260.8 74.8 44.4
6.233333 0 309.9 260.5 74.9 44.5
6.266667 0 310.5 260.2 74.9 44.5
6.300000 0 311.0 259.9 75.0 44.6
6.333333 0 311.5 259.6 75.0 44.6
6.366667 0 312.0 259.3 75.1 44.7
6.400000 0 312.6 259.1 75.2 44.7
6.433333 0 313.1 258.8 75.2 44.8
6.466667 0 313.6 258.5 75.3 44.8
6.500000 0 314.2 258.2 75.3 44.9
6.533333 0 314.7 257.9 75.4 44.9
6.566667 0 315.2 257.6 75.5 45.0
6.600000 0 315.8 257.4 75.5 45.0
6.633333 0 316.3 257.1 75.6 45.1
6.666667 0 316.8 256.8 75.7 45.1
6.700000 0 317.4 256.5 75.7 45.2
6.733333 0 317.9 256.2 75.8 45.2
6.766667 0 318.4 255.9 75.8 45.3
6.800000 0 319.0 255.7 75.9 45.3
6.833333 0 319.5 255.4 76.0 45.4
6.866667 0 320.0 255.1 76.0 45.4
6.900000 0 320.5 254.8 76.1 45.5
6.933333 0 321.1 254.5 76.1 45.5
6.966667 0 321.6 254.2 76.2 45.6
7.000000 0 322.1 254.0 76.3 45.6
7.033333 0 322.7 253.7 76.3 45.7
7.066667 0 323.2 253.4 76.4 45.7
7.100000 0 323.7 253.1 76.5 45.8
7.133333 0 324.3 252.8 76.5 45.8
7.166667 0 324.8 252.5 76.6 45.9
7.200000 0 325.3 252.2 76.6 45.9
7.233333 0 325.9 252.0 76.7 46.0
7.266667 0 326.4 251.7 76.8 46.0
7.300000 0 326.9 251.4 76.8 46.1
7.333333 0 327.4 251.1 76.9 46.1
7.366667 0 328.0 250.8 77.0 46.2
7.400000 0 328.5 250.5 77.0 46.2
7.433333 0 329.0 250.3 77.1 46.3
7.466667 0 329.6 250.0 77.1 46.3
7.500000 0 330.1 249.7 77.2 46.4
7.533333 0 330.6 249.4 77.3 46.4
7.566667 0 331.2 249.1 77.3 46.5
7.600000 0 331.7 248.8 77.4 46.5
7.633333 0 332.2 248.6 77.4 46.6
7.666667 0 332.8 248.3 77.5 46.6
7.700000 0 333.3 248.0 77.6 46.7
7.733333 0 333.8 247.7 77.6 46.7
7.766667 0 334.3 247.4 77.7 46.8
7.800000 0 334.9 247.1 77.8 46.8
7.833333 0 335.4 246.9 77.8 46.9
7.866667 0 335.9 246.6 77.9 46.9
7.900000 0 336.5 246.3 77.9 47.0
7.933333 0 337.0 246.0 78.0 47.0
7.966667 0 337.5 245.7 78.1 47.0
8.000000 0 338.1 245.4 78.1 47.1
8.033333 0 338.6 245.1 78.2 47.1
8.066667 0 339.1 244.9 78.2 47.2
8.100000 0 339.7 244.6 78.3 47.2
8.133333 0 340.2 244.3 78.4 47.3
8.166667 0 340.7 244.0 78.4 47.3
8.200000 0 341.2 243.7 78.5 47.4
8.233333 0 341.8 243.4 78.6 47.4
8.266667 0 342.3 243.2 78.6 47.5
8.300000 0 342.8 242.9 78.7 47.5
8.333333 0 343.4 242.6 78.7 47.6
8.366667 0 343.9 242.3 78.8 47.6
8.400000 0 344.4 242.0 78.9 47.7
8.433333 0 345.0 241.7 78.9 47.7
8.466667 0 345.5 241.5 79.0 47.8
8.500000 0 346.0 241.2 79.0 47.8
8.533333 0 346.6 240.9 79.1 47.9
8.566667 0 347.1 240.6 79.2 47.9
8.600000 0 347.6 240.3 79.2 48.0
8.633333 0 348.1 240.0 79.3 48.0
8.666667 0 348.7 239.8 79.4 48.1
8.700000 0 349.2 239.5 79.4 48.1
8.733333 0 349.7 239.2 79.5 48.2
8.766667 0 350.3 238.9 79.5 48.2
8.800000 0 350.8 238.6 79.6 48.3
8.833333 0 351.3 238.3 79.7 48.3
8.866667 0 351.9 238.0 79.7 48.4
8.900000 0 352.4 237.8 79.8 48.4
8.933333 0 352.9 237.5 79.9 48.5
8.966667 0 353.5 237.2 79.9 48.5
9.000000 0 354.0 236.9 80.0 48.6
9.033333 0 354.5 236.6 80.0 48.6
9.066667 0 355.0 236.3 80.1 48.7
9.100000 0 355.6 236.1 80.2 48.7
9.133333 0 356.1 235.8 80.2 48.8
9.166667 0 356.6 235.5 80.3 48.8
9.200000 0 357.2 235.2 80.3 48.9
9.233333 0 357.7 234.9 80.4 48.9
9.266667 0 358.2 234.6 80.5 49.0
9.300000 0 358.8 234.4 80.5 49.0
9.333333 0 359.3 234.1 80.6 49.1
9.366667 0 359.8 233.8 80.7 49.1
9.400000 0 360.4 233.5 80.7 49.2
9.433333 0 360.9 233.2 80.8 49.2
9.466667 0 361.4 232.9 80.8 49.3
9.500000 0 362.0 232.7 80.9 49.3
9.533333 0 362.5 232.4 81.0 49.4
9.566667 0 363.0 232.1 81.0 49.4
9.600000 0 363.5 231.8 81.1 49.5
9.633333 0 364.1 231.5 81.1 49.5
9.666667 0 364.6 231.2 81.2 49.6
9.700000 0 365.1 231.0 81.3 49.6
9.733333 0 365.7 230.7 81.3 49.7
9.766667 0 366.2 230.4 81.4 49.7
9.800000 0 366.7 230.1 81.5 49.8
9.833333 0 367.3 229.8 81.5 49.8
9.866667 0 367.8 229.5 81.6 49.9
9.900000 0 368.3 229.2 81.6 49.9
9.933333 0 368.9 229.0 81.7 50.0
9.966667 0 369.4 228.7 81.8 50.0
10.000000 0 369.9 228.4 81.8 50.1
10.033333 0 370.4 228.1 81.9 50.1
10.066667 0 371.0 227.8 82.0 50.2
10.100000 0 371.5 227.5 82.0 50.2
10.133333 0 372.0 227.3 82.1 50.3
10.166667 0 372.6 227.0 82.1 50.3
10.200000 0 373.1 226.7 82.2 50.4
10.233333 0 373.6 226.4 82.3 50.4
10.266667 0 374.2 226.1 82.3 50.5
10.300000 0 374.7 225.8 82.4 50.5
10.333333 0 375.2 225.6 82.4 50.6
10.366667 0 375.8 225.3 82.5 50.6
10.400000 0 376.3 225.0 82.6 50.7
10.433333 0 376.8 224.7 82.6 50.7
10.466667 0 377.3 224.4 82.7 50.8
10.500000 0 377.9 224.1 82.8 50.8
10.533333 0 378.4 223.9 82.8 50.9
10.566667 0 378.9 223.6 82.9 50.9
10.600000 0 379.5 223.3 82.9 51.0
10.633333 0 380.0 223.0 83.0 51.0
