0.000000 0 337.0 198.0 27.0 25.0
0.033333 0 337.4 197.7 27.0 25.0
0.066667 0 337.8 197.3 26.9 24.9
0.100000 0 338.2 197.0 26.9 24.9
0.133333 0 338.6 196.6 26.9 24.8
0.166667 0 339.0 196.3 26.9 24.8
0.200000 0 339.4 196.0 26.8 24.8
0.233333 0 339.9 195.6 26.8 24.7
0.266667 0 340.3 195.3 26.8 24.7
0.300000 0 340.7 195.0 26.8 24.7
0.333333 0 341.1 194.6 26.7 24.6
0.366667 0 341.5 194.3 26.7 24.6
0.400000 0 341.9 193.9 26.7 24.5
0.433333 0 342.3 193.6 26.7 24.5
0.466667 0 342.7 193.3 26.6 24.5
0.500000 0 343.1 192.9 26.6 24.4
0.533333 0 343.5 192.6 26.6 24.4
0.566667 0 343.9 192.3 26.6 24.4
0.600000 0 344.3 191.9 26.5 24.3
0.633333 0 344.7 191.6 26.5 24.3
0.666667 0 345.2 191.2 26.5 24.2
0.700000 0 345.6 190.9 26.5 24.2
0.733333 0 346.0 190.6 26.4 24.2
0.766667 0 346.4 190.2 26.4 24.1
0.800000 0 346.8 189.9 26.4 24.1
0.833333 0 347.2 189.6 26.4 24.0
0.866667 0 347.6 189.2 26.3 24.0
0.900000 0 348.0 188.9 26.3 24.0
0.933333 0 348.4 188.5 26.3 23.9
0.966667 0 348.8 188.2 26.3 23.9
1.000000 0 349.2 187.9 26.2 23.9
1.033333 0 349.6 187.5 26.2 23.8
1.066667 0 350.0 187.2 26.2 23.8
1.100000 0 350.5 186.9 26.2 23.7
1.133333 0 350.9 186.5 26.1 23.7
1.166667 0 351.3 186.2 26.1 23.7
1.200000 0 351.7 185.8 26.1 23.6
1.233333 0 352.1 185.5 26.1 23.6
1.266667 0 352.5 185.2 26.0 23.5
1.300000 0 352.9 184.8 26.0 23.5
1.333333 0 353.3 184.5 26.0 23.5
1.366667 0 353.7 184.2 26.0 23.4
1.400000 0 354.1 183.8 25.9 23.4
1.433333 0 354.5 183.5 25.9 23.4
1.466667 0 354.9 183.1 25.9 23.3
1.500000 0 355.3 182.8 25.9 23.3
1.533333 0 355.8 182.5 25.8 23.2
1.566667 0 356.2 182.1 25.8 23.2
1.600000 0 356.6 181.8 25.8 23.2
1.633333 0 357.0 181.5 25.8 23.1
1.666667 0 357.4 181.1 25.7 23.1
1.700000 0 357.8 180.8 25.7 23.1
1.733333 0 358.2 180.4 25.7 23.0
1.766667 0 358.6 180.1 25.6 23.0
1.800000 0 359.0 179.8 25.6 22.9
1.833333 0 359.4 179.4 25.6 22.9
1.866667 0 359.8 179.1 25.6 22.9
1.900000 0 360.2 178.8 25.5 22.8
1.933333 0 360.6 178.4 25.5 22.8
1.966667 0 361.1 178.1 25.5 22.7
2.000000 0 361.5 177.7 25.5 22.7
2.033333 0 361.9 177.4 25.4 22.7
2.066667 0 362.3 177.1 25.4 22.6
2.100000 0 362.7 176.7 25.4 22.6
2.133333 0 363.1 176.4 25.4 22.6
2.166667 0 363.5 176.1 25.3 22.5
2.200000 0 363.9 175.7 25.3 22.5
2.233333 0 364.3 175.4 25.3 22.4
2.266667 0 364.7 175.0 25.3 22.4
2.300000 0 365.1 174.7 25.2 22.4
2.333333 0 365.5 174.4 25.2 22.3
2.366667 0 365.9 174.0 25.2 22.3
2.400000 0 366.4 173.7 25.2 22.2
2.433333 0 366.8 173.4 25.1 22.2
2.466667 0 367.2 173.0 25.1 22.2
2.500000 0 367.6 172.7 25.1 22.1
2.533333 0 368.0 172.3 25.1 22.1
2.566667 0 368.4 172.0 25.0 22.1
2.600000 0 368.8 171.7 25.0 22.0
2.633333 0 369.2 171.3 25.0 22.0
2.666667 0 369.6 171.0 25.0 21.9
2.700000 0 370.0 170.7 24.9 21.9
2.733333 0 370.4 170.3 24.9 21.9
2.766667 0 370.8 170.0 24.9 21.8
2.800000 0 371.2 169.6 24.9 21.8
2.833333 0 371.6 169.3 24.8 21.8
2.866667 0 372.1 169.0 24.8 21.7
2.900000 0 372.5 168.6 24.8 21.7
2.933333 0 372.9 168.3 24.8 21.6
2.966667 0 373.3 168.0 24.7 21.6
3.000000 0 373.7 167.6 24.7 21.6
3.033333 0 374.1 167.3 24.7 21.5
3.066667 0 374.5 166.9 24.7 21.5
3.100000 0 374.9 166.6 24.6 21.4
3.133333 0 375.3 166.3 24.6 21.4
3.166667 0 375.7 165.9 24.6 21.4
3.200000 0 376.1 165.6 24.6 21.3
3.233333 0 376.5 165.3 24.5 21.3
3.266667 0 376.9 164.9 24.5 21.3
3.300000 0 377.4 164.6 24.5 21.2
3.333333 0 377.8 164.2 24.5 21.2
3.366667 0 378.2 163.9 24.4 21.1
3.400000 0 378.6 163.6 24.4 21.1
3.433333 0 379.0 163.2 24.4 21.1
3.466667 0 379.4 162.9 24.4 21.0
3.500000 0 379.8 162.6 24.3 21.0
3.533333 0 380.2 162.2 24.3 20.9
3.566667 0 380.6 161.9 24.3 20.9
3.600000 0 381.0 161.5 24.2 20.9
3.633333 0 381.4 161.2 24.2 20.8
3.666667 0 381.8 160.9 24.2 20.8
3.700000 0 382.2 160.5 24.2 20.8
3.733333 0 382.7 160.2 24.1 20.7
3.766667 0 383.1 159.9 24.1 20.7
3.800000 0 383.5 159.5 24.1 20.6
3.833333 0 383.9 159.2 24.1 20.6
3.866667 0 384.3 158.8 24.0 20.6
3.900000 0 384.7 158.5 24.0 20.5
3.933333 0 385.1 158.2 24.0 20.5
3.966667 0 385.5 157.8 24.0 20.5
4.000000 0 385.9 157.5 23.9 20.4
4.033333 0 386.3 157.2 23.9 20.4
4.066667 0 386.7 156.8 23.9 20.3
4.100000 0 387.1 156.5 23.9 20.3
4.133333 0 387.5 156.1 23.8 20.3
4.166667 0 388.0 155.8 23.8 20.2
4.200000 0 388.4 155.5 23.8 20.2
4.233333 0 388.8 155.1 23.8 20.1
4.266667 0 389.2 154.8 23.7 20.1
4.300000 0 389.6 154.5 23.7 20.1
4.333333 0 390.0 154.1 23.7 20.0
4.366667 0 390.4 153.8 23.7 20.0
4.400000 0 390.8 153.4 23.6 20.0
4.433333 0 391.2 153.1 23.6 19.9
4.466667 0 391.6 152.8 23.6 19.9
4.500000 0 392.0 152.4 23.6 19.8
4.533333 0 392.4 152.1 23.5 19.8
4.566667 0 392.8 151.8 23.5 19.8
4.600000 0 393.3 151.4 23.5 19.7
4.633333 0 393.7 151.1 23.5 19.7
4.666667 0 394.1 150.7 23.4 19.6
4.700000 0 394.5 150.4 23.4 19.6
4.733333 0 394.9 150.1 23.4 19.6
4.766667 0 395.3 149.7 23.4 19.5
4.800000 0 395.7 149.4 23.3 19.5
4.833333 0 396.1 149.1 23.3 19.5
4.866667 0 396.5 148.7 23.3 19.4
4.900000 0 396.9 148.4 23.3 19.4
4.933333 0 397.3 148.0 23.2 19.3
4.966667 0 397.7 147.7 23.2 19.3
5.000000 0 398.1 147.4 23.2 19.3
5.033333 0 398.6 147.0 23.2 19.2
5.066667 0 399.0 146.7 23.1 19.2
5.100000 0 399.4 146.4 23.1 19.2
5.133333 0 399.8 146.0 23.1 19.1
5.166667 0 400.2 145.7 23.1 19.1
5.200000 0 400.6 145.3 23.0 19.0
5.233333 0 401.0 145.0 23.0 19.0
5.266667 0 401.4 144.6 23.0 19.0
5.300000 0 401.9 144.2 23.0 19.0
5.333333 0 402.3 143.8 23.0 19.0
5.366667 0 402.8 143.4 23.0 19.0
5.400000 0 403.2 143.0 23.0 19.1
5.433333 0 403.6 142.5 23.0 19.1
5.466667 0 404.1 142.1 23.0 19.1
5.500000 0 404.5 141.7 23.0 19.1
5.533333 0 405.0 141.3 23.1 19.1
5.566667 0 405.4 140.9 23.1 19.1
5.600000 0 405.8 140.5 23.1 19.1
5.633333 0 406.3 140.1 23.1 19.1
5.666667 0 406.7 139.7 23.1 19.2
5.700000 0 407.2 139.3 23.1 19.2
5.733333 0 407.6 138.9 23.1 19.2
5.766667 0 408.0 138.4 23.1 19.2
5.800000 0 408.5 138.0 23.1 19.2
5.833333 0 408.9 137.6 23.1 19.2
5.866667 0 409.4 137.2 23.1 19.2
5.900000 0 409.8 136.8 23.1 19.2
5.933333 0 410.2 136.4 23.1 19.3
5.966667 0 410.7 136.0 23.1 19.3
6.000000 0 411.1 135.6 23.1 19.3
6.033333 0 411.6 135.2 23.1 19.3
6.066667 0 412.0 134.8 23.2 19.3
6.100000 0 412.4 134.3 23.2 19.3
6.133333 0 412.9 133.9 23.2 19.3
6.166667 0 413.3 133.5 23.2 19.3
6.200000 0 413.8 133.1 23.2 19.3
6.233333 0 414.2 132.7 23.2 19.4
6.266667 0 414.6 132.3 23.2 19.4
6.300000 0 415.1 131.9 23.2 19.4
6.333333 0 415.5 131.5 23.2 19.4
6.366667 0 416.0 131.1 23.2 19.4
6.400000 0 416.4 130.7 23.2 19.4
6.433333 0 416.8 130.3 23.2 19.4
6.466667 0 417.3 129.8 23.2 19.4
6.500000 0 417.7 129.4 23.2 19.5
6.533333 0 418.2 129.0 23.2 19.5
6.566667 0 418.6 128.6 23.2 19.5
6.600000 0 419.0 128.2 23.2 19.5
6.633333 0 419.5 127.8 23.3 19.5
6.666667 0 419.9 127.4 23.3 19.5
6.700000 0 420.3 127.0 23.3 19.5
6.733333 0 420.8 126.6 23.3 19.5
6.766667 0 421.2 126.2 23.3 19.6
6.800000 0 421.7 125.7 23.3 19.6
6.833333 0 422.1 125.3 23.3 19.6
6.866667 0 422.5 124.9 23.3 19.6
6.900000 0 423.0 124.5 23.3 19.6
6.933333 0 423.4 124.1 23.3 19.6
6.966667 0 423.9 123.7 23.3 19.6
7.000000 0 424.3 123.3 23.3 19.6
7.033333 0 424.7 122.9 23.3 19.7
7.066667 0 425.2 122.5 23.3 19.7
7.100000 0 425.6 122.1 23.3 19.7
7.133333 0 426.1 121.7 23.3 19.7
7.166667 0 426.5 121.2 23.3 19.7
7.200000 0 426.9 120.8 23.4 19.7
7.233333 0 427.4 120.4 23.4 19.7
7.266667 0 427.8 120.0 23.4 19.7
7.300000 0 428.3 119.6 23.4 19.7
7.333333 0 428.7 119.2 23.4 19.8
7.366667 0 429.1 118.8 23.4 19.8
7.400000 0 429.6 118.4 23.4 19.8
7.433333 0 430.0 118.0 23.4 19.8
7.466667 0 430.5 117.6 23.4 19.8
7.500000 0 430.9 117.1 23.4 19.8
7.533333 0 431.3 116.7 23.4 19.8
7.566667 0 431.8 116.3 23.4 19.8
7.600000 0 432.2 115.9 23.4 19.9
7.633333 0 432.7 115.5 23.4 19.9
7.666667 0 433.1 115.1 23.4 19.9
7.700000 0 433.5 114.7 23.4 19.9
7.733333 0 434.0 114.3 23.5 19.9
7.766667 0 434.4 113.9 23.5 19.9
7.800000 0 434.9 113.5 23.5 19.9
7.833333 0 435.3 113.0 23.5 19.9
7.866667 0 435.7 112.6 23.5 20.0
7.900000 0 436.2 112.2 23.5 20.0
7.933333 0 436.6 111.8 23.5 20.0
7.966667 0 437.1 111.4 23.5 20.0
8.000000 0 437.5 111.0 23.5 20.0
8.033333 0 437.9 110.6 23.5 20.0
8.066667 0 438.4 110.2 23.5 20.0
8.100000 0 438.8 109.8 23.5 20.0
8.133333 0 439.3 109.4 23.5 20.0
8.166667 0 439.7 109.0 23.5 20.1
8.200000 0 440.1 108.5 23.5 20.1
8.233333 0 440.6 108.1 23.5 20.1
8.266667 0 441.0 107.7 23.5 20.1
8.300000 0 441.5 107.3 23.6 20.1
8.333333 0 441.9 106.9 23.6 20.1
8.366667 0 442.3 106.5 23.6 20.1
8.400000 0 442.8 106.1 23.6 20.1
8.433333 0 443.2 105.7 23.6 20.2
8.466667 0 443.7 105.3 23.6 20.2
8.500000 0 444.1 104.9 23.6 20.2
8.533333 0 444.5 104.4 23.6 20.2
8.566667 0 445.0 104.0 23.6 20.2
8.600000 0 445.4 103.6 23.6 20.2
8.633333 0 445.9 103.2 23.6 20.2
8.666667 0 446.3 102.8 23.6 20.2
8.700000 0 446.7 102.4 23.6 20.3
8.733333 0 447.2 102.0 23.6 20.3
8.766667 0 447.6 101.6 23.6 20.3
8.800000 0 448.1 101.2 23.6 20.3
8.833333 0 448.5 100.8 23.7 20.3
8.866667 0 448.9 100.3 23.7 20.3
8.900000 0 449.4 99.9 23.7 20.3
8.933333 0 449.8 99.5 23.7 20.3
8.966667 0 450.3 99.1 23.7 20.3
9.000000 0 450.7 98.7 23.7 20.4
9.033333 0 451.1 98.3 23.7 20.4
9.066667 0 451.6 97.9 23.7 20.4
9.100000 0 452.0 97.5 23.7 20.4
9.133333 0 452.5 97.1 23.7 20.4
9.166667 0 452.9 96.7 23.7 20.4
9.200000 0 453.3 96.3 23.7 20.4
9.233333 0 453.8 95.8 23.7 20.4
9.266667 0 454.2 95.4 23.7 20.5
9.300000 0 454.7 95.0 23.7 20.5
9.333333 0 455.1 94.6 23.7 20.5
9.366667 0 455.5 94.2 23.7 20.5
9.400000 0 456.0 93.8 23.8 20.5
9.433333 0 456.4 93.4 23.8 20.5
9.466667 0 456.8 93.0 23.8 20.5
9.500000 0 457.3 92.6 23.8 20.5
9.533333 0 457.7 92.2 23.8 20.6
9.566667 0 458.2 91.7 23.8 20.6
9.600000 0 458.6 91.3 23.8 20.6
9.633333 0 459.0 90.9 23.8 20.6
9.666667 0 459.5 90.5 23.8 20.6
9.700000 0 459.9 90.1 23.8 20.6
9.733333 0 460.4 89.7 23.8 20.6
9.766667 0 460.8 89.3 23.8 20.6
9.800000 0 461.2 88.9 23.8 20.7
9.833333 0 461.7 88.5 23.8 20.7
9.866667 0 462.1 88.1 23.8 20.7
9.900000 0 462.6 87.7 23.8 20.7
9.933333 0 463.0 87.2 23.8 20.7
9.966667 0 463.4 86.8 23.9 20.7
10.000000 0 463.9 86.4 23.9 20.7
10.033333 0 464.3 86.0 23.9 20.7
10.066667 0 464.8 85.6 23.9 20.7
10.100000 0 465.2 85.2 23.9 20.8
10.133333 0 465.6 84.8 23.9 20.8
10.166667 0 466.1 84.4 23.9 20.8
10.200000 0 466.5 84.0 23.9 20.8
10.233333 0 467.0 83.6 23.9 20.8
10.266667 0 467.4 83.1 23.9 20.8
10.300000 0 467.8 82.7 23.9 20.8
10.333333 0 468.3 82.3 23.9 20.8
10.366667 0 468.7 81.9 23.9 20.9
10.400000 0 469.2 81.5 23.9 20.9
10.433333 0 469.6 81.1 23.9 20.9
10.466667 0 470.0 80.7 23.9 20.9
10.500000 0 470.5 80.3 24.0 20.9
10.533333 0 470.9 79.9 24.0 20.9
10.566667 0 471.4 79.5 24.0 20.9
10.600000 0 471.8 79.0 24.0 20.9
10.633333 0 472.2 78.6 24.0 21.0
10.666667 0 472.7 78.2 24.0 21.0
10.700000 0 473.1 77.8 24.0 21.0
10.733333 0 473.6 77.4 24.0 21.0
10.766667 0 474.0 77.0 24.0 21.0
