0.033333 0 218.0 86.0 257.0 267.0
0.066667 0 216.5 83.7 257.4 265.8
0.100000 0 215.0 81.4 257.7 264.6
0.133333 0 213.5 79.1 258.1 263.4
0.166667 0 212.0 76.9 258.4 262.1
0.200000 0 210.5 74.6 258.8 260.9
0.233333 0 209.0 72.3 259.1 259.7
0.266667 0 207.5 70.0 259.5 258.5
0.300000 0 206.0 67.7 259.9 257.3
0.333333 0 204.5 65.4 260.2 256.1
0.366667 0 203.0 63.1 260.6 254.9
0.400000 0 201.5 60.9 260.9 253.6
0.433333 0 200.0 58.6 261.3 252.4
0.466667 0 198.5 56.3 261.6 251.2
0.500000 0 197.0 54.0 262.0 250.0
0.533333 0 198.6 54.5 260.3 248.9
0.566667 0 200.2 54.9 258.5 247.7
0.600000 0 201.8 55.4 256.8 246.6
0.633333 0 203.4 55.9 255.1 245.5
0.666667 0 205.0 56.3 253.3 244.3
0.700000 0 206.6 56.8 251.6 243.2
0.733333 0 208.2 57.3 249.9 242.1
0.766667 0 209.8 57.7 248.1 240.9
0.800000 0 211.4 58.2 246.4 239.8
0.833333 0 213.0 58.7 244.7 238.7
0.866667 0 214.6 59.1 242.9 237.5
0.900000 0 216.2 59.6 241.2 236.4
0.933333 0 217.8 60.1 239.5 235.3
0.966667 0 219.4 60.5 237.7 234.1
1.000000 0 221.0 61.0 236.0 233.0
1.033333 0 219.0 63.8 238.5 231.3
1.066667 0 217.0 66.7 241.0 229.7
1.100000 0 215.0 69.5 243.5 228.0
1.133333 0 213.0 72.3 246.0 226.3
1.166667 0 211.0 75.2 248.5 224.7
1.200000 0 209.0 78.0 251.0 223.0
1.233333 0 209.0 79.1 248.5 222.4
1.266667 0 209.0 80.2 246.0 221.8
1.300000 0 209.0 81.3 243.5 221.2
1.333333 0 209.0 82.4 241.0 220.6
1.366667 0 209.0 83.5 238.5 220.0
1.400000 0 209.0 84.6 236.0 219.4
1.433333 0 209.0 85.7 233.5 218.8
1.466667 0 209.0 86.8 231.0 218.2
1.500000 0 209.0 87.9 228.5 217.6
1.533333 0 209.0 89.0 226.0 217.0
1.566667 0 206.0 88.4 226.8 218.7
1.600000 0 203.0 87.9 227.6 220.3
1.633333 0 200.0 87.3 228.3 222.0
1.666667 0 197.0 86.8 229.1 223.7
1.700000 0 194.0 86.2 229.9 225.3
1.733333 0 191.0 85.7 230.7 227.0
1.766667 0 188.0 85.1 231.4 228.7
1.800000 0 185.0 84.6 232.2 230.3
1.833333 0 182.0 84.0 233.0 232.0
1.866667 0 181.1 83.2 232.5 230.7
1.900000 0 180.2 82.5 232.0 229.5
1.933333 0 179.4 81.7 231.5 228.2
1.966667 0 178.5 81.0 231.0 227.0
2.000000 0 177.6 80.2 230.5 225.7
2.033333 0 176.7 79.5 230.0 224.5
2.066667 0 175.9 78.7 229.5 223.2
2.100000 0 175.0 78.0 229.0 222.0
2.133333 0 173.5 78.8 227.2 222.6
2.166667 0 172.0 79.7 225.3 223.2
2.200000 0 170.5 80.5 223.5 223.8
2.233333 0 169.0 81.3 221.7 224.3
2.266667 0 167.5 82.2 219.8 224.9
2.300000 0 166.0 83.0 218.0 225.5
2.333333 0 164.5 83.8 216.2 226.1
2.366667 0 163.0 84.7 214.3 226.7
2.400000 0 161.5 85.5 212.5 227.3
2.433333 0 160.0 86.3 210.7 227.8
2.466667 0 158.5 87.2 208.8 228.4
2.500000 0 157.0 88.0 207.0 229.0
2.533333 0 156.9 90.9 207.1 228.0
2.566667 0 156.7 93.8 207.3 227.0
2.600000 0 156.6 96.6 207.4 226.0
2.633333 0 156.5 99.5 207.5 225.0
2.666667 0 156.4 102.4 207.6 224.0
2.700000 0 156.2 105.3 207.8 223.0
2.733333 0 156.1 108.1 207.9 222.0
2.766667 0 156.0 111.0 208.0 221.0
2.800000 0 159.6 110.9 205.4 221.6
2.833333 0 163.2 110.8 202.8 222.2
2.866667 0 166.9 110.6 200.1 222.9
2.900000 0 170.5 110.5 197.5 223.5
2.933333 0 174.1 110.4 194.9 224.1
2.966667 0 177.7 110.3 192.3 224.7
3.000000 0 181.4 110.1 189.6 225.4
3.033333 0 185.0 110.0 187.0 226.0
3.066667 0 185.3 110.2 187.0 225.8
3.100000 0 185.5 110.4 187.0 225.6
3.133333 0 185.8 110.5 187.0 225.5
3.166667 0 186.1 110.7 187.0 225.3
3.200000 0 186.4 110.9 187.0 225.1
3.233333 0 186.6 111.1 187.0 224.9
3.266667 0 186.9 111.3 187.0 224.7
3.300000 0 187.2 111.5 187.0 224.5
3.333333 0 187.5 111.6 187.0 224.4
3.366667 0 187.7 111.8 187.0 224.2
3.400000 0 188.0 112.0 187.0 224.0
3.433333 0 188.0 112.1 186.1 223.9
3.466667 0 188.0 112.2 185.2 223.8
3.500000 0 188.0 112.3 184.3 223.7
3.533333 0 188.0 112.4 183.4 223.6
3.566667 0 188.0 112.6 182.6 223.4
3.600000 0 188.0 112.7 181.7 223.3
3.633333 0 188.0 112.8 180.8 223.2
3.666667 0 188.0 112.9 179.9 223.1
3.700000 0 188.0 113.0 179.0 223.0
3.733333 0 188.0 110.7 178.7 223.7
3.766667 0 188.0 108.3 178.3 224.3
3.800000 0 188.0 106.0 178.0 225.0
3.833333 0 188.0 103.7 177.7 225.7
3.866667 0 188.0 101.3 177.3 226.3
3.900000 0 188.0 99.0 177.0 227.0
3.933333 0 187.6 98.0 176.4 225.6
3.966667 0 187.1 97.0 175.9 224.1
4.000000 0 186.7 96.0 175.3 222.7
4.033333 0 186.3 95.0 174.7 221.3
4.066667 0 185.9 94.0 174.1 219.9
4.100000 0 185.4 93.0 173.6 218.4
4.133333 0 185.0 92.0 173.0 217.0
4.166667 0 182.2 90.4 173.8 216.7
4.200000 0 179.5 88.7 174.5 216.5
4.233333 0 176.7 87.1 175.3 216.2
4.266667 0 174.0 85.5 176.0 216.0
4.300000 0 171.2 83.9 176.8 215.7
4.333333 0 168.5 82.2 177.5 215.5
4.366667 0 165.7 80.6 178.3 215.2
4.400000 0 163.0 79.0 179.0 215.0
4.433333 0 162.0 80.4 178.5 214.2
4.466667 0 161.0 81.7 177.9 213.4
4.500000 0 160.0 83.1 177.4 212.5
4.533333 0 159.0 84.5 176.8 211.7
4.566667 0 158.0 85.8 176.3 210.9
4.600000 0 157.0 87.2 175.7 210.1
4.633333 0 156.0 88.5 175.2 209.3
4.666667 0 155.0 89.9 174.6 208.5
4.700000 0 154.0 91.3 174.1 207.6
4.733333 0 153.0 92.6 173.5 206.8
4.766667 0 152.0 94.0 173.0 206.0
4.800000 0 152.7 97.5 172.3 203.9
4.833333 0 153.5 101.0 171.5 201.8
4.866667 0 154.2 104.5 170.8 199.6
4.900000 0 155.0 108.0 170.0 197.5
4.933333 0 155.7 111.5 169.3 195.4
4.966667 0 156.5 115.0 168.5 193.3
5.000000 0 157.2 118.5 167.8 191.1
5.033333 0 158.0 122.0 167.0 189.0
5.066667 0 158.7 124.1 166.7 188.6
5.100000 0 159.3 126.2 166.3 188.1
5.133333 0 160.0 128.3 166.0 187.7
5.166667 0 160.7 130.4 165.7 187.2
5.200000 0 161.3 132.6 165.3 186.8
5.233333 0 162.0 134.7 165.0 186.3
5.266667 0 162.7 136.8 164.7 185.9
5.300000 0 163.3 138.9 164.3 185.4
5.333333 0 164.0 141.0 164.0 185.0
5.366667 0 165.8 141.4 163.8 184.4
5.400000 0 167.6 141.7 163.6 183.7
5.433333 0 169.5 142.1 163.5 183.1
5.466667 0 171.3 142.5 163.3 182.5
5.500000 0 173.1 142.8 163.1 181.8
5.533333 0 174.9 143.2 162.9 181.2
5.566667 0 176.7 143.5 162.7 180.5
5.600000 0 178.5 143.9 162.5 179.9
5.633333 0 180.4 144.3 162.4 179.3
5.666667 0 182.2 144.6 162.2 178.6
5.700000 0 184.0 145.0 162.0 178.0
5.733333 0 187.3 144.1 160.4 177.6
5.766667 0 190.6 143.3 158.9 177.1
5.800000 0 193.9 142.4 157.3 176.7
5.833333 0 197.1 141.6 155.7 176.3
5.866667 0 200.4 140.7 154.1 175.9
5.900000 0 203.7 139.9 152.6 175.4
5.933333 0 207.0 139.0 151.0 175.0
5.966667 0 207.7 136.3 150.9 175.1
6.000000 0 208.4 133.6 150.8 175.2
6.033333 0 209.1 130.9 150.7 175.3
6.066667 0 209.8 128.2 150.6 175.4
6.100000 0 210.5 125.5 150.5 175.5
6.133333 0 211.2 122.8 150.4 175.6
6.166667 0 211.9 120.1 150.3 175.7
6.200000 0 212.6 117.4 150.2 175.8
6.233333 0 213.3 114.7 150.1 175.9
6.266667 0 214.0 112.0 150.0 176.0
6.300000 0 213.8 110.5 149.8 174.5
6.333333 0 213.6 109.1 149.6 173.1
6.366667 0 213.5 107.6 149.5 171.6
6.400000 0 213.3 106.2 149.3 170.2
6.433333 0 213.1 104.7 149.1 168.7
6.466667 0 212.9 103.3 148.9 167.3
6.500000 0 212.7 101.8 148.7 165.8
6.533333 0 212.5 100.4 148.5 164.4
6.566667 0 212.4 98.9 148.4 162.9
6.600000 0 212.2 97.5 148.2 161.5
6.633333 0 212.0 96.0 148.0 160.0
6.666667 0 212.8 93.7 147.4 159.9
6.700000 0 213.5 91.5 146.7 159.7
6.733333 0 214.3 89.2 146.1 159.6
6.766667 0 215.0 87.0 145.5 159.5
6.800000 0 215.8 84.7 144.9 159.4
6.833333 0 216.5 82.5 144.2 159.2
6.866667 0 217.3 80.2 143.6 159.1
6.900000 0 218.0 78.0 143.0 159.0
6.933333 0 216.4 76.9 143.0 158.1
6.966667 0 214.9 75.7 143.0 157.3
7.000000 0 213.3 74.6 143.0 156.4
7.033333 0 211.7 73.4 143.0 155.6
7.066667 0 210.1 72.3 143.0 154.7
7.100000 0 208.6 71.1 143.0 153.9
7.133333 0 207.0 70.0 143.0 153.0
7.166667 0 205.6 70.9 144.0 152.6
7.200000 0 204.1 71.7 145.0 152.1
7.233333 0 202.7 72.6 146.0 151.7
7.266667 0 201.3 73.4 147.0 151.3
7.300000 0 199.9 74.3 148.0 150.9
7.333333 0 198.4 75.1 149.0 150.4
7.366667 0 197.0 76.0 150.0 150.0
7.400000 0 198.9 77.7 148.8 149.0
7.433333 0 200.8 79.3 147.6 148.0
7.466667 0 202.7 81.0 146.3 147.0
7.500000 0 204.6 82.7 145.1 146.0
7.533333 0 206.4 84.3 143.9 145.0
7.566667 0 208.3 86.0 142.7 144.0
7.600000 0 210.2 87.7 141.4 143.0
7.633333 0 212.1 89.3 140.2 142.0
7.666667 0 214.0 91.0 139.0 141.0
7.700000 0 214.6 90.9 138.3 141.4
7.733333 0 215.1 90.7 137.6 141.9
7.766667 0 215.7 90.6 136.9 142.3
7.800000 0 216.3 90.4 136.1 142.7
7.833333 0 216.9 90.3 135.4 143.1
7.866667 0 217.4 90.1 134.7 143.6
7.900000 0 218.0 90.0 134.0 144.0
7.933333 0 218.0 88.9 134.3 143.9
7.966667 0 218.0 87.8 134.7 143.8
8.000000 0 218.0 86.7 135.0 143.7
8.033333 0 218.0 85.6 135.3 143.6
8.066667 0 218.0 84.4 135.7 143.4
8.100000 0 218.0 83.3 136.0 143.3
8.133333 0 218.0 82.2 136.3 143.2
8.166667 0 218.0 81.1 136.7 143.1
8.200000 0 218.0 80.0 137.0 143.0
8.233333 0 218.6 80.9 137.5 142.4
8.266667 0 219.3 81.8 138.1 141.7
8.300000 0 219.9 82.7 138.6 141.1
8.333333 0 220.5 83.6 139.2 140.5
8.366667 0 221.2 84.5 139.7 139.8
8.400000 0 221.8 85.5 140.3 139.2
8.433333 0 222.5 86.4 140.8 138.5
8.466667 0 223.1 87.3 141.4 137.9
8.500000 0 223.7 88.2 141.9 137.3
8.533333 0 224.4 89.1 142.5 136.6
8.566667 0 225.0 90.0 143.0 136.0
8.600000 0 225.5 89.8 143.9 136.0
8.633333 0 226.0 89.6 144.8 136.0
8.666667 0 226.5 89.4 145.7 136.0
8.700000 0 227.0 89.2 146.6 136.0
8.733333 0 227.5 89.0 147.5 136.0
8.766667 0 228.0 88.8 148.4 136.0
8.800000 0 228.5 88.6 149.3 136.0
8.833333 0 229.0 88.4 150.2 136.0
8.866667 0 229.5 88.2 151.1 136.0
8.900000 0 230.0 88.0 152.0 136.0
8.933333 0 231.3 90.7 150.7 134.6
8.966667 0 232.7 93.3 149.3 133.1
9.000000 0 234.0 96.0 148.0 131.7
9.033333 0 235.3 98.7 146.7 130.2
9.066667 0 236.7 101.3 145.3 128.8
9.100000 0 238.0 104.0 144.0 127.3
9.133333 0 239.3 106.7 142.7 125.9
9.166667 0 240.7 109.3 141.3 124.4
9.200000 0 242.0 112.0 140.0 123.0
9.233333 0 242.0 112.8 140.1 122.9
9.266667 0 242.0 113.5 140.1 122.9
9.300000 0 242.0 114.3 140.2 122.8
9.333333 0 242.0 115.1 140.2 122.8
9.366667 0 242.0 115.8 140.3 122.7
9.400000 0 242.0 116.6 140.4 122.6
9.433333 0 242.0 117.4 140.4 122.6
9.466667 0 242.0 118.1 140.5 122.5
9.500000 0 242.0 118.9 140.5 122.5
9.533333 0 242.0 119.6 140.6 122.4
9.566667 0 242.0 120.4 140.6 122.4
9.600000 0 242.0 121.2 140.7 122.3
9.633333 0 242.0 121.9 140.8 122.2
9.666667 0 242.0 122.7 140.8 122.2
9.700000 0 242.0 123.5 140.9 122.1
9.733333 0 242.0 124.2 140.9 122.1
9.766667 0 242.0 125.0 141.0 122.0
9.800000 0 241.9 124.7 140.9 122.3
9.833333 0 241.8 124.3 140.8 122.7
9.866667 0 241.7 124.0 140.7 123.0
9.900000 0 241.6 123.7 140.6 123.3
9.933333 0 241.4 123.3 140.4 123.7
9.966667 0 241.3 123.0 140.3 124.0
10.000000 0 241.2 122.7 140.2 124.3
10.033333 0 241.1 122.3 140.1 124.7
10.066667 0 241.0 122.0 140.0 125.0
10.100000 0 241.1 121.6 139.7 125.4
10.133333 0 241.2 121.2 139.4 125.8
10.166667 0 241.3 120.8 139.1 126.2
10.200000 0 241.4 120.4 138.8 126.6
10.233333 0 241.5 120.0 138.5 127.0
10.266667 0 241.6 119.6 138.2 127.4
10.300000 0 241.7 119.2 137.9 127.8
10.333333 0 241.8 118.8 137.6 128.2
10.366667 0 241.9 118.4 137.3 128.6
10.400000 0 242.0 118.0 137.0 129.0
