0.000000 0 310.0 159.0 27.0 22.0
0.033333 0 310.4 158.6 27.0 22.0
0.066667 0 310.8 158.3 27.0 22.0
0.100000 0 311.2 157.9 27.0 22.0
0.133333 0 311.7 157.6 27.0 22.1
0.166667 0 312.1 157.2 27.0 22.1
0.200000 0 312.5 156.9 27.0 22.1
0.233333 0 312.9 156.5 27.0 22.1
0.266667 0 313.3 156.1 27.0 22.1
0.300000 0 313.7 155.8 27.0 22.1
0.333333 0 314.1 155.4 27.0 22.1
0.366667 0 314.6 155.1 27.0 22.1
0.400000 0 315.0 154.7 27.0 22.2
0.433333 0 315.4 154.4 27.0 22.2
0.466667 0 315.8 154.0 27.0 22.2
0.500000 0 316.2 153.6 27.0 22.2
0.533333 0 316.6 153.3 27.0 22.2
0.566667 0 317.0 152.9 27.0 22.2
0.600000 0 317.5 152.6 27.0 22.2
0.633333 0 317.9 152.2 27.0 22.2
0.666667 0 318.3 151.9 27.0 22.3
0.700000 0 318.7 151.5 27.0 22.3
0.733333 0 319.1 151.2 27.0 22.3
0.766667 0 319.5 150.8 27.0 22.3
0.800000 0 319.9 150.4 27.0 22.3
0.833333 0 320.4 150.1 27.0 22.3
0.866667 0 320.8 149.7 27.0 22.3
0.900000 0 321.2 149.4 27.0 22.3
0.933333 0 321.6 149.0 27.0 22.4
0.966667 0 322.0 148.7 27.0 22.4
1.000000 0 322.4 148.3 27.0 22.4
1.033333 0 322.8 147.9 27.0 22.4
1.066667 0 323.2 147.6 27.0 22.4
1.100000 0 323.7 147.2 27.0 22.4
1.133333 0 324.1 146.9 27.0 22.4
1.166667 0 324.5 146.5 27.0 22.4
1.200000 0 324.9 146.2 27.0 22.5
1.233333 0 325.3 145.8 27.0 22.5
1.266667 0 325.7 145.4 27.0 22.5
1.300000 0 326.1 145.1 27.0 22.5
1.333333 0 326.6 144.7 27.0 22.5
1.366667 0 327.0 144.4 27.0 22.5
1.400000 0 327.4 144.0 27.0 22.5
1.433333 0 327.8 143.7 27.0 22.5
1.466667 0 328.2 143.3 27.0 22.6
1.500000 0 328.6 142.9 27.0 22.6
1.533333 0 329.0 142.6 27.0 22.6
1.566667 0 329.5 142.2 27.0 22.6
1.600000 0 329.9 141.9 27.0 22.6
1.633333 0 330.3 141.5 27.0 22.6
1.666667 0 330.7 141.2 27.0 22.6
1.700000 0 331.1 140.8 27.0 22.6
1.733333 0 331.5 140.5 27.0 22.7
1.766667 0 331.9 140.1 27.0 22.7
1.800000 0 332.4 139.7 27.0 22.7
1.833333 0 332.8 139.4 27.0 22.7
1.866667 0 333.2 139.0 27.0 22.7
1.900000 0 333.6 138.7 27.0 22.7
1.933333 0 334.0 138.3 27.0 22.7
1.966667 0 334.4 138.0 27.0 22.8
2.000000 0 334.8 137.6 27.0 22.8
2.033333 0 335.3 137.2 27.0 22.8
2.066667 0 335.7 136.9 27.0 22.8
2.100000 0 336.1 136.5 27.0 22.8
2.133333 0 336.5 136.2 27.0 22.8
2.166667 0 336.9 135.8 27.0 22.8
2.200000 0 337.3 135.5 27.0 22.8
2.233333 0 337.7 135.1 27.0 22.9
2.266667 0 338.2 134.7 27.0 22.9
2.300000 0 338.6 134.4 27.0 22.9
2.333333 0 339.0 134.0 27.0 22.9
2.366667 0 339.4 133.7 27.0 22.9
2.400000 0 339.8 133.3 27.0 22.9
2.433333 0 340.2 133.0 27.0 22.9
2.466667 0 340.6 132.6 27.0 22.9
2.500000 0 341.1 132.2 27.0 23.0
2.533333 0 341.5 131.9 27.0 23.0
2.566667 0 341.9 131.5 27.0 23.0
2.600000 0 342.3 131.2 27.0 23.0
2.633333 0 342.7 130.8 27.0 23.0
2.666667 0 343.1 130.5 27.0 23.0
2.700000 0 343.5 130.1 27.0 23.0
2.733333 0 343.9 129.8 27.0 23.0
2.766667 0 344.4 129.4 27.0 23.1
2.800000 0 344.8 129.0 27.0 23.1
2.833333 0 345.2 128.7 27.0 23.1
2.866667 0 345.6 128.3 27.0 23.1
2.900000 0 346.0 128.0 27.0 23.1
2.933333 0 346.4 127.6 27.0 23.1
2.966667 0 346.8 127.3 27.0 23.1
3.000000 0 347.3 126.9 27.0 23.1
3.033333 0 347.7 126.5 27.0 23.2
3.066667 0 348.1 126.2 27.0 23.2
3.100000 0 348.5 125.8 27.0 23.2
3.133333 0 348.9 125.5 27.0 23.2
3.166667 0 349.3 125.1 27.0 23.2
3.200000 0 349.7 124.8 27.0 23.2
3.233333 0 350.2 124.4 27.0 23.2
3.266667 0 350.6 124.0 27.0 23.2
3.300000 0 351.0 123.7 27.0 23.3
3.333333 0 351.4 123.3 27.0 23.3
3.366667 0 351.8 123.0 27.0 23.3
3.400000 0 352.2 122.6 27.0 23.3
3.433333 0 352.6 122.3 27.0 23.3
3.466667 0 353.1 121.9 27.0 23.3
3.500000 0 353.5 121.5 27.0 23.3
3.533333 0 353.9 121.2 27.0 23.4
3.566667 0 354.3 120.8 27.0 23.4
3.600000 0 354.7 120.5 27.0 23.4
3.633333 0 355.1 120.1 27.0 23.4
3.666667 0 355.5 119.8 27.0 23.4
3.700000 0 356.0 119.4 27.0 23.4
3.733333 0 356.4 119.1 27.0 23.4
3.766667 0 356.8 118.7 27.0 23.4
3.800000 0 357.2 118.3 27.0 23.5
3.833333 0 357.6 118.0 27.0 23.5
3.866667 0 358.0 117.6 27.0 23.5
3.900000 0 358.4 117.3 27.0 23.5
3.933333 0 358.9 116.9 27.0 23.5
3.966667 0 359.3 116.6 27.0 23.5
4.000000 0 359.7 116.2 27.0 23.5
4.033333 0 360.1 115.8 27.0 23.5
4.066667 0 360.5 115.5 27.0 23.6
4.100000 0 360.9 115.1 27.0 23.6
4.133333 0 361.3 114.8 27.0 23.6
4.166667 0 361.8 114.4 27.0 23.6
4.200000 0 362.2 114.1 27.0 23.6
4.233333 0 362.6 113.7 27.0 23.6
4.266667 0 363.0 113.3 27.0 23.6
4.300000 0 363.4 113.0 27.0 23.6
4.333333 0 363.8 112.6 27.0 23.7
4.366667 0 364.2 112.3 27.0 23.7
4.400000 0 364.6 111.9 27.0 23.7
4.433333 0 365.1 111.6 27.0 23.7
4.466667 0 365.5 111.2 27.0 23.7
4.500000 0 365.9 110.8 27.0 23.7
4.533333 0 366.3 110.5 27.0 23.7
4.566667 0 366.7 110.1 27.0 23.7
4.600000 0 367.1 109.8 27.0 23.8
4.633333 0 367.5 109.4 27.0 23.8
4.666667 0 368.0 109.1 27.0 23.8
4.700000 0 368.4 108.7 27.0 23.8
4.733333 0 368.8 108.4 27.0 23.8
4.766667 0 369.2 108.0 27.0 23.8
4.800000 0 369.6 107.6 27.0 23.8
4.833333 0 370.0 107.3 27.0 23.8
4.866667 0 370.4 106.9 27.0 23.9
4.900000 0 370.9 106.6 27.0 23.9
4.933333 0 371.3 106.2 27.0 23.9
4.966667 0 371.7 105.9 27.0 23.9
5.000000 0 372.1 105.5 27.0 23.9
5.033333 0 372.5 105.1 27.0 23.9
5.066667 0 372.9 104.8 27.0 23.9
5.100000 0 373.3 104.4 27.0 23.9
5.133333 0 373.8 104.1 27.0 24.0
5.166667 0 374.2 103.7 27.0 24.0
5.200000 0 374.6 103.4 27.0 24.0
5.233333 0 375.0 103.0 27.0 24.0
5.266667 0 375.4 102.7 26.9 23.9
5.300000 0 375.9 102.4 26.9 23.8
5.333333 0 376.3 102.0 26.8 23.7
5.366667 0 376.8 101.7 26.8 23.6
5.400000 0 377.2 101.4 26.7 23.5
5.433333 0 377.7 101.1 26.7 23.4
5.466667 0 378.1 100.7 26.6 23.2
5.500000 0 378.6 100.4 26.6 23.1
5.533333 0 379.0 100.1 26.5 23.0
5.566667 0 379.5 99.8 26.5 22.9
5.600000 0 379.9 99.5 26.4 22.8
5.633333 0 380.4 99.1 26.4 22.7
5.666667 0 380.8 98.8 26.3 22.6
5.700000 0 381.3 98.5 26.2 22.5
5.733333 0 381.7 98.2 26.2 22.4
5.766667 0 382.1 97.9 26.1 22.3
5.800000 0 382.6 97.5 26.1 22.2
5.833333 0 383.0 97.2 26.0 22.1
5.866667 0 383.5 96.9 26.0 22.0
5.900000 0 383.9 96.6 25.9 21.9
5.933333 0 384.4 96.2 25.9 21.7
5.966667 0 384.8 95.9 25.8 21.6
6.000000 0 385.3 95.6 25.8 21.5
6.033333 0 385.7 95.3 25.7 21.4
6.066667 0 386.2 95.0 25.7 21.3
6.100000 0 386.6 94.6 25.6 21.2
6.133333 0 387.1 94.3 25.6 21.1
6.166667 0 387.5 94.0 25.5 21.0
6.200000 0 387.9 93.7 25.4 20.9
6.233333 0 388.4 93.4 25.4 20.8
6.266667 0 388.8 93.0 25.3 20.7
6.300000 0 389.3 92.7 25.3 20.6
6.333333 0 389.7 92.4 25.2 20.5
6.366667 0 390.2 92.1 25.2 20.4
6.400000 0 390.6 91.7 25.1 20.2
6.433333 0 391.1 91.4 25.1 20.1
6.466667 0 391.5 91.1 25.0 20.0
6.500000 0 392.0 90.8 25.0 19.9
6.533333 0 392.4 90.5 24.9 19.8
6.566667 0 392.9 90.1 24.9 19.7
6.600000 0 393.3 89.8 24.8 19.6
6.633333 0 393.8 89.5 24.7 19.5
6.666667 0 394.2 89.2 24.7 19.4
6.700000 0 394.6 88.9 24.6 19.3
6.733333 0 395.1 88.5 24.6 19.2
6.766667 0 395.5 88.2 24.5 19.1
6.800000 0 396.0 87.9 24.5 19.0
6.833333 0 396.4 87.6 24.4 18.9
6.866667 0 396.9 87.2 24.4 18.7
6.900000 0 397.3 86.9 24.3 18.6
6.933333 0 397.8 86.6 24.3 18.5
6.966667 0 398.2 86.3 24.2 18.4
7.000000 0 398.7 86.0 24.2 18.3
7.033333 0 399.1 85.6 24.1 18.2
7.066667 0 399.6 85.3 24.1 18.1
7.100000 0 400.0 85.0 24.0 18.0
7.133333 0 400.5 84.6 24.1 18.1
7.166667 0 400.9 84.2 24.1 18.1
7.200000 0 401.4 83.8 24.2 18.2
7.233333 0 401.9 83.3 24.2 18.2
7.266667 0 402.3 82.9 24.3 18.3
7.300000 0 402.8 82.5 24.3 18.3
7.333333 0 403.3 82.1 24.4 18.4
7.366667 0 403.7 81.7 24.4 18.4
7.400000 0 404.2 81.3 24.5 18.5
7.433333 0 404.7 80.9 24.5 18.5
7.466667 0 405.1 80.4 24.6 18.6
7.500000 0 405.6 80.0 24.6 18.6
7.533333 0 406.1 79.6 24.7 18.7
7.566667 0 406.5 79.2 24.7 18.7
7.600000 0 407.0 78.8 24.8 18.8
7.633333 0 407.4 78.4 24.8 18.8
7.666667 0 407.9 78.0 24.9 18.9
7.700000 0 408.4 77.6 24.9 18.9
7.733333 0 408.8 77.1 25.0 19.0
7.766667 0 409.3 76.7 25.0 19.0
7.800000 0 409.8 76.3 25.1 19.1
7.833333 0 410.2 75.9 25.1 19.1
7.866667 0 410.7 75.5 25.2 19.2
7.900000 0 411.2 75.1 25.2 19.2
7.933333 0 411.6 74.7 25.3 19.3
7.966667 0 412.1 74.2 25.3 19.3
8.000000 0 412.6 73.8 25.4 19.4
8.033333 0 413.0 73.4 25.4 19.4
8.066667 0 413.5 73.0 25.5 19.5
8.100000 0 414.0 72.6 25.6 19.6
8.133333 0 414.4 72.2 25.6 19.6
8.166667 0 414.9 71.8 25.7 19.7
8.200000 0 415.4 71.3 25.7 19.7
8.233333 0 415.8 70.9 25.8 19.8
8.266667 0 416.3 70.5 25.8 19.8
8.300000 0 416.8 70.1 25.9 19.9
8.333333 0 417.2 69.7 25.9 19.9
8.366667 0 417.7 69.3 26.0 20.0
8.400000 0 418.2 68.9 26.0 20.0
8.433333 0 418.6 68.4 26.1 20.1
8.466667 0 419.1 68.0 26.1 20.1
8.500000 0 419.6 67.6 26.2 20.2
8.533333 0 420.0 67.2 26.2 20.2
8.566667 0 420.5 66.8 26.3 20.3
8.600000 0 420.9 66.4 26.3 20.3
8.633333 0 421.4 66.0 26.4 20.4
8.666667 0 421.9 65.6 26.4 20.4
8.700000 0 422.3 65.1 26.5 20.5
8.733333 0 422.8 64.7 26.5 20.5
8.766667 0 423.3 64.3 26.6 20.6
8.800000 0 423.7 63.9 26.6 20.6
8.833333 0 424.2 63.5 26.7 20.7
8.866667 0 424.7 63.1 26.7 20.7
8.900000 0 425.1 62.7 26.8 20.8
8.933333 0 425.6 62.2 26.8 20.8
8.966667 0 426.1 61.8 26.9 20.9
9.000000 0 426.5 61.4 26.9 20.9
9.033333 0 427.0 61.0 27.0 21.0
9.066667 0 427.5 60.5 27.1 21.0
9.100000 0 428.1 60.0 27.1 21.1
9.133333 0 428.6 59.6 27.2 21.1
9.166667 0 429.2 59.1 27.3 21.2
9.200000 0 429.7 58.6 27.3 21.2
9.233333 0 430.3 58.1 27.4 21.3
9.266667 0 430.8 57.7 27.5 21.3
9.300000 0 431.4 57.2 27.5 21.4
9.333333 0 431.9 56.7 27.6 21.4
9.366667 0 432.5 56.2 27.7 21.5
9.400000 0 433.0 55.7 27.8 21.5
9.433333 0 433.5 55.3 27.8 21.5
9.466667 0 434.1 54.8 27.9 21.6
9.500000 0 434.6 54.3 28.0 21.6
9.533333 0 435.2 53.8 28.0 21.7
9.566667 0 435.7 53.4 28.1 21.7
9.600000 0 436.3 52.9 28.2 21.8
9.633333 0 436.8 52.4 28.2 21.8
9.666667 0 437.4 51.9 28.3 21.9
9.700000 0 437.9 51.5 28.4 21.9
9.733333 0 438.5 51.0 28.4 22.0
9.766667 0 439.0 50.5 28.5 22.0
9.800000 0 439.5 50.0 28.6 22.0
9.833333 0 440.1 49.5 28.6 22.1
9.866667 0 440.6 49.1 28.7 22.1
9.900000 0 441.2 48.6 28.8 22.2
9.933333 0 441.7 48.1 28.8 22.2
9.966667 0 442.3 47.6 28.9 22.3
10.000000 0 442.8 47.2 29.0 22.3
10.033333 0 443.4 46.7 29.0 22.4
10.066667 0 443.9 46.2 29.1 22.4
10.100000 0 444.5 45.7 29.2 22.5
10.133333 0 445.0 45.2 29.3 22.5
10.166667 0 445.5 44.8 29.3 22.5
10.200000 0 446.1 44.3 29.4 22.6
10.233333 0 446.6 43.8 29.5 22.6
10.266667 0 447.2 43.3 29.5 22.7
10.300000 0 447.7 42.9 29.6 22.7
10.333333 0 448.3 42.4 29.7 22.8
10.366667 0 448.8 41.9 29.7 22.8
10.400000 0 449.4 41.4 29.8 22.9
10.433333 0 449.9 41.0 29.9 22.9
10.466667 0 450.5 40.5 29.9 23.0
10.500000 0 451.0 40.0 30.0 23.0
