0.000000 0 152.0 298.0 75.0 38.0
0.033333 0 152.6 297.8 74.9 38.0
0.066667 0 153.2 297.6 74.9 38.0
0.100000 0 153.8 297.4 74.8 37.9
0.133333 0 154.3 297.2 74.8 37.9
0.166667 0 154.9 297.0 74.7 37.9
0.200000 0 155.5 296.8 74.7 37.9
0.233333 0 156.1 296.5 74.6 37.9
0.266667 0 156.7 296.3 74.6 37.8
0.300000 0 157.3 296.1 74.5 37.8
0.333333 0 157.8 295.9 74.5 37.8
0.366667 0 158.4 295.7 74.4 37.8
0.400000 0 159.0 295.5 74.4 37.8
0.433333 0 159.6 295.3 74.3 37.7
0.466667 0 160.2 295.1 74.3 37.7
0.500000 0 160.8 294.9 74.2 37.7
0.533333 0 161.4 294.7 74.2 37.7
0.566667 0 161.9 294.5 74.1 37.7
0.600000 0 162.5 294.3 74.1 37.6
0.633333 0 163.1 294.1 74.0 37.6
0.666667 0 163.7 293.8 74.0 37.6
0.700000 0 164.3 293.6 73.9 37.6
0.733333 0 164.9 293.4 73.9 37.6
0.766667 0 165.4 293.2 73.8 37.6
0.800000 0 166.0 293.0 73.8 37.5
0.833333 0 166.6 292.8 73.7 37.5
0.866667 0 167.2 292.6 73.6 37.5
0.900000 0 167.8 292.4 73.6 37.5
0.933333 0 168.4 292.2 73.5 37.5
0.966667 0 168.9 292.0 73.5 37.4
1.000000 0 169.5 291.8 73.4 37.4
1.033333 0 170.1 291.6 73.4 37.4
1.066667 0 170.7 291.4 73.3 37.4
1.100000 0 171.3 291.1 73.3 37.4
1.133333 0 171.9 290.9 73.2 37.3
1.166667 0 172.5 290.7 73.2 37.3
1.200000 0 173.0 290.5 73.1 37.3
1.233333 0 173.6 290.3 73.1 37.3
1.266667 0 174.2 290.1 73.0 37.3
1.300000 0 174.8 289.9 73.0 37.2
1.333333 0 175.4 289.7 72.9 37.2
1.366667 0 176.0 289.5 72.9 37.2
1.400000 0 176.5 289.3 72.8 37.2
1.433333 0 177.1 289.1 72.8 37.2
1.466667 0 177.7 288.9 72.7 37.1
1.500000 0 178.3 288.6 72.7 37.1
1.533333 0 178.9 288.4 72.6 37.1
1.566667 0 179.5 288.2 72.6 37.1
1.600000 0 180.1 288.0 72.5 37.1
1.633333 0 180.6 287.8 72.5 37.0
1.666667 0 181.2 287.6 72.4 37.0
1.700000 0 181.8 287.4 72.4 37.0
1.733333 0 182.4 287.2 72.3 37.0
1.766667 0 183.0 287.0 72.2 37.0
1.800000 0 183.6 286.8 72.2 36.9
1.833333 0 184.1 286.6 72.1 36.9
1.866667 0 184.7 286.4 72.1 36.9
1.900000 0 185.3 286.2 72.0 36.9
1.933333 0 185.9 285.9 72.0 36.9
1.966667 0 186.5 285.7 71.9 36.9
2.000000 0 187.1 285.5 71.9 36.8
2.033333 0 187.6 285.3 71.8 36.8
2.066667 0 188.2 285.1 71.8 36.8
2.100000 0 188.8 284.9 71.7 36.8
2.133333 0 189.4 284.7 71.7 36.8
2.166667 0 190.0 284.5 71.6 36.7
2.200000 0 190.6 284.3 71.6 36.7
2.233333 0 191.2 284.1 71.5 36.7
2.266667 0 191.7 283.9 71.5 36.7
2.300000 0 192.3 283.7 71.4 36.7
2.333333 0 192.9 283.5 71.4 36.6
2.366667 0 193.5 283.2 71.3 36.6
2.400000 0 194.1 283.0 71.3 36.6
2.433333 0 194.7 282.8 71.2 36.6
2.466667 0 195.2 282.6 71.2 36.6
2.500000 0 195.8 282.4 71.1 36.5
2.533333 0 196.4 282.2 71.1 36.5
2.566667 0 197.0 282.0 71.0 36.5
2.600000 0 197.6 281.8 70.9 36.5
2.633333 0 198.2 281.6 70.9 36.5
2.666667 0 198.8 281.4 70.8 36.4
2.700000 0 199.3 281.2 70.8 36.4
2.733333 0 199.9 281.0 70.7 36.4
2.766667 0 200.5 280.8 70.7 36.4
2.800000 0 201.1 280.5 70.6 36.4
2.833333 0 201.7 280.3 70.6 36.3
2.866667 0 202.3 280.1 70.5 36.3
2.900000 0 202.8 279.9 70.5 36.3
2.933333 0 203.4 279.7 70.4 36.3
2.966667 0 204.0 279.5 70.4 36.3
3.000000 0 204.6 279.3 70.3 36.2
3.033333 0 205.2 279.1 70.3 36.2
3.066667 0 205.8 278.9 70.2 36.2
3.100000 0 206.4 278.7 70.2 36.2
3.133333 0 206.9 278.5 70.1 36.2
3.166667 0 207.5 278.3 70.1 36.1
3.200000 0 208.1 278.1 70.0 36.1
3.233333 0 208.7 277.8 70.0 36.1
3.266667 0 209.3 277.6 69.9 36.1
3.300000 0 209.9 277.4 69.9 36.1
3.333333 0 210.4 277.2 69.8 36.1
3.366667 0 211.0 277.0 69.8 36.0
3.400000 0 211.6 276.8 69.7 36.0
3.433333 0 212.2 276.6 69.6 36.0
3.466667 0 212.8 276.4 69.6 36.0
3.500000 0 213.4 276.2 69.5 36.0
3.533333 0 213.9 276.0 69.5 35.9
3.566667 0 214.5 275.8 69.4 35.9
3.600000 0 215.1 275.6 69.4 35.9
3.633333 0 215.7 275.4 69.3 35.9
3.666667 0 216.3 275.1 69.3 35.9
3.700000 0 216.9 274.9 69.2 35.8
3.733333 0 217.5 274.7 69.2 35.8
3.766667 0 218.0 274.5 69.1 35.8
3.800000 0 218.6 274.3 69.1 35.8
3.833333 0 219.2 274.1 69.0 35.8
3.866667 0 219.8 273.9 69.0 35.7
3.900000 0 220.4 273.7 68.9 35.7
3.933333 0 221.0 273.5 68.9 35.7
3.966667 0 221.5 273.3 68.8 35.7
4.000000 0 222.1 273.1 68.8 35.7
4.033333 0 222.7 272.9 68.7 35.6
4.066667 0 223.3 272.6 68.7 35.6
4.100000 0 223.9 272.4 68.6 35.6
4.133333 0 224.5 272.2 68.6 35.6
4.166667 0 225.1 272.0 68.5 35.6
4.200000 0 225.6 271.8 68.5 35.5
4.233333 0 226.2 271.6 68.4 35.5
4.266667 0 226.8 271.4 68.4 35.5
4.300000 0 227.4 271.2 68.3 35.5
4.333333 0 228.0 271.0 68.2 35.5
4.366667 0 228.6 270.8 68.2 35.4
4.400000 0 229.1 270.6 68.1 35.4
4.433333 0 229.7 270.4 68.1 35.4
4.466667 0 230.3 270.2 68.0 35.4
4.500000 0 230.9 269.9 68.0 35.4
4.533333 0 231.5 269.7 67.9 35.4
4.566667 0 232.1 269.5 67.9 35.3
4.600000 0 232.6 269.3 67.8 35.3
4.633333 0 233.2 269.1 67.8 35.3
4.666667 0 233.8 268.9 67.7 35.3
4.700000 0 234.4 268.7 67.7 35.3
4.733333 0 235.0 268.5 67.6 35.2
4.766667 0 235.6 268.3 67.6 35.2
4.800000 0 236.2 268.1 67.5 35.2
4.833333 0 236.7 267.9 67.5 35.2
4.866667 0 237.3 267.7 67.4 35.2
4.900000 0 237.9 267.5 67.4 35.1
4.933333 0 238.5 267.2 67.3 35.1
4.966667 0 239.1 267.0 67.3 35.1
5.000000 0 239.7 266.8 67.2 35.1
5.033333 0 240.2 266.6 67.2 35.1
5.066667 0 240.8 266.4 67.1 35.0
5.100000 0 241.4 266.2 67.1 35.0
5.133333 0 242.0 266.0 67.0 35.0
5.166667 0 242.5 265.8 67.1 35.0
5.200000 0 243.0 265.5 67.1 35.1
5.233333 0 243.5 265.3 67.2 35.1
5.266667 0 244.0 265.0 67.3 35.2
5.300000 0 244.5 264.8 67.3 35.2
5.333333 0 245.0 264.6 67.4 35.3
5.366667 0 245.5 264.3 67.4 35.3
5.400000 0 245.9 264.1 67.5 35.4
5.433333 0 246.4 263.8 67.6 35.4
5.466667 0 246.9 263.6 67.6 35.4
5.500000 0 247.4 263.4 67.7 35.5
5.533333 0 247.9 263.1 67.8 35.5
5.566667 0 248.4 262.9 67.8 35.6
5.600000 0 248.9 262.6 67.9 35.6
5.633333 0 249.4 262.4 67.9 35.7
5.666667 0 249.9 262.2 68.0 35.7
5.700000 0 250.4 261.9 68.1 35.8
5.733333 0 250.9 261.7 68.1 35.8
5.766667 0 251.4 261.4 68.2 35.8
5.800000 0 251.9 261.2 68.3 35.9
5.833333 0 252.4 260.9 68.3 35.9
5.866667 0 252.9 260.7 68.4 36.0
5.900000 0 253.4 260.5 68.5 36.0
5.933333 0 253.8 260.2 68.5 36.1
5.966667 0 254.3 260.0 68.6 36.1
6.000000 0 254.8 259.7 68.6 36.2
6.033333 0 255.3 259.5 68.7 36.2
6.066667 0 255.8 259.3 68.8 36.2
6.100000 0 256.3 259.0 68.8 36.3
6.133333 0 256.8 258.8 68.9 36.3
6.166667 0 257.3 258.5 69.0 36.4
6.200000 0 257.8 258.3 69.0 36.4
6.233333 0 258.3 258.1 69.1 36.5
6.266667 0 258.8 257.8 69.2 36.5
6.300000 0 259.3 257.6 69.2 36.6
6.333333 0 259.8 257.3 69.3 36.6
6.366667 0 260.3 257.1 69.3 36.6
6.400000 0 260.8 256.9 69.4 36.7
6.433333 0 261.3 256.6 69.5 36.7
6.466667 0 261.7 256.4 69.5 36.8
6.500000 0 262.2 256.1 69.6 36.8
6.533333 0 262.7 255.9 69.7 36.9
6.566667 0 263.2 255.7 69.7 36.9
6.600000 0 263.7 255.4 69.8 36.9
6.633333 0 264.2 255.2 69.8 37.0
6.666667 0 264.7 254.9 69.9 37.0
6.700000 0 265.2 254.7 70.0 37.1
6.733333 0 265.7 254.5 70.0 37.1
6.766667 0 266.2 254.2 70.1 37.2
6.800000 0 266.7 254.0 70.2 37.2
6.833333 0 267.2 253.7 70.2 37.3
6.866667 0 267.7 253.5 70.3 37.3
6.900000 0 268.2 253.3 70.4 37.3
6.933333 0 268.7 253.0 70.4 37.4
6.966667 0 269.2 252.8 70.5 37.4
7.000000 0 269.6 252.5 70.5 37.5
7.033333 0 270.1 252.3 70.6 37.5
7.066667 0 270.6 252.1 70.7 37.6
7.100000 0 271.1 251.8 70.7 37.6
7.133333 0 271.6 251.6 70.8 37.7
7.166667 0 272.1 251.3 70.9 37.7
7.200000 0 272.6 251.1 70.9 37.7
7.233333 0 273.1 250.8 71.0 37.8
7.266667 0 273.6 250.6 71.1 37.8
7.300000 0 274.1 250.4 71.1 37.9
7.333333 0 274.6 250.1 71.2 37.9
7.366667 0 275.1 249.9 71.2 38.0
7.400000 0 275.6 249.6 71.3 38.0
7.433333 0 276.1 249.4 71.4 38.1
7.466667 0 276.6 249.2 71.4 38.1
7.500000 0 277.1 248.9 71.5 38.1
7.533333 0 277.5 248.7 71.6 38.2
7.566667 0 278.0 248.4 71.6 38.2
7.600000 0 278.5 248.2 71.7 38.3
7.633333 0 279.0 248.0 71.7 38.3
7.666667 0 279.5 247.7 71.8 38.4
7.700000 0 280.0 247.5 71.9 38.4
7.733333 0 280.5 247.2 71.9 38.5
7.766667 0 281.0 247.0 72.0 38.5
7.800000 0 281.5 246.8 72.1 38.5
7.833333 0 282.0 246.5 72.1 38.6
7.866667 0 282.5 246.3 72.2 38.6
7.900000 0 283.0 246.0 72.3 38.7
7.933333 0 283.5 245.8 72.3 38.7
7.966667 0 284.0 245.6 72.4 38.8
8.000000 0 284.5 245.3 72.4 38.8
8.033333 0 284.9 245.1 72.5 38.9
8.066667 0 285.4 244.8 72.6 38.9
8.100000 0 285.9 244.6 72.6 38.9
8.133333 0 286.4 244.4 72.7 39.0
8.166667 0 286.9 244.1 72.8 39.0
8.200000 0 287.4 243.9 72.8 39.1
8.233333 0 287.9 243.6 72.9 39.1
8.266667 0 288.4 243.4 72.9 39.2
8.300000 0 288.9 243.2 73.0 39.2
8.333333 0 289.4 242.9 73.1 39.3
8.366667 0 289.9 242.7 73.1 39.3
8.400000 0 290.4 242.4 73.2 39.3
8.433333 0 290.9 242.2 73.3 39.4
8.466667 0 291.4 241.9 73.3 39.4
8.500000 0 291.9 241.7 73.4 39.5
8.533333 0 292.4 241.5 73.5 39.5
8.566667 0 292.8 241.2 73.5 39.6
8.600000 0 293.3 241.0 73.6 39.6
8.633333 0 293.8 240.7 73.6 39.7
8.666667 0 294.3 240.5 73.7 39.7
8.700000 0 294.8 240.3 73.8 39.7
8.733333 0 295.3 240.0 73.8 39.8
8.766667 0 295.8 239.8 73.9 39.8
8.800000 0 296.3 239.5 74.0 39.9
8.833333 0 296.8 239.3 74.0 39.9
8.866667 0 297.3 239.1 74.1 40.0
8.900000 0 297.8 238.8 74.2 40.0
8.933333 0 298.3 238.6 74.2 40.1
8.966667 0 298.8 238.3 74.3 40.1
9.000000 0 299.3 238.1 74.3 40.1
9.033333 0 299.8 237.9 74.4 40.2
9.066667 0 300.3 237.6 74.5 40.2
9.100000 0 300.7 237.4 74.5 40.3
9.133333 0 301.2 237.1 74.6 40.3
9.166667 0 301.7 236.9 74.7 40.4
9.200000 0 302.2 236.7 74.7 40.4
9.233333 0 302.7 236.4 74.8 40.4
9.266667 0 303.2 236.2 74.8 40.5
9.300000 0 303.7 235.9 74.9 40.5
9.333333 0 304.2 235.7 75.0 40.6
9.366667 0 304.7 235.5 75.0 40.6
9.400000 0 305.2 235.2 75.1 40.7
9.433333 0 305.7 235.0 75.2 40.7
9.466667 0 306.2 234.7 75.2 40.8
9.500000 0 306.7 234.5 75.3 40.8
9.533333 0 307.2 234.3 75.4 40.8
9.566667 0 307.7 234.0 75.4 40.9
9.600000 0 308.2 233.8 75.5 40.9
9.633333 0 308.6 233.5 75.5 41.0
9.666667 0 309.1 233.3 75.6 41.0
9.700000 0 309.6 233.1 75.7 41.1
9.733333 0 310.1 232.8 75.7 41.1
9.766667 0 310.6 232.6 75.8 41.2
9.800000 0 311.1 232.3 75.9 41.2
9.833333 0 311.6 232.1 75.9 41.2
9.866667 0 312.1 231.8 76.0 41.3
9.900000 0 312.6 231.6 76.1 41.3
9.933333 0 313.1 231.4 76.1 41.4
9.966667 0 313.6 231.1 76.2 41.4
10.000000 0 314.1 230.9 76.2 41.5
10.033333 0 314.6 230.6 76.3 41.5
10.066667 0 315.1 230.4 76.4 41.6
10.100000 0 315.6 230.2 76.4 41.6
10.133333 0 316.1 229.9 76.5 41.6
10.166667 0 316.5 229.7 76.6 41.7
10.200000 0 317.0 229.4 76.6 41.7
10.233333 0 317.5 229.2 76.7 41.8
10.266667 0 318.0 229.0 76.7 41.8
10.300000 0 318.5 228.7 76.8 41.9
10.333333 0 319.0 228.5 76.9 41.9
10.366667 0 319.5 228.2 76.9 42.0
10.400000 0 320.0 228.0 77.0 42.0
