0.000000 0 346.0 238.0 26.0 26.0
0.033333 0 346.6 237.7 26.0 26.0
0.066667 0 347.1 237.5 26.1 26.1
0.100000 0 347.7 237.2 26.1 26.1
0.133333 0 348.2 237.0 26.1 26.2
0.166667 0 348.8 236.7 26.1 26.2
0.200000 0 349.3 236.4 26.2 26.3
0.233333 0 349.9 236.2 26.2 26.3
0.266667 0 350.4 235.9 26.2 26.3
0.300000 0 351.0 235.7 26.3 26.4
0.333333 0 351.5 235.4 26.3 26.4
0.366667 0 352.1 235.1 26.3 26.5
0.400000 0 352.6 234.9 26.3 26.5
0.433333 0 353.2 234.6 26.4 26.6
0.466667 0 353.7 234.3 26.4 26.6
0.500000 0 354.3 234.1 26.4 26.7
0.533333 0 354.8 233.8 26.5 26.7
0.566667 0 355.4 233.6 26.5 26.7
0.600000 0 355.9 233.3 26.5 26.8
0.633333 0 356.5 233.0 26.6 26.8
0.666667 0 357.0 232.8 26.6 26.9
0.700000 0 357.6 232.5 26.6 26.9
0.733333 0 358.1 232.3 26.6 27.0
0.766667 0 358.7 232.0 26.7 27.0
0.800000 0 359.2 231.7 26.7 27.0
0.833333 0 359.8 231.5 26.7 27.1
0.866667 0 360.3 231.2 26.8 27.1
0.900000 0 360.9 231.0 26.8 27.2
0.933333 0 361.4 230.7 26.8 27.2
0.966667 0 362.0 230.4 26.8 27.3
1.000000 0 362.5 230.2 26.9 27.3
1.033333 0 363.1 229.9 26.9 27.3
1.066667 0 363.6 229.7 26.9 27.4
1.100000 0 364.2 229.4 27.0 27.4
1.133333 0 364.7 229.1 27.0 27.5
1.166667 0 365.3 228.9 27.0 27.5
1.200000 0 365.8 228.6 27.0 27.6
1.233333 0 366.4 228.3 27.1 27.6
1.266667 0 366.9 228.1 27.1 27.7
1.300000 0 367.5 227.8 27.1 27.7
1.333333 0 368.0 227.6 27.2 27.7
1.366667 0 368.6 227.3 27.2 27.8
1.400000 0 369.1 227.0 27.2 27.8
1.433333 0 369.7 226.8 27.2 27.9
1.466667 0 370.2 226.5 27.3 27.9
1.500000 0 370.8 226.3 27.3 28.0
1.533333 0 371.3 226.0 27.3 28.0
1.566667 0 371.9 225.7 27.4 28.0
1.600000 0 372.4 225.5 27.4 28.1
1.633333 0 373.0 225.2 27.4 28.1
1.666667 0 373.5 225.0 27.4 28.2
1.700000 0 374.1 224.7 27.5 28.2
1.733333 0 374.6 224.4 27.5 28.3
1.766667 0 375.2 224.2 27.5 28.3
1.800000 0 375.7 223.9 27.6 28.3
1.833333 0 376.3 223.7 27.6 28.4
1.866667 0 376.8 223.4 27.6 28.4
1.900000 0 377.4 223.1 27.7 28.5
1.933333 0 377.9 222.9 27.7 28.5
1.966667 0 378.5 222.6 27.7 28.6
2.000000 0 379.0 222.3 27.7 28.6
2.033333 0 379.6 222.1 27.8 28.7
2.066667 0 380.1 221.8 27.8 28.7
2.100000 0 380.7 221.6 27.8 28.7
2.133333 0 381.2 221.3 27.9 28.8
2.166667 0 381.8 221.0 27.9 28.8
2.200000 0 382.3 220.8 27.9 28.9
2.233333 0 382.9 220.5 27.9 28.9
2.266667 0 383.4 220.3 28.0 29.0
2.300000 0 384.0 220.0 28.0 29.0
2.333333 0 384.6 219.7 28.0 29.0
2.366667 0 385.1 219.5 28.0 29.1
2.400000 0 385.7 219.2 28.0 29.1
2.433333 0 386.3 219.0 28.0 29.1
2.466667 0 386.8 218.7 27.9 29.2
2.500000 0 387.4 218.5 27.9 29.2
2.533333 0 388.0 218.2 27.9 29.3
2.566667 0 388.5 218.0 27.9 29.3
2.600000 0 389.1 217.7 27.9 29.3
2.633333 0 389.7 217.5 27.9 29.4
2.666667 0 390.2 217.2 27.9 29.4
2.700000 0 390.8 217.0 27.9 29.4
2.733333 0 391.4 216.7 27.8 29.5
2.766667 0 391.9 216.5 27.8 29.5
2.800000 0 392.5 216.2 27.8 29.5
2.833333 0 393.1 216.0 27.8 29.6
2.866667 0 393.6 215.7 27.8 29.6
2.900000 0 394.2 215.4 27.8 29.7
2.933333 0 394.8 215.2 27.8 29.7
2.966667 0 395.3 214.9 27.8 29.7
3.000000 0 395.9 214.7 27.7 29.8
3.033333 0 396.5 214.4 27.7 29.8
3.066667 0 397.0 214.2 27.7 29.8
3.100000 0 397.6 213.9 27.7 29.9
3.133333 0 398.2 213.7 27.7 29.9
3.166667 0 398.7 213.4 27.7 29.9
3.200000 0 399.3 213.2 27.7 30.0
3.233333 0 399.9 212.9 27.7 30.0
3.266667 0 400.4 212.7 27.7 30.0
3.300000 0 401.0 212.4 27.6 30.1
3.333333 0 401.6 212.2 27.6 30.1
3.366667 0 402.1 211.9 27.6 30.2
3.400000 0 402.7 211.7 27.6 30.2
3.433333 0 403.3 211.4 27.6 30.2
3.466667 0 403.8 211.1 27.6 30.3
3.500000 0 404.4 210.9 27.6 30.3
3.533333 0 405.0 210.6 27.6 30.3
3.566667 0 405.5 210.4 27.5 30.4
3.600000 0 406.1 210.1 27.5 30.4
3.633333 0 406.7 209.9 27.5 30.4
3.666667 0 407.2 209.6 27.5 30.5
3.700000 0 407.8 209.4 27.5 30.5
3.733333 0 408.3 209.1 27.5 30.6
3.766667 0 408.9 208.9 27.5 30.6
3.800000 0 409.5 208.6 27.5 30.6
3.833333 0 410.0 208.4 27.4 30.7
3.866667 0 410.6 208.1 27.4 30.7
3.900000 0 411.2 207.9 27.4 30.7
3.933333 0 411.7 207.6 27.4 30.8
3.966667 0 412.3 207.3 27.4 30.8
4.000000 0 412.9 207.1 27.4 30.8
4.033333 0 413.4 206.8 27.4 30.9
4.066667 0 414.0 206.6 27.4 30.9
4.100000 0 414.6 206.3 27.3 31.0
4.133333 0 415.1 206.1 27.3 31.0
4.166667 0 415.7 205.8 27.3 31.0
4.200000 0 416.3 205.6 27.3 31.1
4.233333 0 416.8 205.3 27.3 31.1
4.266667 0 417.4 205.1 27.3 31.1
4.300000 0 418.0 204.8 27.3 31.2
4.333333 0 418.5 204.6 27.3 31.2
4.366667 0 419.1 204.3 27.3 31.2
4.400000 0 419.7 204.1 27.2 31.3
4.433333 0 420.2 203.8 27.2 31.3
4.466667 0 420.8 203.6 27.2 31.3
4.500000 0 421.4 203.3 27.2 31.4
4.533333 0 421.9 203.0 27.2 31.4
4.566667 0 422.5 202.8 27.2 31.5
4.600000 0 423.1 202.5 27.2 31.5
4.633333 0 423.6 202.3 27.2 31.5
4.666667 0 424.2 202.0 27.1 31.6
4.700000 0 424.8 201.8 27.1 31.6
4.733333 0 425.3 201.5 27.1 31.6
4.766667 0 425.9 201.3 27.1 31.7
4.800000 0 426.5 201.0 27.1 31.7
4.833333 0 427.0 200.8 27.1 31.7
4.866667 0 427.6 200.5 27.1 31.8
4.900000 0 428.2 200.3 27.1 31.8
4.933333 0 428.7 200.0 27.0 31.9
4.966667 0 429.3 199.8 27.0 31.9
5.000000 0 429.9 199.5 27.0 31.9
5.033333 0 430.4 199.3 27.0 32.0
5.066667 0 431.0 199.0 27.0 32.0
5.100000 0 431.6 198.8 26.9 31.8
5.133333 0 432.2 198.7 26.8 31.6
5.166667 0 432.8 198.5 26.7 31.5
5.200000 0 433.4 198.4 26.6 31.3
5.233333 0 434.0 198.2 26.6 31.1
5.266667 0 434.6 198.1 26.5 30.9
5.300000 0 435.2 197.9 26.4 30.8
5.333333 0 435.8 197.7 26.3 30.6
5.366667 0 436.4 197.6 26.2 30.4
5.400000 0 437.0 197.4 26.1 30.2
5.433333 0 437.6 197.3 26.0 30.1
5.466667 0 438.2 197.1 25.9 29.9
5.500000 0 438.8 196.9 25.9 29.7
5.533333 0 439.4 196.8 25.8 29.5
5.566667 0 439.9 196.6 25.7 29.4
5.600000 0 440.5 196.5 25.6 29.2
5.633333 0 441.1 196.3 25.5 29.0
5.666667 0 441.7 196.2 25.4 28.8
5.700000 0 442.3 196.0 25.3 28.7
5.733333 0 442.9 195.8 25.2 28.5
5.766667 0 443.5 195.7 25.2 28.3
5.800000 0 444.1 195.5 25.1 28.1
5.833333 0 444.7 195.4 25.0 28.0
5.866667 0 445.3 195.2 24.9 27.8
5.900000 0 445.9 195.1 24.8 27.6
5.933333 0 446.5 194.9 24.7 27.4
5.966667 0 447.1 194.7 24.6 27.3
6.000000 0 447.7 194.6 24.5 27.1
6.033333 0 448.3 194.4 24.5 26.9
6.066667 0 448.9 194.3 24.4 26.7
6.100000 0 449.5 194.1 24.3 26.6
6.133333 0 450.1 193.9 24.2 26.4
6.166667 0 450.7 193.8 24.1 26.2
6.200000 0 451.3 193.6 24.0 26.0
6.233333 0 451.9 193.5 23.9 25.9
6.266667 0 452.5 193.3 23.8 25.7
6.300000 0 453.1 193.2 23.8 25.5
6.333333 0 453.7 193.0 23.7 25.3
6.366667 0 454.3 192.8 23.6 25.2
6.400000 0 454.9 192.7 23.5 25.0
6.433333 0 455.5 192.5 23.4 24.8
6.466667 0 456.1 192.4 23.3 24.6
6.500000 0 456.6 192.2 23.2 24.5
6.533333 0 457.2 192.1 23.1 24.3
6.566667 0 457.8 191.9 23.1 24.1
6.600000 0 458.4 191.7 23.0 23.9
6.633333 0 459.0 191.6 22.9 23.8
6.666667 0 459.6 191.4 22.8 23.6
6.700000 0 460.2 191.3 22.7 23.4
6.733333 0 460.8 191.1 22.6 23.2
6.766667 0 461.4 190.9 22.5 23.1
6.800000 0 462.0 190.8 22.4 22.9
6.833333 0 462.6 190.6 22.4 22.7
6.866667 0 463.2 190.5 22.3 22.5
6.900000 0 463.8 190.3 22.2 22.4
6.933333 0 464.4 190.2 22.1 22.2
6.966667 0 465.0 190.0 22.0 22.0
7.000000 0 465.6 189.7 22.0 22.1
7.033333 0 466.1 189.4 22.0 22.1
7.066667 0 466.7 189.1 22.0 22.2
7.100000 0 467.3 188.9 22.0 22.3
7.133333 0 467.8 188.6 22.0 22.3
7.166667 0 468.4 188.3 22.1 22.4
7.200000 0 469.0 188.0 22.1 22.5
7.233333 0 469.5 187.7 22.1 22.6
7.266667 0 470.1 187.4 22.1 22.6
7.300000 0 470.6 187.1 22.1 22.7
7.333333 0 471.2 186.8 22.1 22.8
7.366667 0 471.8 186.6 22.1 22.8
7.400000 0 472.3 186.3 22.1 22.9
7.433333 0 472.9 186.0 22.1 23.0
7.466667 0 473.5 185.7 22.1 23.0
7.500000 0 474.0 185.4 22.2 23.1
7.533333 0 474.6 185.1 22.2 23.2
7.566667 0 475.2 184.8 22.2 23.2
7.600000 0 475.7 184.5 22.2 23.3
7.633333 0 476.3 184.3 22.2 23.4
7.666667 0 476.9 184.0 22.2 23.5
7.700000 0 477.4 183.7 22.2 23.5
7.733333 0 478.0 183.4 22.2 23.6
7.766667 0 478.5 183.1 22.2 23.7
7.800000 0 479.1 182.8 22.2 23.7
7.833333 0 479.7 182.5 22.3 23.8
7.866667 0 480.2 182.2 22.3 23.9
7.900000 0 480.8 182.0 22.3 23.9
7.933333 0 481.4 181.7 22.3 24.0
7.966667 0 481.9 181.4 22.3 24.1
8.000000 0 482.5 181.1 22.3 24.1
8.033333 0 483.1 180.8 22.3 24.2
8.066667 0 483.6 180.5 22.3 24.3
8.100000 0 484.2 180.2 22.3 24.4
8.133333 0 484.8 180.0 22.3 24.4
8.166667 0 485.3 179.7 22.4 24.5
8.200000 0 485.9 179.4 22.4 24.6
8.233333 0 486.4 179.1 22.4 24.6
8.266667 0 487.0 178.8 22.4 24.7
8.300000 0 487.6 178.5 22.4 24.8
8.333333 0 488.1 178.2 22.4 24.8
8.366667 0 488.7 177.9 22.4 24.9
8.400000 0 489.3 177.7 22.4 25.0
8.433333 0 489.8 177.4 22.4 25.0
8.466667 0 490.4 177.1 22.4 25.1
8.500000 0 491.0 176.8 22.5 25.2
8.533333 0 491.5 176.5 22.5 25.3
8.566667 0 492.1 176.2 22.5 25.3
8.600000 0 492.7 175.9 22.5 25.4
8.633333 0 493.2 175.6 22.5 25.5
8.666667 0 493.8 175.4 22.5 25.5
8.700000 0 494.3 175.1 22.5 25.6
8.733333 0 494.9 174.8 22.5 25.7
8.766667 0 495.5 174.5 22.5 25.7
8.800000 0 496.0 174.2 22.5 25.8
8.833333 0 496.6 173.9 22.6 25.9
8.866667 0 497.2 173.6 22.6 26.0
8.900000 0 497.7 173.3 22.6 26.0
8.933333 0 498.3 173.1 22.6 26.1
8.966667 0 498.9 172.8 22.6 26.2
9.000000 0 499.4 172.5 22.6 26.2
9.033333 0 500.0 172.2 22.6 26.3
9.066667 0 500.6 171.9 22.6 26.4
9.100000 0 501.1 171.6 22.6 26.4
9.133333 0 501.7 171.3 22.6 26.5
9.166667 0 502.2 171.0 22.7 26.6
9.200000 0 502.8 170.8 22.7 26.6
9.233333 0 503.4 170.5 22.7 26.7
9.266667 0 503.9 170.2 22.7 26.8
9.300000 0 504.5 169.9 22.7 26.9
9.333333 0 505.1 169.6 22.7 26.9
9.366667 0 505.6 169.3 22.7 27.0
9.400000 0 506.2 169.0 22.7 27.1
9.433333 0 506.8 168.8 22.7 27.1
9.466667 0 507.3 168.5 22.7 27.2
9.500000 0 507.9 168.2 22.8 27.3
9.533333 0 508.5 167.9 22.8 27.3
9.566667 0 509.0 167.6 22.8 27.4
9.600000 0 509.6 167.3 22.8 27.5
9.633333 0 510.1 167.0 22.8 27.5
9.666667 0 510.7 166.7 22.8 27.6
9.700000 0 511.3 166.5 22.8 27.7
9.733333 0 511.8 166.2 22.8 27.8
9.766667 0 512.4 165.9 22.8 27.8
9.800000 0 513.0 165.6 22.8 27.9
9.833333 0 513.5 165.3 22.9 28.0
9.866667 0 514.1 165.0 22.9 28.0
9.900000 0 514.7 164.7 22.9 28.1
9.933333 0 515.2 164.4 22.9 28.2
9.966667 0 515.8 164.2 22.9 28.2
10.000000 0 516.4 163.9 22.9 28.3
10.033333 0 516.9 163.6 22.9 28.4
10.066667 0 517.5 163.3 22.9 28.4
10.100000 0 518.0 163.0 22.9 28.5
10.133333 0 518.6 162.7 22.9 28.6
10.166667 0 519.2 162.4 23.0 28.7
10.200000 0 519.7 162.1 23.0 28.7
10.233333 0 520.3 161.9 23.0 28.8
10.266667 0 520.9 161.6 23.0 28.9
10.300000 0 521.4 161.3 23.0 28.9
10.333333 0 522.0 161.0 23.0 29.0
