0.000000 0 382.0 234.0 68.0 33.0
0.033333 0 383.8 233.9 68.0 33.1
0.066667 0 378.4 235.2 68.0 33.0
0.100000 0 374.8 234.9 68.2 33.1
0.133333 0 371.2 235.4 68.4 33.5
0.166667 0 367.2 236.8 68.9 33.6
0.200000 0 364.0 236.3 68.5 33.4
0.233333 0 365.6 236.6 68.7 33.5
0.266667 0 360.4 237.0 69.0 33.5
0.300000 0 356.6 238.8 68.7 33.4
0.333333 0 353.4 238.2 68.9 33.6
0.366667 0 349.7 238.5 68.8 33.5
0.400000 0 346.1 240.0 68.9 33.5
0.433333 0 348.0 239.2 68.7 33.4
0.466667 0 342.8 239.8 68.9 33.5
0.500000 0 339.3 240.0 69.5 33.8
0.533333 0 335.6 241.4 69.3 33.8
0.566667 0 332.1 241.5 69.4 33.7
0.600000 0 328.7 241.7 69.5 33.8
0.633333 0 330.3 241.3 69.7 34.0
0.666667 0 324.9 242.4 69.7 33.9
0.700000 0 321.3 242.5 69.6 33.8
0.733333 0 318.2 242.7 69.4 33.7
0.766667 0 315.2 243.0 69.4 33.7
0.800000 0 311.7 243.5 69.5 33.8
0.833333 0 313.4 243.5 69.4 34.0
0.866667 0 308.8 243.5 69.7 34.0
0.900000 0 305.7 243.1 69.7 33.9
0.933333 0 302.6 244.2 70.0 34.3
0.966667 0 300.0 244.0 70.0 34.1
1.000000 0 297.1 243.8 69.9 33.9
1.033333 0 298.4 243.4 70.1 34.2
1.066667 0 295.1 244.9 70.2 34.1
1.100000 0 292.2 244.0 70.2 34.3
1.133333 0 289.7 243.9 70.5 34.3
1.166667 0 288.1 244.3 70.4 34.5
1.200000 0 287.8 243.8 70.7 34.5
1.233333 0 288.8 242.9 70.4 34.3
1.266667 0 287.7 244.5 70.7 34.6
1.300000 0 286.2 244.5 70.8 34.6
1.333333 0 284.9 243.7 71.0 34.6
1.366667 0 284.5 243.7 70.7 34.5
1.400000 0 283.7 243.9 70.7 34.6
1.433333 0 284.1 243.7 70.8 34.7
1.466667 0 282.9 243.0 70.8 34.6
1.500000 0 282.2 243.8 71.0 34.8
1.533333 0 280.9 243.4 71.1 34.9
1.566667 0 281.9 242.6 71.0 34.8
1.600000 0 281.0 243.5 71.1 35.0
1.633333 0 281.6 243.6 71.1 34.9
1.666667 0 279.7 242.9 71.3 35.0
1.700000 0 279.2 242.3 71.3 34.9
1.733333 0 279.4 242.5 71.4 35.1
1.766667 0 278.9 242.6 71.4 35.1
1.800000 0 280.1 241.9 71.3 35.0
1.833333 0 279.2 242.5 71.3 34.8
1.866667 0 280.7 242.5 71.7 35.2
1.900000 0 280.4 242.3 71.4 34.8
1.933333 0 281.1 241.1 71.4 35.0
1.966667 0 281.3 241.8 71.5 35.1
2.000000 0 280.9 241.7 71.7 35.1
2.033333 0 281.1 241.4 71.9 35.4
2.066667 0 282.0 240.4 71.8 35.1
2.100000 0 282.6 241.4 71.6 35.1
2.133333 0 282.6 241.2 71.6 35.0
2.166667 0 282.4 240.5 72.0 35.3
2.200000 0 283.0 240.7 71.8 35.0
2.233333 0 283.3 239.9 71.8 35.0
2.266667 0 282.3 240.7 71.7 35.0
2.300000 0 282.2 240.2 71.9 35.1
2.333333 0 283.6 240.0 71.9 34.9
2.366667 0 282.2 240.3 72.4 35.3
2.400000 0 281.6 240.4 72.1 35.2
2.433333 0 281.6 240.4 72.2 35.2
2.466667 0 281.7 239.8 71.9 34.9
2.500000 0 280.7 240.0 72.0 35.0
2.533333 0 279.6 240.1 72.1 35.1
2.566667 0 280.3 239.0 72.4 35.3
2.600000 0 279.3 239.9 72.4 35.4
2.633333 0 279.9 240.0 72.3 35.3
2.666667 0 279.3 240.4 72.4 35.3
2.700000 0 278.6 239.1 72.2 35.1
2.733333 0 276.8 239.7 72.4 35.2
2.766667 0 275.4 240.0 72.6 35.3
2.800000 0 275.3 238.7 72.1 35.0
2.833333 0 275.2 239.3 72.4 35.2
2.866667 0 273.7 239.2 72.5 35.3
2.900000 0 272.7 239.8 72.5 35.2
2.933333 0 272.0 238.7 72.3 35.2
2.966667 0 271.1 239.4 72.4 35.2
3.000000 0 269.4 239.6 72.6 35.4
3.033333 0 270.1 239.4 72.7 35.4
3.066667 0 268.6 238.6 72.7 35.4
3.100000 0 267.3 239.1 72.7 35.4
3.133333 0 266.5 239.7 72.4 35.3
3.166667 0 266.5 238.8 72.4 35.2
3.200000 0 265.1 239.5 72.6 35.6
3.233333 0 265.8 239.3 72.5 35.6
3.266667 0 263.9 239.5 72.9 35.6
3.300000 0 261.8 238.6 73.1 35.9
3.333333 0 260.5 238.9 73.2 36.1
3.366667 0 258.8 239.4 73.3 36.1
3.400000 0 257.8 239.0 72.9 35.9
3.433333 0 258.2 239.5 72.9 35.9
3.466667 0 256.4 239.1 73.2 36.1
3.500000 0 254.7 239.7 73.2 36.0
3.533333 0 253.2 239.2 73.4 36.3
3.566667 0 253.6 239.0 73.1 36.2
3.600000 0 252.8 240.0 73.2 36.2
3.633333 0 253.2 239.7 73.2 36.0
3.666667 0 251.1 239.7 73.4 36.3
3.700000 0 249.5 239.0 73.3 36.3
3.733333 0 247.7 239.6 73.6 36.4
3.766667 0 246.2 240.1 73.6 36.5
3.800000 0 245.1 239.2 73.4 36.4
3.833333 0 245.9 239.5 73.3 36.4
3.866667 0 243.6 239.8 73.3 36.3
3.900000 0 241.6 240.6 73.4 36.4
3.933333 0 240.3 239.8 73.6 36.6
3.966667 0 239.3 239.8 73.8 36.5
4.000000 0 238.3 240.7 73.9 36.6
4.033333 0 239.6 239.9 73.5 36.6
4.066667 0 236.6 240.5 73.8 36.7
4.100000 0 235.1 240.3 73.7 36.6
4.133333 0 232.9 241.1 73.9 36.9
4.166667 0 231.5 240.7 73.5 36.6
4.200000 0 231.5 240.9 73.5 36.7
4.233333 0 230.8 241.0 73.9 36.9
4.266667 0 230.7 241.4 73.8 36.8
4.300000 0 228.3 241.9 73.9 36.9
4.333333 0 226.9 241.7 73.8 36.8
4.366667 0 225.2 241.8 74.1 37.1
4.400000 0 223.7 241.8 74.0 37.0
4.433333 0 224.7 242.0 73.8 37.0
4.466667 0 222.8 242.5 73.8 37.0
4.500000 0 222.2 241.7 73.8 37.1
4.533333 0 220.9 242.7 74.2 37.2
4.566667 0 220.1 243.1 74.3 37.3
4.600000 0 220.2 242.7 73.9 37.3
4.633333 0 220.5 243.0 74.0 37.3
4.666667 0 218.9 244.1 73.9 37.2
4.700000 0 216.6 244.6 74.4 37.3
4.733333 0 216.4 243.7 73.8 37.0
4.766667 0 214.8 244.5 74.0 37.1
4.800000 0 213.2 245.3 74.3 37.3
4.833333 0 214.0 244.6 74.2 37.2
4.866667 0 212.4 245.1 74.3 37.3
4.900000 0 211.0 245.1 74.5 37.5
4.933333 0 209.2 245.9 74.6 37.6
4.966667 0 209.7 245.7 74.1 37.1
5.000000 0 209.8 246.5 74.2 37.3
5.033333 0 210.2 245.7 74.0 37.3
5.066667 0 209.5 247.6 74.3 37.5
5.100000 0 209.1 246.7 74.5 37.5
5.133333 0 207.7 246.9 74.9 37.7
5.166667 0 206.7 247.8 74.6 37.8
5.200000 0 206.9 247.8 74.9 37.8
5.233333 0 206.4 248.6 74.9 37.8
5.266667 0 208.2 248.3 74.8 37.7
5.300000 0 208.4 249.8 74.6 37.5
5.333333 0 208.3 249.2 74.7 37.6
5.366667 0 209.7 249.2 74.6 37.6
5.400000 0 212.6 249.8 74.5 37.4
5.433333 0 211.0 249.5 74.5 37.5
5.466667 0 214.8 250.7 74.7 37.7
5.500000 0 218.4 250.3 74.7 37.5
5.533333 0 221.9 251.2 74.2 37.3
5.566667 0 224.2 251.3 74.8 37.6
5.600000 0 227.3 251.2 74.6 37.6
5.633333 0 226.0 250.7 74.4 37.5
5.666667 0 230.8 251.5 74.4 37.4
5.700000 0 232.5 252.5 74.5 37.6
5.733333 0 234.2 252.5 74.6 37.7
5.766667 0 237.0 252.3 74.3 37.5
5.800000 0 238.5 253.6 74.3 37.4
5.833333 0 237.9 252.6 74.4 37.5
5.866667 0 239.7 253.5 74.3 37.7
5.900000 0 242.6 253.0 74.5 37.6
5.933333 0 244.2 254.3 74.6 37.7
5.966667 0 245.1 254.6 74.4 37.7
6.000000 0 246.7 254.5 74.2 37.3
6.033333 0 245.6 254.6 74.5 37.6
6.066667 0 248.8 254.9 74.7 37.8
6.100000 0 249.5 255.1 74.7 37.9
6.133333 0 251.5 255.5 74.5 37.7
6.166667 0 253.6 255.5 74.4 37.7
6.200000 0 254.2 255.9 74.6 37.9
6.233333 0 253.8 256.2 74.5 37.8
6.266667 0 254.4 256.5 74.8 38.0
6.300000 0 255.2 256.2 74.5 37.7
6.333333 0 255.2 256.7 74.5 37.7
6.366667 0 255.1 257.7 74.7 37.9
6.400000 0 255.9 256.9 74.5 38.1
6.433333 0 255.5 257.2 74.6 37.9
6.466667 0 256.5 257.2 74.6 37.9
6.500000 0 257.0 258.8 74.6 38.1
6.533333 0 258.1 258.1 74.5 38.0
6.566667 0 257.9 258.7 74.3 38.0
6.600000 0 257.3 259.5 74.5 38.1
6.633333 0 257.7 258.8 74.2 38.0
6.666667 0 258.0 258.8 74.4 38.1
6.700000 0 257.9 259.0 74.6 38.2
6.733333 0 257.8 260.7 74.4 38.1
6.766667 0 258.2 260.1 74.2 38.2
6.800000 0 257.8 260.3 74.3 38.2
6.833333 0 258.2 260.2 74.2 38.1
6.866667 0 257.4 261.6 74.2 38.2
6.900000 0 257.4 261.5 74.1 38.2
6.933333 0 256.5 261.2 74.4 38.4
6.966667 0 258.0 262.3 74.2 38.2
7.000000 0 258.6 262.5 74.7 38.7
7.033333 0 258.3 262.7 74.3 38.4
7.066667 0 259.3 262.7 74.3 38.4
7.100000 0 258.2 263.7 74.7 38.6
7.133333 0 258.1 263.7 74.6 38.8
7.166667 0 258.1 263.7 74.6 38.8
7.200000 0 257.6 264.1 74.6 38.8
7.233333 0 258.2 263.8 74.2 38.4
7.266667 0 257.6 264.7 74.1 38.5
7.300000 0 257.4 264.5 74.4 38.8
7.333333 0 256.4 265.2 74.6 38.8
7.366667 0 255.4 266.0 74.7 39.0
7.400000 0 255.2 265.3 74.4 38.7
7.433333 0 255.5 265.3 74.4 38.8
7.466667 0 254.1 266.6 74.3 38.7
7.500000 0 252.5 266.7 74.5 38.8
7.533333 0 251.4 266.6 74.3 38.8
7.566667 0 249.1 267.6 74.3 38.6
7.600000 0 245.8 267.8 74.4 38.7
7.633333 0 247.4 267.9 74.5 39.0
7.666667 0 243.1 267.4 74.2 38.7
7.700000 0 239.5 268.5 74.4 38.8
7.733333 0 234.9 269.2 74.4 38.7
7.766667 0 231.0 269.0 74.3 38.8
7.800000 0 226.5 269.5 74.4 38.7
7.833333 0 228.8 269.6 74.2 38.6
7.866667 0 221.4 270.6 74.7 38.8
7.900000 0 218.0 269.5 74.3 38.8
7.933333 0 214.0 271.0 74.3 38.7
7.966667 0 209.4 271.0 74.6 38.9
8.000000 0 206.4 271.1 74.1 38.7
8.033333 0 207.9 271.0 74.3 38.8
8.066667 0 202.6 272.1 74.3 38.7
8.100000 0 201.0 271.9 74.2 38.7
8.133333 0 201.0 273.1 74.2 38.7
8.166667 0 200.8 273.8 73.9 38.5
8.200000 0 199.1 272.8 74.2 38.6
8.233333 0 199.6 273.2 74.2 38.7
8.266667 0 198.6 273.3 74.2 38.6
8.300000 0 197.9 275.1 73.8 38.2
8.333333 0 196.7 274.7 74.0 38.3
8.366667 0 195.0 274.6 74.0 38.2
8.400000 0 193.6 276.0 73.9 38.3
8.433333 0 194.4 275.2 73.8 38.1
8.466667 0 193.3 275.5 73.7 38.2
8.500000 0 193.5 276.1 73.5 38.0
8.533333 0 192.1 277.0 73.7 38.2
8.566667 0 191.7 276.7 73.6 37.9
8.600000 0 191.6 277.1 73.7 38.2
8.633333 0 191.7 277.0 73.5 37.8
8.666667 0 190.8 278.4 73.6 38.1
8.700000 0 191.8 277.9 73.5 38.0
8.733333 0 192.2 278.8 73.7 38.3
8.766667 0 192.3 279.4 73.5 38.0
8.800000 0 194.5 279.5 73.4 38.0
8.833333 0 193.1 279.5 73.2 37.8
8.866667 0 196.8 280.0 73.2 37.9
8.900000 0 198.1 280.6 73.5 38.0
8.933333 0 201.6 280.5 73.2 37.9
8.966667 0 205.7 281.2 73.0 37.7
9.000000 0 209.5 281.6 73.2 37.7
9.033333 0 208.2 281.4 72.8 37.5
9.066667 0 213.5 282.2 72.9 37.5
9.100000 0 218.3 282.3 72.6 37.4
9.133333 0 221.9 282.9 72.8 37.5
9.166667 0 225.1 283.5 72.6 37.3
9.200000 0 228.3 283.9 72.6 37.4
9.233333 0 227.2 283.6 72.1 37.2
9.266667 0 229.8 284.0 72.4 37.4
9.300000 0 230.7 285.0 72.6 37.5
9.333333 0 232.4 285.0 72.2 37.2
9.366667 0 234.3 285.0 72.2 37.2
9.400000 0 234.8 286.3 72.2 37.2
9.433333 0 234.4 286.0 72.2 37.1
9.466667 0 237.3 285.8 72.3 37.4
9.500000 0 237.5 286.1 72.6 37.5
9.533333 0 237.6 287.0 72.5 37.3
9.566667 0 238.6 287.3 72.4 37.5
9.600000 0 238.9 287.1 72.1 37.1
9.633333 0 238.3 287.2 72.6 37.4
9.666667 0 239.0 288.4 72.1 37.1
9.700000 0 239.7 288.1 72.3 37.5
9.733333 0 240.1 288.1 71.9 37.2
9.766667 0 239.9 289.5 71.7 36.9
9.800000 0 240.3 289.5 71.8 37.2
9.833333 0 240.4 289.4 71.8 37.1
9.866667 0 240.4 289.2 71.7 37.1
9.900000 0 241.6 290.0 71.8 37.0
9.933333 0 242.6 290.9 71.5 37.1
9.966667 0 243.7 290.5 71.4 36.9
10.000000 0 243.7 292.0 71.0 36.7
10.033333 0 243.8 291.2 71.3 36.9
10.066667 0 243.4 291.2 71.3 37.0
10.100000 0 243.8 291.8 70.9 36.7
10.133333 0 243.2 292.6 71.4 37.0
10.166667 0 243.2 292.6 71.4 37.0
10.200000 0 243.9 292.7 70.9 36.8
10.233333 0 243.7 293.0 71.2 37.0
10.266667 0 244.3 293.7 70.9 36.6
10.300000 0 245.3 293.8 71.0 36.6
10.333333 0 246.2 294.3 70.6 36.5
10.366667 0 246.7 295.3 70.7 36.3
10.400000 0 245.8 294.9 70.5 36.5
10.433333 0 246.5 295.5 70.2 36.0
10.466667 0 246.3 295.6 70.5 36.4
10.500000 0 247.0 295.7 70.3 36.5
10.533333 0 248.3 296.5 69.8 35.9
10.566667 0 249.1 296.9 69.9 36.1
10.600000 0 250.6 297.4 70.1 36.4
10.633333 0 250.3 296.8 69.9 36.2
10.666667 0 250.1 297.7 70.3 36.3
10.700000 0 250.1 297.8 70.3 36.3
10.733333 0 250.9 297.8 70.1 36.3
10.766667 0 251.1 298.3 69.8 36.1
10.800000 0 251.5 299.1 70.0 36.2
10.833333 0 251.2 298.4 69.7 36.1
10.866667 0 253.2 298.9 69.5 36.0
