0.033333 0 331.2 170.8 52.6 31.9
0.066667 0 330.9 170.6 52.5 31.9
0.100000 0 330.6 170.4 52.4 31.8
0.133333 0 330.2 170.1 52.5 31.8
0.166667 0 329.8 169.8 52.7 32.0
0.200000 0 329.2 169.6 52.5 31.9
0.233333 0 328.9 169.4 52.4 31.7
0.266667 0 328.5 169.5 52.3 31.6
0.300000 0 328.1 169.5 52.4 31.7
0.333333 0 327.7 169.3 52.4 31.7
0.366667 0 327.3 169.3 52.4 31.7
0.400000 0 326.9 169.4 52.4 31.7
0.433333 0 326.4 169.6 52.4 31.6
0.466667 0 325.7 169.6 52.5 31.8
0.500000 0 325.0 169.6 52.5 31.7
0.533333 0 324.3 169.8 52.5 31.7
0.566667 0 323.6 169.9 52.7 31.9
0.600000 0 323.2 169.9 52.7 31.8
0.633333 0 322.7 170.3 52.4 31.7
0.666667 0 322.2 170.4 52.4 31.7
0.700000 0 321.7 170.5 52.4 31.6
0.733333 0 321.2 170.6 52.5 31.7
0.766667 0 320.6 170.8 52.6 31.8
0.800000 0 320.0 171.1 52.6 31.8
0.833333 0 319.3 171.1 52.6 31.8
0.866667 0 318.7 171.4 52.4 31.7
0.900000 0 318.1 171.6 52.5 31.7
0.933333 0 317.4 171.7 52.6 31.8
0.966667 0 316.5 171.8 52.8 31.9
1.000000 0 316.0 172.1 52.7 31.8
1.033333 0 315.4 172.3 52.5 31.8
1.066667 0 314.8 172.4 52.5 31.7
1.100000 0 314.0 172.8 52.7 31.9
1.133333 0 313.3 172.8 52.8 31.9
1.166667 0 312.8 173.2 52.6 31.8
1.200000 0 312.2 173.1 52.7 31.8
1.233333 0 311.7 173.5 52.4 31.7
1.266667 0 311.3 173.5 52.5 31.7
1.300000 0 310.8 173.6 52.6 31.8
1.333333 0 310.4 173.7 52.5 31.7
1.366667 0 310.1 173.7 52.5 31.7
1.400000 0 309.7 173.6 52.6 31.9
1.433333 0 309.4 173.7 52.5 31.7
1.466667 0 309.1 173.7 52.5 31.7
1.500000 0 308.7 173.6 52.5 31.7
1.533333 0 308.2 173.6 52.5 31.7
1.566667 0 307.9 173.6 52.5 31.8
1.600000 0 307.5 173.7 52.5 31.7
1.633333 0 307.2 173.7 52.5 31.7
1.666667 0 306.8 173.8 52.9 32.0
1.700000 0 306.6 174.0 52.8 32.0
1.733333 0 306.4 174.1 52.6 31.8
1.766667 0 306.6 174.6 52.4 31.7
1.800000 0 306.5 174.6 52.5 31.8
1.833333 0 306.4 174.7 52.7 31.9
1.866667 0 306.7 174.7 52.8 32.0
1.900000 0 306.9 174.8 52.7 31.9
1.933333 0 307.3 174.8 52.6 31.8
1.966667 0 307.6 174.7 52.8 32.0
2.000000 0 307.7 174.7 52.8 32.0
2.033333 0 308.2 174.8 52.8 31.9
2.066667 0 308.5 174.7 52.9 32.1
2.100000 0 308.9 174.8 52.9 32.0
2.133333 0 309.7 175.4 52.4 31.6
2.166667 0 310.1 175.7 52.6 31.8
2.200000 0 310.4 175.8 52.9 32.1
2.233333 0 311.3 176.6 52.4 31.7
2.266667 0 311.5 176.6 52.8 32.0
2.300000 0 311.9 176.9 52.9 32.1
2.333333 0 312.9 177.5 52.5 31.8
2.366667 0 313.1 177.7 52.7 31.9
2.400000 0 314.0 178.3 52.5 31.8
2.433333 0 314.9 179.0 52.9 32.0
2.466667 0 315.4 179.4 52.4 31.6
2.500000 0 316.2 179.8 52.9 32.0
2.533333 0 317.3 180.7 52.8 32.0
2.566667 0 317.7 181.0 52.8 32.0
2.600000 0 318.5 181.7 53.0 32.2
2.633333 0 319.6 182.9 52.9 32.1
2.666667 0 320.0 183.4 52.4 31.7
2.700000 0 320.4 183.8 52.9 32.1
2.733333 0 321.1 184.7 52.5 31.8
2.766667 0 321.6 185.3 52.5 31.8
2.800000 0 321.9 186.0 52.8 32.0
2.833333 0 322.1 186.6 52.5 31.7
2.866667 0 322.2 187.3 52.5 31.7
2.900000 0 322.6 187.5 52.4 31.7
2.933333 0 322.4 188.0 52.8 32.0
2.966667 0 322.7 188.5 52.7 32.0
3.000000 0 322.6 189.0 52.8 32.0
3.033333 0 322.7 189.7 53.0 32.2
3.066667 0 323.1 190.4 52.4 31.7
3.100000 0 323.1 191.0 52.8 31.9
3.133333 0 323.2 191.7 52.6 31.9
3.166667 0 323.5 192.6 52.6 31.9
3.200000 0 323.7 193.3 52.5 31.8
3.233333 0 323.5 193.8 53.0 32.2
3.266667 0 323.8 194.6 52.7 32.0
3.300000 0 324.1 195.5 52.4 31.7
3.333333 0 323.8 195.8 53.0 32.1
3.366667 0 323.9 196.5 52.5 31.8
3.400000 0 323.8 197.1 52.7 31.9
3.433333 0 323.7 197.6 52.8 32.0
3.466667 0 323.8 198.1 52.7 31.9
3.500000 0 324.1 198.6 52.5 31.8
3.533333 0 324.3 199.4 52.4 31.7
3.566667 0 324.6 200.5 52.3 31.6
3.600000 0 325.0 201.2 52.5 31.7
3.633333 0 325.3 201.9 52.9 32.0
3.666667 0 325.7 202.9 52.9 32.1
3.700000 0 326.1 203.8 52.9 32.0
3.733333 0 326.5 204.6 52.8 32.0
3.766667 0 326.9 205.6 52.6 31.9
3.800000 0 327.2 206.3 52.5 31.7
3.833333 0 327.4 207.1 52.7 31.9
3.866667 0 327.7 207.3 52.5 31.8
3.900000 0 327.9 207.5 52.5 31.7
3.933333 0 328.0 207.6 52.6 31.8
3.966667 0 327.9 207.8 52.9 32.0
4.000000 0 328.0 207.8 52.9 32.0
4.033333 0 328.3 208.3 52.5 31.8
4.066667 0 328.1 208.0 52.9 32.0
4.100000 0 328.1 208.0 52.8 32.0
4.133333 0 328.0 207.8 53.0 32.0
4.166667 0 328.0 207.9 53.0 32.0
4.200000 0 328.1 208.0 53.0 32.0
4.233333 0 328.1 208.0 52.9 32.0
4.266667 0 328.0 207.7 52.9 32.0
4.300000 0 327.8 207.7 52.9 32.0
4.333333 0 327.4 207.7 53.2 32.3
4.366667 0 327.2 207.9 53.0 32.1
4.400000 0 326.8 207.9 53.0 32.1
4.433333 0 326.6 208.4 52.7 31.9
4.466667 0 326.3 208.3 52.6 31.8
4.500000 0 325.9 208.2 52.7 31.9
4.533333 0 325.6 208.0 52.9 32.1
4.566667 0 325.3 207.9 53.1 32.2
4.600000 0 325.2 207.6 53.2 32.3
4.633333 0 325.1 207.7 53.2 32.3
4.666667 0 325.2 208.1 52.9 32.0
4.700000 0 325.3 208.5 52.6 31.9
4.733333 0 324.9 208.8 53.1 32.2
4.766667 0 325.1 209.3 52.7 31.9
4.800000 0 324.9 209.6 52.9 32.0
4.833333 0 324.7 209.7 53.2 32.3
4.866667 0 324.8 209.8 53.1 32.2
4.900000 0 324.6 210.5 53.1 32.3
4.933333 0 324.8 210.9 53.0 32.1
4.966667 0 324.7 211.6 53.0 32.2
5.000000 0 324.9 212.5 52.8 32.0
5.033333 0 325.1 213.3 52.7 31.8
5.066667 0 325.0 214.0 53.0 32.0
5.100000 0 313.9 210.2 74.4 45.4
5.133333 0 313.6 210.7 75.1 45.8
5.166667 0 313.5 211.0 75.9 46.8
5.200000 0 314.1 211.8 75.5 46.7
5.233333 0 314.3 213.3 75.4 46.3
5.266667 0 314.5 213.3 76.2 47.3
5.300000 0 314.9 214.4 75.9 47.1
5.333333 0 315.3 214.7 76.1 47.2
5.366667 0 314.6 213.7 78.3 49.9
5.400000 0 315.6 214.9 76.7 48.1
5.433333 0 315.5 214.3 77.8 49.4
5.466667 0 316.3 214.4 77.5 49.1
5.500000 0 315.9 213.8 79.1 51.0
5.533333 0 316.1 213.1 79.7 51.9
5.566667 0 317.0 214.1 78.3 50.1
5.600000 0 317.0 213.7 78.6 50.1
5.633333 0 317.2 214.0 78.4 49.9
5.666667 0 317.0 213.5 78.9 50.4
5.700000 0 316.7 213.0 79.7 51.4
5.733333 0 316.9 213.0 79.1 50.8
5.766667 0 317.0 213.3 78.8 50.3
5.800000 0 317.0 213.1 78.4 50.1
5.833333 0 315.6 212.1 80.4 52.6
5.866667 0 316.0 212.8 78.9 50.6
5.900000 0 316.0 212.8 78.6 50.0
5.933333 0 316.0 212.1 78.3 49.9
5.966667 0 315.8 211.0 79.7 51.6
6.000000 0 315.9 210.8 80.0 51.9
6.033333 0 316.4 211.2 79.3 51.0
6.066667 0 317.1 212.0 78.4 49.7
6.100000 0 316.7 210.9 80.0 51.9
6.133333 0 316.8 210.7 80.2 52.0
6.166667 0 317.3 210.6 79.4 51.3
6.200000 0 317.9 211.2 78.5 50.1
6.233333 0 318.1 211.5 78.1 49.5
6.266667 0 318.1 211.9 78.4 49.6
6.300000 0 318.0 211.7 78.4 49.7
6.333333 0 318.2 211.6 78.2 49.5
6.366667 0 318.2 211.1 78.2 49.4
6.400000 0 318.1 210.6 78.4 49.7
6.433333 0 318.1 209.9 78.5 49.7
6.466667 0 318.1 210.2 78.1 49.4
6.500000 0 316.9 208.5 80.1 51.9
6.533333 0 316.6 208.7 80.1 51.7
6.566667 0 316.9 209.3 79.1 50.4
6.600000 0 317.1 209.5 78.2 49.5
6.633333 0 315.9 208.4 79.9 51.6
6.666667 0 316.3 209.2 78.2 49.3
6.700000 0 315.2 208.5 79.6 51.2
6.733333 0 314.8 208.6 79.7 51.2
6.766667 0 314.8 209.4 78.6 49.9
6.800000 0 313.9 208.6 79.3 50.8
6.833333 0 313.8 208.9 78.7 49.9
6.866667 0 312.5 207.6 80.6 52.1
6.900000 0 313.0 208.5 78.4 49.5
6.933333 0 312.1 207.2 79.8 51.3
6.966667 0 311.8 206.3 80.2 51.8
7.000000 0 311.7 206.2 80.3 51.8
7.033333 0 312.1 205.7 79.9 51.3
7.066667 0 312.2 205.8 79.5 50.9
7.100000 0 312.8 205.9 78.7 49.6
7.133333 0 312.9 205.8 79.0 49.8
7.166667 0 312.8 205.6 79.3 50.1
7.200000 0 313.7 205.5 78.8 49.6
7.233333 0 313.9 205.6 78.9 49.6
7.266667 0 313.4 204.4 80.7 51.9
7.300000 0 314.9 205.9 78.8 49.4
7.333333 0 314.3 204.6 80.8 51.9
7.366667 0 315.1 205.5 79.8 50.8
7.400000 0 315.8 206.1 78.8 49.3
7.433333 0 315.4 205.3 80.6 51.6
7.466667 0 315.4 205.9 80.4 51.1
7.500000 0 315.4 205.9 80.7 51.6
7.533333 0 315.4 206.1 80.6 51.5
7.566667 0 315.4 206.0 80.5 51.0
7.600000 0 315.7 206.6 79.5 49.7
7.633333 0 316.0 207.1 78.7 48.7
7.666667 0 316.1 207.0 78.4 48.3
7.700000 0 316.0 206.6 78.4 48.4
7.733333 0 316.0 206.6 78.5 48.4
7.766667 0 315.7 206.2 78.9 48.8
7.800000 0 315.7 206.2 78.8 48.7
7.833333 0 315.8 206.0 79.2 48.9
7.866667 0 316.1 206.1 78.6 48.2
7.900000 0 315.8 206.2 79.1 48.7
7.933333 0 315.8 206.1 79.2 48.9
7.966667 0 316.0 207.2 78.5 48.0
8.000000 0 315.3 207.0 79.5 49.3
8.033333 0 314.7 207.1 80.4 50.2
8.066667 0 314.9 208.6 78.9 48.5
8.100000 0 314.6 209.1 79.1 48.7
8.133333 0 314.4 209.2 79.3 49.2
8.166667 0 313.5 208.5 80.7 50.8
8.200000 0 313.3 208.8 81.0 50.9
8.233333 0 313.4 209.3 80.2 49.8
8.266667 0 313.3 209.6 80.5 50.1
8.300000 0 313.6 210.1 79.8 49.3
8.333333 0 313.9 210.9 79.0 48.3
8.366667 0 313.8 211.0 79.2 48.4
8.400000 0 313.7 211.2 79.5 48.5
8.433333 0 313.4 210.4 80.9 50.5
8.466667 0 314.4 211.3 79.3 48.6
8.500000 0 314.8 211.6 79.1 48.1
8.533333 0 314.4 209.5 80.9 50.4
8.566667 0 315.8 210.7 78.9 47.9
8.600000 0 316.5 210.4 79.2 48.1
8.633333 0 316.6 209.4 80.7 49.8
8.666667 0 317.3 209.0 80.8 50.2
8.700000 0 318.8 209.8 79.4 48.4
8.733333 0 319.9 209.9 78.8 47.8
8.766667 0 320.5 209.3 79.1 47.9
8.800000 0 321.4 209.0 79.2 48.2
8.833333 0 322.3 207.5 79.4 48.5
8.866667 0 322.8 206.7 79.1 48.1
8.900000 0 323.7 206.1 79.6 48.2
8.933333 0 324.7 204.5 79.3 48.1
8.966667 0 325.0 202.3 79.8 49.0
9.000000 0 325.5 201.6 79.3 48.0
9.033333 0 325.9 201.1 78.8 47.8
9.066667 0 326.0 200.1 78.9 47.7
9.100000 0 325.5 199.2 79.3 48.2
9.133333 0 324.8 198.0 80.3 49.5
9.166667 0 324.5 198.4 79.8 48.4
9.200000 0 323.7 197.1 80.3 49.5
9.233333 0 323.5 197.4 79.8 48.5
9.266667 0 322.5 196.4 80.8 49.7
9.300000 0 322.7 196.7 79.3 48.0
9.333333 0 322.2 196.5 79.7 48.7
9.366667 0 321.4 196.2 80.3 49.4
9.400000 0 321.8 197.0 79.0 47.9
9.433333 0 320.5 196.0 80.8 49.9
9.466667 0 320.8 198.1 79.1 47.9
9.500000 0 319.4 197.7 81.0 50.1
9.533333 0 319.6 199.5 79.7 48.4
9.566667 0 319.3 200.4 79.7 48.2
9.600000 0 318.3 200.5 81.1 49.9
9.633333 0 317.9 201.3 81.5 50.3
9.666667 0 318.1 202.5 80.9 49.5
9.700000 0 318.4 204.3 80.1 48.6
9.733333 0 318.3 205.2 80.3 49.0
9.766667 0 318.3 206.0 80.6 49.6
9.800000 0 317.9 206.4 81.5 50.3
9.833333 0 317.9 208.2 81.7 50.4
9.866667 0 318.3 209.5 81.2 50.0
9.900000 0 318.5 210.6 80.9 49.6
9.933333 0 318.9 212.1 80.3 48.9
9.966667 0 319.3 213.3 79.9 48.4
10.000000 0 319.4 213.5 79.6 48.2
10.033333 0 319.2 214.1 79.8 48.3
10.066667 0 319.6 214.9 79.5 48.2
10.100000 0 319.1 214.5 81.0 49.6
10.133333 0 320.4 215.7 79.5 48.3
10.166667 0 320.5 216.0 79.4 48.2
10.200000 0 319.9 215.6 81.4 50.0
10.233333 0 321.5 216.7 79.4 48.2
10.266667 0 321.1 216.5 81.5 50.2
10.300000 0 322.5 217.9 79.4 48.2
10.333333 0 322.0 217.3 81.5 50.0
10.366667 0 323.3 218.6 79.7 48.4
10.400000 0 323.6 218.7 80.8 49.2
10.433333 0 323.9 219.0 80.3 48.6
10.466667 0 324.4 219.6 79.8 48.5
10.500000 0 323.9 219.9 80.7 49.3
10.533333 0 324.4 220.7 79.8 48.6
10.566667 0 324.1 220.8 79.8 48.3
10.600000 0 323.0 221.0 81.0 49.0
