0.000000 0 336.0 233.0 28.0 21.0
0.033333 0 336.5 232.6 28.0 21.1
0.066667 0 336.9 232.3 27.9 21.1
0.100000 0 337.4 231.9 27.9 21.2
0.133333 0 337.8 231.6 27.9 21.2
0.166667 0 338.3 231.2 27.8 21.3
0.200000 0 338.8 230.9 27.8 21.4
0.233333 0 339.2 230.5 27.8 21.4
0.266667 0 339.7 230.2 27.7 21.5
0.300000 0 340.1 229.8 27.7 21.5
0.333333 0 340.6 229.5 27.6 21.6
0.366667 0 341.0 229.1 27.6 21.6
0.400000 0 341.5 228.8 27.6 21.7
0.433333 0 342.0 228.4 27.5 21.8
0.466667 0 342.4 228.1 27.5 21.8
0.500000 0 342.9 227.7 27.5 21.9
0.533333 0 343.3 227.4 27.4 21.9
0.566667 0 343.8 227.0 27.4 22.0
0.600000 0 344.3 226.6 27.4 22.1
0.633333 0 344.7 226.3 27.3 22.1
0.666667 0 345.2 225.9 27.3 22.2
0.700000 0 345.6 225.6 27.3 22.2
0.733333 0 346.1 225.2 27.2 22.3
0.766667 0 346.6 224.9 27.2 22.4
0.800000 0 347.0 224.5 27.2 22.4
0.833333 0 347.5 224.2 27.1 22.5
0.866667 0 347.9 223.8 27.1 22.5
0.900000 0 348.4 223.5 27.0 22.6
0.933333 0 348.8 223.1 27.0 22.6
0.966667 0 349.3 222.8 27.0 22.7
1.000000 0 349.8 222.4 26.9 22.8
1.033333 0 350.2 222.1 26.9 22.8
1.066667 0 350.7 221.7 26.9 22.9
1.100000 0 351.1 221.4 26.8 22.9
1.133333 0 351.6 221.0 26.8 23.0
1.166667 0 352.1 220.6 26.8 23.1
1.200000 0 352.5 220.3 26.7 23.1
1.233333 0 353.0 219.9 26.7 23.2
1.266667 0 353.4 219.6 26.7 23.2
1.300000 0 353.9 219.2 26.6 23.3
1.333333 0 354.4 218.9 26.6 23.4
1.366667 0 354.8 218.5 26.6 23.4
1.400000 0 355.3 218.2 26.5 23.5
1.433333 0 355.7 217.8 26.5 23.5
1.466667 0 356.2 217.5 26.4 23.6
1.500000 0 356.6 217.1 26.4 23.6
1.533333 0 357.1 216.8 26.4 23.7
1.566667 0 357.6 216.4 26.3 23.8
1.600000 0 358.0 216.1 26.3 23.8
1.633333 0 358.5 215.7 26.3 23.9
1.666667 0 358.9 215.4 26.2 23.9
1.700000 0 359.4 215.0 26.2 24.0
1.733333 0 359.9 214.6 26.2 24.1
1.766667 0 360.3 214.3 26.1 24.1
1.800000 0 360.8 213.9 26.1 24.2
1.833333 0 361.2 213.6 26.1 24.2
1.866667 0 361.7 213.2 26.0 24.3
1.900000 0 362.2 212.9 26.0 24.4
1.933333 0 362.6 212.5 26.0 24.4
1.966667 0 363.1 212.2 25.9 24.5
2.000000 0 363.5 211.8 25.9 24.5
2.033333 0 364.0 211.5 25.8 24.6
2.066667 0 364.4 211.1 25.8 24.6
2.100000 0 364.9 210.8 25.8 24.7
2.133333 0 365.4 210.4 25.7 24.8
2.166667 0 365.8 210.1 25.7 24.8
2.200000 0 366.3 209.7 25.7 24.9
2.233333 0 366.7 209.4 25.6 24.9
2.266667 0 367.2 209.0 25.6 25.0
2.300000 0 367.7 208.6 25.6 25.1
2.333333 0 368.1 208.3 25.5 25.1
2.366667 0 368.6 207.9 25.5 25.2
2.400000 0 369.0 207.6 25.5 25.2
2.433333 0 369.5 207.2 25.4 25.3
2.466667 0 370.0 206.9 25.4 25.4
2.500000 0 370.4 206.5 25.4 25.4
2.533333 0 370.9 206.2 25.3 25.5
2.566667 0 371.3 205.8 25.3 25.5
2.600000 0 371.8 205.5 25.2 25.6
2.633333 0 372.2 205.1 25.2 25.6
2.666667 0 372.7 204.8 25.2 25.7
2.700000 0 373.2 204.4 25.1 25.8
2.733333 0 373.6 204.1 25.1 25.8
2.766667 0 374.1 203.7 25.1 25.9
2.800000 0 374.5 203.4 25.0 25.9
2.833333 0 375.0 203.0 25.0 26.0
2.866667 0 375.3 202.8 25.0 26.0
2.900000 0 375.7 202.5 25.1 25.9
2.933333 0 376.0 202.3 25.1 25.9
2.966667 0 376.3 202.0 25.1 25.9
3.000000 0 376.6 201.8 25.1 25.9
3.033333 0 377.0 201.6 25.2 25.8
3.066667 0 377.3 201.3 25.2 25.8
3.100000 0 377.6 201.1 25.2 25.8
3.133333 0 378.0 200.9 25.3 25.7
3.166667 0 378.3 200.6 25.3 25.7
3.200000 0 378.6 200.4 25.3 25.7
3.233333 0 378.9 200.1 25.4 25.6
3.266667 0 379.3 199.9 25.4 25.6
3.300000 0 379.6 199.7 25.4 25.6
3.333333 0 379.9 199.4 25.4 25.6
3.366667 0 380.3 199.2 25.5 25.5
3.400000 0 380.6 198.9 25.5 25.5
3.433333 0 380.9 198.7 25.5 25.5
3.466667 0 381.2 198.5 25.6 25.4
3.500000 0 381.6 198.2 25.6 25.4
3.533333 0 381.9 198.0 25.6 25.4
3.566667 0 382.2 197.7 25.7 25.3
3.600000 0 382.6 197.5 25.7 25.3
3.633333 0 382.9 197.3 25.7 25.3
3.666667 0 383.2 197.0 25.7 25.3
3.700000 0 383.5 196.8 25.8 25.2
3.733333 0 383.9 196.6 25.8 25.2
3.766667 0 384.2 196.3 25.8 25.2
3.800000 0 384.5 196.1 25.9 25.1
3.833333 0 384.9 195.8 25.9 25.1
3.866667 0 385.2 195.6 25.9 25.1
3.900000 0 385.5 195.4 26.0 25.0
3.933333 0 385.8 195.1 26.0 25.0
3.966667 0 386.2 194.9 26.0 25.0
4.000000 0 386.5 194.6 26.0 25.0
4.033333 0 386.8 194.4 26.1 24.9
4.066667 0 387.1 194.2 26.1 24.9
4.100000 0 387.5 193.9 26.1 24.9
4.133333 0 387.8 193.7 26.2 24.8
4.166667 0 388.1 193.4 26.2 24.8
4.200000 0 388.5 193.2 26.2 24.8
4.233333 0 388.8 193.0 26.3 24.7
4.266667 0 389.1 192.7 26.3 24.7
4.300000 0 389.4 192.5 26.3 24.7
4.333333 0 389.8 192.3 26.3 24.7
4.366667 0 390.1 192.0 26.4 24.6
4.400000 0 390.4 191.8 26.4 24.6
4.433333 0 390.8 191.5 26.4 24.6
4.466667 0 391.1 191.3 26.5 24.5
4.500000 0 391.4 191.1 26.5 24.5
4.533333 0 391.7 190.8 26.5 24.5
4.566667 0 392.1 190.6 26.6 24.4
4.600000 0 392.4 190.3 26.6 24.4
4.633333 0 392.7 190.1 26.6 24.4
4.666667 0 393.1 189.9 26.6 24.4
4.700000 0 393.4 189.6 26.7 24.3
4.733333 0 393.7 189.4 26.7 24.3
4.766667 0 394.0 189.1 26.7 24.3
4.800000 0 394.4 188.9 26.8 24.2
4.833333 0 394.7 188.7 26.8 24.2
4.866667 0 395.0 188.4 26.8 24.2
4.900000 0 395.4 188.2 26.9 24.1
4.933333 0 395.7 188.0 26.9 24.1
4.966667 0 396.0 187.7 26.9 24.1
5.000000 0 396.3 187.5 26.9 24.1
5.033333 0 396.7 187.2 27.0 24.0
5.066667 0 397.0 187.0 27.0 24.0
5.100000 0 397.6 186.6 27.0 24.1
5.133333 0 398.2 186.1 27.0 24.1
5.166667 0 398.8 185.7 27.0 24.2
5.200000 0 399.3 185.2 27.0 24.3
5.233333 0 399.9 184.8 27.0 24.3
5.266667 0 400.5 184.4 27.0 24.4
5.300000 0 401.1 183.9 27.0 24.4
5.333333 0 401.7 183.5 27.0 24.5
5.366667 0 402.3 183.1 27.0 24.6
5.400000 0 402.8 182.6 27.0 24.6
5.433333 0 403.4 182.2 27.0 24.7
5.466667 0 404.0 181.7 27.0 24.8
5.500000 0 404.6 181.3 27.0 24.8
5.533333 0 405.2 180.9 27.0 24.9
5.566667 0 405.8 180.4 27.0 24.9
5.600000 0 406.3 180.0 27.0 25.0
5.633333 0 406.9 179.6 27.0 25.1
5.666667 0 407.5 179.1 27.0 25.1
5.700000 0 408.1 178.7 27.0 25.2
5.733333 0 408.7 178.2 27.0 25.3
5.766667 0 409.3 177.8 27.0 25.3
5.800000 0 409.8 177.4 27.0 25.4
5.833333 0 410.4 176.9 27.0 25.4
5.866667 0 411.0 176.5 27.0 25.5
5.900000 0 411.6 176.1 27.0 25.6
5.933333 0 412.2 175.6 27.0 25.6
5.966667 0 412.8 175.2 27.0 25.7
6.000000 0 413.3 174.7 27.0 25.8
6.033333 0 413.9 174.3 27.0 25.8
6.066667 0 414.5 173.9 27.0 25.9
6.100000 0 415.1 173.4 27.0 25.9
6.133333 0 415.7 173.0 27.0 26.0
6.166667 0 416.3 172.6 27.0 26.1
6.200000 0 416.8 172.1 27.0 26.1
6.233333 0 417.4 171.7 27.0 26.2
6.266667 0 418.0 171.2 27.0 26.3
6.300000 0 418.6 170.8 27.0 26.3
6.333333 0 419.2 170.4 27.0 26.4
6.366667 0 419.8 169.9 27.0 26.4
6.400000 0 420.3 169.5 27.0 26.5
6.433333 0 420.9 169.1 27.0 26.6
6.466667 0 421.5 168.6 27.0 26.6
6.500000 0 422.1 168.2 27.0 26.7
6.533333 0 422.7 167.7 27.0 26.8
6.566667 0 423.3 167.3 27.0 26.8
6.600000 0 423.8 166.9 27.0 26.9
6.633333 0 424.4 166.4 27.0 26.9
6.666667 0 425.0 166.0 27.0 27.0
6.700000 0 425.7 165.6 27.0 27.0
6.733333 0 426.3 165.2 27.0 26.9
6.766667 0 427.0 164.9 27.0 26.9
6.800000 0 427.6 164.5 27.0 26.9
6.833333 0 428.3 164.1 27.0 26.8
6.866667 0 428.9 163.7 27.0 26.8
6.900000 0 429.6 163.3 27.0 26.8
6.933333 0 430.2 163.0 27.0 26.7
6.966667 0 430.9 162.6 27.0 26.7
7.000000 0 431.6 162.2 27.0 26.7
7.033333 0 432.2 161.8 27.0 26.6
7.066667 0 432.9 161.4 27.0 26.6
7.100000 0 433.5 161.1 27.0 26.6
7.133333 0 434.2 160.7 27.0 26.5
7.166667 0 434.8 160.3 27.0 26.5
7.200000 0 435.5 159.9 27.0 26.4
7.233333 0 436.1 159.6 27.0 26.4
7.266667 0 436.8 159.2 27.0 26.4
7.300000 0 437.4 158.8 27.0 26.3
7.333333 0 438.1 158.4 27.0 26.3
7.366667 0 438.8 158.0 27.0 26.3
7.400000 0 439.4 157.7 27.0 26.2
7.433333 0 440.1 157.3 27.0 26.2
7.466667 0 440.7 156.9 27.0 26.2
7.500000 0 441.4 156.5 27.0 26.1
7.533333 0 442.0 156.1 27.0 26.1
7.566667 0 442.7 155.8 27.0 26.1
7.600000 0 443.3 155.4 27.0 26.0
7.633333 0 444.0 155.0 27.0 26.0
7.666667 0 444.7 154.6 27.0 26.0
7.700000 0 445.3 154.2 27.0 25.9
7.733333 0 446.0 153.9 27.0 25.9
7.766667 0 446.6 153.5 27.0 25.9
7.800000 0 447.3 153.1 27.0 25.8
7.833333 0 447.9 152.7 27.0 25.8
7.866667 0 448.6 152.3 27.0 25.8
7.900000 0 449.2 152.0 27.0 25.7
7.933333 0 449.9 151.6 27.0 25.7
7.966667 0 450.6 151.2 27.0 25.7
8.000000 0 451.2 150.8 27.0 25.6
8.033333 0 451.9 150.4 27.0 25.6
8.066667 0 452.5 150.1 27.0 25.6
8.100000 0 453.2 149.7 27.0 25.5
8.133333 0 453.8 149.3 27.0 25.5
8.166667 0 454.5 148.9 27.0 25.4
8.200000 0 455.1 148.6 27.0 25.4
8.233333 0 455.8 148.2 27.0 25.4
8.266667 0 456.4 147.8 27.0 25.3
8.300000 0 457.1 147.4 27.0 25.3
8.333333 0 457.8 147.0 27.0 25.3
8.366667 0 458.4 146.7 27.0 25.2
8.400000 0 459.1 146.3 27.0 25.2
8.433333 0 459.7 145.9 27.0 25.2
8.466667 0 460.4 145.5 27.0 25.1
8.500000 0 461.0 145.1 27.0 25.1
8.533333 0 461.7 144.8 27.0 25.1
8.566667 0 462.3 144.4 27.0 25.0
8.600000 0 463.0 144.0 27.0 25.0
8.633333 0 463.7 143.6 27.0 25.0
8.666667 0 464.3 143.1 27.0 25.0
8.700000 0 465.0 142.7 27.0 25.0
8.733333 0 465.6 142.2 27.0 25.0
8.766667 0 466.3 141.8 27.0 25.0
8.800000 0 467.0 141.3 27.0 25.0
8.833333 0 467.6 140.9 27.0 25.0
8.866667 0 468.3 140.4 27.0 25.0
8.900000 0 468.9 140.0 27.0 25.0
8.933333 0 469.6 139.5 27.0 25.0
8.966667 0 470.3 139.1 27.0 25.0
9.000000 0 470.9 138.6 27.0 25.0
9.033333 0 471.6 138.2 27.0 25.0
9.066667 0 472.2 137.7 27.0 25.0
9.100000 0 472.9 137.3 27.0 25.0
9.133333 0 473.6 136.9 27.0 25.0
9.166667 0 474.2 136.4 27.0 25.0
9.200000 0 474.9 136.0 27.0 25.0
9.233333 0 475.5 135.5 27.0 25.0
9.266667 0 476.2 135.1 27.0 25.0
9.300000 0 476.9 134.6 27.0 25.0
9.333333 0 477.5 134.2 27.0 25.0
9.366667 0 478.2 133.7 27.0 25.0
9.400000 0 478.8 133.3 27.0 25.0
9.433333 0 479.5 132.8 27.0 25.0
9.466667 0 480.1 132.4 27.0 25.0
9.500000 0 480.8 131.9 27.0 25.0
9.533333 0 481.5 131.5 27.0 25.0
9.566667 0 482.1 131.0 27.0 25.0
9.600000 0 482.8 130.6 27.0 25.0
9.633333 0 483.4 130.1 27.0 25.0
9.666667 0 484.1 129.7 27.0 25.0
9.700000 0 484.8 129.3 27.0 25.0
9.733333 0 485.4 128.8 27.0 25.0
9.766667 0 486.1 128.4 27.0 25.0
9.800000 0 486.7 127.9 27.0 25.0
9.833333 0 487.4 127.5 27.0 25.0
9.866667 0 488.1 127.0 27.0 25.0
9.900000 0 488.7 126.6 27.0 25.0
9.933333 0 489.4 126.1 27.0 25.0
9.966667 0 490.0 125.7 27.0 25.0
10.000000 0 490.7 125.2 27.0 25.0
10.033333 0 491.4 124.8 27.0 25.0
10.066667 0 492.0 124.3 27.0 25.0
10.100000 0 492.7 123.9 27.0 25.0
10.133333 0 493.3 123.4 27.0 25.0
10.166667 0 494.0 123.0 27.0 25.0
