0.000000 0 255.0 279.0 84.0 60.5
0.033333 0 255.5 279.3 84.0 60.5
0.066667 0 256.0 279.6 84.1 60.5
0.100000 0 256.5 279.8 84.2 60.5
0.133333 0 257.0 280.1 84.2 60.6
0.166667 0 257.5 280.4 84.3 60.6
0.200000 0 258.0 280.7 84.3 60.6
0.233333 0 258.5 281.0 84.4 60.6
0.266667 0 259.0 281.2 84.4 60.6
0.300000 0 259.4 281.5 84.5 60.7
0.333333 0 259.9 281.8 84.5 60.7
0.366667 0 260.4 282.1 84.6 60.7
0.400000 0 260.9 282.4 84.6 60.7
0.433333 0 261.4 282.7 84.7 60.8
0.466667 0 261.9 282.9 84.8 60.8
0.500000 0 262.4 283.2 84.8 60.8
0.533333 0 262.9 283.5 84.9 60.8
0.566667 0 263.4 283.8 84.9 60.9
0.600000 0 263.9 284.1 85.0 60.9
0.633333 0 264.4 284.3 85.0 60.9
0.666667 0 264.9 284.6 85.1 60.9
0.700000 0 265.4 284.9 85.1 60.9
0.733333 0 265.9 285.2 85.2 61.0
0.766667 0 266.4 285.5 85.2 61.0
0.800000 0 266.9 285.8 85.3 61.0
0.833333 0 267.3 286.0 85.4 61.0
0.866667 0 267.8 286.3 85.4 61.1
0.900000 0 268.3 286.6 85.5 61.1
0.933333 0 268.8 286.9 85.5 61.1
0.966667 0 269.3 287.2 85.6 61.1
1.000000 0 269.8 287.4 85.6 61.2
1.033333 0 270.3 287.7 85.7 61.2
1.066667 0 270.8 288.0 85.7 61.2
1.100000 0 271.3 288.3 85.8 61.2
1.133333 0 271.8 288.6 85.8 61.3
1.166667 0 272.3 288.8 85.9 61.3
1.200000 0 272.8 289.1 86.0 61.3
1.233333 0 273.3 289.4 86.0 61.3
1.266667 0 273.8 289.7 86.1 61.3
1.300000 0 274.3 290.0 86.1 61.4
1.333333 0 274.8 290.2 86.2 61.4
1.366667 0 275.2 290.5 86.2 61.4
1.400000 0 275.7 290.8 86.3 61.4
1.433333 0 276.2 291.1 86.3 61.5
1.466667 0 276.7 291.4 86.4 61.5
1.500000 0 277.2 291.7 86.4 61.5
1.533333 0 277.7 291.9 86.5 61.5
1.566667 0 278.2 292.2 86.5 61.6
1.600000 0 278.7 292.5 86.6 61.6
1.633333 0 279.2 292.8 86.7 61.6
1.666667 0 279.7 293.1 86.7 61.6
1.700000 0 280.2 293.3 86.8 61.6
1.733333 0 280.7 293.6 86.8 61.7
1.766667 0 281.2 293.9 86.9 61.7
1.800000 0 281.7 294.2 86.9 61.7
1.833333 0 282.2 294.5 87.0 61.7
1.866667 0 282.7 294.8 87.0 61.8
1.900000 0 283.1 295.0 87.1 61.8
1.933333 0 283.6 295.3 87.1 61.8
1.966667 0 284.1 295.6 87.2 61.8
2.000000 0 284.6 295.9 87.3 61.9
2.033333 0 285.1 296.2 87.3 61.9
2.066667 0 285.6 296.4 87.4 61.9
2.100000 0 286.1 296.7 87.4 61.9
2.133333 0 286.6 297.0 87.5 62.0
2.166667 0 287.1 297.3 87.5 62.0
2.200000 0 287.6 297.6 87.6 62.0
2.233333 0 288.1 297.8 87.6 62.0
2.266667 0 288.6 298.1 87.7 62.0
2.300000 0 289.1 298.4 87.7 62.1
2.333333 0 289.6 298.7 87.8 62.1
2.366667 0 290.1 299.0 87.9 62.1
2.400000 0 290.6 299.2 87.9 62.1
2.433333 0 291.0 299.5 88.0 62.2
2.466667 0 291.5 299.8 88.0 62.2
2.500000 0 292.0 300.1 88.1 62.2
2.533333 0 292.5 300.4 88.1 62.2
2.566667 0 293.0 300.7 88.2 62.3
2.600000 0 293.5 300.9 88.2 62.3
2.633333 0 294.0 301.2 88.3 62.3
2.666667 0 294.5 301.5 88.3 62.3
2.700000 0 295.0 301.8 88.4 62.3
2.733333 0 295.5 302.1 88.5 62.4
2.766667 0 296.0 302.3 88.5 62.4
2.800000 0 296.5 302.6 88.6 62.4
2.833333 0 297.0 302.9 88.6 62.4
2.866667 0 297.5 303.2 88.7 62.5
2.900000 0 298.0 303.5 88.7 62.5
2.933333 0 298.5 303.8 88.8 62.5
2.966667 0 298.9 304.0 88.8 62.5
3.000000 0 299.4 304.3 88.9 62.6
3.033333 0 299.9 304.6 88.9 62.6
3.066667 0 300.4 304.9 89.0 62.6
3.100000 0 300.9 305.2 89.1 62.6
3.133333 0 301.4 305.4 89.1 62.6
3.166667 0 301.9 305.7 89.2 62.7
3.200000 0 302.4 306.0 89.2 62.7
3.233333 0 302.9 306.3 89.3 62.7
3.266667 0 303.4 306.6 89.3 62.7
3.300000 0 303.9 306.8 89.4 62.8
3.333333 0 304.4 307.1 89.4 62.8
3.366667 0 304.9 307.4 89.5 62.8
3.400000 0 305.4 307.7 89.5 62.8
3.433333 0 305.9 308.0 89.6 62.9
3.466667 0 306.4 308.2 89.7 62.9
3.500000 0 306.8 308.5 89.7 62.9
3.533333 0 307.3 308.8 89.8 62.9
3.566667 0 307.8 309.1 89.8 63.0
3.600000 0 308.3 309.4 89.9 63.0
3.633333 0 308.8 309.7 89.9 63.0
3.666667 0 309.3 309.9 90.0 63.0
3.700000 0 309.8 310.2 90.0 63.0
3.733333 0 310.3 310.5 90.1 63.1
3.766667 0 310.8 310.8 90.1 63.1
3.800000 0 311.3 311.1 90.2 63.1
3.833333 0 311.8 311.3 90.2 63.1
3.866667 0 312.3 311.6 90.3 63.2
3.900000 0 312.8 311.9 90.4 63.2
3.933333 0 313.3 312.2 90.4 63.2
3.966667 0 313.8 312.5 90.5 63.2
4.000000 0 314.3 312.8 90.5 63.3
4.033333 0 314.7 313.0 90.6 63.3
4.066667 0 315.2 313.3 90.6 63.3
4.100000 0 315.7 313.6 90.7 63.3
4.133333 0 316.2 313.9 90.7 63.3
4.166667 0 316.7 314.2 90.8 63.4
4.200000 0 317.2 314.4 90.8 63.4
4.233333 0 317.7 314.7 90.9 63.4
4.266667 0 318.2 315.0 91.0 63.4
4.300000 0 318.7 315.3 91.0 63.5
4.333333 0 319.2 315.6 91.1 63.5
4.366667 0 319.7 315.8 91.1 63.5
4.400000 0 320.2 316.1 91.2 63.5
4.433333 0 320.7 316.4 91.2 63.6
4.466667 0 321.2 316.7 91.3 63.6
4.500000 0 321.7 317.0 91.3 63.6
4.533333 0 322.2 317.2 91.4 63.6
4.566667 0 322.6 317.5 91.4 63.7
4.600000 0 323.1 317.8 91.5 63.7
4.633333 0 323.6 318.1 91.6 63.7
4.666667 0 324.1 318.4 91.6 63.7
4.700000 0 324.6 318.7 91.7 63.7
4.733333 0 325.1 318.9 91.7 63.8
4.766667 0 325.6 319.2 91.8 63.8
4.800000 0 326.1 319.5 91.8 63.8
4.833333 0 326.6 319.8 91.9 63.8
4.866667 0 327.1 320.1 91.9 63.9
4.900000 0 327.6 320.3 92.0 63.9
4.933333 0 328.1 320.6 92.0 63.9
4.966667 0 328.6 320.9 92.1 63.9
5.000000 0 329.1 321.2 92.2 64.0
5.033333 0 329.6 321.5 92.2 64.0
5.066667 0 330.1 321.8 92.3 64.0
5.100000 0 330.5 322.0 92.3 64.0
5.133333 0 331.0 322.3 92.4 64.0
5.166667 0 331.5 322.6 92.4 64.1
5.200000 0 332.0 322.9 92.5 64.1
5.233333 0 332.5 323.2 92.5 64.1
5.266667 0 333.0 323.4 92.6 64.1
5.300000 0 333.5 323.7 92.6 64.2
5.333333 0 334.0 324.0 92.7 64.2
5.366667 0 334.5 324.3 92.7 64.2
5.400000 0 335.1 324.6 92.6 64.2
5.433333 0 335.6 324.8 92.6 64.2
5.466667 0 336.1 325.1 92.5 64.2
5.500000 0 336.6 325.4 92.5 64.2
5.533333 0 337.2 325.7 92.4 64.2
5.566667 0 337.7 325.9 92.4 64.2
5.600000 0 338.2 326.2 92.3 64.2
5.633333 0 338.7 326.5 92.3 64.2
5.666667 0 339.3 326.8 92.2 64.2
5.700000 0 339.8 327.0 92.2 64.2
5.733333 0 340.3 327.3 92.1 64.2
5.766667 0 340.8 327.6 92.1 64.2
5.800000 0 341.4 327.9 92.0 64.2
5.833333 0 341.9 328.1 92.0 64.2
5.866667 0 342.4 328.4 91.9 64.2
5.900000 0 342.9 328.7 91.9 64.2
5.933333 0 343.5 329.0 91.9 64.2
5.966667 0 344.0 329.2 91.8 64.2
6.000000 0 344.5 329.5 91.8 64.2
6.033333 0 345.0 329.8 91.7 64.2
6.066667 0 345.6 330.1 91.7 64.2
6.100000 0 346.1 330.3 91.6 64.2
6.133333 0 346.6 330.6 91.6 64.2
6.166667 0 347.1 330.9 91.5 64.2
6.200000 0 347.7 331.2 91.5 64.2
6.233333 0 348.2 331.4 91.4 64.2
6.266667 0 348.7 331.7 91.4 64.2
6.300000 0 349.2 332.0 91.3 64.2
6.333333 0 349.8 332.3 91.3 64.2
6.366667 0 350.3 332.5 91.2 64.2
6.400000 0 350.8 332.8 91.2 64.2
6.433333 0 351.3 333.1 91.1 64.2
6.466667 0 351.9 333.4 91.1 64.2
6.500000 0 352.4 333.6 91.0 64.2
6.533333 0 352.9 333.9 91.0 64.2
6.566667 0 353.4 334.2 91.0 64.2
6.600000 0 354.0 334.5 90.9 64.2
6.633333 0 354.5 334.7 90.9 64.2
6.666667 0 355.0 335.0 90.8 64.2
6.700000 0 355.5 335.3 90.8 64.2
6.733333 0 356.1 335.6 90.7 64.2
6.766667 0 356.6 335.8 90.7 64.2
6.800000 0 357.1 336.1 90.6 64.2
6.833333 0 357.6 336.4 90.6 64.3
6.866667 0 358.2 336.7 90.5 64.3
6.900000 0 358.7 336.9 90.5 64.3
6.933333 0 359.2 337.2 90.4 64.3
6.966667 0 359.7 337.5 90.4 64.3
7.000000 0 360.3 337.8 90.3 64.3
7.033333 0 360.8 338.0 90.3 64.3
7.066667 0 361.3 338.3 90.2 64.3
7.100000 0 361.8 338.6 90.2 64.3
7.133333 0 362.4 338.9 90.2 64.3
7.166667 0 362.9 339.1 90.1 64.3
7.200000 0 363.4 339.4 90.1 64.3
7.233333 0 363.9 339.7 90.0 64.3
7.266667 0 364.5 340.0 90.0 64.3
7.300000 0 365.0 340.2 89.9 64.3
7.333333 0 365.5 340.5 89.9 64.3
7.366667 0 366.0 340.8 89.8 64.3
7.400000 0 366.6 341.1 89.8 64.3
7.433333 0 367.1 341.3 89.7 64.3
7.466667 0 367.6 341.6 89.7 64.3
7.500000 0 368.1 341.9 89.6 64.3
7.533333 0 368.7 342.2 89.6 64.3
7.566667 0 369.2 342.4 89.5 64.3
7.600000 0 369.7 342.7 89.5 64.3
7.633333 0 370.2 343.0 89.4 64.3
7.666667 0 370.8 343.3 89.4 64.3
7.700000 0 371.3 343.5 89.4 64.3
7.733333 0 371.8 343.8 89.3 64.3
7.766667 0 372.3 344.1 89.3 64.3
7.800000 0 372.9 344.4 89.2 64.3
7.833333 0 373.4 344.6 89.2 64.3
7.866667 0 373.9 344.9 89.1 64.3
7.900000 0 374.4 345.2 89.1 64.3
7.933333 0 375.0 345.5 89.0 64.3
7.966667 0 375.5 345.7 89.0 64.3
8.000000 0 376.0 346.0 88.9 64.3
8.033333 0 376.5 346.3 88.9 64.3
8.066667 0 377.1 346.6 88.8 64.3
8.100000 0 377.6 346.8 88.8 64.3
8.133333 0 378.1 347.1 88.7 64.3
8.166667 0 378.6 347.4 88.7 64.3
8.200000 0 379.2 347.7 88.6 64.3
8.233333 0 379.7 347.9 88.6 64.3
8.266667 0 380.2 348.2 88.6 64.3
8.300000 0 380.7 348.5 88.5 64.3
8.333333 0 381.3 348.8 88.5 64.3
8.366667 0 381.8 349.0 88.4 64.3
8.400000 0 382.3 349.3 88.4 64.3
8.433333 0 382.8 349.6 88.3 64.3
8.466667 0 383.4 349.9 88.3 64.3
8.500000 0 383.9 350.1 88.2 64.3
8.533333 0 384.4 350.4 88.2 64.3
8.566667 0 384.9 350.7 88.1 64.3
8.600000 0 385.5 351.0 88.1 64.3
8.633333 0 386.0 351.2 88.0 64.3
8.666667 0 386.5 351.5 88.0 64.3
8.700000 0 387.0 351.8 87.9 64.3
8.733333 0 387.6 352.1 87.9 64.3
8.766667 0 388.1 352.3 87.8 64.3
8.800000 0 388.6 352.6 87.8 64.3
8.833333 0 389.1 352.9 87.8 64.3
8.866667 0 389.7 353.2 87.7 64.3
8.900000 0 390.2 353.4 87.7 64.3
8.933333 0 390.7 353.7 87.6 64.3
8.966667 0 391.2 354.0 87.6 64.3
9.000000 0 391.8 354.3 87.5 64.3
9.033333 0 392.3 354.5 87.5 64.3
9.066667 0 392.8 354.8 87.4 64.3
9.100000 0 393.3 355.1 87.4 64.3
9.133333 0 393.9 355.4 87.3 64.3
9.166667 0 394.4 355.6 87.3 64.4
9.200000 0 394.9 355.9 87.2 64.4
9.233333 0 395.4 356.2 87.2 64.4
9.266667 0 396.0 356.5 87.1 64.4
9.300000 0 396.5 356.7 87.1 64.4
9.333333 0 397.0 357.0 87.0 64.4
9.366667 0 397.5 357.3 87.0 64.4
9.400000 0 398.1 357.6 87.0 64.4
9.433333 0 398.6 357.8 86.9 64.4
9.466667 0 399.1 358.1 86.9 64.4
9.500000 0 399.6 358.4 86.8 64.4
9.533333 0 400.2 358.7 86.8 64.4
9.566667 0 400.7 358.9 86.7 64.4
9.600000 0 401.2 359.2 86.7 64.4
9.633333 0 401.7 359.5 86.6 64.4
9.666667 0 402.3 359.8 86.6 64.4
9.700000 0 402.8 360.0 86.5 64.4
9.733333 0 403.3 360.3 86.5 64.4
9.766667 0 403.8 360.6 86.4 64.4
9.800000 0 404.4 360.9 86.4 64.4
9.833333 0 404.9 361.1 86.3 64.4
9.866667 0 405.4 361.4 86.3 64.4
9.900000 0 405.9 361.7 86.2 64.4
9.933333 0 406.5 362.0 86.2 64.4
9.966667 0 407.0 362.2 86.2 64.4
10.000000 0 407.5 362.5 86.1 64.4
10.033333 0 408.0 362.8 86.1 64.4
10.066667 0 408.6 363.1 86.0 64.4
10.100000 0 409.1 363.3 86.0 64.4
10.133333 0 409.6 363.6 85.9 64.4
10.166667 0 410.1 363.9 85.9 64.4
10.200000 0 410.7 364.2 85.8 64.4
10.233333 0 411.2 364.4 85.8 64.4
10.266667 0 411.7 364.7 85.7 64.4
10.300000 0 412.2 365.0 85.7 64.4
10.333333 0 412.8 365.3 85.6 64.4
10.366667 0 413.3 365.5 85.6 64.4
10.400000 0 413.8 365.8 85.5 64.4
10.433333 0 414.3 366.1 85.5 64.4
10.466667 0 414.9 366.4 85.4 64.4
10.500000 0 415.4 366.6 85.4 64.4
10.533333 0 415.9 366.9 85.3 64.4
10.566667 0 416.4 367.2 85.3 64.4
10.600000 0 417.0 367.5 85.3 64.4
10.633333 0 417.5 367.7 85.2 64.4
10.666667 0 418.0 368.0 85.2 64.4
