0.000000 0 112.0 169.0 47.0 28.0
0.033333 0 112.8 170.6 46.7 27.9
0.066667 0 113.6 172.3 46.5 27.9
0.100000 0 114.4 173.9 46.2 27.8
0.133333 0 115.2 175.6 46.0 27.8
0.166667 0 116.0 177.2 45.7 27.7
0.200000 0 116.8 178.8 45.5 27.7
0.233333 0 117.6 180.5 45.2 27.6
0.266667 0 118.4 182.1 45.0 27.6
0.300000 0 119.3 183.8 44.7 27.5
0.333333 0 120.1 185.4 44.5 27.4
0.366667 0 120.9 187.0 44.2 27.4
0.400000 0 121.7 188.7 44.0 27.3
0.433333 0 122.5 190.3 43.7 27.3
0.466667 0 123.3 191.9 43.5 27.2
0.500000 0 124.1 193.6 43.2 27.2
0.533333 0 124.9 195.2 43.0 27.1
0.566667 0 125.7 196.9 42.7 27.1
0.600000 0 126.5 198.5 42.5 27.0
0.633333 0 127.3 200.1 42.2 26.9
0.666667 0 128.1 201.8 42.0 26.9
0.700000 0 128.9 203.4 41.7 26.8
0.733333 0 129.7 205.1 41.5 26.8
0.766667 0 130.5 206.7 41.2 26.7
0.800000 0 131.3 208.3 41.0 26.7
0.833333 0 132.1 210.0 40.7 26.6
0.866667 0 132.9 211.6 40.5 26.6
0.900000 0 133.8 213.3 40.2 26.5
0.933333 0 134.6 214.9 40.0 26.4
0.966667 0 135.4 216.5 39.7 26.4
1.000000 0 136.2 218.2 39.5 26.3
1.033333 0 137.0 219.8 39.2 26.3
1.066667 0 137.8 221.4 39.0 26.2
1.100000 0 138.6 223.1 38.7 26.2
1.133333 0 139.4 224.7 38.5 26.1
1.166667 0 140.2 226.4 38.2 26.1
1.200000 0 141.0 228.0 38.0 26.0
1.233333 0 141.5 229.0 38.1 26.1
1.266667 0 142.1 230.0 38.2 26.1
1.300000 0 142.6 231.0 38.3 26.2
1.333333 0 143.2 232.0 38.4 26.2
1.366667 0 143.7 233.0 38.5 26.3
1.400000 0 144.3 234.0 38.5 26.4
1.433333 0 144.8 235.0 38.6 26.4
1.466667 0 145.4 236.0 38.7 26.5
1.500000 0 145.9 237.0 38.8 26.5
1.533333 0 146.5 238.0 38.9 26.6
1.566667 0 147.0 239.0 39.0 26.7
1.600000 0 147.5 240.0 39.1 26.7
1.633333 0 148.1 241.0 39.2 26.8
1.666667 0 148.6 242.0 39.3 26.8
1.700000 0 149.2 243.0 39.4 26.9
1.733333 0 149.7 244.0 39.5 27.0
1.766667 0 150.3 245.0 39.5 27.0
1.800000 0 150.8 246.0 39.6 27.1
1.833333 0 151.4 247.0 39.7 27.2
1.866667 0 151.9 248.0 39.8 27.2
1.900000 0 152.5 249.0 39.9 27.3
1.933333 0 153.0 250.0 40.0 27.3
1.966667 0 153.5 251.0 40.1 27.4
2.000000 0 154.1 252.0 40.2 27.5
2.033333 0 154.6 253.0 40.3 27.5
2.066667 0 155.2 254.0 40.4 27.6
2.100000 0 155.7 255.0 40.5 27.6
2.133333 0 156.3 256.0 40.5 27.7
2.166667 0 156.8 257.0 40.6 27.8
2.200000 0 157.4 258.0 40.7 27.8
2.233333 0 157.9 259.0 40.8 27.9
2.266667 0 158.5 260.0 40.9 27.9
2.300000 0 159.0 261.0 41.0 28.0
2.333333 0 159.6 262.0 41.0 27.9
2.366667 0 160.2 263.0 41.0 27.9
2.400000 0 160.8 263.9 41.0 27.8
2.433333 0 161.4 264.9 41.0 27.8
2.466667 0 162.0 265.9 41.0 27.7
2.500000 0 162.6 266.9 41.0 27.6
2.533333 0 163.3 267.9 41.0 27.6
2.566667 0 163.9 268.8 41.0 27.5
2.600000 0 164.5 269.8 41.0 27.5
2.633333 0 165.1 270.8 41.0 27.4
2.666667 0 165.7 271.8 41.0 27.4
2.700000 0 166.3 272.8 41.0 27.3
2.733333 0 166.9 273.7 41.0 27.2
2.766667 0 167.5 274.7 41.0 27.2
2.800000 0 168.1 275.7 41.0 27.1
2.833333 0 168.7 276.7 41.0 27.1
2.866667 0 169.3 277.7 41.0 27.0
2.900000 0 169.9 278.6 41.0 26.9
2.933333 0 170.5 279.6 41.0 26.9
2.966667 0 171.2 280.6 41.0 26.8
3.000000 0 171.8 281.6 41.0 26.8
3.033333 0 172.4 282.6 41.0 26.7
3.066667 0 173.0 283.5 41.0 26.6
3.100000 0 173.6 284.5 41.0 26.6
3.133333 0 174.2 285.5 41.0 26.5
3.166667 0 174.8 286.5 41.0 26.5
3.200000 0 175.4 287.5 41.0 26.4
3.233333 0 176.0 288.5 41.0 26.4
3.266667 0 176.6 289.4 41.0 26.3
3.300000 0 177.2 290.4 41.0 26.2
3.333333 0 177.8 291.4 41.0 26.2
3.366667 0 178.5 292.4 41.0 26.1
3.400000 0 179.1 293.4 41.0 26.1
3.433333 0 179.7 294.3 41.0 26.0
3.466667 0 180.3 295.3 41.0 25.9
3.500000 0 180.9 296.3 41.0 25.9
3.533333 0 181.5 297.3 41.0 25.8
3.566667 0 182.1 298.3 41.0 25.8
3.600000 0 182.7 299.2 41.0 25.7
3.633333 0 183.3 300.2 41.0 25.6
3.666667 0 183.9 301.2 41.0 25.6
3.700000 0 184.5 302.2 41.0 25.5
3.733333 0 185.1 303.2 41.0 25.5
3.766667 0 185.7 304.1 41.0 25.4
3.800000 0 186.4 305.1 41.0 25.4
3.833333 0 187.0 306.1 41.0 25.3
3.866667 0 187.6 307.1 41.0 25.2
3.900000 0 188.2 308.1 41.0 25.2
3.933333 0 188.8 309.0 41.0 25.1
3.966667 0 189.4 310.0 41.0 25.1
4.000000 0 190.0 311.0 41.0 25.0
4.033333 0 190.6 312.0 41.0 25.0
4.066667 0 191.2 313.0 40.9 25.0
4.100000 0 191.9 313.9 40.9 24.9
4.133333 0 192.5 314.9 40.9 24.9
4.166667 0 193.1 315.9 40.8 24.9
4.200000 0 193.7 316.9 40.8 24.9
4.233333 0 194.4 317.9 40.8 24.9
4.266667 0 195.0 318.9 40.7 24.9
4.300000 0 195.6 319.8 40.7 24.8
4.333333 0 196.2 320.8 40.6 24.8
4.366667 0 196.9 321.8 40.6 24.8
4.400000 0 197.5 322.8 40.6 24.8
4.433333 0 198.1 323.8 40.5 24.8
4.466667 0 198.7 324.7 40.5 24.8
4.500000 0 199.4 325.7 40.5 24.7
4.533333 0 200.0 326.7 40.4 24.7
4.566667 0 200.6 327.7 40.4 24.7
4.600000 0 201.2 328.7 40.4 24.7
4.633333 0 201.9 329.7 40.3 24.7
4.666667 0 202.5 330.6 40.3 24.6
4.700000 0 203.1 331.6 40.3 24.6
4.733333 0 203.7 332.6 40.2 24.6
4.766667 0 204.4 333.6 40.2 24.6
4.800000 0 205.0 334.6 40.1 24.6
4.833333 0 205.6 335.6 40.1 24.6
4.866667 0 206.2 336.5 40.1 24.5
4.900000 0 206.9 337.5 40.0 24.5
4.933333 0 207.5 338.5 40.0 24.5
4.966667 0 208.1 339.5 40.0 24.5
5.000000 0 208.7 340.5 39.9 24.5
5.033333 0 209.4 341.4 39.9 24.4
5.066667 0 210.0 342.4 39.9 24.4
5.100000 0 210.6 343.4 39.8 24.4
5.133333 0 211.2 344.4 39.8 24.4
5.166667 0 211.9 345.4 39.8 24.4
5.200000 0 212.5 346.4 39.7 24.4
5.233333 0 213.1 347.3 39.7 24.3
5.266667 0 213.7 348.3 39.6 24.3
5.300000 0 214.4 349.3 39.6 24.3
5.333333 0 215.0 350.3 39.6 24.3
5.366667 0 215.6 351.3 39.5 24.3
5.400000 0 216.2 352.2 39.5 24.3
5.433333 0 216.9 353.2 39.5 24.2
5.466667 0 217.5 354.2 39.4 24.2
5.500000 0 218.1 355.2 39.4 24.2
5.533333 0 218.7 356.2 39.4 24.2
5.566667 0 219.4 357.2 39.3 24.2
5.600000 0 220.0 358.1 39.3 24.1
5.633333 0 220.6 359.1 39.3 24.1
5.666667 0 221.2 360.1 39.2 24.1
5.700000 0 221.9 361.1 39.2 24.1
5.733333 0 222.5 362.1 39.1 24.1
5.766667 0 223.1 363.1 39.1 24.1
5.800000 0 223.7 364.0 39.1 24.0
5.833333 0 224.4 365.0 39.0 24.0
5.866667 0 225.0 366.0 39.0 24.0
5.900000 0 225.5 367.0 38.9 24.0
5.933333 0 226.1 367.9 38.8 23.9
5.966667 0 226.6 368.9 38.7 23.9
6.000000 0 227.2 369.9 38.6 23.9
6.033333 0 227.7 370.8 38.5 23.8
6.066667 0 228.3 371.8 38.4 23.8
6.100000 0 228.8 372.8 38.3 23.8
6.133333 0 229.3 373.7 38.2 23.7
6.166667 0 229.9 374.7 38.1 23.7
6.200000 0 230.4 375.7 38.0 23.7
6.233333 0 231.0 376.6 37.9 23.6
6.266667 0 231.5 377.6 37.8 23.6
6.300000 0 232.1 378.6 37.7 23.6
6.333333 0 232.6 379.5 37.6 23.5
6.366667 0 233.1 380.5 37.5 23.5
6.400000 0 233.7 381.5 37.4 23.5
6.433333 0 234.2 382.4 37.3 23.4
6.466667 0 234.8 383.4 37.2 23.4
6.500000 0 235.3 384.4 37.1 23.4
6.533333 0 235.8 385.3 37.0 23.3
6.566667 0 236.4 386.3 36.9 23.3
6.600000 0 236.9 387.3 36.8 23.3
6.633333 0 237.5 388.2 36.7 23.2
6.666667 0 238.0 389.2 36.6 23.2
6.700000 0 238.6 390.2 36.5 23.2
6.733333 0 239.1 391.1 36.4 23.1
6.766667 0 239.6 392.1 36.3 23.1
6.800000 0 240.2 393.1 36.2 23.1
6.833333 0 240.7 394.0 36.1 23.0
6.866667 0 241.3 395.0 35.9 23.0
6.900000 0 241.8 395.9 35.8 22.9
6.933333 0 242.4 396.9 35.7 22.9
6.966667 0 242.9 397.9 35.6 22.9
7.000000 0 243.4 398.8 35.5 22.8
7.033333 0 244.0 399.8 35.4 22.8
7.066667 0 244.5 400.8 35.3 22.8
7.100000 0 245.1 401.7 35.2 22.7
7.133333 0 245.6 402.7 35.1 22.7
7.166667 0 246.2 403.7 35.0 22.7
7.200000 0 246.7 404.6 34.9 22.6
7.233333 0 247.2 405.6 34.8 22.6
7.266667 0 247.8 406.6 34.7 22.6
7.300000 0 248.3 407.5 34.6 22.5
7.333333 0 248.9 408.5 34.5 22.5
7.366667 0 249.4 409.5 34.4 22.5
7.400000 0 249.9 410.4 34.3 22.4
7.433333 0 250.5 411.4 34.2 22.4
7.466667 0 251.0 412.4 34.1 22.4
7.500000 0 251.6 413.3 34.0 22.3
7.533333 0 252.1 414.3 33.9 22.3
7.566667 0 252.7 415.3 33.8 22.3
7.600000 0 253.2 416.2 33.7 22.2
7.633333 0 253.7 417.2 33.6 22.2
7.666667 0 254.3 418.2 33.5 22.2
7.700000 0 254.8 419.1 33.4 22.1
7.733333 0 255.4 420.1 33.3 22.1
7.766667 0 255.9 421.1 33.2 22.1
7.800000 0 256.5 422.0 33.1 22.0
7.833333 0 257.0 423.0 33.0 22.0
7.866667 0 391.0 233.0 33.0 30.0
7.900000 0 389.4 234.1 32.6 29.9
7.933333 0 387.7 235.3 32.2 29.7
7.966667 0 386.1 236.4 31.9 29.6
8.000000 0 384.5 237.5 31.5 29.5
8.033333 0 382.9 238.6 31.1 29.4
8.066667 0 381.2 239.8 30.7 29.2
8.100000 0 379.6 240.9 30.4 29.1
8.133333 0 378.0 242.0 30.0 29.0
8.166667 0 376.4 243.1 29.6 28.9
8.200000 0 374.7 244.3 29.2 28.7
8.233333 0 373.1 245.4 28.9 28.6
8.266667 0 371.5 246.5 28.5 28.5
8.300000 0 369.9 247.6 28.1 28.4
8.333333 0 368.2 248.8 27.7 28.2
8.366667 0 366.6 249.9 27.4 28.1
8.400000 0 365.0 251.0 27.0 28.0
8.433333 0 363.2 252.1 27.1 28.0
8.466667 0 361.5 253.3 27.1 28.0
8.500000 0 359.7 254.4 27.2 28.0
8.533333 0 357.9 255.5 27.3 28.0
8.566667 0 356.1 256.7 27.3 28.0
8.600000 0 354.4 257.8 27.4 28.0
8.633333 0 352.6 258.9 27.5 28.0
8.666667 0 350.8 260.0 27.5 28.0
8.700000 0 349.1 261.2 27.6 28.0
8.733333 0 347.3 262.3 27.7 28.0
8.766667 0 345.5 263.4 27.7 28.0
8.800000 0 343.8 264.6 27.8 28.0
8.833333 0 342.0 265.7 27.9 28.0
8.866667 0 340.2 266.8 27.9 28.0
8.900000 0 338.4 268.0 28.0 28.0
8.933333 0 336.7 269.1 28.0 28.0
8.966667 0 334.9 270.2 28.1 28.0
9.000000 0 333.1 271.4 28.2 28.0
9.033333 0 331.4 272.5 28.2 28.0
9.066667 0 329.6 273.6 28.3 28.0
9.100000 0 327.8 274.8 28.4 28.0
9.133333 0 326.0 275.9 28.4 28.0
9.166667 0 324.3 277.0 28.5 28.0
9.200000 0 322.5 278.1 28.6 28.0
9.233333 0 320.7 279.3 28.6 28.0
9.266667 0 319.0 280.4 28.7 28.0
9.300000 0 317.2 281.5 28.8 28.0
9.333333 0 315.4 282.7 28.8 28.0
9.366667 0 313.7 283.8 28.9 28.0
9.400000 0 311.9 284.9 29.0 28.0
9.433333 0 310.1 286.1 29.0 28.0
9.466667 0 308.3 287.2 29.1 28.0
9.500000 0 306.6 288.3 29.2 28.0
9.533333 0 304.8 289.5 29.2 28.0
9.566667 0 303.0 290.6 29.3 28.0
9.600000 0 301.3 291.7 29.4 28.0
9.633333 0 299.5 292.9 29.4 28.0
9.666667 0 297.7 294.0 29.5 28.0
9.700000 0 296.0 295.1 29.6 28.0
9.733333 0 294.2 296.2 29.6 28.0
9.766667 0 292.4 297.4 29.7 28.0
9.800000 0 290.6 298.5 29.8 28.0
9.833333 0 288.9 299.6 29.8 28.0
9.866667 0 287.1 300.8 29.9 28.0
9.900000 0 285.3 301.9 30.0 28.0
9.933333 0 283.6 303.0 30.0 28.0
9.966667 0 281.8 304.2 30.1 28.0
10.000000 0 280.0 305.3 30.1 28.0
10.033333 0 278.2 306.4 30.2 28.0
10.066667 0 276.5 307.6 30.3 28.0
10.100000 0 274.7 308.7 30.3 28.0
10.133333 0 272.9 309.8 30.4 28.0
10.166667 0 271.2 311.0 30.5 28.0
10.200000 0 269.4 312.1 30.5 28.0
10.233333 0 267.6 313.2 30.6 28.0
10.266667 0 265.9 314.3 30.7 28.0
10.300000 0 264.1 315.5 30.7 28.0
10.333333 0 262.3 316.6 30.8 28.0
10.366667 0 260.5 317.7 30.9 28.0
10.400000 0 258.8 318.9 30.9 28.0
10.433333 0 257.0 320.0 31.0 28.0
