0.000000 0 304.0 198.0 31.0 26.0
0.033333 0 303.0 200.5 30.8 25.8
0.066667 0 302.0 203.0 30.7 25.7
0.100000 0 301.0 205.5 30.5 25.5
0.133333 0 300.0 208.0 30.3 25.3
0.166667 0 299.0 210.5 30.2 25.2
0.200000 0 298.0 213.0 30.0 25.0
0.233333 0 297.3 213.1 30.4 25.4
0.266667 0 296.5 213.2 30.7 25.7
0.300000 0 295.8 213.4 31.1 26.1
0.333333 0 295.0 213.5 31.5 26.5
0.366667 0 294.3 213.6 31.9 26.9
0.400000 0 293.5 213.7 32.2 27.2
0.433333 0 292.8 213.9 32.6 27.6
0.466667 0 292.0 214.0 33.0 28.0
0.500000 0 291.7 214.4 33.1 28.1
0.533333 0 291.5 214.7 33.2 28.2
0.566667 0 291.2 215.1 33.3 28.3
0.600000 0 290.9 215.5 33.4 28.4
0.633333 0 290.7 215.8 33.5 28.5
0.666667 0 290.4 216.2 33.6 28.6
0.700000 0 290.2 216.6 33.7 28.7
0.733333 0 289.9 216.9 33.8 28.8
0.766667 0 289.6 217.3 33.9 28.9
0.800000 0 289.4 217.7 34.1 29.1
0.833333 0 289.1 218.1 34.2 29.2
0.866667 0 288.8 218.4 34.3 29.3
0.900000 0 288.6 218.8 34.4 29.4
0.933333 0 288.3 219.2 34.5 29.5
0.966667 0 288.1 219.5 34.6 29.6
1.000000 0 287.8 219.9 34.7 29.7
1.033333 0 287.5 220.3 34.8 29.8
1.066667 0 287.3 220.6 34.9 29.9
1.100000 0 287.0 221.0 35.0 30.0
1.133333 0 287.0 221.8 34.8 29.8
1.166667 0 287.0 222.6 34.5 29.6
1.200000 0 287.0 223.4 34.3 29.4
1.233333 0 287.0 224.2 34.0 29.2
1.266667 0 287.0 225.0 33.8 29.0
1.300000 0 287.0 225.9 33.6 28.9
1.333333 0 287.0 226.7 33.3 28.7
1.366667 0 287.0 227.5 33.1 28.5
1.400000 0 287.0 228.3 32.9 28.3
1.433333 0 287.0 229.1 32.6 28.1
1.466667 0 287.0 229.9 32.4 27.9
1.500000 0 287.0 230.7 32.1 27.7
1.533333 0 287.0 231.5 31.9 27.5
1.566667 0 287.0 232.3 31.7 27.3
1.600000 0 287.0 233.1 31.4 27.1
1.633333 0 287.0 234.0 31.2 27.0
1.666667 0 287.0 234.8 31.0 26.8
1.700000 0 287.0 235.6 30.7 26.6
1.733333 0 287.0 236.4 30.5 26.4
1.766667 0 287.0 237.2 30.2 26.2
1.800000 0 287.0 238.0 30.0 26.0
1.833333 0 286.7 238.5 30.1 26.1
1.866667 0 286.4 239.0 30.3 26.3
1.900000 0 286.1 239.6 30.4 26.4
1.933333 0 285.9 240.1 30.6 26.6
1.966667 0 285.6 240.6 30.7 26.7
2.000000 0 285.3 241.1 30.9 26.9
2.033333 0 285.0 241.7 31.0 27.0
2.066667 0 284.7 242.2 31.1 27.1
2.100000 0 284.4 242.7 31.3 27.3
2.133333 0 284.1 243.2 31.4 27.4
2.166667 0 283.9 243.8 31.6 27.6
2.200000 0 283.6 244.3 31.7 27.7
2.233333 0 283.3 244.8 31.9 27.9
2.266667 0 283.0 245.3 32.0 28.0
2.300000 0 282.7 245.9 32.1 28.1
2.333333 0 282.4 246.4 32.3 28.3
2.366667 0 282.1 246.9 32.4 28.4
2.400000 0 281.9 247.4 32.6 28.6
2.433333 0 281.6 248.0 32.7 28.7
2.466667 0 281.3 248.5 32.9 28.9
2.500000 0 281.0 249.0 33.0 29.0
2.533333 0 281.0 249.6 33.0 29.1
2.566667 0 281.0 250.3 32.9 29.2
2.600000 0 281.0 250.9 32.9 29.3
2.633333 0 281.0 251.6 32.8 29.4
2.666667 0 281.0 252.2 32.8 29.5
2.700000 0 281.0 252.9 32.7 29.6
2.733333 0 281.0 253.5 32.7 29.7
2.766667 0 281.0 254.2 32.6 29.8
2.800000 0 281.0 254.8 32.6 29.9
2.833333 0 281.0 255.5 32.5 30.0
2.866667 0 281.0 256.1 32.5 30.1
2.900000 0 281.0 256.8 32.4 30.2
2.933333 0 281.0 257.4 32.4 30.3
2.966667 0 281.0 258.1 32.3 30.4
3.000000 0 281.0 258.7 32.3 30.5
3.033333 0 281.0 259.4 32.2 30.6
3.066667 0 281.0 260.0 32.2 30.7
3.100000 0 281.0 260.7 32.1 30.8
3.133333 0 281.0 261.3 32.1 30.9
3.166667 0 281.0 262.0 32.0 31.0
3.200000 0 280.9 263.0 31.7 30.6
3.233333 0 280.8 264.0 31.5 30.3
3.266667 0 280.7 265.0 31.2 29.9
3.300000 0 280.6 266.0 30.9 29.5
3.333333 0 280.5 267.0 30.6 29.2
3.366667 0 280.5 268.0 30.4 28.8
3.400000 0 280.4 269.0 30.1 28.5
3.433333 0 280.3 270.0 29.8 28.1
3.466667 0 280.2 271.0 29.5 27.7
3.500000 0 280.1 272.0 29.3 27.4
3.533333 0 280.0 273.0 29.0 27.0
3.566667 0 279.8 273.6 29.1 27.1
3.600000 0 279.6 274.2 29.3 27.3
3.633333 0 279.4 274.8 29.4 27.4
3.666667 0 279.2 275.4 29.5 27.5
3.700000 0 279.0 276.0 29.7 27.7
3.733333 0 278.8 276.6 29.8 27.8
3.766667 0 278.6 277.2 29.9 27.9
3.800000 0 278.4 277.8 30.1 28.1
3.833333 0 278.2 278.4 30.2 28.2
3.866667 0 278.0 279.0 30.3 28.3
3.900000 0 277.8 279.6 30.5 28.5
3.933333 0 277.6 280.2 30.6 28.6
3.966667 0 277.4 280.8 30.7 28.7
4.000000 0 277.2 281.4 30.9 28.9
4.033333 0 277.0 282.0 31.0 29.0
4.066667 0 276.8 282.7 30.9 28.7
4.100000 0 276.6 283.3 30.8 28.4
4.133333 0 276.3 284.0 30.7 28.2
4.166667 0 276.1 284.7 30.6 27.9
4.200000 0 275.9 285.3 30.4 27.6
4.233333 0 275.7 286.0 30.3 27.3
4.266667 0 275.4 286.7 30.2 27.1
4.300000 0 275.2 287.3 30.1 26.8
4.333333 0 275.0 288.0 30.0 26.5
4.366667 0 274.8 288.7 29.9 26.2
4.400000 0 274.6 289.3 29.8 25.9
4.433333 0 274.3 290.0 29.7 25.7
4.466667 0 274.1 290.7 29.6 25.4
4.500000 0 273.9 291.3 29.4 25.1
4.533333 0 273.7 292.0 29.3 24.8
4.566667 0 273.4 292.7 29.2 24.6
4.600000 0 273.2 293.3 29.1 24.3
4.633333 0 273.0 294.0 29.0 24.0
4.666667 0 272.9 294.5 29.2 24.1
4.700000 0 272.7 295.0 29.4 24.2
4.733333 0 272.6 295.6 29.6 24.3
4.766667 0 272.4 296.1 29.7 24.4
4.800000 0 272.3 296.6 29.9 24.6
4.833333 0 272.1 297.1 30.1 24.7
4.866667 0 272.0 297.6 30.3 24.8
4.900000 0 271.8 298.1 30.5 24.9
4.933333 0 271.7 298.7 30.7 25.0
4.966667 0 271.5 299.2 30.9 25.1
5.000000 0 271.4 299.7 31.0 25.2
5.033333 0 271.2 300.2 31.2 25.3
5.066667 0 271.1 300.7 31.4 25.4
5.100000 0 270.9 301.3 31.6 25.6
5.133333 0 270.8 301.8 31.8 25.7
5.166667 0 270.6 302.3 32.0 25.8
5.200000 0 270.5 302.8 32.1 25.9
5.233333 0 270.3 303.3 32.3 26.0
5.266667 0 270.2 303.9 32.5 26.1
5.300000 0 270.0 304.4 32.7 26.2
5.333333 0 269.9 304.9 32.9 26.3
5.366667 0 269.7 305.4 33.1 26.4
5.400000 0 269.6 305.9 33.3 26.6
5.433333 0 269.4 306.4 33.4 26.7
5.466667 0 269.3 307.0 33.6 26.8
5.500000 0 269.1 307.5 33.8 26.9
5.533333 0 269.0 308.0 34.0 27.0
5.566667 0 268.9 308.6 33.9 27.0
5.600000 0 268.8 309.3 33.8 26.9
5.633333 0 268.6 309.9 33.8 26.9
5.666667 0 268.5 310.6 33.7 26.8
5.700000 0 268.4 311.2 33.6 26.8
5.733333 0 268.3 311.8 33.5 26.8
5.766667 0 268.2 312.5 33.4 26.7
5.800000 0 268.0 313.1 33.4 26.7
5.833333 0 267.9 313.8 33.3 26.6
5.866667 0 267.8 314.4 33.2 26.6
5.900000 0 267.7 315.0 33.1 26.6
5.933333 0 267.6 315.7 33.0 26.5
5.966667 0 267.4 316.3 33.0 26.5
6.000000 0 267.3 317.0 32.9 26.4
6.033333 0 267.2 317.6 32.8 26.4
6.066667 0 267.1 318.2 32.7 26.4
6.100000 0 267.0 318.9 32.6 26.3
6.133333 0 266.8 319.5 32.6 26.3
6.166667 0 266.7 320.2 32.5 26.2
6.200000 0 266.6 320.8 32.4 26.2
6.233333 0 266.5 321.4 32.3 26.2
6.266667 0 266.4 322.1 32.2 26.1
6.300000 0 266.2 322.7 32.2 26.1
6.333333 0 266.1 323.4 32.1 26.0
6.366667 0 266.0 324.0 32.0 26.0
6.400000 0 265.9 324.6 32.0 25.9
6.433333 0 265.8 325.1 32.1 25.8
6.466667 0 265.6 325.7 32.1 25.6
6.500000 0 265.5 326.2 32.2 25.5
6.533333 0 265.4 326.8 32.2 25.4
6.566667 0 265.3 327.4 32.2 25.3
6.600000 0 265.2 327.9 32.3 25.2
6.633333 0 265.0 328.5 32.3 25.0
6.666667 0 264.9 329.0 32.4 24.9
6.700000 0 264.8 329.6 32.4 24.8
6.733333 0 264.7 330.2 32.4 24.7
6.766667 0 264.6 330.7 32.5 24.6
6.800000 0 264.4 331.3 32.5 24.4
6.833333 0 264.3 331.8 32.6 24.3
6.866667 0 264.2 332.4 32.6 24.2
6.900000 0 264.1 333.0 32.6 24.1
6.933333 0 264.0 333.5 32.7 24.0
6.966667 0 263.8 334.1 32.7 23.8
7.000000 0 263.7 334.6 32.8 23.7
7.033333 0 263.6 335.2 32.8 23.6
7.066667 0 263.5 335.8 32.8 23.5
7.100000 0 263.4 336.3 32.9 23.4
7.133333 0 263.2 336.9 32.9 23.2
7.166667 0 263.1 337.4 33.0 23.1
7.200000 0 263.0 338.0 33.0 23.0
7.233333 0 263.0 338.5 32.7 23.1
7.266667 0 262.9 339.0 32.4 23.2
7.300000 0 262.9 339.4 32.0 23.2
7.333333 0 262.8 339.9 31.7 23.3
7.366667 0 262.8 340.4 31.4 23.4
7.400000 0 262.8 340.9 31.1 23.5
7.433333 0 262.7 341.4 30.8 23.6
7.466667 0 262.7 341.8 30.4 23.6
7.500000 0 262.6 342.3 30.1 23.7
7.533333 0 262.6 342.8 29.8 23.8
7.566667 0 262.6 343.3 29.5 23.9
7.600000 0 262.5 343.8 29.2 24.0
7.633333 0 262.5 344.2 28.8 24.0
7.666667 0 262.4 344.7 28.5 24.1
7.700000 0 262.4 345.2 28.2 24.2
7.733333 0 262.4 345.7 27.9 24.3
7.766667 0 262.3 346.2 27.6 24.4
7.800000 0 262.3 346.6 27.2 24.4
7.833333 0 262.2 347.1 26.9 24.5
7.866667 0 262.2 347.6 26.6 24.6
7.900000 0 262.2 348.1 26.3 24.7
7.933333 0 262.1 348.6 26.0 24.8
7.966667 0 262.1 349.0 25.6 24.8
8.000000 0 262.0 349.5 25.3 24.9
8.033333 0 262.0 350.0 25.0 25.0
8.066667 0 261.8 350.7 25.0 24.7
8.100000 0 261.6 351.3 25.0 24.5
8.133333 0 261.4 352.0 25.0 24.2
8.166667 0 261.2 352.6 25.0 24.0
8.200000 0 261.0 353.3 25.0 23.7
8.233333 0 260.8 353.9 25.0 23.5
8.266667 0 260.6 354.6 25.0 23.2
8.300000 0 260.4 355.2 25.0 23.0
8.333333 0 260.2 355.9 25.0 22.7
8.366667 0 260.0 356.5 25.0 22.5
8.400000 0 259.8 357.2 25.0 22.2
8.433333 0 259.6 357.8 25.0 22.0
8.466667 0 259.4 358.5 25.0 21.7
8.500000 0 259.2 359.1 25.0 21.5
8.533333 0 259.0 359.8 25.0 21.2
8.566667 0 258.8 360.4 25.0 21.0
8.600000 0 258.6 361.1 25.0 20.7
8.633333 0 258.4 361.7 25.0 20.5
8.666667 0 258.2 362.4 25.0 20.2
8.700000 0 258.0 363.0 25.0 20.0
8.733333 0 257.8 363.5 25.0 20.1
8.766667 0 257.7 363.9 25.0 20.1
8.800000 0 257.5 364.4 25.1 20.2
8.833333 0 257.3 364.8 25.1 20.3
8.866667 0 257.2 365.3 25.1 20.4
8.900000 0 257.0 365.7 25.1 20.4
8.933333 0 256.8 366.2 25.2 20.5
8.966667 0 256.7 366.6 25.2 20.6
9.000000 0 256.5 367.1 25.2 20.6
9.033333 0 256.3 367.5 25.2 20.7
9.066667 0 256.2 368.0 25.3 20.8
9.100000 0 256.0 368.4 25.3 20.9
9.133333 0 255.8 368.9 25.3 20.9
9.166667 0 255.7 369.3 25.3 21.0
9.200000 0 255.5 369.8 25.4 21.1
9.233333 0 255.3 370.2 25.4 21.1
9.266667 0 255.2 370.7 25.4 21.2
9.300000 0 255.0 371.1 25.4 21.3
9.333333 0 254.8 371.6 25.5 21.4
9.366667 0 254.7 372.0 25.5 21.4
9.400000 0 254.5 372.5 25.5 21.5
9.433333 0 254.3 373.0 25.5 21.6
9.466667 0 254.2 373.4 25.5 21.6
9.500000 0 254.0 373.9 25.6 21.7
9.533333 0 253.8 374.3 25.6 21.8
9.566667 0 253.7 374.8 25.6 21.9
9.600000 0 253.5 375.2 25.6 21.9
9.633333 0 253.3 375.7 25.7 22.0
9.666667 0 253.2 376.1 25.7 22.1
9.700000 0 253.0 376.6 25.7 22.1
9.733333 0 252.8 377.0 25.7 22.2
9.766667 0 252.7 377.5 25.8 22.3
9.800000 0 252.5 377.9 25.8 22.4
9.833333 0 252.3 378.4 25.8 22.4
9.866667 0 252.2 378.8 25.8 22.5
9.900000 0 252.0 379.3 25.9 22.6
9.933333 0 251.8 379.7 25.9 22.6
9.966667 0 251.7 380.2 25.9 22.7
10.000000 0 251.5 380.6 25.9 22.8
10.033333 0 251.3 381.1 26.0 22.9
10.066667 0 251.2 381.5 26.0 22.9
10.100000 0 251.0 382.0 26.0 23.0
