0.000000 1 315.0 366.0 25.0 30.0
0.033333 1 315.1 365.5 25.0 30.0
0.066667 1 315.2 365.1 25.1 30.0
0.100000 1 315.2 364.6 25.1 30.0
0.133333 1 315.3 364.2 25.2 30.0
0.166667 1 315.4 363.7 25.2 30.0
0.200000 1 315.5 363.2 25.2 30.0
0.233333 1 315.5 362.8 25.3 30.0
0.266667 1 315.6 362.3 25.3 30.0
0.300000 1 315.7 361.8 25.3 30.0
0.333333 1 315.8 361.4 25.4 30.0
0.366667 1 315.8 360.9 25.4 30.0
0.400000 1 315.9 360.5 25.5 30.0
0.433333 1 316.0 360.0 25.5 30.0
0.466667 1 316.1 359.5 25.5 30.0
0.500000 1 316.2 359.1 25.6 30.0
0.533333 1 316.2 358.6 25.6 30.0
0.566667 1 316.3 358.2 25.7 30.0
0.600000 1 316.4 357.7 25.7 30.0
0.633333 1 316.5 357.2 25.7 30.0
0.666667 1 316.5 356.8 25.8 30.0
0.700000 1 316.6 356.3 25.8 30.0
0.733333 1 316.7 355.8 25.8 30.0
0.766667 1 316.8 355.4 25.9 30.0
0.800000 1 316.8 354.9 25.9 30.0
0.833333 1 316.9 354.5 26.0 30.0
0.866667 1 317.0 354.0 26.0 30.0
0.900000 1 317.2 353.5 26.0 30.4
0.933333 1 317.4 353.1 26.0 30.8
0.966667 1 317.6 352.6 26.0 31.2
1.000000 1 317.8 352.1 26.0 31.6
1.033333 1 318.0 351.7 26.0 32.0
1.066667 1 318.2 351.2 26.0 32.4
1.100000 1 318.4 350.7 26.0 32.8
1.133333 1 318.6 350.3 26.0 33.2
1.166667 1 318.8 349.8 26.0 33.6
1.200000 1 319.0 349.3 26.0 34.0
1.233333 1 319.2 348.9 26.0 34.4
1.266667 1 319.4 348.4 26.0 34.8
1.300000 1 319.6 347.9 26.0 35.2
1.333333 1 319.8 347.5 26.0 35.6
1.366667 1 320.0 347.0 26.0 36.0
1.400000 1 319.9 347.1 25.6 35.0
1.433333 1 319.8 347.2 25.2 34.0
1.466667 1 319.7 347.3 24.8 33.0
1.500000 1 319.6 347.4 24.4 32.0
1.533333 1 319.5 347.5 24.0 31.0
1.566667 1 319.4 347.6 23.6 30.0
1.600000 1 319.3 347.7 23.2 29.0
1.633333 1 319.2 347.8 22.8 28.0
1.666667 1 319.1 347.9 22.4 27.0
1.700000 1 319.0 348.0 22.0 26.0
1.733333 1 319.1 348.6 22.3 26.1
1.766667 1 319.1 349.3 22.6 26.1
1.800000 1 319.2 349.9 22.9 26.2
1.833333 1 319.3 350.6 23.1 26.3
1.866667 1 319.4 351.2 23.4 26.4
1.900000 1 319.4 351.9 23.7 26.4
1.933333 1 319.5 352.5 24.0 26.5
1.966667 1 319.6 353.1 24.3 26.6
2.000000 1 319.6 353.8 24.6 26.6
2.033333 1 319.7 354.4 24.9 26.7
2.066667 1 319.8 355.1 25.1 26.8
2.100000 1 319.9 355.7 25.4 26.9
2.133333 1 319.9 356.4 25.7 26.9
2.166667 1 320.0 357.0 26.0 27.0
2.200000 1 320.0 356.4 26.4 27.2
2.233333 1 320.0 355.7 26.7 27.4
2.266667 1 320.0 355.1 27.1 27.6
2.300000 1 320.0 354.4 27.4 27.9
2.333333 1 320.0 353.8 27.8 28.1
2.366667 1 320.0 353.1 28.1 28.3
2.400000 1 320.0 352.5 28.5 28.5
2.433333 1 320.0 351.9 28.9 28.7
2.466667 1 320.0 351.2 29.2 28.9
2.500000 1 320.0 350.6 29.6 29.1
2.533333 1 320.0 349.9 29.9 29.4
2.566667 1 320.0 349.3 30.3 29.6
2.600000 1 320.0 348.6 30.6 29.8
2.633333 1 320.0 348.0 31.0 30.0
2.666667 1 320.0 348.1 30.9 30.1
2.700000 1 320.0 348.2 30.9 30.1
2.733333 1 320.0 348.4 30.8 30.2
2.766667 1 320.0 348.5 30.8 30.2
2.800000 1 320.0 348.6 30.7 30.3
2.833333 1 320.0 348.7 30.6 30.4
2.866667 1 320.0 348.9 30.6 30.4
2.900000 1 320.0 349.0 30.5 30.5
2.933333 1 320.0 349.1 30.4 30.6
2.966667 1 320.0 349.2 30.4 30.6
3.000000 1 320.0 349.4 30.3 30.7
3.033333 1 320.0 349.5 30.3 30.7
3.066667 1 320.0 349.6 30.2 30.8
3.100000 1 320.0 349.7 30.1 30.9
3.133333 1 320.0 349.9 30.1 30.9
3.166667 1 320.0 350.0 30.0 31.0
3.200000 1 320.0 349.6 29.9 31.2
3.233333 1 320.1 349.1 29.8 31.3
3.266667 1 320.1 348.7 29.7 31.5
3.300000 1 320.2 348.3 29.7 31.7
3.333333 1 320.2 347.8 29.6 31.9
3.366667 1 320.3 347.4 29.5 32.0
3.400000 1 320.3 347.0 29.4 32.2
3.433333 1 320.3 346.5 29.3 32.4
3.466667 1 320.4 346.1 29.2 32.6
3.500000 1 320.4 345.7 29.1 32.7
3.533333 1 320.5 345.2 29.0 32.9
3.566667 1 320.5 344.8 29.0 33.1
3.600000 1 320.6 344.3 28.9 33.3
3.633333 1 320.6 343.9 28.8 33.4
3.666667 1 320.7 343.5 28.7 33.6
3.700000 1 320.7 343.0 28.6 33.8
3.733333 1 320.7 342.6 28.5 34.0
3.766667 1 320.8 342.2 28.4 34.1
3.800000 1 320.8 341.7 28.3 34.3
3.833333 1 320.9 341.3 28.3 34.5
3.866667 1 320.9 340.9 28.2 34.7
3.900000 1 321.0 340.4 28.1 34.8
3.933333 1 321.0 340.0 28.0 35.0
3.966667 1 320.9 339.7 28.0 34.6
4.000000 1 320.8 339.4 28.0 34.2
4.033333 1 320.7 339.2 28.0 33.8
4.066667 1 320.6 338.9 28.0 33.4
4.100000 1 320.4 338.6 28.0 33.1
4.133333 1 320.3 338.3 28.0 32.7
4.166667 1 320.2 338.1 28.0 32.3
4.200000 1 320.1 337.8 28.0 31.9
4.233333 1 320.0 337.5 28.0 31.5
4.266667 1 319.9 337.2 28.0 31.1
4.300000 1 319.8 336.9 28.0 30.7
4.333333 1 319.7 336.7 28.0 30.3
4.366667 1 319.6 336.4 28.0 29.9
4.400000 1 319.4 336.1 28.0 29.6
4.433333 1 319.3 335.8 28.0 29.2
4.466667 1 319.2 335.6 28.0 28.8
4.500000 1 319.1 335.3 28.0 28.4
4.533333 1 319.0 335.0 28.0 28.0
4.566667 1 319.3 334.7 28.0 28.0
4.600000 1 319.5 334.5 28.0 28.0
4.633333 1 319.8 334.2 28.0 28.0
4.666667 1 320.1 333.9 28.0 28.0
4.700000 1 320.4 333.6 28.0 28.0
4.733333 1 320.6 333.4 28.0 28.0
4.766667 1 320.9 333.1 28.0 28.0
4.800000 1 321.2 332.8 28.0 28.0
4.833333 1 321.5 332.5 28.0 28.0
4.866667 1 321.7 332.3 28.0 28.0
4.900000 1 322.0 332.0 28.0 28.0
4.933333 1 322.5 330.4 27.6 27.4
4.966667 1 323.0 328.8 27.3 26.8
5.000000 1 323.5 327.1 26.9 26.1
5.033333 1 324.0 325.5 26.5 25.5
5.066667 1 324.5 323.9 26.1 24.9
5.100000 1 325.0 322.3 25.8 24.3
5.133333 1 325.5 320.6 25.4 23.6
5.166667 1 326.0 319.0 25.0 23.0
5.200000 1 326.4 318.2 25.3 23.2
5.233333 1 326.9 317.4 25.7 23.4
5.266667 1 327.3 316.7 26.0 23.7
5.300000 1 327.8 315.9 26.3 23.9
5.333333 1 328.2 315.1 26.7 24.1
5.366667 1 328.7 314.3 27.0 24.3
5.400000 1 329.1 313.6 27.3 24.6
5.433333 1 329.6 312.8 27.7 24.8
5.466667 1 330.0 312.0 28.0 25.0
5.500000 1 331.0 311.2 27.5 25.3
5.533333 1 332.0 310.5 27.0 25.5
5.566667 1 333.0 309.7 26.5 25.8
5.600000 1 334.0 309.0 26.0 26.0
5.633333 1 334.4 309.9 26.0 26.0
5.666667 1 334.9 310.7 26.0 26.0
5.700000 1 335.3 311.6 26.0 26.0
5.733333 1 335.7 312.4 26.0 26.0
5.766667 1 336.1 313.3 26.0 26.0
5.800000 1 336.6 314.1 26.0 26.0
5.833333 1 337.0 315.0 26.0 26.0
5.866667 1 337.6 314.6 26.1 26.9
5.900000 1 338.3 314.2 26.3 27.8
5.933333 1 338.9 313.9 26.4 28.6
5.966667 1 339.5 313.5 26.5 29.5
6.000000 1 340.1 313.1 26.6 30.4
6.033333 1 340.8 312.7 26.8 31.3
6.066667 1 341.4 312.4 26.9 32.1
6.100000 1 342.0 312.0 27.0 33.0
6.133333 1 342.6 311.7 26.5 32.5
6.166667 1 343.3 311.5 25.9 32.1
6.200000 1 343.9 311.2 25.4 31.6
6.233333 1 344.5 310.9 24.8 31.2
6.266667 1 345.2 310.6 24.3 30.7
6.300000 1 345.8 310.4 23.7 30.3
6.333333 1 346.5 310.1 23.2 29.8
6.366667 1 347.1 309.8 22.6 29.4
6.400000 1 347.7 309.5 22.1 28.9
6.433333 1 348.4 309.3 21.5 28.5
6.466667 1 349.0 309.0 21.0 28.0
6.500000 1 348.8 308.1 21.8 28.7
6.533333 1 348.5 307.2 22.5 29.3
6.566667 1 348.2 306.3 23.2 30.0
6.600000 1 348.0 305.3 24.0 30.7
6.633333 1 347.8 304.4 24.8 31.3
6.666667 1 347.5 303.5 25.5 32.0
6.700000 1 347.2 302.6 26.2 32.7
6.733333 1 347.0 301.7 27.0 33.3
6.766667 1 346.8 300.8 27.8 34.0
6.800000 1 346.5 299.8 28.5 34.7
6.833333 1 346.2 298.9 29.2 35.3
6.866667 1 346.0 298.0 30.0 36.0
6.900000 1 345.9 297.1 29.7 35.8
6.933333 1 345.7 296.3 29.5 35.6
6.966667 1 345.6 295.4 29.2 35.4
7.000000 1 345.5 294.5 28.9 35.2
7.033333 1 345.3 293.7 28.7 35.0
7.066667 1 345.2 292.8 28.4 34.8
7.100000 1 345.1 291.9 28.1 34.6
7.133333 1 344.9 291.1 27.9 34.4
7.166667 1 344.8 290.2 27.6 34.2
7.200000 1 344.7 289.3 27.3 34.0
7.233333 1 344.5 288.5 27.1 33.8
7.266667 1 344.4 287.6 26.8 33.6
7.300000 1 344.3 286.7 26.5 33.4
7.333333 1 344.1 285.9 26.3 33.2
7.366667 1 344.0 285.0 26.0 33.0
7.400000 1 343.5 285.0 26.3 32.8
7.433333 1 342.9 285.0 26.5 32.6
7.466667 1 342.4 285.0 26.8 32.5
7.500000 1 341.8 285.0 27.1 32.3
7.533333 1 341.3 285.0 27.4 32.1
7.566667 1 340.7 285.0 27.6 31.9
7.600000 1 340.2 285.0 27.9 31.7
7.633333 1 339.6 285.0 28.2 31.5
7.666667 1 339.1 285.0 28.5 31.4
7.700000 1 338.5 285.0 28.7 31.2
7.733333 1 338.0 285.0 29.0 31.0
7.766667 1 337.7 284.5 29.1 31.1
7.800000 1 337.4 283.9 29.2 31.2
7.833333 1 337.1 283.4 29.2 31.2
7.866667 1 336.8 282.8 29.3 31.3
7.900000 1 336.5 282.3 29.4 31.4
7.933333 1 336.2 281.8 29.5 31.5
7.966667 1 335.8 281.2 29.5 31.5
8.000000 1 335.5 280.7 29.6 31.6
8.033333 1 335.2 280.2 29.7 31.7
8.066667 1 334.9 279.6 29.8 31.8
8.100000 1 334.6 279.1 29.8 31.8
8.133333 1 334.3 278.5 29.9 31.9
8.166667 1 334.0 278.0 30.0 32.0
8.200000 1 334.3 276.8 29.7 32.0
8.233333 1 334.7 275.6 29.3 32.0
8.266667 1 335.0 274.3 29.0 32.0
8.300000 1 335.3 273.1 28.7 32.0
8.333333 1 335.7 271.9 28.3 32.0
8.366667 1 336.0 270.7 28.0 32.0
8.400000 1 336.3 269.4 27.7 32.0
8.433333 1 336.7 268.2 27.3 32.0
8.466667 1 337.0 267.0 27.0 32.0
8.500000 1 337.1 265.0 27.0 32.2
8.533333 1 337.2 263.0 27.0 32.4
8.566667 1 337.3 261.0 27.0 32.5
8.600000 1 337.4 259.0 27.0 32.7
8.633333 1 337.5 257.0 27.0 32.9
8.666667 1 337.5 255.0 27.0 33.1
8.700000 1 337.6 253.0 27.0 33.3
8.733333 1 337.7 251.0 27.0 33.5
8.766667 1 337.8 249.0 27.0 33.6
8.800000 1 337.9 247.0 27.0 33.8
8.833333 1 338.0 245.0 27.0 34.0
8.866667 1 338.2 244.1 27.0 33.5
8.900000 1 338.4 243.2 27.0 33.1
8.933333 1 338.5 242.3 27.0 32.6
8.966667 1 338.7 241.4 27.0 32.2
9.000000 1 338.9 240.5 27.0 31.7
9.033333 1 339.1 239.5 27.0 31.3
9.066667 1 339.3 238.6 27.0 30.8
9.100000 1 339.5 237.7 27.0 30.4
9.133333 1 339.6 236.8 27.0 29.9
9.166667 1 339.8 235.9 27.0 29.5
9.200000 1 340.0 235.0 27.0 29.0
9.233333 1 339.8 234.2 26.8 28.8
9.266667 1 339.7 233.5 26.7 28.5
9.300000 1 339.5 232.8 26.5 28.2
9.333333 1 339.3 232.0 26.3 28.0
9.366667 1 339.2 231.2 26.2 27.8
9.400000 1 339.0 230.5 26.0 27.5
9.433333 1 338.8 229.8 25.8 27.2
9.466667 1 338.7 229.0 25.7 27.0
9.500000 1 338.5 228.2 25.5 26.8
9.533333 1 338.3 227.5 25.3 26.5
9.566667 1 338.2 226.8 25.2 26.2
9.600000 1 338.0 226.0 25.0 26.0
9.633333 1 338.1 225.3 25.0 26.2
9.666667 1 338.2 224.7 25.0 26.3
9.700000 1 338.3 224.0 25.0 26.5
9.733333 1 338.3 223.3 25.0 26.7
9.766667 1 338.4 222.7 25.0 26.8
9.800000 1 338.5 222.0 25.0 27.0
9.833333 1 338.6 221.3 25.0 27.2
9.866667 1 338.7 220.7 25.0 27.3
9.900000 1 338.8 220.0 25.0 27.5
9.933333 1 338.8 219.3 25.0 27.7
9.966667 1 338.9 218.7 25.0 27.8
10.000000 1 339.0 218.0 25.0 28.0
10.033333 1 338.8 216.6 25.3 27.6
10.066667 1 338.6 215.1 25.7 27.1
10.100000 1 338.3 213.7 26.0 26.7
10.133333 1 338.1 212.2 26.3 26.2
10.166667 1 337.9 210.8 26.7 25.8
10.200000 1 337.7 209.3 27.0 25.3
10.233333 1 337.4 207.9 27.3 24.9
10.266667 1 337.2 206.4 27.7 24.4
10.300000 1 337.0 205.0 28.0 24.0
