0.000000 1 475.0 309.0 27.0 26.0
0.033333 1 474.5 308.9 27.0 25.8
0.066667 1 474.0 308.7 26.9 25.5
0.100000 1 473.5 308.6 26.9 25.3
0.133333 1 473.0 308.5 26.8 25.1
0.166667 1 472.5 308.3 26.8 24.9
0.200000 1 472.0 308.2 26.7 24.6
0.233333 1 471.5 308.0 26.7 24.4
0.266667 1 471.0 307.9 26.6 24.2
0.300000 1 470.5 307.8 26.6 24.0
0.333333 1 470.0 307.6 26.5 23.7
0.366667 1 469.5 307.5 26.5 23.5
0.400000 1 469.0 307.4 26.5 23.3
0.433333 1 468.5 307.2 26.4 23.0
0.466667 1 468.0 307.1 26.4 22.8
0.500000 1 467.5 307.0 26.3 22.6
0.533333 1 467.0 306.8 26.3 22.4
0.566667 1 466.5 306.7 26.2 22.1
0.600000 1 466.0 306.5 26.2 21.9
0.633333 1 465.5 306.4 26.1 21.7
0.666667 1 465.0 306.3 26.1 21.5
0.700000 1 464.5 306.1 26.0 21.2
0.733333 1 464.0 306.0 26.0 21.0
0.766667 1 463.6 305.8 26.0 21.0
0.800000 1 463.1 305.6 26.0 21.0
0.833333 1 462.7 305.4 26.0 21.0
0.866667 1 462.3 305.3 26.0 21.0
0.900000 1 461.8 305.1 26.0 21.0
0.933333 1 461.4 304.9 26.0 21.0
0.966667 1 460.9 304.7 26.0 21.0
1.000000 1 460.5 304.5 26.0 21.0
1.033333 1 460.1 304.3 26.0 21.0
1.066667 1 459.6 304.1 26.0 21.0
1.100000 1 459.2 303.9 26.0 21.0
1.133333 1 458.8 303.8 26.0 21.0
1.166667 1 458.3 303.6 26.0 21.0
1.200000 1 457.9 303.4 26.0 21.0
1.233333 1 457.4 303.2 26.0 21.0
1.266667 1 457.0 303.0 26.0 21.0
1.300000 1 456.5 302.9 26.0 21.1
1.333333 1 456.1 302.8 26.1 21.2
1.366667 1 455.6 302.7 26.1 21.3
1.400000 1 455.2 302.5 26.2 21.5
1.433333 1 454.7 302.4 26.2 21.6
1.466667 1 454.2 302.3 26.2 21.7
1.500000 1 453.8 302.2 26.3 21.8
1.533333 1 453.3 302.1 26.3 21.9
1.566667 1 452.8 302.0 26.3 22.0
1.600000 1 452.4 301.8 26.4 22.2
1.633333 1 451.9 301.7 26.4 22.3
1.666667 1 451.5 301.6 26.5 22.4
1.700000 1 451.0 301.5 26.5 22.5
1.733333 1 450.5 301.4 26.5 22.6
1.766667 1 450.1 301.3 26.6 22.7
1.800000 1 449.6 301.2 26.6 22.8
1.833333 1 449.2 301.0 26.7 23.0
1.866667 1 448.7 300.9 26.7 23.1
1.900000 1 448.2 300.8 26.7 23.2
1.933333 1 447.8 300.7 26.8 23.3
1.966667 1 447.3 300.6 26.8 23.4
2.000000 1 446.8 300.5 26.8 23.5
2.033333 1 446.4 300.3 26.9 23.7
2.066667 1 445.9 300.2 26.9 23.8
2.100000 1 445.5 300.1 27.0 23.9
2.133333 1 445.0 300.0 27.0 24.0
2.166667 1 444.4 299.8 27.1 24.1
2.200000 1 443.9 299.6 27.1 24.2
2.233333 1 443.3 299.4 27.2 24.3
2.266667 1 442.8 299.2 27.2 24.4
2.300000 1 442.2 299.0 27.3 24.5
2.333333 1 441.7 298.8 27.3 24.6
2.366667 1 441.1 298.6 27.4 24.7
2.400000 1 440.6 298.4 27.4 24.8
2.433333 1 440.0 298.2 27.5 24.9
2.466667 1 439.5 298.0 27.5 25.0
2.500000 1 438.9 297.8 27.6 25.1
2.533333 1 438.4 297.6 27.6 25.2
2.566667 1 437.8 297.4 27.7 25.3
2.600000 1 437.3 297.2 27.7 25.4
2.633333 1 436.7 297.0 27.8 25.5
2.666667 1 436.2 296.8 27.8 25.6
2.700000 1 435.6 296.6 27.9 25.7
2.733333 1 435.1 296.4 27.9 25.8
2.766667 1 434.5 296.2 28.0 25.9
2.800000 1 434.0 296.0 28.0 26.0
2.833333 1 433.2 295.8 28.2 26.0
2.866667 1 432.4 295.6 28.4 26.0
2.900000 1 431.7 295.3 28.7 26.0
2.933333 1 430.9 295.1 28.9 26.0
2.966667 1 430.1 294.9 29.1 26.0
3.000000 1 429.3 294.7 29.3 26.0
3.033333 1 428.5 294.5 29.5 26.0
3.066667 1 427.7 294.3 29.7 26.0
3.100000 1 427.0 294.0 30.0 26.0
3.133333 1 426.2 293.8 30.2 26.0
3.166667 1 425.4 293.6 30.4 26.0
3.200000 1 424.6 293.4 30.6 26.0
3.233333 1 423.8 293.2 30.8 26.0
3.266667 1 423.0 293.0 31.0 26.0
3.300000 1 422.3 292.7 31.3 26.0
3.333333 1 421.5 292.5 31.5 26.0
3.366667 1 420.7 292.3 31.7 26.0
3.400000 1 419.9 292.1 31.9 26.0
3.433333 1 419.1 291.9 32.1 26.0
3.466667 1 418.3 291.7 32.3 26.0
3.500000 1 417.6 291.4 32.6 26.0
3.533333 1 416.8 291.2 32.8 26.0
3.566667 1 416.0 7.0 291.0 232.0
3.566667 1 33.0 19.0 26.0 21.0
3.600000 1 415.3 10.1 290.4 232.4
3.600000 1 32.5 19.7 25.9 21.1
3.633333 1 414.7 13.2 289.8 232.9
3.633333 1 32.1 20.3 25.7 21.2
3.666667 1 414.0 16.3 289.2 233.3
3.666667 1 31.6 21.0 25.6 21.3
3.700000 1 413.3 19.4 288.6 233.8
3.700000 1 31.1 21.7 25.5 21.4
3.733333 1 412.7 22.6 288.0 234.2
3.733333 1 30.7 22.3 25.3 21.5
3.766667 1 412.0 25.7 287.4 234.7
3.766667 1 30.2 23.0 25.2 21.7
3.800000 1 411.3 28.8 286.8 235.1
3.800000 1 29.7 23.7 25.1 21.8
3.833333 1 410.7 31.9 286.2 235.6
3.833333 1 29.3 24.3 24.9 21.9
3.866667 1 410.0 35.0 285.6 236.0
3.866667 1 28.8 25.0 24.8 22.0
3.900000 1 409.3 38.5 285.0 236.6
3.900000 1 28.3 24.5 24.7 21.6
3.933333 1 408.7 42.1 284.4 237.1
3.933333 1 27.9 24.1 24.5 21.3
3.966667 1 408.0 45.6 283.8 237.6
3.966667 1 27.4 23.6 24.4 20.9
4.000000 1 407.3 49.2 283.2 238.2
4.000000 1 26.9 23.2 24.3 20.5
4.033333 1 406.7 52.7 282.6 238.7
4.033333 1 26.5 22.7 24.1 20.2
4.066667 1 406.0 56.3 282.0 239.3
4.066667 1 26.0 22.3 24.0 19.8
4.100000 1 405.1 59.8 281.7 239.8
4.100000 1 26.1 21.8 24.0 19.5
4.133333 1 404.3 63.4 281.3 240.4
4.133333 1 26.2 21.4 24.0 19.1
4.166667 1 403.4 66.9 281.0 240.9
4.166667 1 26.3 20.9 24.0 18.7
4.200000 1 402.6 70.5 280.7 241.5
4.200000 1 26.4 20.5 24.0 18.4
4.233333 1 401.7 74.0 280.3 242.0
4.233333 1 26.6 20.0 24.0 18.0
4.266667 1 400.9 76.9 280.0 242.3
4.266667 1 26.7 20.5 24.0 18.1
4.300000 1 400.0 79.8 279.7 242.5
4.300000 1 26.8 20.9 24.0 18.2
4.333333 1 399.2 82.7 279.3 242.8
4.333333 1 26.9 21.4 24.0 18.3
4.366667 1 398.3 85.6 279.0 243.1
4.366667 1 27.0 21.8 24.0 18.4
4.400000 1 397.5 88.5 278.7 243.4
4.400000 1 27.1 22.3 24.0 18.5
4.433333 1 396.6 91.5 278.3 243.6
4.433333 1 27.2 22.7 24.0 18.5
4.466667 1 395.8 94.4 278.0 243.9
4.466667 1 27.3 23.2 24.0 18.6
4.500000 1 394.9 97.3 277.7 244.2
4.500000 1 27.4 23.6 24.0 18.7
4.533333 1 394.1 100.2 277.3 244.5
4.533333 1 27.6 24.1 24.0 18.8
4.566667 1 393.2 103.1 277.0 244.7
4.566667 1 27.7 24.5 24.0 18.9
4.600000 1 392.4 106.0 276.7 245.0
4.600000 1 27.8 25.0 24.0 19.0
4.633333 1 391.5 109.5 276.3 245.4
4.633333 1 27.9 25.0 24.0 19.2
4.666667 1 390.7 113.1 276.0 245.8
4.666667 1 28.0 25.0 24.0 19.3
4.700000 1 389.8 116.6 275.7 246.2
4.700000 1 28.1 25.0 24.0 19.5
4.733333 1 389.0 120.2 275.3 246.5
4.733333 1 28.2 25.0 24.0 19.6
4.766667 1 388.1 123.7 275.0 246.9
4.766667 1 28.3 25.0 24.0 19.8
4.800000 1 387.3 127.2 274.7 247.3
4.800000 1 28.4 25.0 24.0 19.9
4.833333 1 386.4 130.8 274.3 247.7
4.833333 1 28.6 25.0 24.0 20.1
4.866667 1 385.6 134.3 274.0 248.1
4.866667 1 28.7 25.0 24.0 20.2
4.900000 1 384.7 137.8 273.7 248.5
4.900000 1 28.8 25.0 24.0 20.4
4.933333 1 383.9 141.4 273.3 248.8
4.933333 1 28.9 25.0 24.0 20.5
4.966667 1 383.0 144.9 273.0 249.2
4.966667 1 29.0 25.0 24.0 20.7
5.000000 1 382.4 148.5 272.4 249.6
5.000000 1 28.8 25.0 24.2 20.8
5.033333 1 381.7 152.0 271.8 250.0
5.033333 1 28.7 25.0 24.3 21.0
5.066667 1 381.1 155.2 271.3 250.7
5.066667 1 28.5 25.1 24.5 21.1
5.100000 1 380.5 158.4 270.7 251.5
5.100000 1 28.4 25.2 24.6 21.2
5.133333 1 379.8 161.5 270.1 252.2
5.133333 1 28.2 25.3 24.8 21.3
5.166667 1 379.2 164.7 269.5 252.9
5.166667 1 28.1 25.4 24.9 21.4
5.200000 1 378.6 167.9 268.9 253.6
5.200000 1 27.9 25.5 25.1 21.5
5.233333 1 377.9 171.1 268.4 254.4
5.233333 1 27.7 25.5 25.3 21.5
5.266667 1 377.3 174.3 267.8 255.1
5.266667 1 27.6 25.6 25.4 21.6
5.300000 1 376.7 177.5 267.2 255.8
5.300000 1 27.4 25.7 25.6 21.7
5.333333 1 376.1 180.6 266.6 256.5
5.333333 1 27.3 25.8 25.7 21.8
5.366667 1 375.4 183.8 266.1 257.3
5.366667 1 27.1 25.9 25.9 21.9
5.400000 1 374.8 187.0 265.5 258.0
5.400000 1 26.9 26.0 26.1 22.0
5.433333 1 374.2 190.5 264.9 259.5
5.433333 1 26.8 25.5 26.2 21.3
5.466667 1 373.5 194.0 264.3 261.0
5.466667 1 26.6 25.0 26.4 20.5
5.500000 1 372.9 197.5 263.7 262.5
5.500000 1 26.5 24.5 26.5 19.8
5.533333 1 372.3 201.0 263.2 264.0
5.533333 1 26.3 24.0 26.7 19.0
5.566667 1 371.6 204.5 262.6 265.5
5.566667 1 26.2 23.5 26.8 18.3
5.600000 1 371.0 208.0 262.0 267.0
5.600000 1 26.0 23.0 27.0 17.5
5.633333 1 370.1 211.5 261.3 268.5
5.633333 1 26.1 22.5 26.9 16.8
5.666667 1 369.3 215.0 260.5 270.0
5.666667 1 26.1 22.0 26.9 16.0
5.700000 1 368.4 218.5 259.8 271.1
5.700000 1 26.2 22.0 26.8 16.3
5.733333 1 367.5 222.0 259.1 272.2
5.733333 1 26.3 22.0 26.7 16.6
5.766667 1 366.7 225.5 258.3 273.3
5.766667 1 26.3 22.0 26.7 16.9
5.800000 1 365.8 229.0 257.6 274.4
5.800000 1 26.4 22.0 26.6 17.2
5.833333 1 364.9 232.5 256.9 275.5
5.833333 1 26.5 22.0 26.5 17.5
5.866667 1 364.1 236.0 256.1 276.6
5.866667 1 26.5 22.0 26.5 17.8
5.900000 1 363.2 239.5 255.4 277.7
5.900000 1 26.6 22.0 26.4 18.1
5.933333 1 362.3 243.0 254.7 278.8
5.933333 1 26.7 22.0 26.3 18.4
5.966667 1 361.5 246.5 253.9 279.9
5.966667 1 26.7 22.0 26.3 18.7
6.000000 1 360.6 250.0 253.2 281.0
6.000000 1 26.8 22.0 26.2 19.0
6.033333 1 359.7 252.7 252.5 281.5
6.033333 1 26.9 22.5 26.1 19.1
6.066667 1 358.9 255.5 251.7 282.0
6.066667 1 26.9 23.0 26.1 19.2
6.100000 1 358.0 258.2 251.0 282.5
6.100000 1 27.0 23.5 26.0 19.4
6.133333 1 357.1 261.0 250.4 283.0
6.133333 1 27.1 24.0 25.9 19.5
6.166667 1 356.3 263.7 249.8 283.5
6.166667 1 27.2 24.5 25.9 19.6
6.200000 1 355.4 266.5 249.1 284.0
6.200000 1 27.4 25.0 25.8 19.7
6.233333 1 354.5 269.2 248.5 284.5
6.233333 1 27.5 25.5 25.8 19.9
6.266667 1 353.6 272.0 247.9 285.0
6.266667 1 27.6 26.0 25.7 20.0
6.300000 1 352.8 275.8 247.3 285.2
6.300000 1 27.7 25.5 25.6 19.9
6.333333 1 351.9 279.6 246.6 285.4
6.333333 1 27.9 25.1 25.6 19.8
6.366667 1 351.0 283.5 246.0 285.5
6.366667 1 28.0 24.6 25.5 19.7
6.400000 1 350.1 287.3 245.4 285.7
6.400000 1 28.1 24.2 25.4 19.6
6.433333 1 349.3 291.1 244.8 285.9
6.433333 1 28.2 23.7 25.4 19.5
6.466667 1 348.4 294.9 244.1 286.1
6.466667 1 28.4 23.3 25.3 19.5
6.500000 1 347.5 298.7 243.5 286.3
6.500000 1 28.5 22.8 25.3 19.4
6.533333 1 346.6 302.5 242.9 286.5
6.533333 1 28.6 22.4 25.2 19.3
6.566667 1 345.8 306.4 242.3 286.6
6.566667 1 28.7 21.9 25.1 19.2
6.600000 1 344.9 310.2 241.6 286.8
6.600000 1 28.9 21.5 25.1 19.1
6.633333 1 344.0 314.0 241.0 287.0
6.633333 1 29.0 21.0 25.0 19.0
6.666667 1 342.8 316.9 239.8 286.9
6.666667 1 29.3 21.1 25.5 18.7
6.700000 1 341.7 319.8 238.7 286.8
6.700000 1 29.7 21.2 26.0 18.3
6.733333 1 340.5 322.7 237.5 286.7
6.733333 1 30.0 21.3 26.5 18.0
6.766667 1 339.3 325.6 236.3 286.6
6.766667 1 30.3 21.4 27.0 17.7
6.800000 1 338.2 328.4 235.2 286.4
6.800000 1 30.7 21.6 27.5 17.3
6.833333 1 337.0 331.3 234.0 286.3
6.833333 1 31.0 21.7 28.0 17.0
6.866667 1 335.8 334.2 232.8 286.2
6.866667 1 31.3 21.8 28.5 16.7
6.900000 1 334.7 337.1 231.7 286.1
6.900000 1 31.7 21.9 29.0 16.3
6.933333 1 333.5 340.0 230.5 286.0
6.933333 1 32.0 22.0 29.5 16.0
6.966667 1 332.3 342.8 229.3 284.8
6.966667 1 32.3 22.3 30.0 16.3
7.000000 1 331.2 345.5 228.2 283.7
7.000000 1 32.7 22.7 30.5 16.5
7.033333 1 330.0 348.3 227.0 282.5
7.033333 1 33.0 23.0 31.0 16.8
7.066667 1 329.3 351.0 226.8 281.3
7.066667 1 32.6 23.3 30.7 17.0
7.100000 1 328.6 353.8 226.5 280.2
7.100000 1 32.1 23.7 30.4 17.3
7.133333 1 327.9 356.5 226.3 279.0
7.133333 1 31.7 24.0 30.1 17.5
7.166667 1 327.3 359.3 226.0 277.8
7.166667 1 31.3 24.3 29.8 17.8
7.200000 1 326.6 362.0 225.8 276.7
7.200000 1 30.8 24.7 29.4 18.0
7.233333 1 325.9 364.8 225.5 275.5
7.233333 1 30.4 25.0 29.1 18.3
7.266667 1 325.2 367.5 225.3 274.3
7.266667 1 29.9 25.3 28.8 18.5
7.300000 1 324.5 370.3 225.0 273.2
7.300000 1 29.5 25.7 28.5 18.8
7.333333 1 323.8 373.0 224.8 272.0
7.333333 1 29.1 26.0 28.2 19.0
7.366667 1 323.1 374.9 224.5 270.9
7.366667 1 28.6 26.3 27.9 19.4
7.400000 1 322.4 376.7 224.3 269.7
7.400000 1 28.2 26.5 27.6 19.8
7.433333 1 321.8 378.6 224.0 268.6
7.433333 1 27.8 26.8 27.3 20.2
7.466667 1 321.1 380.5 223.8 267.5
7.466667 1 27.3 27.1 26.9 20.6
7.500000 1 320.4 382.3 223.5 266.3
7.500000 1 26.9 27.3 26.6 21.0
7.533333 1 319.7 384.2 223.3 265.2
7.533333 1 26.4 27.6 26.3 21.4
7.566667 1 319.0 386.1 223.0 264.1
7.566667 1 26.0 27.9 26.0 21.8
7.600000 1 318.1 387.9 222.6 262.9
7.600000 1 25.7 28.1 25.7 22.2
7.633333 1 317.1 389.8 222.3 261.8
7.633333 1 25.4 28.4 25.4 22.6
7.666667 1 316.2 391.7 221.9 260.7
7.666667 1 25.1 28.7 25.1 23.0
7.700000 1 315.3 393.5 221.6 259.5
7.700000 1 24.9 28.9 24.9 23.4
7.733333 1 314.4 395.4 221.2 258.4
7.733333 1 24.6 29.2 24.6 23.8
7.766667 1 313.4 397.3 220.9 257.3
7.766667 1 24.3 29.5 24.3 24.2
7.800000 1 312.5 399.1 220.5 256.1
7.800000 1 24.0 29.7 24.0 24.6
7.833333 1 311.6 401.0 220.1 255.0
7.833333 1 23.7 30.0 23.7 25.0
7.866667 1 310.6 403.1 219.8 254.2
7.866667 1 23.4 29.5 23.4 24.9
7.900000 1 309.7 405.2 219.4 253.4
7.900000 1 23.1 29.1 23.1 24.8
7.933333 1 308.8 407.3 219.1 252.5
7.933333 1 22.9 28.6 22.9 24.7
7.966667 1 307.9 409.4 218.7 251.7
7.966667 1 22.6 28.2 22.6 24.6
8.000000 1 306.9 411.5 218.4 250.9
8.000000 1 22.3 27.7 22.3 24.5
8.033333 1 306.0 413.5 218.0 250.1
8.033333 1 22.0 27.3 22.0 24.5
8.066667 1 305.0 415.6 217.7 249.3
8.066667 1 22.0 26.8 22.2 24.4
8.100000 1 304.0 417.7 217.3 248.5
8.100000 1 22.0 26.4 22.3 24.3
8.133333 1 303.0 419.8 217.0 247.6
8.133333 1 22.0 25.9 22.5 24.2
8.166667 1 302.0 421.9 216.7 246.8
8.166667 1 22.0 25.5 22.7 24.1
8.200000 1 301.0 424.0 216.3 246.0
8.200000 1 22.0 25.0 22.8 24.0
8.233333 1 300.0 425.6 216.0 245.0
8.233333 1 22.0 25.1 23.0 24.1
8.266667 1 299.0 427.2 215.7 244.0
8.266667 1 22.0 25.2 23.2 24.2
8.300000 1 298.0 428.9 215.3 243.0
8.300000 1 22.0 25.4 23.3 24.4
8.333333 1 297.0 430.5 215.0 242.0
8.333333 1 22.0 25.5 23.5 24.5
8.366667 1 296.0 432.1 214.7 241.0
8.366667 1 22.0 25.6 23.7 24.6
8.400000 1 295.0 433.7 214.3 240.0
8.400000 1 22.0 25.7 23.8 24.7
8.433333 1 294.0 435.4 214.0 239.0
8.433333 1 22.0 25.9 24.0 24.9
8.466667 1 292.9 437.0 213.7 238.0
8.466667 1 22.1 26.0 23.9 25.0
8.500000 1 291.9 438.2 213.3 237.1
8.500000 1 22.3 25.8 23.9 25.0
8.533333 1 290.8 439.4 213.0 236.3
8.533333 1 22.4 25.6 23.8 25.0
8.566667 1 289.7 440.6 212.7 235.4
8.566667 1 22.5 25.4 23.7 25.0
8.600000 1 288.7 441.8 212.3 234.5
8.600000 1 22.7 25.2 23.7 25.0
8.633333 1 287.6 443.0 212.0 233.7
8.633333 1 22.8 25.0 23.6 25.0
8.666667 1 286.5 444.2 211.7 232.8
8.666667 1 22.9 24.8 23.5 25.0
8.700000 1 285.5 445.4 211.3 231.9
8.700000 1 23.1 24.6 23.5 25.0
8.733333 1 284.4 446.6 211.0 231.1
8.733333 1 23.2 24.4 23.4 25.0
8.766667 1 283.3 447.8 210.7 230.2
8.766667 1 23.3 24.2 23.3 25.0
8.800000 1 282.3 449.0 210.3 229.3
8.800000 1 23.5 24.0 23.3 25.0
8.833333 1 281.2 450.2 210.0 228.5
8.833333 1 23.6 23.8 23.2 25.0
8.866667 1 280.1 451.4 209.7 227.6
8.866667 1 23.7 23.6 23.1 25.0
8.900000 1 279.1 452.6 209.3 226.7
8.900000 1 23.9 23.4 23.1 25.0
8.933333 1 278.0 453.8 209.0 225.9
8.933333 1 24.0 23.2 23.0 25.0
8.966667 1 276.6 455.0 207.7 225.0
8.966667 1 24.5 23.0 23.4 25.0
9.000000 1 275.2 455.8 206.5 224.3
9.000000 1 25.1 22.9 23.8 25.1
9.033333 1 273.8 456.6 205.2 223.6
9.033333 1 25.6 22.9 24.2 25.3
9.066667 1 272.4 457.4 203.9 222.9
9.066667 1 26.1 22.8 24.6 25.4
9.100000 1 271.0 458.3 202.7 222.2
9.100000 1 26.7 22.7 25.0 25.5
9.133333 1 269.6 459.1 201.4 221.6
9.133333 1 27.2 22.7 25.4 25.6
9.166667 1 268.2 459.9 200.1 220.9
9.166667 1 27.7 22.6 25.8 25.8
9.200000 1 266.8 460.7 198.9 220.2
9.200000 1 28.3 22.6 26.2 25.9
9.233333 1 265.4 461.5 197.6 219.5
9.233333 1 28.8 22.5 26.6 26.0
9.266667 1 264.0 462.3 196.3 218.8
9.266667 1 29.3 22.4 27.0 26.1
9.300000 1 262.6 463.1 195.1 218.1
9.300000 1 29.9 22.4 27.4 26.3
9.333333 1 261.2 463.9 193.8 217.4
9.333333 1 30.4 22.3 27.8 26.4
9.366667 1 259.8 464.8 192.5 216.7
9.366667 1 30.9 22.2 28.2 26.5
9.400000 1 258.4 465.6 191.3 216.1
9.400000 1 31.5 22.2 28.6 26.6
9.433333 1 257.0 466.4 190.0 215.4
9.433333 1 32.0 22.1 29.0 26.8
9.466667 1 256.3 467.2 189.2 214.7
9.466667 1 31.8 22.1 29.0 26.9
9.500000 1 255.6 468.0 188.4 214.0
9.500000 1 31.6 22.0 29.0 27.0
9.533333 1 254.9 468.0 187.6 213.7
9.533333 1 31.4 22.0 29.0 26.9
9.566667 1 254.1 468.0 186.8 213.5
9.566667 1 31.2 22.0 29.0 26.9
9.600000 1 253.4 468.0 186.0 213.2
9.600000 1 31.0 22.0 29.0 26.8
9.633333 1 252.7 468.0 185.1 212.9
9.633333 1 30.9 22.0 29.0 26.8
9.666667 1 252.0 468.0 184.3 212.7
9.666667 1 30.7 22.0 29.0 26.7
9.700000 1 251.3 468.0 183.5 212.4
9.700000 1 30.5 22.0 29.0 26.7
9.733333 1 250.6 468.0 182.7 212.2
9.733333 1 30.3 22.0 29.0 26.6
9.766667 1 249.9 468.0 181.9 211.9
9.766667 1 30.1 22.0 29.0 26.6
9.800000 1 249.1 468.0 181.1 211.6
9.800000 1 29.9 22.0 29.0 26.5
9.833333 1 248.4 468.0 180.3 211.4
9.833333 1 29.7 22.0 29.0 26.5
9.866667 1 247.7 468.0 179.5 211.1
9.866667 1 29.5 22.0 29.0 26.4
9.900000 1 247.0 468.0 178.7 210.8
9.900000 1 29.3 22.0 29.0 26.4
9.933333 1 246.3 468.0 177.9 210.6
9.933333 1 29.1 22.0 29.0 26.3
9.966667 1 245.6 468.0 177.0 210.3
9.966667 1 29.0 22.0 29.0 26.3
10.000000 1 244.9 468.0 176.2 210.1
10.000000 1 28.8 22.0 29.0 26.2
10.033333 1 244.1 468.0 175.4 209.8
10.033333 1 28.6 22.0 29.0 26.2
10.066667 1 243.4 468.0 174.6 209.5
10.066667 1 28.4 22.0 29.0 26.1
10.100000 1 242.7 468.0 173.8 209.3
10.100000 1 28.2 22.0 29.0 26.1
10.133333 1 242.0 468.0 173.0 209.0
10.133333 1 28.0 22.0 29.0 26.0
