0.000000 1 390.0 220.0 23.0 26.0
0.033333 1 389.9 219.9 23.1 26.0
0.066667 1 389.9 219.9 23.3 26.0
0.100000 1 389.8 219.8 23.4 26.0
0.133333 1 389.7 219.7 23.5 26.0
0.166667 1 389.7 219.7 23.7 26.0
0.200000 1 389.6 219.6 23.8 26.0
0.233333 1 389.5 219.5 23.9 26.0
0.266667 1 389.5 219.5 24.1 26.0
0.300000 1 389.4 219.4 24.2 26.0
0.333333 1 389.3 219.3 24.3 26.0
0.366667 1 389.3 219.3 24.5 26.0
0.400000 1 389.2 219.2 24.6 26.0
0.433333 1 389.1 219.1 24.7 26.0
0.466667 1 389.1 219.1 24.9 26.0
0.500000 1 389.0 219.0 25.0 26.0
0.533333 1 389.0 219.1 25.2 26.0
0.566667 1 389.0 219.1 25.4 26.0
0.600000 1 389.0 219.2 25.5 26.0
0.633333 1 389.0 219.2 25.7 26.0
0.666667 1 389.0 219.3 25.9 26.0
0.700000 1 389.0 219.4 26.1 26.0
0.733333 1 389.0 219.4 26.2 26.0
0.766667 1 389.0 219.5 26.4 26.0
0.800000 1 389.0 219.5 26.6 26.0
0.833333 1 389.0 219.6 26.8 26.0
0.866667 1 389.0 219.6 26.9 26.0
0.900000 1 389.0 219.7 27.1 26.0
0.933333 1 389.0 219.8 27.3 26.0
0.966667 1 389.0 219.8 27.5 26.0
1.000000 1 389.0 219.9 27.6 26.0
1.033333 1 389.0 219.9 27.8 26.0
1.066667 1 389.0 220.0 28.0 26.0
1.100000 1 388.9 220.0 27.9 25.9
1.133333 1 388.9 220.0 27.9 25.8
1.166667 1 388.8 220.0 27.8 25.7
1.200000 1 388.8 220.0 27.8 25.7
1.233333 1 388.7 220.0 27.7 25.6
1.266667 1 388.7 220.0 27.7 25.5
1.300000 1 388.6 220.0 27.6 25.4
1.333333 1 388.6 220.0 27.6 25.3
1.366667 1 388.5 220.0 27.5 25.2
1.400000 1 388.5 220.0 27.5 25.1
1.433333 1 388.4 220.0 27.4 25.0
1.466667 1 388.4 220.0 27.4 25.0
1.500000 1 388.3 220.0 27.3 24.9
1.533333 1 388.3 220.0 27.3 24.8
1.566667 1 388.2 220.0 27.2 24.7
1.600000 1 388.2 220.0 27.2 24.6
1.633333 1 388.1 220.0 27.1 24.5
1.666667 1 388.1 220.0 27.1 24.4
1.700000 1 388.0 220.0 27.0 24.3
1.733333 1 388.0 220.0 27.0 24.3
1.766667 1 388.0 220.1 26.9 24.1
1.800000 1 388.0 220.1 26.9 24.0
1.833333 1 388.0 220.2 26.8 23.8
1.866667 1 388.0 220.3 26.7 23.7
1.900000 1 388.0 220.3 26.7 23.5
1.933333 1 388.0 220.4 26.6 23.4
1.966667 1 388.0 220.5 26.5 23.2
2.000000 1 388.0 220.5 26.5 23.1
2.033333 1 388.0 220.6 26.4 22.9
2.066667 1 388.0 220.7 26.3 22.8
2.100000 1 388.0 220.7 26.3 22.6
2.133333 1 388.0 220.8 26.2 22.5
2.166667 1 388.0 220.9 26.1 22.3
2.200000 1 388.0 220.9 26.1 22.2
2.233333 1 388.0 221.0 26.0 22.0
2.266667 1 388.4 220.7 25.6 22.6
2.300000 1 388.8 220.5 25.2 23.3
2.333333 1 389.1 220.2 24.9 23.9
2.366667 1 389.5 220.0 24.5 24.5
2.400000 1 389.9 219.7 24.1 25.1
2.433333 1 390.3 219.5 23.7 25.8
2.466667 1 390.6 219.2 23.4 26.4
2.500000 1 391.0 219.0 23.0 27.0
2.533333 1 390.7 219.7 23.2 27.0
2.566667 1 390.4 220.4 23.4 27.0
2.600000 1 390.1 221.1 23.6 27.0
2.633333 1 389.8 221.8 23.8 27.0
2.666667 1 389.5 222.5 24.0 27.0
2.700000 1 389.2 223.2 24.2 27.0
2.733333 1 388.9 223.9 24.4 27.0
2.766667 1 388.6 224.6 24.6 27.0
2.800000 1 388.3 225.3 24.8 27.0
2.833333 1 388.0 226.0 25.0 27.0
2.866667 1 387.2 227.2 25.2 27.0
2.900000 1 386.4 228.4 25.4 27.0
2.933333 1 385.6 229.6 25.6 27.0
2.966667 1 384.8 230.8 25.8 27.0
3.000000 1 384.0 232.0 26.0 27.0
3.033333 1 383.2 233.2 26.2 27.0
3.066667 1 382.4 234.4 26.4 27.0
3.100000 1 381.6 235.6 26.6 27.0
3.133333 1 380.8 236.8 26.8 27.0
3.166667 1 380.0 238.0 27.0 27.0
3.200000 1 379.0 240.9 26.6 27.0
3.233333 1 378.0 243.7 26.1 27.0
3.266667 1 377.0 246.6 25.7 27.0
3.300000 1 376.0 249.4 25.3 27.0
3.333333 1 375.0 252.3 24.9 27.0
3.366667 1 374.0 255.1 24.4 27.0
3.400000 1 373.0 258.0 24.0 27.0
3.433333 1 371.2 259.9 23.8 26.8
3.466667 1 369.3 261.8 23.5 26.7
3.500000 1 367.5 263.7 23.2 26.5
3.533333 1 365.7 265.7 23.0 26.3
3.566667 1 363.8 267.6 22.8 26.2
3.600000 1 362.0 269.5 22.5 26.0
3.633333 1 360.2 271.4 22.2 25.8
3.666667 1 358.3 273.3 22.0 25.7
3.700000 1 356.5 275.2 21.8 25.5
3.733333 1 354.7 277.2 21.5 25.3
3.766667 1 352.8 279.1 21.2 25.2
3.800000 1 351.0 281.0 21.0 25.0
3.833333 1 349.0 282.6 21.0 24.9
3.866667 1 347.0 284.2 21.0 24.8
3.900000 1 345.0 285.8 21.0 24.7
3.933333 1 343.0 287.4 21.0 24.6
3.966667 1 341.0 289.0 21.0 24.5
4.000000 1 339.0 290.6 21.0 24.4
4.033333 1 337.0 292.2 21.0 24.3
4.066667 1 335.0 293.8 21.0 24.2
4.100000 1 333.0 295.4 21.0 24.1
4.133333 1 331.0 297.0 21.0 24.0
4.166667 1 328.2 298.5 21.5 24.1
4.200000 1 325.4 300.0 22.0 24.2
4.233333 1 322.6 301.5 22.5 24.3
4.266667 1 319.8 303.0 23.0 24.4
4.300000 1 317.0 304.5 23.5 24.5
4.333333 1 314.2 306.0 24.0 24.6
4.366667 1 311.4 307.5 24.5 24.7
4.400000 1 308.6 309.0 25.0 24.8
4.433333 1 305.8 310.5 25.5 24.9
4.466667 1 303.0 312.0 26.0 25.0
4.500000 1 300.9 312.6 25.9 24.9
4.533333 1 298.9 313.2 25.8 24.9
4.566667 1 296.8 313.7 25.7 24.8
4.600000 1 294.8 314.3 25.6 24.8
4.633333 1 292.7 314.9 25.5 24.7
4.666667 1 290.7 315.5 25.4 24.7
4.700000 1 288.6 316.1 25.3 24.6
4.733333 1 286.6 316.6 25.2 24.6
4.766667 1 284.5 317.2 25.1 24.5
4.800000 1 282.5 317.8 24.9 24.5
4.833333 1 280.4 318.4 24.8 24.4
4.866667 1 278.4 318.9 24.7 24.4
4.900000 1 276.3 319.5 24.6 24.3
4.933333 1 274.3 320.1 24.5 24.3
4.966667 1 272.2 320.7 24.4 24.2
5.000000 1 270.2 321.3 24.3 24.2
5.033333 1 268.1 321.8 24.2 24.1
5.066667 1 266.1 322.4 24.1 24.1
5.100000 1 264.0 323.0 24.0 24.0
5.133333 1 261.9 324.0 24.0 24.1
5.166667 1 259.7 325.0 24.0 24.1
5.200000 1 257.6 326.0 24.0 24.2
5.233333 1 255.5 327.0 24.0 24.3
5.266667 1 253.3 328.0 24.0 24.3
5.300000 1 251.2 329.0 24.0 24.4
5.333333 1 249.1 330.0 24.0 24.5
5.366667 1 246.9 331.0 24.0 24.5
5.400000 1 244.8 332.0 24.0 24.6
5.433333 1 242.7 333.0 24.0 24.7
5.466667 1 240.5 334.0 24.0 24.7
5.500000 1 238.4 335.0 24.0 24.8
5.533333 1 236.3 336.0 24.0 24.9
5.566667 1 234.1 337.0 24.0 24.9
5.600000 1 232.0 338.0 24.0 25.0
5.633333 1 229.9 338.9 24.2 24.8
5.666667 1 227.9 339.7 24.4 24.6
5.700000 1 225.8 340.6 24.6 24.4
5.733333 1 223.8 341.5 24.7 24.3
5.766667 1 221.7 342.4 24.9 24.1
5.800000 1 219.6 343.2 25.1 23.9
5.833333 1 217.6 344.1 25.3 23.7
5.866667 1 215.5 345.0 25.5 23.5
5.900000 1 213.4 345.9 25.7 23.3
5.933333 1 211.4 346.7 25.9 23.1
5.966667 1 209.3 347.6 26.1 22.9
6.000000 1 207.3 348.5 26.2 22.8
6.033333 1 205.2 349.4 26.4 22.6
6.066667 1 203.1 350.2 26.6 22.4
6.100000 1 201.1 351.1 26.8 22.2
6.133333 1 199.0 352.0 27.0 22.0
6.166667 1 197.5 352.4 26.8 22.2
6.200000 1 196.0 352.8 26.5 22.3
6.233333 1 194.5 353.2 26.2 22.5
6.266667 1 193.0 353.7 26.0 22.7
6.300000 1 191.5 354.1 25.8 22.8
6.333333 1 190.0 354.5 25.5 23.0
6.366667 1 188.5 354.9 25.2 23.2
6.400000 1 187.0 355.3 25.0 23.3
6.433333 1 185.5 355.7 24.8 23.5
6.466667 1 184.0 356.2 24.5 23.7
6.500000 1 182.5 356.6 24.2 23.8
6.533333 1 181.0 357.0 24.0 24.0
6.566667 1 178.9 357.3 24.1 24.1
6.600000 1 176.8 357.6 24.2 24.2
6.633333 1 174.7 357.9 24.3 24.3
6.666667 1 172.6 358.2 24.4 24.4
6.700000 1 170.5 619.0 358.5 321.0
6.700000 1 24.5 17.0 24.5 25.0
6.733333 1 168.4 617.5 358.8 321.2
6.733333 1 24.6 17.7 24.6 24.5
6.766667 1 166.3 616.0 359.1 321.5
6.766667 1 24.7 18.5 24.7 24.0
6.800000 1 164.2 614.5 359.4 321.7
6.800000 1 24.8 19.2 24.8 23.5
6.833333 1 162.1 613.0 359.7 322.0
6.833333 1 24.9 20.0 24.9 23.0
6.866667 1 160.0 611.2 360.0 322.3
6.866667 1 25.0 21.0 25.0 23.4
6.900000 1 158.0 609.5 359.4 322.5
6.900000 1 24.9 22.0 24.9 23.8
6.933333 1 156.0 607.7 358.9 322.8
6.933333 1 24.9 23.0 24.7 24.1
6.966667 1 154.0 606.0 358.3 323.0
6.966667 1 24.8 24.0 24.6 24.5
7.000000 1 152.0 604.2 357.7 323.3
7.000000 1 24.7 25.0 24.5 24.9
7.033333 1 150.0 602.5 357.2 323.5
7.033333 1 24.7 26.0 24.4 25.3
7.066667 1 148.0 600.7 356.6 323.8
7.066667 1 24.6 27.0 24.2 25.6
7.100000 1 146.0 599.0 356.1 324.0
7.100000 1 24.6 28.0 24.1 26.0
7.133333 1 144.0 597.7 355.5 324.0
7.133333 1 24.5 27.9 24.0 25.7
7.166667 1 142.0 596.4 354.9 324.0
7.166667 1 24.4 27.8 23.9 25.4
7.200000 1 140.0 595.1 354.4 324.0
7.200000 1 24.4 27.7 23.7 25.1
7.233333 1 138.0 593.8 353.8 324.0
7.233333 1 24.3 27.6 23.6 24.8
7.266667 1 136.0 592.5 353.2 324.0
7.266667 1 24.2 27.5 23.5 24.5
7.300000 1 134.0 591.2 352.7 324.0
7.300000 1 24.2 27.4 23.4 24.2
7.333333 1 132.0 589.9 352.1 324.0
7.333333 1 24.1 27.3 23.2 23.9
7.366667 1 130.0 588.6 351.6 324.0
7.366667 1 24.1 27.2 23.1 23.6
7.400000 1 128.0 587.3 351.0 324.0
7.400000 1 24.0 27.1 23.0 23.3
7.433333 1 125.9 586.0 349.1 324.0
7.433333 1 24.3 27.0 23.4 23.0
7.466667 1 123.9 584.8 347.3 323.7
7.466667 1 24.6 26.8 23.9 23.0
7.500000 1 121.8 583.6 345.4 323.3
7.500000 1 24.9 26.6 24.3 23.0
7.533333 1 119.7 582.4 343.6 323.0
7.533333 1 25.1 26.4 24.7 23.0
7.566667 1 117.6 581.2 341.7 322.7
7.566667 1 25.4 26.2 25.1 23.0
7.600000 1 115.6 580.0 339.9 322.3
7.600000 1 25.7 26.0 25.6 23.0
7.633333 1 113.5 578.8 338.0 322.0
7.633333 1 26.0 25.8 26.0 23.0
7.666667 1 111.4 577.6 336.1 321.7
7.666667 1 26.3 25.6 26.4 23.0
7.700000 1 109.4 576.4 334.3 321.3
7.700000 1 26.6 25.4 26.9 23.0
7.733333 1 107.3 575.2 332.4 321.0
7.733333 1 26.9 25.2 27.3 23.0
7.766667 1 105.2 574.0 330.6 320.7
7.766667 1 27.1 25.0 27.7 23.0
7.800000 1 103.1 572.8 328.7 320.3
7.800000 1 27.4 24.8 28.1 23.0
7.833333 1 101.1 571.6 326.9 320.0
7.833333 1 27.7 24.6 28.6 23.0
7.866667 1 99.0 570.4 325.0 319.7
7.866667 1 28.0 24.4 29.0 23.0
7.900000 1 97.4 569.2 323.4 319.3
7.900000 1 27.6 24.2 28.8 23.0
7.933333 1 95.7 568.0 321.9 319.0
7.933333 1 27.1 24.0 28.6 23.0
7.966667 1 94.1 566.8 320.3 318.8
7.966667 1 26.7 24.4 28.4 23.1
8.000000 1 92.4 565.7 318.7 318.7
8.000000 1 26.3 24.8 28.1 23.2
8.033333 1 90.8 564.5 317.1 318.5
8.033333 1 25.9 25.2 27.9 23.3
8.066667 1 89.1 563.3 315.6 318.3
8.066667 1 25.4 25.7 27.7 23.3
8.100000 1 87.5 562.2 314.0 318.2
8.100000 1 25.0 26.1 27.5 23.4
8.133333 1 85.9 561.0 312.4 318.0
8.133333 1 24.6 26.5 27.3 23.5
8.166667 1 84.2 559.8 310.9 317.8
8.166667 1 24.1 26.9 27.1 23.6
8.200000 1 82.6 558.7 309.3 317.7
8.200000 1 23.7 27.3 26.9 23.7
8.233333 1 80.9 557.5 307.7 317.5
8.233333 1 23.3 27.7 26.6 23.8
8.266667 1 79.3 556.3 306.1 317.3
8.266667 1 22.9 28.2 26.4 23.8
8.300000 1 77.6 555.2 304.6 317.2
8.300000 1 22.4 28.6 26.2 23.9
8.333333 1 76.0 554.0 303.0 317.0
8.333333 1 22.0 29.0 26.0 24.0
8.366667 1 74.6 552.9 301.7 316.8
8.366667 1 22.0 28.9 25.8 24.1
8.400000 1 73.1 551.9 300.4 316.6
8.400000 1 22.0 28.9 25.5 24.3
8.433333 1 71.7 550.8 299.1 316.4
8.433333 1 22.0 28.8 25.3 24.4
8.466667 1 70.3 549.7 297.9 316.2
8.466667 1 22.0 28.7 25.0 24.5
8.500000 1 68.9 548.7 296.6 316.0
8.500000 1 22.0 28.7 24.8 24.7
8.533333 1 67.4 547.6 295.3 315.8
8.533333 1 22.0 28.6 24.6 24.8
8.566667 1 66.0 546.5 294.0 315.6
8.566667 1 22.0 28.5 24.3 24.9
8.600000 1 64.6 545.5 292.7 315.4
8.600000 1 22.0 28.5 24.1 25.1
8.633333 1 63.1 544.4 291.4 315.2
8.633333 1 22.0 28.4 23.9 25.2
8.666667 1 61.7 543.3 290.1 315.0
8.666667 1 22.0 28.3 23.6 25.3
8.700000 1 60.3 542.3 288.9 314.8
8.700000 1 22.0 28.3 23.4 25.5
8.733333 1 58.9 541.2 287.6 314.6
8.733333 1 22.0 28.2 23.1 25.6
8.766667 1 57.4 540.1 286.3 314.4
8.766667 1 22.0 28.1 22.9 25.7
8.800000 1 56.0 539.1 285.0 314.2
8.800000 1 22.0 28.1 22.7 25.9
8.833333 1 54.6 538.0 283.7 314.0
8.833333 1 22.0 28.0 22.4 26.0
8.866667 1 53.1 537.0 282.4 313.8
8.866667 1 22.0 27.8 22.2 25.9
8.900000 1 51.7 536.1 281.1 313.6
8.900000 1 22.0 27.6 22.0 25.8
8.933333 1 50.3 535.1 279.9 313.4
8.933333 1 22.0 27.4 21.7 25.7
8.966667 1 48.9 534.2 278.6 313.2
8.966667 1 22.0 27.2 21.5 25.6
9.000000 1 47.4 533.2 277.3 313.0
9.000000 1 22.0 27.0 21.2 25.5
9.033333 1 46.0 532.3 276.0 312.9
9.033333 1 22.0 26.9 21.0 25.4
9.066667 1 44.6 531.3 275.4 312.7
9.066667 1 22.5 26.7 21.1 25.3
9.100000 1 43.2 530.4 274.7 312.5
9.100000 1 22.9 26.5 21.1 25.2
9.133333 1 41.7 529.4 274.1 312.3
9.133333 1 23.4 26.3 21.2 25.1
9.166667 1 40.3 528.5 273.5 312.1
9.166667 1 23.9 26.1 21.2 25.0
9.200000 1 38.9 527.5 272.8 311.9
9.200000 1 24.4 25.9 21.3 25.0
9.233333 1 37.5 526.6 272.2 311.7
9.233333 1 24.8 25.7 21.3 24.9
9.266667 1 36.1 525.6 271.6 311.5
9.266667 1 25.3 25.5 21.4 24.8
9.300000 1 34.6 524.7 270.9 311.3
9.300000 1 25.8 25.3 21.4 24.7
9.333333 1 33.2 523.7 270.3 311.1
9.333333 1 26.3 25.1 21.5 24.6
9.366667 1 31.8 522.8 269.7 311.0
9.366667 1 26.7 25.0 21.5 24.5
9.400000 1 30.4 521.8 269.1 310.8
9.400000 1 27.2 24.8 21.6 24.4
9.433333 1 28.9 520.9 268.4 310.6
9.433333 1 27.7 24.6 21.6 24.3
9.466667 1 27.5 519.9 267.8 310.4
9.466667 1 28.2 24.4 21.7 24.2
9.500000 1 26.1 519.0 267.2 310.2
9.500000 1 28.6 24.2 21.7 24.1
9.533333 1 24.7 518.0 266.5 310.0
9.533333 1 29.1 24.0 21.8 24.0
9.566667 1 23.3 517.1 265.9 309.9
9.566667 1 29.6 24.1 21.8 24.1
9.600000 1 21.8 516.2 265.3 309.9
9.600000 1 30.1 24.2 21.9 24.1
9.633333 1 20.4 515.4 264.6 309.8
9.633333 1 30.5 24.4 21.9 24.2
9.666667 1 19.0 514.5 264.0 309.8
9.666667 1 31.0 24.5 22.0 24.2
9.700000 1 18.2 513.6 263.7 309.7
9.700000 1 30.3 24.6 22.4 24.3
9.733333 1 17.3 512.7 263.4 309.6
9.733333 1 29.6 24.7 22.8 24.4
9.766667 1 16.5 511.8 263.1 309.6
9.766667 1 28.9 24.8 23.2 24.4
9.800000 1 15.6 510.9 262.8 309.5
9.800000 1 28.2 24.9 23.5 24.5
9.833333 1 14.8 510.1 262.5 309.5
9.833333 1 27.5 25.1 23.9 24.5
9.866667 1 13.9 509.2 262.2 309.4
9.866667 1 26.8 25.2 24.3 24.6
9.900000 1 13.1 508.3 261.8 309.4
9.900000 1 26.2 25.3 24.7 24.6
9.933333 1 12.2 507.4 261.5 309.3
9.933333 1 25.5 25.4 25.1 24.7
9.966667 1 11.4 506.5 261.2 309.2
9.966667 1 24.8 25.5 25.5 24.8
10.000000 1 10.5 505.6 260.9 309.2
10.000000 1 24.1 25.6 25.8 24.8
10.033333 1 9.7 504.8 260.6 309.1
10.033333 1 23.4 25.8 26.2 24.9
10.066667 1 8.8 503.9 260.3 309.1
10.066667 1 22.7 25.9 26.6 24.9
10.100000 1 8.0 503.0 260.0 309.0
10.100000 1 22.0 26.0 27.0 25.0
