0.033333 1 83.9 208.6 33.7 24.8
0.066667 1 88.4 212.4 34.0 25.1
0.100000 1 91.0 214.7 33.7 24.7
0.133333 1 95.5 219.0 33.9 25.0
0.166667 1 97.6 221.4 33.9 25.0
0.200000 1 102.1 226.3 33.9 25.1
0.233333 1 106.6 231.5 33.9 25.0
0.266667 1 111.2 236.7 34.0 25.1
0.300000 1 113.3 239.5 34.1 25.2
0.333333 1 118.0 245.2 33.6 24.7
0.366667 1 120.1 247.7 33.9 25.0
0.400000 1 124.4 253.2 33.9 25.0
0.433333 1 129.2 259.1 33.5 24.6
0.466667 1 131.2 262.0 33.8 24.9
0.500000 1 135.6 267.7 33.9 25.0
0.533333 1 137.7 270.5 33.9 25.0
0.566667 1 142.1 276.3 33.9 25.0
0.600000 1 146.4 281.9 34.0 25.1
0.633333 1 148.6 284.6 34.0 25.1
0.666667 1 152.7 290.2 33.9 25.0
0.700000 1 154.7 293.0 33.8 24.9
0.733333 1 158.7 298.2 33.8 24.9
0.766667 1 162.8 303.4 33.8 24.9
0.800000 1 164.7 305.9 33.8 24.9
0.833333 1 168.3 310.9 34.0 25.1
0.866667 1 170.1 313.4 34.0 25.0
0.900000 1 174.0 318.8 33.6 24.7
0.933333 1 175.6 320.9 33.8 24.9
0.966667 1 178.9 325.4 33.7 24.7
1.000000 1 180.4 327.4 34.0 25.1
1.033333 1 183.3 331.8 33.9 25.0
1.066667 1 186.4 335.9 33.9 25.0
1.100000 1 188.1 338.3 33.5 24.5
1.133333 1 190.7 342.2 33.8 24.9
1.166667 1 193.2 346.0 33.9 25.0
1.200000 1 194.4 348.1 34.0 25.1
1.233333 1 197.2 352.2 33.5 24.6
1.266667 1 198.2 354.0 33.6 24.6
1.300000 1 200.1 357.2 34.3 25.4
1.333333 1 201.1 359.0 34.2 25.3
1.366667 1 203.0 362.3 34.3 25.4
1.400000 1 204.0 364.1 34.2 25.3
1.433333 1 206.0 367.4 34.3 25.4
1.466667 1 208.1 370.8 34.2 25.4
1.500000 1 210.1 373.8 33.9 25.0
1.533333 1 211.0 375.2 33.8 24.9
1.566667 1 212.8 378.0 33.9 25.0
1.600000 1 213.4 379.1 34.1 25.3
1.633333 1 215.1 381.3 34.4 25.5
1.666667 1 217.0 383.4 34.2 25.2
1.700000 1 217.8 384.3 33.9 24.9
1.733333 1 219.3 385.7 34.1 25.2
1.766667 1 220.6 387.1 33.9 25.1
1.800000 1 221.3 387.4 34.2 25.3
1.833333 1 222.5 388.5 34.0 25.1
1.866667 1 223.1 388.9 34.0 25.2
1.900000 1 224.3 389.8 34.0 25.2
1.933333 1 224.9 390.2 33.7 24.8
1.966667 1 226.0 390.6 33.6 24.6
2.000000 1 227.0 391.0 33.6 24.7
2.033333 1 227.7 391.1 33.9 25.0
2.066667 1 228.1 391.0 34.0 25.2
2.100000 1 228.8 391.5 33.9 24.9
2.133333 1 229.1 391.5 34.1 25.2
2.166667 1 230.0 392.0 33.7 24.7
2.200000 1 230.1 392.2 33.7 24.7
2.233333 1 230.4 392.1 34.1 25.2
2.266667 1 230.6 392.3 34.1 25.2
2.300000 1 230.9 392.4 34.3 25.3
2.333333 1 231.0 392.5 34.4 25.5
2.366667 1 231.4 393.0 34.1 25.3
2.400000 1 231.7 393.4 34.1 25.1
2.433333 1 232.0 393.7 33.9 25.0
2.466667 1 232.1 393.9 34.1 25.3
2.500000 1 232.1 394.1 34.2 25.4
2.533333 1 232.1 394.7 34.2 25.4
2.566667 1 232.0 395.2 34.3 25.4
2.600000 1 232.0 395.5 34.2 25.3
2.633333 1 232.0 396.4 33.9 25.0
2.666667 1 232.0 397.0 33.8 24.9
2.700000 1 231.8 397.9 33.9 25.0
2.733333 1 231.4 399.0 34.0 25.2
2.766667 1 231.1 399.4 34.3 25.4
2.800000 1 231.2 401.1 33.6 24.6
2.833333 1 231.3 401.7 33.7 24.7
2.866667 1 231.2 403.5 33.3 24.2
2.900000 1 231.0 404.3 33.3 24.3
2.933333 1 230.4 405.5 33.7 24.7
2.966667 1 230.4 406.2 33.3 24.3
3.000000 1 230.0 407.8 33.3 24.3
3.033333 1 229.6 408.6 33.4 24.5
3.066667 1 229.2 411.4 33.3 24.3
3.100000 1 228.7 412.8 33.4 24.4
3.133333 1 228.0 416.0 33.0 24.0
3.166667 1 147.0 347.0 22.0 25.0
3.200000 1 147.0 347.0 33.0 28.0
3.233333 1 150.0 345.0 30.0 30.0
3.266667 1 547.0 150.0 330.0 345.0
3.266667 1 22.0 48.0 39.0 31.0
3.300000 1 540.0 161.0 325.0 346.0
3.300000 1 27.0 37.0 39.0 30.0
3.333333 1 538.0 168.0 326.0 346.0
3.333333 1 30.0 34.0 37.0 28.0
3.366667 1 533.0 177.0 321.0 343.0
3.366667 1 28.0 27.0 36.0 32.0
3.400000 1 525.0 187.0 311.0 341.0
3.400000 1 28.0 30.0 42.0 33.0
3.433333 1 519.0 191.0 300.0 342.0
3.433333 1 28.0 37.0 46.0 31.0
3.466667 1 511.8 195.0 297.9 345.0
3.466667 1 39.0 36.0 44.0 28.0
3.500000 1 508.4 203.0 295.6 339.0
3.500000 1 40.0 31.0 44.0 31.0
3.533333 1 502.4 211.0 291.0 341.0
3.533333 1 39.0 34.0 44.0 25.0
3.566667 1 499.1 211.0 288.8 335.0
3.566667 1 39.0 40.0 44.0 33.0
3.600000 1 491.6 224.0 283.9 336.0
3.600000 1 39.0 28.0 45.0 34.0
3.633333 1 483.4 229.0 278.4 336.0
3.633333 1 40.0 40.0 45.0 32.0
3.666667 1 479.2 238.0 275.5 333.0
3.666667 1 40.0 32.0 45.0 30.0
3.700000 1 470.8 243.0 271.1 333.0
3.700000 1 40.0 41.0 45.0 29.0
3.733333 1 466.6 247.0 269.3 330.0
3.733333 1 40.0 39.0 45.0 31.0
3.766667 1 458.5 260.0 265.1 328.0
3.766667 1 39.0 34.0 45.0 27.0
3.800000 1 449.8 267.0 260.7 325.0
3.800000 1 39.0 35.0 45.0 24.0
3.833333 1 445.2 279.0 258.9 318.0
3.833333 1 39.0 26.0 45.0 36.0
3.866667 1 435.4 279.0 254.1 318.0
3.866667 1 39.0 36.0 46.0 28.0
3.900000 1 430.6 286.0 251.6 318.0
3.900000 1 39.0 33.0 46.0 26.0
3.933333 1 421.1 296.0 248.7 314.0
3.933333 1 38.0 31.0 45.0 35.0
3.966667 1 411.9 305.0 245.0 317.0
3.966667 1 37.0 34.0 45.0 29.0
4.000000 1 406.9 314.0 243.1 318.0
4.000000 1 37.0 25.0 45.0 30.0
4.033333 1 397.0 318.0 239.8 315.0
4.033333 1 37.0 34.0 45.0 33.0
4.066667 1 391.9 323.0 238.6 316.0
4.066667 1 37.0 36.0 45.0 29.0
4.100000 1 382.0 333.0 236.4 310.0
4.100000 1 37.0 34.0 45.0 30.0
4.133333 1 372.4 345.0 233.4 304.2
4.133333 1 37.6 29.4 45.5 32.4
4.166667 1 367.2 350.0 232.6 303.0
4.166667 1 37.0 30.0 45.0 33.0
4.200000 1 356.9 360.5 230.3 302.5
4.200000 1 37.1 31.9 45.5 37.0
4.233333 1 352.2 366.0 229.6 303.0
4.233333 1 36.0 31.0 45.0 36.0
4.266667 1 342.3 379.1 228.4 311.4
4.266667 1 36.0 23.9 45.7 25.7
4.300000 1 337.2 383.8 228.0 310.5
4.300000 1 36.1 24.8 45.6 26.7
4.333333 1 327.8 394.6 227.1 310.7
4.333333 1 35.7 24.2 45.2 26.2
4.366667 1 323.6 400.1 226.0 310.5
4.366667 1 35.8 23.9 45.4 25.8
4.400000 1 314.9 410.5 223.9 308.1
4.400000 1 35.9 24.1 45.4 26.0
4.433333 1 310.0 416.2 223.1 304.9
4.433333 1 36.0 23.2 45.6 25.1
4.466667 1 300.0 423.5 223.0 297.6
4.466667 1 36.0 31.3 46.0 34.2
4.500000 1 291.0 429.0 226.0 296.4
4.500000 1 39.0 32.0 40.0 35.1
4.533333 1 285.0 439.9 226.0 294.2
4.533333 1 35.0 32.9 41.0 36.0
4.566667 1 279.0 446.4 230.0 294.1
4.566667 1 35.0 30.9 39.0 34.0
4.600000 1 276.0 457.5 234.0 291.6
4.600000 1 27.0 31.4 32.0 34.4
4.633333 1 268.0 463.4 227.0 290.8
4.633333 1 33.0 30.9 34.0 34.0
4.666667 1 262.0 474.7 225.0 288.3
4.666667 1 27.0 30.8 35.0 33.8
4.700000 1 246.0 485.7 222.0 285.8
4.700000 1 43.0 30.9 38.0 33.9
4.733333 1 246.0 490.6 227.0 283.4
4.733333 1 34.0 31.6 37.0 34.6
4.766667 1 238.0 502.2 233.0 276.3
4.766667 1 37.0 30.9 36.0 34.0
4.800000 1 234.0 508.1 235.0 274.7
4.800000 1 36.0 31.2 37.0 34.2
4.833333 1 231.0 520.4 235.0 272.7
4.833333 1 29.0 31.0 28.0 34.1
4.866667 1 230.0 526.5 233.0 271.9
4.866667 1 28.0 31.0 30.0 34.0
4.900000 1 224.0 538.4 225.0 270.1
4.900000 1 33.0 30.5 36.0 33.5
4.933333 1 213.0 544.2 229.0 269.0
4.933333 1 40.0 30.7 36.0 33.4
4.966667 1 206.0 556.5 229.0 267.5
4.966667 1 36.0 29.0 46.0 31.7
5.000000 1 200.0 567.1 235.0 263.3
5.000000 1 34.0 29.7 41.0 32.5
5.033333 1 198.0 571.7 241.0 259.8
5.033333 1 32.0 30.6 35.0 33.7
5.066667 1 197.0 584.0 235.0 252.0
5.066667 1 23.0 30.0 32.0 33.0
5.100000 1 185.0 589.0 230.0 244.0
5.100000 1 33.0 33.0 36.0 46.0
5.133333 1 180.0 602.0 232.0 244.0
5.133333 1 36.0 29.0 35.0 46.0
5.166667 1 173.0 612.0 233.0 242.0
5.166667 1 46.0 23.0 38.0 46.0
5.200000 1 170.0 236.0 37.0 44.0
5.233333 1 166.0 234.0 40.0 50.0
5.266667 1 162.0 240.0 39.0 42.0
5.300000 1 162.0 244.0 27.0 29.0
5.333333 1 158.0 239.0 32.0 31.0
5.366667 1 152.0 237.0 35.0 33.0
5.400000 1 147.0 239.0 38.0 29.0
5.433333 1 138.0 238.0 47.0 37.0
5.466667 1 136.0 244.0 46.0 35.0
5.500000 1 135.0 249.0 41.0 30.0
5.533333 1 135.0 252.0 36.0 27.0
5.566667 1 138.0 251.0 26.0 30.0
5.600000 1 132.0 251.0 32.0 25.0
5.633333 1 121.4 240.8 49.5 36.5
5.666667 1 119.9 242.4 48.4 35.3
5.700000 1 116.5 245.7 47.0 33.6
5.733333 1 115.0 247.0 46.8 33.9
5.766667 1 110.7 248.6 47.7 34.9
5.800000 1 106.7 250.0 48.8 35.9
5.833333 1 106.3 251.7 46.0 32.9
5.866667 1 102.8 250.9 46.5 33.6
5.900000 1 102.0 251.4 45.2 32.1
5.933333 1 99.0 252.0 46.2 32.6
5.966667 1 97.9 253.4 45.4 32.5
6.000000 1 94.9 256.2 44.9 32.0
6.033333 1 92.4 258.7 45.8 32.9
6.066667 1 91.3 260.1 46.1 33.1
6.100000 1 89.3 262.0 47.0 34.2
6.133333 1 88.5 263.1 47.0 34.1
6.166667 1 86.9 263.8 46.6 33.9
6.200000 1 86.5 265.7 43.8 31.1
6.233333 1 84.0 267.0 44.0 31.0
6.266667 1 561.7 93.7 43.4 33.5
6.300000 1 540.9 106.8 45.3 35.3
6.333333 1 531.8 111.2 47.9 37.3
6.366667 1 516.6 121.2 48.4 37.1
6.400000 1 509.7 128.5 46.7 36.2
6.433333 1 494.5 142.4 48.0 37.5
6.466667 1 487.1 149.4 47.4 36.8
6.500000 1 466.2 158.0 47.6 36.9
6.533333 1 443.3 170.7 48.0 37.1
6.566667 1 434.1 176.4 48.3 37.4
6.600000 1 416.9 183.6 48.1 37.6
6.633333 1 401.0 190.3 44.8 33.1
6.666667 1 392.9 199.2 44.4 32.9
6.700000 1 391.0 203.5 45.0 33.1
6.733333 1 387.5 213.1 46.2 34.6
6.766667 1 386.3 224.1 46.2 34.4
6.800000 1 384.1 249.0 46.3 34.4
6.833333 1 382.8 259.1 46.1 34.5
6.866667 1 380.0 265.0 46.0 33.9
6.900000 1 378.7 269.8 45.3 33.4
6.933333 1 377.1 271.6 45.9 33.9
6.966667 1 374.3 276.3 46.4 34.3
7.000000 1 373.0 280.2 46.2 34.4
7.033333 1 370.6 289.4 45.0 33.4
7.066667 1 369.1 293.6 44.9 33.1
7.100000 1 366.0 301.0 45.0 33.0
7.133333 1 366.0 301.0 42.0 37.0
7.166667 1 371.0 305.0 37.0 33.0
7.200000 1 371.0 305.0 34.0 35.0
7.233333 1 366.0 307.0 39.0 33.0
7.266667 1 366.0 307.0 41.0 45.0
7.300000 1 362.0 318.0 45.0 34.0
7.333333 1 362.0 318.0 42.0 45.0
7.366667 1 362.0 330.0 42.0 33.0
7.400000 1 362.0 330.0 37.0 43.0
7.433333 1 363.0 339.0 36.0 34.0
7.466667 1 364.0 339.0 32.0 30.0
7.500000 1 363.0 341.0 33.0 28.0
7.533333 1 363.0 341.0 40.0 39.0
7.566667 1 361.0 354.0 42.0 26.0
7.600000 1 361.0 354.0 37.0 36.0
7.633333 1 360.0 362.0 38.0 28.0
7.666667 1 360.0 362.0 39.0 38.0
7.700000 1 366.0 373.0 33.0 27.0
7.733333 1 366.0 373.0 34.0 23.0
7.766667 1 366.0 370.0 34.0 26.0
7.800000 1 366.0 370.0 36.0 32.0
7.833333 1 368.0 372.0 34.0 30.0
7.866667 1 369.0 377.0 39.0 30.0
7.900000 1 367.0 379.0 41.0 35.0
7.933333 1 368.0 387.0 42.0 25.0
7.966667 1 375.0 396.0 32.0 23.0
8.000000 1 373.8 399.0 33.2 20.0
8.033333 1 379.0 399.0 34.0 25.0
8.066667 1 381.0 393.0 32.0 31.0
8.100000 1 381.0 393.0 36.0 39.0
8.133333 1 384.0 400.0 33.0 32.0
8.166667 1 384.0 400.0 40.0 35.0
8.200000 1 391.0 413.0 33.0 22.0
8.233333 1 391.0 413.0 35.0 30.0
8.266667 1 397.0 417.0 29.0 26.0
8.300000 1 397.0 417.0 32.0 24.0
8.333333 1 402.0 413.0 30.0 31.0
8.366667 1 402.0 413.0 39.0 32.0
8.400000 1 409.0 418.0 32.0 27.0
8.433333 1 409.0 418.0 37.0 32.0
8.466667 1 411.0 422.0 35.0 28.0
8.500000 1 411.0 422.0 43.0 35.0
8.533333 1 420.0 432.0 34.0 25.0
8.566667 1 420.0 432.0 33.0 24.0
8.600000 1 426.0 431.0 27.0 25.0
8.633333 1 426.0 431.0 39.0 25.0
8.666667 1 429.0 432.0 39.0 26.0
8.700000 1 432.0 426.0 38.0 26.0
8.733333 1 432.6 407.6 40.8 29.9
8.766667 1 434.7 406.1 41.0 30.0
8.800000 1 439.0 412.0 41.0 30.0
8.833333 1 344.0 451.0 30.0 21.0
8.866667 1 347.0 442.0 28.0 24.0
8.900000 1 345.0 434.0 32.0 28.0
8.933333 1 346.0 429.0 39.0 29.0
8.966667 1 348.0 425.0 40.0 24.0
9.000000 1 349.0 414.0 36.0 30.0
9.033333 1 347.0 408.0 43.0 31.0
9.066667 1 354.0 405.0 32.0 27.0
9.100000 1 357.0 402.0 33.0 21.0
9.133333 1 359.0 396.0 33.0 28.0
9.166667 1 362.0 390.0 31.0 23.0
9.200000 1 358.0 383.0 40.0 28.0
9.233333 1 365.0 372.0 34.0 30.0
9.266667 1 372.6 353.2 42.3 47.2
9.300000 1 374.0 349.3 42.9 47.8
9.333333 1 377.4 342.1 43.1 48.2
9.366667 1 379.5 338.8 42.5 47.7
9.400000 1 384.0 332.0 41.4 46.7
9.433333 1 389.2 325.4 39.2 44.5
9.466667 1 392.0 322.2 37.7 43.0
9.500000 1 397.3 315.1 36.0 41.3
9.533333 1 399.8 311.1 35.7 40.7
9.566667 1 404.7 301.0 36.2 41.4
9.600000 1 406.4 294.7 38.0 43.4
9.633333 1 411.3 284.4 39.6 45.4
9.666667 1 413.7 280.0 40.3 46.1
9.700000 1 418.7 271.7 41.3 47.2
9.733333 1 421.4 267.9 41.3 47.3
9.766667 1 427.6 260.7 39.9 46.3
9.800000 1 431.0 257.4 38.8 45.2
9.833333 1 437.2 249.6 38.3 44.8
9.866667 1 443.1 240.5 38.5 45.0
9.900000 1 446.2 235.4 38.8 45.3
9.933333 1 452.4 224.8 39.9 46.4
9.966667 1 459.3 214.1 41.0 48.1
10.000000 1 462.6 209.2 42.0 49.2
10.033333 1 469.0 200.9 43.2 50.5
10.066667 1 472.5 197.3 43.1 50.4
10.100000 1 479.7 189.3 42.6 50.3
10.133333 1 483.6 185.5 42.0 49.8
10.166667 1 491.2 176.9 41.8 49.5
10.200000 1 495.0 172.3 41.4 49.2
10.233333 1 502.9 161.2 41.4 49.1
10.266667 1 506.9 154.8 41.5 49.2
10.300000 1 516.0 143.4 41.4 49.3
10.333333 1 524.3 132.6 42.7 50.7
10.366667 1 528.9 127.8 42.3 50.3
10.400000 1 537.7 117.8 42.4 50.4
10.433333 1 542.2 112.6 42.3 50.4
10.466667 1 551.3 101.6 42.4 50.4
10.500000 1 560.2 89.9 42.6 50.7
10.533333 1 565.0 84.0 42.0 50.0
