0.000000 1 260.0 220.0 23.0 24.0
0.033333 1 261.2 220.0 23.1 24.0
0.066667 1 262.3 220.1 23.2 24.0
0.100000 1 263.5 220.1 23.2 24.0
0.133333 1 264.6 220.2 23.3 24.0
0.166667 1 265.8 220.2 23.4 24.0
0.200000 1 267.0 220.2 23.5 24.0
0.233333 1 268.1 220.3 23.6 24.0
0.266667 1 269.3 220.3 23.6 24.0
0.300000 1 270.4 220.4 23.7 24.0
0.333333 1 271.6 220.4 23.8 24.0
0.366667 1 272.8 220.4 23.9 24.0
0.400000 1 273.9 220.5 24.0 24.0
0.433333 1 275.1 220.5 24.0 24.0
0.466667 1 276.2 220.6 24.1 24.0
0.500000 1 277.4 220.6 24.2 24.0
0.533333 1 278.6 220.6 24.3 24.0
0.566667 1 279.7 220.7 24.4 24.0
0.600000 1 280.9 220.7 24.4 24.0
0.633333 1 282.0 220.8 24.5 24.0
0.666667 1 283.2 220.8 24.6 24.0
0.700000 1 284.4 220.8 24.7 24.0
0.733333 1 285.5 220.9 24.8 24.0
0.766667 1 286.7 220.9 24.8 24.0
0.800000 1 287.8 221.0 24.9 24.0
0.833333 1 289.0 221.0 25.0 24.0
0.866667 1 290.2 221.0 25.1 24.1
0.900000 1 291.3 220.9 25.3 24.2
0.933333 1 292.5 220.9 25.4 24.3
0.966667 1 293.7 220.8 25.5 24.3
1.000000 1 294.8 220.8 25.6 24.4
1.033333 1 296.0 220.7 25.8 24.5
1.066667 1 297.2 220.7 25.9 24.6
1.100000 1 298.3 220.7 26.0 24.7
1.133333 1 299.5 220.6 26.1 24.8
1.166667 1 300.7 220.6 26.3 24.8
1.200000 1 301.8 220.5 26.4 24.9
1.233333 1 303.0 220.5 26.5 25.0
1.266667 1 304.2 220.5 26.6 25.1
1.300000 1 305.3 220.4 26.8 25.2
1.333333 1 306.5 220.4 26.9 25.3
1.366667 1 307.7 220.3 27.0 25.3
1.400000 1 308.8 220.3 27.1 25.4
1.433333 1 310.0 220.2 27.3 25.5
1.466667 1 311.2 220.2 27.4 25.6
1.500000 1 312.3 220.2 27.5 25.7
1.533333 1 313.5 220.1 27.6 25.8
1.566667 1 314.7 220.1 27.8 25.8
1.600000 1 315.8 220.0 27.9 25.9
1.633333 1 317.0 220.0 28.0 26.0
1.666667 1 318.2 219.9 27.9 26.1
1.700000 1 319.4 219.7 27.9 26.1
1.733333 1 320.6 219.6 27.8 26.2
1.766667 1 321.8 219.5 27.7 26.3
1.800000 1 323.0 219.4 27.7 26.3
1.833333 1 324.2 219.2 27.6 26.4
1.866667 1 325.4 219.1 27.5 26.5
1.900000 1 326.5 219.0 27.5 26.5
1.933333 1 327.7 218.8 27.4 26.6
1.966667 1 328.9 218.7 27.4 26.6
2.000000 1 330.1 218.6 27.3 26.7
2.033333 1 331.3 218.5 27.2 26.8
2.066667 1 332.5 218.3 27.2 26.8
2.100000 1 333.7 218.2 27.1 26.9
2.133333 1 334.9 218.1 27.0 27.0
2.166667 1 336.1 217.9 27.0 27.0
2.200000 1 337.3 217.8 26.9 27.1
2.233333 1 338.5 217.7 26.8 27.2
2.266667 1 339.7 217.5 26.8 27.2
2.300000 1 340.9 217.4 26.7 27.3
2.333333 1 342.1 217.3 26.6 27.4
2.366667 1 343.3 217.2 26.6 27.4
2.400000 1 344.5 217.0 26.5 27.5
2.433333 1 345.6 216.9 26.5 27.5
2.466667 1 346.8 216.8 26.4 27.6
2.500000 1 348.0 216.6 26.3 27.7
2.533333 1 349.2 216.5 26.3 27.7
2.566667 1 350.4 216.4 26.2 27.8
2.600000 1 351.6 216.3 26.1 27.9
2.633333 1 352.8 216.1 26.1 27.9
2.666667 1 354.0 216.0 26.0 28.0
2.700000 1 355.2 216.1 26.0 27.8
2.733333 1 356.4 216.1 26.0 27.5
2.766667 1 357.5 216.2 26.0 27.3
2.800000 1 358.7 216.2 26.0 27.1
2.833333 1 359.9 216.3 26.0 26.8
2.866667 1 361.1 216.4 26.0 26.6
2.900000 1 362.2 216.4 26.0 26.4
2.933333 1 363.4 216.5 26.0 26.1
2.966667 1 364.6 216.5 26.0 25.9
3.000000 1 365.8 216.6 26.0 25.6
3.033333 1 366.9 216.6 26.0 25.4
3.066667 1 368.1 216.7 26.0 25.2
3.100000 1 369.3 216.8 26.0 24.9
3.133333 1 370.5 216.8 26.0 24.7
3.166667 1 371.6 216.9 26.0 24.5
3.200000 1 372.8 216.9 26.0 24.2
3.233333 1 374.0 217.0 26.0 24.0
3.266667 1 375.1 216.9 26.1 24.1
3.300000 1 376.2 216.9 26.1 24.2
3.333333 1 377.3 216.8 26.2 24.3
3.366667 1 378.4 216.8 26.2 24.4
3.400000 1 379.6 216.7 26.3 24.6
3.433333 1 380.7 216.7 26.3 24.7
3.466667 1 381.8 216.6 26.4 24.8
3.500000 1 382.9 216.6 26.4 24.9
3.533333 1 384.0 216.5 26.5 25.0
3.566667 1 385.1 216.4 26.6 25.1
3.600000 1 386.2 216.4 26.6 25.2
3.633333 1 387.3 216.3 26.7 25.3
3.666667 1 388.4 216.3 26.7 25.4
3.700000 1 389.6 216.2 26.8 25.6
3.733333 1 390.7 216.2 26.8 25.7
3.766667 1 391.8 216.1 26.9 25.8
3.800000 1 392.9 216.1 26.9 25.9
3.833333 1 394.0 216.0 27.0 26.0
3.866667 1 395.2 215.9 26.8 25.8
3.900000 1 396.5 215.8 26.5 25.6
3.933333 1 397.7 215.6 26.3 25.5
3.966667 1 398.9 215.5 26.1 25.3
4.000000 1 400.2 215.4 25.8 25.1
4.033333 1 401.4 215.3 25.6 24.9
4.066667 1 402.6 215.2 25.4 24.8
4.100000 1 403.9 215.1 25.1 24.6
4.133333 1 405.1 214.9 24.9 24.4
4.166667 1 406.4 214.8 24.6 24.2
4.200000 1 407.6 214.7 24.4 24.1
4.233333 1 408.8 214.6 24.2 23.9
4.266667 1 410.1 214.5 23.9 23.7
4.300000 1 411.3 214.4 23.7 23.5
4.333333 1 412.5 214.2 23.5 23.4
4.366667 1 413.8 214.1 23.2 23.2
4.400000 1 415.0 214.0 23.0 23.0
4.433333 1 416.1 213.9 23.0 23.0
4.466667 1 417.3 213.7 22.9 23.1
4.500000 1 418.4 213.6 22.9 23.1
4.533333 1 419.5 213.5 22.8 23.2
4.566667 1 420.6 213.4 22.8 23.2
4.600000 1 421.8 213.2 22.7 23.3
4.633333 1 422.9 213.1 22.7 23.3
4.666667 1 424.0 213.0 22.7 23.3
4.700000 1 425.1 212.9 22.6 23.4
4.733333 1 426.3 212.7 22.6 23.4
4.766667 1 427.4 212.6 22.5 23.5
4.800000 1 428.5 212.5 22.5 23.5
4.833333 1 429.6 212.4 22.5 23.5
4.866667 1 430.8 212.2 22.4 23.6
4.900000 1 431.9 212.1 22.4 23.6
4.933333 1 433.0 212.0 22.3 23.7
4.966667 1 434.1 211.9 22.3 23.7
5.000000 1 435.3 211.7 22.2 23.8
5.033333 1 436.4 211.6 22.2 23.8
5.066667 1 437.5 211.5 22.2 23.8
5.100000 1 438.6 211.4 22.1 23.9
5.133333 1 439.8 211.2 22.1 23.9
5.166667 1 440.9 211.1 22.0 24.0
5.200000 1 442.0 211.0 22.0 24.0
5.233333 1 443.0 211.0 22.1 23.8
5.266667 1 444.1 211.1 22.2 23.7
5.300000 1 445.1 211.1 22.3 23.5
5.333333 1 446.2 211.2 22.3 23.3
5.366667 1 447.2 211.2 22.4 23.1
5.400000 1 448.3 211.3 22.5 23.0
5.433333 1 449.3 211.3 22.6 22.8
5.466667 1 450.3 211.3 22.7 22.6
5.500000 1 451.4 211.4 22.8 22.4
5.533333 1 452.4 211.4 22.9 22.3
5.566667 1 453.5 211.5 23.0 22.1
5.600000 1 454.5 211.5 23.0 21.9
5.633333 1 455.6 211.6 23.1 21.7
5.666667 1 456.6 211.6 23.2 21.6
5.700000 1 457.7 211.7 23.3 21.4
5.733333 1 458.7 211.7 23.4 21.2
5.766667 1 459.7 211.7 23.5 21.0
5.800000 1 460.8 211.8 23.6 20.9
5.833333 1 461.8 211.8 23.7 20.7
5.866667 1 462.9 211.9 23.7 20.5
5.900000 1 463.9 211.9 23.8 20.3
5.933333 1 465.0 212.0 23.9 20.2
5.966667 1 466.0 212.0 24.0 20.0
6.000000 1 467.0 212.0 24.0 20.3
6.033333 1 468.0 211.9 23.9 20.6
6.066667 1 469.0 211.9 23.9 21.0
6.100000 1 470.0 211.8 23.8 21.3
6.133333 1 471.0 211.8 23.8 21.6
6.166667 1 472.0 211.7 23.7 21.9
6.200000 1 473.0 211.7 23.7 22.2
6.233333 1 474.0 211.6 23.6 22.5
6.266667 1 475.0 211.6 23.6 22.9
6.300000 1 476.0 211.5 23.5 23.2
6.333333 1 477.0 211.5 23.5 23.5
6.366667 1 478.0 211.5 23.5 23.8
6.400000 1 479.0 211.4 23.4 24.1
6.433333 1 480.0 211.4 23.4 24.5
6.466667 1 481.0 211.3 23.3 24.8
6.500000 1 482.0 211.3 23.3 25.1
6.533333 1 483.0 211.2 23.2 25.4
6.566667 1 484.0 211.2 23.2 25.7
6.600000 1 485.0 211.1 23.1 26.0
6.633333 1 486.0 211.1 23.1 26.4
6.666667 1 487.0 211.0 23.0 26.7
6.700000 1 488.0 211.0 23.0 27.0
6.733333 1 489.0 211.1 23.0 26.9
6.766667 1 490.1 211.2 23.1 26.8
6.800000 1 491.1 211.3 23.1 26.7
6.833333 1 492.2 211.4 23.2 26.6
6.866667 1 493.2 211.5 23.2 26.5
6.900000 1 494.3 211.5 23.3 26.5
6.933333 1 495.3 211.6 23.3 26.4
6.966667 1 496.4 211.7 23.4 26.3
7.000000 1 497.4 211.8 23.4 26.2
7.033333 1 498.5 211.9 23.5 26.1
7.066667 1 499.5 212.0 23.5 26.0
7.100000 1 500.5 212.1 23.5 25.9
7.133333 1 501.6 212.2 23.6 25.8
7.166667 1 502.6 212.3 23.6 25.7
7.200000 1 503.7 212.4 23.7 25.6
7.233333 1 504.7 212.5 23.7 25.5
7.266667 1 505.8 212.5 23.8 25.5
7.300000 1 506.8 212.6 23.8 25.4
7.333333 1 507.9 212.7 23.9 25.3
7.366667 1 508.9 212.8 23.9 25.2
7.400000 1 510.0 212.9 24.0 25.1
7.433333 1 511.0 213.0 24.0 25.0
7.466667 1 512.0 212.9 24.0 25.0
7.500000 1 512.9 212.8 24.1 25.0
7.533333 1 513.9 212.7 24.1 25.0
7.566667 1 514.8 212.6 24.2 25.0
7.600000 1 515.8 212.5 24.2 25.0
7.633333 1 516.7 212.5 24.3 25.0
7.666667 1 517.7 212.4 24.3 25.0
7.700000 1 518.6 212.3 24.4 25.0
7.733333 1 519.6 212.2 24.4 25.0
7.766667 1 520.5 212.1 24.5 25.0
7.800000 1 521.5 212.0 24.5 25.0
7.833333 1 522.5 211.9 24.5 25.0
7.866667 1 523.4 211.8 24.6 25.0
7.900000 1 524.4 211.7 24.6 25.0
7.933333 1 525.3 211.6 24.7 25.0
7.966667 1 526.3 211.5 24.7 25.0
8.000000 1 527.2 211.5 24.8 25.0
8.033333 1 528.2 211.4 24.8 25.0
8.066667 1 529.1 211.3 24.9 25.0
8.100000 1 530.1 211.2 24.9 25.0
8.133333 1 531.0 211.1 25.0 25.0
8.166667 1 532.0 211.0 25.0 25.0
8.200000 1 533.0 211.2 25.1 24.9
8.233333 1 533.9 211.4 25.1 24.9
8.266667 1 534.9 211.6 25.2 24.8
8.300000 1 535.9 211.8 25.3 24.7
8.333333 1 536.8 212.0 25.3 24.7
8.366667 1 537.8 212.2 25.4 24.6
8.400000 1 538.8 212.4 25.5 24.5
8.433333 1 539.7 212.5 25.5 24.5
8.466667 1 540.7 212.7 25.6 24.4
8.500000 1 541.7 212.9 25.6 24.4
8.533333 1 542.6 213.1 25.7 24.3
8.566667 1 543.6 213.3 25.8 24.2
8.600000 1 544.6 213.5 25.8 24.2
8.633333 1 545.5 213.7 25.9 24.1
8.666667 1 546.5 213.9 26.0 24.0
8.700000 1 547.5 214.1 26.0 24.0
8.733333 1 548.5 214.3 26.1 23.9
8.766667 1 549.4 214.5 26.2 23.8
8.800000 1 550.4 214.7 26.2 23.8
8.833333 1 551.4 214.9 26.3 23.7
8.866667 1 552.3 215.1 26.4 23.6
8.900000 1 553.3 215.3 26.4 23.6
8.933333 1 554.3 215.5 26.5 23.5
8.966667 1 555.2 215.6 26.5 23.5
9.000000 1 556.2 215.8 26.6 23.4
9.033333 1 557.2 216.0 26.7 23.3
9.066667 1 558.1 216.2 26.7 23.3
9.100000 1 559.1 216.4 26.8 23.2
9.133333 1 560.1 216.6 26.9 23.1
9.166667 1 561.0 216.8 26.9 23.1
9.200000 1 562.0 217.0 27.0 23.0
9.233333 1 563.1 217.0 26.9 23.1
9.266667 1 564.2 217.1 26.7 23.2
9.300000 1 565.3 217.1 26.6 23.3
9.333333 1 566.5 217.2 26.5 23.4
9.366667 1 567.6 217.2 26.3 23.5
9.400000 1 568.7 217.3 26.2 23.5
9.433333 1 569.8 217.3 26.0 23.6
9.466667 1 570.9 217.4 25.9 23.7
9.500000 1 572.0 217.4 25.8 23.8
9.533333 1 573.1 217.5 25.6 23.9
9.566667 1 574.2 217.5 25.5 24.0
9.600000 1 575.4 217.5 25.4 24.1
9.633333 1 576.5 217.6 25.2 24.2
9.666667 1 577.6 217.6 25.1 24.3
9.700000 1 578.7 217.7 25.0 24.4
9.733333 1 579.8 217.7 24.8 24.5
9.766667 1 580.9 217.8 24.7 24.5
9.800000 1 582.0 217.8 24.5 24.6
9.833333 1 583.2 217.9 24.4 24.7
9.866667 1 584.3 217.9 24.3 24.8
9.900000 1 585.4 218.0 24.1 24.9
9.933333 1 586.5 218.0 24.0 25.0
9.966667 1 587.6 218.0 23.9 25.1
10.000000 1 588.7 218.1 23.7 25.2
10.033333 1 589.8 218.1 23.6 25.3
10.066667 1 591.0 218.2 23.5 25.4
10.100000 1 592.1 218.2 23.3 25.5
10.133333 1 593.2 218.3 23.2 25.5
10.166667 1 594.3 218.3 23.0 25.6
10.200000 1 595.4 218.4 22.9 25.7
10.233333 1 596.5 218.4 22.8 25.8
10.266667 1 597.6 218.5 22.6 25.9
10.300000 1 598.7 218.5 22.5 26.0
10.333333 1 599.9 218.5 22.4 26.1
10.366667 1 601.0 218.6 22.2 26.2
10.400000 1 602.1 218.6 22.1 26.3
10.433333 1 603.2 218.7 22.0 26.4
10.466667 1 604.3 218.7 21.8 26.5
10.500000 1 605.4 218.8 21.7 26.5
10.533333 1 606.5 218.8 21.5 26.6
10.566667 1 607.7 218.9 21.4 26.7
10.600000 1 608.8 218.9 21.3 26.8
10.633333 1 609.9 219.0 21.1 26.9
10.666667 1 611.0 219.0 21.0 27.0
