0.000000 1 327.0 374.0 21.0 22.0
0.033333 1 327.0 374.0 21.0 22.0
0.066667 1 327.0 373.9 21.0 22.1
0.100000 1 327.0 373.9 21.0 22.1
0.133333 1 327.0 373.9 21.1 22.1
0.166667 1 327.0 373.8 21.1 22.2
0.200000 1 327.0 373.8 21.1 22.2
0.233333 1 327.0 373.8 21.1 22.2
0.266667 1 327.0 373.8 21.1 22.2
0.300000 1 327.0 373.7 21.1 22.3
0.333333 1 327.0 373.7 21.2 22.3
0.366667 1 327.0 373.7 21.2 22.3
0.400000 1 327.0 373.6 21.2 22.4
0.433333 1 327.0 373.6 21.2 22.4
0.466667 1 327.0 373.6 21.2 22.4
0.500000 1 327.0 373.5 21.2 22.5
0.533333 1 327.0 373.5 21.2 22.5
0.566667 1 327.0 373.5 21.3 22.5
0.600000 1 327.0 373.4 21.3 22.6
0.633333 1 327.0 373.4 21.3 22.6
0.666667 1 327.0 373.4 21.3 22.6
0.700000 1 327.0 373.4 21.3 22.6
0.733333 1 327.0 373.3 21.3 22.7
0.766667 1 327.0 373.3 21.4 22.7
0.800000 1 327.0 373.3 21.4 22.7
0.833333 1 327.0 373.2 21.4 22.8
0.866667 1 327.0 373.2 21.4 22.8
0.900000 1 327.0 373.2 21.4 22.8
0.933333 1 327.0 373.1 21.4 22.9
0.966667 1 327.0 373.1 21.4 22.9
1.000000 1 327.0 373.1 21.5 22.9
1.033333 1 327.0 373.0 21.5 23.0
1.066667 1 327.0 373.0 21.5 23.0
1.100000 1 327.0 373.0 21.5 23.0
1.133333 1 327.0 373.0 21.5 23.0
1.166667 1 327.0 372.9 21.5 23.1
1.200000 1 327.0 372.9 21.6 23.1
1.233333 1 327.0 372.9 21.6 23.1
1.266667 1 327.0 372.8 21.6 23.2
1.300000 1 327.0 372.8 21.6 23.2
1.333333 1 327.0 372.8 21.6 23.2
1.366667 1 327.0 372.7 21.6 23.3
1.400000 1 327.0 372.7 21.6 23.3
1.433333 1 327.0 372.7 21.7 23.3
1.466667 1 327.0 372.6 21.7 23.4
1.500000 1 327.0 372.6 21.7 23.4
1.533333 1 327.0 372.6 21.7 23.4
1.566667 1 327.0 372.6 21.7 23.4
1.600000 1 327.0 372.5 21.7 23.5
1.633333 1 327.0 372.5 21.8 23.5
1.666667 1 327.0 372.5 21.8 23.5
1.700000 1 327.0 372.4 21.8 23.6
1.733333 1 327.0 372.4 21.8 23.6
1.766667 1 327.0 372.4 21.8 23.6
1.800000 1 327.0 372.3 21.8 23.7
1.833333 1 327.0 372.3 21.8 23.7
1.866667 1 327.0 372.3 21.9 23.7
1.900000 1 327.0 372.2 21.9 23.8
1.933333 1 327.0 372.2 21.9 23.8
1.966667 1 327.0 372.2 21.9 23.8
2.000000 1 327.0 372.2 21.9 23.8
2.033333 1 327.0 372.1 21.9 23.9
2.066667 1 327.0 372.1 22.0 23.9
2.100000 1 327.0 372.1 22.0 23.9
2.133333 1 327.0 372.0 22.0 24.0
2.166667 1 327.0 372.0 22.0 24.0
2.200000 1 327.0 372.0 22.0 24.0
2.233333 1 327.0 372.0 22.1 24.0
2.266667 1 327.1 372.1 22.1 24.1
2.300000 1 327.1 372.1 22.2 24.1
2.333333 1 327.1 372.1 22.2 24.1
2.366667 1 327.1 372.1 22.2 24.1
2.400000 1 327.1 372.1 22.3 24.1
2.433333 1 327.2 372.2 22.3 24.2
2.466667 1 327.2 372.2 22.4 24.2
2.500000 1 327.2 372.2 22.4 24.2
2.533333 1 327.2 372.2 22.4 24.2
2.566667 1 327.2 372.2 22.5 24.2
2.600000 1 327.3 372.3 22.5 24.3
2.633333 1 327.3 372.3 22.6 24.3
2.666667 1 327.3 372.3 22.6 24.3
2.700000 1 327.3 372.3 22.7 24.3
2.733333 1 327.3 372.3 22.7 24.3
2.766667 1 327.4 372.4 22.7 24.4
2.800000 1 327.4 372.4 22.8 24.4
2.833333 1 327.4 372.4 22.8 24.4
2.866667 1 327.4 372.4 22.9 24.4
2.900000 1 327.4 372.4 22.9 24.4
2.933333 1 327.5 372.5 22.9 24.5
2.966667 1 327.5 372.5 23.0 24.5
3.000000 1 327.5 372.5 23.0 24.5
3.033333 1 327.5 372.5 23.1 24.5
3.066667 1 327.6 372.6 23.1 24.6
3.100000 1 327.6 372.6 23.1 24.6
3.133333 1 327.6 372.6 23.2 24.6
3.166667 1 327.6 372.6 23.2 24.6
3.200000 1 327.6 372.6 23.3 24.6
3.233333 1 327.7 372.7 23.3 24.7
3.266667 1 327.7 372.7 23.3 24.7
3.300000 1 327.7 372.7 23.4 24.7
3.333333 1 327.7 372.7 23.4 24.7
3.366667 1 327.7 372.7 23.5 24.7
3.400000 1 327.8 372.8 23.5 24.8
3.433333 1 327.8 372.8 23.6 24.8
3.466667 1 327.8 372.8 23.6 24.8
3.500000 1 327.8 372.8 23.6 24.8
3.533333 1 327.8 372.8 23.7 24.8
3.566667 1 327.9 372.9 23.7 24.9
3.600000 1 327.9 372.9 23.8 24.9
3.633333 1 327.9 372.9 23.8 24.9
3.666667 1 327.9 372.9 23.8 24.9
3.700000 1 327.9 372.9 23.9 24.9
3.733333 1 328.0 373.0 23.9 25.0
3.766667 1 328.0 373.0 24.0 25.0
3.800000 1 328.0 373.0 24.0 25.0
3.833333 1 327.9 373.0 24.0 25.0
3.866667 1 327.8 373.0 23.9 25.0
3.900000 1 327.7 373.0 23.9 25.0
3.933333 1 327.6 372.9 23.9 25.1
3.966667 1 327.5 372.9 23.9 25.1
4.000000 1 327.4 372.9 23.8 25.1
4.033333 1 327.3 372.9 23.8 25.1
4.066667 1 327.2 372.9 23.8 25.1
4.100000 1 327.1 372.9 23.8 25.1
4.133333 1 327.1 372.9 23.7 25.1
4.166667 1 327.0 372.9 23.7 25.1
4.200000 1 326.9 372.8 23.7 25.2
4.233333 1 326.8 372.8 23.6 25.2
4.266667 1 326.7 372.8 23.6 25.2
4.300000 1 326.6 372.8 23.6 25.2
4.333333 1 326.5 372.8 23.6 25.2
4.366667 1 326.4 372.8 23.5 25.2
4.400000 1 326.3 372.8 23.5 25.2
4.433333 1 326.2 372.7 23.5 25.3
4.466667 1 326.1 372.7 23.5 25.3
4.500000 1 326.0 372.7 23.4 25.3
4.533333 1 325.9 372.7 23.4 25.3
4.566667 1 325.8 372.7 23.4 25.3
4.600000 1 325.7 372.7 23.4 25.3
4.633333 1 325.6 372.7 23.3 25.3
4.666667 1 325.5 372.6 23.3 25.4
4.700000 1 325.4 372.6 23.3 25.4
4.733333 1 325.4 372.6 23.2 25.4
4.766667 1 325.3 372.6 23.2 25.4
4.800000 1 325.2 372.6 23.2 25.4
4.833333 1 325.1 372.6 23.2 25.4
4.866667 1 325.0 372.6 23.1 25.4
4.900000 1 324.9 372.6 23.1 25.4
4.933333 1 324.8 372.5 23.1 25.5
4.966667 1 324.7 372.5 23.1 25.5
5.000000 1 324.6 372.5 23.0 25.5
5.033333 1 324.5 372.5 23.0 25.5
5.066667 1 324.4 372.5 23.0 25.5
5.100000 1 324.3 372.5 22.9 25.5
5.133333 1 324.2 372.5 22.9 25.5
5.166667 1 324.1 372.4 22.9 25.6
5.200000 1 324.0 372.4 22.9 25.6
5.233333 1 323.9 372.4 22.8 25.6
5.266667 1 323.8 372.4 22.8 25.6
5.300000 1 323.7 372.4 22.8 25.6
5.333333 1 323.6 372.4 22.8 25.6
5.366667 1 323.6 372.4 22.7 25.6
5.400000 1 323.5 372.4 22.7 25.6
5.433333 1 323.4 372.3 22.7 25.7
5.466667 1 323.3 372.3 22.6 25.7
5.500000 1 323.2 372.3 22.6 25.7
5.533333 1 323.1 372.3 22.6 25.7
5.566667 1 323.0 372.3 22.6 25.7
5.600000 1 322.9 372.3 22.5 25.7
5.633333 1 322.8 372.3 22.5 25.7
5.666667 1 322.7 372.2 22.5 25.8
5.700000 1 322.6 372.2 22.5 25.8
5.733333 1 322.5 372.2 22.4 25.8
5.766667 1 322.4 372.2 22.4 25.8
5.800000 1 322.3 372.2 22.4 25.8
5.833333 1 322.2 372.2 22.4 25.8
5.866667 1 322.1 372.2 22.3 25.8
5.900000 1 322.0 372.1 22.3 25.9
5.933333 1 321.9 372.1 22.3 25.9
5.966667 1 321.9 372.1 22.2 25.9
6.000000 1 321.8 372.1 22.2 25.9
6.033333 1 321.7 372.1 22.2 25.9
6.066667 1 321.6 372.1 22.2 25.9
6.100000 1 321.5 372.1 22.1 25.9
6.133333 1 321.4 372.1 22.1 25.9
6.166667 1 321.3 372.0 22.1 26.0
6.200000 1 321.2 372.0 22.1 26.0
6.233333 1 321.1 372.0 22.0 26.0
6.266667 1 321.0 372.0 22.0 26.0
6.300000 1 320.9 371.9 22.2 26.1
6.333333 1 320.7 371.8 22.3 26.3
6.366667 1 320.6 371.7 22.5 26.4
6.400000 1 320.5 371.6 22.7 26.5
6.433333 1 320.3 371.5 22.8 26.7
6.466667 1 320.2 371.4 23.0 26.8
6.500000 1 320.1 371.3 23.2 26.9
6.533333 1 319.9 371.2 23.3 27.1
6.566667 1 319.8 371.1 23.5 27.2
6.600000 1 319.7 371.0 23.7 27.3
6.633333 1 319.5 370.9 23.8 27.5
6.666667 1 319.4 370.8 24.0 27.6
6.700000 1 319.3 370.7 24.2 27.7
6.733333 1 319.1 370.6 24.3 27.9
6.766667 1 319.0 370.5 24.5 28.0
6.800000 1 318.9 370.4 24.7 28.1
6.833333 1 318.7 370.3 24.8 28.3
6.866667 1 318.6 370.2 25.0 28.4
6.900000 1 318.5 370.1 25.2 28.5
6.933333 1 318.3 370.0 25.3 28.7
6.966667 1 318.2 369.9 25.5 28.8
7.000000 1 318.1 369.8 25.7 28.9
7.033333 1 317.9 369.7 25.8 29.1
7.066667 1 317.8 369.6 26.0 29.2
7.100000 1 317.7 369.5 26.2 29.3
7.133333 1 317.5 369.4 26.3 29.5
7.166667 1 317.4 369.3 26.5 29.6
7.200000 1 317.3 369.2 26.7 29.7
7.233333 1 317.1 369.1 26.8 29.9
7.266667 1 317.0 369.0 27.0 30.0
7.300000 1 316.8 369.2 27.3 29.8
7.333333 1 316.7 369.3 27.6 29.5
7.366667 1 316.5 369.5 27.9 29.3
7.400000 1 316.4 369.6 28.2 29.1
7.433333 1 316.2 369.8 28.5 28.8
7.466667 1 316.1 369.9 28.8 28.6
7.500000 1 315.9 370.1 29.2 28.4
7.533333 1 315.8 370.2 29.5 28.2
7.566667 1 315.6 370.4 29.8 27.9
7.600000 1 315.5 370.5 30.1 27.7
7.633333 1 315.3 370.7 30.4 27.5
7.666667 1 315.2 370.8 30.7 27.2
7.700000 1 315.0 371.0 31.0 27.0
7.733333 1 313.8 370.7 29.7 26.3
7.766667 1 312.7 370.3 28.3 25.7
7.800000 1 311.5 370.0 27.0 25.0
7.833333 1 310.3 369.7 25.7 24.3
7.866667 1 309.2 369.3 24.3 23.7
7.900000 1 308.0 369.0 23.0 23.0
7.933333 1 307.3 366.4 23.7 23.4
7.966667 1 306.6 363.9 24.4 23.9
8.000000 1 305.9 361.3 25.1 24.3
8.033333 1 305.1 358.7 25.9 24.7
8.066667 1 304.4 356.1 26.6 25.1
8.100000 1 303.7 353.6 27.3 25.6
8.133333 1 303.0 351.0 28.0 26.0
8.166667 1 303.7 349.5 26.5 25.0
8.200000 1 304.5 348.0 25.0 24.0
8.233333 1 305.2 346.5 23.5 23.0
8.266667 1 306.0 345.0 22.0 22.0
8.300000 1 311.0 346.0 18.0 21.0
8.333333 1 308.0 330.0 20.0 21.0
8.366667 1 306.0 300.0 22.0 29.0
8.400000 1 307.0 295.0 19.0 22.0
8.433333 1 306.8 291.0 20.2 23.0
8.466667 1 307.1 290.8 20.2 22.8
8.500000 1 307.4 290.5 20.1 22.5
8.533333 1 307.7 290.3 20.1 22.3
8.566667 1 308.0 290.0 20.0 22.0
8.600000 1 307.6 291.0 20.4 22.3
8.633333 1 307.1 292.0 20.9 22.6
8.666667 1 306.7 293.0 21.3 22.9
8.700000 1 306.3 294.0 21.7 23.1
8.733333 1 305.9 295.0 22.1 23.4
8.766667 1 305.4 296.0 22.6 23.7
8.800000 1 305.0 297.0 23.0 24.0
8.833333 1 301.5 306.0 21.5 22.5
8.866667 1 298.0 315.0 20.0 21.0
8.900000 1 298.3 315.0 19.3 21.0
8.933333 1 298.7 315.0 18.7 21.0
8.966667 1 299.0 315.0 18.0 21.0
9.000000 1 298.8 315.6 18.8 21.4
9.033333 1 298.6 316.2 19.6 21.8
9.066667 1 298.4 316.8 20.4 22.2
9.100000 1 298.2 317.4 21.2 22.6
9.133333 1 298.0 318.0 22.0 23.0
9.166667 1 298.1 318.0 21.6 22.9
9.200000 1 298.3 318.0 21.3 22.7
9.233333 1 298.4 318.0 20.9 22.6
9.266667 1 298.6 318.0 20.6 22.4
9.300000 1 298.7 318.0 20.2 22.3
9.333333 1 298.9 318.0 19.9 22.1
9.366667 1 299.0 318.0 19.5 22.0
9.400000 1 299.1 318.0 19.1 21.9
9.433333 1 299.3 318.0 18.8 21.7
9.466667 1 299.4 318.0 18.4 21.6
9.500000 1 299.6 318.0 18.1 21.4
9.533333 1 299.7 318.0 17.7 21.3
9.566667 1 299.9 318.0 17.4 21.1
9.600000 1 300.0 318.0 17.0 21.0
9.633333 1 300.0 317.9 17.2 21.2
9.666667 1 300.0 317.9 17.4 21.4
9.700000 1 300.0 317.8 17.6 21.6
9.733333 1 300.0 317.7 17.9 21.9
9.766667 1 300.0 317.6 18.1 22.1
9.800000 1 300.0 317.6 18.3 22.3
9.833333 1 300.0 317.5 18.5 22.5
9.866667 1 300.0 317.4 18.7 22.7
9.900000 1 300.0 317.4 18.9 22.9
9.933333 1 300.0 317.3 19.1 23.1
9.966667 1 300.0 317.2 19.4 23.4
10.000000 1 300.0 317.1 19.6 23.6
10.033333 1 300.0 317.1 19.8 23.8
10.066667 1 300.0 317.0 20.0 24.0
10.100000 1 299.7 317.1 20.3 23.9
10.133333 1 299.5 317.1 20.7 23.7
10.166667 1 299.2 317.2 21.0 23.6
10.200000 1 298.9 317.3 21.3 23.5
10.233333 1 298.7 317.3 21.7 23.3
10.266667 1 298.4 317.4 22.0 23.2
10.300000 1 298.1 317.5 22.3 23.1
10.333333 1 297.9 317.5 22.7 22.9
10.366667 1 297.6 317.6 23.0 22.8
10.400000 1 297.3 317.7 23.3 22.7
10.433333 1 297.1 317.7 23.7 22.5
10.466667 1 296.8 317.8 24.0 22.4
10.500000 1 296.5 317.9 24.3 22.3
10.533333 1 296.3 317.9 24.7 22.1
10.566667 1 296.0 318.0 25.0 22.0
