0.000000 1 303.0 274.0 35.0 35.0
0.033333 1 302.9 273.1 34.9 35.1
0.066667 1 302.8 272.2 34.8 35.2
0.100000 1 302.7 271.3 34.7 35.3
0.133333 1 302.6 270.4 34.6 35.4
0.166667 1 302.5 269.5 34.5 35.5
0.200000 1 302.5 268.5 34.5 35.5
0.233333 1 302.4 267.6 34.4 35.6
0.266667 1 302.3 266.7 34.3 35.7
0.300000 1 302.2 265.8 34.2 35.8
0.333333 1 302.1 264.9 34.1 35.9
0.366667 1 302.0 264.0 34.0 36.0
0.400000 1 301.9 263.8 34.2 36.2
0.433333 1 301.8 263.6 34.4 36.4
0.466667 1 301.7 263.3 34.7 36.7
0.500000 1 301.6 263.1 34.9 36.9
0.533333 1 301.4 262.9 35.1 37.1
0.566667 1 301.3 262.7 35.3 37.3
0.600000 1 301.2 262.4 35.6 37.6
0.633333 1 301.1 262.2 35.8 37.8
0.666667 1 301.0 262.0 36.0 38.0
0.700000 1 301.8 261.2 35.0 37.2
0.733333 1 302.6 260.4 34.0 36.4
0.766667 1 303.3 259.7 33.0 35.7
0.800000 1 304.1 258.9 32.0 34.9
0.833333 1 304.9 258.1 31.0 34.1
0.866667 1 305.7 257.3 30.0 33.3
0.900000 1 306.4 256.6 29.0 32.6
0.933333 1 307.2 255.8 28.0 31.8
0.966667 1 308.0 255.0 27.0 31.0
1.000000 1 307.8 253.5 27.4 31.1
1.033333 1 307.6 252.0 27.8 31.2
1.066667 1 307.4 250.4 28.2 31.4
1.100000 1 307.2 248.9 28.6 31.5
1.133333 1 307.0 247.4 29.0 31.6
1.166667 1 306.8 245.9 29.4 31.7
1.200000 1 306.6 244.4 29.8 31.8
1.233333 1 306.4 242.8 30.2 32.0
1.266667 1 306.2 241.3 30.6 32.1
1.300000 1 306.0 239.8 31.0 32.2
1.333333 1 305.8 238.3 31.4 32.3
1.366667 1 305.6 236.8 31.8 32.4
1.400000 1 305.4 235.2 32.2 32.6
1.433333 1 305.2 233.7 32.6 32.7
1.466667 1 305.0 232.2 33.0 32.8
1.500000 1 304.8 230.7 33.4 32.9
1.533333 1 304.6 229.2 33.8 33.0
1.566667 1 304.4 227.6 34.2 33.2
1.600000 1 304.2 226.1 34.6 33.3
1.633333 1 304.0 224.6 35.0 33.4
1.666667 1 303.8 223.1 35.4 33.5
1.700000 1 303.6 221.6 35.8 33.6
1.733333 1 303.4 220.0 36.2 33.8
1.766667 1 303.2 218.5 36.6 33.9
1.800000 1 303.0 217.0 37.0 34.0
1.833333 1 303.4 216.1 36.8 34.0
1.866667 1 303.7 215.2 36.6 34.0
1.900000 1 304.1 214.3 36.5 34.0
1.933333 1 304.5 213.4 36.3 34.0
1.966667 1 304.8 212.5 36.1 34.0
2.000000 1 305.2 211.5 35.9 34.0
2.033333 1 305.5 210.6 35.7 34.0
2.066667 1 305.9 209.7 35.5 34.0
2.100000 1 306.3 208.8 35.4 34.0
2.133333 1 306.6 207.9 35.2 34.0
2.166667 1 307.0 207.0 35.0 34.0
2.200000 1 307.1 205.4 34.9 34.3
2.233333 1 307.2 203.9 34.8 34.7
2.266667 1 307.3 202.3 34.7 35.0
2.300000 1 307.4 200.8 34.6 35.3
2.333333 1 307.6 199.2 34.4 35.7
2.366667 1 307.7 197.7 34.3 36.0
2.400000 1 307.8 196.1 34.2 36.3
2.433333 1 307.9 194.6 34.1 36.7
2.466667 1 308.0 193.0 34.0 37.0
2.500000 1 308.1 192.4 34.1 36.8
2.533333 1 308.2 191.8 34.2 36.5
2.566667 1 308.3 191.3 34.2 36.2
2.600000 1 308.3 190.7 34.3 36.0
2.633333 1 308.4 190.1 34.4 35.8
2.666667 1 308.5 189.5 34.5 35.5
2.700000 1 308.6 188.9 34.6 35.2
2.733333 1 308.7 188.3 34.7 35.0
2.766667 1 308.8 187.8 34.7 34.8
2.800000 1 308.8 187.2 34.8 34.5
2.833333 1 308.9 186.6 34.9 34.2
2.866667 1 309.0 186.0 35.0 34.0
2.900000 1 309.5 184.5 34.5 33.9
2.933333 1 309.9 182.9 33.9 33.8
2.966667 1 310.4 181.4 33.4 33.7
3.000000 1 310.8 179.8 32.8 33.6
3.033333 1 311.3 178.3 32.3 33.5
3.066667 1 311.7 176.7 31.7 33.5
3.100000 1 312.2 175.2 31.2 33.4
3.133333 1 312.6 173.6 30.6 33.3
3.166667 1 313.1 172.1 30.1 33.2
3.200000 1 313.5 170.5 29.5 33.1
3.233333 1 314.0 169.0 29.0 33.0
3.266667 1 314.0 168.2 29.1 33.1
3.300000 1 314.0 167.4 29.1 33.3
3.333333 1 314.0 166.6 29.2 33.4
3.366667 1 314.0 165.9 29.3 33.6
3.400000 1 314.0 165.1 29.4 33.7
3.433333 1 314.0 164.3 29.4 33.9
3.466667 1 314.0 163.5 29.5 34.0
3.500000 1 314.0 162.7 29.6 34.1
3.533333 1 314.0 161.9 29.6 34.3
3.566667 1 314.0 161.1 29.7 34.4
3.600000 1 314.0 160.4 29.8 34.6
3.633333 1 314.0 159.6 29.9 34.7
3.666667 1 314.0 158.8 29.9 34.9
3.700000 1 314.0 158.0 30.0 35.0
3.733333 1 314.2 156.4 30.1 35.5
3.766667 1 314.3 154.8 30.2 36.1
3.800000 1 314.5 153.2 30.2 36.6
3.833333 1 314.6 151.5 30.3 37.2
3.866667 1 314.8 149.9 30.4 37.7
3.900000 1 314.9 148.3 30.5 38.2
3.933333 1 315.1 146.7 30.5 38.8
3.966667 1 315.2 145.1 30.6 39.3
4.000000 1 315.4 143.5 30.7 39.8
4.033333 1 315.5 141.8 30.8 40.4
4.066667 1 315.7 140.2 30.8 40.9
4.100000 1 315.8 138.6 30.9 41.5
4.133333 1 316.0 137.0 31.0 42.0
4.166667 1 316.0 135.7 31.4 41.4
4.200000 1 316.0 134.3 31.8 40.8
4.233333 1 316.0 133.0 32.3 40.3
4.266667 1 316.0 131.7 32.7 39.7
4.300000 1 316.0 130.3 33.1 39.1
4.333333 1 316.0 129.0 33.5 38.5
4.366667 1 316.0 127.7 33.9 37.9
4.400000 1 316.0 126.3 34.3 37.3
4.433333 1 316.0 125.0 34.8 36.8
4.466667 1 316.0 123.7 35.2 36.2
4.500000 1 316.0 122.3 35.6 35.6
4.533333 1 316.0 121.0 36.0 35.0
4.566667 1 316.1 120.2 35.9 35.2
4.600000 1 316.2 119.5 35.8 35.3
4.633333 1 316.3 118.8 35.8 35.5
4.666667 1 316.3 118.0 35.7 35.7
4.700000 1 316.4 117.2 35.6 35.8
4.733333 1 316.5 116.5 35.5 36.0
4.766667 1 316.6 115.8 35.4 36.2
4.800000 1 316.7 115.0 35.3 36.3
4.833333 1 316.8 114.2 35.3 36.5
4.866667 1 316.8 113.5 35.2 36.7
4.900000 1 316.9 112.8 35.1 36.8
4.933333 1 317.0 112.0 35.0 37.0
4.966667 1 317.1 110.4 35.4 36.7
5.000000 1 317.2 108.7 35.7 36.5
5.033333 1 317.3 107.1 36.1 36.2
5.066667 1 317.4 105.5 36.5 35.9
5.100000 1 317.5 103.8 36.8 35.6
5.133333 1 317.5 102.2 37.2 35.4
5.166667 1 317.6 100.5 37.5 35.1
5.200000 1 317.7 98.9 37.9 34.8
5.233333 1 317.8 97.3 38.3 34.5
5.266667 1 317.9 95.6 38.6 34.3
5.300000 1 318.0 94.0 39.0 34.0
5.333333 1 317.7 91.6 39.0 34.3
5.366667 1 317.4 89.2 39.0 34.6
5.400000 1 317.1 86.8 39.0 34.9
5.433333 1 316.8 84.4 39.0 35.2
5.466667 1 316.5 82.0 39.0 35.5
5.500000 1 316.2 79.6 39.0 35.8
5.533333 1 315.9 77.2 39.0 36.1
5.566667 1 315.6 74.8 39.0 36.4
5.600000 1 315.3 72.4 39.0 36.7
5.633333 1 315.0 70.0 39.0 37.0
5.666667 1 314.1 68.0 39.2 38.2
5.700000 1 313.2 66.0 39.4 39.4
5.733333 1 312.3 64.0 39.7 40.7
5.766667 1 311.4 62.0 39.9 41.9
5.800000 1 310.6 60.0 40.1 43.1
5.833333 1 309.7 58.0 40.3 44.3
5.866667 1 308.8 56.0 40.6 45.6
5.900000 1 307.9 54.0 40.8 46.8
5.933333 1 307.0 52.0 41.0 48.0
5.966667 1 307.2 51.7 40.5 46.8
6.000000 1 307.3 51.3 40.0 45.7
6.033333 1 307.5 51.0 39.5 44.5
6.066667 1 307.7 50.7 39.0 43.3
6.100000 1 307.8 50.3 38.5 42.2
6.133333 1 308.0 50.0 38.0 41.0
6.166667 1 307.7 49.4 37.6 40.4
6.200000 1 307.4 48.9 37.1 39.9
6.233333 1 307.1 48.3 36.7 39.3
6.266667 1 306.9 47.7 36.3 38.7
6.300000 1 306.6 47.1 35.9 38.1
6.333333 1 306.3 46.6 35.4 37.6
6.366667 1 306.0 46.0 35.0 37.0
6.400000 1 305.0 46.0 34.5 34.5
6.433333 1 304.0 46.0 34.0 32.0
6.466667 1 304.1 45.2 34.1 32.6
6.500000 1 304.2 44.4 34.2 33.1
6.533333 1 304.3 43.7 34.3 33.7
6.566667 1 304.4 42.9 34.4 34.2
6.600000 1 304.6 42.1 34.6 34.8
6.633333 1 304.7 41.3 34.7 35.3
6.666667 1 304.8 40.6 34.8 35.9
6.700000 1 304.9 39.8 34.9 36.4
6.733333 1 305.0 39.0 35.0 37.0
6.766667 1 305.0 38.6 35.2 37.1
6.800000 1 305.0 38.3 35.4 37.2
6.833333 1 305.0 37.9 35.5 37.3
6.866667 1 305.0 37.5 35.7 37.4
6.900000 1 305.0 37.2 35.9 37.5
6.933333 1 305.0 36.8 36.1 37.5
6.966667 1 305.0 36.5 36.3 37.6
7.000000 1 305.0 36.1 36.5 37.7
7.033333 1 305.0 35.7 36.6 37.8
7.066667 1 305.0 35.4 36.8 37.9
7.100000 1 305.0 35.0 37.0 38.0
7.133333 1 304.5 34.8 37.0 37.5
7.166667 1 304.0 34.7 37.0 37.0
7.200000 1 303.5 34.5 37.0 36.5
7.233333 1 303.0 34.3 37.0 36.0
7.266667 1 302.5 34.2 37.0 35.5
7.300000 1 302.0 34.0 37.0 35.0
7.333333 1 303.0 34.6 35.8 34.2
7.366667 1 304.0 35.2 34.6 33.4
7.400000 1 305.0 35.8 33.4 32.6
7.433333 1 306.0 36.4 32.2 31.8
7.466667 1 307.0 37.0 31.0 31.0
7.500000 1 306.7 36.7 31.0 31.5
7.533333 1 306.3 36.3 31.0 32.0
7.566667 1 306.0 36.0 31.0 32.5
7.600000 1 305.7 35.7 31.0 33.0
7.633333 1 305.3 35.3 31.0 33.5
7.666667 1 305.0 35.0 31.0 34.0
7.700000 1 304.7 34.0 30.7 34.3
7.733333 1 304.5 33.0 30.5 34.5
7.766667 1 304.2 32.0 30.2 34.8
7.800000 1 304.0 31.0 30.0 35.0
7.833333 1 303.5 31.7 29.5 35.0
7.866667 1 303.0 32.5 29.0 35.0
7.900000 1 302.5 33.2 28.5 35.0
7.933333 1 302.0 34.0 28.0 35.0
7.966667 1 302.0 36.0 30.0 35.0
8.000000 1 302.0 38.0 32.0 35.0
8.033333 1 305.0 57.0 30.0 37.0
8.066667 1 298.0 67.0 34.0 34.0
8.100000 1 294.0 86.0 43.0 40.0
8.133333 1 294.5 91.5 42.3 39.5
8.166667 1 294.9 97.1 41.5 39.1
8.200000 1 295.4 102.6 40.8 38.6
8.233333 1 295.8 108.2 40.1 38.2
8.266667 1 296.3 113.7 39.4 37.7
8.300000 1 296.7 119.3 38.6 37.3
8.333333 1 297.2 124.8 37.9 36.8
8.366667 1 298.4 142.4 37.0 36.0
8.400000 1 298.1 145.7 36.0 35.0
8.433333 1 297.0 147.5 35.0 35.0
8.466667 1 299.0 147.0 35.0 35.0
8.500000 1 299.0 147.4 34.0 35.0
8.533333 1 300.5 150.1 34.0 35.0
8.566667 1 302.7 155.0 34.0 35.0
8.600000 1 299.0 172.6 34.2 35.8
8.633333 1 299.0 179.0 34.0 36.0
8.666667 1 299.0 197.2 34.0 35.0
8.700000 1 299.0 205.6 34.0 34.0
8.733333 1 299.7 211.0 34.0 34.0
8.766667 1 299.7 224.7 35.0 33.0
8.800000 1 299.0 225.6 35.0 33.0
8.833333 1 299.0 235.6 35.0 32.0
8.866667 1 299.0 238.0 36.0 32.0
8.900000 1 301.0 244.0 30.0 29.0
8.933333 1 299.0 240.5 34.0 31.5
8.966667 1 297.0 237.0 38.0 34.0
9.000000 1 297.0 236.7 38.1 34.1
9.033333 1 297.0 236.5 38.2 34.1
9.066667 1 297.0 236.2 38.3 34.2
9.100000 1 297.0 235.9 38.4 34.2
9.133333 1 297.0 235.7 38.5 34.3
9.166667 1 297.0 235.4 38.6 34.3
9.200000 1 297.0 235.2 38.7 34.4
9.233333 1 297.0 234.9 38.8 34.4
9.266667 1 297.0 234.6 38.9 34.5
9.300000 1 297.0 234.4 39.1 34.5
9.333333 1 297.0 234.1 39.2 34.6
9.366667 1 297.0 233.8 39.3 34.6
9.400000 1 297.0 233.6 39.4 34.7
9.433333 1 297.0 233.3 39.5 34.7
9.466667 1 297.0 233.1 39.6 34.8
9.500000 1 297.0 232.8 39.7 34.8
9.533333 1 297.0 232.5 39.8 34.9
9.566667 1 297.0 232.3 39.9 34.9
9.600000 1 297.0 232.0 40.0 35.0
9.633333 1 297.5 232.4 39.3 34.6
9.666667 1 298.0 232.7 38.5 34.3
9.700000 1 298.5 233.1 37.8 33.9
9.733333 1 299.0 233.5 37.0 33.5
9.766667 1 299.5 233.9 36.3 33.1
9.800000 1 300.0 234.2 35.5 32.8
9.833333 1 300.5 234.6 34.8 32.4
9.866667 1 301.0 235.0 34.0 32.0
9.900000 1 301.6 234.0 33.9 31.6
9.933333 1 302.1 233.0 33.7 31.1
9.966667 1 302.7 232.0 33.6 30.7
10.000000 1 303.3 231.0 33.4 30.3
10.033333 1 303.9 230.0 33.3 29.9
10.066667 1 304.4 229.0 33.1 29.4
10.100000 1 305.0 228.0 33.0 29.0
