0.033333 1 478.0 317.0 271.2 323.0
0.033333 1 38.0 26.0 34.8 25.0
0.066667 1 478.0 318.0 269.0 324.0
0.066667 1 38.0 27.0 39.0 27.0
0.100000 1 478.0 312.0 269.0 318.0
0.100000 1 31.0 30.0 33.0 33.0
0.133333 1 480.0 317.0 266.0 321.0
0.133333 1 29.0 23.0 36.0 28.0
0.166667 1 480.0 313.0 267.0 323.0
0.166667 1 31.0 24.0 34.0 26.0
0.200000 1 480.0 314.0 270.0 327.0
0.200000 1 30.0 25.0 31.0 22.0
0.233333 1 480.0 309.0 270.0 326.0
0.233333 1 30.0 26.0 28.0 25.0
0.266667 1 477.0 307.0 273.0 323.0
0.266667 1 31.0 28.0 25.0 26.0
0.300000 1 477.0 309.0 273.0 322.0
0.300000 1 31.0 27.0 25.0 28.0
0.333333 1 479.0 306.0 273.0 324.0
0.333333 1 29.0 27.0 26.0 27.0
0.366667 1 480.0 305.0 274.0 325.0
0.366667 1 31.0 25.0 24.0 23.0
0.400000 1 474.0 309.0 264.0 327.0
0.400000 1 36.0 21.0 34.0 21.0
0.433333 1 474.0 303.0 264.0 322.0
0.433333 1 35.0 31.0 33.0 32.0
0.466667 1 472.0 303.0 261.0 326.0
0.466667 1 36.0 27.0 39.0 23.0
0.500000 1 472.0 294.0 261.0 321.0
0.500000 1 38.0 37.0 34.0 28.0
0.533333 1 475.0 298.0 261.0 325.0
0.533333 1 35.0 27.0 34.0 27.0
0.566667 1 476.0 297.0 261.0 327.0
0.566667 1 33.0 29.0 35.0 23.0
0.600000 1 473.0 300.0 264.0 327.0
0.600000 1 35.0 23.0 32.0 24.0
0.633333 1 473.0 294.0 265.0 327.0
0.633333 1 36.0 29.0 35.0 27.0
0.666667 1 465.0 293.0 260.0 327.0
0.666667 1 44.0 31.0 40.0 26.0
0.700000 1 465.0 289.0 260.0 327.0
0.700000 1 38.0 34.0 33.0 26.0
0.733333 1 471.0 290.0 261.0 324.0
0.733333 1 32.0 34.0 32.0 27.0
0.766667 1 471.0 291.0 261.0 324.0
0.766667 1 32.0 24.0 35.0 29.0
0.800000 1 467.0 285.0 258.0 321.0
0.800000 1 35.0 30.0 38.0 30.0
0.833333 1 467.0 291.0 258.0 324.0
0.833333 1 34.0 30.0 27.0 29.0
0.866667 1 468.0 289.0 256.0 324.0
0.866667 1 33.0 23.0 29.0 26.0
0.900000 1 468.0 283.0 256.0 326.0
0.900000 1 31.0 29.0 31.0 25.0
0.933333 1 470.0 283.0 255.0 325.0
0.933333 1 29.0 28.0 32.0 24.0
0.966667 1 470.0 284.0 256.0 323.0
0.966667 1 27.0 28.0 33.0 28.0
1.000000 1 464.0 282.0 256.0 324.0
1.000000 1 33.0 30.0 33.0 26.0
1.033333 1 464.0 282.0 256.0 328.0
1.033333 1 34.0 27.0 31.0 20.0
1.066667 1 462.0 279.0 256.0 327.0
1.066667 1 36.0 30.0 31.0 19.0
1.100000 1 462.0 279.0 256.0 325.0
1.100000 1 32.0 27.0 33.0 24.0
1.133333 1 465.0 274.0 252.0 324.0
1.133333 1 29.0 29.0 36.0 24.0
1.166667 1 465.0 279.0 252.0 327.0
1.166667 1 30.0 25.0 30.0 19.0
1.200000 1 464.0 277.0 251.0 330.0
1.200000 1 31.0 25.0 31.0 20.0
1.233333 1 464.0 273.0 251.0 325.0
1.233333 1 31.0 29.0 33.0 23.0
1.266667 1 463.0 273.0 253.0 327.0
1.266667 1 32.0 23.0 31.0 18.0
1.300000 1 463.0 269.0 253.0 325.0
1.300000 1 32.0 28.0 32.0 21.0
1.333333 1 460.0 270.0 250.0 327.0
1.333333 1 35.0 22.0 35.0 21.0
1.366667 1 458.0 264.0 246.0 327.0
1.366667 1 29.0 28.0 33.0 19.0
1.400000 1 461.0 270.0 250.0 329.0
1.400000 1 33.0 21.0 30.0 19.0
1.433333 1 459.0 270.0 248.0 330.0
1.433333 1 32.0 19.0 37.0 15.0
1.466667 1 459.0 262.0 248.0 327.0
1.466667 1 30.0 23.0 25.0 19.0
1.500000 1 461.0 261.0 246.0 328.0
1.500000 1 28.0 24.0 27.0 19.0
1.533333 1 461.0 261.0 246.0 328.0
1.533333 1 34.0 24.0 30.0 19.0
1.566667 1 459.0 258.0 240.0 327.0
1.566667 1 36.0 29.0 36.0 22.0
1.600000 1 459.0 257.2 240.0 331.5
1.600000 1 29.0 27.0 37.0 19.0
1.633333 1 450.0 260.0 241.0 331.0
1.633333 1 37.0 22.0 36.0 19.0
1.666667 1 450.0 260.0 241.0 332.0
1.666667 1 39.0 22.0 35.0 16.0
1.700000 1 452.0 239.0 37.0 37.0
1.733333 1 452.0 239.0 33.0 30.0
1.766667 1 455.0 239.0 30.0 30.0
1.800000 1 455.0 240.0 25.0 26.0
1.833333 1 450.0 231.0 30.0 35.0
1.866667 1 450.0 231.0 39.0 37.0
1.900000 1 452.0 231.0 37.0 37.0
1.933333 1 452.0 231.0 31.0 31.0
1.966667 1 447.0 235.0 36.0 27.0
2.000000 1 447.0 235.0 27.0 28.0
2.033333 1 445.0 229.0 29.0 34.0
2.066667 1 447.0 232.0 27.0 30.0
2.100000 1 440.0 226.0 39.0 33.0
2.133333 1 445.0 229.0 32.0 33.0
2.166667 1 448.0 228.0 22.0 26.0
2.200000 1 441.0 224.0 32.0 32.0
2.233333 1 430.1 216.7 39.6 35.7
2.266667 1 428.6 225.0 217.0 330.0
2.266667 1 39.0 22.0 35.0 19.0
2.300000 1 427.7 224.0 216.6 325.0
2.300000 1 39.0 24.0 35.0 24.0
2.333333 1 426.3 220.0 215.6 326.0
2.333333 1 39.0 22.0 35.0 19.0
2.366667 1 424.8 222.0 214.2 324.0
2.366667 1 39.0 25.0 35.0 25.0
2.400000 1 424.1 218.0 213.3 321.0
2.400000 1 39.0 25.0 35.0 23.0
2.433333 1 421.8 216.0 211.4 321.0
2.433333 1 39.0 27.0 35.0 23.0
2.466667 1 419.8 212.0 207.5 321.0
2.466667 1 40.0 24.0 36.0 19.0
2.500000 1 418.5 212.0 206.2 320.0
2.500000 1 40.0 28.0 36.0 19.0
2.533333 1 416.3 210.0 205.4 326.0
2.533333 1 40.0 24.0 36.0 16.0
2.566667 1 415.7 211.0 205.7 319.0
2.566667 1 40.0 22.0 36.0 26.0
2.600000 1 409.3 205.0 208.8 319.0
2.600000 1 39.0 23.0 36.0 24.0
2.633333 1 408.1 201.0 208.1 315.0
2.633333 1 40.0 30.0 36.0 27.0
2.666667 1 406.1 198.0 206.9 315.0
2.666667 1 40.0 26.0 36.0 26.0
2.700000 1 403.2 198.0 205.6 314.0
2.700000 1 40.0 27.0 36.0 23.0
2.733333 1 196.7 400.4 309.5 203.5
2.733333 1 29.5 40.0 30.0 36.0
2.766667 1 190.9 399.0 303.5 201.8
2.766667 1 34.5 41.0 41.2 37.0
2.800000 1 183.4 395.9 290.7 200.5
2.800000 1 47.2 41.0 59.7 37.0
2.833333 1 188.7 393.3 304.2 201.4
2.833333 1 38.0 41.0 43.7 37.0
2.866667 1 184.2 391.4 302.0 200.9
2.866667 1 41.6 42.0 46.0 38.0
2.900000 1 191.7 387.4 310.2 201.7
2.900000 1 33.2 40.0 37.9 36.0
2.933333 1 185.7 384.1 308.0 200.7
2.933333 1 36.6 41.0 38.8 37.0
2.966667 1 182.7 383.1 307.2 200.5
2.966667 1 38.3 40.0 38.8 36.0
3.000000 1 183.4 380.4 302.7 199.0
3.000000 1 36.9 40.0 42.7 37.0
3.033333 1 180.4 379.0 303.5 198.1
3.033333 1 39.0 41.0 41.1 37.0
3.066667 1 175.2 377.6 299.7 195.4
3.066667 1 42.8 40.0 44.1 36.0
3.100000 1 178.9 375.5 302.7 193.3
3.100000 1 37.7 42.0 39.9 38.0
3.133333 1 174.4 372.5 299.7 192.5
3.133333 1 40.2 41.0 42.2 37.0
3.166667 1 165.4 369.5 292.9 193.3
3.166667 1 39.3 40.9 41.8 37.0
3.200000 1 163.7 365.3 292.1 191.8
3.200000 1 40.3 42.6 42.8 38.7
3.233333 1 163.3 364.4 291.8 192.0
3.233333 1 40.0 41.5 42.5 37.4
3.266667 1 161.5 361.4 290.8 191.3
3.266667 1 40.3 41.6 42.8 37.6
3.300000 1 160.8 358.7 290.6 190.1
3.300000 1 39.0 42.2 41.5 38.1
3.333333 1 159.6 357.4 289.2 189.2
3.333333 1 40.5 42.1 43.0 38.1
3.366667 1 162.4 354.4 291.8 186.8
3.366667 1 32.6 42.6 34.3 38.6
3.400000 1 161.6 351.8 291.0 184.3
3.400000 1 32.1 42.5 33.8 38.4
3.433333 1 160.8 350.1 290.2 183.3
3.433333 1 32.3 42.7 34.0 38.5
3.466667 1 158.8 346.6 289.2 183.9
3.466667 1 32.9 43.0 34.6 38.9
3.500000 1 158.2 345.2 289.3 184.3
3.500000 1 32.7 42.7 34.5 38.5
3.533333 1 156.4 340.5 289.5 183.7
3.533333 1 32.7 42.6 34.5 38.4
3.566667 1 155.2 339.1 289.5 183.1
3.566667 1 32.7 42.9 34.5 38.7
3.600000 1 153.9 335.8 289.2 182.1
3.600000 1 32.4 43.7 34.3 39.5
3.633333 1 152.7 334.0 288.1 181.7
3.633333 1 32.4 42.5 34.2 38.4
3.666667 1 151.3 330.5 287.0 179.2
3.666667 1 32.3 44.1 34.2 39.9
3.700000 1 149.7 328.9 285.2 177.1
3.700000 1 32.7 43.8 34.5 39.6
3.733333 1 149.6 327.7 284.7 176.1
3.733333 1 32.7 42.9 34.5 38.8
3.766667 1 147.3 324.1 283.1 174.7
3.766667 1 32.8 43.7 34.6 39.5
3.800000 1 145.7 320.8 282.7 175.5
3.800000 1 33.1 43.7 34.8 39.5
3.833333 1 144.1 317.1 282.9 174.9
3.833333 1 32.7 43.3 34.5 39.2
3.866667 1 140.5 315.1 282.1 175.1
3.866667 1 33.6 41.5 35.3 37.3
3.900000 1 139.6 313.5 281.9 174.6
3.900000 1 33.3 41.8 35.1 37.8
3.933333 1 138.4 310.6 280.9 173.3
3.933333 1 33.3 42.5 35.1 38.5
3.966667 1 137.2 308.7 279.7 172.0
3.966667 1 32.9 41.2 34.7 37.1
4.000000 1 135.0 307.5 278.0 169.9
4.000000 1 33.2 41.1 35.0 37.2
4.033333 1 133.8 305.0 276.9 168.0
4.033333 1 33.0 40.0 35.0 36.0
4.066667 1 132.6 303.0 276.0 169.0
4.066667 1 33.0 36.0 35.0 30.0
4.100000 1 130.3 307.0 275.8 172.0
4.100000 1 32.0 24.0 34.0 27.0
4.133333 1 129.5 297.0 276.4 177.0
4.133333 1 32.0 36.0 34.0 25.0
4.166667 1 132.3 302.0 277.1 174.0
4.166667 1 32.0 28.0 34.0 29.0
4.200000 1 148.8 318.0 276.9 172.0
4.200000 1 32.0 28.0 34.0 28.0
4.233333 1 166.3 326.0 277.6 166.0
4.233333 1 32.0 31.0 34.0 34.0
4.266667 1 186.9 351.0 277.0 163.0
4.266667 1 32.0 32.0 34.0 33.0
4.300000 1 208.6 369.0 276.7 163.0
4.300000 1 32.0 30.0 34.0 35.0
4.333333 1 232.9 390.0 277.1 167.0
4.333333 1 32.0 35.0 34.0 29.0
4.366667 1 251.9 411.0 276.3 170.0
4.366667 1 32.0 32.0 34.0 29.0
4.400000 1 272.2 426.0 277.0 169.0
4.400000 1 32.0 33.0 34.0 26.0
4.433333 1 299.8 461.0 278.5 165.0
4.433333 1 32.0 28.0 34.0 37.0
4.466667 1 323.2 479.0 277.5 163.0
4.466667 1 32.0 32.0 34.0 30.0
4.500000 1 334.0 491.0 275.3 161.0
4.500000 1 33.0 29.0 35.0 28.0
4.533333 1 353.4 508.0 274.0 159.0
4.533333 1 33.0 26.0 35.0 24.0
4.566667 1 365.1 522.0 274.0 157.0
4.566667 1 33.0 26.0 34.0 28.0
4.600000 1 380.7 534.0 273.0 158.0
4.600000 1 33.0 30.0 35.0 26.0
4.633333 1 390.1 538.0 272.0 157.0
4.633333 1 33.0 32.0 34.0 27.0
4.666667 1 410.3 559.0 271.9 157.0
4.666667 1 33.0 24.0 34.0 27.0
4.700000 1 423.8 578.0 272.6 158.0
4.700000 1 33.0 19.0 34.0 23.0
4.733333 1 424.3 575.0 272.6 157.0
4.733333 1 33.0 22.0 35.0 24.0
4.766667 1 421.4 573.0 272.2 156.0
4.766667 1 33.0 23.0 35.0 25.0
4.800000 1 420.5 571.0 272.2 153.0
4.800000 1 33.0 22.0 35.0 24.0
4.833333 1 418.0 562.0 271.3 151.0
4.833333 1 33.0 34.0 35.0 30.0
4.866667 1 415.6 559.0 271.0 151.0
4.866667 1 32.0 27.0 34.0 25.0
4.900000 1 414.7 557.0 270.7 154.0
4.900000 1 32.0 28.0 34.0 21.0
4.933333 1 412.0 552.0 269.7 158.0
4.933333 1 32.0 34.0 34.0 20.0
4.966667 1 408.4 545.0 270.5 158.0
4.966667 1 33.0 28.0 34.0 20.0
5.000000 1 407.2 546.0 271.0 157.0
5.000000 1 32.0 25.8 34.0 26.0
5.033333 1 402.5 539.0 271.3 151.0
5.033333 1 33.0 31.0 34.0 27.0
5.066667 1 400.4 535.0 271.1 151.0
5.066667 1 33.0 29.0 34.0 26.0
5.100000 1 398.4 532.0 271.0 150.0
5.100000 1 33.0 26.0 34.0 25.0
5.133333 1 395.9 531.0 270.0 151.0
5.133333 1 33.0 24.0 34.0 22.0
5.166667 1 394.9 525.0 269.6 148.0
5.166667 1 32.0 30.0 34.0 24.0
5.200000 1 392.1 523.0 268.3 151.0
5.200000 1 33.0 26.0 35.0 21.0
5.233333 1 389.1 519.0 268.4 153.0
5.233333 1 33.0 24.0 35.0 19.0
5.266667 1 385.3 511.0 269.9 155.0
5.266667 1 32.0 25.0 34.0 17.0
5.300000 1 380.8 507.0 270.6 151.0
5.300000 1 32.0 24.0 33.0 20.0
5.333333 1 378.7 507.0 270.7 151.0
5.333333 1 31.0 21.0 33.0 20.0
5.366667 1 374.8 494.0 269.3 148.0
5.366667 1 32.0 30.0 33.0 18.0
5.400000 1 368.8 490.0 266.6 148.0
5.400000 1 32.0 27.0 33.0 16.0
5.433333 1 363.7 481.0 267.3 147.0
5.433333 1 32.0 27.0 34.0 17.0
5.466667 1 360.8 470.1 268.4 140.7
5.466667 1 32.0 34.0 34.0 30.0
5.500000 1 359.6 465.4 268.6 138.9
5.500000 1 32.0 32.0 34.0 28.0
5.533333 1 356.1 463.2 267.6 134.9
5.533333 1 33.0 32.0 35.0 28.0
5.566667 1 353.9 460.4 266.9 132.5
5.566667 1 33.0 34.0 35.0 28.0
5.600000 1 352.4 454.9 266.0 129.5
5.600000 1 33.0 36.0 35.0 30.0
5.633333 1 349.3 440.1 265.5 129.4
5.633333 1 33.6 37.1 35.5 32.1
5.666667 1 346.9 435.8 264.9 129.9
5.666667 1 33.2 37.3 35.0 31.4
5.700000 1 345.3 433.7 264.4 130.6
5.700000 1 33.5 35.6 35.3 29.6
5.733333 1 342.2 429.7 265.8 129.8
5.733333 1 33.0 34.2 34.9 28.3
5.766667 1 339.5 425.1 267.0 127.6
5.766667 1 32.3 35.2 34.2 29.1
5.800000 1 337.4 423.2 267.1 126.7
5.800000 1 32.3 34.9 34.2 28.9
5.833333 1 334.8 419.1 267.0 124.3
5.833333 1 32.5 35.0 34.4 29.0
5.866667 1 332.8 414.5 267.3 120.7
5.866667 1 32.8 34.8 34.7 28.9
5.900000 1 330.5 412.6 267.1 114.1
5.900000 1 32.0 35.1 33.9 29.2
5.933333 1 327.7 407.0 266.7 111.6
5.933333 1 32.1 35.4 34.0 29.5
5.966667 1 326.9 404.7 266.6 111.2
5.966667 1 31.7 35.3 33.7 29.4
6.000000 1 323.0 399.5 265.8 110.4
6.000000 1 32.3 35.9 34.2 29.9
6.033333 1 320.1 393.5 267.5 113.1
6.033333 1 32.3 30.0 34.2 24.4
6.066667 1 317.2 389.2 268.4 111.1
6.066667 1 32.2 30.3 34.2 24.7
6.100000 1 314.7 387.1 268.5 110.1
6.100000 1 32.4 30.4 34.4 24.8
6.133333 1 311.3 382.3 268.3 106.8
6.133333 1 33.0 30.4 34.8 24.7
6.166667 1 308.8 377.4 267.9 103.5
6.166667 1 33.2 29.8 35.0 24.3
6.200000 1 306.2 373.8 267.0 98.3
6.200000 1 33.4 29.6 35.2 24.1
6.233333 1 303.2 367.7 265.7 95.8
6.233333 1 33.2 29.7 35.1 24.3
6.266667 1 300.1 362.8 264.4 97.0
6.266667 1 32.8 28.6 34.7 23.3
6.300000 1 296.7 356.2 264.6 96.3
6.300000 1 33.1 29.0 34.9 23.9
6.333333 1 293.9 350.8 265.2 95.1
6.333333 1 33.0 28.7 34.9 23.6
6.366667 1 288.4 345.9 265.3 93.6
6.366667 1 32.9 29.1 34.8 23.9
6.400000 1 285.5 341.3 264.6 90.8
6.400000 1 33.2 28.9 35.1 23.7
6.433333 1 283.5 335.7 265.0 87.1
6.433333 1 32.1 29.1 34.0 23.9
6.466667 1 280.2 331.8 263.1 81.0
6.466667 1 32.3 29.7 34.1 24.0
6.500000 1 276.2 325.4 261.9 79.3
6.500000 1 32.4 29.4 34.2 23.8
6.533333 1 272.9 319.7 260.5 79.8
6.533333 1 32.8 29.9 34.6 24.2
6.566667 1 270.9 316.4 259.7 79.4
6.566667 1 32.7 30.5 34.5 24.7
6.600000 1 267.5 304.3 260.7 77.8
6.600000 1 32.2 33.1 34.0 27.2
6.633333 1 263.7 298.9 261.3 76.2
6.633333 1 32.5 33.5 34.3 27.5
6.666667 1 258.1 294.0 261.4 74.0
6.666667 1 32.7 33.6 34.5 27.7
6.700000 1 255.4 288.5 261.3 70.6
6.700000 1 32.5 32.9 34.3 27.0
6.733333 1 253.8 285.8 261.3 68.5
6.733333 1 33.1 33.2 34.9 27.2
6.766667 1 250.4 279.5 260.0 62.6
6.766667 1 33.0 34.1 34.8 28.2
6.800000 1 246.4 272.5 259.0 61.3
6.800000 1 33.2 34.0 35.0 28.1
6.833333 1 243.2 266.7 258.3 63.4
6.833333 1 32.8 33.0 34.6 27.1
6.866667 1 238.9 255.7 258.0 64.2
6.866667 1 33.0 31.4 34.8 25.6
6.900000 1 235.3 250.5 259.8 63.7
6.900000 1 33.0 30.9 34.8 25.0
6.933333 1 228.1 242.1 260.9 60.2
6.933333 1 31.5 31.0 33.4 25.0
6.966667 1 226.3 239.0 260.7 58.0
6.966667 1 31.0 31.0 33.0 25.0
7.000000 1 223.1 223.5 260.9 56.7
7.000000 1 32.1 42.2 34.0 28.1
7.033333 1 220.1 216.0 260.3 51.9
7.033333 1 31.1 42.2 33.1 28.0
7.066667 1 216.3 209.0 259.8 51.5
7.066667 1 30.6 42.2 32.6 28.0
7.100000 1 214.3 205.8 259.0 51.9
7.100000 1 31.4 42.1 33.3 27.9
7.133333 1 210.2 193.9 257.6 54.1
7.133333 1 31.2 42.8 33.1 26.8
7.166667 1 202.6 181.1 260.0 51.4
7.166667 1 31.1 42.9 33.0 27.2
7.200000 1 192.6 167.7 259.5 45.2
7.200000 1 31.7 42.8 33.6 27.1
7.233333 1 189.4 162.1 258.8 38.8
7.233333 1 31.6 42.7 33.5 27.0
7.266667 1 187.4 157.8 257.7 36.9
7.266667 1 31.5 42.2 33.4 26.4
7.300000 1 184.0 150.5 256.1 37.4
7.300000 1 31.4 42.0 33.3 26.2
7.333333 1 179.0 143.4 253.7 37.6
7.333333 1 31.7 42.4 33.6 26.5
7.366667 1 177.0 139.2 253.5 37.4
7.366667 1 31.0 42.5 32.9 26.5
7.400000 1 173.1 131.8 254.2 37.1
7.400000 1 31.5 42.5 33.4 26.5
7.433333 1 164.8 124.9 254.0 35.8
7.433333 1 34.1 42.5 36.1 26.5
7.466667 1 161.9 121.5 253.5 34.5
7.466667 1 35.2 42.5 37.1 26.6
7.500000 1 158.5 113.9 252.8 30.4
7.500000 1 34.5 42.5 36.5 26.6
7.533333 1 155.6 106.3 252.2 25.3
7.533333 1 33.2 42.5 35.2 26.5
7.566667 1 150.5 97.1 249.2 23.2
7.566667 1 34.5 42.5 36.4 26.6
7.600000 1 146.3 88.3 247.0 25.6
7.600000 1 34.5 42.5 36.4 26.4
7.633333 1 144.3 84.3 246.2 25.5
7.633333 1 33.3 42.6 35.3 26.4
7.666667 1 140.0 74.2 245.6 24.3
7.666667 1 32.1 42.5 34.1 26.4
7.700000 1 136.7 70.1 245.5 23.9
7.700000 1 33.9 42.5 35.9 26.4
7.733333 1 131.8 62.3 245.8 22.6
7.733333 1 33.6 42.5 35.6 26.3
7.766667 1 126.4 54.6 245.5 18.9
7.766667 1 32.5 42.4 34.5 26.3
7.800000 1 122.9 45.8 245.3 14.2
7.800000 1 32.2 42.4 34.2 26.3
7.833333 1 120.8 41.3 244.4 12.3
7.833333 1 32.5 42.6 34.6 26.5
7.866667 1 115.8 31.6 241.9 7.4
7.866667 1 32.0 42.0 34.0 24.8
7.900000 1 112.8 26.4 240.7 9.6
7.900000 1 32.0 42.0 34.0 21.7
7.933333 1 108.4 17.0 239.3 8.0
7.933333 1 32.0 42.4 34.0 26.0
7.966667 1 103.5 236.6 32.0 34.0
8.000000 1 98.1 236.3 32.2 34.2
8.033333 1 90.3 237.7 31.8 33.8
8.066667 1 82.5 236.9 31.1 33.1
8.100000 1 77.8 235.2 31.6 33.6
8.133333 1 69.9 231.5 31.3 33.3
8.166667 1 67.8 230.2 30.6 32.5
8.200000 1 60.9 226.3 31.6 33.6
8.233333 1 58.0 226.0 31.0 33.0
8.266667 1 592.7 196.2 36.0 36.0
8.300000 1 585.3 194.0 36.0 36.0
8.333333 1 580.0 193.9 36.0 36.0
8.366667 1 571.0 193.8 35.0 35.0
8.400000 1 563.9 191.3 36.0 36.0
8.433333 1 553.4 194.0 36.0 36.0
8.466667 1 547.8 192.3 36.0 36.0
8.500000 1 538.9 196.4 36.0 36.0
8.533333 1 532.3 199.6 36.0 36.0
8.566667 1 520.5 198.3 38.0 38.0
8.600000 1 515.9 193.6 38.0 38.0
8.633333 1 509.8 193.3 37.0 37.0
8.666667 1 504.3 192.7 37.0 38.0
8.700000 1 492.4 189.7 38.0 38.0
8.733333 1 485.4 187.9 37.0 37.0
8.766667 1 474.5 191.0 38.0 38.0
8.800000 1 470.3 192.9 37.0 37.0
8.833333 1 460.2 195.1 37.0 37.0
8.866667 1 454.7 202.1 37.2 37.4
8.900000 1 449.8 201.6 37.5 37.6
8.933333 1 440.5 200.2 37.6 37.7
8.966667 1 435.1 198.7 37.8 37.9
9.000000 1 423.4 197.4 37.5 37.7
9.033333 1 419.1 196.2 37.4 37.5
9.066667 1 407.7 193.3 37.3 37.6
9.100000 1 401.6 193.1 38.0 38.4
9.133333 1 391.0 194.2 38.0 38.3
9.166667 1 379.7 196.6 38.3 38.6
9.200000 1 374.6 196.6 38.1 38.3
9.233333 1 355.2 192.6 38.1 38.4
9.266667 1 349.6 190.7 38.6 38.8
9.300000 1 338.8 188.1 38.5 38.8
9.333333 1 333.7 185.2 38.3 38.6
9.366667 1 320.8 182.9 40.3 40.8
9.400000 1 314.7 182.6 40.3 40.8
9.433333 1 304.4 185.4 39.8 40.2
9.466667 1 298.9 186.5 40.4 40.8
9.500000 1 288.7 187.2 39.9 40.4
9.533333 1 283.7 185.8 40.0 40.5
9.566667 1 274.5 183.5 39.9 40.4
9.600000 1 263.8 179.8 39.9 40.4
9.633333 1 258.6 178.1 39.8 40.3
9.666667 1 247.2 173.4 39.9 40.4
9.700000 1 234.8 172.7 40.0 40.6
9.733333 1 224.4 176.9 39.7 40.3
9.766667 1 219.2 178.3 40.1 40.7
9.800000 1 208.7 177.6 40.2 40.8
9.833333 1 203.8 176.1 40.6 41.2
9.866667 1 194.5 171.3 40.8 41.4
9.900000 1 189.2 170.2 40.4 41.0
9.933333 1 177.3 163.4 40.5 41.2
9.966667 1 170.5 163.1 42.0 42.9
10.000000 1 159.4 162.9 42.6 43.5
10.033333 1 154.4 162.8 42.5 43.4
10.066667 1 144.2 162.2 42.8 43.7
10.100000 1 134.6 161.2 42.5 43.4
10.133333 1 130.3 160.7 42.5 43.4
10.166667 1 122.7 158.5 42.5 43.4
10.200000 1 115.3 152.2 42.5 43.4
10.233333 1 110.1 151.3 42.5 43.4
10.266667 1 97.4 150.1 48.5 50.4
10.300000 1 92.9 150.1 48.6 50.5
10.333333 1 84.4 151.2 49.5 51.5
10.366667 1 80.6 151.8 49.2 51.2
10.400000 1 73.2 150.3 49.4 51.4
10.433333 1 70.1 149.5 49.4 51.4
10.466667 1 64.8 147.2 49.5 51.5
10.500000 1 61.4 145.6 49.4 51.4
10.533333 1 54.5 145.0 49.5 51.5
10.566667 1 48.9 148.0 39.0 41.0
10.600000 1 44.0 148.0 41.0 43.0
