0.000000 1 194.0 277.0 29.0 25.0
0.033333 1 179.3 276.1 28.0 24.0
0.066667 1 170.5 279.7 28.0 24.0
0.100000 1 158.0 276.6 28.0 24.0
0.133333 1 150.8 277.2 28.0 24.0
0.166667 1 145.8 279.4 28.0 24.0
0.200000 1 148.3 277.7 28.0 24.0
0.233333 1 153.7 276.1 28.1 24.1
0.266667 1 148.0 276.0 28.0 24.0
0.300000 1 151.7 276.2 28.3 24.2
0.333333 1 155.3 276.3 28.7 24.3
0.366667 1 159.0 276.5 29.0 24.5
0.400000 1 162.7 276.7 29.3 24.7
0.433333 1 166.3 276.8 29.7 24.8
0.466667 1 170.0 277.0 30.0 25.0
0.500000 1 175.4 276.4 28.9 25.3
0.533333 1 180.9 275.9 27.7 25.6
0.566667 1 186.3 275.3 26.6 25.9
0.600000 1 191.7 274.7 25.4 26.1
0.633333 1 197.1 274.1 24.3 26.4
0.666667 1 202.6 273.6 23.1 26.7
0.700000 1 208.0 6.0 273.0 283.0
0.700000 1 22.0 17.0 27.0 22.0
0.733333 1 213.3 10.8 273.1 282.1
0.733333 1 22.4 18.5 26.1 22.4
0.766667 1 218.6 15.5 273.3 281.2
0.766667 1 22.9 20.0 25.3 22.8
0.800000 1 223.9 20.3 273.4 280.4
0.800000 1 23.3 21.5 24.4 23.1
0.833333 1 229.1 25.0 273.6 279.5
0.833333 1 23.7 23.0 23.6 23.5
0.866667 1 234.4 29.8 273.7 278.6
0.866667 1 24.1 24.5 22.7 23.9
0.900000 1 239.7 34.5 273.9 277.7
0.900000 1 24.6 26.0 21.9 24.3
0.933333 1 245.0 39.3 274.0 276.9
0.933333 1 25.0 27.5 21.0 24.6
0.966667 1 250.7 44.0 272.8 276.0
0.966667 1 25.7 29.0 21.8 25.0
1.000000 1 256.3 50.5 271.6 276.3
1.000000 1 26.3 29.2 22.6 24.3
1.033333 1 262.0 57.0 270.3 276.6
1.033333 1 27.0 29.4 23.3 23.6
1.066667 1 267.7 63.5 269.1 276.9
1.066667 1 27.7 29.6 24.1 22.9
1.100000 1 273.3 70.0 267.9 277.2
1.100000 1 28.3 29.8 24.9 22.2
1.133333 1 279.0 76.5 266.7 277.5
1.133333 1 29.0 30.0 25.7 21.5
1.166667 1 284.7 83.0 265.4 277.8
1.166667 1 29.7 30.2 26.4 20.8
1.200000 1 290.3 89.5 264.2 278.1
1.200000 1 30.3 30.4 27.2 20.1
1.233333 1 296.0 96.0 263.0 278.4
1.233333 1 31.0 30.6 28.0 19.4
1.266667 1 302.7 102.5 263.2 278.7
1.266667 1 29.7 30.8 27.3 18.7
1.300000 1 309.3 109.0 263.3 279.0
1.300000 1 28.3 31.0 26.7 18.0
1.333333 1 316.0 115.0 263.5 278.6
1.333333 1 27.0 30.7 26.0 18.8
1.366667 1 322.7 121.0 263.7 278.1
1.366667 1 25.7 30.3 25.3 19.6
1.400000 1 329.3 127.0 263.8 277.7
1.400000 1 24.3 30.0 24.7 20.3
1.433333 1 336.0 133.0 264.0 277.2
1.433333 1 23.0 29.7 24.0 21.1
1.466667 1 341.9 139.0 263.1 276.8
1.466667 1 22.4 29.3 23.6 21.9
1.500000 1 347.7 145.0 262.3 276.3
1.500000 1 21.9 29.0 23.1 22.7
1.533333 1 353.6 151.0 261.4 275.9
1.533333 1 21.3 28.7 22.7 23.4
1.566667 1 359.4 157.0 260.6 275.4
1.566667 1 20.7 28.3 22.3 24.2
1.600000 1 365.3 163.0 259.7 275.0
1.600000 1 20.1 28.0 21.9 25.0
1.633333 1 371.1 168.8 258.9 275.1
1.633333 1 19.6 28.0 21.4 24.7
1.666667 1 377.0 174.6 258.0 275.2
1.666667 1 19.0 28.0 21.0 24.3
1.700000 1 382.4 180.3 257.1 275.3
1.700000 1 19.3 28.0 21.4 24.0
1.733333 1 387.9 186.1 256.3 275.4
1.733333 1 19.6 28.0 21.9 23.7
1.766667 1 393.3 191.9 255.4 275.6
1.766667 1 19.9 28.0 22.3 23.3
1.800000 1 398.7 197.7 254.6 275.7
1.800000 1 20.1 28.0 22.7 23.0
1.833333 1 404.1 203.4 253.7 275.8
1.833333 1 20.4 28.0 23.1 22.7
1.866667 1 409.6 209.2 252.9 275.9
1.866667 1 20.7 28.0 23.6 22.3
1.900000 1 415.0 215.0 252.0 276.0
1.900000 1 21.0 28.0 24.0 22.0
1.933333 1 421.2 221.3 251.7 275.6
1.933333 1 20.8 28.3 24.3 22.4
1.966667 1 427.3 227.7 251.3 275.1
1.966667 1 20.7 28.7 24.7 22.9
2.000000 1 433.5 234.0 251.0 274.7
2.000000 1 20.5 29.0 25.0 23.3
2.033333 1 439.7 240.3 250.7 274.2
2.033333 1 20.3 29.3 25.3 23.8
2.066667 1 445.8 246.7 250.3 273.8
2.066667 1 20.2 29.7 25.7 24.2
2.100000 1 452.0 253.0 250.0 273.3
2.100000 1 20.0 30.0 26.0 24.7
2.133333 1 458.0 259.3 249.0 272.9
2.133333 1 20.5 30.3 25.5 25.1
2.166667 1 464.0 265.7 248.0 272.4
2.166667 1 21.0 30.7 25.0 25.6
2.200000 1 470.0 272.0 247.0 272.0
2.200000 1 21.5 31.0 24.5 26.0
2.233333 1 476.0 278.4 246.0 272.4
2.233333 1 22.0 30.7 24.0 25.8
2.266667 1 482.0 284.9 245.0 272.9
2.266667 1 22.5 30.3 23.5 25.6
2.300000 1 488.0 291.3 244.0 273.3
2.300000 1 23.0 30.0 23.0 25.3
2.333333 1 493.8 297.8 243.5 273.8
2.333333 1 22.7 29.7 22.8 25.1
2.366667 1 499.7 304.2 243.0 274.2
2.366667 1 22.3 29.3 22.7 24.9
2.400000 1 505.5 310.7 242.5 274.7
2.400000 1 22.0 29.0 22.5 24.7
2.433333 1 511.3 317.1 242.0 275.1
2.433333 1 21.7 28.7 22.3 24.4
2.466667 1 517.2 323.6 241.5 275.6
2.466667 1 21.3 28.3 22.2 24.2
2.500000 1 523.0 330.0 241.0 276.0
2.500000 1 21.0 28.0 22.0 24.0
2.533333 1 528.7 337.3 239.8 275.8
2.533333 1 21.3 27.5 23.2 24.3
2.566667 1 534.3 344.6 238.7 275.6
2.566667 1 21.7 27.0 24.3 24.6
2.600000 1 540.0 351.9 237.5 275.4
2.600000 1 22.0 26.5 25.5 24.9
2.633333 1 545.7 359.2 236.3 275.2
2.633333 1 22.3 26.0 26.7 25.2
2.666667 1 551.3 366.5 235.2 275.0
2.666667 1 22.7 25.5 27.8 25.5
2.700000 1 557.0 373.8 234.0 274.8
2.700000 1 23.0 25.0 29.0 25.8
2.733333 1 563.7 381.1 233.3 274.6
2.733333 1 23.0 24.5 28.5 26.1
2.766667 1 570.3 388.4 232.7 274.4
2.766667 1 23.0 24.0 28.0 26.4
2.800000 1 577.0 395.7 232.0 274.2
2.800000 1 23.0 23.5 27.5 26.7
2.833333 1 583.7 403.0 231.3 274.0
2.833333 1 23.0 23.0 27.0 27.0
2.866667 1 590.3 408.9 230.7 274.2
2.866667 1 23.0 23.1 26.5 26.7
2.900000 1 597.0 414.8 230.0 274.4
2.900000 1 23.0 23.2 26.0 26.3
2.933333 1 603.0 420.7 229.0 274.7
2.933333 1 20.0 23.3 26.0 26.0
2.966667 1 609.0 426.6 227.0 274.9
2.966667 1 17.0 23.4 27.0 25.7
3.000000 1 614.0 432.4 228.0 275.1
3.000000 1 18.0 23.6 25.0 25.3
3.033333 1 618.0 438.3 226.0 275.3
3.033333 1 17.0 23.7 27.0 25.0
3.066667 1 444.2 275.6 23.8 24.7
3.100000 1 450.1 275.8 23.9 24.3
3.133333 1 456.0 276.0 24.0 24.0
3.166667 1 462.7 275.3 23.7 25.0
3.200000 1 469.3 274.7 23.3 26.0
3.233333 1 476.0 274.0 23.0 27.0
3.266667 1 482.0 279.0 25.0 25.0
3.300000 1 483.0 282.0 24.0 22.0
3.333333 1 474.0 279.0 27.0 27.0
3.366667 1 457.0 276.0 27.0 29.0
3.400000 1 425.0 276.0 23.0 27.0
3.433333 1 390.0 277.0 24.0 25.0
3.466667 1 370.0 276.0 23.0 21.0
3.500000 1 330.0 276.0 27.0 21.0
3.533333 1 307.0 274.0 33.0 29.0
3.566667 1 263.0 276.0 28.0 25.0
3.600000 1 239.0 273.0 34.0 28.0
3.633333 1 212.0 279.0 23.0 27.0
3.666667 1 189.0 277.0 29.0 32.0
3.700000 1 150.0 276.0 25.0 29.0
3.733333 1 129.0 272.0 33.0 28.0
3.766667 1 108.0 271.0 27.0 29.0
3.800000 1 76.0 270.0 33.0 26.0
3.833333 1 66.0 272.0 32.0 23.0
3.866667 1 63.0 272.0 24.0 26.0
3.900000 1 47.0 270.0 30.0 24.0
3.933333 1 40.0 270.0 27.0 22.0
3.966667 1 48.0 268.0 21.0 27.0
4.000000 1 51.0 267.0 25.0 28.0
4.033333 1 54.0 205.0 270.0 205.0
4.033333 1 30.0 32.0 25.0 30.0
4.066667 1 60.6 211.2 268.9 204.9
4.066667 1 30.0 31.3 25.6 29.9
4.100000 1 67.2 217.5 267.8 204.8
4.100000 1 30.0 30.5 26.2 29.8
4.133333 1 73.9 223.7 266.6 204.6
4.133333 1 30.0 29.8 26.9 29.6
4.166667 1 80.5 230.0 265.5 204.5
4.166667 1 30.0 29.0 27.5 29.5
4.200000 1 87.1 236.2 264.4 204.4
4.200000 1 30.0 28.3 28.1 29.4
4.233333 1 93.7 242.5 263.3 204.3
4.233333 1 30.0 27.5 28.7 29.3
4.266667 1 100.4 248.7 262.1 204.1
4.266667 1 30.0 26.8 29.4 29.1
4.300000 1 107.0 255.0 261.0 204.0
4.300000 1 30.0 26.0 30.0 29.0
4.333333 1 112.3 259.9 259.6 204.1
4.333333 1 30.7 26.3 30.1 29.1
4.366667 1 117.7 264.8 258.1 204.2
4.366667 1 31.3 26.5 30.2 29.2
4.400000 1 123.0 269.7 256.7 204.3
4.400000 1 32.0 26.8 30.3 29.3
4.433333 1 128.3 274.6 255.2 204.4
4.433333 1 32.7 27.1 30.4 29.4
4.466667 1 133.7 279.5 253.8 204.5
4.466667 1 33.3 27.4 30.6 29.5
4.500000 1 139.0 284.5 252.3 204.5
4.500000 1 34.0 27.6 30.7 29.5
4.533333 1 144.3 289.4 250.9 204.6
4.533333 1 34.7 27.9 30.8 29.6
4.566667 1 149.7 294.3 249.4 204.7
4.566667 1 35.3 28.2 30.9 29.7
4.600000 1 155.0 299.2 248.0 204.8
4.600000 1 36.0 28.5 31.0 29.8
4.633333 1 160.7 304.1 246.8 204.9
4.633333 1 35.7 28.7 31.1 29.9
4.666667 1 166.5 309.0 245.6 205.0
4.666667 1 35.5 29.0 31.2 30.0
4.700000 1 172.2 313.8 244.5 205.4
4.700000 1 35.2 29.6 31.3 30.2
4.733333 1 177.9 318.6 243.3 205.8
4.733333 1 34.9 30.2 31.4 30.4
4.766667 1 183.6 323.4 242.1 206.2
4.766667 1 34.6 30.8 31.5 30.6
4.800000 1 189.4 328.2 240.9 206.6
4.800000 1 34.4 31.4 31.5 30.8
4.833333 1 195.1 333.0 239.7 207.0
4.833333 1 34.1 32.0 31.6 31.0
4.866667 1 200.8 337.8 238.5 207.4
4.866667 1 33.8 32.6 31.7 31.2
4.900000 1 206.5 342.6 237.4 207.8
4.900000 1 33.5 33.2 31.8 31.4
4.933333 1 212.3 347.4 236.2 208.2
4.933333 1 33.3 33.8 31.9 31.6
4.966667 1 218.0 352.2 235.0 208.6
4.966667 1 33.0 34.4 32.0 31.8
5.000000 1 223.5 357.0 233.9 209.0
5.000000 1 32.3 35.0 31.5 32.0
5.033333 1 229.1 362.8 232.8 209.9
5.033333 1 31.5 34.4 31.1 31.9
5.066667 1 234.6 368.5 231.7 210.8
5.066667 1 30.8 33.7 30.6 31.7
5.100000 1 240.2 374.3 230.6 211.6
5.100000 1 30.1 33.1 30.2 31.6
5.133333 1 245.7 380.0 229.5 212.5
5.133333 1 29.4 32.5 29.7 31.5
5.166667 1 251.3 385.8 228.5 213.4
5.166667 1 28.6 31.9 29.3 31.4
5.200000 1 256.8 391.5 227.4 214.3
5.200000 1 27.9 31.2 28.8 31.2
5.233333 1 262.4 397.3 226.3 215.1
5.233333 1 27.2 30.6 28.4 31.1
5.266667 1 267.9 403.0 225.2 216.0
5.266667 1 26.5 30.0 27.9 31.0
5.300000 1 273.5 407.9 224.1 217.0
5.300000 1 25.7 30.0 27.5 30.8
5.333333 1 279.0 412.9 223.0 218.0
5.333333 1 25.0 30.0 27.0 30.6
5.366667 1 283.6 417.8 221.8 219.0
5.366667 1 26.0 30.0 27.7 30.4
5.400000 1 288.1 422.7 220.6 220.0
5.400000 1 27.0 30.0 28.3 30.1
5.433333 1 292.7 427.6 219.3 221.0
5.433333 1 28.0 30.0 29.0 29.9
5.466667 1 297.2 432.6 218.1 222.0
5.466667 1 29.0 30.0 29.7 29.7
5.500000 1 301.8 437.5 216.9 223.0
5.500000 1 30.0 30.0 30.3 29.5
5.533333 1 306.3 442.4 215.7 224.0
5.533333 1 31.0 30.0 31.0 29.3
5.566667 1 310.9 447.4 214.4 225.0
5.566667 1 32.0 30.0 31.7 29.1
5.600000 1 315.4 452.3 213.2 226.0
5.600000 1 33.0 30.0 32.3 28.9
5.633333 1 320.0 457.2 212.0 227.0
5.633333 1 34.0 30.0 33.0 28.6
5.666667 1 325.1 462.1 212.1 228.0
5.666667 1 33.7 30.0 32.2 28.4
5.700000 1 330.2 467.1 212.2 229.0
5.700000 1 33.5 30.0 31.4 28.2
5.733333 1 335.3 472.0 212.3 230.0
5.733333 1 33.2 30.0 30.5 28.0
5.766667 1 340.4 477.4 212.4 231.1
5.766667 1 32.9 29.4 29.7 27.8
5.800000 1 345.5 482.8 212.5 232.2
5.800000 1 32.6 28.8 28.9 27.6
5.833333 1 350.5 488.2 212.5 233.3
5.833333 1 32.4 28.2 28.1 27.4
5.866667 1 355.6 493.6 212.6 234.4
5.866667 1 32.1 27.6 27.3 27.2
5.900000 1 360.7 499.0 212.7 235.5
5.900000 1 31.8 27.0 26.5 27.0
5.933333 1 365.8 504.4 212.8 236.6
5.933333 1 31.5 26.4 25.6 26.8
5.966667 1 370.9 509.8 212.9 237.7
5.966667 1 31.3 25.8 24.8 26.6
6.000000 1 376.0 515.2 213.0 238.8
6.000000 1 31.0 25.2 24.0 26.4
6.033333 1 380.4 520.6 212.6 239.9
6.033333 1 31.2 24.6 24.5 26.2
6.066667 1 384.8 526.0 212.2 241.0
6.066667 1 31.5 24.0 25.0 26.0
6.100000 1 389.2 530.4 211.8 241.4
6.100000 1 31.7 24.1 25.5 26.5
6.133333 1 393.7 534.7 211.3 241.7
6.133333 1 32.0 24.2 26.0 27.0
6.166667 1 398.1 539.1 210.9 242.1
6.166667 1 32.2 24.4 26.5 27.5
6.200000 1 402.5 543.5 210.5 242.5
6.200000 1 32.5 24.5 27.0 28.0
6.233333 1 406.9 547.9 210.1 242.9
6.233333 1 32.7 24.6 27.5 28.5
6.266667 1 411.3 552.2 209.7 243.2
6.266667 1 33.0 24.7 28.0 29.0
6.300000 1 415.7 556.6 209.3 243.6
6.300000 1 33.2 24.9 28.5 29.5
6.333333 1 420.2 561.0 208.8 244.0
6.333333 1 33.5 25.0 29.0 30.0
6.366667 1 424.6 565.6 208.4 244.7
6.366667 1 33.7 24.9 29.5 30.0
6.400000 1 429.0 570.2 208.0 245.5
6.400000 1 34.0 24.8 30.0 30.0
6.433333 1 434.4 574.9 208.8 246.2
6.433333 1 34.0 24.6 30.4 30.0
6.466667 1 439.8 579.5 209.5 247.0
6.466667 1 34.0 24.5 30.8 30.0
6.500000 1 445.1 584.1 210.3 247.7
6.500000 1 34.0 24.4 31.1 30.0
6.533333 1 450.5 588.7 211.0 248.5
6.533333 1 34.0 24.3 31.5 30.0
6.566667 1 455.9 593.4 211.8 249.2
6.566667 1 34.0 24.1 31.9 30.0
6.600000 1 461.3 598.0 212.5 250.0
6.600000 1 34.0 24.0 32.3 30.0
6.633333 1 466.6 601.5 213.3 250.0
6.633333 1 34.0 23.7 32.6 29.2
6.666667 1 472.0 605.0 214.0 250.0
6.666667 1 34.0 23.5 33.0 28.5
6.700000 1 475.8 608.5 216.0 250.0
6.700000 1 33.5 23.2 32.2 27.7
6.733333 1 479.7 612.0 218.0 250.0
6.733333 1 33.0 23.0 31.3 27.0
6.766667 1 483.5 621.0 220.0 254.0
6.766667 1 32.5 16.0 30.5 21.0
6.800000 1 487.3 222.0 32.0 29.7
6.833333 1 491.2 224.0 31.5 28.8
6.866667 1 495.0 226.0 31.0 28.0
6.900000 1 501.0 226.0 30.0 27.0
6.933333 1 499.0 227.0 32.0 26.0
6.966667 1 499.0 616.0 227.0 263.0
6.966667 1 22.0 21.0 26.0 22.0
7.000000 1 458.0 580.0 226.0 262.0
7.000000 1 31.0 31.0 27.0 28.0
7.033333 1 425.0 545.0 229.0 263.0
7.033333 1 29.0 26.0 29.0 25.0
7.066667 1 398.0 520.0 229.0 261.0
7.066667 1 32.0 23.0 28.0 27.0
7.100000 1 375.0 496.0 230.0 264.0
7.100000 1 41.0 31.0 31.0 25.0
7.133333 1 339.0 457.0 235.0 267.0
7.133333 1 27.0 22.0 31.0 29.0
7.166667 1 319.0 434.0 235.0 269.0
7.166667 1 29.0 32.0 27.0 28.0
7.200000 1 287.0 403.0 238.0 273.0
7.200000 1 28.0 26.0 29.0 28.0
7.233333 1 256.0 368.0 241.0 274.0
7.233333 1 30.0 30.0 27.0 27.0
7.266667 1 244.0 353.0 241.0 271.0
7.266667 1 29.0 29.0 24.0 29.0
7.300000 1 232.0 339.0 238.0 273.0
7.300000 1 29.0 28.0 29.0 27.0
7.333333 1 212.0 324.0 238.0 273.0
7.333333 1 28.0 27.0 29.0 27.0
7.366667 1 212.0 321.0 244.0 276.0
7.366667 1 28.0 31.0 26.0 24.0
7.400000 1 215.0 325.0 244.0 276.0
7.400000 1 31.0 27.0 29.0 25.0
7.433333 1 214.0 322.0 244.0 277.0
7.433333 1 27.0 29.0 31.0 24.0
7.466667 1 213.0 320.0 249.0 281.0
7.466667 1 28.0 31.0 24.0 25.0
7.500000 1 214.0 323.0 250.0 283.0
7.500000 1 28.0 24.0 27.0 26.0
7.533333 1 217.0 322.0 251.0 279.0
7.533333 1 24.0 23.0 30.0 28.0
7.566667 1 218.0 323.0 250.0 284.0
7.566667 1 25.0 27.0 29.0 24.0
7.600000 1 222.0 325.6 253.0 284.3
7.600000 1 28.0 26.9 25.0 24.6
7.633333 1 224.0 328.3 252.0 284.5
7.633333 1 30.0 26.8 27.0 25.3
7.666667 1 227.9 330.9 253.1 284.8
7.666667 1 30.1 26.7 27.5 25.9
7.700000 1 231.8 333.5 254.2 285.1
7.700000 1 30.2 26.6 27.9 26.5
7.733333 1 235.7 336.2 255.3 285.4
7.733333 1 30.3 26.5 28.4 27.2
7.766667 1 239.6 338.8 256.4 285.6
7.766667 1 30.4 26.5 28.8 27.8
7.800000 1 243.5 341.5 257.5 285.9
7.800000 1 30.5 26.4 29.3 28.5
7.833333 1 247.5 344.1 258.5 286.2
7.833333 1 30.5 26.3 29.7 29.1
7.866667 1 251.4 346.7 259.6 286.5
7.866667 1 30.6 26.2 30.2 29.7
7.900000 1 255.3 349.4 260.7 286.7
7.900000 1 30.7 26.1 30.6 30.4
7.933333 1 259.2 352.0 261.8 287.0
7.933333 1 30.8 26.0 31.1 31.0
7.966667 1 263.1 354.6 262.9 287.8
7.966667 1 30.9 26.3 31.5 30.8
8.000000 1 267.0 357.2 264.0 288.7
8.000000 1 31.0 26.6 32.0 30.7
8.033333 1 271.0 359.8 265.3 289.5
8.033333 1 30.7 26.9 31.6 30.5
8.066667 1 275.0 362.5 266.7 290.4
8.066667 1 30.3 27.2 31.1 30.4
8.100000 1 279.0 365.1 268.0 291.2
8.100000 1 30.0 27.5 30.7 30.2
8.133333 1 283.0 367.7 269.3 292.1
8.133333 1 29.7 27.8 30.2 30.1
8.166667 1 287.0 370.3 270.7 292.9
8.166667 1 29.3 28.2 29.8 29.9
8.200000 1 291.0 372.9 272.0 293.8
8.200000 1 29.0 28.5 29.3 29.8
8.233333 1 295.0 375.5 273.3 294.6
8.233333 1 28.7 28.8 28.9 29.6
8.266667 1 299.0 378.2 274.7 295.5
8.266667 1 28.3 29.1 28.4 29.5
8.300000 1 303.0 380.8 276.0 296.3
8.300000 1 28.0 29.4 28.0 29.3
8.333333 1 306.5 383.4 277.0 297.2
8.333333 1 28.2 29.7 28.1 29.2
8.366667 1 310.1 386.0 278.0 298.0
8.366667 1 28.3 30.0 28.2 29.0
8.400000 1 313.6 388.7 279.0 298.8
8.400000 1 28.5 29.6 28.2 28.7
8.433333 1 317.2 391.3 280.0 299.5
8.433333 1 28.6 29.2 28.3 28.3
8.466667 1 320.7 394.0 281.0 300.2
8.466667 1 28.8 28.7 28.4 28.0
8.500000 1 324.2 396.7 282.0 301.0
8.500000 1 28.9 28.3 28.5 27.7
8.533333 1 327.8 399.3 283.0 301.8
8.533333 1 29.1 27.9 28.5 27.3
8.566667 1 331.3 402.0 284.0 302.5
8.566667 1 29.2 27.5 28.6 27.0
8.600000 1 334.8 404.7 285.0 303.2
8.600000 1 29.4 27.1 28.7 26.7
8.633333 1 338.4 407.3 286.0 304.0
8.633333 1 29.5 26.7 28.8 26.3
8.666667 1 341.9 410.0 287.0 304.8
8.666667 1 29.7 26.2 28.8 26.0
8.700000 1 345.5 412.7 288.0 305.5
8.700000 1 29.8 25.8 28.9 25.7
8.733333 1 349.0 415.3 289.0 306.2
8.733333 1 30.0 25.4 29.0 25.3
8.766667 1 353.0 418.0 290.0 307.0
8.766667 1 29.8 25.0 29.1 25.0
8.800000 1 357.0 420.7 291.0 307.4
8.800000 1 29.6 25.1 29.2 25.1
8.833333 1 361.0 423.4 292.0 307.8
8.833333 1 29.5 25.2 29.3 25.2
8.866667 1 365.0 426.1 293.0 308.2
8.866667 1 29.3 25.2 29.4 25.2
8.900000 1 369.0 428.8 294.0 308.5
8.900000 1 29.1 25.3 29.5 25.3
8.933333 1 373.0 431.5 295.0 308.9
8.933333 1 28.9 25.4 29.5 25.4
8.966667 1 377.0 434.2 296.0 309.3
8.966667 1 28.7 25.5 29.6 25.5
9.000000 1 381.0 436.8 297.0 309.7
9.000000 1 28.5 25.5 29.7 25.5
9.033333 1 385.0 439.5 298.0 310.1
9.033333 1 28.4 25.6 29.8 25.6
9.066667 1 389.0 442.2 299.0 310.5
9.066667 1 28.2 25.7 29.9 25.7
9.100000 1 393.0 444.9 300.0 310.8
9.100000 1 28.0 25.8 30.0 25.8
9.133333 1 396.8 447.6 300.8 311.2
9.133333 1 27.9 25.8 29.9 25.8
9.166667 1 400.6 450.3 301.6 311.6
9.166667 1 27.8 25.9 29.8 25.9
9.200000 1 404.4 453.0 302.4 312.0
9.200000 1 27.7 26.0 29.7 26.0
9.233333 1 408.2 455.6 303.2 312.5
9.233333 1 27.6 25.6 29.6 26.0
9.266667 1 412.0 458.2 304.0 313.1
9.266667 1 27.5 25.2 29.5 26.0
9.300000 1 415.8 460.8 304.8 313.6
9.300000 1 27.4 24.8 29.4 26.0
9.333333 1 419.6 463.5 305.6 314.2
9.333333 1 27.3 24.5 29.3 26.0
9.366667 1 423.4 466.1 306.4 314.7
9.366667 1 27.2 24.1 29.2 26.0
9.400000 1 427.2 468.7 307.2 315.2
9.400000 1 27.1 23.7 29.1 26.0
9.433333 1 431.0 471.3 308.0 315.8
9.433333 1 27.0 23.3 29.0 26.0
9.466667 1 434.2 473.9 309.1 316.3
9.466667 1 27.3 22.9 29.1 26.0
9.500000 1 437.4 476.5 310.2 316.8
9.500000 1 27.5 22.5 29.2 26.0
9.533333 1 440.5 479.2 311.3 317.4
9.533333 1 27.8 22.2 29.3 26.0
9.566667 1 443.7 481.8 312.4 317.9
9.566667 1 28.1 21.8 29.4 26.0
9.600000 1 446.9 484.4 313.5 318.5
9.600000 1 28.4 21.4 29.5 26.0
9.633333 1 450.1 487.0 314.5 319.0
9.633333 1 28.6 21.0 29.5 26.0
9.666667 1 453.3 489.4 315.6 319.6
9.666667 1 28.9 20.9 29.6 25.9
9.700000 1 456.5 491.7 316.7 320.1
9.700000 1 29.2 20.7 29.7 25.9
9.733333 1 459.6 494.1 317.8 320.7
9.733333 1 29.5 20.6 29.8 25.8
9.766667 1 462.8 496.4 318.9 321.3
9.766667 1 29.7 20.4 29.9 25.7
9.800000 1 466.0 498.8 320.0 321.9
9.800000 1 30.0 20.3 30.0 25.6
9.833333 1 469.8 501.1 320.3 322.4
9.833333 1 29.2 20.1 30.0 25.6
9.866667 1 473.6 503.5 320.7 323.0
9.866667 1 28.4 20.0 30.0 25.5
9.900000 1 477.3 505.9 321.0 323.6
9.900000 1 27.7 19.9 30.0 25.4
9.933333 1 481.1 508.2 321.3 324.1
9.933333 1 26.9 19.7 30.0 25.4
9.966667 1 484.9 510.6 321.7 324.7
9.966667 1 26.1 19.6 30.0 25.3
10.000000 1 488.7 512.9 322.0 325.3
10.000000 1 25.3 19.4 30.0 25.2
10.033333 1 492.4 515.3 322.3 325.9
10.033333 1 24.6 19.3 30.0 25.1
10.066667 1 496.2 517.6 322.7 326.4
10.066667 1 23.8 19.1 30.0 25.1
10.100000 1 500.0 520.0 323.0 327.0
10.100000 1 23.0 19.0 30.0 25.0
10.133333 1 503.2 323.0 36.3 30.0
10.166667 1 506.4 323.0 35.3 30.0
10.200000 1 509.7 323.0 39.6 31.0
10.233333 1 512.9 323.0 37.9 31.0
10.266667 1 516.1 323.0 36.9 32.0
10.300000 1 519.3 323.0 33.7 32.0
10.333333 1 522.6 323.0 29.0 33.0
10.366667 1 525.8 323.0 28.3 33.6
10.400000 1 529.0 323.0 29.0 34.0
10.433333 1 531.5 323.9 29.0 33.7
10.466667 1 534.0 324.8 29.0 33.5
10.500000 1 536.5 325.6 29.0 33.2
10.533333 1 539.0 326.5 29.0 33.0
10.566667 1 541.5 327.4 29.0 32.7
10.600000 1 544.0 328.3 29.0 32.5
10.633333 1 546.5 329.1 29.0 32.2
10.666667 1 549.0 330.0 29.0 32.0
