0.000000 1 264.0 282.0 26.0 25.0
0.033333 1 264.0 281.7 25.9 25.0
0.066667 1 263.9 281.3 25.9 25.1
0.100000 1 263.9 281.0 25.8 25.1
0.133333 1 263.9 280.6 25.7 25.1
0.166667 1 263.8 280.3 25.7 25.2
0.200000 1 263.8 279.9 25.6 25.2
0.233333 1 263.8 279.6 25.5 25.2
0.266667 1 263.7 279.2 25.4 25.3
0.300000 1 263.7 278.9 25.4 25.3
0.333333 1 263.7 278.6 25.3 25.3
0.366667 1 263.6 278.2 25.2 25.4
0.400000 1 263.6 277.9 25.2 25.4
0.433333 1 263.6 277.5 25.1 25.4
0.466667 1 263.5 277.2 25.0 25.5
0.500000 1 263.5 276.8 25.0 25.5
0.533333 1 263.4 276.5 24.9 25.6
0.566667 1 263.4 276.1 24.8 25.6
0.600000 1 263.4 275.8 24.8 25.6
0.633333 1 263.3 275.4 24.7 25.7
0.666667 1 263.3 275.1 24.6 25.7
0.700000 1 263.3 274.8 24.6 25.7
0.733333 1 263.2 274.4 24.5 25.8
0.766667 1 263.2 274.1 24.4 25.8
0.800000 1 263.2 273.7 24.3 25.8
0.833333 1 263.1 273.4 24.3 25.9
0.866667 1 263.1 273.0 24.2 25.9
0.900000 1 263.1 272.7 24.1 25.9
0.933333 1 263.0 272.3 24.1 26.0
0.966667 1 263.0 272.0 24.0 26.0
1.000000 1 262.5 272.0 24.3 26.0
1.033333 1 262.0 272.1 24.7 26.1
1.066667 1 261.5 272.1 25.0 26.1
1.100000 1 261.0 272.2 25.3 26.2
1.133333 1 260.5 272.2 25.7 26.2
1.166667 1 260.0 272.3 26.0 26.3
1.200000 1 259.5 272.3 26.3 26.3
1.233333 1 259.0 272.3 26.7 26.3
1.266667 1 258.5 272.4 27.0 26.4
1.300000 1 258.0 272.4 27.3 26.4
1.333333 1 257.5 272.5 27.7 26.5
1.366667 1 257.0 272.5 28.0 26.5
1.400000 1 256.5 272.5 28.3 26.5
1.433333 1 256.0 272.6 28.7 26.6
1.466667 1 255.5 272.6 29.0 26.6
1.500000 1 255.0 272.7 29.3 26.7
1.533333 1 254.5 272.7 29.7 26.7
1.566667 1 254.0 272.8 30.0 26.8
1.600000 1 253.5 272.8 30.3 26.8
1.633333 1 253.0 272.8 30.7 26.8
1.666667 1 252.5 272.9 31.0 26.9
1.700000 1 252.0 272.9 31.3 26.9
1.733333 1 251.5 273.0 31.7 27.0
1.766667 1 251.0 273.0 32.0 27.0
1.800000 1 251.0 272.9 31.9 27.2
1.833333 1 251.0 272.7 31.7 27.4
1.866667 1 251.0 272.6 31.6 27.6
1.900000 1 251.0 272.5 31.5 27.7
1.933333 1 251.0 272.3 31.3 27.9
1.966667 1 251.0 272.2 31.2 28.1
2.000000 1 251.0 272.1 31.1 28.3
2.033333 1 251.0 272.0 31.0 28.5
2.066667 1 251.0 271.8 30.8 28.7
2.100000 1 251.0 271.7 30.7 28.8
2.133333 1 251.0 271.6 30.6 29.0
2.166667 1 251.0 271.4 30.4 29.2
2.200000 1 251.0 271.3 30.3 29.4
2.233333 1 251.0 271.2 30.2 29.6
2.266667 1 251.0 271.0 30.0 29.8
2.300000 1 251.0 270.9 29.9 29.9
2.333333 1 251.0 270.8 29.8 30.1
2.366667 1 251.0 270.7 29.7 30.3
2.400000 1 251.0 270.5 29.5 30.5
2.433333 1 251.0 270.4 29.4 30.7
2.466667 1 251.0 270.3 29.3 30.9
2.500000 1 251.0 270.1 29.1 31.0
2.533333 1 251.0 270.0 29.0 31.2
2.566667 1 251.6 270.6 29.1 31.1
2.600000 1 252.3 271.3 29.1 30.9
2.633333 1 252.9 271.9 29.2 30.7
2.666667 1 253.5 272.5 29.2 30.5
2.700000 1 254.2 273.2 29.3 30.4
2.733333 1 254.8 273.8 29.3 30.2
2.766667 1 255.4 274.4 29.4 30.0
2.800000 1 256.1 275.1 29.4 29.9
2.833333 1 256.7 275.7 29.5 29.7
2.866667 1 257.3 276.3 29.5 29.5
2.900000 1 257.9 276.9 29.6 29.4
2.933333 1 258.6 277.6 29.6 29.2
2.966667 1 259.2 278.2 29.7 29.0
3.000000 1 259.8 278.8 29.7 28.8
3.033333 1 260.5 279.5 29.8 28.7
3.066667 1 261.1 280.1 29.8 28.5
3.100000 1 261.7 280.7 29.9 28.3
3.133333 1 262.4 281.4 29.9 28.2
3.166667 1 263.0 282.0 30.0 28.0
3.200000 1 264.1 282.6 30.0 28.1
3.233333 1 265.2 283.2 30.0 28.2
3.266667 1 266.3 283.8 30.0 28.3
3.300000 1 267.3 284.3 30.0 28.3
3.333333 1 268.4 284.9 30.0 28.4
3.366667 1 269.5 285.5 30.0 28.5
3.400000 1 270.6 286.1 30.0 28.6
3.433333 1 271.7 286.7 30.0 28.7
3.466667 1 272.8 287.3 30.0 28.8
3.500000 1 273.8 287.8 30.0 28.8
3.533333 1 274.9 288.4 30.0 28.9
3.566667 1 276.0 289.0 30.0 29.0
3.600000 1 277.5 289.8 29.9 28.6
3.633333 1 279.0 290.6 29.8 28.2
3.666667 1 280.5 291.4 29.7 27.8
3.700000 1 282.0 292.2 29.6 27.4
3.733333 1 283.5 293.0 29.5 27.0
3.766667 1 285.0 293.8 29.4 26.6
3.800000 1 286.5 294.6 29.3 26.2
3.833333 1 288.0 295.4 29.2 25.8
3.866667 1 289.5 296.2 29.1 25.4
3.900000 1 291.0 297.0 29.0 25.0
3.933333 1 292.9 297.6 29.0 25.0
3.966667 1 294.8 298.1 29.0 25.0
4.000000 1 296.7 298.7 29.0 25.0
4.033333 1 298.6 299.2 29.0 25.0
4.066667 1 300.4 299.8 29.0 25.0
4.100000 1 302.3 300.3 29.0 25.0
4.133333 1 304.2 300.9 29.0 25.0
4.166667 1 306.1 301.4 29.0 25.0
4.200000 1 308.0 302.0 29.0 25.0
4.233333 1 309.5 302.1 29.0 24.7
4.266667 1 311.0 302.2 29.0 24.4
4.300000 1 312.5 302.3 29.0 24.1
4.333333 1 314.0 302.4 29.0 23.8
4.366667 1 315.5 302.5 29.0 23.5
4.400000 1 317.0 302.6 29.0 23.2
4.433333 1 318.5 302.7 29.0 22.9
4.466667 1 320.0 302.8 29.0 22.6
4.500000 1 321.5 302.9 29.0 22.3
4.533333 1 323.0 303.0 29.0 22.0
4.566667 1 324.2 302.2 29.2 22.3
4.600000 1 325.3 301.5 29.5 22.6
4.633333 1 326.5 300.7 29.7 22.9
4.666667 1 327.6 299.9 29.9 23.2
4.700000 1 328.8 299.2 30.2 23.5
4.733333 1 329.9 298.4 30.4 23.8
4.766667 1 331.1 297.6 30.6 24.2
4.800000 1 332.2 296.8 30.8 24.5
4.833333 1 333.4 296.1 31.1 24.8
4.866667 1 334.5 295.3 31.3 25.1
4.900000 1 335.7 294.5 31.5 25.4
4.933333 1 336.8 293.8 31.8 25.7
4.966667 1 338.0 293.0 32.0 26.0
5.000000 1 338.9 292.2 32.0 26.2
5.033333 1 339.8 291.5 32.0 26.3
5.066667 1 340.8 290.7 32.0 26.5
5.100000 1 341.7 289.9 32.0 26.6
5.133333 1 342.6 289.2 32.0 26.8
5.166667 1 343.5 288.4 32.0 26.9
5.200000 1 344.5 287.6 32.0 27.1
5.233333 1 345.4 286.8 32.0 27.2
5.266667 1 346.3 286.1 32.0 27.4
5.300000 1 347.2 285.3 32.0 27.5
5.333333 1 348.2 284.5 32.0 27.7
5.366667 1 349.1 283.8 32.0 27.8
5.400000 1 350.0 283.0 32.0 28.0
5.433333 1 350.8 282.2 31.7 28.1
5.466667 1 351.7 281.3 31.3 28.2
5.500000 1 352.5 280.5 31.0 28.3
5.533333 1 353.3 279.7 30.7 28.3
5.566667 1 354.2 278.8 30.3 28.4
5.600000 1 355.0 278.0 30.0 28.5
5.633333 1 355.8 277.2 29.7 28.6
5.666667 1 356.7 276.3 29.3 28.7
5.700000 1 357.5 275.5 29.0 28.8
5.733333 1 358.3 274.7 28.7 28.8
5.766667 1 359.2 273.8 28.3 28.9
5.800000 1 360.0 273.0 28.0 29.0
5.833333 1 360.1 271.9 28.2 29.2
5.866667 1 360.2 270.8 28.3 29.3
5.900000 1 360.3 269.7 28.5 29.5
5.933333 1 360.3 268.7 28.7 29.7
5.966667 1 360.4 267.6 28.8 29.8
6.000000 1 360.5 266.5 29.0 30.0
6.033333 1 360.6 265.4 29.2 30.2
6.066667 1 360.7 264.3 29.3 30.3
6.100000 1 360.8 263.2 29.5 30.5
6.133333 1 360.8 262.2 29.7 30.7
6.166667 1 360.9 261.1 29.8 30.8
6.200000 1 361.0 260.0 30.0 31.0
6.233333 1 361.0 259.2 29.9 31.1
6.266667 1 361.0 258.3 29.8 31.2
6.300000 1 361.0 257.5 29.7 31.3
6.333333 1 361.0 256.7 29.7 31.3
6.366667 1 361.0 255.8 29.6 31.4
6.400000 1 361.0 255.0 29.5 31.5
6.433333 1 361.0 254.2 29.4 31.6
6.466667 1 361.0 253.3 29.3 31.7
6.500000 1 361.0 252.5 29.2 31.8
6.533333 1 361.0 251.7 29.2 31.8
6.566667 1 361.0 250.8 29.1 31.9
6.600000 1 361.0 250.0 29.0 32.0
6.633333 1 360.5 249.9 29.1 31.9
6.666667 1 360.1 249.7 29.2 31.8
6.700000 1 359.6 249.6 29.3 31.7
6.733333 1 359.2 249.5 29.4 31.6
6.766667 1 358.7 249.3 29.5 31.5
6.800000 1 358.3 249.2 29.5 31.5
6.833333 1 357.8 249.0 29.6 31.4
6.866667 1 357.4 248.9 29.7 31.3
6.900000 1 356.9 248.8 29.8 31.2
6.933333 1 356.5 248.6 29.9 31.1
6.966667 1 356.0 248.5 30.0 31.0
7.000000 1 355.5 248.4 30.1 30.9
7.033333 1 355.1 248.2 30.2 30.8
7.066667 1 354.6 248.1 30.3 30.7
7.100000 1 354.2 248.0 30.4 30.6
7.133333 1 353.7 247.8 30.5 30.5
7.166667 1 353.3 247.7 30.5 30.5
7.200000 1 352.8 247.5 30.6 30.4
7.233333 1 352.4 247.4 30.7 30.3
7.266667 1 351.9 247.3 30.8 30.2
7.300000 1 351.5 247.1 30.9 30.1
7.333333 1 351.0 247.0 31.0 30.0
7.366667 1 350.4 246.9 30.9 30.3
7.400000 1 349.7 246.8 30.9 30.5
7.433333 1 349.1 246.7 30.8 30.8
7.466667 1 348.5 246.6 30.8 31.1
7.500000 1 347.8 246.5 30.7 31.3
7.533333 1 347.2 246.4 30.7 31.6
7.566667 1 346.6 246.3 30.6 31.8
7.600000 1 345.9 246.2 30.6 32.1
7.633333 1 345.3 246.1 30.5 32.4
7.666667 1 344.7 245.9 30.5 32.6
7.700000 1 344.1 245.8 30.4 32.9
7.733333 1 343.4 245.7 30.4 33.2
7.766667 1 342.8 245.6 30.3 33.4
7.800000 1 342.2 245.5 30.3 33.7
7.833333 1 341.5 245.4 30.2 33.9
7.866667 1 340.9 245.3 30.2 34.2
7.900000 1 340.3 245.2 30.1 34.5
7.933333 1 339.6 245.1 30.1 34.7
7.966667 1 339.0 245.0 30.0 35.0
8.000000 1 338.2 245.6 30.0 34.5
8.033333 1 337.5 246.1 30.0 34.0
8.066667 1 336.7 246.7 30.0 33.5
8.100000 1 336.0 247.3 30.0 33.0
8.133333 1 335.2 247.8 30.0 32.5
8.166667 1 334.5 248.4 30.0 32.0
8.200000 1 333.7 248.9 30.0 31.5
8.233333 1 333.0 249.5 30.0 31.0
8.266667 1 332.2 250.1 30.0 30.5
8.300000 1 331.5 250.6 30.0 30.0
8.333333 1 330.7 251.2 30.0 29.5
8.366667 1 330.0 251.8 30.0 29.0
8.400000 1 329.2 252.3 30.0 28.5
8.433333 1 328.5 252.9 30.0 28.0
8.466667 1 327.7 253.4 30.0 27.5
8.500000 1 327.0 254.0 30.0 27.0
8.533333 1 326.2 253.8 29.9 27.1
8.566667 1 325.5 253.6 29.7 27.2
8.600000 1 324.7 253.5 29.6 27.3
8.633333 1 323.9 253.3 29.5 27.4
8.666667 1 323.1 253.1 29.3 27.5
8.700000 1 322.4 252.9 29.2 27.5
8.733333 1 321.6 252.7 29.0 27.6
8.766667 1 320.8 252.5 28.9 27.7
8.800000 1 320.0 252.4 28.8 27.8
8.833333 1 319.3 252.2 28.6 27.9
8.866667 1 318.5 252.0 28.5 28.0
8.900000 1 317.7 251.8 28.4 28.1
8.933333 1 317.0 251.6 28.2 28.2
8.966667 1 316.2 251.5 28.1 28.3
9.000000 1 315.4 251.3 28.0 28.4
9.033333 1 314.6 251.1 27.8 28.5
9.066667 1 313.9 250.9 27.7 28.5
9.100000 1 313.1 250.7 27.5 28.6
9.133333 1 312.3 250.5 27.4 28.7
9.166667 1 311.5 250.4 27.3 28.8
9.200000 1 310.8 250.2 27.1 28.9
9.233333 1 310.0 250.0 27.0 29.0
9.266667 1 309.2 249.3 27.3 29.0
9.300000 1 308.5 248.7 27.5 29.1
9.333333 1 307.7 248.0 27.8 29.1
9.366667 1 306.9 247.4 28.1 29.2
9.400000 1 306.2 246.7 28.3 29.2
9.433333 1 305.4 246.1 28.6 29.2
9.466667 1 304.6 245.4 28.9 29.3
9.500000 1 303.8 244.8 29.2 29.3
9.533333 1 303.1 244.1 29.4 29.3
9.566667 1 302.3 243.5 29.7 29.4
9.600000 1 301.5 242.8 30.0 29.4
9.633333 1 300.8 242.2 30.2 29.5
9.666667 1 300.0 241.5 30.5 29.5
9.700000 1 299.2 240.8 30.8 29.5
9.733333 1 298.5 240.2 31.0 29.6
9.766667 1 297.7 239.5 31.3 29.6
9.800000 1 296.9 238.9 31.6 29.7
9.833333 1 296.2 238.2 31.8 29.7
9.866667 1 295.4 237.6 32.1 29.7
9.900000 1 294.6 236.9 32.4 29.8
9.933333 1 293.8 236.3 32.7 29.8
9.966667 1 293.1 235.6 32.9 29.8
10.000000 1 292.3 235.0 33.2 29.9
10.033333 1 291.5 234.3 33.5 29.9
10.066667 1 290.8 233.7 33.7 30.0
10.100000 1 290.0 233.0 34.0 30.0
10.133333 1 289.7 232.4 33.8 30.0
10.166667 1 289.5 231.7 33.6 30.1
10.200000 1 289.2 231.1 33.5 30.1
10.233333 1 288.9 230.5 33.3 30.2
10.266667 1 288.6 229.8 33.1 30.2
10.300000 1 288.4 229.2 32.9 30.3
10.333333 1 288.1 228.5 32.7 30.3
10.366667 1 287.8 227.9 32.5 30.4
10.400000 1 287.5 227.3 32.4 30.4
10.433333 1 287.3 226.6 32.2 30.5
10.466667 1 287.0 226.0 32.0 30.5
10.500000 1 286.7 225.4 31.8 30.5
10.533333 1 286.5 224.7 31.6 30.6
10.566667 1 286.2 224.1 31.5 30.6
10.600000 1 285.9 223.5 31.3 30.7
10.633333 1 285.6 222.8 31.1 30.7
10.666667 1 285.4 222.2 30.9 30.8
10.700000 1 285.1 221.5 30.7 30.8
10.733333 1 284.8 220.9 30.5 30.9
10.766667 1 284.5 220.3 30.4 30.9
10.800000 1 284.3 219.6 30.2 31.0
10.833333 1 284.0 219.0 30.0 31.0
