0.000000 1 323.0 215.0 24.0 23.0
0.033333 1 323.6 214.0 24.1 23.1
0.066667 1 324.1 213.0 24.1 23.1
0.100000 1 324.7 212.0 24.2 23.2
0.133333 1 325.2 211.0 24.2 23.2
0.166667 1 325.8 210.0 24.3 23.3
0.200000 1 326.3 209.0 24.3 23.3
0.233333 1 326.9 208.0 24.4 23.4
0.266667 1 327.4 207.0 24.4 23.5
0.300000 1 328.0 206.0 24.5 23.5
0.333333 1 328.6 205.0 24.6 23.6
0.366667 1 329.1 204.0 24.6 23.6
0.400000 1 329.7 203.0 24.7 23.7
0.433333 1 330.2 202.0 24.7 23.7
0.466667 1 330.8 201.0 24.8 23.8
0.500000 1 331.3 200.0 24.8 23.8
0.533333 1 331.9 199.0 24.9 23.9
0.566667 1 332.4 198.0 24.9 24.0
0.600000 1 333.0 197.0 25.0 24.0
0.633333 1 333.3 195.5 24.9 24.0
0.666667 1 333.6 194.1 24.8 24.0
0.700000 1 333.9 192.6 24.8 24.0
0.733333 1 334.2 191.2 24.7 24.0
0.766667 1 334.5 189.7 24.6 24.0
0.800000 1 334.8 188.2 24.5 24.0
0.833333 1 335.2 186.8 24.5 24.0
0.866667 1 335.5 185.3 24.4 24.0
0.900000 1 335.8 183.8 24.3 24.0
0.933333 1 336.1 182.4 24.2 24.0
0.966667 1 336.4 180.9 24.2 24.0
1.000000 1 336.7 179.5 24.1 24.0
1.033333 1 337.0 178.0 24.0 24.0
1.066667 1 337.9 177.0 23.6 23.7
1.100000 1 338.7 176.0 23.1 23.4
1.133333 1 339.6 175.0 22.7 23.1
1.166667 1 340.4 174.0 22.3 22.9
1.200000 1 341.3 173.0 21.9 22.6
1.233333 1 342.1 172.0 21.4 22.3
1.266667 1 343.0 171.0 21.0 22.0
1.300000 1 343.1 170.0 21.3 22.3
1.333333 1 343.3 169.0 21.5 22.5
1.366667 1 343.4 168.0 21.8 22.8
1.400000 1 343.5 167.0 22.0 23.0
1.433333 1 343.6 166.0 22.3 23.3
1.466667 1 343.8 165.0 22.5 23.5
1.500000 1 343.9 164.0 22.8 23.8
1.533333 1 344.0 163.0 23.0 24.0
1.566667 1 344.0 162.8 22.9 24.0
1.600000 1 344.0 162.5 22.8 24.0
1.633333 1 344.0 162.3 22.8 24.0
1.666667 1 344.0 162.1 22.7 24.0
1.700000 1 344.0 161.8 22.6 24.0
1.733333 1 344.0 161.6 22.5 24.0
1.766667 1 344.0 161.4 22.5 24.0
1.800000 1 344.0 161.2 22.4 24.0
1.833333 1 344.0 160.9 22.3 24.0
1.866667 1 344.0 160.7 22.2 24.0
1.900000 1 344.0 160.5 22.2 24.0
1.933333 1 344.0 160.2 22.1 24.0
1.966667 1 344.0 160.0 22.0 24.0
2.000000 1 344.2 160.0 22.0 24.0
2.033333 1 344.4 160.0 22.0 24.0
2.066667 1 344.6 160.0 22.0 24.0
2.100000 1 344.8 160.0 22.0 24.0
2.133333 1 345.0 160.0 22.0 24.0
2.166667 1 345.3 160.0 22.0 24.0
2.200000 1 345.5 160.0 22.0 24.0
2.233333 1 345.7 160.0 22.0 24.0
2.266667 1 345.9 160.0 22.0 24.0
2.300000 1 346.1 160.0 22.0 24.0
2.333333 1 346.3 160.0 22.0 24.0
2.366667 1 346.5 160.0 22.0 24.0
2.400000 1 346.7 160.0 22.0 24.0
2.433333 1 346.9 160.0 22.0 24.0
2.466667 1 347.1 160.0 22.0 24.0
2.500000 1 347.3 160.0 22.0 24.0
2.533333 1 347.5 160.0 22.0 24.0
2.566667 1 347.8 160.0 22.0 24.0
2.600000 1 348.0 160.0 22.0 24.0
2.633333 1 348.2 160.0 22.0 24.0
2.666667 1 348.4 160.0 22.0 24.0
2.700000 1 348.6 160.0 22.0 24.0
2.733333 1 348.8 160.0 22.0 24.0
2.766667 1 349.0 160.0 22.0 24.0
2.800000 1 349.0 160.0 22.3 24.1
2.833333 1 349.0 160.0 22.6 24.3
2.866667 1 349.0 160.0 22.9 24.4
2.900000 1 349.0 160.0 23.3 24.5
2.933333 1 349.0 160.0 23.6 24.6
2.966667 1 349.0 160.0 23.9 24.8
3.000000 1 349.0 160.0 24.2 24.9
3.033333 1 349.0 160.0 24.5 25.0
3.066667 1 349.0 160.0 24.8 25.1
3.100000 1 349.0 160.0 25.1 25.3
3.133333 1 349.0 160.0 25.4 25.4
3.166667 1 349.0 160.0 25.8 25.5
3.200000 1 349.0 160.0 26.1 25.6
3.233333 1 349.0 160.0 26.4 25.8
3.266667 1 349.0 160.0 26.7 25.9
3.300000 1 349.0 160.0 27.0 26.0
3.333333 1 349.0 160.1 26.8 26.0
3.366667 1 349.0 160.2 26.6 26.0
3.400000 1 349.0 160.3 26.5 26.0
3.433333 1 349.0 160.4 26.3 26.0
3.466667 1 349.0 160.5 26.1 26.0
3.500000 1 349.0 160.5 25.9 26.0
3.533333 1 349.0 160.6 25.7 26.0
3.566667 1 349.0 160.7 25.5 26.0
3.600000 1 349.0 160.8 25.4 26.0
3.633333 1 349.0 160.9 25.2 26.0
3.666667 1 349.0 161.0 25.0 26.0
3.700000 1 348.9 160.9 25.2 26.1
3.733333 1 348.7 160.9 25.4 26.1
3.766667 1 348.6 160.8 25.6 26.2
3.800000 1 348.5 160.7 25.8 26.3
3.833333 1 348.4 160.7 25.9 26.3
3.866667 1 348.2 160.6 26.1 26.4
3.900000 1 348.1 160.6 26.3 26.4
3.933333 1 348.0 160.5 26.5 26.5
3.966667 1 347.9 160.4 26.7 26.6
4.000000 1 347.7 160.4 26.9 26.6
4.033333 1 347.6 160.3 27.1 26.7
4.066667 1 347.5 160.2 27.3 26.8
4.100000 1 347.4 160.2 27.4 26.8
4.133333 1 347.2 160.1 27.6 26.9
4.166667 1 347.1 160.1 27.8 26.9
4.200000 1 347.0 160.0 28.0 27.0
4.233333 1 347.1 160.0 28.0 27.0
4.266667 1 347.2 160.1 27.9 26.9
4.300000 1 347.3 160.1 27.9 26.9
4.333333 1 347.3 160.2 27.8 26.8
4.366667 1 347.4 160.2 27.8 26.8
4.400000 1 347.5 160.3 27.7 26.7
4.433333 1 347.6 160.3 27.7 26.7
4.466667 1 347.7 160.3 27.7 26.7
4.500000 1 347.8 160.4 27.6 26.6
4.533333 1 347.9 160.4 27.6 26.6
4.566667 1 348.0 160.5 27.5 26.5
4.600000 1 348.0 160.5 27.5 26.5
4.633333 1 348.1 160.6 27.4 26.4
4.666667 1 348.2 160.6 27.4 26.4
4.700000 1 348.3 160.7 27.3 26.3
4.733333 1 348.4 160.7 27.3 26.3
4.766667 1 348.5 160.7 27.3 26.3
4.800000 1 348.6 160.8 27.2 26.2
4.833333 1 348.7 160.8 27.2 26.2
4.866667 1 348.7 160.9 27.1 26.1
4.900000 1 348.8 160.9 27.1 26.1
4.933333 1 348.9 161.0 27.0 26.0
4.966667 1 349.0 161.0 27.0 26.0
5.000000 1 349.2 161.0 26.9 25.9
5.033333 1 349.3 161.1 26.8 25.8
5.066667 1 349.5 161.1 26.7 25.8
5.100000 1 349.6 161.2 26.5 25.7
5.133333 1 349.8 161.2 26.4 25.6
5.166667 1 349.9 161.2 26.3 25.5
5.200000 1 350.1 161.3 26.2 25.5
5.233333 1 350.2 161.3 26.1 25.4
5.266667 1 350.4 161.3 26.0 25.3
5.300000 1 350.5 161.4 25.8 25.2
5.333333 1 350.7 161.4 25.7 25.2
5.366667 1 350.8 161.5 25.6 25.1
5.400000 1 351.0 161.5 25.5 25.0
5.433333 1 351.2 161.5 25.4 24.9
5.466667 1 351.3 161.6 25.3 24.8
5.500000 1 351.5 161.6 25.2 24.8
5.533333 1 351.6 161.7 25.0 24.7
5.566667 1 351.8 161.7 24.9 24.6
5.600000 1 351.9 161.7 24.8 24.5
5.633333 1 352.1 161.8 24.7 24.5
5.666667 1 352.2 161.8 24.6 24.4
5.700000 1 352.4 161.8 24.5 24.3
5.733333 1 352.5 161.9 24.3 24.2
5.766667 1 352.7 161.9 24.2 24.2
5.800000 1 352.8 162.0 24.1 24.1
5.833333 1 353.0 162.0 24.0 24.0
5.866667 1 353.1 162.0 24.1 24.2
5.900000 1 353.1 161.9 24.2 24.4
5.933333 1 353.2 161.9 24.3 24.5
5.966667 1 353.3 161.9 24.4 24.7
6.000000 1 353.4 161.8 24.5 24.9
6.033333 1 353.4 161.8 24.6 25.1
6.066667 1 353.5 161.8 24.7 25.2
6.100000 1 353.6 161.7 24.9 25.4
6.133333 1 353.6 161.7 25.0 25.6
6.166667 1 353.7 161.6 25.1 25.8
6.200000 1 353.8 161.6 25.2 26.0
6.233333 1 353.9 161.6 25.3 26.1
6.266667 1 353.9 161.5 25.4 26.3
6.300000 1 354.0 161.5 25.5 26.5
6.333333 1 354.1 161.5 25.6 26.7
6.366667 1 354.1 161.4 25.7 26.9
6.400000 1 354.2 161.4 25.8 27.0
6.433333 1 354.3 161.4 25.9 27.2
6.466667 1 354.4 161.3 26.0 27.4
6.500000 1 354.4 161.3 26.1 27.6
6.533333 1 354.5 161.3 26.2 27.7
6.566667 1 354.6 161.2 26.4 27.9
6.600000 1 354.6 161.2 26.5 28.1
6.633333 1 354.7 161.1 26.6 28.3
6.666667 1 354.8 161.1 26.7 28.5
6.700000 1 354.9 161.1 26.8 28.6
6.733333 1 354.9 161.0 26.9 28.8
6.766667 1 355.0 161.0 27.0 29.0
6.800000 1 355.0 160.9 27.1 29.0
6.833333 1 354.9 160.8 27.2 29.0
6.866667 1 354.9 160.8 27.2 29.0
6.900000 1 354.8 160.7 27.3 29.0
6.933333 1 354.8 160.6 27.4 29.0
6.966667 1 354.8 160.5 27.5 29.0
7.000000 1 354.7 160.5 27.5 29.0
7.033333 1 354.7 160.4 27.6 29.0
7.066667 1 354.7 160.3 27.7 29.0
7.100000 1 354.6 160.2 27.8 29.0
7.133333 1 354.6 160.2 27.8 29.0
7.166667 1 354.5 160.1 27.9 29.0
7.200000 1 354.5 160.0 28.0 29.0
7.233333 1 354.5 159.9 28.1 29.0
7.266667 1 354.4 159.8 28.2 29.0
7.300000 1 354.4 159.8 28.2 29.0
7.333333 1 354.3 159.7 28.3 29.0
7.366667 1 354.3 159.6 28.4 29.0
7.400000 1 354.3 159.5 28.5 29.0
7.433333 1 354.2 159.5 28.5 29.0
7.466667 1 354.2 159.4 28.6 29.0
7.500000 1 354.2 159.3 28.7 29.0
7.533333 1 354.1 159.2 28.8 29.0
7.566667 1 354.1 159.2 28.8 29.0
7.600000 1 354.0 159.1 28.9 29.0
7.633333 1 354.0 159.0 29.0 29.0
7.666667 1 354.1 159.0 28.9 29.0
7.700000 1 354.2 159.0 28.8 29.0
7.733333 1 354.3 159.0 28.7 29.0
7.766667 1 354.4 159.0 28.6 29.0
7.800000 1 354.5 159.0 28.5 29.0
7.833333 1 354.5 159.0 28.5 29.0
7.866667 1 354.6 159.0 28.4 29.0
7.900000 1 354.7 159.0 28.3 29.0
7.933333 1 354.8 159.0 28.2 29.0
7.966667 1 354.9 159.0 28.1 29.0
8.000000 1 355.0 159.0 28.0 29.0
8.033333 1 355.1 159.0 27.9 29.0
8.066667 1 355.2 159.0 27.8 29.0
8.100000 1 355.3 159.0 27.7 29.0
8.133333 1 355.4 159.0 27.6 29.0
8.166667 1 355.5 159.0 27.5 29.0
8.200000 1 355.5 159.0 27.5 29.0
8.233333 1 355.6 159.0 27.4 29.0
8.266667 1 355.7 159.0 27.3 29.0
8.300000 1 355.8 159.0 27.2 29.0
8.333333 1 355.9 159.0 27.1 29.0
8.366667 1 356.0 159.0 27.0 29.0
8.400000 1 356.0 159.0 26.9 29.0
8.433333 1 356.1 159.0 26.9 29.0
8.466667 1 356.1 159.1 26.8 29.0
8.500000 1 356.2 159.1 26.7 29.0
8.533333 1 356.2 159.1 26.7 29.0
8.566667 1 356.3 159.1 26.6 29.0
8.600000 1 356.3 159.1 26.6 29.0
8.633333 1 356.3 159.2 26.5 29.0
8.666667 1 356.4 159.2 26.4 29.0
8.700000 1 356.4 159.2 26.4 29.0
8.733333 1 356.5 159.2 26.3 29.0
8.766667 1 356.5 159.3 26.2 29.0
8.800000 1 356.5 159.3 26.2 29.0
8.833333 1 356.6 159.3 26.1 29.0
8.866667 1 356.6 159.3 26.1 29.0
8.900000 1 356.7 159.3 26.0 29.0
8.933333 1 356.7 159.4 25.9 29.0
8.966667 1 356.8 159.4 25.9 29.0
9.000000 1 356.8 159.4 25.8 29.0
9.033333 1 356.8 159.4 25.7 29.0
9.066667 1 356.9 159.4 25.7 29.0
9.100000 1 356.9 159.5 25.6 29.0
9.133333 1 357.0 159.5 25.6 29.0
9.166667 1 357.0 159.5 25.5 29.0
9.200000 1 357.0 159.5 25.4 29.0
9.233333 1 357.1 159.5 25.4 29.0
9.266667 1 357.1 159.6 25.3 29.0
9.300000 1 357.2 159.6 25.2 29.0
9.333333 1 357.2 159.6 25.2 29.0
9.366667 1 357.3 159.6 25.1 29.0
9.400000 1 357.3 159.6 25.1 29.0
9.433333 1 357.3 159.7 25.0 29.0
9.466667 1 357.4 159.7 24.9 29.0
9.500000 1 357.4 159.7 24.9 29.0
9.533333 1 357.5 159.7 24.8 29.0
9.566667 1 357.5 159.8 24.7 29.0
9.600000 1 357.5 159.8 24.7 29.0
9.633333 1 357.6 159.8 24.6 29.0
9.666667 1 357.6 159.8 24.6 29.0
9.700000 1 357.7 159.8 24.5 29.0
9.733333 1 357.7 159.9 24.4 29.0
9.766667 1 357.8 159.9 24.4 29.0
9.800000 1 357.8 159.9 24.3 29.0
9.833333 1 357.8 159.9 24.2 29.0
9.866667 1 357.9 159.9 24.2 29.0
9.900000 1 357.9 160.0 24.1 29.0
9.933333 1 358.0 160.0 24.1 29.0
9.966667 1 358.0 160.0 24.0 29.0
10.000000 1 358.0 160.0 24.1 29.0
10.033333 1 357.9 160.0 24.3 28.9
10.066667 1 357.9 160.0 24.4 28.9
10.100000 1 357.9 160.0 24.6 28.9
10.133333 1 357.8 160.0 24.7 28.8
10.166667 1 357.8 160.0 24.9 28.8
10.200000 1 357.7 160.0 25.0 28.7
10.233333 1 357.7 160.0 25.2 28.7
10.266667 1 357.7 160.0 25.3 28.7
10.300000 1 357.6 160.0 25.5 28.6
10.333333 1 357.6 160.0 25.6 28.6
10.366667 1 357.6 160.0 25.8 28.6
10.400000 1 357.5 160.0 25.9 28.5
10.433333 1 357.5 160.0 26.1 28.5
10.466667 1 357.4 160.0 26.2 28.4
10.500000 1 357.4 160.0 26.4 28.4
10.533333 1 357.4 160.0 26.5 28.4
10.566667 1 357.3 160.0 26.7 28.3
10.600000 1 357.3 160.0 26.8 28.3
10.633333 1 357.3 160.0 27.0 28.3
10.666667 1 357.2 160.0 27.1 28.2
10.700000 1 357.2 160.0 27.3 28.2
10.733333 1 357.1 160.0 27.4 28.1
10.766667 1 357.1 160.0 27.6 28.1
10.800000 1 357.1 160.0 27.7 28.1
10.833333 1 357.0 160.0 27.9 28.0
10.866667 1 357.0 160.0 28.0 28.0
