0.000000 1 392.0 259.0 26.0 30.0
0.033333 1 392.0 259.0 26.0 30.0
0.066667 1 392.0 259.0 26.0 30.0
0.100000 1 392.0 259.0 25.9 30.0
0.133333 1 392.0 259.0 25.9 30.0
0.166667 1 391.9 259.1 25.9 30.0
0.200000 1 391.9 259.1 25.9 30.0
0.233333 1 391.9 259.1 25.9 30.0
0.266667 1 391.9 259.1 25.9 30.0
0.300000 1 391.9 259.1 25.8 29.9
0.333333 1 391.9 259.1 25.8 29.9
0.366667 1 391.9 259.1 25.8 29.9
0.400000 1 391.9 259.1 25.8 29.9
0.433333 1 391.8 259.2 25.8 29.9
0.466667 1 391.8 259.2 25.7 29.9
0.500000 1 391.8 259.2 25.7 29.9
0.533333 1 391.8 259.2 25.7 29.9
0.566667 1 391.8 259.2 25.7 29.9
0.600000 1 391.8 259.2 25.7 29.9
0.633333 1 391.8 259.2 25.6 29.9
0.666667 1 391.8 259.2 25.6 29.9
0.700000 1 391.7 259.3 25.6 29.9
0.733333 1 391.7 259.3 25.6 29.9
0.766667 1 391.7 259.3 25.6 29.9
0.800000 1 391.7 259.3 25.6 29.9
0.833333 1 391.7 259.3 25.5 29.8
0.866667 1 391.7 259.3 25.5 29.8
0.900000 1 391.7 259.3 25.5 29.8
0.933333 1 391.7 259.3 25.5 29.8
0.966667 1 391.6 259.4 25.5 29.8
1.000000 1 391.6 259.4 25.4 29.8
1.033333 1 391.6 259.4 25.4 29.8
1.066667 1 391.6 259.4 25.4 29.8
1.100000 1 391.6 259.4 25.4 29.8
1.133333 1 391.6 259.4 25.4 29.8
1.166667 1 391.6 259.4 25.4 29.8
1.200000 1 391.6 259.4 25.3 29.8
1.233333 1 391.5 259.5 25.3 29.8
1.266667 1 391.5 259.5 25.3 29.8
1.300000 1 391.5 259.5 25.3 29.8
1.333333 1 391.5 259.5 25.3 29.8
1.366667 1 391.5 259.5 25.2 29.7
1.400000 1 391.5 259.5 25.2 29.7
1.433333 1 391.5 259.5 25.2 29.7
1.466667 1 391.5 259.5 25.2 29.7
1.500000 1 391.4 259.6 25.2 29.7
1.533333 1 391.4 259.6 25.1 29.7
1.566667 1 391.4 259.6 25.1 29.7
1.600000 1 391.4 259.6 25.1 29.7
1.633333 1 391.4 259.6 25.1 29.7
1.666667 1 391.4 259.6 25.1 29.7
1.700000 1 391.4 259.6 25.1 29.7
1.733333 1 391.4 259.6 25.0 29.7
1.766667 1 391.3 259.7 25.0 29.7
1.800000 1 391.3 259.7 25.0 29.7
1.833333 1 391.3 259.7 25.0 29.7
1.866667 1 391.3 259.7 25.0 29.7
1.900000 1 391.3 259.7 24.9 29.6
1.933333 1 391.3 259.7 24.9 29.6
1.966667 1 391.3 259.7 24.9 29.6
2.000000 1 391.3 259.7 24.9 29.6
2.033333 1 391.2 259.8 24.9 29.6
2.066667 1 391.2 259.8 24.9 29.6
2.100000 1 391.2 259.8 24.8 29.6
2.133333 1 391.2 259.8 24.8 29.6
2.166667 1 391.2 259.8 24.8 29.6
2.200000 1 391.2 259.8 24.8 29.6
2.233333 1 391.2 259.8 24.8 29.6
2.266667 1 391.2 259.8 24.7 29.6
2.300000 1 391.1 259.9 24.7 29.6
2.333333 1 391.1 259.9 24.7 29.6
2.366667 1 391.1 259.9 24.7 29.6
2.400000 1 391.1 259.9 24.7 29.6
2.433333 1 391.1 259.9 24.6 29.5
2.466667 1 391.1 259.9 24.6 29.5
2.500000 1 391.1 259.9 24.6 29.5
2.533333 1 391.1 259.9 24.6 29.5
2.566667 1 391.0 260.0 24.6 29.5
2.600000 1 391.0 260.0 24.6 29.5
2.633333 1 391.0 260.0 24.5 29.5
2.666667 1 391.0 260.0 24.5 29.5
2.700000 1 391.0 260.0 24.5 29.5
2.733333 1 391.0 260.0 24.5 29.5
2.766667 1 391.0 260.0 24.5 29.5
2.800000 1 391.0 260.0 24.4 29.5
2.833333 1 391.0 260.0 24.4 29.5
2.866667 1 390.9 260.1 24.4 29.5
2.900000 1 390.9 260.1 24.4 29.5
2.933333 1 390.9 260.1 24.4 29.5
2.966667 1 390.9 260.1 24.4 29.5
3.000000 1 390.9 260.1 24.3 29.4
3.033333 1 390.9 260.1 24.3 29.4
3.066667 1 390.9 260.1 24.3 29.4
3.100000 1 390.9 260.1 24.3 29.4
3.133333 1 390.8 260.2 24.3 29.4
3.166667 1 390.8 260.2 24.2 29.4
3.200000 1 390.8 260.2 24.2 29.4
3.233333 1 390.8 260.2 24.2 29.4
3.266667 1 390.8 260.2 24.2 29.4
3.300000 1 390.8 260.2 24.2 29.4
3.333333 1 390.8 260.2 24.1 29.4
3.366667 1 390.8 260.2 24.1 29.4
3.400000 1 390.7 260.3 24.1 29.4
3.433333 1 390.7 260.3 24.1 29.4
3.466667 1 390.7 260.3 24.1 29.4
3.500000 1 390.7 260.3 24.1 29.4
3.533333 1 390.7 260.3 24.0 29.3
3.566667 1 390.7 260.3 24.0 29.3
3.600000 1 390.7 260.3 24.0 29.3
3.633333 1 390.7 260.3 24.0 29.3
3.666667 1 390.6 260.4 24.0 29.3
3.700000 1 390.6 260.4 23.9 29.3
3.733333 1 390.6 260.4 23.9 29.3
3.766667 1 390.6 260.4 23.9 29.3
3.800000 1 390.6 260.4 23.9 29.3
3.833333 1 390.6 260.4 23.9 29.3
3.866667 1 390.6 260.4 23.9 29.3
3.900000 1 390.6 260.4 23.8 29.3
3.933333 1 390.5 260.5 23.8 29.3
3.966667 1 390.5 260.5 23.8 29.3
4.000000 1 390.5 260.5 23.8 29.3
4.033333 1 390.5 260.5 23.8 29.3
4.066667 1 390.5 260.5 23.7 29.2
4.100000 1 390.5 260.5 23.7 29.2
4.133333 1 390.5 260.5 23.7 29.2
4.166667 1 390.5 260.5 23.7 29.2
4.200000 1 390.4 260.6 23.7 29.2
4.233333 1 390.4 260.6 23.6 29.2
4.266667 1 390.4 260.6 23.6 29.2
4.300000 1 390.4 260.6 23.6 29.2
4.333333 1 390.4 260.6 23.6 29.2
4.366667 1 390.4 260.6 23.6 29.2
4.400000 1 390.4 260.6 23.6 29.2
4.433333 1 390.4 260.6 23.5 29.2
4.466667 1 390.3 260.7 23.5 29.2
4.500000 1 390.3 260.7 23.5 29.2
4.533333 1 390.3 260.7 23.5 29.2
4.566667 1 390.3 260.7 23.5 29.2
4.600000 1 390.3 260.7 23.4 29.1
4.633333 1 390.3 260.7 23.4 29.1
4.666667 1 390.3 260.7 23.4 29.1
4.700000 1 390.3 260.7 23.4 29.1
4.733333 1 390.2 260.8 23.4 29.1
4.766667 1 390.2 260.8 23.4 29.1
4.800000 1 390.2 260.8 23.3 29.1
4.833333 1 390.2 260.8 23.3 29.1
4.866667 1 390.2 260.8 23.3 29.1
4.900000 1 390.2 260.8 23.3 29.1
4.933333 1 390.2 260.8 23.3 29.1
4.966667 1 390.2 260.8 23.2 29.1
5.000000 1 390.1 260.9 23.2 29.1
5.033333 1 390.1 260.9 23.2 29.1
5.066667 1 390.1 260.9 23.2 29.1
5.100000 1 390.1 260.9 23.2 29.1
5.133333 1 390.1 260.9 23.1 29.0
5.166667 1 390.1 260.9 23.1 29.0
5.200000 1 390.1 260.9 23.1 29.0
5.233333 1 390.1 260.9 23.1 29.0
5.266667 1 390.0 261.0 23.1 29.0
5.300000 1 390.0 261.0 23.1 29.0
5.333333 1 390.0 261.0 23.0 29.0
5.366667 1 390.0 261.0 23.0 29.0
5.400000 1 390.0 261.0 23.0 29.0
5.433333 1 390.0 261.0 23.0 29.0
5.466667 1 389.9 261.0 23.0 28.9
5.500000 1 389.9 261.1 23.1 28.9
5.533333 1 389.8 261.1 23.1 28.9
5.566667 1 389.8 261.1 23.1 28.8
5.600000 1 389.7 261.1 23.1 28.8
5.633333 1 389.7 261.1 23.1 28.8
5.666667 1 389.6 261.1 23.1 28.8
5.700000 1 389.6 261.2 23.2 28.7
5.733333 1 389.5 261.2 23.2 28.7
5.766667 1 389.5 261.2 23.2 28.7
5.800000 1 389.4 261.2 23.2 28.6
5.833333 1 389.4 261.2 23.2 28.6
5.866667 1 389.3 261.3 23.3 28.6
5.900000 1 389.3 261.3 23.3 28.5
5.933333 1 389.2 261.3 23.3 28.5
5.966667 1 389.2 261.3 23.3 28.5
6.000000 1 389.1 261.3 23.3 28.5
6.033333 1 389.1 261.3 23.3 28.4
6.066667 1 389.0 261.4 23.4 28.4
6.100000 1 389.0 261.4 23.4 28.4
6.133333 1 388.9 261.4 23.4 28.3
6.166667 1 388.9 261.4 23.4 28.3
6.200000 1 388.8 261.4 23.4 28.3
6.233333 1 388.8 261.5 23.5 28.2
6.266667 1 388.7 261.5 23.5 28.2
6.300000 1 388.7 261.5 23.5 28.2
6.333333 1 388.7 261.5 23.5 28.2
6.366667 1 388.6 261.5 23.5 28.1
6.400000 1 388.6 261.5 23.5 28.1
6.433333 1 388.5 261.6 23.6 28.1
6.466667 1 388.5 261.6 23.6 28.0
6.500000 1 388.4 261.6 23.6 28.0
6.533333 1 388.4 261.6 23.6 28.0
6.566667 1 388.3 261.6 23.6 27.9
6.600000 1 388.3 261.7 23.7 27.9
6.633333 1 388.2 261.7 23.7 27.9
6.666667 1 388.2 261.7 23.7 27.9
6.700000 1 388.1 261.7 23.7 27.8
6.733333 1 388.1 261.7 23.7 27.8
6.766667 1 388.0 261.7 23.7 27.8
6.800000 1 388.0 261.8 23.8 27.7
6.833333 1 387.9 261.8 23.8 27.7
6.866667 1 387.9 261.8 23.8 27.7
6.900000 1 387.8 261.8 23.8 27.6
6.933333 1 387.8 261.8 23.8 27.6
6.966667 1 387.7 261.8 23.8 27.6
7.000000 1 387.7 261.9 23.9 27.6
7.033333 1 387.6 261.9 23.9 27.5
7.066667 1 387.6 261.9 23.9 27.5
7.100000 1 387.5 261.9 23.9 27.5
7.133333 1 387.5 261.9 23.9 27.4
7.166667 1 387.4 262.0 24.0 27.4
7.200000 1 387.4 262.0 24.0 27.4
7.233333 1 387.3 262.0 24.0 27.3
7.266667 1 387.3 262.0 24.0 27.3
7.300000 1 387.3 262.0 24.0 27.3
7.333333 1 387.2 262.0 24.0 27.3
7.366667 1 387.2 262.1 24.1 27.2
7.400000 1 387.1 262.1 24.1 27.2
7.433333 1 387.1 262.1 24.1 27.2
7.466667 1 387.0 262.1 24.1 27.1
7.500000 1 387.0 262.1 24.1 27.1
7.533333 1 386.9 262.2 24.2 27.1
7.566667 1 386.9 262.2 24.2 27.0
7.600000 1 386.8 262.2 24.2 27.0
7.633333 1 386.8 262.2 24.2 27.0
7.666667 1 386.7 262.2 24.2 27.0
7.700000 1 386.7 262.2 24.2 26.9
7.733333 1 386.6 262.3 24.3 26.9
7.766667 1 386.6 262.3 24.3 26.9
7.800000 1 386.5 262.3 24.3 26.8
7.833333 1 386.5 262.3 24.3 26.8
7.866667 1 386.4 262.3 24.3 26.8
7.900000 1 386.4 262.4 24.4 26.7
7.933333 1 386.3 262.4 24.4 26.7
7.966667 1 386.3 262.4 24.4 26.7
8.000000 1 386.2 262.4 24.4 26.7
8.033333 1 386.2 262.4 24.4 26.6
8.066667 1 386.1 262.4 24.4 26.6
8.100000 1 386.1 262.5 24.5 26.6
8.133333 1 386.0 262.5 24.5 26.5
8.166667 1 386.0 262.5 24.5 26.5
8.200000 1 386.0 262.5 24.5 26.5
8.233333 1 385.9 262.5 24.5 26.4
8.266667 1 385.9 262.6 24.6 26.4
8.300000 1 385.8 262.6 24.6 26.4
8.333333 1 385.8 262.6 24.6 26.3
8.366667 1 385.7 262.6 24.6 26.3
8.400000 1 385.7 262.6 24.6 26.3
8.433333 1 385.6 262.6 24.6 26.3
8.466667 1 385.6 262.7 24.7 26.2
8.500000 1 385.5 262.7 24.7 26.2
8.533333 1 385.5 262.7 24.7 26.2
8.566667 1 385.4 262.7 24.7 26.1
8.600000 1 385.4 262.7 24.7 26.1
8.633333 1 385.3 262.8 24.8 26.1
8.666667 1 385.3 262.8 24.8 26.0
8.700000 1 385.2 262.8 24.8 26.0
8.733333 1 385.2 262.8 24.8 26.0
8.766667 1 385.1 262.8 24.8 26.0
8.800000 1 385.1 262.8 24.8 25.9
8.833333 1 385.0 262.9 24.9 25.9
8.866667 1 385.0 262.9 24.9 25.9
8.900000 1 384.9 262.9 24.9 25.8
8.933333 1 384.9 262.9 24.9 25.8
8.966667 1 384.8 262.9 24.9 25.8
9.000000 1 384.8 263.0 25.0 25.7
9.033333 1 384.7 263.0 25.0 25.7
9.066667 1 384.7 263.0 25.0 25.7
9.100000 1 384.7 263.0 25.0 25.7
9.133333 1 384.6 263.0 25.0 25.6
9.166667 1 384.6 263.0 25.0 25.6
9.200000 1 384.5 263.1 25.1 25.6
9.233333 1 384.5 263.1 25.1 25.5
9.266667 1 384.4 263.1 25.1 25.5
9.300000 1 384.4 263.1 25.1 25.5
9.333333 1 384.3 263.1 25.1 25.4
9.366667 1 384.3 263.2 25.2 25.4
9.400000 1 384.2 263.2 25.2 25.4
9.433333 1 384.2 263.2 25.2 25.4
9.466667 1 384.1 263.2 25.2 25.3
9.500000 1 384.1 263.2 25.2 25.3
9.533333 1 384.0 263.2 25.2 25.3
9.566667 1 384.0 263.3 25.3 25.2
9.600000 1 383.9 263.3 25.3 25.2
9.633333 1 383.9 263.3 25.3 25.2
9.666667 1 383.8 263.3 25.3 25.1
9.700000 1 383.8 263.3 25.3 25.1
9.733333 1 383.7 263.3 25.3 25.1
9.766667 1 383.7 263.4 25.4 25.1
9.800000 1 383.6 263.4 25.4 25.0
9.833333 1 383.6 263.4 25.4 25.0
9.866667 1 383.5 263.4 25.4 25.0
9.900000 1 383.5 263.4 25.4 24.9
9.933333 1 383.4 263.5 25.5 24.9
9.966667 1 383.4 263.5 25.5 24.9
10.000000 1 383.3 263.5 25.5 24.8
10.033333 1 383.3 263.5 25.5 24.8
10.066667 1 383.3 263.5 25.5 24.8
10.100000 1 383.2 263.5 25.5 24.8
10.133333 1 383.2 263.6 25.6 24.7
10.166667 1 383.1 263.6 25.6 24.7
10.200000 1 383.1 263.6 25.6 24.7
10.233333 1 383.0 263.6 25.6 24.6
10.266667 1 383.0 263.6 25.6 24.6
10.300000 1 382.9 263.7 25.7 24.6
10.333333 1 382.9 263.7 25.7 24.5
10.366667 1 382.8 263.7 25.7 24.5
10.400000 1 382.8 263.7 25.7 24.5
10.433333 1 382.7 263.7 25.7 24.5
10.466667 1 382.7 263.7 25.7 24.4
10.500000 1 382.6 263.8 25.8 24.4
10.533333 1 382.6 263.8 25.8 24.4
10.566667 1 382.5 263.8 25.8 24.3
10.600000 1 382.5 263.8 25.8 24.3
10.633333 1 382.4 263.8 25.8 24.3
10.666667 1 382.4 263.9 25.9 24.2
10.700000 1 382.3 263.9 25.9 24.2
10.733333 1 382.3 263.9 25.9 24.2
10.766667 1 382.2 263.9 25.9 24.2
10.800000 1 382.2 263.9 25.9 24.1
10.833333 1 382.1 263.9 25.9 24.1
10.866667 1 382.1 264.0 26.0 24.1
10.900000 1 382.0 264.0 26.0 24.0
10.933333 1 382.0 264.0 26.0 24.0
