0.000000 1 273.0 243.0 21.0 28.0
0.033333 1 273.0 244.7 21.2 27.7
0.066667 1 273.0 246.3 21.3 27.3
0.100000 1 273.0 248.0 21.5 27.0
0.133333 1 273.0 249.7 21.7 26.7
0.166667 1 273.0 251.3 21.8 26.3
0.200000 1 273.0 253.0 22.0 26.0
0.233333 1 272.4 253.8 22.0 25.9
0.266667 1 271.8 254.6 21.9 25.8
0.300000 1 271.1 255.4 21.9 25.7
0.333333 1 270.5 256.2 21.8 25.6
0.366667 1 269.9 257.0 21.8 25.5
0.400000 1 269.3 257.9 21.7 25.4
0.433333 1 268.7 258.7 21.7 25.3
0.466667 1 268.0 259.5 21.6 25.2
0.500000 1 267.4 260.3 21.6 25.1
0.533333 1 266.8 261.1 21.5 25.0
0.566667 1 266.2 261.9 21.5 25.0
0.600000 1 265.6 262.7 21.4 24.9
0.633333 1 265.0 263.5 21.4 24.8
0.666667 1 264.3 264.3 21.3 24.7
0.700000 1 263.7 265.1 21.3 24.6
0.733333 1 263.1 266.0 21.2 24.5
0.766667 1 262.5 266.8 21.2 24.4
0.800000 1 261.9 267.6 21.1 24.3
0.833333 1 261.2 268.4 21.1 24.2
0.866667 1 260.6 269.2 21.0 24.1
0.900000 1 260.0 270.0 21.0 24.0
0.933333 1 259.3 270.0 21.0 24.0
0.966667 1 258.6 270.0 21.1 24.1
1.000000 1 257.8 270.0 21.1 24.1
1.033333 1 257.1 270.0 21.2 24.2
1.066667 1 256.4 270.0 21.2 24.2
1.100000 1 255.7 270.0 21.2 24.2
1.133333 1 255.0 270.0 21.3 24.3
1.166667 1 254.2 270.0 21.3 24.3
1.200000 1 253.5 270.0 21.4 24.4
1.233333 1 252.8 270.0 21.4 24.4
1.266667 1 252.1 270.0 21.4 24.4
1.300000 1 251.4 270.0 21.5 24.5
1.333333 1 250.6 270.0 21.5 24.5
1.366667 1 249.9 270.0 21.6 24.6
1.400000 1 249.2 270.0 21.6 24.6
1.433333 1 248.5 270.0 21.6 24.6
1.466667 1 247.8 270.0 21.7 24.7
1.500000 1 247.0 270.0 21.7 24.7
1.533333 1 246.3 270.0 21.8 24.8
1.566667 1 245.6 270.0 21.8 24.8
1.600000 1 244.9 270.0 21.8 24.8
1.633333 1 244.2 270.0 21.9 24.9
1.666667 1 243.4 270.0 21.9 24.9
1.700000 1 242.7 270.0 22.0 25.0
1.733333 1 242.0 270.0 22.0 25.0
1.766667 1 241.6 270.2 22.1 25.0
1.800000 1 241.2 270.5 22.2 24.9
1.833333 1 240.8 270.7 22.3 24.9
1.866667 1 240.5 270.9 22.5 24.8
1.900000 1 240.1 271.2 22.6 24.8
1.933333 1 239.7 271.4 22.7 24.8
1.966667 1 239.3 271.6 22.8 24.7
2.000000 1 238.9 271.8 22.9 24.7
2.033333 1 238.5 272.1 23.0 24.7
2.066667 1 238.2 272.3 23.2 24.6
2.100000 1 237.8 272.5 23.3 24.6
2.133333 1 237.4 272.8 23.4 24.5
2.166667 1 237.0 273.0 23.5 24.5
2.200000 1 236.6 273.2 23.6 24.5
2.233333 1 236.2 273.5 23.7 24.4
2.266667 1 235.8 273.7 23.8 24.4
2.300000 1 235.5 273.9 24.0 24.3
2.333333 1 235.1 274.2 24.1 24.3
2.366667 1 234.7 274.4 24.2 24.3
2.400000 1 234.3 274.6 24.3 24.2
2.433333 1 233.9 274.8 24.4 24.2
2.466667 1 233.5 275.1 24.5 24.2
2.500000 1 233.2 275.3 24.7 24.1
2.533333 1 232.8 275.5 24.8 24.1
2.566667 1 232.4 275.8 24.9 24.0
2.600000 1 232.0 276.0 25.0 24.0
2.633333 1 232.4 276.1 25.0 24.2
2.666667 1 232.9 276.2 25.0 24.4
2.700000 1 233.3 276.3 25.0 24.6
2.733333 1 233.7 276.4 25.0 24.9
2.766667 1 234.1 276.5 25.0 25.1
2.800000 1 234.6 276.6 25.0 25.3
2.833333 1 235.0 276.7 25.0 25.5
2.866667 1 235.4 276.9 25.0 25.7
2.900000 1 235.9 277.0 25.0 25.9
2.933333 1 236.3 277.1 25.0 26.1
2.966667 1 236.7 277.2 25.0 26.4
3.000000 1 237.1 277.3 25.0 26.6
3.033333 1 237.6 277.4 25.0 26.8
3.066667 1 238.0 277.5 25.0 27.0
3.100000 1 238.4 277.6 25.0 27.2
3.133333 1 238.9 277.7 25.0 27.4
3.166667 1 239.3 277.8 25.0 27.6
3.200000 1 239.7 277.9 25.0 27.9
3.233333 1 240.1 278.0 25.0 28.1
3.266667 1 240.6 278.1 25.0 28.3
3.300000 1 241.0 278.2 25.0 28.5
3.333333 1 241.4 278.4 25.0 28.7
3.366667 1 241.9 278.5 25.0 28.9
3.400000 1 242.3 278.6 25.0 29.1
3.433333 1 242.7 278.7 25.0 29.4
3.466667 1 243.1 278.8 25.0 29.6
3.500000 1 243.6 278.9 25.0 29.8
3.533333 1 244.0 279.0 25.0 30.0
3.566667 1 244.8 279.6 25.1 29.5
3.600000 1 245.6 280.3 25.2 29.1
3.633333 1 246.5 280.9 25.3 28.6
3.666667 1 247.3 281.5 25.4 28.2
3.700000 1 248.1 282.2 25.5 27.7
3.733333 1 248.9 282.8 25.5 27.3
3.766667 1 249.7 283.5 25.6 26.8
3.800000 1 250.5 284.1 25.7 26.4
3.833333 1 251.4 284.7 25.8 25.9
3.866667 1 252.2 285.4 25.9 25.5
3.900000 1 253.0 286.0 26.0 25.0
3.933333 1 254.3 286.6 26.0 24.9
3.966667 1 255.7 287.1 26.0 24.8
4.000000 1 257.0 287.7 26.0 24.7
4.033333 1 258.3 288.2 26.0 24.6
4.066667 1 259.7 288.8 26.0 24.4
4.100000 1 261.0 289.3 26.0 24.3
4.133333 1 262.3 289.9 26.0 24.2
4.166667 1 263.7 290.4 26.0 24.1
4.200000 1 265.0 291.0 26.0 24.0
4.233333 1 266.5 291.2 26.3 23.8
4.266667 1 267.9 291.4 26.5 23.6
4.300000 1 269.4 291.5 26.8 23.5
4.333333 1 270.8 291.7 27.1 23.3
4.366667 1 272.3 291.9 27.4 23.1
4.400000 1 273.7 292.1 27.6 22.9
4.433333 1 275.2 292.3 27.9 22.7
4.466667 1 276.6 292.5 28.2 22.5
4.500000 1 278.1 292.6 28.5 22.4
4.533333 1 279.5 292.8 28.7 22.2
4.566667 1 281.0 293.0 29.0 22.0
4.600000 1 282.6 292.5 28.5 22.0
4.633333 1 284.2 292.1 28.1 22.0
4.666667 1 285.8 291.6 27.6 22.0
4.700000 1 287.5 291.2 27.2 22.0
4.733333 1 289.1 290.7 26.7 22.0
4.766667 1 290.7 290.2 26.2 22.0
4.800000 1 292.3 289.8 25.8 22.0
4.833333 1 293.9 289.3 25.3 22.0
4.866667 1 295.5 288.8 24.8 22.0
4.900000 1 297.2 288.4 24.4 22.0
4.933333 1 298.8 287.9 23.9 22.0
4.966667 1 300.4 287.5 23.5 22.0
5.000000 1 302.0 287.0 23.0 22.0
5.033333 1 302.8 286.2 23.3 22.3
5.066667 1 303.7 285.3 23.5 22.5
5.100000 1 304.5 284.5 23.8 22.8
5.133333 1 305.3 283.7 24.0 23.0
5.166667 1 306.2 282.8 24.3 23.3
5.200000 1 307.0 282.0 24.5 23.5
5.233333 1 307.8 281.2 24.8 23.8
5.266667 1 308.7 280.3 25.0 24.0
5.300000 1 309.5 279.5 25.3 24.3
5.333333 1 310.3 278.7 25.5 24.5
5.366667 1 311.2 277.8 25.8 24.8
5.400000 1 312.0 277.0 26.0 25.0
5.433333 1 312.7 276.1 25.9 25.1
5.466667 1 313.5 275.1 25.7 25.3
5.500000 1 314.2 274.2 25.6 25.4
5.533333 1 314.9 273.3 25.5 25.5
5.566667 1 315.7 272.3 25.3 25.7
5.600000 1 316.4 271.4 25.2 25.8
5.633333 1 317.1 270.5 25.1 25.9
5.666667 1 317.9 269.5 24.9 26.1
5.700000 1 318.6 268.6 24.8 26.2
5.733333 1 319.3 267.7 24.7 26.3
5.766667 1 320.1 266.7 24.5 26.5
5.800000 1 320.8 265.8 24.4 26.6
5.833333 1 321.5 264.9 24.3 26.7
5.866667 1 322.3 263.9 24.1 26.9
5.900000 1 323.0 263.0 24.0 27.0
5.933333 1 323.1 262.5 24.0 27.0
5.966667 1 323.2 261.9 24.0 27.0
6.000000 1 323.3 261.4 24.0 27.0
6.033333 1 323.4 260.9 24.0 27.0
6.066667 1 323.5 260.4 24.0 27.0
6.100000 1 323.6 259.8 24.0 27.0
6.133333 1 323.7 259.3 24.0 27.0
6.166667 1 323.8 258.8 24.0 27.0
6.200000 1 323.9 258.3 24.0 27.0
6.233333 1 324.1 257.7 24.0 27.0
6.266667 1 324.2 257.2 24.0 27.0
6.300000 1 324.3 256.7 24.0 27.0
6.333333 1 324.4 256.2 24.0 27.0
6.366667 1 324.5 255.6 24.0 27.0
6.400000 1 324.6 255.1 24.0 27.0
6.433333 1 324.7 254.6 24.0 27.0
6.466667 1 324.8 254.1 24.0 27.0
6.500000 1 324.9 253.5 24.0 27.0
6.533333 1 325.0 253.0 24.0 27.0
6.566667 1 324.7 252.3 24.1 27.2
6.600000 1 324.4 251.6 24.2 27.5
6.633333 1 324.1 250.9 24.2 27.7
6.666667 1 323.8 250.2 24.3 27.9
6.700000 1 323.5 249.5 24.4 28.2
6.733333 1 323.2 248.8 24.5 28.4
6.766667 1 322.8 248.2 24.5 28.6
6.800000 1 322.5 247.5 24.6 28.8
6.833333 1 322.2 246.8 24.7 29.1
6.866667 1 321.9 246.1 24.8 29.3
6.900000 1 321.6 245.4 24.8 29.5
6.933333 1 321.3 244.7 24.9 29.8
6.966667 1 321.0 244.0 25.0 30.0
7.000000 1 320.6 243.4 25.1 30.1
7.033333 1 320.1 242.9 25.2 30.1
7.066667 1 319.7 242.3 25.3 30.2
7.100000 1 319.2 241.8 25.4 30.2
7.133333 1 318.8 241.2 25.6 30.3
7.166667 1 318.3 240.7 25.7 30.3
7.200000 1 317.9 240.1 25.8 30.4
7.233333 1 317.4 239.6 25.9 30.4
7.266667 1 317.0 239.0 26.0 30.5
7.300000 1 316.6 238.4 26.1 30.6
7.333333 1 316.1 237.9 26.2 30.6
7.366667 1 315.7 237.3 26.3 30.7
7.400000 1 315.2 236.8 26.4 30.7
7.433333 1 314.8 236.2 26.6 30.8
7.466667 1 314.3 235.7 26.7 30.8
7.500000 1 313.9 235.1 26.8 30.9
7.533333 1 313.4 234.6 26.9 30.9
7.566667 1 313.0 234.0 27.0 31.0
7.600000 1 312.6 233.8 26.8 30.7
7.633333 1 312.1 233.6 26.7 30.3
7.666667 1 311.7 233.3 26.5 30.0
7.700000 1 311.2 233.1 26.3 29.7
7.733333 1 310.8 232.9 26.2 29.3
7.766667 1 310.3 232.7 26.0 29.0
7.800000 1 309.9 232.4 25.8 28.7
7.833333 1 309.4 232.2 25.7 28.3
7.866667 1 309.0 232.0 25.5 28.0
7.900000 1 308.6 231.8 25.3 27.7
7.933333 1 308.1 231.6 25.2 27.3
7.966667 1 307.7 231.3 25.0 27.0
8.000000 1 307.2 231.1 24.8 26.7
8.033333 1 306.8 230.9 24.7 26.3
8.066667 1 306.3 230.7 24.5 26.0
8.100000 1 305.9 230.4 24.3 25.7
8.133333 1 305.4 230.2 24.2 25.3
8.166667 1 305.0 230.0 24.0 25.0
8.200000 1 304.6 229.8 24.1 24.9
8.233333 1 304.1 229.6 24.3 24.9
8.266667 1 303.7 229.4 24.4 24.8
8.300000 1 303.2 229.2 24.5 24.7
8.333333 1 302.8 229.1 24.6 24.7
8.366667 1 302.4 228.9 24.8 24.6
8.400000 1 301.9 228.7 24.9 24.6
8.433333 1 301.5 228.5 25.0 24.5
8.466667 1 301.1 228.3 25.1 24.4
8.500000 1 300.6 228.1 25.3 24.4
8.533333 1 300.2 227.9 25.4 24.3
8.566667 1 299.7 227.7 25.5 24.2
8.600000 1 299.3 227.6 25.6 24.2
8.633333 1 298.9 227.4 25.8 24.1
8.666667 1 298.4 227.2 25.9 24.1
8.700000 1 298.0 227.0 26.0 24.0
8.733333 1 297.4 227.0 26.3 24.1
8.766667 1 296.8 227.1 26.5 24.2
8.800000 1 296.3 227.1 26.8 24.2
8.833333 1 295.7 227.2 27.1 24.3
8.866667 1 295.1 227.2 27.3 24.4
8.900000 1 294.5 227.2 27.6 24.5
8.933333 1 294.0 227.3 27.9 24.5
8.966667 1 293.4 227.3 28.2 24.6
9.000000 1 292.8 227.3 28.4 24.7
9.033333 1 292.2 227.4 28.7 24.8
9.066667 1 291.7 227.4 29.0 24.8
9.100000 1 291.1 227.5 29.2 24.9
9.133333 1 290.5 227.5 29.5 25.0
9.166667 1 289.9 227.5 29.8 25.1
9.200000 1 289.3 227.6 30.0 25.2
9.233333 1 288.8 227.6 30.3 25.2
9.266667 1 288.2 227.7 30.6 25.3
9.300000 1 287.6 227.7 30.8 25.4
9.333333 1 287.0 227.7 31.1 25.5
9.366667 1 286.5 227.8 31.4 25.5
9.400000 1 285.9 227.8 31.7 25.6
9.433333 1 285.3 227.8 31.9 25.7
9.466667 1 284.7 227.9 32.2 25.8
9.500000 1 284.2 227.9 32.5 25.8
9.533333 1 283.6 228.0 32.7 25.9
9.566667 1 283.0 228.0 33.0 26.0
9.600000 1 282.7 228.1 32.5 25.9
9.633333 1 282.4 228.1 32.0 25.7
9.666667 1 282.1 228.2 31.5 25.6
9.700000 1 281.7 228.3 31.0 25.5
9.733333 1 281.4 228.3 30.5 25.4
9.766667 1 281.1 228.4 30.0 25.2
9.800000 1 280.8 228.4 29.5 25.1
9.833333 1 280.5 228.5 29.0 25.0
9.866667 1 280.2 228.6 28.5 24.9
9.900000 1 279.9 228.6 28.0 24.7
9.933333 1 279.6 228.7 27.5 24.6
9.966667 1 279.2 228.8 27.0 24.5
10.000000 1 278.9 228.8 26.5 24.4
10.033333 1 278.6 228.9 26.0 24.2
10.066667 1 278.3 228.9 25.5 24.1
10.100000 1 278.0 229.0 25.0 24.0
10.133333 1 277.3 228.8 25.1 24.0
10.166667 1 276.6 228.6 25.3 24.0
10.200000 1 275.9 228.4 25.4 24.0
10.233333 1 275.1 228.1 25.6 24.0
10.266667 1 274.4 227.9 25.7 24.0
10.300000 1 273.7 227.7 25.9 24.0
10.333333 1 273.0 227.5 26.0 24.0
10.366667 1 272.3 227.3 26.1 24.0
10.400000 1 271.6 227.1 26.3 24.0
10.433333 1 270.9 226.9 26.4 24.0
10.466667 1 270.1 226.6 26.6 24.0
10.500000 1 269.4 226.4 26.7 24.0
10.533333 1 268.7 226.2 26.9 24.0
10.566667 1 268.0 226.0 27.0 24.0
