0.000000 1 266.0 226.0 27.0 22.0
0.033333 1 265.5 224.8 26.5 22.7
0.066667 1 265.0 223.5 26.0 23.5
0.100000 1 264.5 222.3 25.5 24.2
0.133333 1 264.0 221.0 25.0 25.0
0.166667 1 263.6 220.2 25.0 24.9
0.200000 1 263.1 219.4 25.0 24.9
0.233333 1 262.7 218.6 25.0 24.8
0.266667 1 262.3 217.8 25.0 24.8
0.300000 1 261.8 216.9 25.0 24.7
0.333333 1 261.4 216.1 25.0 24.6
0.366667 1 260.9 215.3 25.0 24.6
0.400000 1 260.5 214.5 25.0 24.5
0.433333 1 260.1 213.7 25.0 24.4
0.466667 1 259.6 212.9 25.0 24.4
0.500000 1 259.2 212.1 25.0 24.3
0.533333 1 258.8 211.3 25.0 24.3
0.566667 1 258.3 210.4 25.0 24.2
0.600000 1 257.9 209.6 25.0 24.1
0.633333 1 257.4 208.8 25.0 24.1
0.666667 1 257.0 208.0 25.0 24.0
0.700000 1 256.8 207.5 24.8 23.9
0.733333 1 256.6 206.9 24.5 23.9
0.766667 1 256.5 206.4 24.3 23.8
0.800000 1 256.3 205.9 24.1 23.8
0.833333 1 256.1 205.4 23.8 23.7
0.866667 1 255.9 204.8 23.6 23.6
0.900000 1 255.8 204.3 23.4 23.6
0.933333 1 255.6 203.8 23.1 23.5
0.966667 1 255.4 203.2 22.9 23.5
1.000000 1 255.2 202.7 22.6 23.4
1.033333 1 255.1 202.2 22.4 23.4
1.066667 1 254.9 201.6 22.2 23.3
1.100000 1 254.7 201.1 21.9 23.2
1.133333 1 254.5 200.6 21.7 23.2
1.166667 1 254.4 200.1 21.5 23.1
1.200000 1 254.2 199.5 21.2 23.1
1.233333 1 254.0 199.0 21.0 23.0
1.266667 1 253.8 198.5 21.2 22.9
1.300000 1 253.6 198.1 21.4 22.8
1.333333 1 253.4 197.6 21.6 22.7
1.366667 1 253.2 197.2 21.8 22.6
1.400000 1 253.0 196.7 22.0 22.5
1.433333 1 252.8 196.3 22.2 22.4
1.466667 1 252.6 195.8 22.4 22.3
1.500000 1 252.4 195.4 22.6 22.2
1.533333 1 252.2 194.9 22.8 22.1
1.566667 1 252.0 194.5 23.0 22.0
1.600000 1 251.8 194.0 23.2 21.9
1.633333 1 251.6 193.6 23.4 21.8
1.666667 1 251.4 193.1 23.6 21.7
1.700000 1 251.2 192.7 23.8 21.6
1.733333 1 251.0 192.2 24.0 21.5
1.766667 1 250.8 191.8 24.2 21.4
1.800000 1 250.6 191.3 24.4 21.3
1.833333 1 250.4 190.9 24.6 21.2
1.866667 1 250.2 190.4 24.8 21.1
1.900000 1 250.0 190.0 25.0 21.0
1.933333 1 249.8 189.5 24.8 21.3
1.966667 1 249.7 189.1 24.7 21.6
2.000000 1 249.5 188.6 24.5 21.9
2.033333 1 249.4 188.2 24.4 22.2
2.066667 1 249.2 187.7 24.2 22.5
2.100000 1 249.1 187.2 24.1 22.8
2.133333 1 248.9 186.8 23.9 23.2
2.166667 1 248.8 186.3 23.8 23.5
2.200000 1 248.6 185.8 23.6 23.8
2.233333 1 248.5 185.4 23.5 24.1
2.266667 1 248.3 184.9 23.3 24.4
2.300000 1 248.2 184.5 23.2 24.7
2.333333 1 248.0 184.0 23.0 25.0
2.366667 1 247.2 183.0 24.6 25.4
2.400000 1 246.4 182.0 26.2 25.8
2.433333 1 245.6 181.0 27.8 26.2
2.466667 1 244.8 180.0 29.4 26.6
2.500000 1 244.0 179.0 31.0 27.0
2.533333 1 243.7 178.2 30.7 26.9
2.566667 1 243.5 177.4 30.3 26.9
2.600000 1 243.2 176.6 30.0 26.8
2.633333 1 242.9 175.8 29.7 26.7
2.666667 1 242.7 175.0 29.3 26.7
2.700000 1 242.4 174.2 29.0 26.6
2.733333 1 242.1 173.4 28.7 26.5
2.766667 1 241.9 172.6 28.3 26.5
2.800000 1 241.6 171.8 28.0 26.4
2.833333 1 241.3 171.0 27.7 26.3
2.866667 1 241.1 170.2 27.3 26.3
2.900000 1 240.8 169.4 27.0 26.2
2.933333 1 240.5 168.6 26.7 26.1
2.966667 1 240.3 167.8 26.3 26.1
3.000000 1 240.0 167.0 26.0 26.0
3.033333 1 239.5 166.1 26.2 26.3
3.066667 1 239.0 165.2 26.4 26.6
3.100000 1 238.5 164.3 26.6 26.9
3.133333 1 238.0 163.4 26.8 27.2
3.166667 1 237.5 162.5 27.0 27.5
3.200000 1 237.0 161.6 27.2 27.8
3.233333 1 236.5 160.7 27.4 28.1
3.266667 1 236.0 159.8 27.6 28.4
3.300000 1 235.5 158.9 27.8 28.7
3.333333 1 235.0 158.0 28.0 29.0
3.366667 1 234.5 157.6 28.1 28.8
3.400000 1 233.9 157.2 28.2 28.7
3.433333 1 233.4 156.8 28.2 28.5
3.466667 1 232.8 156.5 28.3 28.4
3.500000 1 232.3 156.1 28.4 28.2
3.533333 1 231.8 155.7 28.5 28.1
3.566667 1 231.2 155.3 28.5 27.9
3.600000 1 230.7 154.9 28.6 27.8
3.633333 1 230.2 154.5 28.7 27.6
3.666667 1 229.6 154.2 28.8 27.5
3.700000 1 229.1 153.8 28.8 27.3
3.733333 1 228.5 153.4 28.9 27.2
3.766667 1 228.0 153.0 29.0 27.0
3.800000 1 227.6 152.7 28.9 26.7
3.833333 1 227.1 152.4 28.7 26.4
3.866667 1 226.7 152.1 28.6 26.1
3.900000 1 226.3 151.9 28.4 25.9
3.933333 1 225.9 151.6 28.3 25.6
3.966667 1 225.4 151.3 28.1 25.3
4.000000 1 225.0 151.0 28.0 25.0
4.033333 1 224.6 150.7 27.9 24.7
4.066667 1 224.1 150.4 27.7 24.4
4.100000 1 223.7 150.1 27.6 24.1
4.133333 1 223.3 149.9 27.4 23.9
4.166667 1 222.9 149.6 27.3 23.6
4.200000 1 222.4 149.3 27.1 23.3
4.233333 1 222.0 149.0 27.0 23.0
4.266667 1 221.5 149.0 26.9 23.2
4.300000 1 221.0 149.0 26.8 23.4
4.333333 1 220.4 149.0 26.7 23.6
4.366667 1 219.9 149.0 26.6 23.8
4.400000 1 219.4 149.0 26.5 24.0
4.433333 1 218.9 149.0 26.4 24.1
4.466667 1 218.3 149.0 26.3 24.3
4.500000 1 217.8 149.0 26.2 24.5
4.533333 1 217.3 149.0 26.1 24.7
4.566667 1 216.8 149.0 26.0 24.9
4.600000 1 216.2 149.0 26.0 25.1
4.633333 1 215.7 149.0 25.9 25.3
4.666667 1 215.2 149.0 25.8 25.5
4.700000 1 214.7 149.0 25.7 25.7
4.733333 1 214.1 149.0 25.6 25.9
4.766667 1 213.6 149.0 25.5 26.0
4.800000 1 213.1 149.0 25.4 26.2
4.833333 1 212.6 149.0 25.3 26.4
4.866667 1 212.0 149.0 25.2 26.6
4.900000 1 211.5 149.0 25.1 26.8
4.933333 1 211.0 149.0 25.0 27.0
4.966667 1 210.3 148.8 25.2 27.0
5.000000 1 209.7 148.7 25.5 27.0
5.033333 1 209.0 148.5 25.8 27.0
5.066667 1 208.3 148.3 26.0 27.0
5.100000 1 207.7 148.2 26.2 27.0
5.133333 1 207.0 148.0 26.5 27.0
5.166667 1 206.3 147.8 26.8 27.0
5.200000 1 205.7 147.7 27.0 27.0
5.233333 1 205.0 147.5 27.2 27.0
5.266667 1 204.3 147.3 27.5 27.0
5.300000 1 203.7 147.2 27.8 27.0
5.333333 1 203.0 147.0 28.0 27.0
5.366667 1 202.3 146.8 28.2 27.0
5.400000 1 201.7 146.7 28.5 27.0
5.433333 1 201.0 146.5 28.8 27.0
5.466667 1 200.3 146.3 29.0 27.0
5.500000 1 199.7 146.2 29.2 27.0
5.533333 1 199.0 146.0 29.5 27.0
5.566667 1 198.3 145.8 29.8 27.0
5.600000 1 197.7 145.7 30.0 27.0
5.633333 1 197.0 145.5 30.2 27.0
5.666667 1 196.3 145.3 30.5 27.0
5.700000 1 195.7 145.2 30.8 27.0
5.733333 1 195.0 145.0 31.0 27.0
5.766667 1 194.5 144.7 30.8 26.8
5.800000 1 194.0 144.4 30.6 26.6
5.833333 1 193.6 144.1 30.4 26.4
5.866667 1 193.1 143.9 30.2 26.2
5.900000 1 192.6 143.6 30.0 26.0
5.933333 1 192.1 143.3 29.9 25.9
5.966667 1 191.7 143.0 29.7 25.7
6.000000 1 191.2 142.7 29.5 25.5
6.033333 1 190.7 142.4 29.3 25.3
6.066667 1 190.2 142.1 29.1 25.1
6.100000 1 189.8 141.9 28.9 24.9
6.133333 1 189.3 141.6 28.7 24.7
6.166667 1 188.8 141.3 28.5 24.5
6.200000 1 188.3 141.0 28.3 24.3
6.233333 1 187.9 140.7 28.1 24.1
6.266667 1 187.4 140.4 28.0 24.0
6.300000 1 186.9 140.1 27.8 23.8
6.333333 1 186.4 139.9 27.6 23.6
6.366667 1 186.0 139.6 27.4 23.4
6.400000 1 185.5 139.3 27.2 23.2
6.433333 1 185.0 139.0 27.0 23.0
6.466667 1 184.4 138.4 26.9 23.2
6.500000 1 183.8 137.9 26.8 23.5
6.533333 1 183.1 137.3 26.6 23.7
6.566667 1 182.5 136.8 26.5 24.0
6.600000 1 181.9 136.2 26.4 24.2
6.633333 1 181.3 135.6 26.3 24.5
6.666667 1 180.6 135.1 26.1 24.7
6.700000 1 180.0 134.5 26.0 25.0
6.733333 1 179.4 133.9 25.9 25.2
6.766667 1 178.8 133.4 25.8 25.5
6.800000 1 178.1 132.8 25.6 25.7
6.833333 1 177.5 132.3 25.5 26.0
6.866667 1 176.9 131.7 25.4 26.2
6.900000 1 176.3 131.1 25.3 26.5
6.933333 1 175.6 130.6 25.1 26.7
6.966667 1 175.0 130.0 25.0 27.0
7.000000 1 174.5 129.7 25.1 26.7
7.033333 1 174.1 129.4 25.2 26.5
7.066667 1 173.6 129.1 25.3 26.2
7.100000 1 173.1 128.7 25.4 25.9
7.133333 1 172.6 128.4 25.5 25.7
7.166667 1 172.2 128.1 25.6 25.4
7.200000 1 171.7 127.8 25.7 25.2
7.233333 1 171.2 127.5 25.8 24.9
7.266667 1 170.7 127.2 25.9 24.6
7.300000 1 170.3 126.8 26.1 24.4
7.333333 1 169.8 126.5 26.2 24.1
7.366667 1 169.3 126.2 26.3 23.8
7.400000 1 168.8 125.9 26.4 23.6
7.433333 1 168.4 125.6 26.5 23.3
7.466667 1 167.9 125.3 26.6 23.1
7.500000 1 167.4 124.9 26.7 22.8
7.533333 1 166.9 124.6 26.8 22.5
7.566667 1 166.5 124.3 26.9 22.3
7.600000 1 166.0 124.0 27.0 22.0
7.633333 1 165.6 123.6 27.2 22.1
7.666667 1 165.1 123.3 27.4 22.2
7.700000 1 164.7 122.9 27.6 22.4
7.733333 1 164.3 122.5 27.7 22.5
7.766667 1 163.8 122.1 27.9 22.6
7.800000 1 163.4 121.8 28.1 22.7
7.833333 1 162.9 121.4 28.3 22.9
7.866667 1 162.5 121.0 28.5 23.0
7.900000 1 162.1 120.6 28.7 23.1
7.933333 1 161.6 120.3 28.9 23.2
7.966667 1 161.2 119.9 29.1 23.4
8.000000 1 160.8 119.5 29.2 23.5
8.033333 1 160.3 119.1 29.4 23.6
8.066667 1 159.9 118.8 29.6 23.7
8.100000 1 159.4 118.4 29.8 23.9
8.133333 1 159.0 118.0 30.0 24.0
8.166667 1 158.8 117.4 30.0 24.0
8.200000 1 158.6 116.7 30.0 24.0
8.233333 1 158.4 116.1 30.0 24.0
8.266667 1 158.1 115.4 30.0 24.0
8.300000 1 157.9 114.8 30.0 24.0
8.333333 1 157.7 114.1 30.0 24.0
8.366667 1 157.5 113.5 30.0 24.0
8.400000 1 157.3 112.9 30.0 24.0
8.433333 1 157.1 112.2 30.0 24.0
8.466667 1 156.9 111.6 30.0 24.0
8.500000 1 156.6 110.9 30.0 24.0
8.533333 1 156.4 110.3 30.0 24.0
8.566667 1 156.2 109.6 30.0 24.0
8.600000 1 156.0 109.0 30.0 24.0
8.633333 1 155.8 108.3 29.9 24.0
8.666667 1 155.6 107.7 29.7 24.0
8.700000 1 155.3 107.0 29.6 24.0
8.733333 1 155.1 106.4 29.5 24.0
8.766667 1 154.9 105.7 29.3 24.0
8.800000 1 154.7 105.1 29.2 24.0
8.833333 1 154.5 104.4 29.1 24.0
8.866667 1 154.3 103.8 29.0 24.0
8.900000 1 154.0 103.1 28.8 24.0
8.933333 1 153.8 102.5 28.7 24.0
8.966667 1 153.6 101.8 28.6 24.0
9.000000 1 153.4 101.2 28.4 24.0
9.033333 1 153.2 100.5 28.3 24.0
9.066667 1 153.0 99.9 28.2 24.0
9.100000 1 152.7 99.2 28.0 24.0
9.133333 1 152.5 98.6 27.9 24.0
9.166667 1 152.3 97.9 27.8 24.0
9.200000 1 152.1 97.3 27.7 24.0
9.233333 1 151.9 96.6 27.5 24.0
9.266667 1 151.7 96.0 27.4 24.0
9.300000 1 151.4 95.3 27.3 24.0
9.333333 1 151.2 94.7 27.1 24.0
9.366667 1 151.0 94.0 27.0 24.0
9.400000 1 150.7 93.2 27.2 24.2
9.433333 1 150.5 92.5 27.4 24.4
9.466667 1 150.2 91.7 27.6 24.6
9.500000 1 150.0 91.0 27.8 24.8
9.533333 1 149.7 90.2 27.9 24.9
9.566667 1 149.5 89.5 28.1 25.1
9.600000 1 149.2 88.7 28.3 25.3
9.633333 1 149.0 88.0 28.5 25.5
9.666667 1 148.7 87.2 28.7 25.7
9.700000 1 148.5 86.5 28.9 25.9
9.733333 1 148.2 85.7 29.1 26.1
9.766667 1 148.0 85.0 29.3 26.3
9.800000 1 147.7 84.2 29.4 26.4
9.833333 1 147.5 83.5 29.6 26.6
9.866667 1 147.2 82.7 29.8 26.8
9.900000 1 147.0 82.0 30.0 27.0
9.933333 1 146.8 81.6 30.1 26.8
9.966667 1 146.6 81.1 30.2 26.6
10.000000 1 146.4 80.7 30.3 26.4
10.033333 1 146.2 80.3 30.4 26.2
10.066667 1 146.0 79.9 30.5 26.0
10.100000 1 145.9 79.4 30.6 25.9
10.133333 1 145.7 79.0 30.7 25.7
10.166667 1 145.5 78.6 30.8 25.5
10.200000 1 145.3 78.1 30.9 25.3
10.233333 1 145.1 77.7 31.0 25.1
10.266667 1 144.9 77.3 31.0 24.9
10.300000 1 144.7 76.9 31.1 24.7
10.333333 1 144.5 76.4 31.2 24.5
10.366667 1 144.3 76.0 31.3 24.3
10.400000 1 144.1 75.6 31.4 24.1
10.433333 1 144.0 75.1 31.5 24.0
10.466667 1 143.8 74.7 31.6 23.8
10.500000 1 143.6 74.3 31.7 23.6
10.533333 1 143.4 73.9 31.8 23.4
10.566667 1 143.2 73.4 31.9 23.2
10.600000 1 143.0 73.0 32.0 23.0
