0.000000 1 252.0 396.0 25.0 23.0
0.033333 1 254.5 394.5 26.0 21.5
0.066667 1 257.0 393.0 27.0 20.0
0.100000 1 258.0 390.3 26.0 20.0
0.133333 1 259.0 387.7 25.0 20.0
0.166667 1 263.7 390.2 25.0 20.0
0.200000 1 265.5 386.1 24.0 20.0
0.233333 1 262.0 379.7 29.4 22.8
0.266667 1 269.0 379.2 23.0 20.0
0.300000 1 270.0 376.6 23.0 20.0
0.333333 1 271.7 376.2 22.0 20.0
0.366667 1 266.0 369.0 35.9 28.2
0.400000 1 268.9 284.0 365.6 380.0
0.400000 1 21.9 16.0 20.4 18.0
0.433333 1 271.8 286.4 362.2 377.3
0.433333 1 21.7 16.1 20.8 18.3
0.466667 1 274.6 288.8 358.9 374.5
0.466667 1 21.6 16.1 21.1 18.5
0.500000 1 277.5 291.2 355.5 371.8
0.500000 1 21.5 16.2 21.5 18.8
0.533333 1 280.4 293.6 352.1 369.1
0.533333 1 21.4 16.3 21.9 19.1
0.566667 1 283.3 296.0 348.7 366.3
0.566667 1 21.2 16.3 22.3 19.3
0.600000 1 286.1 298.4 345.4 363.6
0.600000 1 21.1 16.4 22.6 19.6
0.633333 1 289.0 300.8 342.0 360.9
0.633333 1 21.0 16.5 23.0 19.9
0.666667 1 291.0 303.2 340.0 358.1
0.666667 1 20.9 16.5 22.9 20.1
0.700000 1 293.0 305.6 338.0 355.4
0.700000 1 20.7 16.6 22.7 20.4
0.733333 1 295.0 308.0 336.0 352.7
0.733333 1 20.6 16.7 22.6 20.7
0.766667 1 297.0 310.4 334.0 349.9
0.766667 1 20.5 16.7 22.5 20.9
0.800000 1 299.0 312.8 332.0 347.2
0.800000 1 20.4 16.8 22.4 21.2
0.833333 1 301.0 315.2 330.0 344.5
0.833333 1 20.2 16.9 22.2 21.5
0.866667 1 303.0 317.6 328.0 341.7
0.866667 1 20.1 16.9 22.1 21.7
0.900000 1 305.0 320.0 326.0 339.0
0.900000 1 20.0 17.0 22.0 22.0
0.933333 1 307.9 322.9 323.7 336.3
0.933333 1 20.1 17.1 22.6 22.4
0.966667 1 310.8 325.8 321.3 333.6
0.966667 1 20.2 17.2 23.2 22.8
1.000000 1 313.8 328.7 319.0 330.9
1.000000 1 20.3 17.3 23.8 23.2
1.033333 1 316.7 331.6 316.7 328.2
1.033333 1 20.3 17.4 24.3 23.6
1.066667 1 319.6 334.5 314.3 325.5
1.066667 1 20.4 17.5 24.9 24.0
1.100000 1 322.5 337.4 312.0 322.8
1.100000 1 20.5 17.6 25.5 24.4
1.133333 1 325.4 340.3 309.7 320.1
1.133333 1 20.6 17.7 26.1 24.8
1.166667 1 328.3 343.2 307.3 317.4
1.166667 1 20.7 17.8 26.7 25.2
1.200000 1 331.3 346.1 305.0 314.7
1.200000 1 20.8 17.9 27.3 25.6
1.233333 1 334.2 349.0 302.7 312.0
1.233333 1 20.8 18.0 27.8 26.0
1.266667 1 337.1 352.3 300.3 309.3
1.266667 1 20.9 17.8 28.4 26.4
1.300000 1 340.0 355.6 298.0 306.6
1.300000 1 21.0 17.6 29.0 26.8
1.333333 1 344.0 358.9 296.0 303.9
1.333333 1 20.3 17.4 28.8 27.2
1.366667 1 348.0 362.2 294.0 301.2
1.366667 1 19.5 17.2 28.5 27.6
1.400000 1 352.0 365.5 292.0 298.5
1.400000 1 18.8 17.0 28.3 28.0
1.433333 1 356.0 368.8 290.0 295.8
1.433333 1 18.0 16.8 28.0 28.4
1.466667 1 360.0 372.1 288.0 293.1
1.466667 1 17.3 16.6 27.8 28.8
1.500000 1 364.0 375.4 286.0 290.4
1.500000 1 16.5 16.4 27.5 29.2
1.533333 1 368.0 378.7 284.0 287.7
1.533333 1 15.8 16.2 27.3 29.6
1.566667 1 372.0 382.0 282.0 285.0
1.566667 1 15.0 16.0 27.0 30.0
1.600000 1 375.7 385.8 280.0 283.3
1.600000 1 14.9 16.2 26.4 29.8
1.633333 1 379.4 389.7 278.0 281.6
1.633333 1 14.7 16.5 25.9 29.7
1.666667 1 383.1 393.5 276.0 279.9
1.666667 1 14.6 16.7 25.3 29.5
1.700000 1 386.9 397.4 274.0 278.2
1.700000 1 14.4 16.9 24.7 29.4
1.733333 1 390.6 401.2 272.0 276.5
1.733333 1 14.3 17.2 24.1 29.2
1.766667 1 394.3 405.1 270.0 274.8
1.766667 1 14.1 17.4 23.6 29.1
1.800000 1 398.0 408.9 268.0 273.2
1.800000 1 14.0 17.6 23.0 28.9
1.833333 1 401.9 412.8 266.9 271.5
1.833333 1 14.0 17.8 23.0 28.8
1.866667 1 405.7 416.6 265.8 269.8
1.866667 1 14.0 18.1 23.0 28.6
1.900000 1 409.6 420.5 264.6 268.1
1.900000 1 14.0 18.3 23.0 28.5
1.933333 1 413.5 424.3 263.5 266.4
1.933333 1 14.0 18.5 23.0 28.3
1.966667 1 417.4 428.2 262.4 264.7
1.966667 1 14.0 18.8 23.0 28.2
2.000000 1 421.2 432.0 261.3 263.0
2.000000 1 14.0 19.0 23.0 28.0
2.033333 1 425.1 436.8 260.1 261.1
2.033333 1 14.0 19.0 23.0 27.3
2.066667 1 429.0 441.6 259.0 259.2
2.066667 1 14.0 19.0 23.0 26.7
2.100000 1 433.2 446.3 257.3 257.3
2.100000 1 15.1 19.0 23.6 26.0
2.133333 1 437.4 451.1 255.7 255.4
2.133333 1 16.2 19.0 24.1 25.3
2.166667 1 441.7 455.9 254.0 253.6
2.166667 1 17.3 19.0 24.7 24.7
2.200000 1 445.9 460.7 252.3 251.7
2.200000 1 18.4 19.0 25.2 24.0
2.233333 1 450.1 465.4 250.7 249.8
2.233333 1 19.6 19.0 25.8 23.3
2.266667 1 454.3 470.2 249.0 247.9
2.266667 1 20.7 19.0 26.3 22.7
2.300000 1 458.6 475.0 247.3 246.0
2.300000 1 21.8 19.0 26.9 22.0
2.333333 1 462.8 479.9 245.7 244.0
2.333333 1 22.9 19.6 27.4 22.6
2.366667 1 467.0 484.8 244.0 242.0
2.366667 1 24.0 20.1 28.0 23.1
2.400000 1 472.3 489.7 242.5 240.0
2.400000 1 24.1 20.7 28.1 23.7
2.433333 1 477.6 494.6 241.0 238.0
2.433333 1 24.2 21.2 28.2 24.2
2.466667 1 482.9 499.4 239.5 236.0
2.466667 1 24.3 21.8 28.3 24.8
2.500000 1 488.2 504.3 238.0 234.0
2.500000 1 24.4 22.3 28.4 25.3
2.533333 1 493.5 509.2 236.5 232.0
2.533333 1 24.5 22.9 28.5 25.9
2.566667 1 498.8 514.1 235.0 230.0
2.566667 1 24.6 23.4 28.6 26.4
2.600000 1 504.1 519.0 233.5 228.0
2.600000 1 24.7 24.0 28.7 27.0
2.633333 1 509.4 524.6 232.0 227.4
2.633333 1 24.8 24.0 28.8 26.9
2.666667 1 514.7 530.1 230.5 226.7
2.666667 1 24.9 24.0 28.9 26.7
2.700000 1 520.0 535.7 229.0 226.1
2.700000 1 25.0 24.0 29.0 26.6
2.733333 1 525.4 541.3 228.7 225.4
2.733333 1 25.2 24.0 29.1 26.4
2.766667 1 530.7 546.9 228.5 224.8
2.766667 1 25.4 24.0 29.2 26.3
2.800000 1 536.1 552.4 228.2 224.1
2.800000 1 25.5 24.0 29.3 26.1
2.833333 1 541.5 558.0 227.9 223.5
2.833333 1 25.7 24.0 29.4 26.0
2.866667 1 546.8 563.6 227.6 222.9
2.866667 1 25.9 24.0 29.5 25.9
2.900000 1 552.2 569.1 227.4 222.2
2.900000 1 26.1 24.0 29.5 25.7
2.933333 1 557.5 574.7 227.1 221.6
2.933333 1 26.3 24.0 29.6 25.6
2.966667 1 562.9 580.3 226.8 220.9
2.966667 1 26.5 24.0 29.7 25.4
3.000000 1 568.3 585.9 226.5 220.3
3.000000 1 26.6 24.0 29.8 25.3
3.033333 1 573.6 591.4 226.3 219.6
3.033333 1 26.8 24.0 29.9 25.1
3.066667 1 579.0 597.0 226.0 219.0
3.066667 1 27.0 24.0 30.0 25.0
3.100000 1 474.0 306.0 27.0 35.0
3.133333 1 463.0 309.0 30.0 31.0
3.166667 1 456.7 305.7 29.3 32.7
3.200000 1 450.3 302.3 28.7 34.3
3.233333 1 444.0 299.0 28.0 36.0
3.266667 1 437.2 297.6 28.2 36.0
3.300000 1 430.4 296.2 28.4 36.0
3.333333 1 423.6 294.8 28.6 36.0
3.366667 1 416.8 293.4 28.8 36.0
3.400000 1 410.0 292.0 29.0 36.0
3.433333 1 402.3 286.3 29.5 36.5
3.466667 1 394.5 280.5 30.0 37.0
3.500000 1 386.8 274.8 30.5 37.5
3.533333 1 379.0 269.0 31.0 38.0
3.566667 1 372.8 268.0 29.0 36.5
3.600000 1 366.5 267.0 27.0 35.0
3.633333 1 360.3 266.0 25.0 33.5
3.666667 1 354.0 265.0 23.0 32.0
3.700000 1 346.6 259.0 23.6 33.2
3.733333 1 339.2 253.0 24.2 34.4
3.766667 1 331.8 247.0 24.8 35.6
3.800000 1 324.4 241.0 25.4 36.8
3.833333 1 317.0 235.0 26.0 38.0
3.866667 1 309.7 232.7 25.3 37.0
3.900000 1 302.3 230.3 24.7 36.0
3.933333 1 295.0 228.0 24.0 35.0
3.966667 1 287.8 222.3 24.3 34.7
4.000000 1 280.7 216.7 24.7 34.3
4.033333 1 273.5 211.0 25.0 34.0
4.066667 1 266.3 205.3 25.3 33.7
4.100000 1 259.2 199.7 25.7 33.3
4.133333 1 252.0 194.0 26.0 33.0
4.166667 1 245.0 188.5 26.5 33.3
4.200000 1 238.0 183.0 27.0 33.7
4.233333 1 231.0 177.5 27.5 34.0
4.266667 1 224.0 172.0 28.0 34.3
4.300000 1 217.0 166.5 28.5 34.7
4.333333 1 210.0 161.0 29.0 35.0
4.366667 1 203.6 155.6 28.8 35.9
4.400000 1 197.2 150.2 28.6 36.8
4.433333 1 190.8 144.8 28.4 37.7
4.466667 1 184.4 139.4 28.2 38.6
4.500000 1 178.0 134.0 28.0 39.5
4.533333 1 171.6 128.6 27.8 40.4
4.566667 1 165.2 123.2 27.6 41.3
4.600000 1 158.8 117.8 27.4 42.2
4.633333 1 152.4 112.4 27.2 43.1
4.666667 1 146.0 107.0 27.0 44.0
4.700000 1 138.6 103.5 27.5 43.6
4.733333 1 131.2 100.0 28.0 43.2
4.766667 1 123.9 96.5 28.5 42.9
4.800000 1 116.5 93.0 29.0 42.5
4.833333 1 109.1 89.5 29.5 42.1
4.866667 1 101.7 86.0 30.0 41.7
4.900000 1 94.4 82.5 30.5 41.4
4.933333 1 87.0 79.0 31.0 41.0
4.966667 1 79.2 75.7 30.7 41.2
5.000000 1 71.4 72.3 30.3 41.4
5.033333 1 63.7 69.0 30.0 41.7
5.066667 1 55.9 65.7 29.7 41.9
5.100000 1 48.1 62.3 29.3 42.1
5.133333 1 40.3 59.0 29.0 42.3
5.166667 1 32.6 55.7 28.7 42.6
5.200000 1 24.8 52.3 28.3 42.8
5.233333 1 17.0 49.0 28.0 43.0
5.266667 1 592.0 46.0 32.0 45.0
5.300000 1 579.5 44.5 32.0 48.3
5.333333 1 567.0 43.0 32.0 51.5
5.366667 1 554.5 41.5 32.0 54.8
5.400000 1 542.0 40.0 32.0 58.0
5.433333 1 526.0 36.3 34.0 58.5
5.466667 1 510.0 32.5 36.0 59.0
5.500000 1 494.0 28.8 38.0 59.5
5.533333 1 478.0 25.0 40.0 60.0
5.566667 1 464.3 26.5 38.8 59.0
5.600000 1 450.5 28.0 37.5 58.0
5.633333 1 436.8 29.5 36.3 57.0
5.666667 1 423.0 31.0 35.0 56.0
5.700000 1 407.6 28.8 36.6 56.0
5.733333 1 392.2 26.6 38.2 56.0
5.766667 1 376.8 24.4 39.8 56.0
5.800000 1 361.4 22.2 41.4 56.0
5.833333 1 346.0 20.0 43.0 56.0
5.866667 1 331.3 20.0 41.8 56.0
5.900000 1 316.5 20.0 40.5 56.0
5.933333 1 301.8 20.0 39.3 56.0
5.966667 1 287.0 20.0 38.0 56.0
6.000000 1 270.0 21.5 37.5 52.2
6.033333 1 253.0 23.0 37.0 48.5
6.066667 1 236.0 24.5 36.5 44.7
6.100000 1 219.0 26.0 36.0 41.0
6.133333 1 203.0 17.5 35.0 48.0
6.166667 1 187.0 12.6 34.0 51.4
6.200000 1 167.3 11.9 36.0 55.8
6.233333 1 147.7 12.3 38.7 59.7
6.266667 1 128.0 14.0 41.0 62.0
6.300000 1 106.0 22.0 42.0 55.0
6.333333 1 91.3 21.0 42.0 49.7
6.366667 1 76.7 20.0 42.0 44.3
6.400000 1 62.0 19.0 42.0 39.0
6.433333 1 202.0 309.0 30.0 28.0
6.466667 1 205.3 309.3 30.3 27.8
6.500000 1 208.7 309.7 30.7 27.7
6.533333 1 212.0 310.0 31.0 27.5
6.566667 1 215.3 310.3 31.3 27.3
6.600000 1 218.7 310.7 31.7 27.2
6.633333 1 222.0 311.0 32.0 27.0
6.666667 1 224.9 310.7 32.3 26.3
6.700000 1 227.7 310.4 32.6 25.6
6.733333 1 230.6 310.1 32.9 24.9
6.766667 1 233.4 309.9 33.1 24.1
6.800000 1 236.3 309.6 33.4 23.4
6.833333 1 239.1 309.3 33.7 22.7
6.866667 1 242.0 309.0 34.0 22.0
6.900000 1 244.5 308.0 34.3 22.3
6.933333 1 247.0 307.0 34.7 22.7
6.966667 1 249.5 306.0 35.0 23.0
7.000000 1 252.0 305.0 35.3 23.3
7.033333 1 254.5 304.0 35.7 23.7
7.066667 1 257.0 303.0 36.0 24.0
7.100000 1 258.7 299.0 36.0 24.1
7.133333 1 260.4 295.0 36.0 24.3
7.166667 1 262.1 291.0 36.0 24.4
7.200000 1 263.9 287.0 36.0 24.6
7.233333 1 265.6 283.0 36.0 24.7
7.266667 1 267.3 279.0 36.0 24.9
7.300000 1 269.0 275.0 36.0 25.0
7.333333 1 269.0 266.3 36.9 26.6
7.366667 1 269.0 257.6 37.7 28.1
7.400000 1 269.0 248.9 38.6 29.7
7.433333 1 269.0 240.1 39.4 31.3
7.466667 1 269.0 231.4 40.3 32.9
7.500000 1 269.0 222.7 41.1 34.4
7.533333 1 269.0 214.0 42.0 36.0
7.566667 1 267.4 203.2 43.0 36.6
7.600000 1 265.8 192.4 44.0 37.2
7.633333 1 264.2 181.6 45.0 37.8
7.666667 1 262.6 170.8 46.0 38.4
7.700000 1 261.0 160.0 47.0 39.0
7.733333 1 258.0 147.5 47.7 38.5
7.766667 1 255.0 135.0 48.3 38.0
7.800000 1 252.0 122.5 49.0 37.5
7.833333 1 249.0 110.0 49.7 37.0
7.866667 1 246.0 97.5 50.3 36.5
7.900000 1 243.0 85.0 51.0 36.0
7.933333 1 237.3 67.3 53.7 36.5
7.966667 1 231.5 49.5 56.5 37.0
8.000000 1 225.8 31.8 59.2 37.5
8.033333 1 220.0 14.0 62.0 38.0
8.066667 1 108.0 111.0 32.0 36.0
8.100000 1 112.0 123.5 33.5 37.0
8.133333 1 116.0 136.0 35.0 38.0
8.166667 1 122.6 132.0 36.0 38.2
8.200000 1 129.2 128.0 37.0 38.4
8.233333 1 135.8 124.0 38.0 38.6
8.266667 1 142.4 120.0 39.0 38.8
8.300000 1 149.0 116.0 40.0 39.0
8.333333 1 158.2 112.3 40.3 38.8
8.366667 1 167.3 108.7 40.7 38.7
8.400000 1 176.5 105.0 41.0 38.5
8.433333 1 185.7 101.3 41.3 38.3
8.466667 1 194.8 97.7 41.7 38.2
8.500000 1 204.0 94.0 42.0 38.0
8.533333 1 213.7 92.3 41.0 38.3
8.566667 1 223.3 90.7 40.0 38.7
8.600000 1 233.0 89.0 39.0 39.0
8.633333 1 242.7 87.3 38.0 39.3
8.666667 1 252.3 85.7 37.0 39.7
8.700000 1 262.0 84.0 36.0 40.0
8.733333 1 273.5 80.8 37.3 38.8
8.766667 1 285.0 77.7 38.7 37.7
8.800000 1 296.5 74.5 40.0 36.5
8.833333 1 308.0 71.3 41.3 35.3
8.866667 1 319.5 68.2 42.7 34.2
8.900000 1 331.0 65.0 44.0 33.0
8.933333 1 343.8 61.8 44.6 33.4
8.966667 1 356.6 58.6 45.1 33.9
9.000000 1 369.3 55.3 45.7 34.3
9.033333 1 382.1 52.1 46.2 34.8
9.066667 1 394.9 48.9 46.8 35.2
9.100000 1 407.7 45.7 47.3 35.7
9.133333 1 420.4 42.4 47.9 36.1
9.166667 1 433.2 39.2 48.4 36.6
9.200000 1 446.0 36.0 49.0 37.0
9.233333 1 532.0 336.0 24.0 30.0
9.266667 1 524.7 335.4 24.0 30.4
9.300000 1 517.4 334.9 24.0 30.9
9.333333 1 510.1 334.3 24.0 31.3
9.366667 1 502.9 333.7 24.0 31.7
9.400000 1 495.6 333.1 24.0 32.1
9.433333 1 488.3 332.6 24.0 32.6
9.466667 1 481.0 332.0 24.0 33.0
9.500000 1 473.7 331.8 23.9 32.9
9.533333 1 466.4 331.6 23.9 32.9
9.566667 1 459.1 331.4 23.8 32.8
9.600000 1 451.9 331.1 23.7 32.8
9.633333 1 444.6 330.9 23.6 32.7
9.666667 1 437.3 330.7 23.6 32.7
9.700000 1 430.0 330.5 23.5 32.6
9.733333 1 422.7 330.3 23.4 32.5
9.766667 1 415.4 330.1 23.4 32.5
9.800000 1 408.1 329.9 23.3 32.4
9.833333 1 400.9 329.6 23.2 32.4
9.866667 1 393.6 329.4 23.1 32.3
9.900000 1 386.3 329.2 23.1 32.3
9.933333 1 379.0 329.0 23.0 32.2
9.966667 1 371.7 329.0 23.1 31.7
10.000000 1 364.4 329.0 23.2 31.2
10.033333 1 357.1 329.0 23.2 30.8
10.066667 1 349.8 329.0 23.3 30.3
10.100000 1 342.5 329.0 23.4 29.8
10.133333 1 335.2 329.0 23.5 29.3
10.166667 1 327.8 329.0 23.5 28.9
10.200000 1 320.5 329.0 23.6 28.4
10.233333 1 313.2 329.0 23.7 27.9
10.266667 1 305.9 329.0 23.8 27.4
10.300000 1 298.6 329.0 23.8 27.0
10.333333 1 291.3 329.0 23.9 26.5
10.366667 1 284.0 329.0 24.0 26.0
