0.000000 1 275.8 200.4 29.7 28.7
0.033333 1 274.9 201.1 28.2 27.2
0.066667 1 271.2 200.9 28.1 27.2
0.100000 1 266.8 199.8 29.4 28.4
0.133333 1 264.7 199.5 30.1 29.1
0.166667 1 261.2 199.8 29.3 28.2
0.200000 1 260.3 200.4 27.6 26.5
0.233333 1 256.6 200.4 27.5 26.5
0.266667 1 252.4 199.7 28.0 27.0
0.300000 1 249.2 198.3 30.7 29.7
0.333333 1 245.3 197.7 30.8 29.8
0.366667 1 243.3 197.7 30.8 29.8
0.400000 1 239.2 197.4 30.9 29.9
0.433333 1 237.2 197.4 30.9 29.9
0.466667 1 234.6 198.2 28.8 27.8
0.500000 1 232.7 198.0 28.6 27.6
0.533333 1 229.2 198.2 27.7 26.7
0.566667 1 227.2 198.0 27.8 26.8
0.600000 1 223.1 197.7 28.1 27.0
0.633333 1 219.1 197.3 27.9 26.9
0.666667 1 217.2 197.2 27.8 26.8
0.700000 1 213.2 196.2 28.0 26.9
0.733333 1 211.2 196.2 28.0 26.9
0.766667 1 207.1 195.2 28.1 27.1
0.800000 1 202.2 194.0 29.6 28.6
0.833333 1 200.1 193.6 29.7 28.7
0.866667 1 196.2 192.9 29.5 28.5
0.900000 1 194.3 192.9 29.5 28.4
0.933333 1 192.4 192.5 29.2 28.2
0.966667 1 187.1 190.6 31.3 30.4
1.000000 1 182.8 189.7 31.7 30.7
1.033333 1 181.3 190.2 30.3 29.3
1.066667 1 177.4 189.1 30.1 29.1
1.100000 1 173.6 188.6 29.7 28.7
1.133333 1 170.3 188.6 27.8 26.8
1.166667 1 166.8 187.1 30.1 29.2
1.200000 1 162.7 186.0 30.3 29.3
1.233333 1 160.1 185.2 31.0 30.0
1.266667 1 157.0 185.3 28.8 27.8
1.300000 1 155.4 185.5 27.4 26.4
1.333333 1 150.7 183.9 28.6 27.6
1.366667 1 145.4 181.7 30.5 29.5
1.400000 1 142.0 181.8 28.8 27.8
1.433333 1 140.8 182.6 26.9 25.9
1.466667 1 136.3 181.6 27.5 26.5
1.500000 1 134.5 181.2 27.3 26.4
1.533333 1 128.9 178.2 29.8 28.8
1.566667 1 124.5 176.1 30.5 29.5
1.600000 1 122.5 174.9 30.6 29.6
1.633333 1 117.9 171.9 31.5 30.5
1.666667 1 116.3 171.6 30.3 29.3
1.700000 1 112.2 171.0 29.6 28.6
1.733333 1 109.2 170.1 31.0 30.0
1.766667 1 105.2 169.6 30.8 29.8
1.800000 1 103.3 169.6 30.2 29.3
1.833333 1 97.2 171.4 26.6 25.6
1.866667 1 94.8 170.6 28.0 27.0
1.900000 1 92.0 170.0 27.0 26.0
1.933333 1 97.2 171.8 18.8 17.2
1.966667 1 93.7 169.4 18.3 16.8
2.000000 1 90.1 166.3 20.1 18.5
2.033333 1 86.1 164.4 20.4 18.7
2.066667 1 84.5 163.5 20.0 18.3
2.100000 1 93.4 161.4 20.1 18.3
2.133333 1 100.4 162.3 20.0 18.2
2.166667 1 93.1 154.8 36.3 33.5
2.200000 1 100.7 154.4 37.3 34.4
2.233333 1 116.3 152.2 37.5 34.5
2.266667 1 123.1 151.4 37.8 34.7
2.300000 1 142.0 153.3 36.7 33.9
2.333333 1 161.3 152.7 36.9 33.7
2.366667 1 174.1 150.0 36.7 33.6
2.400000 1 177.6 148.6 37.4 34.2
2.433333 1 184.3 146.8 37.4 34.3
2.466667 1 189.3 145.5 37.9 34.7
2.500000 1 190.2 145.6 38.2 35.1
2.533333 1 190.3 146.0 36.9 33.9
2.566667 1 190.0 145.1 37.0 34.0
2.600000 1 190.6 144.3 37.8 34.6
2.633333 1 189.9 144.0 40.4 37.1
2.666667 1 189.8 143.3 41.1 37.9
2.700000 1 189.5 140.7 41.5 38.1
2.733333 1 191.9 141.3 37.6 34.3
2.766667 1 193.7 139.9 38.7 35.3
2.800000 1 194.1 139.1 38.5 35.0
2.833333 1 193.7 138.7 38.7 35.3
2.866667 1 193.9 139.3 37.2 33.9
2.900000 1 195.5 137.5 39.5 36.0
2.933333 1 197.8 138.1 37.4 33.9
2.966667 1 197.8 137.9 39.1 35.7
3.000000 1 200.4 138.4 36.4 33.0
3.033333 1 201.2 137.2 37.3 34.1
3.066667 1 202.3 136.4 36.8 33.7
3.100000 1 199.8 135.1 39.1 35.8
3.133333 1 195.7 132.4 38.9 35.6
3.166667 1 194.5 132.6 36.1 32.7
3.200000 1 189.2 131.0 36.6 33.2
3.233333 1 183.3 130.2 37.1 33.7
3.266667 1 180.6 129.3 37.5 34.2
3.300000 1 174.8 128.1 38.8 35.4
3.333333 1 170.0 127.0 38.7 35.2
3.366667 1 167.7 126.0 39.0 35.6
3.400000 1 164.6 125.9 37.4 34.0
3.433333 1 161.9 124.5 38.5 35.3
3.466667 1 159.1 123.8 35.0 31.7
3.500000 1 155.4 121.4 37.6 34.3
3.533333 1 150.5 120.1 37.0 33.7
3.566667 1 148.0 119.3 36.8 33.6
3.600000 1 142.8 118.5 35.9 32.5
3.633333 1 137.4 117.9 36.1 32.9
3.666667 1 133.6 117.0 37.1 33.7
3.700000 1 127.0 116.4 36.7 33.2
3.733333 1 124.9 116.2 35.1 31.8
3.766667 1 120.6 116.0 34.2 30.5
3.800000 1 118.7 114.9 34.0 30.2
3.833333 1 113.8 112.1 35.0 31.1
3.866667 1 108.3 108.4 36.2 32.2
3.900000 1 106.6 107.3 35.6 31.6
3.933333 1 101.7 104.9 36.8 32.7
3.966667 1 96.8 103.4 36.4 32.2
4.000000 1 94.3 102.9 36.2 32.2
4.033333 1 92.2 102.6 36.4 32.4
4.066667 1 92.8 100.8 36.2 32.1
4.100000 1 101.2 101.3 36.1 32.0
4.133333 1 110.4 103.0 35.7 31.6
4.166667 1 129.2 101.9 34.8 30.9
4.200000 1 139.1 101.2 35.2 31.3
4.233333 1 162.0 100.0 35.0 31.0
4.266667 1 178.7 105.1 25.0 25.0
4.300000 1 204.1 96.3 29.0 29.0
4.333333 1 213.3 96.5 30.0 30.0
4.366667 1 232.8 96.4 30.0 30.0
4.400000 1 240.6 98.0 28.0 28.0
4.433333 1 256.2 98.7 27.0 27.0
4.466667 1 269.5 99.6 28.0 28.0
4.500000 1 272.1 97.4 27.0 27.0
4.533333 1 281.2 98.1 27.0 27.0
4.566667 1 284.6 97.0 27.0 27.0
4.600000 1 283.2 92.1 26.0 26.0
4.633333 1 293.7 91.4 26.0 26.0
4.666667 1 297.9 89.9 26.0 26.0
4.700000 1 300.7 89.4 26.0 26.0
4.733333 1 303.0 86.0 26.0 26.0
4.766667 1 310.7 88.4 26.0 26.0
4.800000 1 314.6 90.4 26.0 26.0
4.833333 1 314.0 85.5 28.0 28.0
4.866667 1 312.8 90.1 28.8 28.8
4.900000 1 319.8 89.6 28.7 28.7
4.933333 1 324.8 85.6 28.4 28.4
4.966667 1 331.8 83.0 28.4 28.4
5.000000 1 339.8 81.2 28.3 28.3
5.033333 1 342.9 79.0 28.6 28.6
5.066667 1 348.9 75.8 28.7 28.7
5.100000 1 357.4 76.7 28.6 28.6
5.133333 1 361.9 76.9 28.8 28.8
5.166667 1 368.9 74.0 28.8 28.8
5.200000 1 372.8 73.6 28.7 28.7
5.233333 1 382.5 73.4 28.5 28.5
5.266667 1 392.8 71.0 28.8 28.8
5.300000 1 396.0 69.1 28.8 28.8
5.333333 1 398.0 67.2 28.8 28.8
5.366667 1 400.7 65.0 28.4 28.4
5.400000 1 405.0 62.6 28.5 28.5
5.433333 1 406.1 60.9 28.4 28.4
5.466667 1 406.7 60.6 28.2 28.2
5.500000 1 407.4 60.1 28.4 28.4
5.533333 1 410.1 59.0 28.4 28.4
5.566667 1 410.7 57.8 28.0 28.0
5.600000 1 410.9 57.5 27.8 27.8
5.633333 1 415.0 54.8 27.9 27.9
5.666667 1 417.5 52.6 28.1 28.1
5.700000 1 420.2 48.7 28.1 28.1
5.733333 1 420.7 47.1 27.9 27.9
5.766667 1 421.7 44.0 28.0 28.0
5.800000 1 420.1 41.1 28.2 28.2
5.833333 1 414.6 40.9 28.0 28.0
5.866667 1 410.9 40.5 28.2 28.2
5.900000 1 407.2 39.9 28.2 28.2
5.933333 1 399.6 39.0 28.1 28.1
5.966667 1 393.0 38.5 28.2 28.2
6.000000 1 390.2 37.8 28.1 28.1
6.033333 1 383.3 34.1 28.1 28.1
6.066667 1 379.6 32.6 28.1 28.1
6.100000 1 372.8 29.6 28.6 28.6
6.133333 1 367.2 29.1 28.6 28.6
6.166667 1 365.1 29.0 28.5 28.5
6.200000 1 357.4 27.1 28.6 28.6
6.233333 1 354.2 27.7 28.4 28.4
6.266667 1 348.6 27.1 28.3 28.3
6.300000 1 347.0 27.0 28.2 28.2
6.333333 1 341.8 26.6 28.2 28.2
6.366667 1 338.0 25.7 28.2 28.2
6.400000 1 336.8 24.2 28.0 28.0
6.433333 1 333.7 20.9 28.0 28.0
6.466667 1 331.0 18.9 28.1 28.1
6.500000 1 323.8 15.0 28.0 28.0
6.533333 1 319.7 13.0 28.0 28.0
6.566667 1 311.0 12.0 28.0 28.0
6.600000 1 297.9 12.1 35.3 32.4
6.633333 1 290.0 11.7 35.1 32.2
6.666667 1 280.8 11.2 36.0 33.0
6.700000 1 276.8 11.3 35.7 32.8
6.733333 1 268.9 12.7 36.0 33.1
6.766667 1 265.5 19.6 35.7 32.8
6.800000 1 257.6 25.7 35.8 32.9
6.833333 1 253.5 31.4 35.8 32.8
6.866667 1 244.8 38.7 36.0 33.0
6.900000 1 240.3 40.8 35.9 32.9
6.933333 1 231.4 41.0 36.2 33.2
6.966667 1 223.1 40.0 36.2 33.2
7.000000 1 218.8 40.0 35.7 32.8
7.033333 1 209.2 39.7 36.7 33.8
7.066667 1 205.2 39.9 36.5 33.6
7.100000 1 197.2 46.1 36.6 33.7
7.133333 1 192.8 47.2 36.8 33.8
7.166667 1 184.4 50.7 36.1 33.1
7.200000 1 180.4 52.8 36.6 33.7
7.233333 1 172.2 60.0 36.2 33.3
7.266667 1 167.3 60.5 36.0 33.0
7.300000 1 157.6 58.3 35.7 32.7
7.333333 1 148.5 57.7 35.8 32.9
7.366667 1 143.6 56.7 35.7 32.8
7.400000 1 133.7 55.6 35.8 32.8
7.433333 1 123.8 53.4 36.1 33.1
7.466667 1 118.7 52.2 36.3 33.3
7.500000 1 107.7 50.9 35.9 32.9
7.533333 1 102.2 49.9 35.9 32.9
7.566667 1 90.6 45.9 35.7 32.7
7.600000 1 79.3 45.9 35.8 32.8
7.633333 1 66.9 45.1 36.2 33.2
7.666667 1 61.0 45.0 36.0 33.0
7.700000 1 51.0 44.0 36.0 33.0
7.733333 1 467.6 266.0 18.7 25.5
7.766667 1 469.1 257.7 24.0 27.7
7.800000 1 464.6 232.5 28.5 25.0
7.833333 1 460.1 216.1 34.5 30.4
7.866667 1 462.4 205.4 26.8 23.1
7.900000 1 461.6 205.3 28.4 24.5
7.933333 1 461.3 209.4 24.7 20.7
7.966667 1 458.1 210.6 24.6 20.7
8.000000 1 455.9 210.5 30.2 25.7
8.033333 1 464.1 220.7 22.5 18.5
8.066667 1 470.9 229.9 26.5 21.4
8.100000 1 479.0 243.4 23.1 18.6
8.133333 1 486.6 254.4 23.1 18.1
8.166667 1 489.3 254.3 19.6 15.5
8.200000 1 486.3 253.8 20.3 16.2
8.233333 1 480.5 252.5 24.2 19.5
8.266667 1 480.4 253.4 22.2 17.6
8.300000 1 474.7 251.1 28.0 23.0
8.333333 1 473.4 252.0 26.2 21.3
8.366667 1 473.1 254.1 22.2 17.4
8.400000 1 468.9 254.8 21.1 16.6
8.433333 1 463.9 252.4 23.5 19.1
8.466667 1 461.1 251.3 24.8 20.0
8.500000 1 459.0 252.0 23.0 18.0
8.533333 1 455.0 253.0 25.0 21.0
8.566667 1 455.0 253.0 22.0 19.0
8.600000 1 453.0 252.0 21.0 25.0
8.633333 1 452.0 256.0 21.0 20.0
8.666667 1 451.0 261.0 23.0 23.0
8.700000 1 454.0 267.0 18.0 22.0
8.733333 1 460.0 275.0 14.0 16.0
8.766667 1 260.0 410.0 13.0 13.0
8.800000 1 262.0 420.0 12.0 13.0
8.833333 1 264.0 422.0 18.0 20.0
8.866667 1 261.0 421.0 21.0 20.0
8.900000 1 260.0 424.0 22.0 15.0
8.933333 1 267.0 405.0 20.0 22.0
8.966667 1 264.0 406.0 18.0 15.0
9.000000 1 261.0 408.0 20.0 17.0
9.033333 1 255.0 405.0 21.0 24.0
9.066667 1 435.7 293.1 18.1 16.8
9.100000 1 432.7 293.3 17.9 16.6
9.133333 1 427.9 290.0 24.8 22.2
9.166667 1 425.9 290.7 22.1 20.1
9.200000 1 421.8 288.7 21.6 19.7
9.233333 1 417.7 286.4 24.8 22.9
9.266667 1 413.9 285.8 23.2 21.3
9.300000 1 407.5 281.6 30.6 29.0
9.333333 1 404.4 282.0 25.9 23.6
9.366667 1 400.7 281.4 24.1 22.2
9.400000 1 395.7 277.1 30.0 28.2
9.433333 1 392.9 277.2 25.5 24.0
9.466667 1 390.5 276.9 21.8 19.8
9.500000 1 385.0 273.9 23.7 21.8
9.533333 1 382.9 274.1 23.3 21.3
9.566667 1 379.2 273.2 22.6 21.4
9.600000 1 374.0 272.3 22.5 21.1
9.633333 1 371.3 272.3 20.0 18.7
9.666667 1 368.4 270.7 21.7 20.4
9.700000 1 364.2 268.9 21.6 20.7
9.733333 1 363.5 269.0 18.5 17.3
9.766667 1 358.2 266.3 21.3 20.1
9.800000 1 353.4 264.6 22.2 20.8
9.833333 1 351.0 266.3 17.5 16.6
9.866667 1 346.2 264.7 18.5 17.4
9.900000 1 338.2 260.2 25.6 24.1
9.933333 1 334.7 259.5 24.6 22.2
9.966667 1 328.4 256.5 25.0 22.1
10.000000 1 320.2 251.8 28.8 26.2
10.033333 1 312.2 248.6 32.3 29.2
10.066667 1 311.8 250.0 28.3 25.8
10.100000 1 303.2 250.0 28.5 24.4
10.133333 1 301.1 248.6 28.8 25.0
10.166667 1 297.9 247.2 26.2 23.2
10.200000 1 293.3 133.0 140.0 245.3
10.200000 1 363.0 383.0 25.0 11.0
10.200000 1 12.0 22.0 13.0 19.0
10.233333 1 288.6 131.0 137.0 241.5
10.233333 1 364.0 387.0 30.0 13.0
10.233333 1 14.0 27.0 18.0 15.0
10.266667 1 284.6 120.0 133.0 239.3
10.266667 1 363.0 383.0 30.0 21.0
10.266667 1 14.0 26.0 17.0 16.0
10.300000 1 279.1 114.0 131.0 237.1
10.300000 1 361.0 378.0 32.0 24.0
10.300000 1 13.0 28.0 17.0 17.0
10.333333 1 275.7 120.0 123.0 235.8
10.333333 1 360.0 375.0 33.0 15.0
10.333333 1 21.0 30.0 15.0 20.0
10.366667 1 271.6 109.0 126.0 238.9
10.366667 1 354.0 378.0 28.0 26.0
10.366667 1 15.0 23.0 25.0 18.0
10.400000 1 265.7 108.0 117.0 236.0
10.400000 1 354.0 376.0 31.0 19.0
10.400000 1 19.0 25.0 21.0 17.0
10.433333 1 258.4 107.0 113.0 230.9
10.433333 1 351.0 378.0 36.0 16.0
10.433333 1 20.0 32.0 22.0 16.0
10.466667 1 255.5 101.0 108.0 230.3
10.466667 1 357.0 375.0 32.0 16.0
10.466667 1 19.0 28.0 16.0 19.0
10.500000 1 247.7 96.0 108.0 225.7
10.500000 1 353.0 373.0 38.0 19.0
10.500000 1 17.0 34.0 15.0 17.0
10.533333 1 248.4 92.0 104.0 227.7
10.533333 1 354.0 373.0 32.0 21.0
10.533333 1 19.0 28.0 21.0 18.0
10.566667 1 242.9 92.0 100.0 226.0
10.566667 1 354.0 369.0 32.0 18.0
10.566667 1 17.0 28.0 19.0 19.0
10.600000 1 236.5 82.0 94.0 223.2
10.600000 1 348.0 368.0 35.0 21.0
10.600000 1 22.0 31.0 23.0 21.0
10.633333 1 233.7 75.0 93.0 225.6
10.633333 1 346.0 370.0 31.0 27.0
10.633333 1 21.0 26.0 27.0 21.0
10.666667 1 226.5 75.0 85.0 224.7
10.666667 1 345.0 367.0 32.0 15.0
10.666667 1 20.0 28.0 22.0 18.0
10.700000 1 219.6 71.0 85.0 221.8
10.700000 1 348.0 374.0 36.0 19.0
10.700000 1 15.0 32.0 18.0 11.0
10.733333 1 215.7 68.0 81.0 222.2
10.733333 1 348.0 368.0 35.0 18.0
10.733333 1 16.0 29.0 14.0 19.0
10.766667 1 211.8 64.0 79.0 221.8
10.766667 1 351.0 368.0 32.0 17.0
10.766667 1 12.0 27.0 15.0 20.0
10.800000 1 206.5 62.8 78.0 218.5
10.800000 1 345.5 372.0 38.0 14.2
10.800000 1 11.0 33.0 20.2 15.0
10.833333 1 203.4 54.5 72.0 219.4
10.833333 1 341.7 366.0 34.0 21.7
10.833333 1 17.0 28.0 24.0 24.0
10.866667 1 197.0 50.9 64.0 217.7
10.866667 1 343.1 364.0 36.0 23.0
10.866667 1 25.0 30.0 21.0 21.0
10.900000 1 193.9 46.4 66.0 217.6
10.900000 1 341.0 363.0 37.0 28.0
10.900000 1 16.0 31.0 26.0 21.0
10.933333 1 192.0 44.0 61.0 221.0
10.933333 1 342.0 366.0 31.0 24.0
10.933333 1 14.0 25.0 22.0 17.0
