0.000000 1 308.0 309.0 30.0 30.0
0.033333 1 307.2 307.7 29.8 29.9
0.066667 1 306.4 306.5 29.7 29.9
0.100000 1 305.6 305.2 29.5 29.8
0.133333 1 304.8 303.9 29.4 29.8
0.166667 1 304.1 302.7 29.2 29.7
0.200000 1 303.3 301.4 29.1 29.7
0.233333 1 302.5 300.2 28.9 29.6
0.266667 1 301.7 298.9 28.7 29.6
0.300000 1 300.9 297.6 28.6 29.5
0.333333 1 300.1 296.4 28.4 29.5
0.366667 1 299.3 295.1 28.3 29.4
0.400000 1 298.5 293.8 28.1 29.4
0.433333 1 297.7 292.6 27.9 29.3
0.466667 1 296.9 291.3 27.8 29.3
0.500000 1 296.2 290.1 27.6 29.2
0.533333 1 295.4 288.8 27.5 29.2
0.566667 1 294.6 287.5 27.3 29.1
0.600000 1 293.8 286.3 27.2 29.1
0.633333 1 293.0 285.0 27.0 29.0
0.666667 1 292.5 285.3 26.8 28.9
0.700000 1 292.0 285.6 26.7 28.8
0.733333 1 291.5 285.8 26.5 28.7
0.766667 1 291.0 286.1 26.3 28.6
0.800000 1 290.5 286.4 26.2 28.4
0.833333 1 290.0 286.7 26.0 28.3
0.866667 1 289.5 286.9 25.8 28.2
0.900000 1 289.0 287.2 25.7 28.1
0.933333 1 288.5 287.5 25.5 28.0
0.966667 1 288.0 287.8 25.3 27.9
1.000000 1 287.5 288.1 25.2 27.8
1.033333 1 287.0 288.3 25.0 27.7
1.066667 1 286.5 288.6 24.8 27.6
1.100000 1 286.0 288.9 24.7 27.4
1.133333 1 285.5 289.2 24.5 27.3
1.166667 1 285.0 289.4 24.3 27.2
1.200000 1 284.5 289.7 24.2 27.1
1.233333 1 284.0 290.0 24.0 27.0
1.266667 1 283.6 289.6 24.2 27.1
1.300000 1 283.2 289.2 24.4 27.1
1.333333 1 282.8 288.8 24.6 27.2
1.366667 1 282.4 288.4 24.8 27.3
1.400000 1 282.0 288.0 25.0 27.3
1.433333 1 281.6 287.6 25.2 27.4
1.466667 1 281.2 287.2 25.4 27.5
1.500000 1 280.8 286.8 25.6 27.5
1.533333 1 280.4 286.4 25.8 27.6
1.566667 1 280.0 286.0 26.0 27.7
1.600000 1 279.6 285.6 26.2 27.7
1.633333 1 279.2 285.2 26.4 27.8
1.666667 1 278.8 284.8 26.6 27.9
1.700000 1 278.4 284.4 26.8 27.9
1.733333 1 278.0 284.0 27.0 28.0
1.766667 1 277.7 282.7 27.2 28.8
1.800000 1 277.4 281.4 27.3 29.7
1.833333 1 277.1 280.1 27.5 30.5
1.866667 1 276.8 278.8 27.6 31.4
1.900000 1 276.5 277.5 27.8 32.2
1.933333 1 276.2 276.2 27.9 33.1
1.966667 1 275.8 274.8 28.1 33.9
2.000000 1 275.5 273.5 28.2 34.8
2.033333 1 275.2 272.2 28.4 35.6
2.066667 1 274.9 270.9 28.5 36.5
2.100000 1 274.6 269.6 28.7 37.3
2.133333 1 274.3 268.3 28.8 38.2
2.166667 1 274.0 267.0 29.0 39.0
2.200000 1 273.8 265.9 28.8 38.1
2.233333 1 273.6 264.8 28.6 37.2
2.266667 1 273.5 263.7 28.5 36.3
2.300000 1 273.3 262.6 28.3 35.4
2.333333 1 273.1 261.5 28.1 34.5
2.366667 1 272.9 260.5 27.9 33.5
2.400000 1 272.7 259.4 27.7 32.6
2.433333 1 272.5 258.3 27.5 31.7
2.466667 1 272.4 257.2 27.4 30.8
2.500000 1 272.2 256.1 27.2 29.9
2.533333 1 272.0 255.0 27.0 29.0
2.566667 1 271.8 254.5 26.9 28.9
2.600000 1 271.6 254.1 26.8 28.8
2.633333 1 271.5 253.6 26.7 28.7
2.666667 1 271.3 253.2 26.6 28.6
2.700000 1 271.1 252.7 26.5 28.5
2.733333 1 270.9 252.3 26.5 28.5
2.766667 1 270.7 251.8 26.4 28.4
2.800000 1 270.5 251.4 26.3 28.3
2.833333 1 270.4 250.9 26.2 28.2
2.866667 1 270.2 250.5 26.1 28.1
2.900000 1 270.0 250.0 26.0 28.0
2.933333 1 269.7 248.3 25.7 28.1
2.966667 1 269.4 246.6 25.4 28.3
3.000000 1 269.1 244.9 25.1 28.4
3.033333 1 268.9 243.1 24.9 28.6
3.066667 1 268.6 241.4 24.6 28.7
3.100000 1 268.3 239.7 24.3 28.9
3.133333 1 268.0 238.0 24.0 29.0
3.166667 1 267.4 235.4 24.2 29.0
3.200000 1 266.9 232.8 24.3 29.0
3.233333 1 266.3 230.2 24.5 29.0
3.266667 1 265.8 227.6 24.7 29.0
3.300000 1 265.2 224.9 24.8 29.0
3.333333 1 264.7 222.3 25.0 29.0
3.366667 1 264.1 219.7 25.2 29.0
3.400000 1 263.6 217.1 25.3 29.0
3.433333 1 263.0 214.5 25.5 29.0
3.466667 1 262.4 211.9 25.7 29.0
3.500000 1 261.9 209.3 25.8 29.0
3.533333 1 261.3 206.7 26.0 29.0
3.566667 1 260.8 204.1 26.2 29.0
3.600000 1 260.2 201.4 26.3 29.0
3.633333 1 259.7 198.8 26.5 29.0
3.666667 1 259.1 196.2 26.7 29.0
3.700000 1 258.6 193.6 26.8 29.0
3.733333 1 258.0 191.0 27.0 29.0
3.766667 1 257.3 189.9 26.9 29.1
3.800000 1 256.5 188.7 26.9 29.3
3.833333 1 255.8 187.6 26.8 29.4
3.866667 1 255.1 186.5 26.7 29.5
3.900000 1 254.3 185.3 26.7 29.7
3.933333 1 253.6 184.2 26.6 29.8
3.966667 1 252.9 183.1 26.5 29.9
4.000000 1 252.1 181.9 26.5 30.1
4.033333 1 251.4 180.8 26.4 30.2
4.066667 1 250.7 179.7 26.3 30.3
4.100000 1 249.9 178.5 26.3 30.5
4.133333 1 249.2 177.4 26.2 30.6
4.166667 1 248.5 176.3 26.1 30.7
4.200000 1 247.7 175.1 26.1 30.9
4.233333 1 247.0 174.0 26.0 31.0
4.266667 1 246.6 173.9 26.0 30.9
4.300000 1 246.2 173.7 25.9 30.7
4.333333 1 245.8 173.6 25.9 30.6
4.366667 1 245.4 173.5 25.8 30.5
4.400000 1 245.0 173.3 25.8 30.3
4.433333 1 244.5 173.2 25.7 30.2
4.466667 1 244.1 173.0 25.7 30.0
4.500000 1 243.7 172.9 25.6 29.9
4.533333 1 243.3 172.8 25.6 29.8
4.566667 1 242.9 172.6 25.5 29.6
4.600000 1 242.5 172.5 25.5 29.5
4.633333 1 242.1 172.4 25.5 29.4
4.666667 1 241.7 172.2 25.4 29.2
4.700000 1 241.3 172.1 25.4 29.1
4.733333 1 240.9 172.0 25.3 29.0
4.766667 1 240.5 171.8 25.3 28.8
4.800000 1 240.0 171.7 25.2 28.7
4.833333 1 239.6 171.5 25.2 28.5
4.866667 1 239.2 171.4 25.1 28.4
4.900000 1 238.8 171.3 25.1 28.3
4.933333 1 238.4 171.1 25.0 28.1
4.966667 1 238.0 171.0 25.0 28.0
5.000000 1 237.8 170.5 25.0 28.0
5.033333 1 237.6 170.0 25.1 28.1
5.066667 1 237.3 169.6 25.1 28.1
5.100000 1 237.1 169.1 25.2 28.2
5.133333 1 236.9 168.6 25.2 28.2
5.166667 1 236.7 168.1 25.3 28.3
5.200000 1 236.5 167.7 25.3 28.3
5.233333 1 236.3 167.2 25.3 28.3
5.266667 1 236.0 166.7 25.4 28.4
5.300000 1 235.8 166.2 25.4 28.4
5.333333 1 235.6 165.7 25.5 28.5
5.366667 1 235.4 165.3 25.5 28.5
5.400000 1 235.2 164.8 25.6 28.6
5.433333 1 235.0 164.3 25.6 28.6
5.466667 1 234.7 163.8 25.7 28.7
5.500000 1 234.5 163.3 25.7 28.7
5.533333 1 234.3 162.9 25.7 28.7
5.566667 1 234.1 162.4 25.8 28.8
5.600000 1 233.9 161.9 25.8 28.8
5.633333 1 233.7 161.4 25.9 28.9
5.666667 1 233.4 161.0 25.9 28.9
5.700000 1 233.2 160.5 26.0 29.0
5.733333 1 233.0 160.0 26.0 29.0
5.766667 1 233.1 159.6 26.2 29.1
5.800000 1 233.1 159.2 26.4 29.1
5.833333 1 233.2 158.8 26.6 29.2
5.866667 1 233.3 158.4 26.8 29.3
5.900000 1 233.3 158.0 27.0 29.3
5.933333 1 233.4 157.6 27.2 29.4
5.966667 1 233.5 157.2 27.4 29.5
6.000000 1 233.5 156.8 27.6 29.5
6.033333 1 233.6 156.4 27.8 29.6
6.066667 1 233.7 156.0 28.0 29.7
6.100000 1 233.7 155.6 28.2 29.7
6.133333 1 233.8 155.2 28.4 29.8
6.166667 1 233.9 154.8 28.6 29.9
6.200000 1 233.9 154.4 28.8 29.9
6.233333 1 234.0 154.0 29.0 30.0
6.266667 1 234.0 152.9 28.8 30.0
6.300000 1 234.0 151.9 28.6 30.0
6.333333 1 234.0 150.8 28.4 30.0
6.366667 1 234.0 149.7 28.1 30.0
6.400000 1 234.0 148.6 27.9 30.0
6.433333 1 234.0 147.6 27.7 30.0
6.466667 1 234.0 146.5 27.5 30.0
6.500000 1 234.0 145.4 27.3 30.0
6.533333 1 234.0 144.4 27.1 30.0
6.566667 1 234.0 143.3 26.9 30.0
6.600000 1 234.0 142.2 26.6 30.0
6.633333 1 234.0 141.1 26.4 30.0
6.666667 1 234.0 140.1 26.2 30.0
6.700000 1 234.0 139.0 26.0 30.0
6.733333 1 234.1 139.5 25.9 29.9
6.766667 1 234.1 140.0 25.9 29.8
6.800000 1 234.2 140.5 25.8 29.6
6.833333 1 234.2 141.0 25.8 29.5
6.866667 1 234.3 141.5 25.7 29.4
6.900000 1 234.4 142.0 25.6 29.3
6.933333 1 234.4 142.5 25.6 29.1
6.966667 1 234.5 143.0 25.5 29.0
7.000000 1 234.6 143.5 25.4 28.9
7.033333 1 234.6 144.0 25.4 28.8
7.066667 1 234.7 144.5 25.3 28.6
7.100000 1 234.7 145.0 25.3 28.5
7.133333 1 234.8 145.5 25.2 28.4
7.166667 1 234.9 146.0 25.1 28.3
7.200000 1 234.9 146.5 25.1 28.1
7.233333 1 235.0 147.0 25.0 28.0
7.266667 1 235.1 146.6 25.1 28.0
7.300000 1 235.2 146.3 25.1 28.0
7.333333 1 235.4 145.9 25.2 28.0
7.366667 1 235.5 145.6 25.2 28.0
7.400000 1 235.6 145.2 25.3 28.0
7.433333 1 235.7 144.9 25.4 28.0
7.466667 1 235.8 144.5 25.4 28.0
7.500000 1 235.9 144.2 25.5 28.0
7.533333 1 236.1 143.8 25.5 28.0
7.566667 1 236.2 143.5 25.6 28.0
7.600000 1 236.3 143.1 25.6 28.0
7.633333 1 236.4 142.8 25.7 28.0
7.666667 1 236.5 142.4 25.8 28.0
7.700000 1 236.6 142.1 25.8 28.0
7.733333 1 236.8 141.7 25.9 28.0
7.766667 1 236.9 141.4 25.9 28.0
7.800000 1 237.0 141.0 26.0 28.0
7.833333 1 236.7 140.8 26.1 28.2
7.866667 1 236.4 140.6 26.3 28.4
7.900000 1 236.0 140.5 26.4 28.5
7.933333 1 235.7 140.3 26.5 28.7
7.966667 1 235.4 140.1 26.7 28.9
8.000000 1 235.1 139.9 26.8 29.1
8.033333 1 234.8 139.7 27.0 29.3
8.066667 1 234.5 139.5 27.1 29.5
8.100000 1 234.1 139.4 27.2 29.6
8.133333 1 233.8 139.2 27.4 29.8
8.166667 1 233.5 139.0 27.5 30.0
8.200000 1 233.2 138.8 27.6 30.2
8.233333 1 232.9 138.6 27.8 30.4
8.266667 1 232.5 138.5 27.9 30.5
8.300000 1 232.2 138.3 28.0 30.7
8.333333 1 231.9 138.1 28.2 30.9
8.366667 1 231.6 137.9 28.3 31.1
8.400000 1 231.3 137.7 28.5 31.3
8.433333 1 231.0 137.5 28.6 31.5
8.466667 1 230.6 137.4 28.7 31.6
8.500000 1 230.3 137.2 28.9 31.8
8.533333 1 230.0 137.0 29.0 32.0
8.566667 1 229.9 136.8 29.2 32.0
8.600000 1 229.9 136.6 29.4 32.0
8.633333 1 229.8 136.4 29.6 32.0
8.666667 1 229.7 136.2 29.8 32.0
8.700000 1 229.7 136.0 30.0 32.0
8.733333 1 229.6 135.8 30.2 32.0
8.766667 1 229.5 135.6 30.4 32.0
8.800000 1 229.5 135.4 30.6 32.0
8.833333 1 229.4 135.2 30.8 32.0
8.866667 1 229.3 135.0 31.0 32.0
8.900000 1 229.3 134.8 31.2 32.0
8.933333 1 229.2 134.6 31.4 32.0
8.966667 1 229.1 134.4 31.6 32.0
9.000000 1 229.1 134.2 31.8 32.0
9.033333 1 229.0 134.0 32.0 32.0
9.066667 1 229.2 134.4 31.5 31.9
9.100000 1 229.4 134.7 30.9 31.8
9.133333 1 229.5 135.1 30.4 31.7
9.166667 1 229.7 135.5 29.8 31.6
9.200000 1 229.9 135.8 29.3 31.5
9.233333 1 230.1 136.2 28.7 31.5
9.266667 1 230.3 136.5 28.2 31.4
9.300000 1 230.5 136.9 27.6 31.3
9.333333 1 230.6 137.3 27.1 31.2
9.366667 1 230.8 137.6 26.5 31.1
9.400000 1 231.0 138.0 26.0 31.0
9.433333 1 230.6 137.6 26.5 30.8
9.466667 1 230.3 137.3 26.9 30.6
9.500000 1 229.9 136.9 27.4 30.5
9.533333 1 229.5 136.5 27.8 30.3
9.566667 1 229.2 136.2 28.3 30.1
9.600000 1 228.8 135.8 28.7 29.9
9.633333 1 228.5 135.5 29.2 29.7
9.666667 1 228.1 135.1 29.6 29.5
9.700000 1 227.7 134.7 30.1 29.4
9.733333 1 227.4 134.4 30.5 29.2
9.766667 1 227.0 134.0 31.0 29.0
9.800000 1 227.0 132.8 31.8 29.5
9.833333 1 227.0 131.7 32.7 30.0
9.866667 1 227.0 130.5 33.5 30.5
9.900000 1 227.0 129.3 34.3 31.0
9.933333 1 227.0 128.2 35.2 31.5
9.966667 1 227.0 127.0 36.0 32.0
