0.033333 1 389.0 19.0 43.0 41.0
0.066667 1 382.0 21.0 52.0 47.0
0.100000 1 379.0 40.0 62.0 39.0
0.133333 1 380.0 51.0 61.0 42.0
0.166667 1 385.0 71.0 56.0 44.0
0.200000 1 387.0 79.0 51.0 39.0
0.233333 1 387.0 79.0 41.0 36.0
0.266667 1 378.0 91.0 46.0 32.0
0.300000 1 378.0 91.0 50.0 44.0
0.333333 1 370.0 95.0 58.0 40.0
0.366667 1 374.0 106.0 46.0 31.0
0.400000 1 369.0 125.0 56.0 26.0
0.433333 1 369.0 133.0 45.0 43.0
0.466667 1 369.0 142.0 45.0 34.0
0.500000 1 369.0 142.0 48.0 37.0
0.533333 1 363.0 135.0 54.0 44.0
0.566667 1 361.0 136.0 49.0 54.0
0.600000 1 360.0 142.0 50.0 48.0
0.633333 1 354.0 164.0 59.0 32.0
0.666667 1 357.0 169.0 54.0 36.0
0.700000 1 358.0 180.0 44.0 32.0
0.733333 1 362.0 184.0 40.0 28.0
0.766667 1 362.0 184.0 37.0 33.0
0.800000 1 348.0 185.0 51.0 32.0
0.833333 1 348.0 185.0 59.0 41.0
0.866667 1 351.0 193.0 56.0 33.0
0.900000 1 350.0 208.0 53.0 42.0
0.933333 1 355.0 215.0 37.0 35.0
0.966667 1 355.0 215.0 35.0 28.0
1.000000 1 360.0 220.0 30.0 23.0
1.033333 1 354.0 218.0 41.0 27.0
1.066667 1 354.0 218.0 44.0 35.0
1.100000 1 350.0 230.0 48.0 23.0
1.133333 1 350.0 230.0 41.0 44.0
1.166667 1 353.0 235.0 38.0 39.0
1.200000 1 353.0 235.0 42.0 36.0
1.233333 1 358.0 237.0 37.0 34.0
1.266667 1 358.0 237.0 47.0 33.0
1.300000 1 357.0 237.0 48.0 33.0
1.333333 1 357.0 237.0 48.0 47.0
1.366667 1 362.0 260.0 43.0 24.0
1.400000 1 360.0 260.0 40.0 25.0
1.433333 1 363.0 262.0 37.0 23.0
1.466667 1 363.0 262.0 41.0 22.0
1.500000 1 366.0 258.0 38.0 26.0
1.533333 1 365.0 259.0 41.0 29.0
1.566667 1 366.0 260.0 48.0 40.0
1.600000 1 370.0 272.0 44.0 28.0
1.633333 1 370.0 272.0 42.0 35.0
1.666667 1 371.0 273.0 41.0 34.0
1.700000 1 371.0 273.0 42.0 26.0
1.733333 1 377.0 273.0 36.0 26.0
1.766667 1 377.0 273.0 40.0 25.0
1.800000 1 380.0 273.0 37.0 25.0
1.833333 1 380.0 273.0 46.0 37.0
1.866667 1 382.0 286.0 44.0 24.0
1.900000 1 383.0 287.0 40.0 30.0
1.933333 1 387.0 286.0 36.0 31.0
1.966667 1 387.0 286.0 33.0 23.0
2.000000 1 393.0 280.0 27.0 29.0
2.033333 1 393.0 280.0 33.0 34.0
2.066667 1 391.0 283.0 35.0 31.0
2.100000 1 391.0 283.0 44.0 36.0
2.133333 1 399.0 294.0 36.0 25.0
2.166667 1 399.0 294.0 35.0 31.0
2.200000 1 401.0 291.0 32.0 33.0
2.233333 1 401.0 291.0 36.0 30.0
2.266667 1 399.0 287.0 38.0 34.0
2.300000 1 399.0 287.0 42.0 36.0
2.333333 1 403.0 294.0 38.0 29.0
2.366667 1 403.0 294.0 39.0 33.0
2.400000 1 407.0 300.0 35.0 27.0
2.433333 1 407.0 300.0 40.0 33.0
2.466667 1 408.0 297.0 39.0 36.0
2.500000 1 409.0 297.0 35.0 27.0
2.533333 1 412.0 294.0 32.0 30.0
2.566667 1 412.0 294.0 38.0 37.0
2.600000 1 412.0 307.0 38.0 24.0
2.633333 1 412.0 307.0 39.0 30.0
2.666667 1 413.0 306.0 38.0 31.0
2.700000 1 413.0 306.0 38.0 26.0
2.733333 1 418.0 302.0 33.0 30.0
2.766667 1 418.0 302.0 41.0 29.0
2.800000 1 420.0 303.0 39.0 26.0
2.833333 1 420.0 309.0 40.0 24.0
2.866667 1 420.0 315.0 40.0 25.0
2.900000 1 424.0 315.0 36.0 25.0
2.933333 1 424.0 315.0 42.0 20.0
2.966667 1 426.0 302.0 40.0 33.0
3.000000 1 426.0 302.0 48.0 35.0
3.033333 1 426.0 303.0 48.0 33.0
3.066667 1 432.0 311.0 45.0 31.0
3.100000 1 432.0 313.0 41.6 30.2
3.133333 1 442.0 312.0 35.0 31.0
3.166667 1 443.0 305.0 34.0 38.0
3.200000 1 441.0 305.0 43.0 34.0
3.233333 1 441.0 300.0 43.0 39.0
3.266667 1 448.0 303.0 38.0 33.0
3.300000 1 453.0 310.0 33.0 23.0
3.333333 1 450.0 311.0 41.0 29.0
3.366667 1 453.0 309.0 38.0 31.0
3.400000 1 464.0 307.0 28.0 29.0
3.433333 1 463.0 298.0 30.0 30.0
3.466667 1 463.0 297.0 32.0 30.0
3.500000 1 467.2 296.7 40.1 32.2
3.533333 1 469.4 303.5 42.4 24.7
3.566667 1 465.3 300.3 52.0 37.0
3.600000 1 471.9 306.3 41.0 26.0
3.633333 1 476.8 304.4 40.0 26.0
3.666667 1 487.8 297.6 40.3 26.0
3.700000 1 490.0 296.3 40.3 26.1
3.733333 1 492.9 297.6 40.9 26.6
3.766667 1 495.8 297.2 41.2 26.7
3.800000 1 497.5 297.1 41.8 26.5
3.833333 1 502.2 295.6 41.8 27.0
3.866667 1 506.2 293.3 41.1 26.2
3.900000 1 506.4 290.4 40.3 25.8
3.933333 1 511.1 289.3 40.1 25.7
3.966667 1 513.6 290.3 40.2 25.8
4.000000 1 513.3 290.6 40.8 26.6
4.033333 1 516.0 291.0 41.0 26.0
4.066667 1 528.0 293.0 28.0 27.0
4.100000 1 531.0 285.0 24.0 30.0
4.133333 1 532.0 285.0 30.0 25.0
4.166667 1 549.0 285.0 29.0 30.0
4.200000 1 546.0 281.0 40.0 32.0
4.233333 1 559.0 276.0 28.0 31.0
4.266667 1 563.0 276.0 33.0 27.0
4.300000 1 566.0 279.0 33.0 24.0
4.333333 1 575.0 279.0 29.0 28.0
4.366667 1 573.0 279.0 35.0 29.0
4.400000 1 581.0 281.0 30.0 25.0
4.433333 1 584.0 279.0 27.0 26.0
4.466667 1 474.0 281.0 34.0 32.0
4.500000 1 466.0 275.0 27.0 37.0
4.533333 1 465.0 276.0 22.0 36.0
4.566667 1 452.0 271.0 30.0 38.0
4.600000 1 447.0 272.0 26.0 37.0
4.633333 1 435.0 268.0 28.0 36.0
4.666667 1 432.0 265.0 24.0 35.0
4.700000 1 419.0 264.0 26.0 36.0
4.733333 1 411.0 261.0 24.0 33.0
4.766667 1 405.0 261.0 27.0 33.0
4.800000 1 393.0 258.0 29.0 33.0
4.833333 1 383.0 255.0 33.0 33.0
4.866667 1 378.0 252.0 27.0 32.0
4.900000 1 372.0 253.0 27.0 26.0
4.933333 1 359.0 247.0 26.0 27.0
4.966667 1 352.0 241.0 29.0 30.0
5.000000 1 339.0 237.0 33.0 27.0
5.033333 1 334.0 232.0 29.0 35.0
5.066667 1 318.0 228.0 39.0 35.0
5.100000 1 310.0 226.0 31.0 32.0
5.133333 1 305.0 227.0 32.0 30.0
5.166667 1 292.0 224.0 30.0 29.0
5.200000 1 274.0 220.0 33.0 32.0
5.233333 1 274.0 220.0 30.0 33.0
5.266667 1 262.0 217.0 29.0 30.0
5.300000 1 259.0 214.0 27.0 33.0
5.333333 1 231.9 211.2 36.4 32.7
5.366667 1 226.3 210.3 35.2 31.1
5.400000 1 213.3 207.7 34.8 30.8
5.433333 1 200.3 203.9 34.3 30.5
5.466667 1 194.0 202.0 34.0 30.0
5.500000 1 178.7 191.4 25.4 33.5
5.533333 1 172.1 189.3 25.1 33.1
5.566667 1 158.0 184.3 25.4 33.4
5.600000 1 151.0 181.7 25.4 33.4
5.633333 1 137.0 177.0 25.0 33.0
5.666667 1 128.0 175.0 26.0 32.0
5.700000 1 116.0 168.0 25.0 34.0
5.733333 1 108.0 166.0 25.0 33.0
5.766667 1 92.0 158.0 29.0 41.0
5.800000 1 83.0 161.0 36.0 36.0
5.833333 1 72.0 154.0 28.0 41.0
5.866667 1 62.0 152.0 32.0 41.0
5.900000 1 49.0 146.0 29.0 41.0
5.933333 1 40.0 148.0 29.0 36.0
5.966667 1 505.0 28.0 278.0 140.0
5.966667 1 23.0 25.0 22.0 40.0
6.000000 1 501.0 276.0 25.0 21.0
6.033333 1 495.0 271.0 21.0 21.0
6.066667 1 488.0 264.0 22.0 22.0
6.100000 1 481.0 261.0 21.0 22.0
6.133333 1 465.0 253.0 30.0 28.0
6.166667 1 455.1 244.1 30.2 29.1
6.200000 1 450.7 241.5 29.9 28.9
6.233333 1 442.7 235.7 29.9 28.8
6.266667 1 433.8 228.2 30.3 29.2
6.300000 1 428.9 224.4 30.7 29.6
6.333333 1 420.0 218.1 29.9 28.8
6.366667 1 410.7 211.0 30.0 28.8
6.400000 1 406.0 207.8 30.1 28.9
6.433333 1 397.2 202.6 29.4 28.3
6.466667 1 392.0 200.5 30.1 28.9
6.500000 1 381.4 196.9 30.1 28.9
6.533333 1 376.7 193.7 30.4 29.2
6.566667 1 369.3 187.6 29.0 27.9
6.600000 1 364.5 183.6 29.6 28.4
6.633333 1 354.8 176.6 30.1 28.9
6.666667 1 345.3 170.0 29.9 28.7
6.700000 1 340.9 166.7 28.7 27.6
6.733333 1 331.2 161.1 28.0 26.9
6.766667 1 325.7 158.3 28.8 27.7
6.800000 1 316.1 153.3 28.3 27.1
6.833333 1 306.2 147.3 28.3 27.2
6.866667 1 301.5 144.3 27.8 26.7
6.900000 1 291.0 137.3 28.6 27.4
6.933333 1 280.9 130.3 28.5 27.4
6.966667 1 270.6 123.5 28.5 27.4
7.000000 1 265.8 120.3 27.8 26.7
7.033333 1 255.9 114.0 27.9 26.8
7.066667 1 250.9 110.9 27.9 26.8
7.100000 1 241.2 104.5 26.9 25.9
7.133333 1 235.9 101.7 27.0 25.9
7.166667 1 224.5 95.7 27.9 26.8
7.200000 1 219.4 93.1 27.5 26.4
7.233333 1 209.0 88.5 27.0 26.0
7.266667 1 197.8 83.7 28.0 26.9
7.300000 1 192.7 81.5 28.0 26.8
7.333333 1 183.0 77.7 26.9 25.8
7.366667 1 177.6 75.9 27.2 26.2
7.400000 1 167.1 72.3 26.8 25.7
7.433333 1 162.0 70.5 26.7 25.6
7.466667 1 151.5 67.6 26.5 25.4
7.500000 1 145.9 66.0 26.4 25.3
7.533333 1 135.1 64.1 26.0 25.0
7.566667 1 129.3 63.6 26.2 25.2
7.600000 1 118.2 62.2 26.2 25.1
7.633333 1 112.6 61.4 26.5 25.4
7.666667 1 101.5 60.2 26.4 25.4
7.700000 1 90.9 59.4 25.7 24.7
7.733333 1 80.1 58.1 25.7 24.6
7.766667 1 74.1 57.4 26.1 25.0
7.800000 1 63.2 57.5 25.3 24.3
7.833333 1 57.2 57.8 25.6 24.6
7.866667 1 45.8 58.6 25.4 24.4
7.900000 1 34.2 59.9 25.3 24.3
7.933333 1 28.4 60.5 25.0 24.0
7.966667 1 17.0 61.0 25.0 24.0
8.000000 1 166.0 353.0 17.5 27.6
8.033333 1 175.7 352.0 18.0 28.3
8.066667 1 182.0 349.9 18.1 28.5
8.100000 1 184.7 348.0 18.1 28.5
8.133333 1 191.1 343.3 18.8 29.9
8.166667 1 194.6 342.4 18.8 29.9
8.200000 1 202.4 340.9 18.7 29.8
8.233333 1 206.1 340.1 18.7 29.8
8.266667 1 212.5 338.1 18.7 29.8
8.300000 1 216.0 337.1 18.8 29.9
8.333333 1 222.7 334.0 19.2 30.5
8.366667 1 225.8 331.8 19.0 30.3
8.400000 1 231.7 326.3 18.9 30.1
8.433333 1 238.3 322.1 19.3 30.7
8.466667 1 242.1 320.5 19.2 30.6
8.500000 1 249.5 317.6 19.0 30.2
8.533333 1 252.8 315.8 19.0 30.2
8.566667 1 257.6 312.8 19.4 30.8
8.600000 1 260.8 310.5 19.7 31.1
8.633333 1 267.0 305.9 19.8 31.4
8.666667 1 272.6 299.8 19.8 31.3
8.700000 1 275.0 296.5 19.8 31.4
8.733333 1 277.8 293.1 20.0 31.8
8.766667 1 284.5 288.9 20.0 31.7
8.800000 1 291.2 284.4 19.9 31.6
8.833333 1 294.5 280.7 21.5 33.7
8.866667 1 297.5 278.0 21.6 33.9
8.900000 1 303.4 273.1 21.5 34.1
8.933333 1 305.7 270.2 21.6 34.1
8.966667 1 310.4 263.0 21.6 34.0
9.000000 1 312.6 259.6 21.6 34.0
9.033333 1 318.4 254.1 21.6 34.0
9.066667 1 321.5 251.7 21.5 33.9
9.100000 1 327.3 246.4 21.5 33.9
9.133333 1 331.2 242.3 21.7 34.2
9.166667 1 335.6 235.6 22.9 35.7
9.200000 1 338.2 233.3 22.5 35.3
9.233333 1 342.8 227.0 22.6 35.4
9.266667 1 344.9 223.1 22.7 35.5
9.300000 1 347.5 217.7 22.8 35.7
9.333333 1 352.3 212.0 22.8 35.7
9.366667 1 354.4 209.1 22.9 35.7
9.400000 1 358.5 203.3 22.8 35.6
9.433333 1 362.2 197.3 22.8 35.6
9.466667 1 363.7 194.1 22.9 35.8
9.500000 1 367.1 187.5 22.7 35.6
9.533333 1 368.4 184.2 23.0 35.9
9.566667 1 371.3 177.1 23.1 36.0
9.600000 1 373.7 170.1 22.9 35.8
9.633333 1 374.7 166.6 23.0 36.0
9.666667 1 376.5 159.2 23.1 36.1
9.700000 1 377.3 155.5 23.3 36.4
9.733333 1 378.8 147.8 23.3 36.6
9.766667 1 379.7 140.2 23.6 36.9
9.800000 1 380.2 136.6 23.7 37.0
9.833333 1 380.9 128.5 23.8 37.2
9.866667 1 381.0 120.9 24.0 37.8
9.900000 1 380.8 112.9 24.3 38.5
9.933333 1 380.7 109.0 24.3 38.6
9.966667 1 379.5 101.4 25.0 39.4
10.000000 1 377.8 94.3 25.5 39.8
10.033333 1 377.1 90.6 25.3 39.7
10.066667 1 375.9 86.8 25.7 40.2
10.100000 1 372.0 79.3 26.6 42.1
10.133333 1 370.0 75.0 27.0 43.0
