0.000000 1 41.7 180.2 31.9 29.1
0.033333 1 43.8 181.9 31.7 29.0
0.066667 1 48.5 184.3 32.2 29.4
0.100000 1 51.1 185.7 32.3 29.5
0.133333 1 56.3 189.4 32.2 29.4
0.166667 1 58.6 191.5 32.7 29.8
0.200000 1 63.5 10.0 196.1 97.0
0.200000 1 32.0 30.0 29.0 35.0
0.233333 1 65.9 16.0 198.4 101.0
0.233333 1 32.0 27.0 29.0 35.0
0.266667 1 70.3 21.0 202.5 100.0
0.266667 1 32.0 25.0 30.0 30.0
0.300000 1 75.0 23.0 207.0 100.0
0.300000 1 32.0 36.0 29.0 37.0
0.333333 1 77.3 28.0 209.4 102.0
0.333333 1 32.0 33.0 29.0 38.0
0.366667 1 81.5 35.0 213.5 104.0
0.366667 1 32.0 32.0 29.0 32.0
0.400000 1 85.4 38.0 217.5 105.0
0.400000 1 33.0 31.0 30.0 35.0
0.433333 1 87.5 43.0 219.8 104.0
0.433333 1 32.0 30.0 30.0 33.0
0.466667 1 91.7 49.0 224.4 102.0
0.466667 1 32.0 30.0 29.0 31.0
0.500000 1 93.4 58.0 226.5 105.0
0.500000 1 33.0 20.0 30.0 25.0
0.533333 1 97.4 56.0 231.3 99.0
0.533333 1 32.0 34.0 29.0 33.0
0.566667 1 98.9 58.0 233.5 105.0
0.566667 1 32.0 35.0 30.0 30.0
0.600000 1 102.5 60.0 238.4 102.0
0.600000 1 32.0 34.0 29.0 31.0
0.633333 1 104.3 66.0 240.5 106.0
0.633333 1 32.0 34.0 29.0 36.0
0.666667 1 107.8 72.0 245.5 109.0
0.666667 1 32.0 30.0 29.0 29.0
0.700000 1 109.3 80.0 248.0 110.0
0.700000 1 32.0 30.0 29.0 35.0
0.733333 1 112.4 81.0 252.6 105.0
0.733333 1 33.0 31.0 30.0 40.0
0.766667 1 115.6 83.0 257.5 105.0
0.766667 1 32.0 23.0 29.0 28.0
0.800000 1 117.2 83.0 260.2 99.0
0.800000 1 32.0 34.0 29.0 43.0
0.833333 1 120.2 86.0 265.0 98.0
0.833333 1 32.0 34.0 29.0 43.0
0.866667 1 122.0 91.0 267.4 104.0
0.866667 1 32.0 38.0 29.0 39.0
0.900000 1 124.9 95.0 272.3 110.0
0.900000 1 32.0 35.0 29.0 35.0
0.933333 1 127.8 103.0 277.1 113.0
0.933333 1 32.0 27.0 29.0 29.0
0.966667 1 130.7 104.0 281.7 115.0
0.966667 1 32.0 30.0 30.0 29.0
1.000000 1 132.5 107.0 284.2 117.0
1.000000 1 32.0 26.0 29.0 28.0
1.033333 1 135.2 109.0 288.8 113.0
1.033333 1 32.0 26.0 30.0 33.0
1.066667 1 138.4 112.0 293.5 112.0
1.066667 1 32.0 29.0 29.0 36.0
1.100000 1 139.5 110.0 295.5 112.0
1.100000 1 32.0 29.0 30.0 35.0
1.133333 1 142.7 114.0 300.5 114.0
1.133333 1 32.0 30.0 29.0 33.0
1.166667 1 110.5 145.2 117.5 305.5
1.166667 1 46.0 32.0 35.0 29.0
1.200000 1 113.3 146.3 121.6 307.7
1.200000 1 44.0 33.0 33.0 30.0
1.233333 1 114.7 149.3 122.8 312.5
1.233333 1 44.0 32.0 35.0 29.0
1.266667 1 116.2 150.4 112.9 314.6
1.266667 1 47.1 33.0 37.8 30.2
1.300000 1 118.2 153.5 115.7 319.2
1.300000 1 46.1 32.5 36.9 29.7
1.333333 1 119.8 154.8 117.6 321.2
1.333333 1 43.8 32.5 34.8 29.6
1.366667 1 121.5 157.2 119.1 325.5
1.366667 1 44.3 32.5 35.4 29.7
1.400000 1 123.7 159.6 121.9 329.6
1.400000 1 44.4 33.0 35.4 30.2
1.433333 1 125.2 161.0 123.9 331.6
1.433333 1 44.3 33.0 35.3 30.2
1.466667 1 126.8 162.2 126.3 333.6
1.466667 1 44.3 33.0 35.5 30.2
1.500000 1 127.0 166.4 135.8 340.2
1.500000 1 44.1 32.4 35.1 29.5
1.533333 1 127.9 167.9 138.2 342.4
1.533333 1 44.2 32.3 35.1 29.4
1.566667 1 128.8 169.1 140.2 344.4
1.566667 1 44.3 32.2 35.1 29.3
1.600000 1 130.2 171.7 142.9 348.5
1.600000 1 44.2 32.3 35.0 29.4
1.633333 1 131.0 173.0 143.6 350.4
1.633333 1 44.1 32.3 35.0 29.4
1.666667 1 133.2 175.6 145.9 354.2
1.666667 1 43.8 32.4 34.8 29.5
1.700000 1 134.3 176.9 147.5 356.1
1.700000 1 43.9 32.5 34.7 29.7
1.733333 1 136.4 179.7 152.3 360.4
1.733333 1 43.9 32.3 34.7 29.5
1.766667 1 137.4 181.1 155.2 362.4
1.766667 1 43.9 32.3 34.7 29.4
1.800000 1 139.1 183.8 161.5 366.5
1.800000 1 42.5 32.5 33.1 29.6
1.833333 1 140.5 186.6 166.7 370.5
1.833333 1 42.7 33.0 33.2 30.2
1.866667 1 141.6 189.4 169.4 374.6
1.866667 1 42.7 33.0 33.3 30.2
1.900000 1 142.1 190.8 170.2 376.6
1.900000 1 42.8 33.0 33.4 30.1
1.933333 1 144.5 194.0 173.1 380.9
1.933333 1 42.5 32.7 32.9 29.9
1.966667 1 145.6 195.4 174.7 382.7
1.966667 1 42.5 33.0 33.0 30.2
2.000000 1 148.2 198.3 179.5 387.1
2.000000 1 42.3 32.6 32.6 29.7
2.033333 1 149.1 199.6 182.6 389.4
2.033333 1 42.1 32.4 32.4 29.5
2.066667 1 151.3 202.5 187.9 393.5
2.066667 1 41.7 32.6 31.8 29.7
2.100000 1 153.4 205.1 192.5 397.5
2.100000 1 41.6 33.0 31.7 30.1
2.133333 1 153.8 206.5 193.9 399.6
2.133333 1 42.0 33.2 32.2 30.3
2.166667 1 154.7 209.7 195.5 403.7
2.166667 1 42.3 33.1 32.4 30.2
2.200000 1 156.6 212.7 198.4 408.1
2.200000 1 41.9 32.8 32.0 29.9
2.233333 1 157.5 214.1 200.3 410.1
2.233333 1 42.1 32.9 32.2 29.9
2.266667 1 159.2 217.1 204.6 414.3
2.266667 1 42.1 33.0 32.1 30.1
2.300000 1 159.9 218.3 206.6 416.3
2.300000 1 42.2 33.5 32.2 30.6
2.333333 1 160.7 220.9 210.6 420.5
2.333333 1 42.2 33.5 32.2 30.6
2.366667 1 162.0 224.0 214.0 425.0
2.366667 1 42.0 33.0 32.0 30.0
2.400000 1 226.0 167.0 430.0 217.0
2.400000 1 26.0 34.0 20.0 28.0
2.433333 1 230.0 171.0 435.0 214.0
2.433333 1 29.0 29.0 24.0 30.0
2.466667 1 230.0 172.0 441.0 216.0
2.466667 1 26.0 32.0 15.0 28.0
2.500000 1 233.0 174.0 443.0 211.0
2.500000 1 28.0 28.0 17.0 36.0
2.533333 1 237.0 168.0 447.0 209.0
2.533333 1 23.0 39.0 16.0 44.0
2.566667 1 236.0 168.0 438.0 211.0
2.566667 1 29.0 44.0 35.0 43.0
2.600000 1 238.0 171.0 450.0 217.0
2.600000 1 26.0 39.0 21.0 39.0
2.633333 1 236.0 174.0 453.0 226.0
2.633333 1 31.0 36.0 21.0 30.0
2.666667 1 176.2 240.0 230.5 457.0
2.666667 1 25.0 29.0 22.0 20.0
2.700000 1 176.8 240.0 233.6 457.0
2.700000 1 25.0 31.0 22.0 20.0
2.733333 1 179.5 244.0 231.9 464.0
2.733333 1 25.0 25.0 22.0 16.0
2.766667 1 182.1 231.6 25.0 22.0
2.800000 1 183.0 228.2 25.9 22.6
2.833333 1 184.8 231.6 25.4 22.0
2.866667 1 185.6 234.6 25.6 22.3
2.900000 1 185.7 236.1 26.1 22.9
2.933333 1 186.8 238.8 26.1 23.0
2.966667 1 187.1 239.8 26.1 23.0
3.000000 1 187.9 240.9 25.8 22.6
3.033333 1 188.5 241.3 25.7 22.4
3.066667 1 189.4 242.8 25.5 22.5
3.100000 1 189.7 243.9 26.2 23.1
3.133333 1 191.0 247.3 25.7 22.6
3.166667 1 191.4 249.0 25.5 22.4
3.200000 1 191.1 252.2 25.7 22.5
3.233333 1 191.7 253.7 25.3 22.0
3.266667 1 192.5 254.7 25.3 22.1
3.300000 1 192.8 254.9 25.3 21.9
3.333333 1 194.2 256.0 25.1 21.7
3.366667 1 195.5 258.5 24.8 21.2
3.400000 1 196.2 261.3 24.5 21.0
3.433333 1 196.0 262.6 24.8 21.2
3.466667 1 196.8 264.4 24.5 21.1
3.500000 1 197.1 265.4 24.4 20.8
3.533333 1 197.5 266.5 24.3 20.6
3.566667 1 197.7 267.5 25.0 21.3
3.600000 1 198.1 267.6 25.1 21.4
3.633333 1 199.5 268.1 24.8 21.0
3.666667 1 200.4 268.4 24.7 20.6
3.700000 1 201.8 269.7 24.2 20.1
3.733333 1 202.0 270.1 25.0 20.8
3.766667 1 203.7 272.0 23.9 19.7
3.800000 1 203.2 271.9 25.3 21.2
3.833333 1 204.5 272.8 24.9 20.8
3.866667 1 206.0 273.9 23.9 19.9
3.900000 1 206.5 274.0 23.7 19.6
3.933333 1 207.3 273.8 24.8 20.5
3.966667 1 207.8 273.8 24.6 20.6
4.000000 1 209.1 273.9 24.9 20.7
4.033333 1 209.8 273.8 24.7 20.7
4.066667 1 211.5 274.1 23.9 19.7
4.100000 1 212.1 273.7 24.0 20.1
4.133333 1 213.1 273.4 24.5 20.4
4.166667 1 213.5 273.0 25.0 20.9
4.200000 1 215.3 273.1 24.4 20.1
4.233333 1 217.3 273.1 23.5 19.5
4.266667 1 217.6 272.3 24.6 20.5
4.300000 1 219.1 272.1 24.7 20.5
4.333333 1 220.1 272.1 24.0 20.0
4.366667 1 221.4 271.4 24.6 20.4
4.400000 1 222.2 271.0 24.9 20.6
4.433333 1 224.6 271.1 23.5 19.4
4.466667 1 225.2 270.4 24.3 20.2
4.500000 1 226.6 270.0 24.6 20.4
4.533333 1 227.5 269.4 24.5 20.3
4.566667 1 229.3 269.1 24.6 20.4
4.600000 1 230.7 269.1 23.5 19.3
4.633333 1 232.1 268.2 24.5 20.1
4.666667 1 234.9 268.1 23.6 19.3
4.700000 1 235.3 267.2 24.7 20.3
4.733333 1 237.3 266.4 24.4 20.0
4.766667 1 238.6 265.8 23.8 19.7
4.800000 1 240.9 265.3 24.3 20.4
4.833333 1 242.5 266.3 23.1 19.3
4.866667 1 244.7 266.8 23.4 19.1
4.900000 1 244.2 266.2 22.9 18.7
4.933333 1 245.4 266.5 22.3 18.3
4.966667 1 247.4 265.6 23.4 19.7
5.000000 1 250.8 265.6 22.4 18.6
5.033333 1 251.3 264.2 22.5 18.6
5.066667 1 254.6 264.9 21.5 17.7
5.100000 1 256.4 265.1 22.3 18.5
5.133333 1 257.6 265.1 22.3 18.5
5.166667 1 261.6 266.0 22.9 19.0
5.200000 1 264.3 265.6 23.6 19.6
5.233333 1 266.3 265.6 22.7 18.5
5.266667 1 266.8 261.0 23.9 19.5
5.300000 1 270.6 261.2 23.3 18.9
5.333333 1 271.8 260.9 24.0 19.7
5.366667 1 275.0 261.3 23.9 19.5
5.400000 1 276.2 261.0 25.2 20.8
5.433333 1 279.6 260.1 25.8 21.6
5.466667 1 281.6 259.9 25.5 21.2
5.500000 1 283.5 256.4 27.0 22.2
5.533333 1 285.3 255.1 27.2 22.5
5.566667 1 289.4 255.0 27.1 22.3
5.600000 1 294.0 255.5 26.5 21.8
5.633333 1 297.9 255.4 27.6 22.9
5.666667 1 299.6 255.6 27.9 23.3
5.700000 1 304.2 255.2 27.1 22.4
5.733333 1 306.1 254.1 27.2 22.4
5.766667 1 309.8 252.1 27.7 22.9
5.800000 1 314.1 250.9 27.5 22.9
5.833333 1 316.8 251.2 27.0 22.4
5.866667 1 321.2 252.9 28.3 23.5
5.900000 1 325.6 252.3 28.6 23.7
5.933333 1 328.0 253.1 27.8 22.7
5.966667 1 331.5 252.3 28.8 23.6
6.000000 1 332.8 251.1 29.8 24.7
6.033333 1 337.2 247.7 29.7 24.2
6.066667 1 341.5 247.6 29.9 24.6
6.100000 1 344.5 248.0 29.2 23.8
6.133333 1 349.6 247.6 29.4 24.1
6.166667 1 352.1 247.8 29.6 24.3
6.200000 1 356.2 250.0 29.5 24.3
6.233333 1 358.4 250.3 29.3 24.0
6.266667 1 362.3 249.4 30.7 25.5
6.300000 1 364.3 249.2 30.8 25.5
6.333333 1 369.8 246.7 32.0 26.1
6.366667 1 371.7 246.0 32.5 26.7
6.400000 1 377.2 246.2 32.0 26.4
6.433333 1 380.0 246.5 32.2 26.6
6.466667 1 385.5 246.9 32.2 26.3
6.500000 1 390.6 247.5 31.7 26.0
6.533333 1 392.8 247.5 31.6 25.8
6.566667 1 397.1 247.1 32.2 26.5
6.600000 1 399.6 247.3 31.7 25.8
6.633333 1 404.7 245.9 32.2 26.2
6.666667 1 409.7 244.7 31.8 25.9
6.700000 1 414.4 243.6 31.7 26.1
6.733333 1 416.8 242.7 32.2 26.3
6.766667 1 421.8 240.8 31.6 25.8
6.800000 1 424.1 239.8 31.6 25.8
6.833333 1 428.2 237.6 31.6 25.9
6.866667 1 432.8 234.9 31.3 25.5
6.900000 1 435.0 233.3 31.7 25.8
6.933333 1 440.0 229.7 31.3 25.5
6.966667 1 444.1 225.8 31.5 25.8
7.000000 1 446.1 223.6 31.9 26.3
7.033333 1 448.0 221.6 32.2 26.5
7.066667 1 452.5 217.3 31.6 26.0
7.100000 1 454.7 215.0 31.5 25.6
7.133333 1 458.4 209.9 32.2 26.3
7.166667 1 460.2 207.4 31.9 26.3
7.200000 1 464.0 202.3 31.7 25.8
7.233333 1 465.8 199.7 31.3 25.5
7.266667 1 468.6 193.2 32.2 26.4
7.300000 1 470.3 190.1 32.1 26.2
7.333333 1 473.5 183.6 32.0 26.1
7.366667 1 476.2 176.2 32.6 26.7
7.400000 1 477.1 172.3 33.6 27.5
7.433333 1 481.6 161.6 32.8 26.7
7.466667 1 482.9 158.0 32.5 26.7
7.500000 1 485.5 150.6 31.8 25.8
7.533333 1 486.4 146.3 32.3 26.4
7.566667 1 488.1 137.6 33.1 27.2
7.600000 1 488.9 133.4 33.3 27.2
7.633333 1 491.2 125.5 32.1 26.2
7.666667 1 492.5 116.6 32.7 26.6
7.700000 1 493.3 112.1 32.8 26.8
7.733333 1 494.4 103.3 33.1 27.0
7.766667 1 495.0 98.9 32.9 26.8
7.800000 1 496.4 90.2 32.0 26.1
7.833333 1 496.4 85.4 32.9 27.0
7.866667 1 497.8 76.3 32.1 26.2
7.900000 1 498.2 66.5 33.0 27.2
7.933333 1 499.6 57.7 31.7 25.8
7.966667 1 120.3 499.2 8.1 52.6
7.966667 1 32.6 32.9 24.5 27.1
8.000000 1 126.2 500.1 14.5 43.4
8.000000 1 33.0 31.8 25.0 25.9
8.033333 1 129.5 500.1 17.9 38.6
8.033333 1 32.6 32.0 24.5 26.2
8.066667 1 135.7 500.4 24.2 29.4
8.066667 1 32.4 31.8 24.4 26.0
8.100000 1 138.7 500.5 27.2 24.6
8.100000 1 32.4 31.5 24.4 25.7
8.133333 1 144.7 500.3 32.9 14.7
8.133333 1 32.6 31.7 24.5 25.9
8.166667 1 147.7 500.0 35.8 10.0
8.166667 1 32.0 32.0 24.0 26.0
8.200000 1 153.5 41.3 33.0 25.0
8.233333 1 159.7 46.9 32.6 24.6
8.266667 1 162.5 49.4 33.1 25.0
8.300000 1 168.5 54.3 33.0 24.9
8.333333 1 174.4 59.4 32.6 24.6
8.366667 1 180.0 63.3 32.7 24.5
8.400000 1 185.5 67.7 32.8 24.7
8.433333 1 188.4 69.9 32.5 24.4
8.466667 1 196.5 75.8 32.2 24.1
8.500000 1 202.0 80.2 32.0 24.1
8.533333 1 204.7 82.3 32.0 24.1
8.566667 1 210.0 86.1 31.9 24.0
8.600000 1 212.4 88.1 32.2 24.3
8.633333 1 217.2 92.1 32.2 24.3
8.666667 1 222.1 96.2 31.9 24.1
8.700000 1 224.3 98.3 32.1 24.3
8.733333 1 229.0 102.3 31.9 24.1
8.766667 1 230.9 104.3 31.9 24.1
8.800000 1 235.1 108.2 32.0 24.2
8.833333 1 239.1 112.2 32.0 24.1
8.866667 1 241.1 114.3 31.9 24.1
8.900000 1 245.1 118.4 32.0 24.2
8.933333 1 249.0 122.8 31.9 24.0
8.966667 1 250.8 125.0 31.9 23.9
9.000000 1 254.5 129.1 32.0 24.1
9.033333 1 258.1 133.7 31.9 24.0
9.066667 1 260.0 136.0 31.8 23.9
9.100000 1 263.3 140.4 32.1 24.3
9.133333 1 265.1 142.5 31.9 24.1
9.166667 1 268.3 147.0 32.1 24.2
9.200000 1 270.1 149.4 31.8 24.1
9.233333 1 273.2 153.7 32.1 24.1
9.266667 1 274.9 155.9 31.8 23.9
9.300000 1 278.0 160.5 31.7 23.9
9.333333 1 281.1 164.7 31.7 23.9
9.366667 1 282.5 166.8 31.9 24.0
9.400000 1 285.2 171.5 31.9 24.2
9.433333 1 286.6 173.8 31.9 24.0
9.466667 1 289.0 178.5 31.8 24.0
9.500000 1 291.2 183.0 32.0 24.0
9.533333 1 292.3 185.2 32.1 24.2
9.566667 1 294.9 189.6 31.7 23.9
9.600000 1 296.0 191.9 31.8 23.9
9.633333 1 298.1 196.2 31.7 23.9
9.666667 1 299.0 198.4 31.7 23.9
9.700000 1 300.8 203.3 31.7 23.9
9.733333 1 301.7 205.4 31.9 24.0
9.766667 1 303.2 209.8 32.4 24.4
9.800000 1 304.3 212.5 32.1 24.1
9.833333 1 306.1 217.3 31.8 24.0
9.866667 1 307.0 219.7 31.7 23.9
9.900000 1 308.5 224.8 31.9 24.0
9.933333 1 309.2 227.2 32.0 24.1
9.966667 1 310.7 232.3 31.8 24.0
10.000000 1 311.3 234.7 32.0 24.0
10.033333 1 312.9 240.1 31.7 23.8
10.066667 1 313.5 242.5 31.9 24.1
10.100000 1 314.7 247.8 31.8 23.8
10.133333 1 315.9 253.5 31.7 23.9
10.166667 1 316.4 255.8 32.0 24.0
10.200000 1 317.6 261.3 31.8 24.0
10.233333 1 318.2 264.1 31.7 23.8
10.266667 1 319.1 269.4 31.6 23.8
10.300000 1 319.3 272.2 31.9 24.1
10.333333 1 320.0 278.0 31.7 23.8
10.366667 1 320.2 280.8 31.9 23.9
10.400000 1 320.9 286.8 31.7 23.8
10.433333 1 321.1 292.5 31.8 23.9
10.466667 1 321.1 295.5 31.8 24.0
10.500000 1 321.2 301.6 32.0 24.0
10.533333 1 321.2 304.6 32.1 24.1
10.566667 1 321.2 310.4 32.0 24.1
10.600000 1 321.2 316.4 31.8 24.0
10.633333 1 321.1 319.3 31.8 23.9
10.666667 1 320.7 325.2 31.9 24.0
10.700000 1 320.1 331.3 32.3 24.3
10.733333 1 319.8 337.5 31.9 24.0
10.766667 1 319.5 340.5 32.1 24.2
10.800000 1 319.2 346.8 32.2 24.2
10.833333 1 319.1 350.2 31.8 23.9
10.866667 1 319.0 357.0 32.0 24.0
10.900000 1 320.0 363.0 25.0 27.0
