0.033333 1 215.8 82.1 274.8 168.2
0.033333 1 123.5 409.8 137.0 222.9
0.033333 1 304.7 300.0 318.5 285.9
0.033333 1 115.0 190.0 34.0 30.0
0.033333 1 27.0 39.0 30.0 42.0
0.033333 1 37.0 37.0 31.0 28.0
0.033333 1 32.0 33.0 29.0 36.0
0.066667 1 216.5 82.8 275.4 168.9
0.066667 1 123.7 408.4 138.0 222.7
0.066667 1 303.3 299.9 317.3 285.3
0.066667 1 115.9 196.0 34.0 29.0
0.066667 1 28.0 39.0 29.0 43.0
0.066667 1 36.0 38.0 31.0 29.0
0.066667 1 33.0 33.0 30.0 30.0
0.100000 1 217.4 83.5 277.6 174.7
0.100000 1 128.8 407.2 138.0 221.9
0.100000 1 301.0 299.7 319.5 288.8
0.100000 1 114.7 196.0 34.0 30.0
0.100000 1 27.0 30.0 20.0 43.0
0.100000 1 29.0 37.0 31.0 28.0
0.100000 1 26.0 22.0 31.0 24.0
0.133333 1 217.5 81.9 277.7 171.3
0.133333 1 127.0 405.9 138.0 220.5
0.133333 1 297.4 299.0 314.9 285.4
0.133333 1 113.6 193.0 34.0 33.0
0.133333 1 28.0 38.0 23.0 43.0
0.133333 1 29.0 38.0 34.0 29.0
0.133333 1 32.0 26.0 31.0 27.0
0.166667 1 217.8 82.9 278.6 172.3
0.166667 1 127.4 403.9 138.0 222.2
0.166667 1 299.3 301.0 316.4 287.5
0.166667 1 116.5 193.0 34.0 29.0
0.166667 1 27.0 37.0 21.0 43.0
0.166667 1 27.0 38.0 30.0 28.0
0.166667 1 31.0 23.0 30.0 30.0
0.200000 1 218.8 83.1 279.6 176.5
0.200000 1 128.0 402.2 133.0 223.1
0.200000 1 298.2 301.8 319.2 288.1
0.200000 1 116.8 197.0 35.0 32.0
0.200000 1 28.0 31.0 21.0 43.0
0.200000 1 32.0 38.0 33.0 29.0
0.200000 1 26.0 24.0 31.0 26.0
0.233333 1 219.6 82.9 280.6 176.0
0.233333 1 125.4 400.8 133.0 223.8
0.233333 1 298.2 302.4 318.1 286.5
0.233333 1 117.9 197.0 34.0 31.0
0.233333 1 28.0 33.0 25.0 43.0
0.233333 1 28.0 38.0 32.0 29.0
0.233333 1 28.0 29.0 30.0 26.0
0.266667 1 220.1 82.4 281.4 177.5
0.266667 1 127.3 399.0 126.0 223.3
0.266667 1 297.0 302.0 318.2 288.3
0.266667 1 117.4 193.0 34.0 32.0
0.266667 1 28.0 31.0 21.0 43.0
0.266667 1 35.0 38.0 33.0 29.0
0.266667 1 26.0 24.0 31.0 30.0
0.300000 1 220.7 83.2 282.3 179.1
0.300000 1 127.5 397.4 126.0 223.7
0.300000 1 296.7 302.7 318.9 288.8
0.300000 1 118.8 193.0 34.0 30.0
0.300000 1 29.0 29.0 20.0 43.0
0.300000 1 34.0 38.0 32.0 30.0
0.300000 1 25.0 23.0 30.0 32.0
0.333333 1 222.6 82.8 284.6 175.6
0.333333 1 126.2 396.8 124.0 223.5
0.333333 1 293.9 302.6 312.9 286.2
0.333333 1 118.5 190.0 33.0 33.0
0.333333 1 27.0 39.0 25.0 43.0
0.333333 1 36.0 37.0 35.0 28.0
0.333333 1 34.0 28.0 30.0 35.0
0.366667 1 223.8 81.8 285.2 178.5
0.366667 1 128.4 396.0 124.0 222.6
0.366667 1 290.7 301.2 312.6 287.2
0.366667 1 117.5 190.0 33.0 36.0
0.366667 1 29.0 36.0 21.0 43.0
0.366667 1 32.0 36.0 37.0 30.0
0.366667 1 31.0 24.0 30.0 36.0
0.400000 1 224.9 81.6 286.4 180.0
0.400000 1 128.4 394.9 117.0 221.8
0.400000 1 288.4 300.8 312.3 286.4
0.400000 1 117.3 193.0 33.0 37.0
0.400000 1 29.0 34.0 21.0 43.0
0.400000 1 39.0 36.0 38.0 30.0
0.400000 1 29.0 23.0 31.0 33.0
0.433333 1 225.6 81.5 287.1 182.1
0.433333 1 128.1 393.9 117.0 220.7
0.433333 1 286.6 300.2 312.2 285.3
0.433333 1 117.3 193.0 33.0 37.0
0.433333 1 29.0 31.0 21.0 43.0
0.433333 1 36.0 37.0 38.0 30.0
0.433333 1 26.0 24.0 31.0 26.0
0.466667 1 226.9 83.6 289.1 185.3
0.466667 1 126.4 393.0 117.0 220.8
0.466667 1 287.4 300.2 313.6 283.2
0.466667 1 117.5 194.0 32.0 33.0
0.466667 1 28.0 27.0 26.0 43.0
0.466667 1 36.0 36.0 35.0 29.0
0.466667 1 22.0 28.0 30.0 25.0
0.500000 1 226.8 80.8 289.3 182.7
0.500000 1 125.2 390.9 117.0 220.3
0.500000 1 285.1 300.1 311.0 282.9
0.500000 1 116.8 194.0 33.0 37.0
0.500000 1 28.0 32.0 26.0 43.0
0.500000 1 33.0 37.0 39.0 29.0
0.500000 1 26.0 30.0 31.0 23.0
0.533333 1 227.8 82.2 289.8 185.3
0.533333 1 127.6 389.6 115.0 220.6
0.533333 1 286.1 299.8 312.6 286.1
0.533333 1 117.8 193.0 33.0 34.0
0.533333 1 28.0 27.0 21.0 43.0
0.533333 1 32.0 36.0 36.0 29.0
0.533333 1 22.0 24.0 30.0 24.0
0.566667 1 229.0 80.5 290.9 186.3
0.566667 1 126.8 388.8 111.0 221.0
0.566667 1 284.4 299.7 312.8 285.6
0.566667 1 118.1 191.0 32.0 38.0
0.566667 1 28.0 27.0 23.0 43.0
0.566667 1 36.0 36.0 40.0 29.0
0.566667 1 22.0 26.0 30.0 26.0
0.600000 1 229.7 82.0 292.1 187.4
0.600000 1 128.3 387.7 111.0 221.0
0.600000 1 285.6 299.5 312.5 288.0
0.600000 1 118.7 191.0 33.0 37.0
0.600000 1 28.0 27.0 21.0 43.0
0.600000 1 36.0 37.0 38.0 30.0
0.600000 1 22.0 24.0 30.0 33.0
0.633333 1 230.6 83.9 292.1 187.3
0.633333 1 127.5 386.8 108.0 220.0
0.633333 1 286.0 298.2 310.9 286.3
0.633333 1 119.0 196.0 33.0 32.0
0.633333 1 29.0 27.0 22.0 43.0
0.633333 1 37.0 37.0 34.0 30.0
0.633333 1 22.0 25.0 30.0 26.0
0.666667 1 232.4 79.3 294.0 188.2
0.666667 1 127.3 386.0 104.0 218.9
0.666667 1 279.6 297.0 308.8 284.7
0.666667 1 117.7 194.0 32.0 42.0
0.666667 1 28.0 27.0 23.0 43.0
0.666667 1 41.0 36.0 44.0 29.0
0.666667 1 22.0 26.0 31.0 28.0
0.700000 1 234.2 83.6 294.9 183.5
0.700000 1 128.2 385.6 104.0 218.0
0.700000 1 281.5 295.1 301.4 284.2
0.700000 1 117.1 194.0 32.0 37.0
0.700000 1 30.0 40.0 24.0 43.0
0.700000 1 33.0 36.0 38.0 31.0
0.700000 1 33.0 27.0 30.0 28.0
0.733333 1 234.8 83.1 296.0 188.1
0.733333 1 125.9 384.7 108.0 215.7
0.733333 1 279.3 294.0 302.8 281.0
0.733333 1 116.0 193.0 32.0 36.0
0.733333 1 28.0 30.0 27.0 43.0
0.733333 1 29.0 36.0 38.0 29.0
0.733333 1 25.0 30.0 30.0 29.0
0.766667 1 235.8 82.6 296.0 182.5
0.766667 1 129.0 383.9 108.0 214.0
0.766667 1 277.1 291.9 295.0 282.8
0.766667 1 115.2 193.0 32.0 38.0
0.766667 1 29.0 42.0 21.0 43.0
0.766667 1 27.0 36.0 39.0 30.0
0.766667 1 36.0 24.0 31.0 24.0
0.800000 1 237.5 86.0 298.2 184.3
0.800000 1 126.4 383.7 100.0 212.1
0.800000 1 278.2 290.6 293.9 278.2
0.800000 1 114.0 188.0 32.0 32.0
0.800000 1 28.0 41.0 28.0 43.0
0.800000 1 35.0 36.0 33.0 29.0
0.800000 1 34.0 31.0 30.0 29.0
0.833333 1 239.0 86.2 298.6 188.8
0.833333 1 130.6 383.3 100.0 211.0
0.833333 1 277.8 289.3 296.4 282.3
0.833333 1 113.6 188.0 32.0 33.0
0.833333 1 28.0 33.0 20.0 43.0
0.833333 1 31.0 36.0 34.0 29.0
0.833333 1 27.0 23.0 30.0 27.0
0.866667 1 239.3 84.9 298.1 186.8
0.866667 1 130.6 381.8 96.0 211.1
0.866667 1 278.7 289.0 295.1 284.5
0.866667 1 114.8 188.0 32.0 33.0
0.866667 1 29.0 36.0 18.0 43.0
0.866667 1 32.0 36.0 34.0 30.0
0.866667 1 29.0 21.0 30.0 29.0
0.900000 1 239.1 84.7 297.9 189.9
0.900000 1 129.3 380.1 92.0 210.0
0.900000 1 279.1 288.3 297.3 284.2
0.900000 1 114.7 190.0 33.0 32.0
0.900000 1 29.0 28.0 19.0 43.0
0.900000 1 36.0 37.0 33.0 30.0
0.900000 1 23.0 21.0 31.0 27.0
0.933333 1 240.7 82.8 299.4 190.3
0.933333 1 127.0 379.5 92.0 209.0
0.933333 1 277.0 287.3 295.5 281.3
0.933333 1 114.8 190.0 32.0 37.0
0.933333 1 28.0 29.0 24.0 43.0
0.933333 1 33.0 36.0 38.0 29.0
0.933333 1 23.0 27.0 30.0 28.0
0.966667 1 242.1 83.6 300.2 187.1
0.966667 1 130.6 379.7 93.0 207.4
0.966667 1 276.0 285.7 290.4 283.5
0.966667 1 114.1 190.0 33.0 37.0
0.966667 1 28.0 37.0 18.0 42.0
0.966667 1 32.0 36.0 38.0 29.0
0.966667 1 30.0 21.0 30.0 28.0
1.000000 1 243.3 85.5 299.9 188.1
1.000000 1 129.4 379.3 93.0 206.7
1.000000 1 277.7 284.8 290.3 282.2
1.000000 1 114.9 190.0 32.0 33.0
1.000000 1 29.0 35.0 20.0 42.0
1.000000 1 30.0 36.0 34.0 30.0
1.000000 1 28.0 23.0 30.0 31.0
1.033333 1 243.0 80.5 299.7 192.4
1.033333 1 128.7 377.3 86.0 205.8
1.033333 1 274.1 284.6 294.3 282.7
1.033333 1 116.1 191.0 33.0 42.0
1.033333 1 28.0 24.0 20.0 43.0
1.033333 1 37.0 37.0 43.0 30.0
1.033333 1 18.0 22.0 30.0 30.0
1.066667 1 244.1 82.9 299.8 192.2
1.066667 1 128.6 376.5 85.0 204.2
1.066667 1 276.1 282.8 292.3 282.1
1.066667 1 115.9 190.0 33.0 37.0
1.066667 1 29.0 25.0 20.0 42.0
1.066667 1 33.0 37.0 38.0 30.0
1.066667 1 19.0 22.0 30.0 27.0
1.100000 1 245.5 81.3 301.1 189.8
1.100000 1 126.1 376.5 85.0 202.8
1.100000 1 273.3 282.1 288.3 278.4
1.100000 1 116.2 190.0 33.0 42.0
1.100000 1 28.0 31.0 27.0 42.0
1.100000 1 33.0 37.0 43.0 29.0
1.100000 1 24.0 29.0 30.0 27.0
1.133333 1 246.7 84.0 300.8 190.5
1.133333 1 129.0 375.5 85.0 202.9
1.133333 1 276.8 281.5 289.1 282.4
1.133333 1 117.6 190.0 32.0 35.0
1.133333 1 29.0 29.0 20.0 42.0
1.133333 1 27.0 36.0 36.0 30.0
1.133333 1 22.0 23.0 30.0 33.0
1.166667 1 247.4 83.9 300.4 191.5
1.166667 1 129.6 374.5 86.0 202.0
1.166667 1 277.0 280.2 288.8 283.3
1.166667 1 119.2 196.0 32.0 35.0
1.166667 1 29.0 27.0 18.0 41.0
1.166667 1 28.0 36.0 36.0 31.0
1.166667 1 21.0 20.0 29.0 28.0
1.200000 1 248.1 82.1 300.0 192.2
1.200000 1 127.6 373.6 82.0 199.0
1.200000 1 273.7 277.4 287.0 279.8
1.200000 1 118.9 193.0 33.0 39.0
1.200000 1 30.0 25.0 22.0 41.0
1.200000 1 32.0 36.0 40.0 32.0
1.200000 1 19.0 24.0 29.0 31.0
1.233333 1 249.0 84.2 299.8 190.4
1.233333 1 126.9 372.9 82.0 196.2
1.233333 1 273.2 274.9 283.1 276.9
1.233333 1 118.0 193.0 32.0 35.0
1.233333 1 30.0 28.0 22.0 41.0
1.233333 1 25.0 36.0 35.0 32.0
1.233333 1 21.0 25.0 30.0 26.0
1.266667 1 248.9 80.9 298.6 187.8
1.266667 1 127.4 371.2 76.0 196.3
1.266667 1 272.6 275.1 282.6 280.0
1.266667 1 120.8 190.0 32.0 39.0
1.266667 1 31.0 31.0 18.0 41.0
1.266667 1 31.0 36.0 40.0 32.0
1.266667 1 23.0 21.0 29.0 29.0
1.300000 1 249.0 82.3 297.7 186.0
1.300000 1 127.1 369.6 76.0 198.0
1.300000 1 277.5 276.6 283.6 283.2
1.300000 1 124.8 190.0 31.0 34.0
1.300000 1 31.0 33.0 17.0 40.0
1.300000 1 30.0 35.0 35.0 32.0
1.300000 1 25.0 20.0 29.0 34.0
1.333333 1 250.0 82.1 297.2 185.0
1.333333 1 127.6 367.8 69.0 198.6
1.333333 1 278.8 276.1 283.5 285.1
1.333333 1 127.4 198.0 31.0 36.0
1.333333 1 32.0 35.0 17.0 40.0
1.333333 1 37.0 35.0 37.0 33.0
1.333333 1 27.0 20.0 29.0 26.0
1.366667 1 251.4 82.3 297.1 188.7
1.366667 1 127.9 367.3 69.0 197.2
1.366667 1 277.6 274.6 285.2 284.5
1.366667 1 128.2 198.0 31.0 36.0
1.366667 1 32.0 28.0 17.0 40.0
1.366667 1 35.0 35.0 37.0 34.0
1.366667 1 21.0 19.0 29.0 31.0
1.400000 1 251.8 83.0 296.1 188.4
1.400000 1 126.5 365.1 69.0 195.8
1.400000 1 277.6 273.3 283.9 283.2
1.400000 1 129.2 193.0 30.0 33.0
1.400000 1 32.0 27.0 17.0 41.0
1.400000 1 33.0 34.0 34.0 34.0
1.400000 1 20.0 20.0 30.0 35.0
1.433333 1 251.8 81.1 295.1 188.5
1.433333 1 126.0 363.4 65.0 195.5
1.433333 1 277.0 273.3 285.4 284.7
1.433333 1 131.7 200.0 30.0 36.0
1.433333 1 32.0 25.0 17.0 41.0
1.433333 1 37.0 34.0 37.0 34.0
1.433333 1 18.0 19.0 30.0 28.0
1.466667 1 251.5 78.3 294.4 185.7
1.466667 1 124.0 361.2 64.0 195.4
1.466667 1 276.1 273.3 284.1 284.9
1.466667 1 134.0 199.0 30.0 40.0
1.466667 1 32.0 28.0 18.0 41.0
1.466667 1 31.0 34.0 41.0 33.0
1.466667 1 22.0 21.0 30.0 32.0
1.500000 1 252.4 81.3 293.8 183.0
1.500000 1 124.1 360.2 64.0 194.2
1.500000 1 277.5 272.1 280.6 284.6
1.500000 1 135.7 202.0 30.0 34.0
1.500000 1 32.0 33.0 17.0 41.0
1.500000 1 31.0 34.0 35.0 33.0
1.500000 1 26.0 19.0 30.0 29.0
1.533333 1 253.4 81.8 294.3 180.4
1.533333 1 124.1 359.1 63.0 192.2
1.533333 1 275.6 271.0 276.4 282.7
1.533333 1 136.3 201.0 29.0 34.0
1.533333 1 30.0 38.0 17.0 41.0
1.533333 1 33.0 34.0 34.0 31.0
1.533333 1 30.0 19.0 30.0 29.0
1.566667 1 254.0 80.9 293.4 183.5
1.566667 1 121.6 358.1 57.0 193.4
1.566667 1 277.3 271.8 281.5 282.9
1.566667 1 140.0 202.0 29.0 36.0
1.566667 1 30.0 31.0 21.0 40.0
1.566667 1 39.0 34.0 37.0 31.0
1.566667 1 24.0 23.0 30.0 32.0
1.600000 1 254.4 82.2 292.8 184.3
1.600000 1 120.2 356.1 58.0 193.4
1.600000 1 279.1 271.4 282.7 282.3
1.600000 1 141.6 205.0 29.0 33.0
1.600000 1 30.0 29.0 23.0 41.0
1.600000 1 38.0 33.0 33.0 31.0
1.600000 1 22.0 25.0 30.0 29.0
1.633333 1 254.6 81.6 291.8 184.5
1.633333 1 120.8 354.4 58.0 192.3
1.633333 1 277.6 270.5 282.5 281.8
1.633333 1 142.7 205.0 29.0 33.0
1.633333 1 29.0 27.0 21.0 41.0
1.633333 1 31.0 33.0 34.0 30.0
1.633333 1 20.0 23.0 31.0 26.0
1.666667 1 255.6 82.0 292.2 184.4
1.666667 1 121.7 352.9 56.0 193.3
1.666667 1 279.6 272.0 284.1 284.5
1.666667 1 145.2 208.0 29.0 33.0
1.666667 1 28.0 27.0 19.0 42.0
1.666667 1 33.0 33.0 34.0 29.0
1.666667 1 20.0 22.0 31.0 23.0
1.700000 1 255.5 81.6 290.2 180.0
1.700000 1 122.5 351.0 56.0 193.7
1.700000 1 280.6 271.4 281.7 287.1
1.700000 1 147.2 208.0 29.0 33.0
1.700000 1 29.0 35.0 16.0 42.0
1.700000 1 33.0 33.0 34.0 30.0
1.700000 1 26.0 18.0 31.0 30.0
1.733333 1 255.4 81.3 289.2 181.8
1.733333 1 121.1 348.9 50.0 193.0
1.733333 1 280.2 271.1 283.4 285.9
1.733333 1 148.8 208.0 29.0 32.0
1.733333 1 27.0 28.0 17.0 42.0
1.733333 1 37.0 33.0 33.0 28.0
1.733333 1 21.0 19.0 31.0 29.0
1.766667 1 255.9 81.4 288.5 182.1
1.766667 1 121.1 347.8 50.0 193.4
1.766667 1 280.1 271.2 284.0 285.8
1.766667 1 151.0 208.0 29.0 32.0
1.766667 1 27.0 28.0 16.0 42.0
1.766667 1 34.0 33.0 33.0 28.0
1.766667 1 21.0 19.0 31.0 33.0
1.800000 1 256.6 80.1 288.1 182.0
1.800000 1 121.8 346.9 51.0 192.9
1.800000 1 277.8 270.4 283.2 285.5
1.800000 1 151.9 207.0 29.0 36.0
1.800000 1 26.0 28.0 15.0 42.0
1.800000 1 33.0 33.0 37.0 27.0
1.800000 1 21.0 17.0 31.0 34.0
1.833333 1 257.4 81.7 286.9 180.7
1.833333 1 121.9 346.1 51.0 192.3
1.833333 1 278.8 268.8 281.0 285.1
1.833333 1 152.1 207.0 29.0 33.0
1.833333 1 26.0 31.0 15.0 42.0
1.833333 1 30.0 33.0 34.0 27.0
1.833333 1 24.0 17.0 31.0 31.0
1.866667 1 257.0 80.5 283.7 179.9
1.866667 1 120.3 343.9 48.0 193.9
1.866667 1 280.8 269.5 283.3 286.9
1.866667 1 154.6 214.0 29.0 33.0
1.866667 1 27.0 30.0 16.0 42.0
1.866667 1 33.0 33.0 34.0 28.0
1.866667 1 22.0 18.0 31.0 24.0
1.900000 1 257.4 80.8 282.7 179.2
1.900000 1 120.6 342.3 48.0 194.5
1.900000 1 281.1 269.7 283.3 287.7
1.900000 1 157.3 214.0 29.0 33.0
1.900000 1 27.0 30.0 14.0 41.0
1.900000 1 30.0 33.0 33.0 28.0
1.900000 1 22.0 16.0 31.0 27.0
1.933333 1 258.7 81.7 281.4 180.0
1.933333 1 118.9 342.3 46.0 192.3
1.933333 1 277.7 266.5 280.4 282.4
1.933333 1 156.4 214.0 29.0 33.0
1.933333 1 28.0 29.0 19.0 41.0
1.933333 1 32.0 33.0 34.0 29.0
1.933333 1 22.0 20.0 31.0 27.0
1.966667 1 258.8 81.2 279.0 178.7
1.966667 1 117.0 341.0 46.0 191.5
1.966667 1 277.3 264.8 279.1 280.0
1.966667 1 157.0 214.0 29.0 32.0
1.966667 1 29.0 30.0 21.0 40.0
1.966667 1 28.0 33.0 33.0 30.0
1.966667 1 23.0 24.0 30.0 24.0
2.000000 1 259.0 81.1 276.6 178.7
2.000000 1 116.0 339.5 45.0 192.7
2.000000 1 278.4 265.0 280.8 279.0
2.000000 1 159.7 213.0 29.0 32.0
2.000000 1 30.0 29.0 23.0 40.0
2.000000 1 29.0 34.0 33.0 31.0
2.000000 1 21.0 24.0 29.0 25.0
2.033333 1 260.0 81.4 275.4 178.7
2.033333 1 115.0 338.6 45.0 192.3
2.033333 1 276.5 263.3 279.4 276.0
2.033333 1 160.2 213.0 29.0 33.0
2.033333 1 30.0 29.0 25.0 40.0
2.033333 1 26.0 33.0 34.0 31.0
2.033333 1 22.0 25.0 29.0 30.0
2.066667 1 261.5 80.9 275.6 180.3
2.066667 1 113.0 338.5 39.0 190.8
2.066667 1 273.0 261.5 278.3 271.0
2.066667 1 159.6 214.0 30.0 38.0
2.066667 1 29.0 27.0 26.0 39.0
2.066667 1 32.0 34.0 39.0 30.0
2.066667 1 21.0 27.0 28.0 29.0
2.100000 1 261.3 79.5 272.2 176.8
2.100000 1 114.0 336.7 37.0 190.2
2.100000 1 271.7 259.9 275.6 271.0
2.100000 1 159.9 213.0 29.0 39.0
2.100000 1 31.0 32.0 23.0 39.0
2.100000 1 37.0 34.0 40.0 32.0
2.100000 1 24.0 27.0 28.0 25.0
2.133333 1 261.3 83.5 270.8 175.2
2.133333 1 115.0 334.5 37.0 189.3
2.133333 1 274.6 259.3 274.0 274.0
2.133333 1 160.3 213.0 29.0 29.0
2.133333 1 29.0 32.0 20.0 40.0
2.133333 1 35.0 34.0 30.0 30.0
2.133333 1 24.0 26.0 28.0 26.0
2.166667 1 262.3 83.4 268.7 174.9
2.166667 1 113.0 333.6 37.0 188.2
2.166667 1 272.2 257.4 272.5 267.0
2.166667 1 160.2 211.0 29.0 31.0
2.166667 1 30.0 33.0 22.0 40.0
2.166667 1 35.0 34.0 32.0 31.0
2.166667 1 24.0 31.0 28.0 28.0
2.200000 1 263.2 84.0 267.9 176.6
2.200000 1 115.0 332.5 37.0 187.0
2.200000 1 270.8 256.1 272.4 271.0
2.200000 1 159.9 211.0 29.0 31.0
2.200000 1 29.0 29.0 23.0 40.0
2.200000 1 35.0 34.0 32.0 30.0
2.200000 1 21.0 28.0 28.0 27.0
2.233333 1 263.7 85.3 265.9 172.6
2.233333 1 114.0 331.2 40.0 186.1
2.233333 1 270.9 254.8 267.8 270.0
2.233333 1 160.0 208.0 29.0 28.0
2.233333 1 29.0 36.0 26.0 40.0
2.233333 1 32.0 34.0 29.0 30.0
2.233333 1 28.0 32.0 28.0 28.0
2.266667 1 264.0 79.0 264.1 176.2
2.266667 1 112.0 329.6 39.0 186.8
2.266667 1 265.9 255.2 272.4 270.0
2.266667 1 161.4 212.0 29.0 42.0
2.266667 1 29.0 27.0 23.0 40.0
2.266667 1 33.0 34.0 43.0 30.0
2.266667 1 21.0 30.0 27.0 24.0
2.300000 1 264.0 79.1 264.1 175.9
2.300000 1 117.0 329.6 39.0 186.9
2.300000 1 266.0 255.3 272.3 275.0
2.300000 1 161.4 212.0 29.0 42.0
2.300000 1 29.0 28.0 20.0 40.0
2.300000 1 27.0 34.0 43.0 30.0
2.300000 1 21.0 25.0 27.0 23.0
2.333333 1 265.1 80.3 260.9 170.9
2.333333 1 112.0 326.6 33.0 186.1
2.333333 1 265.7 253.8 267.7 270.0
2.333333 1 161.9 211.0 29.0 40.0
2.333333 1 28.0 35.0 27.0 41.0
2.333333 1 33.0 34.0 42.0 29.0
2.333333 1 28.0 31.0 28.0 24.0
2.366667 1 265.0 84.4 258.3 174.0
2.366667 1 115.0 325.1 33.0 184.6
2.366667 1 269.2 252.1 270.6 271.0
2.366667 1 161.3 211.0 30.0 30.0
2.366667 1 29.0 26.0 21.0 41.0
2.366667 1 31.0 34.0 31.0 30.0
2.366667 1 19.0 23.0 28.0 24.0
2.400000 1 265.0 84.3 258.3 174.0
2.400000 1 114.0 325.1 34.0 184.7
2.400000 1 269.1 252.1 270.6 270.0
2.400000 1 161.3 212.0 30.0 30.0
2.400000 1 29.0 26.0 21.0 41.0
2.400000 1 30.0 34.0 31.0 30.0
2.400000 1 19.0 29.0 28.0 23.0
2.433333 1 266.0 82.6 254.4 172.5
2.433333 1 114.0 322.2 34.0 185.2
2.433333 1 268.2 252.1 270.6 272.0
2.433333 1 163.4 212.0 29.0 35.0
2.433333 1 30.0 27.0 19.0 41.0
2.433333 1 27.0 34.0 36.0 31.0
2.433333 1 21.0 24.0 28.0 28.0
2.466667 1 266.0 82.4 253.0 171.9
2.466667 1 116.0 320.5 32.0 184.5
2.466667 1 267.5 251.8 270.9 274.0
2.466667 1 163.9 216.0 29.0 35.0
2.466667 1 29.0 25.0 17.0 41.0
2.466667 1 29.0 34.0 36.0 30.0
2.466667 1 19.0 23.0 28.0 24.0
2.500000 1 265.9 82.0 253.0 172.4
2.500000 1 114.0 320.5 32.0 184.4
2.500000 1 267.2 251.8 271.2 271.0
2.500000 1 163.9 215.0 30.0 35.0
2.500000 1 29.0 24.0 19.0 41.0
2.500000 1 29.0 34.0 36.0 30.0
2.500000 1 18.0 28.0 28.0 26.0
2.533333 1 266.8 87.9 248.8 171.4
2.533333 1 116.0 318.0 28.0 183.3
2.533333 1 271.8 249.6 269.6 273.0
2.533333 1 164.2 211.0 29.0 24.0
2.533333 1 30.0 25.0 19.0 41.0
2.533333 1 33.0 33.0 25.0 31.0
2.533333 1 19.0 25.0 28.0 30.0
2.566667 1 267.3 88.4 247.9 166.9
2.566667 1 115.0 317.0 28.0 183.8
2.566667 1 273.1 250.6 267.1 270.0
2.566667 1 166.0 211.0 29.0 23.0
2.566667 1 28.0 33.0 23.0 41.0
2.566667 1 30.0 34.0 24.0 29.0
2.566667 1 26.0 29.0 28.0 30.0
2.600000 1 267.3 324.4 88.4 248.1
2.600000 1 167.0 112.0 31.0 183.8
2.600000 1 168.4 273.1 250.6 267.0
2.600000 1 272.0 213.0 29.0 23.0
2.600000 1 23.0 28.0 33.0 25.0
2.600000 1 27.0 34.0 21.0 24.0
2.600000 1 29.0 26.0 24.0 28.0
2.633333 1 267.1 321.5 83.9 243.4
2.633333 1 168.6 114.0 30.0 182.5
2.633333 1 169.8 268.2 249.0 269.9
2.633333 1 271.0 216.0 29.0 22.0
2.633333 1 31.0 27.0 24.0 24.0
2.633333 1 28.0 33.0 20.0 32.0
2.633333 1 28.0 18.0 25.0 25.0
2.666667 1 267.4 320.0 85.2 241.4
2.666667 1 165.5 116.0 30.0 180.7
2.666667 1 168.7 268.5 247.1 266.5
2.666667 1 276.0 216.0 29.0 23.0
2.666667 1 28.0 28.0 29.0 18.0
2.666667 1 19.0 33.0 21.0 29.0
2.666667 1 29.0 23.0 22.0 21.0
2.700000 1 267.4 320.1 85.3 241.4
2.700000 1 165.1 113.0 25.0 180.7
2.700000 1 168.8 268.6 247.1 266.0
2.700000 1 270.0 214.0 29.0 23.0
2.700000 1 28.0 27.0 30.0 26.0
2.700000 1 25.0 33.0 21.0 29.0
2.700000 1 29.0 24.0 32.0 23.0
2.733333 1 268.0 319.2 86.8 237.8
2.733333 1 160.0 110.0 27.0 181.2
2.733333 1 171.7 270.7 247.4 263.5
2.733333 1 270.0 211.0 29.0 20.0
2.733333 1 25.0 27.0 37.0 28.0
2.733333 1 25.0 33.0 18.0 26.0
2.733333 1 28.0 31.0 32.0 27.0
2.766667 1 268.0 319.2 86.9 237.7
2.766667 1 159.9 116.0 27.0 181.2
2.766667 1 171.7 270.8 247.3 263.4
2.766667 1 272.0 211.0 29.0 20.0
2.766667 1 25.0 27.0 37.0 19.0
2.766667 1 23.0 33.0 18.0 26.0
2.766667 1 29.0 31.0 23.0 30.0
2.800000 1 267.4 313.8 86.4 234.7
2.800000 1 160.7 114.0 20.0 180.8
2.800000 1 168.7 270.6 247.0 266.0
2.800000 1 273.0 211.0 29.0 27.0
2.800000 1 24.0 28.0 32.0 22.0
2.800000 1 30.0 33.0 26.0 25.0
2.800000 1 29.0 25.0 27.0 30.0
2.833333 1 268.0 314.9 87.1 231.6
2.833333 1 155.8 114.0 20.0 181.4
2.833333 1 173.2 272.3 249.0 264.0
2.833333 1 276.0 211.0 28.0 21.0
2.833333 1 24.0 27.0 39.0 21.0
2.833333 1 31.0 33.0 19.0 25.0
2.833333 1 28.0 33.0 26.0 36.0
2.866667 1 268.0 314.9 87.9 231.6
2.866667 1 155.8 112.0 21.0 181.4
2.866667 1 173.3 272.4 249.0 264.0
2.866667 1 275.0 219.0 28.0 21.0
2.866667 1 24.0 27.0 40.0 25.0
2.866667 1 29.0 33.0 19.0 25.0
2.866667 1 28.0 33.0 28.0 26.0
2.900000 1 267.2 312.2 86.2 228.6
2.900000 1 157.9 112.0 23.0 183.5
2.900000 1 174.6 274.3 251.3 269.6
2.900000 1 279.0 220.0 28.0 23.0
2.900000 1 24.0 27.0 32.0 24.0
2.900000 1 24.0 33.0 22.0 25.0
2.900000 1 28.0 26.0 20.0 26.0
2.933333 1 268.1 312.5 88.4 225.4
2.933333 1 158.1 116.0 20.0 179.7
2.933333 1 173.3 271.4 249.3 267.3
2.933333 1 274.0 215.0 28.0 21.0
2.933333 1 22.0 27.0 30.0 20.0
2.933333 1 26.0 33.0 19.0 23.0
2.933333 1 28.0 24.0 25.0 27.0
2.966667 1 268.1 312.5 88.6 225.4
2.966667 1 157.8 116.0 22.0 179.7
2.966667 1 173.3 271.6 249.3 267.1
2.966667 1 274.0 216.0 28.0 21.0
2.966667 1 22.0 27.0 30.0 16.0
2.966667 1 22.0 33.0 19.0 23.0
2.966667 1 28.0 24.0 26.0 26.0
3.000000 1 268.8 309.8 89.6 223.8
3.000000 1 156.9 114.0 178.8 171.7
3.000000 1 269.7 249.0 265.3 273.0
3.000000 1 28.0 26.0 19.6 27.0
3.000000 1 32.0 21.0 33.0 23.0
3.000000 1 23.9 29.0 26.0 22.0
3.033333 1 268.5 302.2 87.5 220.5
3.033333 1 155.4 110.0 179.0 169.6
3.033333 1 269.1 251.0 266.3 271.0
3.033333 1 28.0 37.0 26.0 28.0
3.033333 1 31.0 27.0 32.0 32.0
3.033333 1 28.0 29.0 25.0 26.0
3.066667 1 268.4 299.6 87.4 220.5
3.066667 1 156.3 111.0 179.1 167.4
3.066667 1 268.8 251.0 267.4 273.0
3.066667 1 28.0 43.0 27.0 27.0
3.066667 1 29.0 27.0 33.0 37.0
3.066667 1 28.0 29.0 23.0 24.0
3.100000 1 268.8 301.2 89.9 219.4
3.100000 1 154.1 119.0 179.0 169.9
3.100000 1 271.0 252.1 265.7 272.0
3.100000 1 28.0 38.0 23.0 27.0
3.100000 1 33.0 17.0 33.0 33.0
3.100000 1 24.0 28.0 26.0 28.0
3.133333 1 268.3 299.2 88.4 215.3
3.133333 1 151.3 120.0 174.6 168.0
3.133333 1 263.4 248.8 260.0 270.0
3.133333 1 28.0 38.0 26.0 28.0
3.133333 1 34.0 18.0 33.0 33.0
3.133333 1 27.0 29.0 27.0 25.0
3.166667 1 268.3 299.7 88.3 215.3
3.166667 1 151.4 112.0 174.6 168.4
3.166667 1 263.4 248.8 260.0 266.0
3.166667 1 28.0 37.0 26.0 28.0
3.166667 1 34.0 29.0 33.0 32.0
3.166667 1 27.0 29.0 27.0 27.0
3.200000 1 268.1 297.1 87.5 213.3
3.200000 1 150.6 119.0 174.5 168.3
3.200000 1 262.6 249.6 260.5 270.0
3.200000 1 28.0 40.0 28.0 28.0
3.200000 1 33.0 17.0 33.0 35.0
3.200000 1 29.0 29.0 26.0 25.0
3.233333 1 267.9 291.6 90.8 212.2
3.233333 1 146.4 112.0 174.3 164.9
3.233333 1 264.6 250.7 256.4 268.0
3.233333 1 28.0 51.0 22.0 27.0
3.233333 1 40.0 28.0 33.0 44.0
3.233333 1 23.0 28.0 34.0 27.0
3.266667 1 267.7 297.1 88.6 210.0
3.266667 1 149.4 119.0 172.2 169.4
3.266667 1 259.5 249.3 257.7 268.0
3.266667 1 28.0 38.0 26.0 28.0
3.266667 1 31.0 14.0 33.0 33.0
3.266667 1 27.0 29.0 25.0 25.0
3.300000 1 268.3 297.2 89.1 209.1
3.300000 1 149.6 117.0 170.5 169.4
3.300000 1 256.6 249.1 257.0 268.0
3.300000 1 28.0 37.0 28.0 28.0
3.300000 1 31.0 18.0 33.0 32.0
3.300000 1 29.0 29.0 24.0 20.0
3.333333 1 268.0 297.9 88.0 207.1
3.333333 1 143.4 118.0 170.4 172.2
3.333333 1 255.4 250.4 252.2 267.0
3.333333 1 28.0 34.0 30.0 28.0
3.333333 1 41.0 23.0 33.0 29.0
3.333333 1 31.0 29.0 33.0 24.0
3.366667 1 267.1 295.4 88.3 204.5
3.366667 1 145.9 117.0 171.7 173.8
3.366667 1 257.4 252.6 256.8 270.0
3.366667 1 28.0 36.0 28.0 29.0
3.366667 1 32.0 22.0 33.0 32.0
3.366667 1 29.0 30.0 26.0 20.0
3.400000 1 266.8 294.3 90.0 202.9
3.400000 1 144.7 116.0 172.4 175.5
3.400000 1 259.5 254.7 257.6 266.0
3.400000 1 29.0 37.0 25.0 28.0
3.400000 1 32.0 18.0 33.0 32.0
3.400000 1 25.0 29.0 26.0 25.0
3.433333 1 266.5 296.9 89.9 201.1
3.433333 1 140.8 119.0 172.8 180.1
3.433333 1 259.7 256.5 255.0 272.0
3.433333 1 29.0 30.0 24.0 29.0
3.433333 1 38.0 18.0 33.0 26.0
3.433333 1 25.0 30.0 32.0 19.0
3.466667 1 266.4 289.0 87.1 200.2
3.466667 1 141.9 173.0 174.7 255.4
3.466667 1 257.8 256.9 29.1 46.2
3.466667 1 32.7 28.8 34.2 33.6
3.466667 1 40.5 34.0 29.9 28.6
3.500000 1 266.5 294.8 90.7 199.3
3.500000 1 138.4 173.2 181.6 258.1
3.500000 1 259.3 254.1 29.0 33.8
3.500000 1 26.4 28.7 40.3 33.5
3.500000 1 28.9 27.5 29.8 34.3
3.533333 1 266.4 296.2 89.6 198.0
3.533333 1 135.8 172.7 183.5 254.9
3.533333 1 259.6 251.5 29.0 30.4
3.533333 1 29.7 28.8 43.9 33.4
3.533333 1 26.0 30.8 29.9 37.1
3.566667 1 266.6 295.8 93.1 197.4
3.566667 1 140.4 170.9 182.5 255.7
3.566667 1 259.4 254.7 29.1 31.0
3.566667 1 24.4 28.8 33.5 33.6
3.566667 1 26.5 25.4 29.9 27.9
3.600000 1 266.5 295.9 92.9 196.7
3.600000 1 137.7 168.7 181.3 251.0
3.600000 1 258.2 250.3 29.4 30.9
3.600000 1 26.7 28.4 37.5 33.8
3.600000 1 26.4 27.8 29.5 30.9
3.633333 1 266.6 293.3 92.5 195.6
3.633333 1 137.3 167.3 178.8 247.5
3.633333 1 257.8 248.4 29.2 35.8
3.633333 1 27.8 28.1 36.6 33.6
3.633333 1 31.1 28.9 29.2 30.4
3.666667 1 266.7 294.8 92.4 194.8
3.666667 1 138.3 167.3 181.3 245.9
3.666667 1 259.1 249.9 29.3 33.2
3.666667 1 30.0 27.7 33.2 33.7
3.666667 1 28.3 31.3 28.9 27.5
3.700000 1 265.3 286.3 91.5 192.9
3.700000 1 133.7 168.3 177.2 247.5
3.700000 1 262.3 249.4 29.3 47.5
3.700000 1 29.4 26.9 37.8 33.7
3.700000 1 41.4 30.6 28.1 31.8
3.733333 1 265.0 288.6 87.9 192.3
3.733333 1 134.8 119.0 168.4 180.2
3.733333 1 243.8 264.2 252.2 265.0
3.733333 1 29.0 42.0 38.0 26.0
3.733333 1 34.0 24.0 33.0 37.0
3.733333 1 39.0 27.0 27.0 22.0
3.766667 1 265.2 294.1 93.5 191.4
3.766667 1 134.6 167.5 184.6 246.8
3.766667 1 263.9 250.9 29.5 32.5
3.766667 1 28.5 26.7 33.8 33.9
3.766667 1 28.0 29.6 27.8 27.8
3.800000 1 265.3 294.7 94.7 190.4
3.800000 1 136.6 167.4 185.9 246.6
3.800000 1 264.6 253.2 29.6 31.8
3.800000 1 27.5 26.9 28.4 34.0
3.800000 1 27.2 28.5 28.0 23.2
3.833333 1 264.3 291.4 91.3 189.0
3.833333 1 134.9 167.9 184.7 243.7
3.833333 1 266.5 254.5 29.6 36.9
3.833333 1 34.2 26.1 28.7 34.0
3.833333 1 32.1 35.6 27.2 22.9
3.866667 1 263.7 293.6 95.7 187.8
3.866667 1 135.6 168.2 187.7 247.8
3.866667 1 267.4 256.2 29.7 31.6
3.866667 1 25.2 26.4 25.1 33.9
3.866667 1 27.3 26.2 27.5 20.2
3.900000 1 263.8 290.6 95.4 187.4
3.900000 1 137.0 167.9 184.9 245.7
3.900000 1 267.9 258.0 29.0 38.0
3.900000 1 27.0 26.0 22.1 34.0
3.900000 1 33.0 28.0 27.0 16.2
3.933333 1 263.0 292.8 91.5 185.9
3.933333 1 126.0 169.3 189.4 244.8
3.933333 1 270.6 256.0 29.0 32.0
3.933333 1 30.0 25.0 29.0 34.0
3.933333 1 28.0 31.0 26.0 34.0
3.966667 1 261.5 292.2 93.1 183.7
3.966667 1 123.0 170.1 190.7 246.0
3.966667 1 271.9 257.0 29.0 32.0
3.966667 1 29.0 24.0 30.0 34.0
3.966667 1 27.0 30.0 25.0 25.0
4.000000 1 261.8 292.5 97.7 184.5
4.000000 1 127.0 169.5 189.7 247.1
4.000000 1 272.4 258.0 30.0 33.0
4.000000 1 24.0 23.0 26.0 34.0
4.000000 1 29.0 25.0 24.0 24.0
4.033333 1 262.0 291.4 98.7 184.0
4.033333 1 127.0 169.1 187.9 246.6
4.033333 1 273.0 258.0 29.0 36.0
4.033333 1 23.0 23.0 29.0 34.0
4.033333 1 32.0 24.0 24.0 29.0
4.066667 1 261.5 291.0 98.4 184.0
4.066667 1 129.0 169.8 188.3 245.9
4.066667 1 273.0 256.0 30.0 37.0
4.066667 1 24.0 23.0 27.0 34.0
4.066667 1 32.0 25.0 24.0 31.0
4.100000 1 260.9 292.2 100.3 184.0
4.100000 1 128.0 169.2 188.7 246.8
4.100000 1 273.0 256.0 29.0 35.0
4.100000 1 20.0 23.0 24.0 34.0
4.100000 1 30.0 21.0 19.0 27.0
4.133333 1 260.4 290.3 100.5 184.0
4.133333 1 129.0 168.2 185.6 244.9
4.133333 1 273.0 254.0 30.0 39.0
4.133333 1 21.0 23.0 23.0 34.0
4.133333 1 34.0 22.0 19.0 29.0
4.166667 1 260.7 291.6 101.6 184.0
4.166667 1 129.0 167.1 184.9 243.2
4.166667 1 273.0 254.0 30.0 38.0
4.166667 1 21.0 24.0 26.0 34.0
4.166667 1 33.0 21.0 23.0 25.0
4.200000 1 260.5 293.2 101.7 180.0
4.200000 1 131.0 166.6 184.8 241.7
4.200000 1 275.0 258.0 30.0 35.0
4.200000 1 22.0 28.0 24.0 34.0
4.200000 1 31.0 22.0 21.0 21.0
4.233333 1 258.9 287.2 138.1 98.2
4.233333 1 180.0 129.0 167.8 181.7
4.233333 1 258.4 240.5 275.0 259.0
4.233333 1 30.0 45.0 14.0 26.0
4.233333 1 21.0 14.0 34.0 39.0
4.233333 1 15.0 26.0 25.0 17.0
4.266667 1 257.6 291.8 137.5 99.0
4.266667 1 177.0 124.0 170.8 188.6
4.266667 1 260.7 244.0 279.0 263.0
4.266667 1 30.0 34.0 14.0 23.0
4.266667 1 24.0 17.0 34.0 30.0
4.266667 1 14.0 24.0 21.0 21.0
4.300000 1 257.7 290.4 138.2 102.0
4.300000 1 174.0 127.0 171.1 187.1
4.300000 1 260.0 243.0 279.0 264.0
4.300000 1 30.0 39.0 14.0 20.0
4.300000 1 31.0 15.0 34.0 33.0
4.300000 1 14.0 25.0 24.0 15.0
4.333333 1 257.2 290.6 137.7 103.0
4.333333 1 174.0 123.0 171.1 186.4
4.333333 1 258.9 244.0 279.0 263.0
4.333333 1 30.0 38.0 14.0 16.0
4.333333 1 19.0 17.0 34.0 33.0
4.333333 1 15.0 21.0 24.0 14.0
4.366667 1 255.7 291.6 136.8 102.0
4.366667 1 174.0 123.0 171.0 187.4
4.366667 1 258.3 244.0 283.0 261.0
4.366667 1 30.0 34.0 14.0 17.0
4.366667 1 19.0 15.0 34.0 30.0
4.366667 1 15.0 21.0 20.0 16.0
4.400000 1 255.3 290.2 137.1 102.0
4.400000 1 174.0 124.0 172.0 186.0
4.400000 1 258.8 244.0 283.0 261.0
4.400000 1 30.0 37.0 14.0 17.0
4.400000 1 31.0 13.0 34.0 34.0
4.400000 1 15.0 17.0 29.0 18.0
4.433333 1 255.6 289.7 137.9 102.0
4.433333 1 177.0 122.0 172.9 185.8
4.433333 1 259.0 243.0 284.0 264.0
4.433333 1 30.0 40.0 15.0 17.0
4.433333 1 28.0 20.0 34.0 35.0
4.433333 1 15.0 18.0 28.0 21.0
4.466667 1 255.2 291.8 137.5 102.0
4.466667 1 177.0 126.0 172.4 186.4
4.466667 1 257.7 243.0 284.0 261.0
4.466667 1 30.0 36.0 16.0 20.0
4.466667 1 25.0 17.7 34.0 32.0
4.466667 1 16.0 23.0 23.0 19.0
4.500000 1 254.3 292.4 137.7 102.0
4.500000 1 170.0 124.0 174.5 188.3
4.500000 1 260.0 248.0 282.0 266.0
4.500000 1 30.0 33.0 14.0 20.0
4.500000 1 32.0 14.0 34.0 30.0
4.500000 1 15.0 18.0 25.0 16.0
4.533333 1 254.1 291.5 138.0 102.0
4.533333 1 170.0 118.0 176.1 188.6
4.533333 1 261.1 248.0 282.0 267.0
4.533333 1 30.0 35.0 14.0 17.0
4.533333 1 31.0 20.0 34.0 32.0
4.533333 1 14.0 16.0 27.0 17.0
4.566667 1 253.8 292.9 137.9 102.0
4.566667 1 171.0 120.0 177.0 190.7
4.566667 1 260.6 244.0 285.0 265.0
4.566667 1 30.0 33.0 14.0 17.0
4.566667 1 30.0 19.0 34.0 29.0
4.566667 1 15.0 20.0 24.0 23.0
4.600000 1 253.2 292.9 137.6 105.0
4.600000 1 121.0 176.0 177.6 190.8
4.600000 1 259.6 244.0 269.0 291.0
4.600000 1 30.0 32.0 14.0 15.0
4.600000 1 18.0 22.0 34.0 29.0
4.600000 1 15.0 20.0 16.0 15.0
4.633333 1 252.3 291.9 135.6 118.0
4.633333 1 99.0 169.0 179.1 191.8
4.633333 1 258.4 266.7 244.0 289.0
4.633333 1 30.0 33.0 17.0 23.0
4.633333 1 24.0 26.0 34.0 29.0
4.633333 1 18.0 23.0 22.0 22.0
4.666667 1 252.9 291.2 137.2 117.2
4.666667 1 168.0 105.0 180.4 191.0
4.666667 1 259.1 266.3 291.0 246.0
4.666667 1 30.0 36.0 18.0 25.0
4.666667 1 33.0 16.0 34.0 32.0
4.666667 1 18.0 24.0 22.0 18.0
4.700000 1 253.3 290.9 137.1 117.2
4.700000 1 175.5 105.0 180.9 189.7
4.700000 1 257.2 265.1 296.8 246.0
4.700000 1 30.0 38.0 19.0 26.0
4.700000 1 17.0 24.0 34.0 34.0
4.700000 1 20.0 25.0 16.0 19.0
4.733333 1 252.8 291.0 135.7 114.3
4.733333 1 172.4 102.0 180.8 190.5
4.733333 1 254.1 261.6 293.6 245.0
4.733333 1 30.0 38.0 23.0 31.0
4.733333 1 22.0 27.0 34.0 32.0
4.733333 1 23.0 31.0 22.0 20.0
4.766667 1 252.1 292.4 138.0 113.9
4.766667 1 173.6 102.0 181.2 191.6
4.766667 1 255.9 261.6 295.6 245.0
4.766667 1 30.0 34.0 19.0 32.0
4.766667 1 19.0 23.0 34.0 30.0
4.766667 1 20.0 31.0 19.0 21.0
4.800000 1 252.7 293.7 138.6 114.5
4.800000 1 175.7 102.0 182.1 191.4
4.800000 1 254.7 261.6 296.6 243.0
4.800000 1 30.0 33.0 22.0 33.0
4.800000 1 17.0 23.0 34.0 30.0
4.800000 1 22.0 32.0 17.0 23.0
4.833333 1 253.0 289.4 138.4 113.7
4.833333 1 175.4 102.0 181.0 186.0
4.833333 1 251.0 258.4 294.3 243.0
4.833333 1 30.0 42.0 24.0 35.0
4.833333 1 18.0 27.0 34.0 38.0
4.833333 1 24.0 34.0 18.0 19.0
4.866667 1 252.9 292.8 140.7 115.2
4.866667 1 174.1 107.0 180.0 188.0
4.866667 1 250.3 258.4 291.7 240.0
4.866667 1 30.0 35.0 21.0 31.0
4.866667 1 20.0 22.0 34.0 31.0
4.866667 1 21.0 30.0 20.0 22.0
4.900000 1 251.4 292.9 138.0 114.4
4.900000 1 170.3 103.0 179.9 188.6
4.900000 1 247.1 258.0 289.2 242.0
4.900000 1 31.0 33.0 25.0 31.0
4.900000 1 25.0 28.0 35.0 29.0
4.900000 1 26.0 30.0 25.0 24.0
4.933333 1 250.8 290.2 139.3 114.6
4.933333 1 169.8 105.0 181.9 187.9
4.933333 1 249.3 260.6 291.4 246.0
4.933333 1 31.0 37.0 23.0 29.0
4.933333 1 25.0 26.0 35.0 34.0
4.933333 1 24.0 29.0 25.0 20.0
4.966667 1 250.1 292.7 141.1 112.9
4.966667 1 170.5 105.0 186.2 193.9
4.966667 1 254.8 263.1 296.6 246.0
4.966667 1 31.0 31.0 20.0 32.0
4.966667 1 23.0 21.0 35.0 28.0
4.966667 1 20.0 31.0 22.0 30.0
5.000000 1 249.0 291.9 140.5 113.8
5.000000 1 172.5 107.0 187.0 193.9
5.000000 1 254.4 265.1 299.4 248.0
5.000000 1 31.0 30.0 20.0 29.0
5.000000 1 18.0 19.0 35.0 29.0
5.000000 1 21.0 28.0 17.0 28.0
5.033333 1 249.7 292.0 142.1 114.7
5.033333 1 170.3 106.0 186.8 193.2
5.033333 1 252.9 263.6 295.2 247.0
5.033333 1 30.0 30.0 19.0 28.0
5.033333 1 23.0 21.0 34.0 28.0
5.033333 1 20.0 27.0 23.0 20.0
5.066667 1 249.5 289.4 141.8 114.6
5.066667 1 104.0 174.0 186.6 189.9
5.066667 1 250.6 262.4 245.0 295.0
5.066667 1 30.0 35.0 22.0 28.0
5.066667 1 22.0 22.0 34.0 34.0
5.066667 1 22.0 27.0 27.0 22.0
5.100000 1 249.2 291.5 166.2 142.2
5.100000 1 115.2 104.0 187.5 192.7
5.100000 1 284.3 250.1 263.2 245.0
5.100000 1 30.0 30.0 38.0 21.0
5.100000 1 26.0 23.0 34.0 29.0
5.100000 1 34.0 22.0 26.0 25.0
5.133333 1 248.5 290.3 172.3 141.6
5.133333 1 111.9 105.0 188.0 192.4
5.133333 1 290.0 249.0 260.2 245.0
5.133333 1 30.0 31.0 25.0 22.0
5.133333 1 33.0 21.0 34.0 29.0
5.133333 1 22.0 23.0 32.0 26.0
5.166667 1 248.3 284.6 165.8 143.2
5.166667 1 113.6 104.0 188.1 187.3
5.166667 1 283.0 249.5 260.9 247.0
5.166667 1 30.0 41.0 39.0 20.0
5.166667 1 29.0 20.0 34.0 39.0
5.166667 1 35.0 21.0 28.0 23.0
5.200000 1 248.1 288.8 172.4 144.3
5.200000 1 112.1 104.0 187.8 190.9
5.200000 1 287.3 249.2 258.7 244.0
5.200000 1 30.0 33.0 26.0 19.0
5.200000 1 32.0 22.0 34.0 30.0
5.200000 1 23.0 20.0 31.0 24.0
5.233333 1 247.2 287.1 171.3 141.9
5.233333 1 113.0 104.0 189.0 191.2
5.233333 1 286.9 246.9 261.1 246.0
5.233333 1 30.0 34.0 27.0 24.0
5.233333 1 28.0 21.0 34.0 32.0
5.233333 1 24.0 25.0 28.0 22.0
5.266667 1 246.0 284.3 169.4 141.3
5.266667 1 111.8 102.0 189.0 189.7
5.266667 1 285.0 246.7 260.8 244.0
5.266667 1 31.0 38.0 30.0 24.0
5.266667 1 29.0 24.0 35.0 35.0
5.266667 1 26.0 24.0 28.0 25.0
5.300000 1 246.0 285.2 167.8 140.9
5.300000 1 112.2 103.0 189.2 190.2
5.300000 1 282.4 244.3 260.6 245.0
5.300000 1 31.0 36.0 35.0 27.0
5.300000 1 29.0 20.0 35.0 33.0
5.300000 1 31.0 28.0 28.0 19.0
5.333333 1 246.5 287.0 173.5 141.5
5.333333 1 111.5 102.0 189.9 192.4
5.333333 1 286.7 243.6 259.3 244.0
5.333333 1 30.0 32.0 24.0 27.0
5.333333 1 31.0 27.0 34.0 29.0
5.333333 1 21.0 28.0 30.0 25.0
5.366667 1 102.4 245.5 283.5 170.1
5.366667 1 143.5 111.6 236.3 189.9
5.366667 1 190.8 283.5 245.2 260.1
5.366667 1 35.9 31.5 38.8 30.6
5.366667 1 22.9 28.8 35.4 35.5
5.366667 1 34.5 27.2 23.9 27.9
5.400000 1 101.5 245.2 286.8 174.7
5.400000 1 142.3 111.6 235.2 189.9
5.400000 1 193.4 286.9 242.7 259.9
5.400000 1 38.0 31.0 31.3 22.5
5.400000 1 26.6 29.0 37.4 35.0
5.400000 1 28.2 19.5 28.3 28.1
5.433333 1 103.0 244.3 285.4 175.0
5.433333 1 142.7 111.9 237.0 189.7
5.433333 1 192.9 287.1 243.1 261.1
5.433333 1 34.5 31.5 32.1 22.0
5.433333 1 25.7 27.1 34.2 35.6
5.433333 1 29.0 19.0 27.4 26.3
5.466667 1 103.7 244.0 285.2 173.9
5.466667 1 142.2 109.6 239.3 191.1
5.466667 1 194.4 286.9 243.9 260.7
5.466667 1 32.8 31.4 31.7 24.6
5.466667 1 26.9 31.6 32.4 35.4
5.466667 1 28.3 21.4 28.4 30.6
5.500000 1 103.7 243.8 284.8 173.6
5.500000 1 146.0 109.9 239.7 192.1
5.500000 1 195.5 286.8 247.9 261.7
5.500000 1 32.9 31.4 31.5 25.3
5.500000 1 19.4 30.3 32.6 35.4
5.500000 1 28.1 22.2 20.7 29.5
5.533333 1 103.4 244.2 281.7 174.4
5.533333 1 146.2 112.5 237.6 190.9
5.533333 1 191.0 284.4 245.7 263.1
5.533333 1 33.6 30.6 36.7 24.9
5.533333 1 20.0 24.6 33.3 34.6
5.533333 1 34.2 22.0 21.2 23.8
5.566667 1 104.8 244.3 282.2 175.3
5.566667 1 146.2 111.7 236.7 189.3
5.566667 1 189.8 282.8 242.9 260.5
5.566667 1 32.7 31.1 36.0 24.8
5.566667 1 22.5 27.5 32.4 35.1
5.566667 1 34.0 21.5 23.8 26.7
5.600000 1 103.5 244.6 284.8 176.1
5.600000 1 146.5 112.4 235.7 189.9
5.600000 1 193.1 282.9 242.5 261.6
5.600000 1 36.4 31.2 31.2 24.2
5.600000 1 23.6 26.3 35.9 35.2
5.600000 1 28.8 21.1 25.0 25.6
5.633333 1 103.5 244.5 283.2 177.3
5.633333 1 149.4 110.2 236.6 190.9
5.633333 1 193.7 284.5 246.1 261.3
5.633333 1 35.9 30.5 32.7 21.4
5.633333 1 17.4 29.8 35.6 34.5
5.633333 1 29.6 18.7 18.6 28.9
5.666667 1 104.0 244.3 282.8 176.8
5.666667 1 147.2 110.0 237.1 190.4
5.666667 1 193.2 283.1 242.6 261.6
5.666667 1 35.6 31.0 32.7 23.6
5.666667 1 23.4 30.1 35.1 34.9
5.666667 1 30.1 20.7 24.9 29.2
5.700000 1 104.4 244.4 279.8 177.0
5.700000 1 147.3 111.9 235.6 189.0
5.700000 1 189.9 281.5 240.4 262.1
5.700000 1 34.8 30.4 37.9 23.3
5.700000 1 23.9 25.6 34.4 34.3
5.700000 1 34.1 20.3 25.3 24.8
5.733333 1 104.1 244.8 280.6 175.5
5.733333 1 148.3 110.8 234.8 189.2
5.733333 1 191.4 279.5 240.2 261.2
5.733333 1 36.6 30.4 36.2 28.0
5.733333 1 23.7 28.5 36.3 34.3
5.733333 1 32.3 24.7 25.1 27.6
5.766667 1 103.7 244.6 282.4 176.2
5.766667 1 147.2 111.6 235.1 189.2
5.766667 1 192.7 280.2 239.0 262.8
5.766667 1 37.6 30.4 31.5 26.9
5.766667 1 26.6 26.3 37.2 34.3
5.766667 1 29.4 23.8 28.0 25.5
5.800000 1 105.7 244.4 276.4 178.9
5.800000 1 151.5 111.3 238.1 189.7
5.800000 1 189.0 283.0 243.7 263.7
5.800000 1 34.0 30.5 42.5 22.2
5.800000 1 18.3 26.9 33.5 34.4
5.800000 1 38.8 19.2 19.5 26.1
5.833333 1 104.5 244.3 281.9 172.0
5.833333 1 152.3 109.8 236.5 189.3
5.833333 1 193.3 276.3 243.7 262.5
5.833333 1 35.7 30.1 30.4 35.4
5.833333 1 16.4 28.7 35.3 34.0
5.833333 1 28.4 31.6 17.5 27.8
5.866667 1 104.0 244.4 279.7 175.7
5.866667 1 150.4 109.9 234.9 188.4
5.866667 1 191.4 277.9 239.6 261.8
5.866667 1 37.5 30.2 34.4 28.5
5.866667 1 21.7 28.7 37.0 34.0
5.866667 1 31.6 25.4 22.9 27.7
5.900000 1 107.5 244.5 279.8 175.2
5.900000 1 150.9 110.2 237.6 187.4
5.900000 1 191.1 276.0 238.6 262.0
5.900000 1 30.9 30.2 33.6 30.1
5.900000 1 21.5 27.6 30.4 34.0
5.900000 1 30.5 26.8 22.8 26.8
5.933333 1 107.5 244.4 278.3 176.3
5.933333 1 151.9 112.0 237.4 187.1
5.933333 1 189.6 276.7 239.0 264.2
5.933333 1 30.8 30.1 35.2 27.3
5.933333 1 19.5 22.7 30.3 33.8
5.933333 1 32.4 24.1 20.7 22.0
5.966667 1 106.4 244.0 281.2 176.2
5.966667 1 151.1 109.2 235.8 186.4
5.966667 1 192.3 276.0 237.2 261.6
5.966667 1 33.0 30.3 28.4 27.6
5.966667 1 21.4 28.1 32.6 34.0
5.966667 1 26.1 24.5 22.6 27.3
6.000000 1 104.3 243.9 278.7 174.5
6.000000 1 150.0 111.0 234.0 186.4
6.000000 1 191.2 274.6 235.0 264.0
6.000000 1 36.0 29.0 32.0 30.0
6.000000 1 24.0 23.0 36.0 33.0
6.000000 1 28.0 27.0 25.0 22.2
6.033333 1 106.9 149.9 243.4 277.2
6.033333 1 174.7 114.0 238.7 236.2
6.033333 1 187.2 190.8 275.9 268.0
6.033333 1 31.0 25.0 29.0 33.0
6.033333 1 30.0 18.0 30.0 21.0
6.033333 1 33.0 30.0 27.0 23.0
6.066667 1 106.2 150.7 242.9 275.5
6.066667 1 173.8 108.0 238.9 236.6
6.066667 1 187.5 189.5 275.6 267.0
6.066667 1 32.0 25.0 29.0 34.0
6.066667 1 32.0 23.0 31.0 21.0
6.066667 1 33.0 32.0 29.0 22.0
6.100000 1 107.2 151.4 242.4 275.8
6.100000 1 179.0 108.0 242.6 242.6
6.100000 1 189.5 192.5 283.0 270.0
6.100000 1 30.0 22.0 30.0 32.0
6.100000 1 22.0 27.0 29.0 19.0
6.100000 1 34.0 30.0 19.0 23.0
6.133333 1 108.3 151.3 242.0 276.0
6.133333 1 179.0 110.0 244.1 238.7
6.133333 1 189.6 193.5 279.0 273.0
6.133333 1 27.0 26.0 30.0 30.0
6.133333 1 22.0 19.0 26.0 22.0
6.133333 1 34.0 28.0 23.0 20.0
6.166667 1 107.9 148.5 242.1 274.3
6.166667 1 179.0 108.0 243.2 236.6
6.166667 1 189.1 191.6 279.0 272.0
6.166667 1 28.0 28.0 30.0 33.0
6.166667 1 19.0 22.0 27.0 23.0
6.166667 1 33.0 30.0 19.0 20.0
6.200000 1 104.7 152.3 242.1 271.5
6.200000 1 180.0 106.0 239.7 235.1
6.200000 1 188.6 189.4 276.0 272.0
6.200000 1 35.0 24.0 30.0 38.0
6.200000 1 18.0 22.0 35.0 21.0
6.200000 1 33.0 34.0 22.0 19.0
6.233333 1 105.8 156.7 241.9 274.4
6.233333 1 180.0 108.0 241.5 235.1
6.233333 1 189.3 192.1 276.0 273.0
6.233333 1 33.0 23.0 29.0 31.0
6.233333 1 18.0 21.0 32.0 21.0
6.233333 1 33.0 28.0 21.0 21.0
6.266667 1 109.6 157.6 241.6 274.1
6.266667 1 179.0 105.0 246.3 236.0
6.266667 1 189.7 192.7 279.0 275.0
6.266667 1 25.0 22.0 30.0 30.0
6.266667 1 19.0 21.0 25.0 19.0
6.266667 1 33.0 27.0 18.0 19.0
6.300000 1 110.7 157.7 242.0 273.0
6.300000 1 179.0 105.0 246.7 234.7
6.300000 1 189.4 191.1 279.0 273.0
6.300000 1 25.0 23.0 29.0 32.0
6.300000 1 21.0 21.0 24.0 20.0
6.300000 1 33.0 29.0 19.0 19.0
6.333333 1 112.0 158.5 241.6 272.0
6.333333 1 179.0 108.0 247.3 234.3
6.333333 1 188.5 190.0 278.0 273.0
6.333333 1 22.0 21.0 29.0 32.0
6.333333 1 21.0 19.0 21.0 18.0
6.333333 1 33.0 29.0 19.0 21.0
6.366667 1 112.6 182.2 159.6 241.9
6.366667 1 271.0 106.0 247.8 278.7
6.366667 1 234.5 189.3 189.9 274.0
6.366667 1 22.0 20.0 20.0 29.0
6.366667 1 34.0 23.0 22.0 20.0
6.366667 1 18.0 33.0 30.0 17.0
6.400000 1 109.0 181.5 159.2 241.6
6.400000 1 270.5 108.0 243.7 277.2
6.400000 1 232.8 188.7 189.4 274.0
6.400000 1 30.0 22.0 22.0 30.0
6.400000 1 33.0 17.0 29.0 22.0
6.400000 1 19.0 33.0 30.0 14.0
6.433333 1 109.3 180.8 158.8 241.5
6.433333 1 266.2 102.0 243.0 277.4
6.433333 1 230.7 188.0 185.6 273.0
6.433333 1 29.0 19.0 23.0 30.0
6.433333 1 41.0 23.0 29.0 19.0
6.433333 1 20.0 33.0 37.0 19.0
6.466667 1 110.8 184.3 159.2 241.3
6.466667 1 268.8 106.0 244.7 276.8
6.466667 1 231.1 188.4 189.0 270.0
6.466667 1 26.0 16.0 21.0 29.0
6.466667 1 34.0 18.0 26.0 16.0
6.466667 1 18.0 33.0 30.0 18.0
6.500000 1 110.5 183.9 157.4 241.2
6.500000 1 270.3 105.0 244.6 272.1
6.500000 1 228.8 188.6 190.9 270.0
6.500000 1 28.0 17.0 26.0 29.0
6.500000 1 30.0 19.0 27.0 17.0
6.500000 1 22.0 33.0 27.0 25.0
6.533333 1 112.4 183.7 157.3 240.8
6.533333 1 264.6 104.0 246.4 271.6
6.533333 1 228.6 188.8 187.3 273.0
6.533333 1 25.0 18.0 27.0 30.0
6.533333 1 40.0 22.0 24.0 18.0
6.533333 1 23.0 33.0 36.0 21.0
6.566667 1 112.6 182.3 156.5 240.5
6.566667 1 263.7 108.0 248.2 271.6
6.566667 1 228.7 190.2 189.0 276.0
6.566667 1 24.0 20.0 28.0 29.0
6.566667 1 40.0 18.0 23.0 21.0
6.566667 1 24.0 33.0 35.0 21.0
6.600000 1 112.6 182.3 157.7 240.2
6.600000 1 262.6 105.0 250.3 272.8
6.600000 1 231.3 191.7 190.2 279.0
6.600000 1 24.0 20.0 25.0 29.0
6.600000 1 40.0 18.0 23.0 21.0
6.600000 1 22.0 33.0 36.0 21.0
6.633333 1 113.6 183.7 158.4 240.2
6.633333 1 261.5 108.0 250.7 273.3
6.633333 1 231.4 191.9 190.2 279.0
6.633333 1 24.0 20.0 25.0 30.0
6.633333 1 42.0 18.0 24.0 20.0
6.633333 1 21.0 33.0 37.0 21.0
6.666667 1 114.2 185.5 159.5 241.2
6.666667 1 265.9 108.0 249.3 273.0
6.666667 1 229.6 190.8 192.4 278.0
6.666667 1 25.0 18.0 24.0 29.0
6.666667 1 34.0 21.0 24.0 18.0
6.666667 1 21.0 33.0 31.0 21.0
6.700000 1 115.8 188.2 157.3 241.3
6.700000 1 267.8 108.0 250.0 275.4
6.700000 1 226.8 190.7 194.9 281.0
6.700000 1 24.0 14.0 30.0 30.0
6.700000 1 30.0 18.0 23.0 15.0
6.700000 1 26.0 33.0 27.0 20.0
6.733333 1 116.6 187.0 159.7 241.5
6.733333 1 264.8 107.7 251.2 275.1
6.733333 1 229.4 192.2 194.8 282.0
6.733333 1 24.0 17.0 25.0 29.0
6.733333 1 35.0 22.3 23.0 17.0
6.733333 1 22.0 33.0 31.0 20.0
6.766667 1 117.6 188.6 157.0 242.0
6.766667 1 264.4 106.0 250.8 275.2
6.766667 1 226.0 191.8 194.5 277.0
6.766667 1 24.0 16.0 33.0 29.0
6.766667 1 37.0 22.0 23.0 16.0
6.766667 1 28.0 33.0 32.0 23.0
6.800000 1 115.8 189.6 161.1 243.4
6.800000 1 261.7 106.0 244.3 271.8
6.800000 1 225.2 189.5 189.5 276.0
6.800000 1 32.0 17.0 27.0 29.0
6.800000 1 43.0 25.0 31.0 17.0
6.800000 1 24.0 33.0 39.0 25.0
6.833333 1 117.5 191.6 161.1 245.2
6.833333 1 268.8 113.0 242.3 270.4
6.833333 1 221.6 188.2 194.0 276.0
6.833333 1 34.0 17.0 32.0 29.0
6.833333 1 32.0 21.0 33.0 17.0
6.833333 1 28.0 33.0 29.0 22.0
6.866667 1 120.3 190.7 164.9 246.7
6.866667 1 269.1 115.0 244.3 268.9
6.866667 1 224.3 189.6 195.4 284.0
6.866667 1 32.0 22.0 28.0 29.0
6.866667 1 34.0 20.0 32.0 22.0
6.866667 1 25.0 33.0 30.0 16.0
6.900000 1 119.1 193.3 166.3 247.0
6.900000 1 269.3 114.0 243.6 271.1
6.900000 1 226.3 190.2 197.1 282.0
6.900000 1 37.0 18.0 27.0 29.0
6.900000 1 34.0 23.0 36.0 19.0
6.900000 1 23.0 33.0 30.0 21.0
6.933333 1 121.8 192.4 165.9 247.0
6.933333 1 268.8 114.0 246.0 270.1
6.933333 1 226.3 190.2 198.1 284.0
6.933333 1 32.0 21.0 28.0 29.0
6.933333 1 34.0 20.0 31.0 21.0
6.933333 1 23.0 33.0 30.0 18.0
6.966667 1 120.0 194.3 166.6 246.9
6.966667 1 263.4 113.0 244.9 272.6
6.966667 1 227.5 190.9 195.2 285.0
6.966667 1 37.0 17.0 27.0 29.0
6.966667 1 44.0 17.0 36.0 18.0
6.966667 1 22.0 33.0 40.0 16.0
7.000000 1 123.0 195.4 165.9 247.2
7.000000 1 266.2 114.0 247.3 273.5
7.000000 1 226.6 191.1 199.1 286.0
7.000000 1 32.0 16.0 29.0 29.0
7.000000 1 38.0 18.0 31.0 16.0
7.000000 1 25.0 33.0 34.0 17.0
7.033333 1 122.8 195.4 168.6 246.8
7.033333 1 264.4 111.0 247.7 274.5
7.033333 1 229.7 191.3 200.4 283.0
7.033333 1 32.0 15.0 22.0 29.0
7.033333 1 41.0 21.0 31.0 16.0
7.033333 1 19.0 33.0 35.0 21.0
7.066667 1 122.9 192.5 165.6 246.8
7.066667 1 267.1 110.0 247.1 272.1
7.066667 1 227.1 191.0 203.4 287.0
7.066667 1 32.0 21.0 28.0 29.0
7.066667 1 34.0 20.0 31.0 21.0
7.066667 1 24.0 32.0 30.0 17.0
7.100000 1 123.5 192.2 167.9 247.1
7.100000 1 265.9 111.0 245.9 270.5
7.100000 1 227.6 190.3 202.4 284.0
7.100000 1 33.0 23.0 25.0 29.0
7.100000 1 36.0 21.0 32.0 24.0
7.100000 1 22.0 33.0 33.0 20.0
7.133333 1 125.8 195.2 169.5 248.2
7.133333 1 263.9 113.0 245.9 271.7
7.133333 1 227.8 189.7 201.3 284.0
7.133333 1 32.0 20.0 24.0 29.0
7.133333 1 41.0 22.0 31.0 20.0
7.133333 1 21.0 32.0 36.0 19.0
7.166667 1 122.5 196.0 167.9 247.7
7.166667 1 264.4 111.0 242.7 272.5
7.166667 1 226.7 189.0 202.3 283.0
7.166667 1 38.0 16.0 26.0 29.0
7.166667 1 39.0 24.0 37.0 17.0
7.166667 1 23.0 32.0 35.0 20.0
7.200000 1 124.8 196.1 168.1 247.3
7.200000 1 264.0 111.0 245.3 272.5
7.200000 1 227.8 189.3 203.6 283.0
7.200000 1 33.0 16.0 25.0 29.0
7.200000 1 38.0 23.0 32.0 17.0
7.200000 1 22.0 33.0 35.0 20.0
7.233333 1 126.1 195.7 170.5 247.9
7.233333 1 263.9 114.0 244.5 270.6
7.233333 1 228.5 189.0 204.3 285.0
7.233333 1 33.0 18.0 21.0 29.0
7.233333 1 39.0 20.0 32.0 19.0
7.233333 1 20.0 32.0 35.0 18.0
7.266667 1 125.9 193.9 171.3 247.7
7.266667 1 266.3 114.0 242.9 268.1
7.266667 1 228.3 188.1 206.1 285.0
7.266667 1 33.0 21.0 19.0 29.0
7.266667 1 33.0 17.0 32.0 22.0
7.266667 1 18.0 32.0 30.0 17.0
7.300000 1 125.9 193.3 167.9 246.7
7.300000 1 270.4 108.0 243.6 268.8
7.300000 1 226.8 188.3 211.3 285.0
7.300000 1 32.0 21.0 24.0 29.0
7.300000 1 26.0 23.0 31.0 21.0
7.300000 1 22.0 33.0 21.0 17.0
7.333333 1 123.8 195.6 167.9 245.9
7.333333 1 270.4 108.0 241.9 271.2
7.333333 1 227.6 188.5 211.3 285.0
7.333333 1 35.0 15.0 23.0 29.0
7.333333 1 27.0 26.0 34.0 16.0
7.333333 1 21.0 32.0 26.0 21.0
7.366667 1 126.0 196.6 169.5 246.9
7.366667 1 263.5 110.0 242.0 271.1
7.366667 1 228.1 188.7 208.6 285.0
7.366667 1 34.0 15.0 22.0 29.0
7.366667 1 35.0 24.0 33.0 16.0
7.366667 1 20.0 32.0 32.0 21.0
7.400000 1 128.3 195.1 169.2 246.7
7.400000 1 269.7 110.0 243.5 269.8
7.400000 1 227.6 188.2 213.5 285.0
7.400000 1 29.0 18.0 22.0 29.0
7.400000 1 21.0 24.0 28.0 18.0
7.400000 1 20.0 33.0 25.0 21.0
7.433333 1 128.3 195.4 169.4 246.1
7.433333 1 265.9 111.0 242.9 270.4
7.433333 1 228.0 188.3 210.5 284.0
7.433333 1 28.0 16.0 21.0 29.0
7.433333 1 31.0 23.0 28.0 16.0
7.433333 1 19.0 33.0 26.0 22.0
7.466667 1 125.0 195.0 168.5 245.6
7.466667 1 260.2 111.0 240.6 270.9
7.466667 1 228.5 189.0 210.9 284.0
7.466667 1 35.0 16.0 22.0 29.0
7.466667 1 37.0 18.0 34.0 16.0
7.466667 1 19.0 33.0 33.0 21.0
7.500000 1 124.8 196.7 170.7 246.6
7.500000 1 265.9 108.0 238.3 271.2
7.500000 1 229.5 189.5 212.8 284.0
7.500000 1 39.0 15.0 20.0 29.0
7.500000 1 30.0 21.0 38.0 15.0
7.500000 1 18.0 33.0 23.0 21.0
7.533333 1 130.4 195.2 168.0 246.1
7.533333 1 268.9 108.0 242.3 269.1
7.533333 1 226.1 188.8 215.8 284.0
7.533333 1 26.0 16.0 25.0 29.0
7.533333 1 23.0 21.0 26.0 16.0
7.533333 1 21.0 33.0 21.0 19.0
7.566667 1 129.7 193.0 169.1 244.8
7.566667 1 265.9 108.0 242.7 268.6
7.566667 1 228.3 189.7 216.5 285.0
7.566667 1 26.0 18.0 20.0 30.0
7.566667 1 26.0 21.0 25.0 18.0
7.566667 1 18.0 33.0 17.0 18.0
7.600000 1 129.3 193.1 167.5 244.8
7.600000 1 262.9 108.0 242.6 269.5
7.600000 1 227.8 191.6 215.0 285.0
7.600000 1 27.0 17.0 23.0 29.0
7.600000 1 29.0 20.0 26.0 17.0
7.600000 1 20.0 33.0 26.0 21.0
7.633333 1 126.2 194.1 169.8 245.5
7.633333 1 257.7 110.0 238.4 269.8
7.633333 1 229.1 192.6 214.0 288.0
7.633333 1 36.0 17.0 21.0 30.0
7.633333 1 39.0 18.0 35.0 17.0
7.633333 1 18.0 33.0 33.0 18.0
7.666667 1 129.5 193.8 170.5 245.7
7.666667 1 255.8 110.0 242.4 270.8
7.666667 1 230.7 195.4 214.8 288.0
7.666667 1 30.0 17.0 20.0 29.0
7.666667 1 42.0 19.0 29.0 17.0
7.666667 1 18.0 33.0 36.0 20.0
7.700000 1 129.8 192.1 167.6 244.8
7.700000 1 259.3 107.0 243.3 270.3
7.700000 1 229.3 196.8 219.1 288.0
7.700000 1 28.0 19.0 25.0 30.0
7.700000 1 33.0 21.0 27.0 19.0
7.700000 1 21.0 34.0 29.0 18.0
7.733333 1 127.5 194.2 170.7 246.4
7.733333 1 259.5 108.0 239.2 270.8
7.733333 1 230.1 197.7 218.4 285.0
7.733333 1 36.0 16.0 21.0 29.0
7.733333 1 34.0 20.0 35.0 16.0
7.733333 1 18.0 32.0 30.0 21.0
7.766667 1 133.7 192.5 171.0 246.9
7.766667 1 259.9 108.0 245.8 270.0
7.766667 1 230.8 199.6 220.2 285.0
7.766667 1 22.0 18.0 20.0 27.0
7.766667 1 32.0 19.0 22.0 18.0
7.766667 1 17.0 31.0 28.0 24.0
7.800000 1 130.7 193.2 171.1 249.0
7.800000 1 263.0 108.0 241.7 269.9
7.800000 1 229.8 202.0 223.0 288.0
7.800000 1 29.0 16.0 21.0 24.0
7.800000 1 27.0 19.0 28.0 17.0
7.800000 1 17.0 28.0 23.0 22.0
7.833333 1 133.5 192.5 170.2 252.0
7.833333 1 107.0 242.3 267.4 227.2
7.833333 1 201.0 286.0 24.0 18.0
7.833333 1 23.0 33.0 20.0 23.0
7.833333 1 18.0 19.0 41.0 24.0
7.866667 1 133.1 193.1 169.7 252.0
7.866667 1 107.0 239.8 265.9 224.4
7.866667 1 201.0 286.0 25.0 17.0
7.866667 1 25.0 35.0 19.0 24.0
7.866667 1 17.0 21.0 40.0 17.0
7.900000 1 133.9 191.2 172.2 253.0
7.900000 1 109.0 240.4 264.4 226.2
7.900000 1 213.0 284.0 25.0 21.0
7.900000 1 22.0 34.0 17.0 25.0
7.900000 1 21.0 18.0 30.0 19.0
7.933333 1 132.4 191.8 167.0 254.0
7.933333 1 109.0 240.6 266.8 223.2
7.933333 1 214.0 284.0 26.0 17.0
7.933333 1 31.0 34.0 21.0 26.0
7.933333 1 17.0 25.0 38.0 21.0
7.966667 1 130.2 191.4 171.2 249.0
7.966667 1 107.0 240.9 269.0 228.5
7.966667 1 214.0 289.0 32.0 18.0
7.966667 1 23.0 39.0 23.0 31.0
7.966667 1 19.0 19.0 38.0 16.0
8.000000 1 133.5 190.7 170.2 249.0
8.000000 1 107.0 242.9 267.7 226.4
8.000000 1 214.0 289.0 26.0 19.0
8.000000 1 26.0 36.0 23.0 25.0
8.000000 1 19.0 22.0 37.0 20.0
8.033333 1 135.2 191.8 171.8 252.0
8.033333 1 106.0 240.8 266.1 224.0
8.033333 1 219.0 285.0 25.0 17.0
8.033333 1 25.0 33.0 24.0 24.0
8.033333 1 17.0 21.0 32.0 24.0
8.066667 1 131.4 187.9 170.9 252.0
8.066667 1 106.0 238.7 264.6 224.4
8.066667 1 220.0 285.0 30.0 21.0
8.066667 1 24.0 32.0 23.0 29.0
8.066667 1 22.0 20.0 36.0 23.0
8.100000 1 133.0 190.8 171.7 251.0
8.100000 1 107.0 242.6 269.5 227.1
8.100000 1 229.0 291.0 27.0 15.0
8.100000 1 23.0 33.0 22.0 26.0
8.100000 1 15.0 18.0 27.0 17.0
8.133333 1 131.9 190.8 167.0 251.0
8.133333 1 107.0 242.7 271.1 224.0
8.133333 1 229.0 291.0 30.0 15.0
8.133333 1 34.0 31.0 18.0 29.0
8.133333 1 16.0 28.0 32.0 21.0
8.166667 1 135.9 191.0 172.5 253.0
8.166667 1 246.4 271.8 228.2 235.0
8.166667 1 24.0 15.0 24.0 29.0
8.166667 1 23.0 15.0 20.0 26.0
8.200000 1 133.6 188.9 171.1 253.0
8.200000 1 244.2 270.3 226.5 235.0
8.200000 1 27.0 16.0 26.0 30.0
8.200000 1 26.0 17.0 21.0 26.0
8.233333 1 136.9 186.5 172.4 246.0
8.233333 1 247.2 268.2 227.3 237.0
8.233333 1 21.0 21.0 24.0 37.0
8.233333 1 21.0 21.0 20.0 24.0
8.266667 1 137.8 188.8 171.4 247.0
8.266667 1 247.7 269.9 226.1 241.0
8.266667 1 21.0 17.0 29.0 39.0
8.266667 1 21.0 17.0 23.0 26.0
8.300000 1 132.3 188.4 172.7 247.0
8.300000 1 241.3 268.9 225.8 240.0
8.300000 1 32.0 15.0 25.0 37.0
8.300000 1 31.0 16.0 21.0 29.0
8.333333 1 132.6 187.5 172.9 248.0
8.333333 1 241.3 268.9 226.2 247.0
8.333333 1 32.0 16.0 25.0 36.0
8.333333 1 31.0 16.0 20.0 22.0
8.366667 1 134.2 188.0 173.7 248.0
8.366667 1 244.5 271.3 228.4 247.0
8.366667 1 30.0 15.0 24.0 32.0
8.366667 1 29.0 15.0 20.0 26.0
8.400000 1 136.0 188.0 170.3 252.0
8.400000 1 245.4 270.6 224.4 255.0
8.400000 1 27.0 15.0 32.0 28.0
8.400000 1 27.0 15.0 27.0 18.0
8.433333 1 136.4 185.6 171.3 252.0
8.433333 1 244.9 267.9 224.5 255.0
8.433333 1 26.0 19.0 31.0 30.0
8.433333 1 26.0 19.0 25.0 21.0
8.466667 1 135.5 184.4 173.6 256.0
8.466667 1 243.7 267.2 225.8 257.0
8.466667 1 29.0 21.0 27.0 26.0
8.466667 1 28.0 21.0 23.0 19.0
8.500000 1 137.9 187.7 175.8 253.0
8.500000 1 244.7 269.4 226.2 256.0
8.500000 1 26.0 15.0 24.0 31.0
8.500000 1 25.0 15.0 20.0 26.0
8.533333 1 137.1 184.2 176.8 252.0
8.533333 1 241.0 264.2 224.0 252.0
8.533333 1 30.0 23.0 25.0 32.0
8.533333 1 29.0 24.0 21.0 30.0
8.566667 1 140.0 187.0 178.2 252.0
8.566667 1 240.8 265.3 222.7 252.0
8.566667 1 25.0 17.0 23.0 33.0
8.566667 1 25.0 18.0 19.0 37.0
8.600000 1 140.4 185.1 178.3 253.0
8.600000 1 242.3 265.8 223.7 258.0
8.600000 1 24.0 20.0 23.0 32.0
8.600000 1 24.0 20.0 19.0 31.0
8.633333 1 139.5 187.7 177.4 253.0
8.633333 1 242.4 270.1 224.1 258.0
8.633333 1 28.0 15.0 27.0 33.0
8.633333 1 27.0 16.0 22.0 34.0
8.666667 1 140.7 188.0 179.1 255.0
8.666667 1 244.4 271.7 226.0 263.0
8.666667 1 27.0 15.0 25.0 31.0
8.666667 1 26.0 15.0 20.0 29.0
8.700000 1 141.1 188.1 179.9 255.0
8.700000 1 244.6 272.3 226.7 263.0
8.700000 1 27.0 15.0 24.0 29.0
8.700000 1 26.0 15.0 20.0 29.0
8.733333 1 140.6 187.2 178.6 257.0
8.733333 1 244.9 272.9 226.5 264.0
8.733333 1 27.0 14.0 26.0 27.0
8.733333 1 26.0 15.0 21.0 28.0
8.766667 1 140.2 187.7 175.9 257.0
8.766667 1 244.7 273.7 224.8 264.0
8.766667 1 28.0 14.0 32.0 30.0
8.766667 1 28.0 14.0 26.0 31.0
8.800000 1 140.0 187.6 179.8 260.0
8.800000 1 243.3 273.4 226.8 266.0
8.800000 1 29.0 14.0 25.0 27.0
8.800000 1 28.0 14.0 21.0 29.0
8.833333 1 144.2 187.8 180.3 260.0
8.833333 1 246.9 274.2 227.0 266.0
8.833333 1 21.0 13.0 24.0 26.0
8.833333 1 21.0 14.0 21.0 33.0
8.866667 1 146.4 183.8 177.9 258.0
8.866667 1 249.1 272.2 225.6 267.0
8.866667 1 16.0 20.0 30.0 28.0
8.866667 1 16.0 21.0 24.0 32.0
8.900000 1 147.5 187.4 176.7 258.0
8.900000 1 251.2 277.9 226.3 267.0
8.900000 1 16.0 14.0 33.0 30.0
8.900000 1 16.0 15.0 27.0 34.0
8.933333 1 145.8 187.0 181.5 264.0
8.933333 1 249.0 278.5 230.1 271.0
8.933333 1 21.0 15.0 25.0 24.0
8.933333 1 20.0 16.0 21.0 30.0
8.966667 1 145.6 188.2 182.3 264.0
8.966667 1 246.3 278.9 229.2 271.0
8.966667 1 23.0 14.0 25.0 27.0
8.966667 1 23.0 15.0 21.0 32.0
9.000000 1 147.1 187.6 177.8 258.0
9.000000 1 246.8 279.2 225.2 273.0
9.000000 1 22.0 16.0 36.0 33.0
9.000000 1 22.0 17.0 29.0 30.0
9.033333 1 149.2 189.5 182.1 258.0
9.033333 1 247.9 281.1 228.2 273.0
9.033333 1 19.0 13.0 28.0 33.0
9.033333 1 19.0 14.0 23.0 30.0
9.066667 1 146.7 190.3 182.8 264.0
9.066667 1 243.7 281.4 227.6 271.0
9.066667 1 25.0 12.0 28.0 27.0
9.066667 1 25.0 13.0 22.0 32.0
9.100000 1 150.0 190.6 184.6 261.0
9.100000 1 245.4 281.3 228.4 270.0
9.100000 1 21.0 14.0 26.0 31.0
9.100000 1 21.0 14.0 20.0 30.0
9.133333 1 150.5 190.8 183.9 259.0
9.133333 1 245.0 281.2 226.9 270.0
9.133333 1 20.0 13.0 28.0 33.0
9.133333 1 19.0 13.0 21.0 30.0
9.166667 1 152.8 191.4 187.9 265.0
9.166667 1 243.2 279.0 226.7 266.0
9.166667 1 17.0 14.0 22.0 29.0
9.166667 1 17.0 14.0 17.0 37.0
9.200000 1 153.2 191.6 188.3 260.0
9.200000 1 242.2 278.8 225.7 268.0
9.200000 1 17.0 14.0 22.0 41.0
9.200000 1 17.0 15.0 17.0 30.0
9.233333 1 265.0 153.9 191.2 189.0
9.233333 1 259.3 243.2 279.5 227.0
9.233333 1 42.0 17.0 16.0 22.0
9.233333 1 47.0 17.0 16.0 17.0
9.266667 1 259.9 154.2 191.7 189.0
9.266667 1 259.1 242.9 280.2 226.0
9.266667 1 47.2 17.0 15.0 22.0
9.266667 1 47.0 17.0 16.0 19.0
9.300000 1 255.4 153.3 192.4 191.0
9.300000 1 261.1 241.2 280.6 226.0
9.300000 1 51.0 21.0 16.0 19.0
9.300000 1 42.0 20.0 16.0 21.0
9.333333 1 262.2 152.3 192.2 194.0
9.333333 1 265.7 241.3 281.9 227.0
9.333333 1 40.5 23.0 17.0 19.0
9.333333 1 35.0 23.0 17.0 19.0
9.366667 1 259.9 153.2 191.8 191.0
9.366667 1 264.9 243.7 283.3 229.0
9.366667 1 44.0 22.0 18.0 22.0
9.366667 1 39.0 21.0 19.0 15.0
9.400000 1 259.9 158.0 193.7 189.0
9.400000 1 266.1 247.5 284.6 229.0
9.400000 1 43.7 14.0 16.0 28.0
9.400000 1 37.0 13.0 16.0 15.0
9.433333 1 259.2 159.1 193.7 193.0
9.433333 1 266.1 246.9 283.4 226.0
9.433333 1 44.7 13.0 18.0 24.0
9.433333 1 35.0 12.0 18.0 19.0
9.466667 1 258.4 160.5 194.9 196.0
9.466667 1 262.7 246.6 283.1 225.0
9.466667 1 47.8 12.0 17.0 20.0
9.466667 1 39.0 11.0 18.0 15.0
9.500000 1 262.2 160.5 195.7 195.0
9.500000 1 261.7 245.1 282.7 225.0
9.500000 1 44.4 13.0 17.0 18.0
9.500000 1 39.0 13.0 18.0 17.0
9.533333 1 262.9 161.0 196.4 195.0
9.533333 1 264.3 245.0 283.0 223.0
9.533333 1 42.6 14.0 18.0 23.0
9.533333 1 34.0 14.0 23.5 19.0
9.566667 1 257.7 159.9 195.3 198.0
9.566667 1 263.1 242.6 280.4 224.0
9.566667 1 47.8 17.0 21.0 18.0
9.566667 1 34.0 17.0 22.0 15.0
9.600000 1 259.9 160.9 198.7 201.0
9.600000 1 261.1 241.1 281.4 222.0
9.600000 1 47.2 18.0 17.0 19.0
9.600000 1 35.0 17.0 18.0 19.0
9.633333 1 263.7 161.5 200.2 195.0
9.633333 1 262.5 240.8 282.4 218.0
9.633333 1 43.4 19.0 17.0 24.0
9.633333 1 31.0 18.0 17.0 22.0
9.666667 1 257.7 162.3 200.6 198.0
9.666667 1 263.1 242.1 283.5 220.0
9.666667 1 49.8 17.0 16.0 23.0
9.666667 1 31.0 16.0 17.0 22.0
9.700000 1 279.0 162.3 199.6 259.2
9.700000 1 195.0 265.0 243.6 284.1
9.700000 1 263.7 220.0 28.0 17.0
9.700000 1 18.0 24.7 24.0 29.0
9.700000 1 16.0 19.0 24.7 21.0
9.733333 1 280.8 163.4 199.8 255.0
9.733333 1 200.0 263.4 241.9 281.3
9.733333 1 262.2 220.0 26.0 16.0
9.733333 1 20.0 28.9 18.0 28.0
9.733333 1 16.0 21.0 23.0 17.0
9.766667 1 285.4 164.1 203.1 256.1
9.766667 1 201.0 264.0 238.0 280.5
9.766667 1 261.5 217.0 20.0 18.0
9.766667 1 17.0 24.8 17.0 22.0
9.766667 1 18.0 18.0 23.8 15.0
9.800000 1 282.9 164.5 203.7 257.7
9.800000 1 198.0 258.6 236.4 279.4
9.800000 1 257.7 213.0 27.0 19.0
9.800000 1 18.0 25.5 28.0 30.0
9.800000 1 19.0 18.0 28.5 25.0
9.833333 1 280.3 166.1 201.4 250.9
9.833333 1 201.0 255.1 238.1 277.7
9.833333 1 257.7 213.0 34.0 17.0
9.833333 1 23.0 34.5 22.0 37.0
9.833333 1 17.0 24.0 29.2 25.0
9.866667 1 281.1 164.7 205.1 248.6
9.866667 1 201.0 254.0 235.7 280.1
9.866667 1 254.4 213.0 32.0 20.0
9.866667 1 17.0 36.0 23.0 35.0
9.866667 1 20.0 17.0 29.0 22.0
9.900000 1 281.3 164.4 204.3 246.9
9.900000 1 204.0 251.3 233.2 277.7
9.900000 1 252.5 212.0 33.0 22.0
9.900000 1 19.0 38.0 20.0 36.0
9.900000 1 21.0 20.0 29.0 23.0
9.933333 1 284.8 166.1 202.6 249.4
9.933333 1 204.0 253.2 232.7 274.6
9.933333 1 253.8 212.0 27.0 20.0
9.933333 1 24.0 31.0 19.0 30.0
9.933333 1 20.0 25.0 24.0 18.0
9.966667 1 282.7 165.6 205.5 251.2
9.966667 1 204.0 249.2 231.2 276.3
9.966667 1 254.8 209.0 33.0 23.0
9.966667 1 21.0 26.0 19.0 37.0
9.966667 1 22.0 21.0 21.0 21.0
10.000000 1 284.7 169.3 206.8 248.4
10.000000 1 204.0 249.1 233.8 276.5
10.000000 1 252.8 209.0 31.0 16.0
10.000000 1 20.0 31.0 20.0 35.0
10.000000 1 16.0 21.0 24.0 22.0
10.033333 1 288.2 166.3 206.6 251.1
10.033333 1 207.0 249.0 227.4 273.2
10.033333 1 253.3 209.0 27.0 26.0
10.033333 1 24.0 25.0 17.0 31.0
10.033333 1 25.0 25.0 20.0 22.0
10.066667 1 292.0 203.3 166.0 209.0
10.066667 1 252.0 250.0 203.0 224.0
10.066667 1 273.0 252.5 22.0 25.0
10.066667 1 29.0 22.0 23.2 25.0
10.066667 1 22.0 28.0 23.0 18.0
