0.000000 1 65.0 197.0 25.0 87.0
0.000000 1 30.0 23.0 27.0 22.0
0.033333 1 72.5 198.8 27.3 89.1
0.033333 1 30.0 23.5 26.9 22.3
0.066667 1 80.0 200.6 29.6 91.2
0.066667 1 30.0 23.9 26.8 22.5
0.100000 1 87.5 202.5 31.9 93.3
0.100000 1 30.0 24.4 26.7 22.8
0.133333 1 95.0 204.3 34.2 95.4
0.133333 1 30.0 24.8 26.6 23.1
0.166667 1 102.5 206.1 36.5 97.5
0.166667 1 30.0 25.3 26.5 23.4
0.200000 1 110.0 207.9 38.8 99.5
0.200000 1 30.0 25.7 26.4 23.6
0.233333 1 117.5 209.7 41.1 101.6
0.233333 1 30.0 26.2 26.3 23.9
0.266667 1 125.0 211.5 43.4 103.7
0.266667 1 30.0 26.6 26.2 24.2
0.300000 1 132.5 213.4 45.7 105.8
0.300000 1 30.0 27.1 26.1 24.5
0.333333 1 140.0 215.2 48.0 107.9
0.333333 1 30.0 27.5 26.0 24.7
0.366667 1 147.7 217.0 50.6 110.0
0.366667 1 29.1 28.0 25.8 25.0
0.400000 1 155.5 219.3 53.2 111.9
0.400000 1 28.3 27.7 25.5 25.0
0.433333 1 163.2 221.7 55.9 113.8
0.433333 1 27.4 27.3 25.3 25.0
0.466667 1 171.0 224.0 58.5 115.7
0.466667 1 26.5 27.0 25.0 25.0
0.500000 1 178.7 226.3 61.1 117.7
0.500000 1 25.6 26.7 24.8 25.0
0.533333 1 186.5 228.7 63.7 119.6
0.533333 1 24.8 26.3 24.5 25.0
0.566667 1 194.2 231.0 66.4 121.5
0.566667 1 23.9 26.0 24.3 25.0
0.600000 1 202.0 233.3 69.0 123.4
0.600000 1 23.0 25.7 24.0 25.0
0.633333 1 207.4 235.7 71.8 125.3
0.633333 1 23.6 25.3 23.8 25.0
0.666667 1 212.9 238.0 74.6 127.2
0.666667 1 24.1 25.0 23.6 25.0
0.700000 1 218.3 240.3 77.3 129.2
0.700000 1 24.7 24.7 23.3 25.0
0.733333 1 223.8 242.7 80.1 131.1
0.733333 1 25.2 24.3 23.1 25.0
0.766667 1 229.2 245.0 82.9 133.0
0.766667 1 25.8 24.0 22.9 25.0
0.800000 1 234.7 85.7 26.3 22.7
0.833333 1 240.1 88.4 26.9 22.4
0.866667 1 245.6 91.2 27.4 22.2
0.900000 1 251.0 94.0 28.0 22.0
0.933333 1 256.9 96.9 27.5 22.0
0.966667 1 262.8 99.8 27.0 22.0
1.000000 1 268.6 102.6 26.5 22.0
1.033333 1 274.5 105.5 26.0 22.0
1.066667 1 280.4 108.4 25.5 22.0
1.100000 1 286.3 111.3 25.0 22.0
1.133333 1 292.1 114.1 24.5 22.0
1.166667 1 298.0 117.0 24.0 22.0
1.200000 1 303.4 119.8 24.0 22.1
1.233333 1 308.8 122.6 24.0 22.2
1.266667 1 314.2 125.4 24.0 22.3
1.300000 1 319.6 128.2 24.0 22.4
1.333333 1 325.0 131.0 24.0 22.5
1.366667 1 330.4 133.8 24.0 22.6
1.400000 1 335.8 136.6 24.0 22.7
1.433333 1 341.2 139.4 24.0 22.8
1.466667 1 346.6 142.2 24.0 22.9
1.500000 1 352.0 145.0 24.0 23.0
1.533333 1 357.1 147.4 24.2 23.0
1.566667 1 362.2 149.8 24.4 23.0
1.600000 1 367.3 152.2 24.6 23.0
1.633333 1 372.4 154.6 24.8 23.0
1.666667 1 377.5 157.0 25.0 23.0
1.700000 1 382.6 159.4 25.2 23.0
1.733333 1 387.7 161.8 25.4 23.0
1.766667 1 392.8 164.2 25.6 23.0
1.800000 1 397.9 166.6 25.8 23.0
1.833333 1 403.0 169.0 26.0 23.0
1.866667 1 408.4 170.4 24.6 21.8
1.900000 1 413.8 171.8 23.2 20.6
1.933333 1 419.2 173.2 21.8 19.4
1.966667 1 424.6 174.6 20.4 18.2
2.000000 1 430.0 176.0 19.0 17.0
2.033333 1 437.0 176.7 19.7 17.8
2.066667 1 444.0 177.3 20.3 18.7
2.100000 1 451.0 178.0 21.0 19.5
2.133333 1 458.0 178.7 21.7 20.3
2.166667 1 465.0 179.3 22.3 21.2
2.200000 1 472.0 180.0 23.0 22.0
2.233333 1 476.0 180.4 22.8 22.0
2.266667 1 480.0 180.9 22.6 22.0
2.300000 1 484.0 181.3 22.3 22.0
2.333333 1 488.0 181.8 22.1 22.0
2.366667 1 492.0 182.2 21.9 22.0
2.400000 1 496.0 182.7 21.7 22.0
2.433333 1 500.0 183.1 21.4 22.0
2.466667 1 504.0 183.6 21.2 22.0
2.500000 1 508.0 184.0 21.0 22.0
2.533333 1 509.5 183.9 21.0 22.4
2.566667 1 511.0 183.7 21.0 22.8
2.600000 1 512.5 183.6 21.0 23.1
2.633333 1 514.0 183.5 21.0 23.5
2.666667 1 515.5 183.4 21.0 23.9
2.700000 1 517.0 183.2 21.0 24.3
2.733333 1 518.5 183.1 21.0 24.6
2.766667 1 520.0 183.0 21.0 25.0
2.800000 1 523.0 182.2 21.3 25.1
2.833333 1 526.0 181.4 21.6 25.1
2.866667 1 529.0 180.6 21.9 25.2
2.900000 1 532.0 179.8 22.2 25.2
2.933333 1 535.0 178.9 22.6 25.3
2.966667 1 538.0 178.1 22.9 25.4
3.000000 1 541.0 177.3 23.2 25.4
3.033333 1 544.0 176.5 23.5 25.5
3.066667 1 547.0 175.7 23.8 25.6
3.100000 1 550.0 174.9 24.1 25.6
3.133333 1 553.0 174.1 24.4 25.7
3.166667 1 556.0 173.3 24.7 25.7
3.200000 1 559.0 172.4 25.1 25.8
3.233333 1 562.0 171.6 25.4 25.9
3.266667 1 565.0 170.8 25.7 25.9
3.300000 1 568.0 170.0 26.0 26.0
3.333333 1 569.4 168.5 26.5 26.7
3.366667 1 570.8 167.0 27.0 27.4
3.400000 1 572.2 165.5 27.5 28.1
3.433333 1 573.6 164.0 28.0 28.8
3.466667 1 575.0 162.5 28.5 29.5
3.500000 1 576.4 161.0 29.0 30.2
3.533333 1 577.8 159.5 29.5 30.9
3.566667 1 579.2 158.0 30.0 31.6
3.600000 1 580.6 156.5 30.5 32.3
3.633333 1 582.0 155.0 31.0 33.0
3.666667 1 583.3 155.3 30.1 32.2
3.700000 1 584.6 155.6 29.2 31.4
3.733333 1 585.9 155.9 28.3 30.6
3.766667 1 587.2 156.2 27.4 29.8
3.800000 1 588.5 156.5 26.5 29.0
3.833333 1 589.8 156.8 25.6 28.2
3.866667 1 591.1 157.1 24.7 27.4
3.900000 1 592.4 157.4 23.8 26.6
3.933333 1 593.7 157.7 22.9 25.8
3.966667 1 595.0 158.0 22.0 25.0
4.000000 1 596.0 158.0 21.3 25.0
4.033333 1 597.0 158.0 20.7 25.0
4.066667 1 598.0 158.0 20.0 25.0
4.100000 1 599.0 158.0 19.3 25.0
4.133333 1 600.0 158.0 18.7 25.0
4.166667 1 601.0 158.0 18.0 25.0
4.200000 1 601.5 157.8 18.1 25.1
4.233333 1 601.9 157.5 18.2 25.2
4.266667 1 602.4 157.3 18.2 25.2
4.300000 1 602.8 157.1 18.3 25.3
4.333333 1 603.3 156.8 18.4 25.4
4.366667 1 603.8 156.6 18.5 25.5
4.400000 1 604.2 156.4 18.5 25.5
4.433333 1 604.7 156.2 18.6 25.6
4.466667 1 605.2 155.9 18.7 25.7
4.500000 1 605.6 155.7 18.8 25.8
4.533333 1 606.1 155.5 18.8 25.8
4.566667 1 606.5 155.2 18.9 25.9
4.600000 1 607.0 155.0 19.0 26.0
4.633333 1 608.5 156.3 18.5 24.7
4.666667 1 610.0 157.5 18.0 23.5
4.700000 1 611.5 158.8 17.5 22.2
4.733333 1 613.0 160.0 17.0 21.0
4.766667 1 613.4 160.0 16.7 20.9
4.800000 1 613.8 160.0 16.4 20.8
4.833333 1 614.2 160.0 16.1 20.7
4.866667 1 614.6 160.0 15.8 20.6
4.900000 1 615.0 160.0 15.5 20.5
4.933333 1 615.4 160.0 15.2 20.4
4.966667 1 615.8 160.0 14.9 20.3
5.000000 1 616.2 160.0 14.6 20.2
5.033333 1 616.6 160.0 14.3 20.1
5.066667 1 617.0 160.0 14.0 20.0
5.100000 1 617.4 160.4 14.3 20.4
5.133333 1 617.9 160.9 14.6 20.9
5.166667 1 618.3 161.3 14.9 21.3
5.200000 1 618.7 161.7 15.1 21.7
5.233333 1 619.1 162.1 15.4 22.1
5.266667 1 619.6 162.6 15.7 22.6
5.300000 1 620.0 163.0 16.0 23.0
5.333333 1 622.0 164.0 15.0 20.0
5.366667 1 622.2 164.8 14.8 20.2
5.400000 1 622.5 165.6 14.6 20.5
5.433333 1 622.7 166.5 14.5 20.7
5.466667 1 622.9 167.3 14.3 20.9
5.500000 1 623.2 168.1 14.1 21.2
5.533333 1 623.4 168.9 13.9 21.4
5.566667 1 623.6 169.8 13.8 21.6
5.600000 1 623.9 170.6 13.6 21.9
5.633333 1 624.1 171.4 13.4 22.1
5.666667 1 624.4 172.2 13.2 22.4
5.700000 1 624.6 173.1 13.1 22.6
5.733333 1 624.8 173.9 12.9 22.8
5.766667 1 625.1 174.7 12.7 23.1
5.800000 1 625.3 175.5 12.5 23.3
5.833333 1 625.5 176.4 12.4 23.5
6.566667 1 11.0 244.0 19.0 23.0
6.600000 1 22.4 250.9 20.6 24.0
6.633333 1 33.9 257.7 22.1 25.0
6.666667 1 45.3 264.6 23.7 26.0
6.700000 1 56.7 271.4 25.3 27.0
6.733333 1 68.1 278.3 26.9 28.0
6.766667 1 79.6 285.1 28.4 29.0
6.800000 1 91.0 292.0 30.0 30.0
6.833333 1 102.0 298.3 29.5 29.4
6.866667 1 113.0 304.5 29.0 28.7
6.900000 1 124.0 310.8 28.5 28.1
6.933333 1 135.0 317.0 28.0 27.5
6.966667 1 146.0 323.3 27.5 26.9
7.000000 1 157.0 329.5 27.0 26.2
7.033333 1 168.0 335.8 26.5 25.6
7.066667 1 179.0 342.0 26.0 25.0
7.100000 1 188.8 346.5 27.2 25.8
7.133333 1 198.7 351.0 28.3 26.7
7.166667 1 208.5 355.5 29.5 27.5
7.200000 1 218.3 360.0 30.7 28.3
7.233333 1 228.2 364.5 31.8 29.2
7.266667 1 238.0 369.0 33.0 30.0
7.300000 1 245.2 371.7 32.5 29.5
7.333333 1 252.5 374.5 32.0 29.0
7.366667 1 259.7 377.2 31.5 28.5
7.400000 1 267.0 380.0 31.0 28.0
7.433333 1 274.2 382.7 30.5 27.5
7.466667 1 281.5 385.5 30.0 27.0
7.500000 1 288.7 388.2 29.5 26.5
7.533333 1 296.0 391.0 29.0 26.0
7.566667 1 302.3 392.2 29.0 26.0
7.600000 1 308.6 393.4 29.0 26.0
7.633333 1 314.9 394.6 29.0 26.0
7.666667 1 321.2 395.8 29.0 26.0
7.700000 1 327.5 397.0 29.0 26.0
7.733333 1 333.8 398.2 29.0 26.0
7.766667 1 340.1 399.4 29.0 26.0
7.800000 1 346.4 400.6 29.0 26.0
7.833333 1 352.7 401.8 29.0 26.0
7.866667 1 359.0 403.0 29.0 26.0
7.900000 1 364.6 404.7 28.4 25.5
7.933333 1 370.2 406.4 27.8 25.0
7.966667 1 375.8 408.1 27.2 24.5
8.000000 1 381.4 409.8 26.6 24.0
8.033333 1 387.0 411.5 26.0 23.5
8.066667 1 392.6 413.2 25.4 23.0
8.100000 1 398.2 414.9 24.8 22.5
8.133333 1 403.8 416.6 24.2 22.0
8.166667 1 409.4 418.3 23.6 21.5
8.200000 1 415.0 420.0 23.0 21.0
8.233333 1 419.6 421.0 22.7 20.5
8.266667 1 424.2 422.0 22.3 20.0
8.300000 1 428.7 423.0 22.0 19.5
8.333333 1 433.3 424.0 21.7 19.0
8.366667 1 437.9 425.0 21.3 18.5
8.400000 1 442.5 426.0 21.0 18.0
8.433333 1 447.1 427.0 20.7 17.5
8.466667 1 451.7 428.0 20.3 17.0
8.500000 1 456.2 429.0 20.0 16.5
8.533333 1 460.8 430.0 19.7 16.0
8.566667 1 465.4 431.0 19.3 15.5
8.600000 1 470.0 432.0 19.0 15.0
8.633333 1 472.6 431.5 18.8 15.2
8.666667 1 475.2 431.0 18.6 15.4
8.700000 1 477.8 430.5 18.4 15.6
8.733333 1 480.4 430.0 18.2 15.8
8.766667 1 483.0 429.5 18.0 16.0
8.800000 1 485.6 429.0 17.8 16.2
8.833333 1 488.2 428.5 17.6 16.4
8.866667 1 490.8 428.0 17.4 16.6
8.900000 1 493.4 427.5 17.2 16.8
8.933333 1 496.0 427.0 17.0 17.0
8.966667 1 496.5 425.4 17.5 17.2
9.000000 1 497.0 423.8 18.0 17.5
9.033333 1 497.5 422.1 18.5 17.7
9.066667 1 498.0 420.5 19.0 18.0
9.100000 1 498.5 418.9 19.5 18.2
9.133333 1 499.0 417.3 20.0 18.5
9.166667 1 499.5 415.6 20.5 18.7
9.200000 1 500.0 414.0 21.0 19.0
9.233333 1 500.9 412.6 20.7 19.1
9.266667 1 501.8 411.2 20.5 19.3
9.300000 1 502.6 409.9 20.2 19.4
9.333333 1 503.5 408.5 20.0 19.5
9.366667 1 504.4 407.1 19.7 19.6
9.400000 1 505.3 405.7 19.5 19.8
9.433333 1 506.1 404.4 19.2 19.9
9.466667 1 507.0 403.0 19.0 20.0
9.500000 1 507.8 401.6 19.3 20.0
9.533333 1 508.6 400.3 19.5 20.0
9.566667 1 509.5 398.9 19.8 20.0
9.600000 1 510.3 397.5 20.1 20.0
9.633333 1 511.1 396.2 20.4 20.0
9.666667 1 511.9 394.8 20.6 20.0
9.700000 1 512.7 393.5 20.9 20.0
9.733333 1 513.5 392.1 21.2 20.0
9.766667 1 514.4 390.7 21.5 20.0
9.800000 1 515.2 389.4 21.7 20.0
9.833333 1 516.0 388.0 22.0 20.0
9.866667 1 516.1 386.1 22.3 20.9
9.900000 1 516.3 384.3 22.6 21.7
9.933333 1 516.4 382.4 22.9 22.6
9.966667 1 516.6 380.6 23.1 23.4
10.000000 1 516.7 378.7 23.4 24.3
10.033333 1 516.9 376.9 23.7 25.1
10.066667 1 517.0 375.0 24.0 26.0
