0.000000 1 311.0 265.0 22.0 23.0
0.033333 1 310.9 265.0 22.0 23.0
0.066667 1 310.9 264.9 22.0 23.0
0.100000 1 310.8 264.9 22.1 23.0
0.133333 1 310.8 264.9 22.1 23.1
0.166667 1 310.7 264.8 22.1 23.1
0.200000 1 310.7 264.8 22.1 23.1
0.233333 1 310.6 264.8 22.1 23.1
0.266667 1 310.6 264.7 22.2 23.1
0.300000 1 310.5 264.7 22.2 23.1
0.333333 1 310.5 264.7 22.2 23.1
0.366667 1 310.4 264.6 22.2 23.1
0.400000 1 310.4 264.6 22.2 23.2
0.433333 1 310.3 264.6 22.3 23.2
0.466667 1 310.3 264.5 22.3 23.2
0.500000 1 310.2 264.5 22.3 23.2
0.533333 1 310.2 264.5 22.3 23.2
0.566667 1 310.1 264.5 22.3 23.2
0.600000 1 310.1 264.4 22.3 23.2
0.633333 1 310.0 264.4 22.4 23.2
0.666667 1 310.0 264.4 22.4 23.3
0.700000 1 309.9 264.3 22.4 23.3
0.733333 1 309.9 264.3 22.4 23.3
0.766667 1 309.8 264.3 22.4 23.3
0.800000 1 309.8 264.2 22.5 23.3
0.833333 1 309.7 264.2 22.5 23.3
0.866667 1 309.7 264.2 22.5 23.3
0.900000 1 309.6 264.1 22.5 23.3
0.933333 1 309.6 264.1 22.5 23.4
0.966667 1 309.5 264.1 22.6 23.4
1.000000 1 309.5 264.0 22.6 23.4
1.033333 1 309.4 264.0 22.6 23.4
1.066667 1 309.3 264.0 22.6 23.4
1.100000 1 309.3 263.9 22.6 23.4
1.133333 1 309.2 263.9 22.7 23.4
1.166667 1 309.2 263.9 22.7 23.5
1.200000 1 309.1 263.8 22.7 23.5
1.233333 1 309.1 263.8 22.7 23.5
1.266667 1 309.0 263.8 22.7 23.5
1.300000 1 309.0 263.7 22.8 23.5
1.333333 1 308.9 263.7 22.8 23.5
1.366667 1 308.9 263.7 22.8 23.5
1.400000 1 308.8 263.6 22.8 23.5
1.433333 1 308.8 263.6 22.8 23.6
1.466667 1 308.7 263.6 22.9 23.6
1.500000 1 308.7 263.5 22.9 23.6
1.533333 1 308.6 263.5 22.9 23.6
1.566667 1 308.6 263.5 22.9 23.6
1.600000 1 308.5 263.5 22.9 23.6
1.633333 1 308.5 263.4 22.9 23.6
1.666667 1 308.4 263.4 23.0 23.6
1.700000 1 308.4 263.4 23.0 23.7
1.733333 1 308.3 263.3 23.0 23.7
1.766667 1 308.3 263.3 23.0 23.7
1.800000 1 308.2 263.3 23.0 23.7
1.833333 1 308.2 263.2 23.1 23.7
1.866667 1 308.1 263.2 23.1 23.7
1.900000 1 308.1 263.2 23.1 23.7
1.933333 1 308.0 263.1 23.1 23.7
1.966667 1 308.0 263.1 23.1 23.8
2.000000 1 307.9 263.1 23.2 23.8
2.033333 1 307.9 263.0 23.2 23.8
2.066667 1 307.8 263.0 23.2 23.8
2.100000 1 307.7 263.0 23.2 23.8
2.133333 1 307.7 262.9 23.2 23.8
2.166667 1 307.6 262.9 23.3 23.8
2.200000 1 307.6 262.9 23.3 23.9
2.233333 1 307.5 262.8 23.3 23.9
2.266667 1 307.5 262.8 23.3 23.9
2.300000 1 307.4 262.8 23.3 23.9
2.333333 1 307.4 262.7 23.4 23.9
2.366667 1 307.3 262.7 23.4 23.9
2.400000 1 307.3 262.7 23.4 23.9
2.433333 1 307.2 262.6 23.4 23.9
2.466667 1 307.2 262.6 23.4 24.0
2.500000 1 307.1 262.6 23.5 24.0
2.533333 1 307.1 262.5 23.5 24.0
2.566667 1 307.0 262.5 23.5 24.0
2.600000 1 307.0 262.5 23.5 24.0
2.633333 1 306.9 262.5 23.5 24.0
2.666667 1 306.9 262.4 23.5 24.0
2.700000 1 306.8 262.4 23.6 24.0
2.733333 1 306.8 262.4 23.6 24.1
2.766667 1 306.7 262.3 23.6 24.1
2.800000 1 306.7 262.3 23.6 24.1
2.833333 1 306.6 262.3 23.6 24.1
2.866667 1 306.6 262.2 23.7 24.1
2.900000 1 306.5 262.2 23.7 24.1
2.933333 1 306.5 262.2 23.7 24.1
2.966667 1 306.4 262.1 23.7 24.1
3.000000 1 306.4 262.1 23.7 24.2
3.033333 1 306.3 262.1 23.8 24.2
3.066667 1 306.3 262.0 23.8 24.2
3.100000 1 306.2 262.0 23.8 24.2
3.133333 1 306.1 262.0 23.8 24.2
3.166667 1 306.1 261.9 23.8 24.2
3.200000 1 306.0 261.9 23.9 24.2
3.233333 1 306.0 261.9 23.9 24.3
3.266667 1 305.9 261.8 23.9 24.3
3.300000 1 305.9 261.8 23.9 24.3
3.333333 1 305.8 261.8 23.9 24.3
3.366667 1 305.8 261.7 24.0 24.3
3.400000 1 305.7 261.7 24.0 24.3
3.433333 1 305.7 261.7 24.0 24.3
3.466667 1 305.6 261.6 24.0 24.3
3.500000 1 305.6 261.6 24.0 24.4
3.533333 1 305.5 261.6 24.1 24.4
3.566667 1 305.5 261.5 24.1 24.4
3.600000 1 305.4 261.5 24.1 24.4
3.633333 1 305.4 261.5 24.1 24.4
3.666667 1 305.3 261.5 24.1 24.4
3.700000 1 305.3 261.4 24.1 24.4
3.733333 1 305.2 261.4 24.2 24.4
3.766667 1 305.2 261.4 24.2 24.5
3.800000 1 305.1 261.3 24.2 24.5
3.833333 1 305.1 261.3 24.2 24.5
3.866667 1 305.0 261.3 24.2 24.5
3.900000 1 305.0 261.2 24.3 24.5
3.933333 1 304.9 261.2 24.3 24.5
3.966667 1 304.9 261.2 24.3 24.5
4.000000 1 304.8 261.1 24.3 24.5
4.033333 1 304.8 261.1 24.3 24.6
4.066667 1 304.7 261.1 24.4 24.6
4.100000 1 304.7 261.0 24.4 24.6
4.133333 1 304.6 261.0 24.4 24.6
4.166667 1 304.5 261.0 24.4 24.6
4.200000 1 304.5 260.9 24.4 24.6
4.233333 1 304.4 260.9 24.5 24.6
4.266667 1 304.4 260.9 24.5 24.7
4.300000 1 304.3 260.8 24.5 24.7
4.333333 1 304.3 260.8 24.5 24.7
4.366667 1 304.2 260.8 24.5 24.7
4.400000 1 304.2 260.7 24.6 24.7
4.433333 1 304.1 260.7 24.6 24.7
4.466667 1 304.1 260.7 24.6 24.7
4.500000 1 304.0 260.6 24.6 24.7
4.533333 1 304.0 260.6 24.6 24.8
4.566667 1 303.9 260.6 24.7 24.8
4.600000 1 303.9 260.5 24.7 24.8
4.633333 1 303.8 260.5 24.7 24.8
4.666667 1 303.8 260.5 24.7 24.8
4.700000 1 303.7 260.5 24.7 24.8
4.733333 1 303.7 260.4 24.7 24.8
4.766667 1 303.6 260.4 24.8 24.8
4.800000 1 303.6 260.4 24.8 24.9
4.833333 1 303.5 260.3 24.8 24.9
4.866667 1 303.5 260.3 24.8 24.9
4.900000 1 303.4 260.3 24.8 24.9
4.933333 1 303.4 260.2 24.9 24.9
4.966667 1 303.3 260.2 24.9 24.9
5.000000 1 303.3 260.2 24.9 24.9
5.033333 1 303.2 260.1 24.9 24.9
5.066667 1 303.2 260.1 24.9 25.0
5.100000 1 303.1 260.1 25.0 25.0
5.133333 1 303.1 260.0 25.0 25.0
5.166667 1 303.0 260.0 25.0 25.0
5.200000 1 303.0 260.0 25.0 25.0
5.233333 1 303.0 260.0 25.0 25.0
5.266667 1 303.0 260.0 25.0 25.0
5.300000 1 303.1 260.0 25.0 25.0
5.333333 1 303.1 260.0 25.0 25.0
5.366667 1 303.1 260.0 25.0 25.0
5.400000 1 303.1 260.0 25.0 25.0
5.433333 1 303.1 260.1 25.0 25.0
5.466667 1 303.1 260.1 25.0 25.0
5.500000 1 303.1 260.1 25.0 25.0
5.533333 1 303.1 260.1 25.0 25.0
5.566667 1 303.2 260.1 25.0 25.0
5.600000 1 303.2 260.1 25.0 25.0
5.633333 1 303.2 260.1 25.0 25.0
5.666667 1 303.2 260.1 25.0 25.0
5.700000 1 303.2 260.1 25.0 25.0
5.733333 1 303.2 260.1 25.0 25.0
5.766667 1 303.2 260.1 25.0 25.0
5.800000 1 303.3 260.1 25.0 25.0
5.833333 1 303.3 260.1 25.0 25.0
5.866667 1 303.3 260.1 25.0 25.0
5.900000 1 303.3 260.1 25.0 25.0
5.933333 1 303.3 260.2 25.0 25.0
5.966667 1 303.3 260.2 25.0 25.0
6.000000 1 303.3 260.2 25.0 25.0
6.033333 1 303.3 260.2 25.0 25.0
6.066667 1 303.4 260.2 25.0 25.0
6.100000 1 303.4 260.2 25.0 25.0
6.133333 1 303.4 260.2 25.0 25.0
6.166667 1 303.4 260.2 25.0 25.0
6.200000 1 303.4 260.2 25.0 25.0
6.233333 1 303.4 260.2 25.0 25.0
6.266667 1 303.4 260.2 25.0 25.0
6.300000 1 303.5 260.2 25.0 25.0
6.333333 1 303.5 260.2 25.0 25.0
6.366667 1 303.5 260.2 25.0 25.0
6.400000 1 303.5 260.2 25.0 25.0
6.433333 1 303.5 260.3 25.0 25.0
6.466667 1 303.5 260.3 25.0 25.0
6.500000 1 303.5 260.3 25.0 25.0
6.533333 1 303.5 260.3 25.0 25.0
6.566667 1 303.6 260.3 25.0 25.0
6.600000 1 303.6 260.3 25.0 25.0
6.633333 1 303.6 260.3 25.0 25.0
6.666667 1 303.6 260.3 25.0 25.0
6.700000 1 303.6 260.3 25.0 25.0
6.733333 1 303.6 260.3 25.0 25.0
6.766667 1 303.6 260.3 25.0 25.0
6.800000 1 303.7 260.3 25.0 25.0
6.833333 1 303.7 260.3 25.0 25.0
6.866667 1 303.7 260.3 25.0 25.0
6.900000 1 303.7 260.3 25.0 25.0
6.933333 1 303.7 260.4 25.0 25.0
6.966667 1 303.7 260.4 25.0 25.0
7.000000 1 303.7 260.4 25.0 25.0
7.033333 1 303.7 260.4 25.0 25.0
7.066667 1 303.8 260.4 25.0 25.0
7.100000 1 303.8 260.4 25.0 25.0
7.133333 1 303.8 260.4 25.0 25.0
7.166667 1 303.8 260.4 25.0 25.0
7.200000 1 303.8 260.4 25.0 25.0
7.233333 1 303.8 260.4 25.0 25.0
7.266667 1 303.8 260.4 25.0 25.0
7.300000 1 303.9 260.4 25.0 25.0
7.333333 1 303.9 260.4 25.0 25.0
7.366667 1 303.9 260.4 25.0 25.0
7.400000 1 303.9 260.4 25.0 25.0
7.433333 1 303.9 260.5 25.0 25.0
7.466667 1 303.9 260.5 25.0 25.0
7.500000 1 303.9 260.5 25.0 25.0
7.533333 1 303.9 260.5 25.0 25.0
7.566667 1 304.0 260.5 25.0 25.0
7.600000 1 304.0 260.5 25.0 25.0
7.633333 1 304.0 260.5 25.0 25.0
7.666667 1 304.0 260.5 25.0 25.0
7.700000 1 304.0 260.5 25.0 25.0
7.733333 1 304.0 260.5 25.0 25.0
7.766667 1 304.0 260.5 25.0 25.0
7.800000 1 304.1 260.5 25.0 25.0
7.833333 1 304.1 260.5 25.0 25.0
7.866667 1 304.1 260.5 25.0 25.0
7.900000 1 304.1 260.5 25.0 25.0
7.933333 1 304.1 260.6 25.0 25.0
7.966667 1 304.1 260.6 25.0 25.0
8.000000 1 304.1 260.6 25.0 25.0
8.033333 1 304.1 260.6 25.0 25.0
8.066667 1 304.2 260.6 25.0 25.0
8.100000 1 304.2 260.6 25.0 25.0
8.133333 1 304.2 260.6 25.0 25.0
8.166667 1 304.2 260.6 25.0 25.0
8.200000 1 304.2 260.6 25.0 25.0
8.233333 1 304.2 260.6 25.0 25.0
8.266667 1 304.2 260.6 25.0 25.0
8.300000 1 304.3 260.6 25.0 25.0
8.333333 1 304.3 260.6 25.0 25.0
8.366667 1 304.3 260.6 25.0 25.0
8.400000 1 304.3 260.6 25.0 25.0
8.433333 1 304.3 260.7 25.0 25.0
8.466667 1 304.3 260.7 25.0 25.0
8.500000 1 304.3 260.7 25.0 25.0
8.533333 1 304.3 260.7 25.0 25.0
8.566667 1 304.4 260.7 25.0 25.0
8.600000 1 304.4 260.7 25.0 25.0
8.633333 1 304.4 260.7 25.0 25.0
8.666667 1 304.4 260.7 25.0 25.0
8.700000 1 304.4 260.7 25.0 25.0
8.733333 1 304.4 260.7 25.0 25.0
8.766667 1 304.4 260.7 25.0 25.0
8.800000 1 304.5 260.7 25.0 25.0
8.833333 1 304.5 260.7 25.0 25.0
8.866667 1 304.5 260.7 25.0 25.0
8.900000 1 304.5 260.7 25.0 25.0
8.933333 1 304.5 260.8 25.0 25.0
8.966667 1 304.5 260.8 25.0 25.0
9.000000 1 304.5 260.8 25.0 25.0
9.033333 1 304.5 260.8 25.0 25.0
9.066667 1 304.6 260.8 25.0 25.0
9.100000 1 304.6 260.8 25.0 25.0
9.133333 1 304.6 260.8 25.0 25.0
9.166667 1 304.6 260.8 25.0 25.0
9.200000 1 304.6 260.8 25.0 25.0
9.233333 1 304.6 260.8 25.0 25.0
9.266667 1 304.6 260.8 25.0 25.0
9.300000 1 304.7 260.8 25.0 25.0
9.333333 1 304.7 260.8 25.0 25.0
9.366667 1 304.7 260.8 25.0 25.0
9.400000 1 304.7 260.8 25.0 25.0
9.433333 1 304.7 260.9 25.0 25.0
9.466667 1 304.7 260.9 25.0 25.0
9.500000 1 304.7 260.9 25.0 25.0
9.533333 1 304.7 260.9 25.0 25.0
9.566667 1 304.8 260.9 25.0 25.0
9.600000 1 304.8 260.9 25.0 25.0
9.633333 1 304.8 260.9 25.0 25.0
9.666667 1 304.8 260.9 25.0 25.0
9.700000 1 304.8 260.9 25.0 25.0
9.733333 1 304.8 260.9 25.0 25.0
9.766667 1 304.8 260.9 25.0 25.0
9.800000 1 304.9 260.9 25.0 25.0
9.833333 1 304.9 260.9 25.0 25.0
9.866667 1 304.9 260.9 25.0 25.0
9.900000 1 304.9 260.9 25.0 25.0
9.933333 1 304.9 261.0 25.0 25.0
9.966667 1 304.9 261.0 25.0 25.0
10.000000 1 304.9 261.0 25.0 25.0
10.033333 1 304.9 261.0 25.0 25.0
10.066667 1 305.0 261.0 25.0 25.0
10.100000 1 305.0 261.0 25.0 25.0
10.133333 1 305.0 261.0 25.0 25.0
10.166667 1 305.0 261.0 25.0 25.0
