0.033333 1 364.0 374.0 34.0 35.0
0.066667 1 362.1 374.5 33.9 35.1
0.100000 1 360.2 374.9 33.8 35.2
0.133333 1 358.3 375.4 33.7 35.3
0.166667 1 356.4 375.8 33.6 35.4
0.200000 1 354.5 376.3 33.5 35.5
0.233333 1 352.5 376.7 33.5 35.5
0.266667 1 350.6 377.2 33.4 35.6
0.300000 1 348.7 377.6 33.3 35.7
0.333333 1 346.8 378.1 33.2 35.8
0.366667 1 344.9 378.5 33.1 35.9
0.400000 1 343.0 379.0 33.0 36.0
0.433333 1 341.3 379.6 32.6 35.5
0.466667 1 339.5 380.3 32.3 35.1
0.500000 1 337.8 380.9 31.9 34.6
0.533333 1 336.1 381.5 31.5 34.2
0.566667 1 334.4 382.2 31.2 33.7
0.600000 1 332.6 382.8 30.8 33.3
0.633333 1 330.9 383.5 30.5 32.8
0.666667 1 329.2 384.1 30.1 32.4
0.700000 1 327.5 384.7 29.7 31.9
0.733333 1 325.7 385.4 29.4 31.5
0.766667 1 324.0 386.0 29.0 31.0
0.800000 1 322.1 386.3 29.4 31.1
0.833333 1 320.2 386.6 29.8 31.2
0.866667 1 318.2 386.9 30.2 31.2
0.900000 1 316.3 387.2 30.5 31.3
0.933333 1 314.4 387.5 30.9 31.4
0.966667 1 312.5 387.8 31.3 31.5
1.000000 1 310.5 388.2 31.7 31.5
1.033333 1 308.6 388.5 32.1 31.6
1.066667 1 306.7 388.8 32.5 31.7
1.100000 1 304.8 389.1 32.8 31.8
1.133333 1 302.8 389.4 33.2 31.8
1.166667 1 300.9 389.7 33.6 31.9
1.200000 1 299.0 390.0 34.0 32.0
1.233333 1 296.9 389.7 34.5 33.0
1.266667 1 294.7 389.4 35.1 34.0
1.300000 1 292.6 389.1 35.6 35.1
1.333333 1 290.4 388.9 36.1 36.1
1.366667 1 288.3 388.6 36.7 37.1
1.400000 1 286.1 388.3 37.2 38.1
1.433333 1 284.0 388.0 37.7 39.2
1.466667 1 282.6 388.6 37.5 38.8
1.500000 1 281.2 389.3 37.2 38.4
1.533333 1 279.8 389.9 36.9 38.1
1.566667 1 278.4 390.6 36.6 37.7
1.600000 1 276.9 391.2 36.4 37.4
1.633333 1 275.5 391.9 36.1 37.0
1.666667 1 274.1 392.5 35.8 36.6
1.700000 1 272.7 393.2 35.5 36.3
1.733333 1 271.3 393.8 35.2 35.9
1.766667 1 269.9 394.5 35.0 35.5
1.800000 1 268.5 395.1 34.7 35.2
1.833333 1 267.1 395.8 34.4 34.8
1.866667 1 265.6 396.4 34.1 34.5
1.900000 1 264.2 397.1 33.8 34.1
1.933333 1 262.8 397.7 33.6 33.7
1.966667 1 261.4 398.4 33.3 33.4
2.000000 1 260.0 399.0 33.0 33.0
2.033333 1 258.2 399.1 33.0 33.0
2.066667 1 256.5 399.2 33.1 33.1
2.100000 1 254.7 399.3 33.1 33.1
2.133333 1 252.9 399.4 33.2 33.2
2.166667 1 251.1 399.5 33.2 33.2
2.200000 1 249.4 399.5 33.3 33.3
2.233333 1 247.6 399.6 33.3 33.3
2.266667 1 245.8 399.7 33.4 33.4
2.300000 1 244.0 399.8 33.4 33.4
2.333333 1 242.3 399.9 33.5 33.5
2.366667 1 240.5 400.0 33.5 33.5
2.400000 1 238.7 400.1 33.5 33.5
2.433333 1 237.0 400.2 33.6 33.6
2.466667 1 235.2 400.3 33.6 33.6
2.500000 1 233.4 400.4 33.7 33.7
2.533333 1 231.6 400.5 33.7 33.7
2.566667 1 229.9 400.5 33.8 33.8
2.600000 1 228.1 400.6 33.8 33.8
2.633333 1 226.3 400.7 33.9 33.9
2.666667 1 224.5 400.8 33.9 33.9
2.700000 1 222.8 400.9 34.0 34.0
2.733333 1 221.0 401.0 34.0 34.0
2.766667 1 219.1 400.9 34.4 34.1
2.800000 1 217.1 400.9 34.9 34.2
2.833333 1 215.2 400.8 35.3 34.4
2.866667 1 213.3 400.8 35.7 34.5
2.900000 1 211.3 400.7 36.2 34.6
2.933333 1 209.4 400.6 36.6 34.7
2.966667 1 207.4 400.6 37.1 34.9
3.000000 1 205.5 400.5 37.5 35.0
3.033333 1 203.6 400.4 37.9 35.1
3.066667 1 201.6 400.4 38.4 35.2
3.100000 1 199.7 400.3 38.8 35.4
3.133333 1 197.8 400.3 39.2 35.5
3.166667 1 195.8 400.2 39.7 35.6
3.200000 1 193.9 400.1 40.1 35.7
3.233333 1 191.9 400.1 40.6 35.9
3.266667 1 190.0 400.0 41.0 36.0
3.300000 1 188.5 399.8 40.9 36.1
3.333333 1 186.9 399.6 40.9 36.1
3.366667 1 185.4 399.4 40.8 36.2
3.400000 1 183.9 399.2 40.7 36.3
3.433333 1 182.3 399.0 40.7 36.3
3.466667 1 180.8 398.8 40.6 36.4
3.500000 1 179.3 398.6 40.5 36.5
3.533333 1 177.7 398.4 40.5 36.5
3.566667 1 176.2 398.2 40.4 36.6
3.600000 1 174.7 398.0 40.3 36.7
3.633333 1 173.1 397.8 40.3 36.7
3.666667 1 171.6 397.6 40.2 36.8
3.700000 1 170.1 397.4 40.1 36.9
3.733333 1 168.5 397.2 40.1 36.9
3.766667 1 167.0 397.0 40.0 37.0
3.800000 1 165.3 396.9 40.1 36.8
3.833333 1 163.6 396.7 40.2 36.6
3.866667 1 161.9 396.6 40.3 36.4
3.900000 1 160.1 396.4 40.4 36.2
3.933333 1 158.4 396.3 40.5 36.0
3.966667 1 156.7 396.1 40.6 35.9
4.000000 1 155.0 396.0 40.7 35.7
4.033333 1 153.3 395.9 40.8 35.5
4.066667 1 151.6 395.7 40.9 35.3
4.100000 1 149.9 395.6 41.0 35.1
4.133333 1 148.1 395.4 41.0 34.9
4.166667 1 146.4 395.3 41.1 34.7
4.200000 1 144.7 395.1 41.2 34.5
4.233333 1 143.0 395.0 41.3 34.3
4.266667 1 141.3 394.9 41.4 34.1
4.300000 1 139.6 394.7 41.5 34.0
4.333333 1 137.9 394.6 41.6 33.8
4.366667 1 136.1 394.4 41.7 33.6
4.400000 1 134.4 394.3 41.8 33.4
4.433333 1 132.7 394.1 41.9 33.2
4.466667 1 131.0 394.0 42.0 33.0
4.500000 1 129.5 393.8 42.2 33.0
4.533333 1 128.0 393.6 42.4 33.1
4.566667 1 126.6 393.4 42.6 33.1
4.600000 1 125.1 393.2 42.8 33.2
4.633333 1 123.6 393.0 43.0 33.2
4.666667 1 122.1 392.9 43.1 33.3
4.700000 1 120.7 392.7 43.3 33.3
4.733333 1 119.2 392.5 43.5 33.4
4.766667 1 117.7 392.3 43.7 33.4
4.800000 1 116.2 392.1 43.9 33.5
4.833333 1 114.8 391.9 44.1 33.5
4.866667 1 113.3 391.7 44.3 33.6
4.900000 1 111.8 391.5 44.5 33.6
4.933333 1 110.3 391.3 44.7 33.7
4.966667 1 108.9 391.1 44.9 33.7
5.000000 1 107.4 391.0 45.0 33.8
5.033333 1 105.9 390.8 45.2 33.8
5.066667 1 104.4 390.6 45.4 33.9
5.100000 1 103.0 390.4 45.6 33.9
5.133333 1 101.5 390.2 45.8 34.0
5.166667 1 100.0 390.0 46.0 34.0
5.200000 1 98.7 389.6 45.9 34.2
5.233333 1 97.4 389.2 45.9 34.3
5.266667 1 96.2 388.8 45.8 34.5
5.300000 1 94.9 388.4 45.8 34.7
5.333333 1 93.6 388.1 45.7 34.8
5.366667 1 92.3 387.7 45.7 35.0
5.400000 1 91.1 387.3 45.6 35.2
5.433333 1 89.8 386.9 45.6 35.3
5.466667 1 88.5 386.5 45.5 35.5
5.500000 1 87.2 386.1 45.4 35.7
5.533333 1 85.9 385.7 45.4 35.8
5.566667 1 84.7 385.3 45.3 36.0
5.600000 1 83.4 384.9 45.3 36.2
5.633333 1 82.1 384.6 45.2 36.3
5.666667 1 80.8 384.2 45.2 36.5
5.700000 1 79.6 383.8 45.1 36.7
5.733333 1 78.3 383.4 45.1 36.8
5.766667 1 77.0 383.0 45.0 37.0
5.800000 1 76.0 382.8 44.5 36.7
5.833333 1 75.1 382.5 44.1 36.4
5.866667 1 74.1 382.3 43.6 36.0
5.900000 1 73.2 382.1 43.2 35.7
5.933333 1 72.2 381.9 42.7 35.4
5.966667 1 71.3 381.6 42.3 35.1
6.000000 1 70.3 381.4 41.8 34.8
6.033333 1 69.4 381.2 41.4 34.5
6.066667 1 68.4 381.0 40.9 34.1
6.100000 1 67.5 380.7 40.5 33.8
6.133333 1 66.5 380.5 40.0 33.5
6.166667 1 65.5 380.3 39.5 33.2
6.200000 1 64.6 380.0 39.1 32.9
6.233333 1 63.6 379.8 38.6 32.5
6.266667 1 62.7 379.6 38.2 32.2
6.300000 1 61.7 379.4 37.7 31.9
6.333333 1 60.8 379.1 37.3 31.6
6.366667 1 59.8 378.9 36.8 31.3
6.400000 1 58.9 378.7 36.4 31.0
6.433333 1 57.9 378.5 35.9 30.6
6.466667 1 57.0 378.2 35.5 30.3
6.500000 1 56.0 378.0 35.0 30.0
6.533333 1 54.9 377.5 35.3 30.3
6.566667 1 53.7 376.9 35.7 30.7
6.600000 1 52.6 376.4 36.0 31.0
6.633333 1 51.5 375.9 36.3 31.3
6.666667 1 50.3 375.3 36.7 31.7
6.700000 1 49.2 374.8 37.0 32.0
6.733333 1 48.1 374.3 37.3 32.3
6.766667 1 46.9 373.7 37.7 32.7
6.800000 1 45.8 373.2 38.0 33.0
6.833333 1 44.7 372.7 38.3 33.3
6.866667 1 43.5 372.1 38.7 33.7
6.900000 1 42.4 371.6 39.0 34.0
6.933333 1 41.3 371.1 39.3 34.3
6.966667 1 40.1 370.5 39.7 34.7
7.000000 1 39.0 370.0 40.0 35.0
7.033333 1 611.0 214.0 25.0 34.0
7.066667 1 604.0 215.0 32.0 29.0
7.100000 1 598.0 215.0 33.0 33.0
7.133333 1 594.3 216.0 33.7 33.7
7.166667 1 590.7 217.0 34.3 34.3
7.200000 1 587.0 218.0 35.0 35.0
7.233333 1 582.0 218.6 34.8 34.8
7.266667 1 577.0 219.2 34.6 34.6
7.300000 1 572.0 219.8 34.4 34.4
7.333333 1 567.0 220.4 34.2 34.2
7.366667 1 562.0 221.0 34.0 34.0
7.400000 1 556.6 221.8 34.0 32.8
7.433333 1 551.2 222.6 34.0 31.6
7.466667 1 545.8 223.4 34.0 30.4
7.500000 1 540.4 224.2 34.0 29.2
7.533333 1 535.0 225.0 34.0 28.0
7.566667 1 530.9 225.5 33.2 28.3
7.600000 1 526.7 226.0 32.5 28.5
7.633333 1 522.6 226.5 31.7 28.8
7.666667 1 518.5 227.0 31.0 29.0
7.700000 1 514.4 227.5 30.2 29.3
7.733333 1 510.2 228.0 29.5 29.5
7.766667 1 506.1 228.5 28.7 29.8
7.800000 1 502.0 229.0 28.0 30.0
7.833333 1 496.6 228.8 28.7 30.4
7.866667 1 491.1 228.6 29.5 30.9
7.900000 1 485.7 228.4 30.2 31.3
7.933333 1 480.3 228.3 31.0 31.7
7.966667 1 474.8 228.1 31.7 32.2
8.000000 1 469.4 227.9 32.5 32.6
8.033333 1 463.9 227.7 33.2 33.1
8.066667 1 458.5 227.5 34.0 33.5
8.100000 1 453.1 227.3 34.7 33.9
8.133333 1 447.6 227.1 35.5 34.4
8.166667 1 442.2 226.9 36.2 34.8
8.200000 1 436.8 226.8 37.0 35.2
8.233333 1 431.3 226.6 37.7 35.7
8.266667 1 425.9 226.4 38.5 36.1
8.300000 1 420.4 226.2 39.2 36.6
8.333333 1 415.0 226.0 40.0 37.0
8.366667 1 410.1 226.1 39.7 36.7
8.400000 1 405.3 226.1 39.5 36.3
8.433333 1 400.4 226.2 39.2 36.0
8.466667 1 395.5 226.3 38.9 35.7
8.500000 1 390.7 226.3 38.7 35.3
8.533333 1 385.8 226.4 38.4 35.0
8.566667 1 380.9 226.5 38.1 34.7
8.600000 1 376.1 226.5 37.9 34.3
8.633333 1 371.2 226.6 37.6 34.0
8.666667 1 366.3 226.7 37.3 33.7
8.700000 1 361.5 226.7 37.1 33.3
8.733333 1 356.6 226.8 36.8 33.0
8.766667 1 351.7 226.9 36.5 32.7
8.800000 1 346.9 226.9 36.3 32.3
8.833333 1 342.0 227.0 36.0 32.0
8.866667 1 337.1 226.7 35.4 32.0
8.900000 1 332.2 226.4 34.8 32.0
8.933333 1 327.3 226.1 34.2 32.0
8.966667 1 322.4 225.8 33.6 32.0
9.000000 1 317.5 225.5 33.0 32.0
9.033333 1 312.6 225.2 32.4 32.0
9.066667 1 307.7 224.9 31.8 32.0
9.100000 1 302.8 224.6 31.2 32.0
9.133333 1 297.9 224.3 30.6 32.0
9.166667 1 293.0 224.0 30.0 32.0
9.200000 1 287.8 223.6 30.4 31.9
9.233333 1 282.6 223.2 30.8 31.9
9.266667 1 277.5 222.8 31.2 31.8
9.300000 1 272.3 222.4 31.6 31.8
9.333333 1 267.1 221.9 32.1 31.7
9.366667 1 261.9 221.5 32.5 31.6
9.400000 1 256.8 221.1 32.9 31.6
9.433333 1 251.6 220.7 33.3 31.5
9.466667 1 246.4 220.3 33.7 31.5
9.500000 1 241.2 219.9 34.1 31.4
9.533333 1 236.1 219.5 34.5 31.4
9.566667 1 230.9 219.1 34.9 31.3
9.600000 1 225.7 218.6 35.4 31.2
9.633333 1 220.5 218.2 35.8 31.2
9.666667 1 215.4 217.8 36.2 31.1
9.700000 1 210.2 217.4 36.6 31.1
9.733333 1 205.0 217.0 37.0 31.0
9.766667 1 199.9 216.4 37.1 31.4
9.800000 1 194.7 215.9 37.3 31.9
9.833333 1 189.6 215.3 37.4 32.3
9.866667 1 184.4 214.7 37.6 32.7
9.900000 1 179.3 214.1 37.7 33.1
9.933333 1 174.1 213.6 37.9 33.6
9.966667 1 169.0 213.0 38.0 34.0
10.000000 1 164.3 212.5 38.1 34.1
10.033333 1 159.5 212.0 38.2 34.2
10.066667 1 154.8 211.5 38.4 34.4
10.100000 1 150.0 211.0 38.5 34.5
10.133333 1 145.3 210.5 38.6 34.6
10.166667 1 140.5 210.0 38.7 34.7
10.200000 1 135.8 209.5 38.9 34.9
10.233333 1 131.0 209.0 39.0 35.0
10.266667 1 126.4 208.4 38.7 35.3
10.300000 1 121.7 207.7 38.5 35.5
10.333333 1 117.1 207.1 38.2 35.8
10.366667 1 112.5 206.5 38.0 36.0
10.400000 1 107.9 205.9 37.7 36.3
10.433333 1 103.2 205.2 37.5 36.5
10.466667 1 98.6 204.6 37.2 36.8
10.500000 1 94.0 204.0 37.0 37.0
10.533333 1 89.0 204.1 36.9 36.0
10.566667 1 84.0 204.3 36.7 35.0
10.600000 1 79.0 204.4 36.6 34.0
10.633333 1 74.0 204.6 36.4 33.0
10.666667 1 69.0 204.7 36.3 32.0
10.700000 1 64.0 204.9 36.1 31.0
10.733333 1 59.0 205.0 36.0 30.0
10.766667 1 53.8 204.0 36.8 31.0
10.800000 1 48.6 203.0 37.6 32.0
10.833333 1 43.4 202.0 38.4 33.0
10.866667 1 38.2 201.0 39.2 34.0
10.900000 1 33.0 200.0 40.0 35.0
