0.000000 1 306.0 193.0 28.0 30.0
0.033333 1 305.1 192.6 27.9 30.0
0.066667 1 304.3 192.1 27.7 30.0
0.100000 1 303.4 191.7 27.6 30.0
0.133333 1 302.6 191.3 27.4 30.0
0.166667 1 301.7 190.9 27.3 30.0
0.200000 1 300.9 190.4 27.1 30.0
0.233333 1 300.0 190.0 27.0 30.0
0.266667 1 299.1 189.6 26.9 30.0
0.300000 1 298.3 189.1 26.7 30.0
0.333333 1 297.4 188.7 26.6 30.0
0.366667 1 296.6 188.3 26.4 30.0
0.400000 1 295.7 187.9 26.3 30.0
0.433333 1 294.9 187.4 26.1 30.0
0.466667 1 294.0 187.0 26.0 30.0
0.500000 1 293.1 186.6 25.9 30.0
0.533333 1 292.3 186.1 25.7 30.0
0.566667 1 291.4 185.7 25.6 30.0
0.600000 1 290.6 185.3 25.4 30.0
0.633333 1 289.7 184.9 25.3 30.0
0.666667 1 288.9 184.4 25.1 30.0
0.700000 1 288.0 184.0 25.0 30.0
0.733333 1 287.1 183.6 24.9 30.0
0.766667 1 286.3 183.1 24.7 30.0
0.800000 1 285.4 182.7 24.6 30.0
0.833333 1 284.6 182.3 24.4 30.0
0.866667 1 283.7 181.9 24.3 30.0
0.900000 1 282.9 181.4 24.1 30.0
0.933333 1 282.0 181.0 24.0 30.0
0.966667 1 281.0 181.1 24.2 30.1
1.000000 1 280.1 181.2 24.4 30.1
1.033333 1 279.1 181.4 24.6 30.2
1.066667 1 278.1 181.5 24.8 30.2
1.100000 1 277.2 181.6 25.1 30.3
1.133333 1 276.2 181.7 25.3 30.4
1.166667 1 275.2 181.8 25.5 30.4
1.200000 1 274.2 182.0 25.7 30.5
1.233333 1 273.3 182.1 25.9 30.5
1.266667 1 272.3 182.2 26.1 30.6
1.300000 1 271.3 182.3 26.3 30.7
1.333333 1 270.4 182.5 26.5 30.7
1.366667 1 269.4 182.6 26.8 30.8
1.400000 1 268.4 182.7 27.0 30.8
1.433333 1 267.5 182.8 27.2 30.9
1.466667 1 266.5 182.9 27.4 31.0
1.500000 1 265.5 183.1 27.6 31.0
1.533333 1 264.5 183.2 27.8 31.1
1.566667 1 263.6 183.3 28.0 31.2
1.600000 1 262.6 183.4 28.2 31.2
1.633333 1 261.6 183.5 28.5 31.3
1.666667 1 260.7 183.7 28.7 31.3
1.700000 1 259.7 183.8 28.9 31.4
1.733333 1 258.7 183.9 29.1 31.5
1.766667 1 257.8 184.0 29.3 31.5
1.800000 1 256.8 184.2 29.5 31.6
1.833333 1 255.8 184.3 29.7 31.6
1.866667 1 254.8 184.4 29.9 31.7
1.900000 1 253.9 184.5 30.2 31.8
1.933333 1 252.9 184.6 30.4 31.8
1.966667 1 251.9 184.8 30.6 31.9
2.000000 1 251.0 184.9 30.8 31.9
2.033333 1 250.0 185.0 31.0 32.0
2.066667 1 248.7 185.3 31.3 32.1
2.100000 1 247.5 185.5 31.5 32.2
2.133333 1 246.2 185.8 31.8 32.3
2.166667 1 245.0 186.0 32.0 32.3
2.200000 1 243.7 186.3 32.3 32.4
2.233333 1 242.4 186.6 32.6 32.5
2.266667 1 241.2 186.8 32.8 32.6
2.300000 1 239.9 187.1 33.1 32.7
2.333333 1 238.7 187.3 33.3 32.8
2.366667 1 237.4 187.6 33.6 32.9
2.400000 1 236.1 187.9 33.9 33.0
2.433333 1 234.9 188.1 34.1 33.0
2.466667 1 233.6 188.4 34.4 33.1
2.500000 1 232.3 188.7 34.7 33.2
2.533333 1 231.1 188.9 34.9 33.3
2.566667 1 229.8 189.2 35.2 33.4
2.600000 1 228.6 189.4 35.4 33.5
2.633333 1 227.3 189.7 35.7 33.6
2.666667 1 226.0 190.0 36.0 33.7
2.700000 1 224.8 190.2 36.2 33.7
2.733333 1 223.5 190.5 36.5 33.8
2.766667 1 222.3 190.7 36.7 33.9
2.800000 1 221.0 191.0 37.0 34.0
2.833333 1 219.8 191.7 36.9 33.9
2.866667 1 218.5 192.4 36.9 33.9
2.900000 1 217.3 193.1 36.8 33.8
2.933333 1 216.1 193.8 36.8 33.8
2.966667 1 214.8 194.5 36.7 33.7
3.000000 1 213.6 195.2 36.6 33.6
3.033333 1 212.4 195.9 36.6 33.6
3.066667 1 211.1 196.6 36.5 33.5
3.100000 1 209.9 197.4 36.5 33.5
3.133333 1 208.6 198.1 36.4 33.4
3.166667 1 207.4 198.8 36.4 33.4
3.200000 1 206.2 199.5 36.3 33.3
3.233333 1 204.9 200.2 36.2 33.2
3.266667 1 203.7 200.9 36.2 33.2
3.300000 1 202.5 201.6 36.1 33.1
3.333333 1 201.2 202.3 36.1 33.1
3.366667 1 200.0 203.0 36.0 33.0
3.400000 1 199.1 203.7 35.9 33.1
3.433333 1 198.1 204.4 35.8 33.1
3.466667 1 197.2 205.2 35.7 33.2
3.500000 1 196.2 205.9 35.6 33.2
3.533333 1 195.3 206.6 35.4 33.3
3.566667 1 194.3 207.3 35.3 33.3
3.600000 1 193.4 208.1 35.2 33.4
3.633333 1 192.4 208.8 35.1 33.4
3.666667 1 191.5 209.5 35.0 33.5
3.700000 1 190.6 210.2 34.9 33.6
3.733333 1 189.6 210.9 34.8 33.6
3.766667 1 188.7 211.7 34.7 33.7
3.800000 1 187.7 212.4 34.6 33.7
3.833333 1 186.8 213.1 34.4 33.8
3.866667 1 185.8 213.8 34.3 33.8
3.900000 1 184.9 214.6 34.2 33.9
3.933333 1 183.9 215.3 34.1 33.9
3.966667 1 183.0 216.0 34.0 34.0
4.000000 1 181.8 216.9 34.1 33.8
4.033333 1 180.6 217.8 34.1 33.6
4.066667 1 179.3 218.7 34.2 33.3
4.100000 1 178.1 219.6 34.2 33.1
4.133333 1 176.9 220.4 34.3 32.9
4.166667 1 175.7 221.3 34.3 32.7
4.200000 1 174.4 222.2 34.4 32.4
4.233333 1 173.2 223.1 34.4 32.2
4.266667 1 172.0 224.0 34.5 32.0
4.300000 1 170.8 224.9 34.6 31.8
4.333333 1 169.6 225.8 34.6 31.6
4.366667 1 168.3 226.7 34.7 31.3
4.400000 1 167.1 227.6 34.7 31.1
4.433333 1 165.9 228.4 34.8 30.9
4.466667 1 164.7 229.3 34.8 30.7
4.500000 1 163.4 230.2 34.9 30.4
4.533333 1 162.2 231.1 34.9 30.2
4.566667 1 161.0 232.0 35.0 30.0
4.600000 1 159.8 233.1 34.9 29.9
4.633333 1 158.5 234.1 34.8 29.8
4.666667 1 157.3 235.2 34.6 29.6
4.700000 1 156.1 236.2 34.5 29.5
4.733333 1 154.8 237.3 34.4 29.4
4.766667 1 153.6 238.4 34.3 29.3
4.800000 1 152.4 239.4 34.2 29.2
4.833333 1 151.1 240.5 34.1 29.1
4.866667 1 149.9 241.5 33.9 28.9
4.900000 1 148.6 242.6 33.8 28.8
4.933333 1 147.4 243.6 33.7 28.7
4.966667 1 146.2 244.7 33.6 28.6
5.000000 1 144.9 245.8 33.5 28.5
5.033333 1 143.7 246.8 33.4 28.4
5.066667 1 142.5 247.9 33.2 28.2
5.100000 1 141.2 248.9 33.1 28.1
5.133333 1 140.0 250.0 33.0 28.0
5.166667 1 138.7 250.2 33.1 28.1
5.200000 1 137.5 250.3 33.2 28.2
5.233333 1 136.2 250.5 33.3 28.3
5.266667 1 134.9 250.6 33.4 28.4
5.300000 1 133.7 250.8 33.5 28.5
5.333333 1 132.4 250.9 33.6 28.6
5.366667 1 131.2 251.1 33.7 28.7
5.400000 1 129.9 251.3 33.8 28.8
5.433333 1 128.6 251.4 33.9 28.9
5.466667 1 127.4 251.6 34.1 29.1
5.500000 1 126.1 251.7 34.2 29.2
5.533333 1 124.8 251.9 34.3 29.3
5.566667 1 123.6 252.1 34.4 29.4
5.600000 1 122.3 252.2 34.5 29.5
5.633333 1 121.1 252.4 34.6 29.6
5.666667 1 119.8 252.5 34.7 29.7
5.700000 1 118.5 252.7 34.8 29.8
5.733333 1 117.3 252.8 34.9 29.9
5.766667 1 116.0 253.0 35.0 30.0
5.800000 1 115.0 253.2 35.3 29.7
5.833333 1 114.0 253.4 35.5 29.5
5.866667 1 113.0 253.6 35.8 29.2
5.900000 1 112.0 253.8 36.1 28.9
5.933333 1 111.0 254.0 36.3 28.7
5.966667 1 110.0 254.2 36.6 28.4
6.000000 1 109.0 254.4 36.9 28.1
6.033333 1 108.0 254.6 37.1 27.9
6.066667 1 107.0 254.8 37.4 27.6
6.100000 1 106.0 255.0 37.7 27.3
6.133333 1 105.0 255.2 37.9 27.1
6.166667 1 104.0 255.4 38.2 26.8
6.200000 1 103.0 255.6 38.5 26.5
6.233333 1 102.0 255.8 38.7 26.3
6.266667 1 101.0 256.0 39.0 26.0
6.300000 1 100.0 256.3 38.7 26.3
6.333333 1 99.0 256.5 38.5 26.5
6.366667 1 98.0 256.8 38.2 26.8
6.400000 1 97.0 257.0 38.0 27.0
6.433333 1 96.0 257.3 37.7 27.3
6.466667 1 95.0 257.5 37.5 27.5
6.500000 1 94.0 257.8 37.2 27.8
6.533333 1 93.0 258.0 37.0 28.0
6.566667 1 92.0 258.3 36.7 28.3
6.600000 1 91.0 258.5 36.5 28.5
6.633333 1 90.0 258.8 36.2 28.8
6.666667 1 89.0 259.0 36.0 29.0
6.700000 1 88.3 259.6 35.7 28.6
6.733333 1 87.6 260.1 35.4 28.1
6.766667 1 86.9 260.7 35.1 27.7
6.800000 1 86.1 261.3 34.9 27.3
6.833333 1 85.4 261.9 34.6 26.9
6.866667 1 84.7 262.4 34.3 26.4
6.900000 1 84.0 263.0 34.0 26.0
6.933333 1 86.8 263.7 34.8 26.3
6.966667 1 89.7 264.3 35.7 26.7
7.000000 1 92.5 265.0 36.5 27.0
7.033333 1 95.3 265.7 37.3 27.3
7.066667 1 98.2 266.3 38.2 27.7
7.100000 1 101.0 267.0 39.0 28.0
7.133333 1 106.4 267.7 38.6 28.1
7.166667 1 111.9 268.4 38.1 28.3
7.200000 1 117.3 269.1 37.7 28.4
7.233333 1 122.7 269.9 37.3 28.6
7.266667 1 128.1 270.6 36.9 28.7
7.300000 1 133.6 271.3 36.4 28.9
7.333333 1 139.0 272.0 36.0 29.0
7.366667 1 146.2 273.3 36.3 29.0
7.400000 1 153.3 274.7 36.7 29.0
7.433333 1 160.5 276.0 37.0 29.0
7.466667 1 167.7 277.3 37.3 29.0
7.500000 1 174.8 278.7 37.7 29.0
7.533333 1 182.0 280.0 38.0 29.0
7.566667 1 186.3 280.8 36.7 28.7
7.600000 1 190.7 281.7 35.3 28.3
7.633333 1 195.0 282.5 34.0 28.0
7.666667 1 199.3 283.3 32.7 27.7
7.700000 1 203.7 284.2 31.3 27.3
7.733333 1 208.0 285.0 30.0 27.0
7.766667 1 211.8 286.4 29.4 27.0
7.800000 1 215.6 287.8 28.8 27.0
7.833333 1 219.4 289.2 28.2 27.0
7.866667 1 223.2 290.6 27.6 27.0
7.900000 1 227.0 292.0 27.0 27.0
7.933333 1 225.5 292.1 27.3 27.5
7.966667 1 223.9 292.3 27.7 27.9
8.000000 1 222.4 292.4 28.0 28.4
8.033333 1 220.9 292.5 28.3 28.9
8.066667 1 219.3 292.7 28.7 29.3
8.100000 1 217.8 292.8 29.0 29.8
8.133333 1 216.3 292.9 29.3 30.3
8.166667 1 214.7 293.1 29.7 30.7
8.200000 1 213.2 293.2 30.0 31.2
8.233333 1 211.7 293.3 30.3 31.7
8.266667 1 210.1 293.5 30.7 32.1
8.300000 1 208.6 293.6 31.0 32.6
8.333333 1 207.1 293.7 31.3 33.1
8.366667 1 205.5 293.9 31.7 33.5
8.400000 1 204.0 294.0 32.0 34.0
8.433333 1 202.8 294.2 31.6 33.6
8.466667 1 201.6 294.4 31.3 33.3
8.500000 1 200.4 294.6 30.9 32.9
8.533333 1 199.3 294.7 30.5 32.5
8.566667 1 198.1 294.9 30.1 32.1
8.600000 1 196.9 295.1 29.8 31.8
8.633333 1 195.7 295.3 29.4 31.4
8.666667 1 194.5 295.5 29.0 31.0
8.700000 1 193.3 295.7 28.6 30.6
8.733333 1 192.1 295.9 28.3 30.3
8.766667 1 190.9 296.1 27.9 29.9
8.800000 1 189.8 296.2 27.5 29.5
8.833333 1 188.6 296.4 27.1 29.1
8.866667 1 187.4 296.6 26.8 28.8
8.900000 1 186.2 296.8 26.4 28.4
8.933333 1 185.0 297.0 26.0 28.0
8.966667 1 184.0 296.7 26.0 28.0
9.000000 1 182.9 296.3 26.1 28.0
9.033333 1 181.9 296.0 26.1 27.9
9.066667 1 180.8 295.7 26.2 27.9
9.100000 1 179.8 295.3 26.2 27.9
9.133333 1 178.7 295.0 26.3 27.9
9.166667 1 177.7 294.7 26.3 27.8
9.200000 1 176.6 294.3 26.4 27.8
9.233333 1 175.6 294.0 26.4 27.8
9.266667 1 174.6 293.7 26.4 27.8
9.300000 1 173.5 293.3 26.5 27.8
9.333333 1 172.5 293.0 26.5 27.7
9.366667 1 171.4 292.7 26.6 27.7
9.400000 1 170.4 292.3 26.6 27.7
9.433333 1 169.3 292.0 26.7 27.7
9.466667 1 168.3 291.7 26.7 27.6
9.500000 1 167.2 291.3 26.8 27.6
9.533333 1 166.2 291.0 26.8 27.6
9.566667 1 165.2 290.7 26.8 27.6
9.600000 1 164.1 290.3 26.9 27.6
9.633333 1 163.1 290.0 26.9 27.5
9.666667 1 162.0 289.7 27.0 27.5
9.700000 1 161.0 289.3 27.0 27.5
9.733333 1 159.9 289.0 27.1 27.5
9.766667 1 158.9 288.7 27.1 27.4
9.800000 1 157.8 288.3 27.2 27.4
9.833333 1 156.8 288.0 27.2 27.4
9.866667 1 155.8 287.7 27.2 27.4
9.900000 1 154.7 287.3 27.3 27.4
9.933333 1 153.7 287.0 27.3 27.3
9.966667 1 152.6 286.7 27.4 27.3
10.000000 1 151.6 286.3 27.4 27.3
10.033333 1 150.5 286.0 27.5 27.3
10.066667 1 149.5 285.7 27.5 27.2
10.100000 1 148.4 285.3 27.6 27.2
10.133333 1 147.4 285.0 27.6 27.2
10.166667 1 146.4 284.7 27.6 27.2
10.200000 1 145.3 284.3 27.7 27.2
10.233333 1 144.3 284.0 27.7 27.1
10.266667 1 143.2 283.7 27.8 27.1
10.300000 1 142.2 283.3 27.8 27.1
10.333333 1 141.1 283.0 27.9 27.1
10.366667 1 140.1 282.7 27.9 27.0
10.400000 1 139.0 282.3 28.0 27.0
10.433333 1 138.0 282.0 28.0 27.0
