0.000000 1 451.0 338.0 22.0 24.0
0.033333 1 447.6 337.8 22.2 23.6
0.066667 1 444.2 337.7 22.5 23.2
0.100000 1 440.8 337.5 22.7 22.8
0.133333 1 437.3 337.3 23.0 22.3
0.166667 1 433.9 337.2 23.2 21.9
0.200000 1 430.5 337.0 23.5 21.5
0.233333 1 427.1 336.8 23.7 21.1
0.266667 1 423.7 336.7 24.0 20.7
0.300000 1 420.3 336.5 24.2 20.3
0.333333 1 416.8 336.3 24.5 19.8
0.366667 1 413.4 336.2 24.7 19.4
0.400000 1 410.0 336.0 25.0 19.0
0.433333 1 407.5 336.0 24.9 19.2
0.466667 1 404.9 336.0 24.8 19.4
0.500000 1 402.4 336.0 24.7 19.5
0.533333 1 399.8 336.0 24.6 19.7
0.566667 1 397.3 336.0 24.5 19.9
0.600000 1 394.7 336.0 24.5 20.1
0.633333 1 392.2 336.0 24.4 20.3
0.666667 1 389.6 336.0 24.3 20.5
0.700000 1 387.1 336.0 24.2 20.6
0.733333 1 384.5 336.0 24.1 20.8
0.766667 1 382.0 336.0 24.0 21.0
0.800000 1 379.1 335.6 24.3 21.2
0.833333 1 376.2 335.2 24.7 21.3
0.866667 1 373.3 334.8 25.0 21.5
0.900000 1 370.3 334.3 25.3 21.7
0.933333 1 367.4 333.9 25.7 21.8
0.966667 1 364.5 333.5 26.0 22.0
1.000000 1 361.6 333.1 26.3 22.2
1.033333 1 358.7 332.7 26.7 22.3
1.066667 1 355.8 332.3 27.0 22.5
1.100000 1 352.8 331.8 27.3 22.7
1.133333 1 349.9 331.4 27.7 22.8
1.166667 1 347.0 331.0 28.0 23.0
1.200000 1 344.4 330.6 27.9 23.1
1.233333 1 341.7 330.3 27.8 23.1
1.266667 1 339.1 329.9 27.6 23.2
1.300000 1 336.4 329.6 27.5 23.2
1.333333 1 333.8 329.2 27.4 23.3
1.366667 1 331.1 328.9 27.3 23.4
1.400000 1 328.5 328.5 27.2 23.4
1.433333 1 325.8 328.2 27.1 23.5
1.466667 1 323.2 327.8 26.9 23.5
1.500000 1 320.5 327.5 26.8 23.6
1.533333 1 317.9 327.1 26.7 23.6
1.566667 1 315.2 326.8 26.6 23.7
1.600000 1 312.6 326.4 26.5 23.8
1.633333 1 309.9 326.1 26.4 23.8
1.666667 1 307.3 325.7 26.2 23.9
1.700000 1 304.6 325.4 26.1 23.9
1.733333 1 302.0 325.0 26.0 24.0
1.766667 1 299.5 324.8 26.1 23.6
1.800000 1 297.0 324.6 26.1 23.3
1.833333 1 294.5 324.4 26.2 22.9
1.866667 1 292.0 324.1 26.3 22.6
1.900000 1 289.5 323.9 26.4 22.2
1.933333 1 287.0 323.7 26.4 21.9
1.966667 1 284.5 323.5 26.5 21.5
2.000000 1 282.0 323.3 26.6 21.1
2.033333 1 279.5 323.1 26.6 20.8
2.066667 1 277.0 322.9 26.7 20.4
2.100000 1 274.5 322.6 26.8 20.1
2.133333 1 272.0 322.4 26.9 19.7
2.166667 1 269.5 322.2 26.9 19.4
2.200000 1 267.0 322.0 27.0 19.0
2.233333 1 263.9 321.6 27.1 19.3
2.266667 1 260.9 321.2 27.1 19.5
2.300000 1 257.8 320.9 27.2 19.8
2.333333 1 254.7 320.5 27.3 20.0
2.366667 1 251.7 320.1 27.3 20.3
2.400000 1 248.6 319.7 27.4 20.5
2.433333 1 245.6 319.4 27.4 20.8
2.466667 1 242.5 319.0 27.5 21.0
2.500000 1 239.4 318.6 27.6 21.3
2.533333 1 236.4 318.2 27.6 21.5
2.566667 1 233.3 317.9 27.7 21.8
2.600000 1 230.2 317.5 27.8 22.0
2.633333 1 227.2 317.1 27.8 22.3
2.666667 1 224.1 316.7 27.9 22.5
2.700000 1 221.1 316.4 27.9 22.8
2.733333 1 218.0 316.0 28.0 23.0
2.766667 1 214.6 315.5 28.3 23.3
2.800000 1 211.1 315.0 28.6 23.6
2.833333 1 207.7 314.5 28.9 23.9
2.866667 1 204.3 314.0 29.1 24.1
2.900000 1 200.9 313.5 29.4 24.4
2.933333 1 197.4 313.0 29.7 24.7
2.966667 1 194.0 312.5 30.0 25.0
3.000000 1 190.6 312.0 30.3 25.3
3.033333 1 187.1 311.5 30.6 25.6
3.066667 1 183.7 311.0 30.9 25.9
3.100000 1 180.3 310.5 31.1 26.1
3.133333 1 176.9 310.0 31.4 26.4
3.166667 1 173.4 309.5 31.7 26.7
3.200000 1 170.0 309.0 32.0 27.0
3.233333 1 166.7 308.8 31.6 26.7
3.266667 1 163.4 308.5 31.2 26.4
3.300000 1 160.1 308.3 30.8 26.1
3.333333 1 156.8 308.1 30.5 25.8
3.366667 1 153.5 307.8 30.1 25.5
3.400000 1 150.2 307.6 29.7 25.2
3.433333 1 146.8 307.4 29.3 24.8
3.466667 1 143.5 307.2 28.9 24.5
3.500000 1 140.2 306.9 28.5 24.2
3.533333 1 136.9 306.7 28.2 23.9
3.566667 1 133.6 306.5 27.8 23.6
3.600000 1 130.3 306.2 27.4 23.3
3.633333 1 127.0 306.0 27.0 23.0
3.666667 1 123.1 305.8 26.9 22.9
3.700000 1 119.2 305.5 26.8 22.8
3.733333 1 115.3 305.3 26.8 22.8
3.766667 1 111.3 305.0 26.7 22.7
3.800000 1 107.4 304.8 26.6 22.6
3.833333 1 103.5 304.5 26.5 22.5
3.866667 1 99.6 304.3 26.4 22.4
3.900000 1 95.7 304.0 26.3 22.3
3.933333 1 91.8 303.8 26.3 22.3
3.966667 1 87.8 303.5 26.2 22.2
4.000000 1 83.9 303.3 26.1 22.1
4.033333 1 80.0 303.0 26.0 22.0
4.066667 1 75.9 302.5 25.8 22.0
4.100000 1 71.8 302.1 25.6 22.0
4.133333 1 67.7 301.6 25.5 22.0
4.166667 1 63.6 301.2 25.3 22.0
4.200000 1 59.5 300.7 25.1 22.0
4.233333 1 55.5 300.3 24.9 22.0
4.266667 1 51.4 299.8 24.7 22.0
4.300000 1 47.3 299.4 24.5 22.0
4.333333 1 43.2 298.9 24.4 22.0
4.366667 1 39.1 298.5 24.2 22.0
4.400000 1 35.0 298.0 24.0 22.0
4.433333 1 31.2 298.0 22.9 21.7
4.466667 1 27.5 298.0 21.7 21.5
4.500000 1 23.7 298.0 20.6 21.2
4.533333 1 20.0 298.0 19.5 21.0
4.566667 1 16.2 298.0 18.4 20.7
4.600000 1 12.5 298.0 17.2 20.5
4.633333 1 8.7 298.0 16.1 20.2
4.666667 1 5.0 298.0 15.0 20.0
4.700000 1 5.0 297.0 13.0 19.0
4.866667 1 204.0 321.0 17.0 20.0
4.900000 1 205.0 320.1 16.8 20.1
4.933333 1 206.0 319.2 16.6 20.2
4.966667 1 207.0 318.3 16.4 20.3
5.000000 1 208.0 317.4 16.2 20.4
5.033333 1 209.0 316.5 16.0 20.5
5.066667 1 210.0 315.6 15.8 20.6
5.100000 1 211.0 314.7 15.6 20.7
5.133333 1 212.0 313.8 15.4 20.8
5.166667 1 213.0 312.9 15.2 20.9
5.200000 1 214.0 312.0 15.0 21.0
5.233333 1 214.6 310.9 15.1 20.8
5.266667 1 215.1 309.9 15.1 20.6
5.300000 1 215.7 308.8 15.2 20.4
5.333333 1 216.3 307.7 15.3 20.1
5.366667 1 216.9 306.6 15.4 19.9
5.400000 1 217.4 305.6 15.4 19.7
5.433333 1 218.0 304.5 15.5 19.5
5.466667 1 218.6 303.4 15.6 19.3
5.500000 1 219.1 302.4 15.6 19.1
5.533333 1 219.7 301.3 15.7 18.9
5.566667 1 220.3 300.2 15.8 18.6
5.600000 1 220.9 299.1 15.9 18.4
5.633333 1 221.4 298.1 15.9 18.2
5.666667 1 222.0 297.0 16.0 18.0
5.700000 1 222.6 296.5 16.0 18.1
5.733333 1 223.3 296.0 16.0 18.3
5.766667 1 223.9 295.5 16.0 18.4
5.800000 1 224.6 295.0 16.0 18.6
5.833333 1 225.2 294.5 16.0 18.7
5.866667 1 225.9 294.0 16.0 18.9
5.900000 1 226.5 293.5 16.0 19.0
5.933333 1 227.1 293.0 16.0 19.1
5.966667 1 227.8 292.5 16.0 19.3
6.000000 1 228.4 292.0 16.0 19.4
6.033333 1 229.1 291.5 16.0 19.6
6.066667 1 229.7 291.0 16.0 19.7
6.100000 1 230.4 290.5 16.0 19.9
6.133333 1 231.0 290.0 16.0 20.0
6.166667 1 231.6 289.5 16.0 20.1
6.200000 1 232.3 289.0 16.0 20.3
6.233333 1 232.9 288.5 16.0 20.4
6.266667 1 233.6 288.0 16.0 20.6
6.300000 1 234.2 287.5 16.0 20.7
6.333333 1 234.9 287.0 16.0 20.9
6.366667 1 235.5 286.5 16.0 21.0
6.400000 1 236.1 286.0 16.0 21.1
6.433333 1 236.8 285.5 16.0 21.3
6.466667 1 237.4 285.0 16.0 21.4
6.500000 1 238.1 284.5 16.0 21.6
6.533333 1 238.7 284.0 16.0 21.7
6.566667 1 239.4 283.5 16.0 21.9
6.600000 1 240.0 283.0 16.0 22.0
6.633333 1 240.2 281.9 16.5 22.1
6.666667 1 240.4 280.7 17.0 22.3
6.700000 1 240.6 279.6 17.5 22.4
6.733333 1 240.9 278.4 18.0 22.6
6.766667 1 241.1 277.3 18.5 22.7
6.800000 1 241.3 276.1 19.0 22.9
6.833333 1 241.5 275.0 19.5 23.0
6.866667 1 241.7 273.9 20.0 23.1
6.900000 1 241.9 272.7 20.5 23.3
6.933333 1 242.1 271.6 21.0 23.4
6.966667 1 242.4 270.4 21.5 23.6
7.000000 1 242.6 269.3 22.0 23.7
7.033333 1 242.8 268.1 22.5 23.9
7.066667 1 243.0 267.0 23.0 24.0
7.100000 1 243.0 265.9 22.8 23.9
7.133333 1 243.0 264.7 22.6 23.7
7.166667 1 243.0 263.6 22.4 23.6
7.200000 1 243.0 262.5 22.2 23.5
7.233333 1 243.0 261.3 22.0 23.3
7.266667 1 243.0 260.2 21.8 23.2
7.300000 1 243.0 259.1 21.6 23.1
7.333333 1 243.0 257.9 21.4 22.9
7.366667 1 243.0 256.8 21.2 22.8
7.400000 1 243.0 255.7 21.0 22.7
7.433333 1 243.0 254.5 20.8 22.5
7.466667 1 243.0 253.4 20.6 22.4
7.500000 1 243.0 252.3 20.4 22.3
7.533333 1 243.0 251.1 20.2 22.1
7.566667 1 243.0 250.0 20.0 22.0
7.600000 1 241.6 249.2 20.5 22.7
7.633333 1 240.2 248.4 21.0 23.4
7.666667 1 238.8 247.6 21.5 24.1
7.700000 1 237.4 246.8 22.0 24.8
7.733333 1 236.0 246.0 22.5 25.5
7.766667 1 234.6 245.2 23.0 26.2
7.800000 1 233.2 244.4 23.5 26.9
7.833333 1 231.8 243.6 24.0 27.6
7.866667 1 230.4 242.8 24.5 28.3
7.900000 1 229.0 242.0 25.0 29.0
7.933333 1 227.3 241.7 24.8 28.5
7.966667 1 225.6 241.4 24.6 28.0
8.000000 1 223.9 241.1 24.4 27.5
8.033333 1 222.2 240.8 24.2 27.0
8.066667 1 220.5 240.5 24.0 26.5
8.100000 1 218.8 240.2 23.8 26.0
8.133333 1 217.1 239.9 23.6 25.5
8.166667 1 215.4 239.6 23.4 25.0
8.200000 1 213.7 239.3 23.2 24.5
8.233333 1 212.0 239.0 23.0 24.0
8.266667 1 208.9 238.7 22.9 23.8
8.300000 1 205.8 238.4 22.8 23.7
8.333333 1 202.8 238.1 22.8 23.5
8.366667 1 199.7 237.8 22.7 23.4
8.400000 1 196.6 237.5 22.6 23.2
8.433333 1 193.5 237.2 22.5 23.1
8.466667 1 190.5 236.8 22.5 22.9
8.500000 1 187.4 236.5 22.4 22.8
8.533333 1 184.3 236.2 22.3 22.6
8.566667 1 181.2 235.9 22.2 22.5
8.600000 1 178.2 235.6 22.2 22.3
8.633333 1 175.1 235.3 22.1 22.2
8.666667 1 172.0 235.0 22.0 22.0
8.700000 1 169.0 234.6 22.0 22.3
8.733333 1 166.0 234.1 22.0 22.7
8.766667 1 163.0 233.7 22.0 23.0
8.800000 1 160.0 233.2 22.0 23.3
8.833333 1 157.0 232.8 22.0 23.7
8.866667 1 154.0 232.3 22.0 24.0
8.900000 1 151.0 231.9 22.0 24.3
8.933333 1 148.0 231.4 22.0 24.7
8.966667 1 145.0 231.0 22.0 25.0
9.000000 1 141.4 230.8 22.6 25.0
9.033333 1 137.8 230.5 23.2 25.0
9.066667 1 134.1 230.3 23.9 25.0
9.100000 1 130.5 230.0 24.5 25.0
9.133333 1 126.9 229.8 25.1 25.0
9.166667 1 123.3 229.5 25.7 25.0
9.200000 1 119.6 229.3 26.4 25.0
9.233333 1 116.0 229.0 27.0 25.0
9.266667 1 113.3 228.8 26.9 25.0
9.300000 1 110.6 228.6 26.8 25.0
9.333333 1 107.9 228.4 26.7 25.0
9.366667 1 105.2 228.2 26.6 25.0
9.400000 1 102.5 228.0 26.5 25.0
9.433333 1 99.8 227.8 26.4 25.0
9.466667 1 97.1 227.6 26.3 25.0
9.500000 1 94.4 227.4 26.2 25.0
9.533333 1 91.7 227.2 26.1 25.0
9.566667 1 89.0 227.0 26.0 25.0
9.600000 1 85.7 226.4 27.1 25.6
9.633333 1 82.4 225.9 28.3 26.1
9.666667 1 79.1 225.3 29.4 26.7
9.700000 1 75.9 224.7 30.6 27.3
9.733333 1 72.6 224.1 31.7 27.9
9.766667 1 69.3 223.6 32.9 28.4
9.800000 1 66.0 223.0 34.0 29.0
9.833333 1 64.0 222.4 32.6 27.4
9.866667 1 62.0 221.8 31.2 25.8
9.900000 1 60.0 221.2 29.8 24.2
9.933333 1 58.0 220.6 28.4 22.6
9.966667 1 56.0 220.0 27.0 21.0
10.000000 1 53.8 218.1 27.1 21.7
10.033333 1 51.5 216.3 27.2 22.5
10.066667 1 49.3 214.4 27.4 23.2
10.100000 1 47.0 212.5 27.5 24.0
10.133333 1 44.8 210.6 27.6 24.7
10.166667 1 42.5 208.8 27.7 25.5
10.200000 1 40.3 206.9 27.9 26.2
10.233333 1 38.0 205.0 28.0 27.0
10.266667 1 35.9 202.6 28.3 27.0
10.300000 1 33.7 200.1 28.6 27.0
10.333333 1 31.6 197.7 28.9 27.0
10.366667 1 29.4 195.3 29.1 27.0
10.400000 1 27.3 192.9 29.4 27.0
10.433333 1 25.1 190.4 29.7 27.0
10.466667 1 23.0 188.0 30.0 27.0
