0.033333 1 58.0 441.0 132.2 443.0
0.033333 1 26.0 21.0 29.0 22.0
0.066667 1 60.0 446.0 133.2 442.0
0.066667 1 26.0 22.0 29.0 20.0
0.100000 1 61.8 450.0 133.9 440.0
0.100000 1 27.0 23.0 30.0 23.0
0.133333 1 63.6 454.0 134.8 439.0
0.133333 1 27.0 23.0 30.0 26.0
0.166667 1 65.6 460.8 135.8 442.0
0.166667 1 27.0 24.2 30.0 21.0
0.200000 1 67.5 468.0 136.9 435.0
0.200000 1 27.0 17.0 30.0 28.0
0.233333 1 69.5 469.0 137.9 436.0
0.233333 1 27.0 19.0 29.0 24.0
0.266667 1 71.5 474.3 139.2 434.0
0.266667 1 26.0 16.7 29.0 25.0
0.300000 1 73.4 477.0 140.0 435.0
0.300000 1 26.0 17.0 29.0 21.0
0.333333 1 74.9 478.0 140.6 431.0
0.333333 1 26.0 23.0 29.0 30.0
0.366667 1 76.7 478.0 141.6 431.0
0.366667 1 27.0 30.0 29.0 25.0
0.400000 1 78.8 490.0 142.9 429.0
0.400000 1 26.0 17.0 29.0 27.0
0.433333 1 80.8 490.0 144.2 429.0
0.433333 1 25.0 26.0 28.0 25.0
0.466667 1 81.9 497.0 144.6 428.0
0.466667 1 26.0 18.0 29.0 26.0
0.500000 1 83.9 497.0 145.9 428.0
0.500000 1 26.0 24.0 29.0 28.0
0.533333 1 85.5 507.0 146.9 429.0
0.533333 1 26.0 14.0 29.0 27.0
0.566667 1 86.8 507.0 147.5 429.0
0.566667 1 26.0 24.0 29.0 24.0
0.600000 1 88.8 513.0 148.9 428.0
0.600000 1 26.0 18.0 29.0 25.0
0.633333 1 89.9 513.0 149.5 428.0
0.633333 1 26.0 23.0 29.0 28.0
0.666667 1 91.8 522.0 151.0 422.0
0.666667 1 26.0 14.0 29.0 34.0
0.700000 1 93.1 522.0 151.6 422.0
0.700000 1 26.0 18.0 29.0 31.0
0.733333 1 94.6 529.0 152.6 428.0
0.733333 1 26.0 17.0 29.0 20.0
0.766667 1 96.2 528.0 153.7 428.0
0.766667 1 26.0 21.0 29.0 20.0
0.800000 1 97.3 154.6 27.3 30.2
0.833333 1 98.8 155.6 27.5 30.3
0.866667 1 100.3 156.8 27.2 30.0
0.900000 1 101.5 157.6 27.8 30.6
0.933333 1 103.3 159.0 27.1 29.8
0.966667 1 104.2 159.6 27.9 30.8
1.000000 1 106.0 161.1 27.2 30.1
1.033333 1 107.5 162.1 27.2 30.1
1.066667 1 109.0 163.3 27.0 29.9
1.100000 1 110.7 164.7 26.3 29.2
1.133333 1 111.6 165.2 27.4 30.4
1.166667 1 113.5 166.8 26.4 29.3
1.200000 1 114.7 167.8 26.7 29.6
1.233333 1 115.8 168.5 27.2 30.1
1.266667 1 117.5 170.0 26.5 29.3
1.300000 1 118.4 170.6 27.6 30.5
1.333333 1 119.9 171.8 27.3 30.1
1.366667 1 121.4 172.9 27.2 30.0
1.400000 1 122.4 173.7 27.7 30.5
1.433333 1 124.3 175.2 26.7 29.5
1.466667 1 125.5 176.2 26.9 29.8
1.500000 1 126.7 176.9 27.5 30.4
1.533333 1 128.4 178.4 26.8 29.7
1.566667 1 129.3 179.0 27.7 30.6
1.600000 1 130.3 179.9 28.0 31.0
1.633333 1 131.8 181.2 27.5 30.4
1.666667 1 133.4 182.4 27.1 30.0
1.700000 1 134.2 183.0 28.0 30.9
1.733333 1 135.6 184.1 27.7 30.7
1.766667 1 137.0 185.4 27.3 30.1
1.800000 1 138.3 186.4 27.2 30.1
1.833333 1 139.2 187.2 27.5 30.3
1.866667 1 140.3 187.8 28.0 30.9
1.900000 1 141.4 188.8 27.9 30.9
1.933333 1 143.0 189.9 27.3 30.2
1.966667 1 144.0 190.9 27.2 30.1
2.000000 1 145.3 191.9 26.8 29.7
2.033333 1 146.6 192.9 26.5 29.5
2.066667 1 147.0 192.9 28.0 31.0
2.100000 1 148.5 194.2 26.9 29.9
2.133333 1 149.5 194.7 27.3 30.3
2.166667 1 150.6 195.5 27.2 30.2
2.200000 1 151.0 195.7 28.4 31.3
2.233333 1 152.5 196.9 27.3 30.3
2.266667 1 153.4 609.0 197.6 391.0
2.266667 1 27.0 23.0 30.0 29.0
2.300000 1 154.0 607.0 197.9 395.0
2.300000 1 28.0 21.0 31.0 29.0
2.333333 1 155.6 595.0 199.2 396.0
2.333333 1 26.0 31.0 29.0 27.0
2.366667 1 156.6 595.0 200.1 396.0
2.366667 1 26.0 19.0 29.0 22.0
2.400000 1 156.9 588.0 200.1 393.0
2.400000 1 27.0 20.0 30.0 24.0
2.433333 1 158.3 581.0 201.3 387.0
2.433333 1 26.0 26.0 29.0 33.0
2.466667 1 159.0 570.0 201.7 391.0
2.466667 1 26.0 29.0 29.0 29.0
2.500000 1 159.0 570.0 201.7 391.0
2.500000 1 28.0 22.0 31.0 32.0
2.533333 1 160.7 559.0 203.3 391.0
2.533333 1 26.0 33.0 29.0 32.0
2.566667 1 161.5 559.0 203.9 391.0
2.566667 1 26.0 22.0 29.0 32.0
2.600000 1 161.9 547.0 204.1 385.0
2.600000 1 27.0 34.0 29.0 38.0
2.633333 1 162.7 547.0 204.7 385.0
2.633333 1 26.0 19.0 29.0 32.0
2.666667 1 163.8 535.0 205.8 391.0
2.666667 1 25.0 31.0 28.0 26.0
2.700000 1 163.8 535.0 205.7 391.0
2.700000 1 26.0 23.0 29.0 33.0
2.733333 1 164.9 528.0 206.7 399.0
2.733333 1 25.0 28.0 28.0 25.0
2.766667 1 164.8 528.0 206.5 399.0
2.766667 1 27.0 20.0 30.0 24.0
2.800000 1 165.7 518.0 207.3 393.0
2.800000 1 26.0 29.0 29.0 30.0
2.833333 1 165.3 518.0 206.9 393.0
2.833333 1 28.0 25.0 30.0 30.0
2.866667 1 166.7 503.0 208.2 392.0
2.866667 1 26.0 39.0 28.0 31.0
2.900000 1 166.6 503.0 208.0 392.0
2.900000 1 27.0 24.0 30.0 32.0
2.933333 1 166.8 499.0 208.2 396.0
2.933333 1 27.0 27.0 30.0 29.0
2.966667 1 167.8 499.0 209.3 396.0
2.966667 1 26.0 19.0 28.0 27.0
3.000000 1 167.6 485.0 209.0 394.0
3.000000 1 27.0 33.0 29.0 29.0
3.033333 1 167.3 485.0 208.8 394.0
3.033333 1 28.0 23.0 30.0 30.0
3.066667 1 167.8 469.0 209.5 393.0
3.066667 1 27.0 38.0 30.0 31.0
3.100000 1 167.8 469.0 209.8 393.0
3.100000 1 27.0 28.0 30.0 33.0
3.133333 1 168.2 465.0 210.3 394.0
3.133333 1 26.0 32.0 29.0 32.0
3.166667 1 167.7 465.0 210.0 394.0
3.166667 1 27.0 24.0 30.0 34.0
3.200000 1 168.3 455.0 210.9 395.0
3.200000 1 26.0 33.0 29.0 32.0
3.233333 1 168.1 455.0 211.0 395.0
3.233333 1 26.0 21.0 29.0 30.0
3.266667 1 168.3 444.0 211.3 391.0
3.266667 1 26.0 32.0 29.0 33.0
3.300000 1 167.3 444.0 210.7 391.0
3.300000 1 28.0 26.0 31.0 35.0
3.333333 1 167.6 433.0 211.4 396.0
3.333333 1 27.0 37.0 30.0 30.0
3.366667 1 167.6 433.0 211.9 396.0
3.366667 1 26.0 32.0 29.0 35.0
3.400000 1 167.5 425.0 212.3 397.0
3.400000 1 26.0 41.0 29.0 35.0
3.433333 1 167.0 426.0 212.2 399.0
3.433333 1 26.0 25.0 29.0 28.0
3.466667 1 166.2 420.0 212.0 398.0
3.466667 1 27.0 27.0 30.0 25.0
3.500000 1 165.8 420.0 212.2 398.0
3.500000 1 27.0 18.0 30.0 24.0
3.533333 1 165.8 409.0 212.8 397.0
3.533333 1 26.0 30.1 29.0 25.7
3.566667 1 165.6 409.0 213.3 397.0
3.566667 1 26.0 23.0 29.0 32.0
3.600000 1 164.7 404.0 212.9 399.0
3.600000 1 27.0 28.0 29.0 30.0
3.633333 1 164.3 404.0 213.4 399.0
3.633333 1 26.0 19.0 29.0 27.0
3.666667 1 163.8 396.0 213.5 394.0
3.666667 1 26.0 27.0 29.0 32.0
3.700000 1 162.7 396.0 213.1 394.0
3.700000 1 27.0 18.0 30.0 29.0
3.733333 1 161.9 386.0 213.2 397.0
3.733333 1 26.0 28.0 29.0 26.0
3.766667 1 161.3 386.0 213.4 397.0
3.766667 1 26.0 18.0 29.0 28.0
3.800000 1 160.6 378.0 213.6 397.0
3.800000 1 26.0 26.0 29.0 28.0
3.833333 1 159.7 378.0 213.5 397.0
3.833333 1 26.0 22.0 29.0 26.0
3.866667 1 158.7 371.0 213.2 394.0
3.866667 1 26.0 29.0 29.0 29.0
3.900000 1 157.6 371.0 213.1 394.0
3.900000 1 27.0 22.0 29.0 29.0
3.933333 1 156.5 362.0 212.8 393.0
3.933333 1 27.0 31.0 30.0 30.0
3.966667 1 155.5 362.0 212.8 393.0
3.966667 1 27.0 22.0 30.0 27.0
4.000000 1 154.6 357.0 212.7 400.0
4.000000 1 26.0 27.0 29.0 20.0
4.033333 1 153.0 357.0 211.9 400.0
4.033333 1 28.0 24.0 30.0 20.0
4.066667 1 152.4 353.0 212.4 395.0
4.066667 1 26.0 28.0 29.0 25.0
4.100000 1 151.0 353.0 212.0 395.0
4.100000 1 27.0 21.0 29.0 26.0
4.133333 1 149.8 348.0 211.8 391.0
4.133333 1 26.0 26.0 29.0 30.0
4.166667 1 148.5 348.0 211.3 391.0
4.166667 1 27.0 17.0 29.0 28.0
4.200000 1 147.8 336.0 211.4 394.0
4.200000 1 26.0 29.0 28.0 25.0
4.233333 1 145.8 336.0 210.1 394.0
4.233333 1 27.0 24.0 30.0 28.0
4.266667 1 144.9 336.0 210.3 392.0
4.266667 1 26.0 24.0 29.0 30.0
4.300000 1 143.2 336.0 209.4 392.0
4.300000 1 27.0 17.0 29.0 23.0
4.333333 1 142.1 327.0 209.0 389.0
4.333333 1 26.0 26.0 29.0 26.0
4.366667 1 140.9 327.0 208.6 390.0
4.366667 1 26.0 21.0 29.0 24.0
4.400000 1 138.7 321.0 207.4 393.0
4.400000 1 27.0 27.0 30.0 21.0
4.433333 1 137.8 321.0 207.2 393.0
4.433333 1 26.0 23.0 29.0 24.0
4.466667 1 135.9 317.0 206.1 393.0
4.466667 1 26.0 27.0 29.0 24.0
4.500000 1 134.8 317.0 205.8 393.0
4.500000 1 26.0 22.0 28.0 19.0
4.533333 1 132.7 314.0 204.2 388.0
4.533333 1 27.0 25.0 30.0 24.0
4.566667 1 131.2 314.0 203.7 388.0
4.566667 1 26.0 19.0 29.0 23.0
4.600000 1 129.7 306.0 202.9 388.0
4.600000 1 26.0 27.0 29.0 23.0
4.633333 1 127.7 306.0 201.4 388.0
4.633333 1 27.0 24.0 30.0 23.0
4.666667 1 126.3 304.0 200.7 392.0
4.666667 1 26.0 26.0 29.0 19.0
4.700000 1 124.7 304.0 199.7 392.0
4.700000 1 26.0 21.0 29.0 18.0
4.733333 1 122.8 297.0 198.4 385.0
4.733333 1 26.0 28.0 29.0 25.0
4.766667 1 121.3 297.0 197.4 385.0
4.766667 1 26.0 27.0 29.0 23.0
4.800000 1 119.5 294.0 196.2 381.0
4.800000 1 26.0 30.0 28.0 27.0
4.833333 1 117.5 294.0 194.8 381.0
4.833333 1 26.0 21.0 29.0 21.0
4.866667 1 115.8 287.0 193.5 385.0
4.866667 1 26.0 28.0 29.0 23.0
4.900000 1 113.7 287.0 191.9 387.0
4.900000 1 26.0 24.0 29.0 22.0
4.933333 1 111.3 189.9 27.9 30.8
4.966667 1 109.8 188.9 27.0 29.9
5.000000 1 107.5 186.9 27.9 30.7
5.033333 1 106.3 186.2 26.4 29.3
5.066667 1 103.9 184.3 27.3 30.1
5.100000 1 102.2 182.9 26.7 29.5
5.133333 1 100.4 181.3 26.3 29.1
5.166667 1 98.4 179.5 26.4 29.2
5.200000 1 96.0 177.3 27.2 30.0
5.233333 1 94.1 175.6 27.0 29.8
5.266667 1 92.2 173.9 26.7 29.6
5.300000 1 90.0 171.8 27.0 29.9
5.333333 1 87.8 169.7 27.2 30.2
5.366667 1 85.6 167.6 27.3 30.3
5.400000 1 83.5 165.6 27.2 30.2
5.433333 1 81.6 164.0 26.6 29.5
5.466667 1 79.5 162.0 26.5 29.2
5.500000 1 76.9 159.5 27.3 30.2
5.533333 1 74.3 157.1 28.0 30.9
5.566667 1 72.1 155.1 27.9 30.8
5.600000 1 70.2 153.4 27.2 30.0
5.633333 1 67.4 150.8 28.1 31.0
5.666667 1 65.4 149.0 27.5 30.5
5.700000 1 63.7 147.5 26.3 29.1
5.733333 1 61.0 145.0 27.0 30.0
5.766667 1 49.7 283.7 43.1 44.5
5.800000 1 59.9 283.8 44.3 45.7
5.833333 1 71.9 285.6 40.6 42.0
5.866667 1 80.9 283.8 44.1 45.5
5.900000 1 93.5 286.8 41.6 42.9
5.933333 1 104.9 289.1 41.0 42.5
5.966667 1 115.5 291.2 41.3 42.8
6.000000 1 125.9 293.8 41.0 42.5
6.033333 1 135.2 294.6 42.7 44.0
6.066667 1 142.8 294.0 46.3 47.8
6.100000 1 152.4 296.0 44.2 45.7
6.133333 1 161.9 297.7 42.8 44.4
6.166667 1 170.3 298.1 44.6 46.4
6.200000 1 181.0 302.1 42.6 44.3
6.233333 1 189.6 303.8 44.9 46.7
6.266667 1 200.9 308.9 40.4 42.9
6.300000 1 211.4 313.4 37.3 40.6
6.333333 1 219.7 315.1 38.1 41.5
6.366667 1 228.3 318.1 35.7 38.9
6.400000 1 238.4 316.6 33.9 37.4
6.433333 1 246.1 28.0 318.3 7.0
6.433333 1 34.0 39.0 37.0 27.0
6.466667 1 255.7 34.0 322.3 13.0
6.466667 1 32.0 41.0 36.0 31.0
6.500000 1 264.0 40.0 325.0 16.0
6.500000 1 34.0 38.0 38.0 32.0
6.533333 1 278.0 43.0 336.0 21.0
6.533333 1 34.0 41.0 33.0 34.0
6.566667 1 278.0 49.0 336.0 32.0
6.566667 1 40.0 35.0 34.0 31.0
6.600000 1 172.3 293.0 58.0 12.3
6.600000 1 342.0 38.0 31.0 25.0
6.600000 1 41.0 42.0 28.0 45.0
6.633333 1 180.1 293.0 54.0 20.9
6.633333 1 342.0 49.0 30.0 37.0
6.633333 1 45.0 42.0 28.0 34.0
6.666667 1 187.7 297.0 54.0 29.4
6.666667 1 333.0 49.0 30.0 33.0
6.666667 1 51.0 42.0 37.0 43.0
6.700000 1 195.7 297.0 77.0 37.9
6.700000 1 333.0 64.0 30.0 53.0
6.700000 1 28.0 42.0 46.0 28.0
6.733333 1 203.6 313.0 77.0 46.2
6.733333 1 339.0 64.0 30.0 37.0
6.733333 1 32.0 42.0 40.0 30.0
6.766667 1 211.5 323.8 85.0 54.2
6.766667 1 348.3 70.0 30.0 33.0
6.766667 1 38.0 42.0 32.0 34.0
6.800000 1 219.6 332.1 86.0 62.0
6.800000 1 356.3 78.0 30.0 33.0
6.800000 1 43.0 42.0 32.0 36.0
6.833333 1 227.4 340.8 97.6 69.3
6.833333 1 358.0 87.3 31.0 33.0
6.833333 1 35.0 42.0 32.0 37.0
6.866667 1 235.8 345.4 102.9 77.0
6.866667 1 358.3 94.3 30.0 32.0
6.866667 1 36.0 42.0 31.0 38.0
6.900000 1 243.7 350.0 105.7 84.3
6.900000 1 359.9 102.1 30.0 32.0
6.900000 1 37.0 42.0 30.0 39.0
6.933333 1 251.8 356.3 111.4 91.2
6.933333 1 359.1 100.1 31.0 31.0
6.933333 1 36.9 42.0 30.0 39.2
6.966667 1 260.0 359.1 117.1 98.0
6.966667 1 359.8 105.6 30.0 39.0
6.966667 1 37.0 42.0 37.0 39.5
7.000000 1 267.8 367.4 122.3 104.4
7.000000 1 364.8 113.2 31.0 39.0
7.000000 1 37.3 43.0 37.0 39.8
7.033333 1 276.0 376.8 128.3 110.6
7.033333 1 369.6 121.7 30.0 38.0
7.033333 1 37.2 42.0 37.0 39.8
7.066667 1 284.0 384.7 133.9 116.4
7.066667 1 373.6 129.6 31.0 37.0
7.066667 1 38.0 43.0 35.0 40.7
7.100000 1 292.3 389.7 138.8 122.1
7.100000 1 375.3 137.4 31.0 35.0
7.100000 1 39.4 42.0 33.0 42.2
7.133333 1 300.3 388.5 142.7 127.5
7.133333 1 368.7 144.6 31.1 35.3
7.133333 1 42.4 42.9 33.7 45.1
7.166667 1 308.7 393.4 147.7 133.0
7.166667 1 370.4 150.0 30.7 35.0
7.166667 1 42.4 42.4 33.4 45.1
7.200000 1 316.8 395.8 152.0 138.0
7.200000 1 370.6 154.4 30.7 41.9
7.200000 1 42.4 42.4 40.2 45.1
7.233333 1 324.7 400.1 156.8 142.3
7.233333 1 372.1 161.2 31.3 45.2
7.233333 1 42.5 43.2 43.6 45.1
7.266667 1 333.2 407.2 162.7 146.9
7.266667 1 376.4 168.9 30.9 42.6
7.266667 1 42.6 42.8 40.8 45.2
7.300000 1 341.6 412.3 167.5 151.1
7.300000 1 379.6 176.7 30.8 42.8
7.300000 1 43.2 42.5 40.9 45.8
7.333333 1 350.1 416.0 172.3 154.8
7.333333 1 382.2 184.6 30.8 43.2
7.333333 1 43.3 42.8 41.4 45.9
7.366667 1 358.3 419.7 178.0 158.4
7.366667 1 384.0 190.1 31.3 43.0
7.366667 1 43.3 43.0 41.2 45.9
7.400000 1 367.1 423.1 182.2 161.9
7.400000 1 386.2 193.7 30.8 43.0
7.400000 1 43.2 42.8 41.2 45.8
7.433333 1 375.7 427.1 186.3 165.1
7.433333 1 389.9 197.7 30.7 43.1
7.433333 1 43.3 42.4 41.2 45.9
7.466667 1 384.0 430.9 192.0 167.4
7.466667 1 393.9 206.0 31.0 43.0
7.466667 1 41.3 43.0 41.0 44.3
7.500000 1 392.7 435.2 192.0 170.0
7.500000 1 398.1 206.0 31.0 42.0
7.500000 1 48.0 42.0 40.0 46.0
7.533333 1 401.4 438.2 207.0 172.2
7.533333 1 401.7 219.0 31.0 42.0
7.533333 1 33.0 43.0 40.0 33.0
7.566667 1 410.5 440.4 207.0 174.1
7.566667 1 403.8 219.0 31.0 42.0
7.566667 1 32.0 43.0 40.0 31.0
7.600000 1 419.9 442.7 207.0 175.9
7.600000 1 405.7 223.0 30.0 42.0
7.600000 1 32.0 42.0 40.0 27.0
7.633333 1 429.1 444.9 207.0 177.0
7.633333 1 408.0 223.0 30.0 42.0
7.633333 1 39.0 42.0 40.0 42.0
7.666667 1 438.3 447.4 210.0 178.0
7.666667 1 411.8 231.0 30.0 42.0
7.666667 1 36.0 42.0 40.0 34.0
7.700000 1 447.5 449.7 210.0 178.5
7.700000 1 416.1 231.0 31.0 42.0
7.700000 1 54.0 43.0 40.0 52.0
7.733333 1 457.1 452.0 218.0 178.9
7.733333 1 420.0 238.0 31.0 42.0
7.733333 1 46.0 43.0 40.0 45.0
7.766667 1 466.6 218.0 178.9 238.0
7.766667 1 31.0 35.0 43.0 38.0
7.800000 1 476.4 209.0 179.0 235.0
7.800000 1 31.0 44.0 43.0 41.0
7.833333 1 486.7 208.0 179.2 245.0
7.833333 1 30.0 44.0 42.0 33.0
7.866667 1 496.2 214.0 178.4 253.0
7.866667 1 31.0 36.0 43.0 37.0
7.900000 1 225.7 506.8 249.0 178.2
7.900000 1 30.0 30.4 38.9 42.2
7.933333 1 224.2 516.9 254.1 177.2
7.933333 1 30.8 30.3 39.6 42.1
7.966667 1 223.0 526.7 256.2 175.3
7.966667 1 30.1 31.2 39.2 43.0
8.000000 1 216.6 537.1 257.2 174.1
8.000000 1 37.0 30.4 42.0 42.1
8.033333 1 211.8 547.0 260.1 172.0
8.033333 1 39.3 30.8 44.1 42.5
8.066667 1 213.5 556.9 269.3 169.7
8.066667 1 30.0 31.1 35.8 43.0
8.100000 1 207.7 567.4 263.4 167.1
8.100000 1 52.4 31.0 56.1 42.9
8.133333 1 204.2 577.7 266.0 164.2
8.133333 1 53.5 30.9 58.3 42.6
8.166667 1 204.5 587.9 269.5 160.9
8.166667 1 49.6 30.8 54.3 42.6
8.200000 1 203.6 598.0 270.9 157.0
8.200000 1 49.0 31.0 54.0 43.0
8.233333 1 199.3 273.5 52.5 56.2
8.266667 1 196.8 276.9 51.9 56.0
8.300000 1 191.9 279.6 55.1 56.5
8.333333 1 191.9 284.0 52.0 54.2
8.366667 1 191.6 285.2 50.9 53.6
8.400000 1 189.4 284.6 54.0 57.3
8.433333 1 190.5 288.2 50.0 53.8
8.466667 1 190.1 292.9 51.3 53.5
8.500000 1 190.5 289.6 50.8 61.5
8.533333 1 185.6 285.4 60.4 71.0
8.566667 1 187.7 287.8 58.8 69.1
8.600000 1 190.0 286.5 53.5 64.5
8.633333 1 191.0 286.3 54.1 65.0
8.666667 1 189.4 285.2 57.7 68.2
8.700000 1 189.6 284.2 59.3 69.7
8.733333 1 191.6 284.3 58.8 69.0
8.766667 1 194.8 285.9 56.1 66.1
8.800000 1 198.6 286.4 54.3 64.6
8.833333 1 202.4 283.2 51.2 61.4
8.866667 1 205.9 284.1 49.9 60.5
8.900000 1 208.9 284.2 49.6 60.3
8.933333 1 211.6 283.8 49.6 60.4
8.966667 1 214.5 283.6 50.4 61.1
9.000000 1 218.6 284.6 48.2 58.7
9.033333 1 222.5 283.8 47.7 58.3
9.066667 1 226.7 280.8 48.1 58.6
9.100000 1 231.4 280.8 47.8 58.3
9.133333 1 235.9 281.9 47.1 57.8
9.166667 1 240.0 282.1 46.8 57.6
9.200000 1 245.3 285.6 47.1 57.5
9.233333 1 249.9 286.2 45.2 55.8
9.266667 1 253.8 285.6 45.9 56.5
9.300000 1 258.2 284.1 46.0 56.6
9.333333 1 263.2 283.0 45.5 56.0
9.366667 1 268.5 282.7 45.5 56.1
9.400000 1 273.9 282.7 45.3 56.0
9.433333 1 278.4 282.3 46.5 57.2
9.466667 1 283.1 282.8 46.4 57.1
9.500000 1 288.2 283.3 45.8 55.9
9.533333 1 292.8 282.8 46.1 56.2
9.566667 1 297.6 282.2 46.5 56.7
9.600000 1 302.5 281.2 46.6 56.9
9.633333 1 307.1 279.2 47.4 58.0
9.666667 1 313.1 277.6 47.3 58.2
9.700000 1 319.6 277.3 45.9 57.0
9.733333 1 325.5 276.9 46.3 57.2
9.766667 1 331.6 276.8 46.6 57.2
9.800000 1 337.7 277.3 46.5 57.0
9.833333 1 343.6 277.4 46.3 56.9
9.866667 1 350.4 278.0 46.0 56.7
9.900000 1 356.5 277.3 46.9 57.0
9.933333 1 363.1 275.9 46.2 56.5
9.966667 1 369.6 272.1 46.4 56.6
10.000000 1 376.3 269.4 46.9 57.4
10.033333 1 383.8 267.4 46.5 56.9
10.066667 1 391.7 266.2 45.3 56.1
10.100000 1 399.0 264.7 45.0 55.9
10.133333 1 405.8 262.7 46.0 56.5
10.166667 1 413.5 260.6 45.7 56.5
10.200000 1 421.7 258.3 46.2 56.8
10.233333 1 430.3 256.1 45.7 56.3
10.266667 1 439.0 253.4 45.1 56.0
10.300000 1 446.5 249.9 46.6 56.9
10.333333 1 454.7 246.4 46.7 57.0
10.366667 1 463.6 242.3 46.0 56.6
10.400000 1 472.0 236.5 45.5 55.9
10.433333 1 481.6 231.3 46.0 57.0
10.466667 1 491.8 227.2 46.0 56.8
10.500000 1 501.9 223.7 45.6 56.5
10.533333 1 512.0 220.6 45.5 56.4
10.566667 1 522.6 217.5 44.8 55.5
10.600000 1 534.3 214.8 42.7 53.5
10.633333 1 548.1 213.6 36.7 47.4
10.666667 1 560.1 210.3 34.5 44.8
10.700000 1 571.9 206.0 33.3 43.3
10.733333 1 583.1 200.9 33.4 43.0
10.766667 1 595.0 195.0 33.0 43.0
