0.000000 1 331.0 381.0 25.0 29.0
0.033333 1 331.0 381.0 25.0 29.0
0.066667 1 330.9 380.9 25.0 28.9
0.100000 1 330.9 380.9 25.0 28.9
0.133333 1 330.9 380.9 25.0 28.8
0.166667 1 330.8 380.9 25.0 28.8
0.200000 1 330.8 380.8 25.0 28.7
0.233333 1 330.8 380.8 25.0 28.7
0.266667 1 330.7 380.8 24.9 28.6
0.300000 1 330.7 380.8 24.9 28.6
0.333333 1 330.7 380.7 24.9 28.6
0.366667 1 330.6 380.7 24.9 28.5
0.400000 1 330.6 380.7 24.9 28.5
0.433333 1 330.6 380.7 24.9 28.4
0.466667 1 330.6 380.6 24.9 28.4
0.500000 1 330.5 380.6 24.9 28.3
0.533333 1 330.5 380.6 24.9 28.3
0.566667 1 330.5 380.6 24.9 28.2
0.600000 1 330.4 380.5 24.9 28.2
0.633333 1 330.4 380.5 24.9 28.2
0.666667 1 330.4 380.5 24.9 28.1
0.700000 1 330.3 380.5 24.9 28.1
0.733333 1 330.3 380.4 24.9 28.0
0.766667 1 330.3 380.4 24.9 28.0
0.800000 1 330.2 380.4 24.8 27.9
0.833333 1 330.2 380.4 24.8 27.9
0.866667 1 330.2 380.3 24.8 27.8
0.900000 1 330.1 380.3 24.8 27.8
0.933333 1 330.1 380.3 24.8 27.8
0.966667 1 330.1 380.3 24.8 27.7
1.000000 1 330.0 380.2 24.8 27.7
1.033333 1 330.0 380.2 24.8 27.6
1.066667 1 330.0 380.2 24.8 27.6
1.100000 1 329.9 380.2 24.8 27.5
1.133333 1 329.9 380.1 24.8 27.5
1.166667 1 329.9 380.1 24.8 27.4
1.200000 1 329.9 380.1 24.8 27.4
1.233333 1 329.8 380.1 24.8 27.4
1.266667 1 329.8 380.0 24.8 27.3
1.300000 1 329.8 380.0 24.8 27.3
1.333333 1 329.7 380.0 24.7 27.2
1.366667 1 329.7 380.0 24.7 27.2
1.400000 1 329.7 379.9 24.7 27.1
1.433333 1 329.6 379.9 24.7 27.1
1.466667 1 329.6 379.9 24.7 27.0
1.500000 1 329.6 379.9 24.7 27.0
1.533333 1 329.5 379.8 24.7 26.9
1.566667 1 329.5 379.8 24.7 26.9
1.600000 1 329.5 379.8 24.7 26.9
1.633333 1 329.4 379.8 24.7 26.8
1.666667 1 329.4 379.7 24.7 26.8
1.700000 1 329.4 379.7 24.7 26.7
1.733333 1 329.3 379.7 24.7 26.7
1.766667 1 329.3 379.6 24.7 26.6
1.800000 1 329.3 379.6 24.7 26.6
1.833333 1 329.2 379.6 24.6 26.5
1.866667 1 329.2 379.6 24.6 26.5
1.900000 1 329.2 379.5 24.6 26.5
1.933333 1 329.2 379.5 24.6 26.4
1.966667 1 329.1 379.5 24.6 26.4
2.000000 1 329.1 379.5 24.6 26.3
2.033333 1 329.1 379.4 24.6 26.3
2.066667 1 329.0 379.4 24.6 26.2
2.100000 1 329.0 379.4 24.6 26.2
2.133333 1 329.0 379.4 24.6 26.1
2.166667 1 328.9 379.3 24.6 26.1
2.200000 1 328.9 379.3 24.6 26.1
2.233333 1 328.9 379.3 24.6 26.0
2.266667 1 328.8 379.3 24.6 26.0
2.300000 1 328.8 379.2 24.6 25.9
2.333333 1 328.8 379.2 24.6 25.9
2.366667 1 328.7 379.2 24.5 25.8
2.400000 1 328.7 379.2 24.5 25.8
2.433333 1 328.7 379.1 24.5 25.7
2.466667 1 328.6 379.1 24.5 25.7
2.500000 1 328.6 379.1 24.5 25.7
2.533333 1 328.6 379.1 24.5 25.6
2.566667 1 328.5 379.0 24.5 25.6
2.600000 1 328.5 379.0 24.5 25.5
2.633333 1 328.5 379.0 24.5 25.5
2.666667 1 328.5 379.0 24.5 25.4
2.700000 1 328.4 378.9 24.5 25.4
2.733333 1 328.4 378.9 24.5 25.3
2.766667 1 328.4 378.9 24.5 25.3
2.800000 1 328.3 378.9 24.5 25.3
2.833333 1 328.3 378.8 24.5 25.2
2.866667 1 328.3 378.8 24.5 25.2
2.900000 1 328.2 378.8 24.4 25.1
2.933333 1 328.2 378.8 24.4 25.1
2.966667 1 328.2 378.7 24.4 25.0
3.000000 1 328.1 378.7 24.4 25.0
3.033333 1 328.1 378.7 24.4 24.9
3.066667 1 328.1 378.7 24.4 24.9
3.100000 1 328.0 378.6 24.4 24.9
3.133333 1 328.0 378.6 24.4 24.8
3.166667 1 328.0 378.6 24.4 24.8
3.200000 1 327.9 378.6 24.4 24.7
3.233333 1 327.9 378.5 24.4 24.7
3.266667 1 327.9 378.5 24.4 24.6
3.300000 1 327.8 378.5 24.4 24.6
3.333333 1 327.8 378.5 24.4 24.5
3.366667 1 327.8 378.4 24.4 24.5
3.400000 1 327.8 378.4 24.4 24.5
3.433333 1 327.7 378.4 24.3 24.4
3.466667 1 327.7 378.4 24.3 24.4
3.500000 1 327.7 378.3 24.3 24.3
3.533333 1 327.6 378.3 24.3 24.3
3.566667 1 327.6 378.3 24.3 24.2
3.600000 1 327.6 378.2 24.3 24.2
3.633333 1 327.5 378.2 24.3 24.1
3.666667 1 327.5 378.2 24.3 24.1
3.700000 1 327.5 378.2 24.3 24.1
3.733333 1 327.4 378.1 24.3 24.0
3.766667 1 327.4 378.1 24.3 24.0
3.800000 1 327.4 378.1 24.3 23.9
3.833333 1 327.3 378.1 24.3 23.9
3.866667 1 327.3 378.0 24.3 23.8
3.900000 1 327.3 378.0 24.3 23.8
3.933333 1 327.2 378.0 24.2 23.7
3.966667 1 327.2 378.0 24.2 23.7
4.000000 1 327.2 377.9 24.2 23.6
4.033333 1 327.1 377.9 24.2 23.6
4.066667 1 327.1 377.9 24.2 23.6
4.100000 1 327.1 377.9 24.2 23.5
4.133333 1 327.1 377.8 24.2 23.5
4.166667 1 327.0 377.8 24.2 23.4
4.200000 1 327.0 377.8 24.2 23.4
4.233333 1 327.0 377.8 24.2 23.3
4.266667 1 326.9 377.7 24.2 23.3
4.300000 1 326.9 377.7 24.2 23.2
4.333333 1 326.9 377.7 24.2 23.2
4.366667 1 326.8 377.7 24.2 23.2
4.400000 1 326.8 377.6 24.2 23.1
4.433333 1 326.8 377.6 24.2 23.1
4.466667 1 326.7 377.6 24.1 23.0
4.500000 1 326.7 377.6 24.1 23.0
4.533333 1 326.7 377.5 24.1 22.9
4.566667 1 326.6 377.5 24.1 22.9
4.600000 1 326.6 377.5 24.1 22.8
4.633333 1 326.6 377.5 24.1 22.8
4.666667 1 326.5 377.4 24.1 22.8
4.700000 1 326.5 377.4 24.1 22.7
4.733333 1 326.5 377.4 24.1 22.7
4.766667 1 326.4 377.4 24.1 22.6
4.800000 1 326.4 377.3 24.1 22.6
4.833333 1 326.4 377.3 24.1 22.5
4.866667 1 326.4 377.3 24.1 22.5
4.900000 1 326.3 377.3 24.1 22.4
4.933333 1 326.3 377.2 24.1 22.4
4.966667 1 326.3 377.2 24.1 22.4
5.000000 1 326.2 377.2 24.0 22.3
5.033333 1 326.2 377.2 24.0 22.3
5.066667 1 326.2 377.1 24.0 22.2
5.100000 1 326.1 377.1 24.0 22.2
5.133333 1 326.1 377.1 24.0 22.1
5.166667 1 326.1 377.1 24.0 22.1
5.200000 1 326.0 377.0 24.0 22.0
5.233333 1 326.0 377.0 24.0 22.0
5.266667 1 326.0 376.9 24.0 22.1
5.300000 1 326.0 376.9 24.1 22.1
5.333333 1 326.0 376.8 24.1 22.2
5.366667 1 326.0 376.7 24.2 22.3
5.400000 1 326.0 376.7 24.2 22.3
5.433333 1 326.0 376.6 24.2 22.4
5.466667 1 326.0 376.5 24.3 22.4
5.500000 1 325.9 376.4 24.3 22.5
5.533333 1 325.9 376.4 24.3 22.6
5.566667 1 325.9 376.3 24.4 22.6
5.600000 1 325.9 376.2 24.4 22.7
5.633333 1 325.9 376.2 24.5 22.8
5.666667 1 325.9 376.1 24.5 22.8
5.700000 1 325.9 376.0 24.5 22.9
5.733333 1 325.9 376.0 24.6 22.9
5.766667 1 325.9 375.9 24.6 23.0
5.800000 1 325.9 375.8 24.6 23.1
5.833333 1 325.9 375.8 24.7 23.1
5.866667 1 325.9 375.7 24.7 23.2
5.900000 1 325.9 375.6 24.8 23.3
5.933333 1 325.9 375.6 24.8 23.3
5.966667 1 325.9 375.5 24.8 23.4
6.000000 1 325.9 375.4 24.9 23.4
6.033333 1 325.8 375.3 24.9 23.5
6.066667 1 325.8 375.3 24.9 23.6
6.100000 1 325.8 375.2 25.0 23.6
6.133333 1 325.8 375.1 25.0 23.7
6.166667 1 325.8 375.1 25.1 23.8
6.200000 1 325.8 375.0 25.1 23.8
6.233333 1 325.8 374.9 25.1 23.9
6.266667 1 325.8 374.9 25.2 23.9
6.300000 1 325.8 374.8 25.2 24.0
6.333333 1 325.8 374.7 25.2 24.1
6.366667 1 325.8 374.7 25.3 24.1
6.400000 1 325.8 374.6 25.3 24.2
6.433333 1 325.8 374.5 25.4 24.3
6.466667 1 325.8 374.5 25.4 24.3
6.500000 1 325.8 374.4 25.4 24.4
6.533333 1 325.8 374.3 25.5 24.4
6.566667 1 325.7 374.2 25.5 24.5
6.600000 1 325.7 374.2 25.5 24.6
6.633333 1 325.7 374.1 25.6 24.6
6.666667 1 325.7 374.0 25.6 24.7
6.700000 1 325.7 374.0 25.7 24.8
6.733333 1 325.7 373.9 25.7 24.8
6.766667 1 325.7 373.8 25.7 24.9
6.800000 1 325.7 373.8 25.8 24.9
6.833333 1 325.7 373.7 25.8 25.0
6.866667 1 325.7 373.6 25.8 25.1
6.900000 1 325.7 373.6 25.9 25.1
6.933333 1 325.7 373.5 25.9 25.2
6.966667 1 325.7 373.4 26.0 25.3
7.000000 1 325.7 373.4 26.0 25.3
7.033333 1 325.7 373.3 26.0 25.4
7.066667 1 325.7 373.2 26.1 25.4
7.100000 1 325.6 373.1 26.1 25.5
7.133333 1 325.6 373.1 26.1 25.6
7.166667 1 325.6 373.0 26.2 25.6
7.200000 1 325.6 372.9 26.2 25.7
7.233333 1 325.6 372.9 26.3 25.8
7.266667 1 325.6 372.8 26.3 25.8
7.300000 1 325.6 372.7 26.3 25.9
7.333333 1 325.6 372.7 26.4 25.9
7.366667 1 325.6 372.6 26.4 26.0
7.400000 1 325.6 372.5 26.4 26.1
7.433333 1 325.6 372.5 26.5 26.1
7.466667 1 325.6 372.4 26.5 26.2
7.500000 1 325.6 372.3 26.6 26.3
7.533333 1 325.6 372.3 26.6 26.3
7.566667 1 325.6 372.2 26.6 26.4
7.600000 1 325.6 372.1 26.7 26.4
7.633333 1 325.5 372.0 26.7 26.5
7.666667 1 325.5 372.0 26.7 26.6
7.700000 1 325.5 371.9 26.8 26.6
7.733333 1 325.5 371.8 26.8 26.7
7.766667 1 325.5 371.8 26.9 26.8
7.800000 1 325.5 371.7 26.9 26.8
7.833333 1 325.5 371.6 26.9 26.9
7.866667 1 325.5 371.6 27.0 26.9
7.900000 1 325.5 371.5 27.0 27.0
7.933333 1 325.5 371.4 27.0 27.1
7.966667 1 325.5 371.4 27.1 27.1
8.000000 1 325.5 371.3 27.1 27.2
8.033333 1 325.5 371.2 27.2 27.3
8.066667 1 325.5 371.2 27.2 27.3
8.100000 1 325.5 371.1 27.2 27.4
8.133333 1 325.5 371.0 27.3 27.4
8.166667 1 325.4 370.9 27.3 27.5
8.200000 1 325.4 370.9 27.3 27.6
8.233333 1 325.4 370.8 27.4 27.6
8.266667 1 325.4 370.7 27.4 27.7
8.300000 1 325.4 370.7 27.5 27.8
8.333333 1 325.4 370.6 27.5 27.8
8.366667 1 325.4 370.5 27.5 27.9
8.400000 1 325.4 370.5 27.6 27.9
8.433333 1 325.4 370.4 27.6 28.0
8.466667 1 325.4 370.3 27.6 28.1
8.500000 1 325.4 370.3 27.7 28.1
8.533333 1 325.4 370.2 27.7 28.2
8.566667 1 325.4 370.1 27.8 28.3
8.600000 1 325.4 370.1 27.8 28.3
8.633333 1 325.4 370.0 27.8 28.4
8.666667 1 325.4 369.9 27.9 28.4
8.700000 1 325.3 369.8 27.9 28.5
8.733333 1 325.3 369.8 27.9 28.6
8.766667 1 325.3 369.7 28.0 28.6
8.800000 1 325.3 369.6 28.0 28.7
8.833333 1 325.3 369.6 28.1 28.8
8.866667 1 325.3 369.5 28.1 28.8
8.900000 1 325.3 369.4 28.1 28.9
8.933333 1 325.3 369.4 28.2 28.9
8.966667 1 325.3 369.3 28.2 29.0
9.000000 1 325.3 369.2 28.2 29.1
9.033333 1 325.3 369.2 28.3 29.1
9.066667 1 325.3 369.1 28.3 29.2
9.100000 1 325.3 369.0 28.4 29.3
9.133333 1 325.3 369.0 28.4 29.3
9.166667 1 325.3 368.9 28.4 29.4
9.200000 1 325.3 368.8 28.5 29.4
9.233333 1 325.2 368.7 28.5 29.5
9.266667 1 325.2 368.7 28.5 29.6
9.300000 1 325.2 368.6 28.6 29.6
9.333333 1 325.2 368.5 28.6 29.7
9.366667 1 325.2 368.5 28.7 29.8
9.400000 1 325.2 368.4 28.7 29.8
9.433333 1 325.2 368.3 28.7 29.9
9.466667 1 325.2 368.3 28.8 29.9
9.500000 1 325.2 368.2 28.8 30.0
9.533333 1 325.2 368.1 28.8 30.1
9.566667 1 325.2 368.1 28.9 30.1
9.600000 1 325.2 368.0 28.9 30.2
9.633333 1 325.2 367.9 29.0 30.3
9.666667 1 325.2 367.9 29.0 30.3
9.700000 1 325.2 367.8 29.0 30.4
9.733333 1 325.2 367.7 29.1 30.4
9.766667 1 325.1 367.6 29.1 30.5
9.800000 1 325.1 367.6 29.1 30.6
9.833333 1 325.1 367.5 29.2 30.6
9.866667 1 325.1 367.4 29.2 30.7
9.900000 1 325.1 367.4 29.3 30.8
9.933333 1 325.1 367.3 29.3 30.8
9.966667 1 325.1 367.2 29.3 30.9
10.000000 1 325.1 367.2 29.4 30.9
10.033333 1 325.1 367.1 29.4 31.0
10.066667 1 325.1 367.0 29.4 31.1
10.100000 1 325.1 367.0 29.5 31.1
10.133333 1 325.1 366.9 29.5 31.2
10.166667 1 325.1 366.8 29.6 31.3
10.200000 1 325.1 366.8 29.6 31.3
10.233333 1 325.1 366.7 29.6 31.4
10.266667 1 325.1 366.6 29.7 31.4
10.300000 1 325.0 366.5 29.7 31.5
10.333333 1 325.0 366.5 29.7 31.6
10.366667 1 325.0 366.4 29.8 31.6
10.400000 1 325.0 366.3 29.8 31.7
10.433333 1 325.0 366.3 29.9 31.8
10.466667 1 325.0 366.2 29.9 31.8
10.500000 1 325.0 366.1 29.9 31.9
10.533333 1 325.0 366.1 30.0 31.9
10.566667 1 325.0 366.0 30.0 32.0
