0.000000 1 218.0 202.0 29.0 25.0
0.033333 1 217.8 201.7 28.9 24.9
0.066667 1 217.7 201.4 28.8 24.9
0.100000 1 217.5 201.2 28.7 24.8
0.133333 1 217.3 200.9 28.6 24.7
0.166667 1 217.1 200.6 28.5 24.7
0.200000 1 217.0 200.3 28.4 24.6
0.233333 1 216.8 200.1 28.3 24.5
0.266667 1 216.6 199.8 28.2 24.4
0.300000 1 216.4 199.5 28.1 24.4
0.333333 1 216.3 199.2 28.0 24.3
0.366667 1 216.1 199.0 27.9 24.2
0.400000 1 215.9 198.7 27.8 24.2
0.433333 1 215.8 198.4 27.7 24.1
0.466667 1 215.6 198.1 27.6 24.0
0.500000 1 215.4 197.9 27.4 24.0
0.533333 1 215.2 197.6 27.3 23.9
0.566667 1 215.1 197.3 27.2 23.8
0.600000 1 214.9 197.0 27.1 23.8
0.633333 1 214.7 196.8 27.0 23.7
0.666667 1 214.6 196.5 26.9 23.6
0.700000 1 214.4 196.2 26.8 23.6
0.733333 1 214.2 195.9 26.7 23.5
0.766667 1 214.0 195.7 26.6 23.4
0.800000 1 213.9 195.4 26.5 23.3
0.833333 1 213.7 195.1 26.4 23.3
0.866667 1 213.5 194.8 26.3 23.2
0.900000 1 213.3 194.6 26.2 23.1
0.933333 1 213.2 194.3 26.1 23.1
0.966667 1 213.0 194.0 26.0 23.0
1.000000 1 212.6 193.8 26.1 23.1
1.033333 1 212.3 193.6 26.2 23.1
1.066667 1 211.9 193.4 26.3 23.2
1.100000 1 211.5 193.2 26.4 23.2
1.133333 1 211.2 192.9 26.5 23.3
1.166667 1 210.8 192.7 26.6 23.3
1.200000 1 210.4 192.5 26.7 23.4
1.233333 1 210.1 192.3 26.8 23.4
1.266667 1 209.7 192.1 26.9 23.5
1.300000 1 209.3 191.9 27.1 23.5
1.333333 1 208.9 191.7 27.2 23.6
1.366667 1 208.6 191.5 27.3 23.6
1.400000 1 208.2 191.3 27.4 23.7
1.433333 1 207.8 191.1 27.5 23.7
1.466667 1 207.5 190.8 27.6 23.8
1.500000 1 207.1 190.6 27.7 23.8
1.533333 1 206.7 190.4 27.8 23.9
1.566667 1 206.4 190.2 27.9 23.9
1.600000 1 206.0 190.0 28.0 24.0
1.633333 1 205.7 190.0 27.9 24.1
1.666667 1 205.5 190.0 27.7 24.3
1.700000 1 205.2 190.0 27.6 24.4
1.733333 1 204.9 190.0 27.5 24.5
1.766667 1 204.6 190.0 27.3 24.7
1.800000 1 204.4 190.0 27.2 24.8
1.833333 1 204.1 190.0 27.0 25.0
1.866667 1 203.8 190.0 26.9 25.1
1.900000 1 203.5 190.0 26.8 25.2
1.933333 1 203.3 190.0 26.6 25.4
1.966667 1 203.0 190.0 26.5 25.5
2.000000 1 202.7 190.0 26.4 25.6
2.033333 1 202.5 190.0 26.2 25.8
2.066667 1 202.2 190.0 26.1 25.9
2.100000 1 201.9 190.0 26.0 26.0
2.133333 1 201.6 190.0 25.8 26.2
2.166667 1 201.4 190.0 25.7 26.3
2.200000 1 201.1 190.0 25.5 26.5
2.233333 1 200.8 190.0 25.4 26.6
2.266667 1 200.5 190.0 25.3 26.7
2.300000 1 200.3 190.0 25.1 26.9
2.333333 1 200.0 190.0 25.0 27.0
2.366667 1 199.3 190.2 25.2 26.8
2.400000 1 198.6 190.4 25.5 26.6
2.433333 1 197.9 190.5 25.7 26.5
2.466667 1 197.2 190.7 25.9 26.3
2.500000 1 196.5 190.9 26.2 26.1
2.533333 1 195.8 191.1 26.4 25.9
2.566667 1 195.1 191.2 26.6 25.8
2.600000 1 194.4 191.4 26.9 25.6
2.633333 1 193.6 191.6 27.1 25.4
2.666667 1 192.9 191.8 27.4 25.2
2.700000 1 192.2 191.9 27.6 25.1
2.733333 1 191.5 192.1 27.8 24.9
2.766667 1 190.8 192.3 28.1 24.7
2.800000 1 190.1 192.5 28.3 24.5
2.833333 1 189.4 192.6 28.5 24.4
2.866667 1 188.7 192.8 28.8 24.2
2.900000 1 188.0 193.0 29.0 24.0
2.933333 1 187.4 193.1 29.0 24.1
2.966667 1 186.8 193.2 29.0 24.1
3.000000 1 186.2 193.3 29.0 24.2
3.033333 1 185.6 193.4 29.0 24.2
3.066667 1 184.9 193.6 29.0 24.3
3.100000 1 184.3 193.7 29.0 24.3
3.133333 1 183.7 193.8 29.0 24.4
3.166667 1 183.1 193.9 29.0 24.4
3.200000 1 182.5 194.0 29.0 24.5
3.233333 1 181.9 194.1 29.0 24.6
3.266667 1 181.3 194.2 29.0 24.6
3.300000 1 180.7 194.3 29.0 24.7
3.333333 1 180.1 194.4 29.0 24.7
3.366667 1 179.4 194.6 29.0 24.8
3.400000 1 178.8 194.7 29.0 24.8
3.433333 1 178.2 194.8 29.0 24.9
3.466667 1 177.6 194.9 29.0 24.9
3.500000 1 177.0 195.0 29.0 25.0
3.533333 1 176.5 195.1 28.8 24.8
3.566667 1 175.9 195.2 28.7 24.5
3.600000 1 175.4 195.2 28.5 24.3
3.633333 1 174.8 195.3 28.4 24.1
3.666667 1 174.3 195.4 28.2 23.8
3.700000 1 173.8 195.5 28.1 23.6
3.733333 1 173.2 195.5 27.9 23.4
3.766667 1 172.7 195.6 27.8 23.2
3.800000 1 172.2 195.7 27.6 22.9
3.833333 1 171.6 195.8 27.5 22.7
3.866667 1 171.1 195.8 27.3 22.5
3.900000 1 170.5 195.9 27.2 22.2
3.933333 1 170.0 196.0 27.0 22.0
3.966667 1 169.3 195.9 27.2 22.1
4.000000 1 168.6 195.7 27.4 22.1
4.033333 1 167.9 195.6 27.6 22.2
4.066667 1 167.1 195.4 27.9 22.3
4.100000 1 166.4 195.3 28.1 22.4
4.133333 1 165.7 195.1 28.3 22.4
4.166667 1 165.0 195.0 28.5 22.5
4.200000 1 164.3 194.9 28.7 22.6
4.233333 1 163.6 194.7 28.9 22.6
4.266667 1 162.9 194.6 29.1 22.7
4.300000 1 162.1 194.4 29.4 22.8
4.333333 1 161.4 194.3 29.6 22.9
4.366667 1 160.7 194.1 29.8 22.9
4.400000 1 160.0 194.0 30.0 23.0
4.433333 1 159.5 193.9 30.0 22.9
4.466667 1 159.1 193.7 29.9 22.8
4.500000 1 158.6 193.6 29.9 22.7
4.533333 1 158.2 193.5 29.8 22.6
4.566667 1 157.7 193.3 29.8 22.5
4.600000 1 157.3 193.2 29.7 22.5
4.633333 1 156.8 193.0 29.7 22.4
4.666667 1 156.4 192.9 29.6 22.3
4.700000 1 155.9 192.8 29.6 22.2
4.733333 1 155.5 192.6 29.5 22.1
4.766667 1 155.0 192.5 29.5 22.0
4.800000 1 154.5 192.4 29.5 21.9
4.833333 1 154.1 192.2 29.4 21.8
4.866667 1 153.6 192.1 29.4 21.7
4.900000 1 153.2 192.0 29.3 21.6
4.933333 1 152.7 191.8 29.3 21.5
4.966667 1 152.3 191.7 29.2 21.5
5.000000 1 151.8 191.5 29.2 21.4
5.033333 1 151.4 191.4 29.1 21.3
5.066667 1 150.9 191.3 29.1 21.2
5.100000 1 150.5 191.1 29.0 21.1
5.133333 1 150.0 191.0 29.0 21.0
5.166667 1 149.6 190.6 28.9 21.1
5.200000 1 149.2 190.2 28.8 21.1
5.233333 1 148.8 189.8 28.6 21.2
5.266667 1 148.4 189.4 28.5 21.2
5.300000 1 147.9 188.9 28.4 21.3
5.333333 1 147.5 188.5 28.3 21.4
5.366667 1 147.1 188.1 28.2 21.4
5.400000 1 146.7 187.7 28.1 21.5
5.433333 1 146.3 187.3 27.9 21.5
5.466667 1 145.9 186.9 27.8 21.6
5.500000 1 145.5 186.5 27.7 21.6
5.533333 1 145.1 186.1 27.6 21.7
5.566667 1 144.6 185.6 27.5 21.8
5.600000 1 144.2 185.2 27.4 21.8
5.633333 1 143.8 184.8 27.2 21.9
5.666667 1 143.4 184.4 27.1 21.9
5.700000 1 143.0 184.0 27.0 22.0
5.733333 1 142.8 183.5 27.0 22.2
5.766667 1 142.5 182.9 27.0 22.5
5.800000 1 142.3 182.4 27.0 22.7
5.833333 1 142.1 181.8 27.0 22.9
5.866667 1 141.8 181.3 27.0 23.2
5.900000 1 141.6 180.8 27.0 23.4
5.933333 1 141.4 180.2 27.0 23.6
5.966667 1 141.2 179.7 27.0 23.8
6.000000 1 140.9 179.2 27.0 24.1
6.033333 1 140.7 178.6 27.0 24.3
6.066667 1 140.5 178.1 27.0 24.5
6.100000 1 140.2 177.5 27.0 24.8
6.133333 1 140.0 177.0 27.0 25.0
6.166667 1 140.0 176.6 27.0 24.9
6.200000 1 140.0 176.3 27.0 24.9
6.233333 1 140.0 175.9 27.0 24.8
6.266667 1 140.0 175.6 27.0 24.7
6.300000 1 140.0 175.2 27.0 24.6
6.333333 1 140.0 174.9 27.0 24.6
6.366667 1 140.0 174.5 27.0 24.5
6.400000 1 140.0 174.1 27.0 24.4
6.433333 1 140.0 173.8 27.0 24.4
6.466667 1 140.0 173.4 27.0 24.3
6.500000 1 140.0 173.1 27.0 24.2
6.533333 1 140.0 172.7 27.0 24.1
6.566667 1 140.0 172.4 27.0 24.1
6.600000 1 140.0 172.0 27.0 24.0
6.633333 1 139.8 171.6 27.2 23.8
6.666667 1 139.5 171.2 27.3 23.7
6.700000 1 139.3 170.8 27.5 23.5
6.733333 1 139.1 170.5 27.6 23.4
6.766667 1 138.8 170.1 27.8 23.2
6.800000 1 138.6 169.7 27.9 23.1
6.833333 1 138.4 169.3 28.1 22.9
6.866667 1 138.2 168.9 28.2 22.8
6.900000 1 137.9 168.5 28.4 22.6
6.933333 1 137.7 168.2 28.5 22.5
6.966667 1 137.5 167.8 28.7 22.3
7.000000 1 137.2 167.4 28.8 22.2
7.033333 1 137.0 167.0 29.0 22.0
7.066667 1 136.7 166.4 29.1 22.1
7.100000 1 136.3 165.9 29.2 22.2
7.133333 1 136.0 165.3 29.3 22.3
7.166667 1 135.7 164.8 29.4 22.4
7.200000 1 135.3 164.2 29.6 22.6
7.233333 1 135.0 163.7 29.7 22.7
7.266667 1 134.7 163.1 29.8 22.8
7.300000 1 134.3 162.6 29.9 22.9
7.333333 1 134.0 162.0 30.0 23.0
7.366667 1 133.7 161.4 30.1 23.1
7.400000 1 133.3 160.9 30.2 23.2
7.433333 1 133.0 160.3 30.3 23.3
7.466667 1 132.7 159.8 30.4 23.4
7.500000 1 132.3 159.2 30.6 23.6
7.533333 1 132.0 158.7 30.7 23.7
7.566667 1 131.7 158.1 30.8 23.8
7.600000 1 131.3 157.6 30.9 23.9
7.633333 1 131.0 157.0 31.0 24.0
7.666667 1 130.9 156.4 30.6 23.9
7.700000 1 130.8 155.8 30.3 23.8
7.733333 1 130.6 155.2 29.9 23.6
7.766667 1 130.5 154.6 29.6 23.5
7.800000 1 130.4 154.1 29.2 23.4
7.833333 1 130.3 153.5 28.9 23.3
7.866667 1 130.2 152.9 28.5 23.2
7.900000 1 130.1 152.3 28.2 23.1
7.933333 1 129.9 151.7 27.8 22.9
7.966667 1 129.8 151.1 27.5 22.8
8.000000 1 129.7 150.5 27.1 22.7
8.033333 1 129.6 149.9 26.8 22.6
8.066667 1 129.5 149.4 26.4 22.5
8.100000 1 129.4 148.8 26.1 22.4
8.133333 1 129.2 148.2 25.7 22.2
8.166667 1 129.1 147.6 25.4 22.1
8.200000 1 129.0 147.0 25.0 22.0
8.233333 1 128.7 146.8 25.0 22.1
8.266667 1 128.3 146.6 25.1 22.2
8.300000 1 128.0 146.4 25.1 22.3
8.333333 1 127.6 146.2 25.2 22.4
8.366667 1 127.3 146.0 25.2 22.5
8.400000 1 126.9 145.8 25.3 22.6
8.433333 1 126.6 145.6 25.3 22.7
8.466667 1 126.2 145.4 25.4 22.8
8.500000 1 125.9 145.2 25.4 22.9
8.533333 1 125.5 145.0 25.5 23.0
8.566667 1 125.2 144.8 25.5 23.1
8.600000 1 124.8 144.6 25.6 23.2
8.633333 1 124.5 144.4 25.6 23.3
8.666667 1 124.1 144.2 25.7 23.4
8.700000 1 123.8 144.0 25.7 23.5
8.733333 1 123.4 143.8 25.8 23.6
8.766667 1 123.1 143.6 25.8 23.7
8.800000 1 122.7 143.4 25.9 23.8
8.833333 1 122.4 143.2 25.9 23.9
8.866667 1 122.0 143.0 26.0 24.0
8.900000 1 121.5 142.8 26.0 24.1
8.933333 1 120.9 142.6 26.0 24.1
8.966667 1 120.4 142.4 25.9 24.2
9.000000 1 119.9 142.2 25.9 24.3
9.033333 1 119.3 142.0 25.9 24.3
9.066667 1 118.8 141.8 25.9 24.4
9.100000 1 118.3 141.6 25.8 24.5
9.133333 1 117.7 141.4 25.8 24.5
9.166667 1 117.2 141.2 25.8 24.6
9.200000 1 116.7 141.0 25.8 24.7
9.233333 1 116.1 140.8 25.8 24.7
9.266667 1 115.6 140.6 25.7 24.8
9.300000 1 115.1 140.4 25.7 24.9
9.333333 1 114.5 140.2 25.7 24.9
9.366667 1 114.0 140.0 25.7 25.0
9.400000 1 113.5 139.8 25.6 25.1
9.433333 1 112.9 139.6 25.6 25.1
9.466667 1 112.4 139.4 25.6 25.2
9.500000 1 111.9 139.2 25.6 25.3
9.533333 1 111.3 139.0 25.6 25.3
9.566667 1 110.8 138.8 25.5 25.4
9.600000 1 110.3 138.6 25.5 25.5
9.633333 1 109.7 138.4 25.5 25.5
9.666667 1 109.2 138.2 25.5 25.6
9.700000 1 108.7 138.0 25.4 25.7
9.733333 1 108.1 137.8 25.4 25.7
9.766667 1 107.6 137.6 25.4 25.8
9.800000 1 107.1 137.4 25.4 25.9
9.833333 1 106.5 137.2 25.4 25.9
9.866667 1 106.0 137.0 25.3 26.0
9.900000 1 105.5 136.8 25.3 26.1
9.933333 1 104.9 136.6 25.3 26.1
9.966667 1 104.4 136.4 25.3 26.2
10.000000 1 103.9 136.2 25.2 26.3
10.033333 1 103.3 136.0 25.2 26.3
10.066667 1 102.8 135.8 25.2 26.4
10.100000 1 102.3 135.6 25.2 26.5
10.133333 1 101.7 135.4 25.2 26.5
10.166667 1 101.2 135.2 25.1 26.6
10.200000 1 100.7 135.0 25.1 26.7
10.233333 1 100.1 134.8 25.1 26.7
10.266667 1 99.6 134.6 25.1 26.8
10.300000 1 99.1 134.4 25.0 26.9
10.333333 1 98.5 134.2 25.0 26.9
10.366667 1 98.0 134.0 25.0 27.0
