0.000000 1 383.0 302.0 311.0 392.0
0.000000 1 23.0 26.0 31.0 27.0
0.033333 1 383.0 298.1 311.2 392.9
0.033333 1 23.0 26.0 31.0 26.7
0.066667 1 382.9 294.3 311.5 393.7
0.066667 1 22.9 26.0 30.9 26.4
0.100000 1 382.9 290.4 311.7 394.6
0.100000 1 22.9 26.0 30.9 26.1
0.133333 1 382.8 286.6 311.9 395.4
0.133333 1 22.8 26.0 30.8 25.9
0.166667 1 382.8 282.7 312.2 396.3
0.166667 1 22.8 26.0 30.8 25.6
0.200000 1 382.8 278.9 312.4 397.1
0.200000 1 22.8 26.0 30.8 25.3
0.233333 1 382.7 275.0 312.6 398.0
0.233333 1 22.7 26.0 30.7 25.0
0.266667 1 382.7 271.2 312.8 398.5
0.266667 1 22.7 25.9 30.7 24.8
0.300000 1 382.7 267.4 313.1 399.1
0.300000 1 22.7 25.8 30.7 24.6
0.333333 1 382.6 263.5 313.3 399.6
0.333333 1 22.6 25.7 30.6 24.5
0.366667 1 382.6 259.7 313.5 400.2
0.366667 1 22.6 25.6 30.6 24.3
0.400000 1 382.5 255.9 313.8 400.7
0.400000 1 22.5 25.5 30.5 24.1
0.433333 1 382.5 252.1 314.0 401.3
0.433333 1 22.5 25.5 30.5 23.9
0.466667 1 382.5 248.3 314.2 401.8
0.466667 1 22.5 25.4 30.5 23.7
0.500000 1 382.4 244.5 314.5 402.4
0.500000 1 22.4 25.3 30.4 23.5
0.533333 1 382.4 240.6 314.7 402.9
0.533333 1 22.4 25.2 30.4 23.4
0.566667 1 382.3 236.8 314.9 403.5
0.566667 1 22.3 25.1 30.3 23.2
0.600000 1 382.3 233.0 315.2 404.0
0.600000 1 22.3 25.0 30.3 23.0
0.633333 1 382.3 229.1 315.4 404.4
0.633333 1 22.3 24.8 30.3 23.1
0.666667 1 382.2 225.2 315.6 404.7
0.666667 1 22.2 24.6 30.2 23.2
0.700000 1 382.2 221.3 315.8 405.1
0.700000 1 22.2 24.5 30.2 23.3
0.733333 1 382.2 217.4 316.1 405.5
0.733333 1 22.2 24.3 30.2 23.4
0.766667 1 382.1 213.5 316.3 405.8
0.766667 1 22.1 24.1 30.1 23.5
0.800000 1 382.1 209.5 316.5 406.2
0.800000 1 22.1 23.9 30.1 23.5
0.833333 1 382.0 205.6 316.8 406.5
0.833333 1 22.0 23.7 30.0 23.6
0.866667 1 382.0 201.7 317.0 406.9
0.866667 1 22.0 23.5 30.0 23.7
0.900000 1 381.5 197.8 317.5 407.3
0.900000 1 22.4 23.4 30.0 23.8
0.933333 1 381.0 193.9 318.0 407.6
0.933333 1 22.8 23.2 30.0 23.9
0.966667 1 380.5 190.0 318.5 408.0
0.966667 1 23.2 23.0 30.0 24.0
1.000000 1 380.0 186.5 319.0 408.5
1.000000 1 23.7 23.2 30.0 24.0
1.033333 1 379.5 182.9 319.5 409.1
1.033333 1 24.1 23.4 30.0 24.0
1.066667 1 379.0 179.4 320.0 409.6
1.066667 1 24.5 23.5 30.0 24.0
1.100000 1 378.5 175.8 320.5 410.2
1.100000 1 24.9 23.7 30.0 24.0
1.133333 1 378.0 172.3 321.0 410.7
1.133333 1 25.3 23.9 30.0 24.0
1.166667 1 377.5 168.7 321.5 411.3
1.166667 1 25.7 24.1 30.0 24.0
1.200000 1 377.0 165.2 322.0 411.8
1.200000 1 26.2 24.3 30.0 24.0
1.233333 1 376.5 161.6 322.5 412.4
1.233333 1 26.6 24.5 30.0 24.0
1.266667 1 376.0 158.1 323.0 412.9
1.266667 1 27.0 24.6 30.0 24.0
1.300000 1 374.9 154.5 323.9 413.5
1.300000 1 27.3 24.8 29.6 24.0
1.333333 1 373.8 151.0 324.8 414.0
1.333333 1 27.5 25.0 29.3 24.0
1.366667 1 372.7 147.0 325.7 415.2
1.366667 1 27.8 25.4 28.9 23.7
1.400000 1 371.6 143.0 326.6 416.4
1.400000 1 28.1 25.8 28.5 23.4
1.433333 1 370.5 139.0 327.5 417.6
1.433333 1 28.4 26.2 28.2 23.1
1.466667 1 369.5 135.0 328.5 418.8
1.466667 1 28.6 26.6 27.8 22.8
1.500000 1 368.4 131.0 329.4 420.0
1.500000 1 28.9 27.0 27.5 22.5
1.533333 1 367.3 127.0 330.3 421.2
1.533333 1 29.2 27.4 27.1 22.2
1.566667 1 366.2 123.0 331.2 422.4
1.566667 1 29.5 27.8 26.7 21.9
1.600000 1 365.1 119.0 332.1 423.6
1.600000 1 29.7 28.2 26.4 21.6
1.633333 1 364.0 115.0 333.0 424.8
1.633333 1 30.0 28.6 26.0 21.3
1.666667 1 363.5 111.0 333.8 426.0
1.666667 1 29.8 29.0 26.2 21.0
1.700000 1 363.0 107.7 334.5 426.8
1.700000 1 29.5 29.2 26.3 21.2
1.733333 1 362.5 104.5 335.2 427.6
1.733333 1 29.2 29.4 26.5 21.4
1.766667 1 362.0 101.2 336.0 428.5
1.766667 1 29.0 29.5 26.7 21.5
1.800000 1 361.5 97.9 336.8 429.3
1.800000 1 28.8 29.7 26.8 21.7
1.833333 1 361.0 94.6 337.5 430.1
1.833333 1 28.5 29.9 27.0 21.9
1.866667 1 360.5 91.4 338.2 430.9
1.866667 1 28.2 30.1 27.2 22.1
1.900000 1 360.0 88.1 339.0 431.7
1.900000 1 28.0 30.3 27.3 22.3
1.933333 1 359.5 84.8 339.8 432.5
1.933333 1 27.8 30.5 27.5 22.5
1.966667 1 359.0 81.5 340.5 433.4
1.966667 1 27.5 30.6 27.7 22.6
2.000000 1 358.5 78.3 341.2 434.2
2.000000 1 27.2 30.8 27.8 22.8
2.033333 1 358.0 75.0 342.0 435.0
2.033333 1 27.0 31.0 28.0 23.0
2.066667 1 357.3 72.2 342.8 435.8
2.066667 1 27.0 30.4 28.1 22.7
2.100000 1 356.5 69.4 343.6 436.6
2.100000 1 27.0 29.8 28.2 22.4
2.133333 1 355.8 66.6 344.5 437.4
2.133333 1 27.0 29.2 28.3 22.1
2.166667 1 355.1 63.8 345.3 438.2
2.166667 1 27.0 28.6 28.4 21.8
2.200000 1 354.4 61.0 346.1 439.0
2.200000 1 27.0 28.0 28.5 21.5
2.233333 1 353.6 58.2 346.9 439.8
2.233333 1 27.0 27.4 28.5 21.2
2.266667 1 352.9 55.4 347.7 440.6
2.266667 1 27.0 26.8 28.6 20.9
2.300000 1 352.2 52.6 348.5 441.4
2.300000 1 27.0 26.2 28.7 20.6
2.333333 1 351.5 49.8 349.4 442.2
2.333333 1 27.0 25.6 28.8 20.3
2.366667 1 350.7 47.0 350.2 443.0
2.366667 1 27.0 25.0 28.9 20.0
2.400000 1 350.0 43.9 351.0 443.7
2.400000 1 27.0 25.0 29.0 20.6
2.433333 1 349.4 40.7 352.1 444.4
2.433333 1 26.7 25.0 28.7 21.1
2.466667 1 348.8 37.6 353.2 445.1
2.466667 1 26.3 25.0 28.3 21.7
2.500000 1 348.2 34.4 354.3 445.9
2.500000 1 26.0 25.0 28.0 22.3
2.533333 1 347.7 31.3 355.3 446.6
2.533333 1 25.7 25.0 27.7 22.9
2.566667 1 347.1 28.1 356.4 447.3
2.566667 1 25.3 25.0 27.3 23.4
2.600000 1 346.5 25.0 357.5 448.0
2.600000 1 25.0 25.0 27.0 24.0
2.633333 1 345.9 23.0 358.6 448.8
2.633333 1 24.7 24.7 26.7 23.6
2.666667 1 345.3 21.0 359.7 449.6
2.666667 1 24.3 24.3 26.3 23.1
2.700000 1 344.7 19.0 360.8 450.3
2.700000 1 24.0 24.0 26.0 22.7
2.733333 1 344.2 17.0 361.8 451.1
2.733333 1 23.7 23.7 25.7 22.2
2.766667 1 343.6 15.0 362.9 451.9
2.766667 1 23.3 23.3 25.3 21.8
2.800000 1 343.0 13.0 364.0 452.7
2.800000 1 23.0 23.0 25.0 21.3
2.833333 1 342.2 11.0 364.8 453.4
2.833333 1 23.3 22.7 25.2 20.9
2.866667 1 341.4 9.0 365.6 454.2
2.866667 1 23.6 22.3 25.4 20.4
2.900000 1 340.6 7.0 366.4 455.0
2.900000 1 23.0 22.0 25.0 20.0
2.933333 1 339.8 367.2 24.2 25.8
2.966667 1 339.0 368.0 24.5 26.0
3.000000 1 338.2 368.8 24.8 26.2
3.033333 1 337.4 369.6 25.1 26.4
3.066667 1 336.6 370.4 25.4 26.6
3.100000 1 335.8 371.2 25.7 26.8
3.133333 1 335.0 372.0 26.0 27.0
3.166667 1 334.2 373.2 26.6 26.4
3.200000 1 333.4 374.4 27.1 25.9
3.233333 1 332.7 375.7 27.7 25.3
3.266667 1 331.9 376.9 28.2 24.8
3.300000 1 331.1 378.1 28.8 24.2
3.333333 1 330.3 379.3 29.3 23.7
3.366667 1 329.6 380.6 29.9 23.1
3.400000 1 328.8 381.8 30.4 22.6
3.433333 1 328.0 383.0 31.0 22.0
3.466667 1 327.6 383.4 30.2 22.4
3.500000 1 327.3 383.7 29.4 22.7
3.533333 1 326.9 384.1 28.5 23.1
3.566667 1 326.5 384.5 27.7 23.5
3.600000 1 326.2 384.8 26.9 23.8
3.633333 1 325.8 385.2 26.1 24.2
3.666667 1 325.5 385.5 25.3 24.5
3.700000 1 325.1 385.9 24.5 24.9
3.733333 1 324.7 386.3 23.6 25.3
3.766667 1 324.4 386.6 22.8 25.6
3.800000 1 324.0 387.0 22.0 26.0
3.833333 1 323.4 387.9 22.1 25.1
3.866667 1 322.9 388.7 22.3 24.3
3.900000 1 322.3 389.6 22.4 23.4
3.933333 1 321.7 390.4 22.6 22.6
3.966667 1 321.1 391.3 22.7 21.7
4.000000 1 320.6 392.1 22.9 20.9
4.033333 1 320.0 393.0 23.0 20.0
4.066667 1 318.5 391.5 24.0 21.5
4.100000 1 317.0 390.0 25.0 23.0
4.133333 1 317.0 389.5 24.9 23.0
4.166667 1 317.1 389.0 24.8 23.1
4.200000 1 317.1 388.5 24.6 23.1
4.233333 1 317.2 388.0 24.5 23.2
4.266667 1 317.2 387.5 24.4 23.2
4.300000 1 317.2 387.0 24.2 23.2
4.333333 1 317.3 386.5 24.1 23.3
4.366667 1 317.3 386.0 24.0 23.3
4.400000 1 317.4 385.5 23.9 23.4
4.433333 1 317.4 385.0 23.8 23.4
4.466667 1 317.5 384.5 23.6 23.5
4.500000 1 317.5 384.0 23.5 23.5
4.533333 1 317.5 383.5 23.4 23.5
4.566667 1 317.6 383.0 23.2 23.6
4.600000 1 317.6 382.5 23.1 23.6
4.633333 1 317.7 382.0 23.0 23.7
4.666667 1 317.7 381.5 22.9 23.7
4.700000 1 317.7 381.0 22.8 23.7
4.733333 1 317.8 380.5 22.6 23.8
4.766667 1 317.8 380.0 22.5 23.8
4.800000 1 317.9 379.5 22.4 23.9
4.833333 1 317.9 379.0 22.2 23.9
4.866667 1 318.0 378.5 22.1 24.0
4.900000 1 318.0 378.0 22.0 24.0
4.933333 1 318.3 377.4 22.1 23.9
4.966667 1 318.5 376.8 22.1 23.9
5.000000 1 318.8 376.2 22.2 23.8
5.033333 1 319.1 375.6 22.3 23.7
5.066667 1 319.3 375.0 22.3 23.7
5.100000 1 319.6 374.4 22.4 23.6
5.133333 1 319.9 373.8 22.5 23.5
5.166667 1 320.1 373.2 22.5 23.5
5.200000 1 320.4 372.6 22.6 23.4
5.233333 1 320.7 372.0 22.7 23.3
5.266667 1 320.9 371.4 22.7 23.3
5.300000 1 321.2 370.8 22.8 23.2
5.333333 1 321.5 370.2 22.9 23.1
5.366667 1 321.7 369.6 22.9 23.1
5.400000 1 322.0 369.0 23.0 23.0
5.433333 1 321.9 368.3 23.2 23.1
5.466667 1 321.9 367.6 23.4 23.1
5.500000 1 321.8 366.9 23.5 23.2
5.533333 1 321.8 366.2 23.7 23.2
5.566667 1 321.7 365.5 23.9 23.3
5.600000 1 321.6 364.8 24.1 23.4
5.633333 1 321.6 364.1 24.2 23.4
5.666667 1 321.5 363.4 24.4 23.5
5.700000 1 321.5 362.6 24.6 23.5
5.733333 1 321.4 361.9 24.8 23.6
5.766667 1 321.4 361.2 24.9 23.6
5.800000 1 321.3 360.5 25.1 23.7
5.833333 1 321.2 359.8 25.3 23.8
5.866667 1 321.2 359.1 25.5 23.8
5.900000 1 321.1 358.4 25.6 23.9
5.933333 1 321.1 357.7 25.8 23.9
5.966667 1 321.0 357.0 26.0 24.0
6.000000 1 321.3 356.8 25.7 24.0
6.033333 1 321.6 356.6 25.4 24.0
6.066667 1 321.9 356.4 25.1 24.0
6.100000 1 322.1 356.1 24.9 24.0
6.133333 1 322.4 355.9 24.6 24.0
6.166667 1 322.7 355.7 24.3 24.0
6.200000 1 323.0 355.5 24.0 24.0
6.233333 1 323.3 355.3 23.7 24.0
6.266667 1 323.6 355.1 23.4 24.0
6.300000 1 323.9 354.9 23.1 24.0
6.333333 1 324.1 354.6 22.9 24.0
6.366667 1 324.4 354.4 22.6 24.0
6.400000 1 324.7 354.2 22.3 24.0
6.433333 1 325.0 354.0 22.0 24.0
6.466667 1 325.0 353.5 22.1 24.2
6.500000 1 325.0 353.1 22.2 24.4
6.533333 1 325.0 352.6 22.4 24.5
6.566667 1 325.0 352.1 22.5 24.7
6.600000 1 325.0 351.6 22.6 24.9
6.633333 1 325.0 351.2 22.7 25.1
6.666667 1 325.0 350.7 22.8 25.2
6.700000 1 325.0 350.2 22.9 25.4
6.733333 1 325.0 349.8 23.1 25.6
6.766667 1 325.0 349.3 23.2 25.8
6.800000 1 325.0 348.8 23.3 25.9
6.833333 1 325.0 348.4 23.4 26.1
6.866667 1 325.0 347.9 23.5 26.3
6.900000 1 325.0 347.4 23.6 26.5
6.933333 1 325.0 346.9 23.8 26.6
6.966667 1 325.0 346.5 23.9 26.8
7.000000 1 325.0 346.0 24.0 27.0
7.033333 1 324.9 346.0 24.1 27.0
7.066667 1 324.7 345.9 24.2 27.0
7.100000 1 324.6 345.9 24.3 27.0
7.133333 1 324.4 345.9 24.4 27.0
7.166667 1 324.3 345.8 24.6 27.0
7.200000 1 324.1 345.8 24.7 27.0
7.233333 1 324.0 345.7 24.8 27.0
7.266667 1 323.8 345.7 24.9 27.0
7.300000 1 323.7 345.7 25.0 27.0
7.333333 1 323.5 345.6 25.1 27.0
7.366667 1 323.4 345.6 25.2 27.0
7.400000 1 323.2 345.6 25.3 27.0
7.433333 1 323.1 345.5 25.4 27.0
7.466667 1 322.9 345.5 25.6 27.0
7.500000 1 322.8 345.4 25.7 27.0
7.533333 1 322.6 345.4 25.8 27.0
7.566667 1 322.5 345.4 25.9 27.0
7.600000 1 322.3 345.3 26.0 27.0
7.633333 1 322.2 345.3 26.1 27.0
7.666667 1 322.0 345.3 26.2 27.0
7.700000 1 321.9 345.2 26.3 27.0
7.733333 1 321.7 345.2 26.4 27.0
7.766667 1 321.6 345.1 26.6 27.0
7.800000 1 321.4 345.1 26.7 27.0
7.833333 1 321.3 345.1 26.8 27.0
7.866667 1 321.1 345.0 26.9 27.0
7.900000 1 321.0 345.0 27.0 27.0
7.933333 1 321.4 345.2 26.7 26.9
7.966667 1 321.7 345.5 26.4 26.9
8.000000 1 322.1 345.7 26.1 26.8
8.033333 1 322.4 345.9 25.8 26.8
8.066667 1 322.8 346.2 25.5 26.7
8.100000 1 323.1 346.4 25.2 26.6
8.133333 1 323.5 346.6 24.9 26.6
8.166667 1 323.8 346.9 24.6 26.5
8.200000 1 324.2 347.1 24.4 26.5
8.233333 1 324.5 347.4 24.1 26.4
8.266667 1 324.9 347.6 23.8 26.4
8.300000 1 325.2 347.8 23.5 26.3
8.333333 1 325.6 348.1 23.2 26.2
8.366667 1 325.9 348.3 22.9 26.2
8.400000 1 326.3 348.5 22.6 26.1
8.433333 1 326.6 348.8 22.3 26.1
8.466667 1 327.0 349.0 22.0 26.0
8.500000 1 327.2 349.3 22.0 25.9
8.533333 1 327.4 349.6 21.9 25.7
8.566667 1 327.7 349.9 21.9 25.6
8.600000 1 327.9 350.2 21.9 25.4
8.633333 1 328.1 350.5 21.8 25.3
8.666667 1 328.3 350.8 21.8 25.1
8.700000 1 328.6 351.1 21.7 25.0
8.733333 1 328.8 351.4 21.7 24.8
8.766667 1 329.0 351.7 21.7 24.7
8.800000 1 329.2 352.0 21.6 24.5
8.833333 1 329.4 352.3 21.6 24.4
8.866667 1 329.7 352.6 21.6 24.2
8.900000 1 329.9 352.9 21.5 24.1
8.933333 1 330.1 353.1 21.5 23.9
8.966667 1 330.3 353.4 21.4 23.8
9.000000 1 330.6 353.7 21.4 23.6
9.033333 1 330.8 354.0 21.4 23.5
9.066667 1 331.0 354.3 21.3 23.3
9.100000 1 331.2 354.6 21.3 23.2
9.133333 1 331.4 354.9 21.3 23.0
9.166667 1 331.7 355.2 21.2 22.9
9.200000 1 331.9 355.5 21.2 22.7
9.233333 1 332.1 355.8 21.1 22.6
9.266667 1 332.3 356.1 21.1 22.4
9.300000 1 332.6 356.4 21.1 22.3
9.333333 1 332.8 356.7 21.0 22.1
9.366667 1 333.0 357.0 21.0 22.0
9.400000 1 333.3 356.7 21.0 22.1
9.433333 1 333.7 356.4 21.0 22.3
9.466667 1 334.0 356.1 21.0 22.4
9.500000 1 334.3 355.8 21.0 22.6
9.533333 1 334.7 355.5 21.0 22.7
9.566667 1 335.0 355.2 21.0 22.9
9.600000 1 335.3 354.9 21.0 23.0
9.633333 1 335.7 354.6 21.0 23.2
9.666667 1 336.0 354.3 21.0 23.3
9.700000 1 336.3 354.0 21.0 23.5
9.733333 1 336.7 353.7 21.0 23.6
9.766667 1 337.0 353.4 21.0 23.8
9.800000 1 337.3 353.1 21.0 23.9
9.833333 1 337.7 352.9 21.0 24.1
9.866667 1 338.0 352.6 21.0 24.2
9.900000 1 338.3 352.3 21.0 24.4
9.933333 1 338.7 352.0 21.0 24.5
9.966667 1 339.0 351.7 21.0 24.7
10.000000 1 339.3 351.4 21.0 24.8
10.033333 1 339.7 351.1 21.0 25.0
10.066667 1 340.0 350.8 21.0 25.1
10.100000 1 340.3 350.5 21.0 25.3
10.133333 1 340.7 350.2 21.0 25.4
10.166667 1 341.0 349.9 21.0 25.6
10.200000 1 341.3 349.6 21.0 25.7
10.233333 1 341.7 349.3 21.0 25.9
10.266667 1 342.0 349.0 21.0 26.0
10.300000 1 342.1 348.5 21.3 26.2
10.333333 1 342.2 347.9 21.6 26.3
10.366667 1 342.3 347.4 21.9 26.5
10.400000 1 342.4 346.9 22.3 26.6
10.433333 1 342.5 346.4 22.6 26.8
10.466667 1 342.6 345.8 22.9 26.9
10.500000 1 342.7 345.3 23.2 27.1
10.533333 1 342.8 344.8 23.5 27.3
10.566667 1 342.9 344.3 23.8 27.4
10.600000 1 343.1 343.7 24.2 27.6
10.633333 1 343.2 343.2 24.5 27.7
10.666667 1 343.3 342.7 24.8 27.9
10.700000 1 343.4 342.2 25.1 28.1
10.733333 1 343.5 341.6 25.4 28.2
10.766667 1 343.6 341.1 25.7 28.4
10.800000 1 343.7 340.6 26.1 28.5
10.833333 1 343.8 340.1 26.4 28.7
10.866667 1 343.9 339.5 26.7 28.8
10.900000 1 344.0 339.0 27.0 29.0
