0.000000 1 436.0 277.0 24.0 26.0
0.033333 1 435.4 276.8 23.8 26.0
0.066667 1 434.8 276.6 23.6 26.0
0.100000 1 434.2 276.4 23.4 26.0
0.133333 1 433.6 276.2 23.2 26.0
0.166667 1 433.0 276.0 23.0 26.0
0.200000 1 431.8 275.8 22.9 26.1
0.233333 1 430.7 275.5 22.8 26.2
0.266667 1 429.5 275.3 22.8 26.2
0.300000 1 428.4 275.1 22.7 26.3
0.333333 1 427.2 274.8 22.6 26.4
0.366667 1 426.1 274.6 22.5 26.5
0.400000 1 424.9 274.4 22.5 26.5
0.433333 1 423.8 274.2 22.4 26.6
0.466667 1 422.6 273.9 22.3 26.7
0.500000 1 421.5 273.7 22.2 26.8
0.533333 1 420.3 273.5 22.2 26.8
0.566667 1 419.2 273.2 22.1 26.9
0.600000 1 418.0 273.0 22.0 27.0
0.633333 1 416.9 273.0 21.9 27.0
0.666667 1 415.8 273.0 21.8 27.0
0.700000 1 414.7 273.0 21.7 27.0
0.733333 1 413.7 273.0 21.7 27.0
0.766667 1 412.6 273.0 21.6 27.0
0.800000 1 411.5 273.0 21.5 27.0
0.833333 1 410.4 273.0 21.4 27.0
0.866667 1 409.3 273.0 21.3 27.0
0.900000 1 408.2 273.0 21.2 27.0
0.933333 1 407.2 273.0 21.2 27.0
0.966667 1 406.1 273.0 21.1 27.0
1.000000 1 405.0 273.0 21.0 27.0
1.033333 1 403.7 273.0 21.2 27.4
1.066667 1 402.4 273.0 21.3 27.8
1.100000 1 401.1 273.0 21.5 28.2
1.133333 1 399.8 273.0 21.7 28.6
1.166667 1 398.5 273.0 21.9 29.0
1.200000 1 397.2 273.0 22.0 29.4
1.233333 1 395.9 273.0 22.2 29.8
1.266667 1 394.6 273.0 22.4 30.2
1.300000 1 393.3 273.0 22.5 30.6
1.333333 1 392.0 273.0 22.7 31.0
1.366667 1 390.6 273.5 22.5 30.7
1.400000 1 389.2 274.0 22.3 30.3
1.433333 1 387.8 274.5 22.0 30.0
1.466667 1 386.3 275.0 21.8 29.7
1.500000 1 384.9 275.5 21.6 29.3
1.533333 1 383.5 276.0 21.4 29.0
1.566667 1 382.1 276.5 21.1 28.7
1.600000 1 380.7 277.0 20.9 28.3
1.633333 1 379.3 277.5 20.7 28.0
1.666667 1 377.8 278.0 20.5 27.7
1.700000 1 376.4 278.5 20.2 27.3
1.733333 1 375.0 279.0 20.0 27.0
1.766667 1 373.2 279.3 20.1 26.7
1.800000 1 371.4 279.5 20.2 26.5
1.833333 1 369.5 279.8 20.3 26.2
1.866667 1 367.7 280.1 20.4 25.9
1.900000 1 365.9 280.4 20.5 25.6
1.933333 1 364.1 280.6 20.5 25.4
1.966667 1 362.3 280.9 20.6 25.1
2.000000 1 360.5 281.2 20.7 24.8
2.033333 1 358.6 281.5 20.8 24.5
2.066667 1 356.8 281.7 20.9 24.3
2.100000 1 355.0 282.0 21.0 24.0
2.133333 1 353.4 282.0 21.2 24.3
2.166667 1 351.7 282.0 21.4 24.5
2.200000 1 350.1 282.0 21.5 24.8
2.233333 1 348.5 282.0 21.7 25.1
2.266667 1 346.8 282.0 21.9 25.4
2.300000 1 345.2 282.0 22.1 25.6
2.333333 1 343.5 282.0 22.3 25.9
2.366667 1 341.9 282.0 22.5 26.2
2.400000 1 340.3 282.0 22.6 26.5
2.433333 1 338.6 282.0 22.8 26.7
2.466667 1 337.0 282.0 23.0 27.0
2.500000 1 335.8 282.6 23.0 26.4
2.533333 1 334.6 283.2 23.0 25.8
2.566667 1 333.4 283.8 23.0 25.2
2.600000 1 332.2 284.4 23.0 24.6
2.633333 1 331.0 285.0 23.0 24.0
2.666667 1 329.8 285.6 23.0 23.4
2.700000 1 328.6 286.2 23.0 22.8
2.733333 1 327.4 286.8 23.0 22.2
2.766667 1 326.2 287.4 23.0 21.6
2.800000 1 325.0 288.0 23.0 21.0
2.833333 1 269.0 276.0 27.0 27.0
2.866667 1 271.0 275.0 26.0 27.7
2.900000 1 273.0 274.0 25.0 28.3
2.933333 1 275.0 273.0 24.0 29.0
2.966667 1 275.8 272.8 24.7 29.4
3.000000 1 276.6 272.6 25.3 29.9
3.033333 1 277.3 272.3 26.0 30.3
3.066667 1 278.1 272.1 26.7 30.8
3.100000 1 278.9 271.9 27.3 31.2
3.133333 1 279.7 271.7 28.0 31.7
3.166667 1 280.4 271.4 28.7 32.1
3.200000 1 281.2 271.2 29.3 32.6
3.233333 1 282.0 271.0 30.0 33.0
3.266667 1 283.7 270.7 29.4 33.1
3.300000 1 285.5 270.5 28.7 33.2
3.333333 1 287.2 270.2 28.1 33.3
3.366667 1 288.9 269.9 27.5 33.4
3.400000 1 290.6 269.6 26.8 33.5
3.433333 1 292.4 269.4 26.2 33.5
3.466667 1 294.1 269.1 25.5 33.6
3.500000 1 295.8 268.8 24.9 33.7
3.533333 1 297.5 268.5 24.3 33.8
3.566667 1 299.3 268.3 23.6 33.9
3.600000 1 301.0 268.0 23.0 34.0
3.633333 1 303.0 268.2 22.9 34.2
3.666667 1 305.0 268.5 22.8 34.5
3.700000 1 307.0 268.7 22.6 34.7
3.733333 1 309.0 269.0 22.5 35.0
3.766667 1 311.0 269.2 22.4 35.2
3.800000 1 313.0 269.5 22.3 35.5
3.833333 1 315.0 269.7 22.1 35.7
3.866667 1 317.0 270.0 22.0 36.0
3.900000 1 318.5 271.0 22.0 34.8
3.933333 1 320.0 272.0 22.0 33.7
3.966667 1 321.5 273.0 22.0 32.5
4.000000 1 323.0 274.0 22.0 31.3
4.033333 1 324.5 275.0 22.0 30.2
4.066667 1 326.0 276.0 22.0 29.0
4.100000 1 327.7 276.0 22.2 30.2
4.133333 1 329.3 276.0 22.3 31.3
4.166667 1 331.0 276.0 22.5 32.5
4.200000 1 332.7 276.0 22.7 33.7
4.233333 1 334.3 276.0 22.8 34.8
4.266667 1 336.0 276.0 23.0 36.0
4.300000 1 337.3 276.9 23.4 35.9
4.333333 1 338.6 277.8 23.8 35.8
4.366667 1 339.9 278.7 24.2 35.7
4.400000 1 341.2 279.6 24.6 35.6
4.433333 1 342.5 280.5 25.0 35.5
4.466667 1 343.8 281.4 25.4 35.4
4.500000 1 345.1 282.3 25.8 35.3
4.533333 1 346.4 283.2 26.2 35.2
4.566667 1 347.7 284.1 26.6 35.1
4.600000 1 349.0 285.0 27.0 35.0
4.633333 1 350.5 286.0 26.8 34.8
4.666667 1 351.9 287.0 26.6 34.6
4.700000 1 353.4 288.0 26.5 34.5
4.733333 1 354.8 289.0 26.3 34.3
4.766667 1 356.3 290.0 26.1 34.1
4.800000 1 357.7 291.0 25.9 33.9
4.833333 1 359.2 292.0 25.7 33.7
4.866667 1 360.6 293.0 25.5 33.5
4.900000 1 362.1 294.0 25.4 33.4
4.933333 1 363.5 295.0 25.2 33.2
4.966667 1 365.0 296.0 25.0 33.0
5.000000 1 366.3 297.7 25.0 32.6
5.033333 1 367.5 299.5 25.0 32.2
5.066667 1 368.8 301.2 25.0 31.8
5.100000 1 370.1 302.9 25.0 31.4
5.133333 1 371.3 304.7 25.0 31.0
5.166667 1 372.6 306.4 25.0 30.6
5.200000 1 373.9 308.1 25.0 30.2
5.233333 1 375.1 309.9 25.0 29.8
5.266667 1 376.4 311.6 25.0 29.4
5.300000 1 377.7 313.3 25.0 29.0
5.333333 1 378.9 315.1 25.0 28.6
5.366667 1 380.2 316.8 25.0 28.2
5.400000 1 381.5 318.5 25.0 27.8
5.433333 1 382.7 320.3 25.0 27.4
5.466667 1 384.0 322.0 25.0 27.0
5.500000 1 445.0 118.0 23.0 41.0
5.533333 1 442.6 118.4 23.2 41.1
5.566667 1 440.2 118.7 23.4 41.1
5.600000 1 437.8 119.1 23.5 41.2
5.633333 1 435.4 119.4 23.7 41.2
5.666667 1 432.9 119.8 23.9 41.3
5.700000 1 430.5 120.1 24.1 41.4
5.733333 1 428.1 120.5 24.2 41.4
5.766667 1 425.7 120.8 24.4 41.5
5.800000 1 423.3 121.2 24.6 41.5
5.833333 1 420.9 121.5 24.8 41.6
5.866667 1 418.5 121.9 24.9 41.6
5.900000 1 416.1 122.2 25.1 41.7
5.933333 1 413.6 122.6 25.3 41.8
5.966667 1 411.2 122.9 25.5 41.8
6.000000 1 408.8 123.3 25.6 41.9
6.033333 1 406.4 123.6 25.8 41.9
6.066667 1 404.0 124.0 26.0 42.0
6.100000 1 401.4 124.9 26.2 41.9
6.133333 1 398.9 125.9 26.4 41.9
6.166667 1 396.3 126.8 26.6 41.8
6.200000 1 393.7 127.7 26.9 41.7
6.233333 1 391.1 128.6 27.1 41.6
6.266667 1 388.6 129.6 27.3 41.6
6.300000 1 386.0 130.5 27.5 41.5
6.333333 1 383.4 131.4 27.7 41.4
6.366667 1 380.9 132.4 27.9 41.4
6.400000 1 378.3 133.3 28.1 41.3
6.433333 1 375.7 134.2 28.4 41.2
6.466667 1 373.1 135.1 28.6 41.1
6.500000 1 370.6 136.1 28.8 41.1
6.533333 1 368.0 137.0 29.0 41.0
6.566667 1 365.6 138.7 29.4 41.2
6.600000 1 363.2 140.3 29.8 41.3
6.633333 1 360.7 142.0 30.3 41.5
6.666667 1 358.3 143.7 30.7 41.7
6.700000 1 355.9 145.3 31.1 41.8
6.733333 1 353.5 147.0 31.5 42.0
6.766667 1 351.1 148.7 31.9 42.2
6.800000 1 348.7 150.3 32.3 42.3
6.833333 1 346.2 152.0 32.8 42.5
6.866667 1 343.8 153.7 33.2 42.7
6.900000 1 341.4 155.3 33.6 42.8
6.933333 1 339.0 157.0 34.0 43.0
6.966667 1 337.5 159.9 33.9 42.5
7.000000 1 335.9 162.8 33.8 41.9
7.033333 1 334.4 165.7 33.7 41.4
7.066667 1 332.8 168.6 33.6 40.8
7.100000 1 331.3 171.5 33.5 40.3
7.133333 1 329.7 174.5 33.5 39.7
7.166667 1 328.2 177.4 33.4 39.2
7.200000 1 326.6 180.3 33.3 38.6
7.233333 1 325.1 183.2 33.2 38.1
7.266667 1 323.5 186.1 33.1 37.5
7.300000 1 322.0 189.0 33.0 37.0
7.333333 1 321.1 191.9 33.2 37.0
7.366667 1 320.1 194.8 33.4 37.0
7.400000 1 319.2 197.7 33.7 37.0
7.433333 1 318.2 200.6 33.9 37.0
7.466667 1 317.3 203.4 34.1 37.0
7.500000 1 316.3 206.3 34.3 37.0
7.533333 1 315.4 209.2 34.6 37.0
7.566667 1 314.4 212.1 34.8 37.0
7.600000 1 313.5 215.0 35.0 37.0
7.633333 1 312.6 217.9 35.2 37.0
7.666667 1 311.6 220.8 35.4 37.0
7.700000 1 310.7 223.7 35.7 37.0
7.733333 1 309.7 226.6 35.9 37.0
7.766667 1 308.8 229.4 36.1 37.0
7.800000 1 307.8 232.3 36.3 37.0
7.833333 1 306.9 235.2 36.6 37.0
7.866667 1 305.9 238.1 36.8 37.0
7.900000 1 305.0 241.0 37.0 37.0
7.933333 1 305.0 244.2 36.8 36.5
7.966667 1 305.0 247.3 36.7 36.1
8.000000 1 305.0 250.5 36.5 35.6
8.033333 1 305.0 253.6 36.4 35.2
8.066667 1 305.0 256.8 36.2 34.7
8.100000 1 305.0 259.9 36.1 34.2
8.133333 1 305.0 263.1 35.9 33.8
8.166667 1 305.0 266.2 35.8 33.3
8.200000 1 305.0 269.4 35.6 32.8
8.233333 1 305.0 272.5 35.5 32.4
8.266667 1 305.0 275.7 35.3 31.9
8.300000 1 305.0 278.8 35.2 31.5
8.333333 1 305.0 282.0 35.0 31.0
8.366667 1 305.8 285.2 34.9 31.0
8.400000 1 306.6 288.4 34.8 31.0
8.433333 1 307.5 291.5 34.7 31.0
8.466667 1 308.3 294.7 34.6 31.0
8.500000 1 309.1 297.9 34.5 31.0
8.533333 1 309.9 301.1 34.5 31.0
8.566667 1 310.7 304.3 34.4 31.0
8.600000 1 311.5 307.5 34.3 31.0
8.633333 1 312.4 310.6 34.2 31.0
8.666667 1 313.2 313.8 34.1 31.0
8.700000 1 314.0 317.0 34.0 31.0
8.733333 1 315.6 319.6 33.9 30.9
8.766667 1 317.2 322.3 33.7 30.8
8.800000 1 318.8 324.9 33.6 30.7
8.833333 1 320.4 327.5 33.4 30.6
8.866667 1 322.0 330.1 33.3 30.4
8.900000 1 323.6 332.8 33.1 30.3
8.933333 1 325.1 335.4 33.0 30.2
8.966667 1 326.7 338.0 32.8 30.1
9.000000 1 328.3 340.7 32.7 30.0
9.033333 1 329.9 343.3 32.5 29.9
9.066667 1 331.5 345.9 32.4 29.8
9.100000 1 333.1 348.6 32.2 29.7
9.133333 1 334.7 351.2 32.1 29.6
9.166667 1 336.3 353.8 31.9 29.4
9.200000 1 337.9 356.4 31.8 29.3
9.233333 1 339.5 359.1 31.6 29.2
9.266667 1 341.1 361.7 31.5 29.1
9.300000 1 342.7 364.3 31.3 29.0
9.333333 1 344.3 367.0 31.2 28.9
9.366667 1 345.9 369.6 31.0 28.8
9.400000 1 347.4 372.2 30.9 28.7
9.433333 1 349.0 374.9 30.7 28.6
9.466667 1 350.6 377.5 30.6 28.4
9.500000 1 352.2 380.1 30.4 28.3
9.533333 1 353.8 382.7 30.3 28.2
9.566667 1 355.4 385.4 30.1 28.1
9.600000 1 357.0 388.0 30.0 28.0
9.633333 1 359.0 389.9 30.1 28.0
9.666667 1 361.0 391.8 30.1 28.0
9.700000 1 363.0 393.7 30.2 28.0
9.733333 1 365.0 395.6 30.2 28.0
9.766667 1 367.0 397.5 30.3 28.0
9.800000 1 369.0 399.4 30.3 28.0
9.833333 1 371.0 401.3 30.4 28.0
9.866667 1 373.0 403.2 30.4 28.0
9.900000 1 375.0 405.1 30.5 28.0
9.933333 1 377.0 406.9 30.5 28.0
9.966667 1 379.0 408.8 30.6 28.0
10.000000 1 381.0 410.7 30.6 28.0
10.033333 1 383.0 412.6 30.7 28.0
10.066667 1 385.0 414.5 30.7 28.0
10.100000 1 387.0 416.4 30.8 28.0
10.133333 1 389.0 418.3 30.8 28.0
10.166667 1 391.0 420.2 30.9 28.0
10.200000 1 393.0 422.1 30.9 28.0
10.233333 1 395.0 424.0 31.0 28.0
