0.000000 1 321.0 74.0 28.0 25.0
0.033333 1 323.4 76.2 27.7 25.4
0.066667 1 325.8 78.5 27.4 25.8
0.100000 1 328.2 80.7 27.1 26.2
0.133333 1 330.5 82.9 26.8 26.5
0.166667 1 332.9 85.2 26.5 26.9
0.200000 1 335.3 87.4 26.2 27.3
0.233333 1 337.7 89.6 25.8 27.7
0.266667 1 340.1 91.8 25.5 28.1
0.300000 1 342.5 94.1 25.2 28.5
0.333333 1 344.8 96.3 24.9 28.8
0.366667 1 347.2 98.5 24.6 29.2
0.400000 1 349.6 100.8 24.3 29.6
0.433333 1 352.0 103.0 24.0 30.0
0.466667 1 354.1 104.8 24.1 29.6
0.500000 1 356.3 106.6 24.1 29.1
0.533333 1 358.4 108.4 24.2 28.7
0.566667 1 360.6 110.1 24.3 28.3
0.600000 1 362.7 111.9 24.4 27.9
0.633333 1 364.9 113.7 24.4 27.4
0.666667 1 367.0 115.5 24.5 27.0
0.700000 1 369.1 117.3 24.6 26.6
0.733333 1 371.3 119.1 24.6 26.1
0.766667 1 373.4 120.9 24.7 25.7
0.800000 1 375.6 122.6 24.8 25.3
0.833333 1 377.7 124.4 24.9 24.9
0.866667 1 379.9 126.2 24.9 24.4
0.900000 1 382.0 128.0 25.0 24.0
0.933333 1 384.4 129.9 25.1 24.0
0.966667 1 386.7 131.7 25.3 24.0
1.000000 1 389.1 133.6 25.4 24.0
1.033333 1 391.4 135.4 25.6 24.0
1.066667 1 393.8 137.3 25.7 24.0
1.100000 1 396.1 139.1 25.9 24.0
1.133333 1 398.5 141.0 26.0 24.0
1.166667 1 400.9 142.9 26.1 24.0
1.200000 1 403.2 144.7 26.3 24.0
1.233333 1 405.6 146.6 26.4 24.0
1.266667 1 407.9 148.4 26.6 24.0
1.300000 1 410.3 150.3 26.7 24.0
1.333333 1 412.6 152.1 26.9 24.0
1.366667 1 415.0 154.0 27.0 24.0
1.400000 1 417.5 155.1 27.3 24.3
1.433333 1 419.9 156.2 27.5 24.5
1.466667 1 422.4 157.3 27.8 24.8
1.500000 1 424.8 158.4 28.1 25.1
1.533333 1 427.3 159.5 28.4 25.4
1.566667 1 429.7 160.5 28.6 25.6
1.600000 1 432.2 161.6 28.9 25.9
1.633333 1 434.6 162.7 29.2 26.2
1.666667 1 437.1 163.8 29.5 26.5
1.700000 1 439.5 164.9 29.7 26.7
1.733333 1 442.0 166.0 30.0 27.0
1.766667 1 448.0 169.0 24.0 22.0
1.800000 1 598.0 291.0 20.0 21.0
1.833333 1 594.1 291.9 20.4 21.1
1.866667 1 590.3 292.7 20.7 21.3
1.900000 1 586.4 293.6 21.1 21.4
1.933333 1 582.6 294.4 21.4 21.6
1.966667 1 578.7 295.3 21.8 21.7
2.000000 1 574.9 296.1 22.1 21.9
2.033333 1 571.0 297.0 22.5 22.0
2.066667 1 567.1 297.9 22.9 22.1
2.100000 1 563.3 298.7 23.2 22.3
2.133333 1 559.4 299.6 23.6 22.4
2.166667 1 555.6 300.4 23.9 22.6
2.200000 1 551.7 301.3 24.3 22.7
2.233333 1 547.9 302.1 24.6 22.9
2.266667 1 544.0 303.0 25.0 23.0
2.300000 1 540.8 304.0 25.2 23.0
2.333333 1 537.5 305.0 25.3 23.0
2.366667 1 534.3 306.0 25.5 23.0
2.400000 1 531.1 307.0 25.6 23.0
2.433333 1 527.8 308.0 25.8 23.0
2.466667 1 524.6 309.0 25.9 23.0
2.500000 1 521.4 310.0 26.1 23.0
2.533333 1 518.2 311.0 26.2 23.0
2.566667 1 514.9 312.0 26.4 23.0
2.600000 1 511.7 313.0 26.5 23.0
2.633333 1 508.5 314.0 26.7 23.0
2.666667 1 505.2 315.0 26.8 23.0
2.700000 1 502.0 316.0 27.0 23.0
2.733333 1 498.9 316.8 27.0 22.8
2.766667 1 495.8 317.7 27.0 22.5
2.800000 1 492.8 318.5 27.0 22.3
2.833333 1 489.7 319.3 27.0 22.0
2.866667 1 486.6 320.2 27.0 21.8
2.900000 1 483.5 321.0 27.0 21.5
2.933333 1 480.4 321.8 27.0 21.3
2.966667 1 477.3 322.7 27.0 21.0
3.000000 1 474.3 323.5 27.0 20.8
3.033333 1 471.2 324.3 27.0 20.5
3.066667 1 468.1 325.2 27.0 20.3
3.100000 1 465.0 326.0 27.0 20.0
3.133333 1 462.6 326.6 27.1 20.2
3.166667 1 460.2 327.2 27.2 20.4
3.200000 1 457.8 327.8 27.3 20.6
3.233333 1 455.4 328.4 27.4 20.8
3.266667 1 453.0 329.0 27.5 21.0
3.300000 1 450.6 329.6 27.6 21.2
3.333333 1 448.2 330.2 27.7 21.4
3.366667 1 445.8 330.8 27.8 21.6
3.400000 1 443.4 331.4 27.9 21.8
3.433333 1 441.0 332.0 28.0 22.0
3.466667 1 438.7 332.1 28.0 22.2
3.500000 1 436.5 332.3 28.0 22.4
3.533333 1 434.2 332.4 28.0 22.6
3.566667 1 431.9 332.5 28.0 22.8
3.600000 1 429.7 332.7 28.0 23.0
3.633333 1 427.4 332.8 28.0 23.2
3.666667 1 425.1 332.9 28.0 23.4
3.700000 1 422.9 333.1 28.0 23.6
3.733333 1 420.6 333.2 28.0 23.8
3.766667 1 418.3 333.3 28.0 24.0
3.800000 1 416.1 333.5 28.0 24.2
3.833333 1 413.8 333.6 28.0 24.4
3.866667 1 411.5 333.7 28.0 24.6
3.900000 1 409.3 333.9 28.0 24.8
3.933333 1 407.0 334.0 28.0 25.0
3.966667 1 405.5 333.5 27.5 24.6
4.000000 1 404.1 333.1 26.9 24.2
4.033333 1 402.6 332.6 26.4 23.7
4.066667 1 401.1 332.1 25.9 23.3
4.100000 1 399.6 331.6 25.4 22.9
4.133333 1 398.2 331.2 24.8 22.5
4.166667 1 396.7 330.7 24.3 22.1
4.200000 1 395.2 330.2 23.8 21.6
4.233333 1 393.7 329.7 23.3 21.2
4.266667 1 392.3 329.3 22.7 20.8
4.300000 1 390.8 328.8 22.2 20.4
4.333333 1 389.3 328.3 21.7 19.9
4.366667 1 387.8 327.8 21.2 19.5
4.400000 1 386.4 327.4 20.6 19.1
4.433333 1 384.9 326.9 20.1 18.7
4.466667 1 383.4 326.4 19.6 18.3
4.500000 1 381.9 325.9 19.1 17.8
4.533333 1 380.5 325.5 18.5 17.4
4.566667 1 379.0 325.0 18.0 17.0
4.600000 1 376.8 324.0 19.2 17.7
4.633333 1 374.6 323.0 20.4 18.4
4.666667 1 372.4 322.0 21.6 19.1
4.700000 1 370.2 321.0 22.8 19.8
4.733333 1 368.0 320.0 24.0 20.5
4.766667 1 365.8 319.0 25.2 21.2
4.800000 1 363.6 318.0 26.4 21.9
4.833333 1 361.4 317.0 27.6 22.6
4.866667 1 359.2 316.0 28.8 23.3
4.900000 1 357.0 315.0 30.0 24.0
4.933333 1 355.6 314.3 29.8 24.4
4.966667 1 354.3 313.5 29.6 24.7
5.000000 1 352.9 312.8 29.5 25.1
5.033333 1 351.5 312.1 29.3 25.5
5.066667 1 350.2 311.4 29.1 25.8
5.100000 1 348.8 310.6 28.9 26.2
5.133333 1 347.5 309.9 28.7 26.5
5.166667 1 346.1 309.2 28.5 26.9
5.200000 1 344.7 308.5 28.4 27.3
5.233333 1 343.4 307.7 28.2 27.6
5.266667 1 342.0 307.0 28.0 28.0
5.300000 1 340.9 307.3 27.7 27.7
5.333333 1 339.8 307.6 27.3 27.3
5.366667 1 338.7 307.8 27.0 27.0
5.400000 1 337.6 308.1 26.7 26.7
5.433333 1 336.4 308.4 26.3 26.3
5.466667 1 335.3 308.7 26.0 26.0
5.500000 1 334.2 308.9 25.7 25.7
5.533333 1 333.1 309.2 25.3 25.3
5.566667 1 332.0 309.5 25.0 25.0
5.600000 1 330.9 309.8 24.7 24.7
5.633333 1 329.8 310.1 24.3 24.3
5.666667 1 328.7 310.3 24.0 24.0
5.700000 1 327.6 310.6 23.7 23.7
5.733333 1 326.4 310.9 23.3 23.3
5.766667 1 325.3 311.2 23.0 23.0
5.800000 1 324.2 311.4 22.7 22.7
5.833333 1 323.1 311.7 22.3 22.3
5.866667 1 322.0 312.0 22.0 22.0
5.900000 1 320.6 312.2 22.4 22.0
5.933333 1 319.1 312.5 22.9 22.0
5.966667 1 317.7 312.7 23.3 22.0
6.000000 1 316.3 313.0 23.7 22.0
6.033333 1 314.8 313.2 24.2 22.0
6.066667 1 313.4 313.5 24.6 22.0
6.100000 1 311.9 313.7 25.1 22.0
6.133333 1 310.5 314.0 25.5 22.0
6.166667 1 309.1 314.2 25.9 22.0
6.200000 1 307.6 314.5 26.4 22.0
6.233333 1 306.2 314.7 26.8 22.0
6.266667 1 304.8 315.0 27.2 22.0
6.300000 1 303.3 315.2 27.7 22.0
6.333333 1 301.9 315.5 28.1 22.0
6.366667 1 300.4 315.7 28.6 22.0
6.400000 1 299.0 316.0 29.0 22.0
6.433333 1 298.3 315.9 28.8 22.2
6.466667 1 297.6 315.9 28.6 22.4
6.500000 1 296.9 315.8 28.5 22.5
6.533333 1 296.2 315.8 28.3 22.7
6.566667 1 295.5 315.7 28.1 22.9
6.600000 1 294.8 315.6 27.9 23.1
6.633333 1 294.1 315.6 27.8 23.2
6.666667 1 293.4 315.5 27.6 23.4
6.700000 1 292.6 315.5 27.4 23.6
6.733333 1 291.9 315.4 27.2 23.8
6.766667 1 291.2 315.4 27.1 23.9
6.800000 1 290.5 315.3 26.9 24.1
6.833333 1 289.8 315.2 26.7 24.3
6.866667 1 289.1 315.2 26.5 24.5
6.900000 1 288.4 315.1 26.4 24.6
6.933333 1 287.7 315.1 26.2 24.8
6.966667 1 287.0 315.0 26.0 25.0
7.000000 1 286.1 315.6 25.8 24.7
7.033333 1 285.1 316.1 25.6 24.4
7.066667 1 284.2 316.7 25.4 24.1
7.100000 1 283.3 317.2 25.3 23.8
7.133333 1 282.3 317.8 25.1 23.4
7.166667 1 281.4 318.4 24.9 23.1
7.200000 1 280.4 318.9 24.7 22.8
7.233333 1 279.5 319.5 24.5 22.5
7.266667 1 278.6 320.1 24.3 22.2
7.300000 1 277.6 320.6 24.1 21.9
7.333333 1 276.7 321.2 23.9 21.6
7.366667 1 275.8 321.7 23.8 21.3
7.400000 1 274.8 322.3 23.6 20.9
7.433333 1 273.9 322.9 23.4 20.6
7.466667 1 272.9 323.4 23.2 20.3
7.500000 1 272.0 324.0 23.0 20.0
7.533333 1 270.4 324.3 23.3 19.9
7.566667 1 268.8 324.7 23.7 19.7
7.600000 1 267.2 325.0 24.0 19.6
7.633333 1 265.6 325.3 24.3 19.5
7.666667 1 264.0 325.7 24.7 19.3
7.700000 1 262.4 326.0 25.0 19.2
7.733333 1 260.8 326.3 25.3 19.1
7.766667 1 259.2 326.7 25.7 18.9
7.800000 1 257.6 327.0 26.0 18.8
7.833333 1 256.0 327.3 26.3 18.7
7.866667 1 254.4 327.7 26.7 18.5
7.900000 1 252.8 328.0 27.0 18.4
7.933333 1 251.2 328.3 27.3 18.3
7.966667 1 249.6 328.7 27.7 18.1
8.000000 1 248.0 329.0 28.0 18.0
8.033333 1 246.2 329.0 27.8 18.2
8.066667 1 244.4 329.0 27.6 18.4
8.100000 1 242.7 329.0 27.3 18.7
8.133333 1 240.9 329.0 27.1 18.9
8.166667 1 239.1 329.0 26.9 19.1
8.200000 1 237.3 329.0 26.7 19.3
8.233333 1 235.6 329.0 26.4 19.6
8.266667 1 233.8 329.0 26.2 19.8
8.300000 1 232.0 329.0 26.0 20.0
8.333333 1 230.2 329.0 25.8 20.2
8.366667 1 228.4 329.0 25.6 20.4
8.400000 1 226.7 329.0 25.3 20.7
8.433333 1 224.9 329.0 25.1 20.9
8.466667 1 223.1 329.0 24.9 21.1
8.500000 1 221.3 329.0 24.7 21.3
8.533333 1 219.6 329.0 24.4 21.6
8.566667 1 217.8 329.0 24.2 21.8
8.600000 1 216.0 329.0 24.0 22.0
8.633333 1 213.8 328.8 24.4 22.3
8.666667 1 211.6 328.6 24.7 22.6
8.700000 1 209.4 328.4 25.1 22.9
8.733333 1 207.1 328.1 25.4 23.1
8.766667 1 204.9 327.9 25.8 23.4
8.800000 1 202.7 327.7 26.1 23.7
8.833333 1 200.5 327.5 26.5 24.0
8.866667 1 198.3 327.3 26.9 24.3
8.900000 1 196.1 327.1 27.2 24.6
8.933333 1 193.9 326.9 27.6 24.9
8.966667 1 191.6 326.6 27.9 25.1
9.000000 1 189.4 326.4 28.3 25.4
9.033333 1 187.2 326.2 28.6 25.7
9.066667 1 185.0 326.0 29.0 26.0
9.100000 1 182.6 325.8 29.0 26.0
9.133333 1 180.3 325.5 29.0 26.0
9.166667 1 177.9 325.3 29.0 26.0
9.200000 1 175.5 325.0 29.0 26.0
9.233333 1 173.1 324.8 29.0 26.0
9.266667 1 170.8 324.5 29.0 26.0
9.300000 1 168.4 324.3 29.0 26.0
9.333333 1 166.0 324.0 29.0 26.0
9.366667 1 163.6 323.8 29.0 26.0
9.400000 1 161.3 323.5 29.0 26.0
9.433333 1 158.9 323.3 29.0 26.0
9.466667 1 156.5 323.0 29.0 26.0
9.500000 1 154.1 322.8 29.0 26.0
9.533333 1 151.8 322.5 29.0 26.0
9.566667 1 149.4 322.3 29.0 26.0
9.600000 1 147.0 322.0 29.0 26.0
9.633333 1 144.9 321.8 28.3 25.5
9.666667 1 142.8 321.7 27.7 25.0
9.700000 1 140.8 321.5 27.0 24.5
9.733333 1 138.7 321.3 26.3 24.0
9.766667 1 136.6 321.2 25.7 23.5
9.800000 1 134.5 321.0 25.0 23.0
9.833333 1 132.4 320.8 24.3 22.5
9.866667 1 130.3 320.7 23.7 22.0
9.900000 1 128.3 320.5 23.0 21.5
9.933333 1 126.2 320.3 22.3 21.0
9.966667 1 124.1 320.2 21.7 20.5
10.000000 1 122.0 320.0 21.0 20.0
10.033333 1 118.7 320.0 22.0 20.8
10.066667 1 115.5 320.0 23.0 21.5
10.100000 1 112.2 320.0 24.0 22.3
10.133333 1 109.0 320.0 25.0 23.0
