0.033333 1 233.0 146.0 113.0 321.0
0.033333 1 29.0 28.0 22.0 24.0
0.066667 1 237.0 153.0 112.0 329.0
0.066667 1 20.0 17.0 21.0 13.0
0.100000 1 240.0 115.0 24.0 21.0
0.133333 1 246.0 114.0 23.0 19.0
0.166667 1 244.0 115.0 26.0 18.0
0.200000 1 250.0 115.0 18.0 18.0
0.233333 1 246.0 112.0 28.0 20.0
0.266667 1 252.0 113.0 18.0 20.0
0.300000 1 252.0 112.0 22.0 17.0
0.333333 1 255.0 114.0 21.0 16.0
0.366667 1 258.0 111.0 19.0 20.0
0.400000 1 257.0 111.0 21.0 19.0
0.433333 1 258.0 112.0 30.0 21.0
0.466667 1 263.0 112.0 25.0 18.0
0.500000 1 265.0 112.0 23.0 19.0
0.533333 1 267.0 112.0 23.0 19.0
0.566667 1 271.0 113.0 18.0 14.0
0.600000 1 272.0 111.0 21.0 16.0
0.633333 1 271.0 109.0 24.0 17.0
0.666667 1 277.0 111.0 20.0 18.0
0.700000 1 276.0 111.0 24.0 16.0
0.733333 1 279.0 109.0 19.0 19.0
0.766667 1 279.0 106.0 22.0 23.0
0.800000 1 283.0 108.0 23.0 20.0
0.833333 1 285.0 108.0 24.0 20.0
0.866667 1 290.0 109.0 23.0 18.0
0.900000 1 291.0 106.0 22.0 21.0
0.933333 1 291.0 106.0 25.0 20.0
0.966667 1 296.0 106.0 20.0 20.0
1.000000 1 296.0 106.0 23.0 18.0
1.033333 1 302.0 107.0 17.0 17.0
1.066667 1 303.0 107.0 23.0 18.0
1.100000 1 305.0 106.0 21.0 19.0
1.133333 1 306.0 106.0 24.0 19.0
1.166667 1 312.0 104.0 18.0 21.0
1.200000 1 312.0 104.0 21.0 17.0
1.233333 1 313.0 103.0 20.0 18.0
1.266667 1 313.0 103.0 19.0 18.0
1.300000 1 318.0 103.0 14.0 18.0
1.333333 1 318.0 102.0 24.0 19.0
1.366667 1 324.0 101.0 18.0 20.0
1.400000 1 324.0 101.0 25.0 21.0
1.433333 1 327.0 97.0 22.0 25.0
1.466667 1 327.0 97.0 26.0 20.0
1.500000 1 331.0 99.0 22.0 18.0
1.533333 1 331.0 99.0 27.0 19.0
1.566667 1 336.0 98.0 22.0 20.0
1.600000 1 336.0 98.0 24.0 20.0
1.633333 1 345.0 99.0 15.0 19.0
1.666667 1 345.0 99.0 18.0 18.0
1.700000 1 345.0 101.0 18.0 16.0
1.733333 1 345.0 101.0 23.0 17.0
1.766667 1 352.0 100.0 16.0 18.0
1.800000 1 352.0 100.0 20.0 17.0
1.833333 1 353.0 91.0 19.0 26.0
1.866667 1 353.0 91.0 25.0 25.0
1.900000 1 357.0 91.0 21.0 25.0
1.933333 1 357.0 91.0 23.0 25.0
1.966667 1 359.0 90.0 21.0 25.0
2.000000 1 358.0 89.0 30.0 28.0
2.033333 1 367.0 94.0 21.0 23.0
2.066667 1 367.0 94.0 31.0 24.0
2.100000 1 369.0 88.0 29.0 30.0
2.133333 1 369.0 88.0 27.0 27.0
2.166667 1 373.0 90.0 23.0 25.0
2.200000 1 372.0 88.0 26.0 22.0
2.233333 1 378.0 91.0 20.0 19.0
2.266667 1 378.0 91.0 27.0 19.0
2.300000 1 384.0 93.0 21.0 17.0
2.333333 1 384.0 93.0 23.0 16.0
2.366667 1 390.0 88.0 17.0 21.0
2.400000 1 390.0 88.0 21.0 20.0
2.433333 1 390.0 88.0 23.0 18.0
2.466667 1 393.0 85.0 20.0 21.0
2.500000 1 393.0 85.0 23.0 20.0
2.533333 1 398.0 86.0 18.0 19.0
2.566667 1 398.0 86.0 22.0 19.0
2.600000 1 402.0 83.0 18.0 22.0
2.633333 1 402.0 83.0 24.0 20.0
2.666667 1 407.0 83.0 19.0 20.0
2.700000 1 408.0 83.0 24.0 20.0
2.733333 1 409.0 80.0 23.0 23.0
2.766667 1 409.0 80.0 26.0 21.0
2.800000 1 413.0 80.0 22.0 21.0
2.833333 1 413.0 80.0 27.0 20.0
2.866667 1 421.0 79.0 19.0 21.0
2.900000 1 421.0 79.0 24.0 23.0
2.933333 1 423.0 79.0 22.0 23.0
2.966667 1 423.0 79.0 26.0 22.0
3.000000 1 429.0 77.0 20.0 24.0
3.033333 1 429.0 77.0 18.0 20.0
3.066667 1 430.0 76.0 17.0 21.0
3.100000 1 430.0 76.0 23.0 20.0
3.133333 1 436.0 75.0 18.0 21.0
3.166667 1 436.0 304.0 75.0 302.0
3.166667 1 22.0 20.0 24.0 22.0
3.200000 1 441.0 303.0 72.0 302.0
3.200000 1 18.0 24.0 27.0 18.0
3.233333 1 441.0 308.0 72.0 301.0
3.233333 1 24.0 22.0 27.0 21.0
3.266667 1 447.0 308.0 74.0 301.0
3.266667 1 18.0 23.0 25.0 20.0
3.300000 1 447.0 311.0 74.0 299.0
3.300000 1 25.0 28.0 21.0 19.0
3.333333 1 449.0 308.0 70.0 300.0
3.333333 1 23.0 22.0 25.0 19.0
3.366667 1 449.0 308.0 70.0 299.0
3.366667 1 25.0 25.0 24.0 17.0
3.400000 1 455.0 311.0 68.0 300.0
3.400000 1 19.0 27.0 26.0 19.0
3.433333 1 455.0 310.0 68.0 300.0
3.433333 1 23.0 26.0 27.0 16.0
3.466667 1 457.0 314.0 64.0 297.0
3.466667 1 23.0 25.0 31.0 21.0
3.500000 1 457.0 315.0 64.0 297.0
3.500000 1 22.0 21.0 26.0 17.0
3.533333 1 466.0 313.0 71.0 291.0
3.533333 1 17.0 32.0 19.0 25.0
3.566667 1 466.0 320.0 71.0 296.0
3.566667 1 18.0 27.0 17.0 21.0
3.600000 1 468.0 322.0 70.0 297.0
3.600000 1 24.0 22.0 22.0 15.0
3.633333 1 472.0 324.0 68.0 297.0
3.633333 1 20.0 24.0 20.0 20.0
3.666667 1 471.0 325.0 67.0 297.0
3.666667 1 22.0 24.0 22.0 21.0
3.700000 1 468.0 322.0 65.0 295.0
3.700000 1 29.0 31.0 23.0 24.0
3.733333 1 471.0 330.0 65.0 296.0
3.733333 1 32.0 22.0 28.0 19.0
3.766667 1 478.0 330.0 65.0 294.0
3.766667 1 24.0 22.0 23.0 20.0
3.800000 1 482.0 330.0 64.0 294.0
3.800000 1 19.0 24.0 25.0 21.0
3.833333 1 480.0 336.0 67.0 290.0
3.833333 1 26.0 18.0 20.0 25.0
3.866667 1 482.0 336.0 64.0 290.0
3.866667 1 25.0 27.0 25.0 25.0
3.900000 1 482.0 335.0 64.0 289.0
3.900000 1 30.0 28.0 25.0 26.0
3.933333 1 495.0 335.0 66.0 289.0
3.933333 1 20.0 34.0 22.0 29.0
3.966667 1 494.0 339.0 64.0 292.0
3.966667 1 23.0 30.0 22.0 26.0
4.000000 1 498.0 338.0 63.0 291.0
4.000000 1 21.0 35.0 22.0 22.0
4.033333 1 500.0 345.0 62.0 289.0
4.033333 1 22.0 28.0 22.0 24.0
4.066667 1 498.0 344.0 58.0 289.0
4.066667 1 24.0 31.0 27.0 26.0
4.100000 1 501.0 347.0 60.0 286.0
4.100000 1 25.0 28.0 24.0 28.0
4.133333 1 507.0 347.0 59.0 286.0
4.133333 1 19.0 32.0 26.0 29.0
4.166667 1 507.0 354.0 59.0 288.0
4.166667 1 24.0 25.0 29.0 27.0
4.200000 1 512.0 354.0 61.0 288.0
4.200000 1 23.0 24.0 28.0 24.0
4.233333 1 513.0 356.0 61.0 282.0
4.233333 1 21.0 22.0 23.0 30.0
4.266667 1 516.0 356.0 60.0 282.0
4.266667 1 19.0 28.0 26.0 32.0
4.300000 1 516.0 365.0 62.0 292.0
4.300000 1 24.0 19.0 18.0 22.0
4.333333 1 519.0 365.0 57.0 292.0
4.333333 1 22.0 23.0 25.0 18.0
4.366667 1 520.0 366.0 58.0 286.0
4.366667 1 26.0 22.0 21.0 24.0
4.400000 1 527.0 366.0 60.0 286.0
4.400000 1 16.0 26.0 19.0 23.0
4.433333 1 527.0 368.0 59.0 282.0
4.433333 1 24.0 24.0 22.0 27.0
4.466667 1 528.0 368.0 58.0 282.0
4.466667 1 23.0 27.0 24.0 29.0
4.500000 1 533.0 371.0 55.0 282.0
4.500000 1 22.0 24.0 28.0 29.0
4.533333 1 534.0 371.0 60.0 282.0
4.533333 1 23.0 26.0 22.0 26.0
4.566667 1 536.0 375.0 58.0 285.0
4.566667 1 24.0 22.0 24.0 23.0
4.600000 1 540.0 382.0 59.0 289.0
4.600000 1 23.0 20.0 23.0 21.0
4.633333 1 542.0 381.0 58.0 285.0
4.633333 1 22.0 21.0 18.0 25.0
4.666667 1 540.0 381.0 58.0 285.0
4.666667 1 30.0 24.0 18.0 24.0
4.700000 1 547.0 383.0 57.0 284.0
4.700000 1 24.0 22.0 19.0 25.0
4.733333 1 548.0 383.0 55.0 284.0
4.733333 1 26.0 28.0 25.0 24.0
4.766667 1 553.0 388.0 55.0 281.0
4.766667 1 20.0 23.0 21.0 27.0
4.800000 1 555.0 388.0 59.0 281.0
4.800000 1 19.0 28.0 17.0 23.0
4.833333 1 555.0 392.0 58.0 282.0
4.833333 1 29.0 24.0 28.0 22.0
4.866667 1 558.0 392.0 59.0 282.0
4.866667 1 26.0 27.0 22.0 24.0
4.900000 1 563.0 399.0 57.0 282.0
4.900000 1 27.0 20.0 25.0 24.0
4.933333 1 567.0 399.0 55.0 282.0
4.933333 1 20.0 30.0 23.0 22.0
4.966667 1 567.0 405.0 54.0 282.0
4.966667 1 26.0 25.0 23.0 22.0
5.000000 1 571.0 405.0 55.0 282.0
5.000000 1 19.0 25.0 20.0 25.0
5.033333 1 573.0 406.0 52.0 279.0
5.033333 1 22.0 24.0 24.0 28.0
5.066667 1 576.0 406.0 52.0 277.0
5.066667 1 22.0 28.0 27.0 29.0
5.100000 1 581.0 414.0 54.0 279.0
5.100000 1 21.0 20.0 24.0 27.0
5.133333 1 584.0 414.0 52.0 279.0
5.133333 1 21.0 21.0 25.0 24.0
5.166667 1 586.0 411.0 53.0 277.0
5.166667 1 21.0 24.0 27.0 26.0
5.200000 1 590.0 411.0 56.0 277.0
5.200000 1 21.0 27.0 21.0 29.0
5.233333 1 591.0 55.0 21.0 23.0
5.266667 1 590.0 52.0 24.0 24.0
5.300000 1 593.0 51.0 22.0 25.0
5.333333 1 594.0 49.0 26.0 27.0
5.366667 1 56.0 313.0 32.0 22.0
5.400000 1 61.0 313.0 24.0 20.0
5.433333 1 64.0 309.0 28.0 27.0
5.466667 1 69.0 310.0 23.0 24.0
5.500000 1 69.0 310.0 24.0 23.0
5.533333 1 69.0 311.0 24.0 22.0
5.566667 1 69.0 311.0 33.0 23.0
5.600000 1 75.0 312.0 27.0 22.0
5.633333 1 75.0 312.0 31.0 18.0
5.666667 1 81.0 312.0 25.0 18.0
5.700000 1 81.0 312.0 33.0 21.0
5.733333 1 93.0 312.0 21.0 21.0
5.766667 1 93.0 312.0 25.0 20.0
5.800000 1 94.0 313.0 24.0 19.0
5.833333 1 94.0 313.0 32.0 20.0
5.866667 1 104.0 312.0 22.0 21.0
5.900000 1 104.0 311.0 28.0 23.0
5.933333 1 110.0 309.0 22.0 25.0
5.966667 1 110.0 309.0 29.0 26.0
6.000000 1 115.0 312.0 24.0 23.0
6.033333 1 115.0 312.0 29.0 19.0
6.066667 1 122.0 311.0 22.0 20.0
6.100000 1 121.0 311.0 31.0 22.0
6.133333 1 127.0 311.0 25.0 22.0
6.166667 1 126.0 311.0 30.0 22.0
6.200000 1 133.0 312.0 23.0 21.0
6.233333 1 133.0 312.0 32.0 21.0
6.266667 1 141.0 313.0 24.0 20.0
6.300000 1 141.0 313.0 27.0 20.0
6.333333 1 148.0 312.0 20.0 21.0
6.366667 1 148.0 312.0 23.0 18.0
6.400000 1 150.0 308.0 26.0 25.0
6.433333 1 155.0 314.0 21.0 19.0
6.466667 1 155.0 314.0 26.0 17.0
6.500000 1 162.0 312.0 19.0 19.0
6.533333 1 162.0 312.0 32.0 24.0
6.566667 1 170.0 309.0 24.0 27.0
6.600000 1 170.0 309.0 26.0 24.0
6.633333 1 175.0 309.0 21.0 24.0
6.666667 1 175.0 309.0 29.0 25.0
6.700000 1 185.0 311.0 19.0 23.0
6.733333 1 185.0 311.0 22.0 23.0
6.766667 1 191.0 314.0 16.0 20.0
6.800000 1 191.0 314.0 26.0 19.0
6.833333 1 201.0 312.0 17.0 21.0
6.866667 1 201.0 312.0 24.0 21.0
6.900000 1 210.0 316.0 15.0 17.0
6.933333 1 210.0 315.0 23.0 18.0
6.966667 1 217.0 312.0 16.0 21.0
7.000000 1 217.0 312.0 23.0 22.0
7.033333 1 222.0 312.0 19.0 22.0
7.066667 1 222.0 312.0 23.0 20.0
7.100000 1 231.0 314.0 14.0 18.0
7.133333 1 231.0 312.0 27.0 24.0
7.166667 1 234.0 313.0 24.0 23.0
7.200000 1 234.0 312.0 31.0 24.0
7.233333 1 246.0 311.0 20.0 25.0
7.266667 1 246.0 311.0 30.0 21.0
7.300000 1 252.0 312.0 24.0 20.0
7.333333 1 252.0 312.0 30.0 21.0
7.366667 1 259.0 309.0 23.0 24.0
7.400000 1 259.0 309.0 26.0 22.0
7.433333 1 267.0 307.0 18.0 24.0
7.466667 1 267.0 307.0 30.0 20.0
7.500000 1 273.0 307.0 24.0 20.0
7.533333 1 273.0 307.0 29.0 23.0
7.566667 1 281.0 309.0 21.0 21.0
7.600000 1 281.0 309.0 25.0 21.0
7.633333 1 288.0 307.0 18.0 23.0
7.666667 1 290.0 309.0 22.0 20.0
7.700000 1 294.0 311.0 18.0 18.0
7.733333 1 294.0 310.0 27.0 20.0
7.766667 1 303.0 309.0 18.0 21.0
7.800000 1 303.0 309.0 21.0 18.0
7.833333 1 305.0 306.0 19.0 21.0
7.866667 1 305.0 306.0 28.0 24.0
7.900000 1 312.0 307.0 21.0 23.0
7.933333 1 312.0 307.0 24.0 22.0
7.966667 1 319.0 307.0 17.0 22.0
8.000000 1 319.0 307.0 23.0 22.0
8.033333 1 325.0 306.0 17.0 23.0
8.066667 1 325.0 306.0 25.0 21.0
8.100000 1 330.0 309.0 21.0 18.0
8.133333 1 330.0 308.0 25.0 22.0
8.166667 1 337.0 307.0 18.0 23.0
8.200000 1 337.0 307.0 28.0 26.0
8.233333 1 342.0 307.0 24.0 26.0
8.266667 1 342.0 307.0 27.0 20.0
8.300000 1 348.0 309.0 21.0 18.0
8.333333 1 348.0 309.0 24.0 19.0
8.366667 1 351.0 305.0 23.0 23.0
8.400000 1 351.0 305.0 30.0 25.0
8.433333 1 362.0 306.0 19.0 24.0
8.466667 1 362.0 306.0 25.0 24.0
8.500000 1 369.0 306.0 18.0 20.0
8.533333 1 374.0 309.0 19.0 20.0
8.566667 1 378.0 309.0 15.0 20.0
8.600000 1 378.0 309.0 27.0 21.0
8.633333 1 381.0 309.0 25.0 21.0
8.666667 1 380.0 306.0 29.0 22.0
8.700000 1 388.0 307.0 22.0 21.0
8.733333 1 388.0 307.0 28.0 28.0
8.766667 1 393.0 311.0 24.0 24.0
8.800000 1 393.0 311.0 25.0 20.0
8.833333 1 399.0 311.0 20.0 20.0
8.866667 1 399.0 311.0 24.0 21.0
8.900000 1 408.0 310.0 15.0 22.0
8.933333 1 408.0 310.0 23.0 20.0
8.966667 1 414.0 312.0 17.0 18.0
9.000000 1 414.0 312.0 22.0 21.0
9.033333 1 420.0 312.0 17.0 21.0
9.066667 1 420.0 312.0 27.0 22.0
9.100000 1 428.0 314.0 19.0 20.0
9.133333 1 428.0 314.0 25.0 19.0
9.166667 1 435.0 312.0 18.0 21.0
9.200000 1 435.0 312.0 24.0 21.0
9.233333 1 444.0 315.0 15.0 18.0
9.266667 1 444.0 315.0 23.0 21.0
9.300000 1 447.0 316.0 20.0 20.0
9.333333 1 447.0 316.0 25.0 22.0
9.366667 1 456.0 314.0 16.0 24.0
9.400000 1 456.0 314.0 23.0 25.0
9.433333 1 464.0 314.0 15.0 25.0
9.466667 1 463.0 313.0 25.0 21.0
9.500000 1 408.0 8.0 46.0 29.0
9.533333 1 413.0 13.0 37.0 30.0
9.566667 1 411.0 25.0 40.0 27.0
9.600000 1 409.0 26.0 41.0 34.0
9.633333 1 408.0 41.0 42.3 32.0
9.666667 1 404.0 49.0 43.0 34.0
9.700000 1 401.0 70.0 40.0 24.0
9.733333 1 402.0 75.0 35.0 30.0
9.766667 1 402.0 101.0 39.0 29.0
9.800000 1 400.0 118.0 41.0 34.0
9.833333 1 396.0 126.0 39.0 31.0
9.866667 1 391.0 128.0 38.0 29.0
9.900000 1 384.0 130.0 42.0 32.0
9.933333 1 376.0 138.0 32.0 31.0
9.966667 1 363.0 144.0 41.0 23.0
10.000000 1 350.0 151.0 50.0 27.0
10.033333 1 353.0 155.0 37.0 28.0
10.066667 1 350.7 159.7 36.0 23.0
10.100000 1 349.0 163.0 42.0 25.0
10.133333 1 353.0 172.0 34.0 21.0
10.166667 1 352.0 172.0 36.0 25.0
10.200000 1 354.0 181.0 36.0 18.0
10.233333 1 356.0 181.0 35.0 21.0
10.266667 1 357.0 181.0 33.0 21.0
10.300000 1 357.0 184.0 35.0 27.0
10.333333 1 357.0 191.0 36.0 20.0
10.366667 1 360.0 190.0 33.0 24.0
10.400000 1 355.0 191.0 38.0 21.0
10.433333 1 356.0 193.0 38.0 25.0
10.466667 1 357.0 196.0 39.0 24.0
10.500000 1 361.0 199.0 35.0 22.0
10.533333 1 363.0 204.0 30.0 24.0
10.566667 1 359.0 208.0 38.0 19.0
10.600000 1 361.0 211.0 37.0 23.0
10.633333 1 361.0 216.0 35.0 24.0
10.666667 1 363.0 220.0 33.0 19.0
10.700000 1 362.0 222.0 33.0 22.0
10.733333 1 361.0 225.0 38.0 22.0
10.766667 1 360.0 228.0 38.0 22.0
10.800000 1 360.0 232.0 39.0 20.0
10.833333 1 360.0 234.0 40.0 22.0
10.866667 1 366.0 241.0 32.0 18.0
10.900000 1 359.0 241.0 44.0 22.0
10.933333 1 359.0 242.0 37.0 19.0
