0.000000 1 305.0 300.0 24.0 23.0
0.033333 1 305.4 299.7 23.8 23.0
0.066667 1 305.7 299.4 23.6 23.0
0.100000 1 306.1 299.1 23.4 23.0
0.133333 1 306.5 298.7 23.2 23.0
0.166667 1 306.8 298.4 22.9 23.0
0.200000 1 307.2 298.1 22.7 23.0
0.233333 1 307.6 297.8 22.5 23.0
0.266667 1 307.9 297.5 22.3 23.0
0.300000 1 308.3 297.2 22.1 23.0
0.333333 1 308.7 296.8 21.9 23.0
0.366667 1 309.1 296.5 21.7 23.0
0.400000 1 309.4 296.2 21.5 23.0
0.433333 1 309.8 295.9 21.3 23.0
0.466667 1 310.2 295.6 21.1 23.0
0.500000 1 310.5 295.3 20.8 23.0
0.533333 1 310.9 294.9 20.6 23.0
0.566667 1 311.3 294.6 20.4 23.0
0.600000 1 311.6 294.3 20.2 23.0
0.633333 1 312.0 294.0 20.0 23.0
0.666667 1 311.9 293.4 20.1 23.0
0.700000 1 311.8 292.8 20.2 23.1
0.733333 1 311.7 292.2 20.3 23.1
0.766667 1 311.7 291.6 20.3 23.2
0.800000 1 311.6 291.0 20.4 23.2
0.833333 1 311.5 290.3 20.5 23.3
0.866667 1 311.4 289.7 20.6 23.3
0.900000 1 311.3 289.1 20.7 23.3
0.933333 1 311.2 288.5 20.8 23.4
0.966667 1 311.1 287.9 20.9 23.4
1.000000 1 311.0 287.3 21.0 23.5
1.033333 1 311.0 286.7 21.0 23.5
1.066667 1 310.9 286.1 21.1 23.6
1.100000 1 310.8 285.5 21.2 23.6
1.133333 1 310.7 284.9 21.3 23.7
1.166667 1 310.6 284.3 21.4 23.7
1.200000 1 310.5 283.7 21.5 23.7
1.233333 1 310.4 283.0 21.6 23.8
1.266667 1 310.3 282.4 21.7 23.8
1.300000 1 310.3 281.8 21.7 23.9
1.333333 1 310.2 281.2 21.8 23.9
1.366667 1 310.1 280.6 21.9 24.0
1.400000 1 310.0 280.0 22.0 24.0
1.433333 1 309.9 279.7 22.1 23.9
1.466667 1 309.9 279.4 22.3 23.8
1.500000 1 309.8 279.2 22.4 23.7
1.533333 1 309.7 278.9 22.5 23.6
1.566667 1 309.7 278.6 22.6 23.5
1.600000 1 309.6 278.3 22.8 23.4
1.633333 1 309.6 278.0 22.9 23.3
1.666667 1 309.5 277.7 23.0 23.2
1.700000 1 309.4 277.5 23.1 23.2
1.733333 1 309.4 277.2 23.3 23.1
1.766667 1 309.3 276.9 23.4 23.0
1.800000 1 309.2 276.6 23.5 22.9
1.833333 1 309.2 276.3 23.6 22.8
1.866667 1 309.1 276.1 23.8 22.7
1.900000 1 309.1 275.8 23.9 22.6
1.933333 1 309.0 275.5 24.0 22.5
1.966667 1 308.9 275.2 24.1 22.4
2.000000 1 308.9 274.9 24.3 22.3
2.033333 1 308.8 274.7 24.4 22.2
2.066667 1 308.7 274.4 24.5 22.1
2.100000 1 308.7 274.1 24.6 22.0
2.133333 1 308.6 273.8 24.8 21.9
2.166667 1 308.6 273.5 24.9 21.8
2.200000 1 308.5 273.2 25.0 21.7
2.233333 1 308.4 273.0 25.1 21.7
2.266667 1 308.4 272.7 25.3 21.6
2.300000 1 308.3 272.4 25.4 21.5
2.333333 1 308.2 272.1 25.5 21.4
2.366667 1 308.2 271.8 25.6 21.3
2.400000 1 308.1 271.6 25.8 21.2
2.433333 1 308.1 271.3 25.9 21.1
2.466667 1 308.0 271.0 26.0 21.0
2.500000 1 308.2 270.7 25.8 20.9
2.533333 1 308.3 270.3 25.7 20.9
2.566667 1 308.5 270.0 25.5 20.8
2.600000 1 308.6 269.7 25.4 20.8
2.633333 1 308.8 269.3 25.2 20.7
2.666667 1 308.9 269.0 25.1 20.6
2.700000 1 309.1 268.7 24.9 20.6
2.733333 1 309.2 268.3 24.8 20.5
2.766667 1 309.4 268.0 24.6 20.5
2.800000 1 309.5 267.7 24.5 20.4
2.833333 1 309.7 267.3 24.3 20.3
2.866667 1 309.8 267.0 24.2 20.3
2.900000 1 310.0 266.7 24.0 20.2
2.933333 1 310.1 266.3 23.9 20.2
2.966667 1 310.3 266.0 23.7 20.1
3.000000 1 310.4 265.7 23.6 20.0
3.033333 1 310.6 265.3 23.4 20.0
3.066667 1 310.7 265.0 23.3 19.9
3.100000 1 310.9 264.7 23.1 19.8
3.133333 1 311.0 264.3 23.0 19.8
3.166667 1 311.2 264.0 22.8 19.7
3.200000 1 311.3 263.7 22.7 19.7
3.233333 1 311.5 263.3 22.5 19.6
3.266667 1 311.6 263.0 22.4 19.5
3.300000 1 311.8 262.7 22.2 19.5
3.333333 1 311.9 262.3 22.1 19.4
3.366667 1 312.1 262.0 21.9 19.4
3.400000 1 312.2 261.7 21.8 19.3
3.433333 1 312.4 261.3 21.6 19.2
3.466667 1 312.5 261.0 21.5 19.2
3.500000 1 312.7 260.7 21.3 19.1
3.533333 1 312.8 260.3 21.2 19.1
3.566667 1 313.0 260.0 21.0 19.0
3.600000 1 312.9 259.6 21.2 19.1
3.633333 1 312.8 259.2 21.5 19.2
3.666667 1 312.7 258.8 21.7 19.3
3.700000 1 312.6 258.3 22.0 19.4
3.733333 1 312.5 257.9 22.2 19.5
3.766667 1 312.4 257.5 22.4 19.6
3.800000 1 312.3 257.1 22.7 19.7
3.833333 1 312.2 256.7 22.9 19.8
3.866667 1 312.1 256.3 23.2 19.9
3.900000 1 312.0 255.9 23.4 20.0
3.933333 1 311.9 255.4 23.7 20.1
3.966667 1 311.8 255.0 23.9 20.2
4.000000 1 311.7 254.6 24.1 20.3
4.033333 1 311.6 254.2 24.4 20.4
4.066667 1 311.4 253.8 24.6 20.6
4.100000 1 311.3 253.4 24.9 20.7
4.133333 1 311.2 253.0 25.1 20.8
4.166667 1 311.1 252.6 25.3 20.9
4.200000 1 311.0 252.1 25.6 21.0
4.233333 1 310.9 251.7 25.8 21.1
4.266667 1 310.8 251.3 26.1 21.2
4.300000 1 310.7 250.9 26.3 21.3
4.333333 1 310.6 250.5 26.6 21.4
4.366667 1 310.5 250.1 26.8 21.5
4.400000 1 310.4 249.7 27.0 21.6
4.433333 1 310.3 249.2 27.3 21.7
4.466667 1 310.2 248.8 27.5 21.8
4.500000 1 310.1 248.4 27.8 21.9
4.533333 1 310.0 248.0 28.0 22.0
4.566667 1 309.8 247.5 27.8 22.0
4.600000 1 309.7 247.0 27.5 21.9
4.633333 1 309.5 246.4 27.3 21.9
4.666667 1 309.4 245.9 27.0 21.8
4.700000 1 309.2 245.4 26.8 21.8
4.733333 1 309.0 244.9 26.6 21.8
4.766667 1 308.9 244.4 26.3 21.7
4.800000 1 308.7 243.8 26.1 21.7
4.833333 1 308.6 243.3 25.8 21.6
4.866667 1 308.4 242.8 25.6 21.6
4.900000 1 308.2 242.3 25.4 21.6
4.933333 1 308.1 241.8 25.1 21.5
4.966667 1 307.9 241.2 24.9 21.5
5.000000 1 307.8 240.7 24.6 21.4
5.033333 1 307.6 240.2 24.4 21.4
5.066667 1 307.4 239.7 24.2 21.4
5.100000 1 307.3 239.2 23.9 21.3
5.133333 1 307.1 238.6 23.7 21.3
5.166667 1 307.0 238.1 23.4 21.2
5.200000 1 306.8 237.6 23.2 21.2
5.233333 1 306.6 237.1 23.0 21.2
5.266667 1 306.5 236.6 22.7 21.1
5.300000 1 306.3 236.0 22.5 21.1
5.333333 1 306.2 235.5 22.2 21.0
5.366667 1 306.0 235.0 22.0 21.0
5.400000 1 305.2 234.6 22.3 21.1
5.433333 1 304.4 234.1 22.7 21.3
5.466667 1 303.6 233.7 23.0 21.4
5.500000 1 302.8 233.3 23.3 21.6
5.533333 1 302.0 232.9 23.7 21.7
5.566667 1 301.1 232.4 24.0 21.9
5.600000 1 300.3 232.0 24.3 22.0
5.633333 1 299.5 231.6 24.7 22.1
5.666667 1 298.7 231.1 25.0 22.3
5.700000 1 297.9 230.7 25.3 22.4
5.733333 1 297.1 230.3 25.7 22.6
5.766667 1 296.3 229.9 26.0 22.7
5.800000 1 295.5 229.4 26.3 22.9
5.833333 1 294.7 229.0 26.7 23.0
5.866667 1 293.9 228.6 27.0 23.1
5.900000 1 293.0 228.1 27.3 23.3
5.933333 1 292.2 227.7 27.7 23.4
5.966667 1 291.4 227.3 28.0 23.6
6.000000 1 290.6 226.9 28.3 23.7
6.033333 1 289.8 226.4 28.7 23.9
6.066667 1 289.0 226.0 29.0 24.0
6.100000 1 288.3 225.6 29.1 23.9
6.133333 1 287.5 225.3 29.1 23.8
6.166667 1 286.8 224.9 29.2 23.7
6.200000 1 286.1 224.5 29.2 23.6
6.233333 1 285.3 224.2 29.3 23.5
6.266667 1 284.6 223.8 29.3 23.4
6.300000 1 283.8 223.4 29.4 23.3
6.333333 1 283.1 223.1 29.4 23.2
6.366667 1 282.4 222.7 29.5 23.1
6.400000 1 281.6 222.3 29.5 22.9
6.433333 1 280.9 221.9 29.6 22.8
6.466667 1 280.2 221.6 29.6 22.7
6.500000 1 279.4 221.2 29.7 22.6
6.533333 1 278.7 220.8 29.7 22.5
6.566667 1 277.9 220.5 29.8 22.4
6.600000 1 277.2 220.1 29.8 22.3
6.633333 1 276.5 219.7 29.9 22.2
6.666667 1 275.7 219.4 29.9 22.1
6.700000 1 275.0 219.0 30.0 22.0
6.733333 1 273.8 218.7 30.2 22.3
6.766667 1 272.5 218.4 30.4 22.6
6.800000 1 271.3 218.1 30.5 22.9
6.833333 1 270.1 217.8 30.7 23.2
6.866667 1 268.8 217.5 30.9 23.5
6.900000 1 267.6 217.2 31.1 23.8
6.933333 1 266.4 216.9 31.2 24.1
6.966667 1 265.1 216.6 31.4 24.4
7.000000 1 263.9 216.4 31.6 24.6
7.033333 1 262.6 216.1 31.8 24.9
7.066667 1 261.4 215.8 31.9 25.2
7.100000 1 260.2 215.5 32.1 25.5
7.133333 1 258.9 215.2 32.3 25.8
7.166667 1 257.7 214.9 32.5 26.1
7.200000 1 256.5 214.6 32.6 26.4
7.233333 1 255.2 214.3 32.8 26.7
7.266667 1 254.0 214.0 33.0 27.0
7.300000 1 252.7 214.0 32.7 26.8
7.333333 1 251.4 214.0 32.4 26.6
7.366667 1 250.1 214.0 32.1 26.4
7.400000 1 248.8 214.0 31.8 26.3
7.433333 1 247.4 214.0 31.4 26.1
7.466667 1 246.1 214.0 31.1 25.9
7.500000 1 244.8 214.0 30.8 25.7
7.533333 1 243.5 214.0 30.5 25.5
7.566667 1 242.2 214.0 30.2 25.3
7.600000 1 240.9 214.0 29.9 25.1
7.633333 1 239.6 214.0 29.6 24.9
7.666667 1 238.3 214.0 29.3 24.8
7.700000 1 236.9 214.0 28.9 24.6
7.733333 1 235.6 214.0 28.6 24.4
7.766667 1 234.3 214.0 28.3 24.2
7.800000 1 233.0 214.0 28.0 24.0
7.833333 1 231.6 211.9 28.0 23.0
7.866667 1 229.5 212.0 28.0 23.0
7.900000 1 227.4 211.4 28.0 23.0
7.933333 1 226.8 212.3 28.0 23.0
7.966667 1 226.1 213.9 28.0 23.0
8.000000 1 225.5 212.5 28.0 23.0
8.033333 1 222.6 211.1 28.0 23.0
8.066667 1 222.0 212.0 29.0 22.0
8.100000 1 223.6 212.1 29.0 22.0
8.133333 1 230.5 213.0 29.0 22.0
8.166667 1 235.9 213.9 29.0 22.0
8.200000 1 245.0 214.0 29.0 22.0
8.233333 1 258.6 215.6 29.0 22.0
8.266667 1 268.5 217.2 29.0 22.0
8.300000 1 279.1 215.9 29.0 22.0
8.333333 1 295.0 216.0 30.0 22.0
8.366667 1 304.6 215.8 29.8 22.0
8.400000 1 314.2 215.6 29.6 22.0
8.433333 1 323.8 215.4 29.4 22.0
8.466667 1 333.4 215.2 29.2 22.0
8.500000 1 343.0 215.0 29.0 22.0
8.533333 1 354.5 214.5 27.0 21.0
8.566667 1 366.0 214.0 25.0 20.0
8.600000 1 370.3 213.9 25.6 20.6
8.633333 1 374.6 213.7 26.1 21.1
8.666667 1 378.9 213.6 26.7 21.7
8.700000 1 383.1 213.4 27.3 22.3
8.733333 1 387.4 213.3 27.9 22.9
8.766667 1 391.7 213.1 28.4 23.4
8.800000 1 396.0 213.0 29.0 24.0
8.833333 1 393.3 212.7 28.8 24.5
8.866667 1 390.7 212.3 28.7 25.0
8.900000 1 388.0 212.0 28.5 25.5
8.933333 1 385.3 211.7 28.3 26.0
8.966667 1 382.7 211.3 28.2 26.5
9.000000 1 380.0 211.0 28.0 27.0
9.033333 1 377.2 210.5 28.6 27.2
9.066667 1 374.4 210.1 29.3 27.4
9.100000 1 371.5 209.6 29.9 27.5
9.133333 1 368.7 209.2 30.5 27.7
9.166667 1 365.9 208.7 31.2 27.9
9.200000 1 363.1 208.3 31.8 28.1
9.233333 1 360.3 207.8 32.5 28.3
9.266667 1 357.5 207.4 33.1 28.5
9.300000 1 354.6 206.9 33.7 28.6
9.333333 1 351.8 206.5 34.4 28.8
9.366667 1 349.0 206.0 35.0 29.0
9.400000 1 347.1 205.8 34.0 28.9
9.433333 1 345.2 205.6 33.0 28.8
9.466667 1 343.3 205.5 32.0 28.7
9.500000 1 341.4 205.3 31.0 28.6
9.533333 1 339.5 205.1 30.0 28.5
9.566667 1 337.5 204.9 29.0 28.5
9.600000 1 335.6 204.7 28.0 28.4
9.633333 1 333.7 204.5 27.0 28.3
9.666667 1 331.8 204.4 26.0 28.2
9.700000 1 329.9 204.2 25.0 28.1
9.733333 1 328.0 204.0 24.0 28.0
9.766667 1 325.4 203.8 24.7 27.9
9.800000 1 322.7 203.6 25.5 27.8
9.833333 1 320.1 203.5 26.2 27.7
9.866667 1 317.5 203.3 26.9 27.6
9.900000 1 314.8 203.1 27.6 27.5
9.933333 1 312.2 202.9 28.4 27.5
9.966667 1 309.5 202.7 29.1 27.4
10.000000 1 306.9 202.5 29.8 27.3
10.033333 1 304.3 202.4 30.5 27.2
10.066667 1 301.6 202.2 31.3 27.1
10.100000 1 299.0 202.0 32.0 27.0
10.133333 1 296.3 201.3 31.7 27.7
10.166667 1 293.7 200.7 31.3 28.3
10.200000 1 291.0 200.0 31.0 29.0
