0.000000 1 346.0 56.0 25.0 28.0
0.033333 1 345.0 62.0 24.0 26.0
0.066667 1 342.0 64.0 26.0 27.0
0.100000 1 342.0 68.0 27.0 28.0
0.133333 1 340.0 67.0 28.0 30.0
0.166667 1 340.0 69.0 26.0 27.0
0.200000 1 336.0 72.0 26.0 28.0
0.233333 1 336.0 77.0 28.0 26.0
0.266667 1 336.0 76.0 24.0 26.0
0.300000 1 329.0 74.0 34.0 32.0
0.333333 1 334.0 82.0 28.0 25.0
0.366667 1 327.0 83.0 35.0 29.0
0.400000 1 327.0 83.0 33.0 30.0
0.433333 1 330.0 86.0 30.0 31.0
0.466667 1 329.0 85.0 25.0 30.0
0.500000 1 327.0 90.0 27.0 31.0
0.533333 1 327.0 90.0 31.0 32.0
0.566667 1 329.0 96.0 29.0 26.0
0.600000 1 327.0 93.0 28.0 32.0
0.633333 1 324.0 97.0 31.0 28.0
0.666667 1 324.0 97.0 33.0 33.0
0.700000 1 325.0 98.0 32.0 32.0
0.733333 1 325.0 98.0 44.0 35.0
0.766667 1 345.0 106.0 24.0 27.0
0.800000 1 345.0 106.0 36.0 33.0
0.833333 1 361.0 112.0 27.0 29.0
0.866667 1 369.0 117.0 36.0 23.0
0.900000 1 384.0 115.0 27.0 26.0
0.933333 1 399.0 120.0 25.0 21.0
0.966667 1 408.0 120.0 26.0 25.0
1.000000 1 423.0 5.0 124.0 264.0
1.000000 1 31.0 19.0 21.0 21.0
1.033333 1 444.0 24.0 125.0 269.0
1.033333 1 33.0 22.0 22.0 20.0
1.066667 1 456.0 35.0 126.0 271.0
1.066667 1 27.0 27.0 25.0 20.0
1.100000 1 473.0 58.0 126.0 279.0
1.100000 1 31.0 26.0 25.0 18.0
1.133333 1 482.0 67.0 129.0 278.0
1.133333 1 26.0 23.0 20.0 18.0
1.166667 1 509.0 84.0 131.0 279.0
1.166667 1 34.0 36.0 22.0 24.0
1.200000 1 521.0 105.0 133.0 285.0
1.200000 1 43.0 34.0 21.0 22.0
1.233333 1 539.0 118.0 133.0 288.0
1.233333 1 25.0 24.0 18.0 19.0
1.266667 1 540.0 123.0 133.0 289.0
1.266667 1 28.0 24.0 22.0 20.0
1.300000 1 547.0 121.0 139.0 291.0
1.300000 1 29.0 39.0 18.0 24.0
1.333333 1 553.0 129.0 139.0 291.0
1.333333 1 23.0 27.0 19.0 25.0
1.366667 1 551.0 129.0 141.0 296.0
1.366667 1 26.0 24.0 21.0 19.0
1.400000 1 545.5 127.0 144.0 297.0
1.400000 1 32.0 24.0 19.0 18.0
1.433333 1 546.0 124.0 144.0 299.0
1.433333 1 27.0 26.0 25.0 19.0
1.466667 1 544.0 123.0 148.0 299.0
1.466667 1 33.0 29.0 19.0 21.0
1.500000 1 547.0 123.0 147.0 301.0
1.500000 1 31.0 30.0 23.0 22.0
1.533333 1 545.0 123.0 152.0 304.0
1.533333 1 29.0 26.0 17.0 19.0
1.566667 1 543.0 113.0 152.0 302.0
1.566667 1 32.0 34.0 26.0 28.0
1.600000 1 534.0 111.0 156.0 308.0
1.600000 1 29.0 32.0 24.0 27.0
1.633333 1 538.0 111.0 164.0 314.0
1.633333 1 32.0 33.0 17.0 20.0
1.666667 1 535.0 107.0 163.0 314.0
1.666667 1 34.0 37.0 19.0 28.0
1.700000 1 531.0 111.0 164.0 315.0
1.700000 1 40.0 31.0 21.0 25.0
1.733333 1 536.0 111.0 168.0 318.0
1.733333 1 32.0 27.0 20.0 25.0
1.766667 1 537.0 113.0 170.0 324.0
1.766667 1 37.0 22.0 19.0 16.0
1.800000 1 539.0 111.0 172.0 324.0
1.800000 1 37.0 24.0 20.0 21.0
1.833333 1 539.0 108.0 173.0 327.0
1.833333 1 25.0 27.0 18.0 18.0
1.866667 1 534.0 112.0 174.0 330.0
1.866667 1 28.0 22.0 21.0 20.0
1.900000 1 529.0 108.0 177.0 332.0
1.900000 1 34.0 24.0 23.0 20.0
1.933333 1 533.0 108.0 178.0 334.0
1.933333 1 34.0 27.0 26.0 19.0
1.966667 1 536.0 102.0 178.0 336.0
1.966667 1 32.0 28.0 23.0 21.0
2.000000 1 535.0 102.0 183.0 337.0
2.000000 1 30.0 27.0 21.0 22.0
2.033333 1 535.0 100.0 184.0 344.0
2.033333 1 32.0 34.0 17.0 18.0
2.066667 1 536.0 99.0 187.0 343.0
2.066667 1 28.0 36.0 15.0 21.0
2.100000 1 533.0 102.0 186.0 347.0
2.100000 1 28.0 30.0 19.0 16.0
2.133333 1 537.0 99.0 193.0 348.0
2.133333 1 30.0 29.0 18.0 19.0
2.166667 1 538.0 100.0 193.0 351.0
2.166667 1 26.0 26.0 17.0 18.0
2.200000 1 535.0 99.0 193.0 355.0
2.200000 1 29.0 28.0 17.0 16.0
2.233333 1 535.0 97.0 193.0 357.0
2.233333 1 33.0 29.0 24.0 18.0
2.266667 1 539.0 96.0 198.0 358.0
2.266667 1 29.0 29.0 19.0 17.0
2.300000 1 539.0 90.0 197.0 361.0
2.300000 1 27.0 37.0 22.0 21.0
2.333333 1 539.0 91.0 198.0 362.0
2.333333 1 27.0 32.0 21.0 19.0
2.366667 1 538.0 91.0 198.0 363.0
2.366667 1 30.0 32.0 21.0 22.0
2.400000 1 532.0 90.0 200.0 366.0
2.400000 1 36.0 31.0 19.0 20.0
2.433333 1 532.0 87.0 199.0 363.0
2.433333 1 35.0 34.0 28.0 30.0
2.466667 1 534.0 89.0 204.0 370.0
2.466667 1 33.0 29.0 23.0 18.0
2.500000 1 533.0 87.0 203.0 372.0
2.500000 1 31.0 33.0 26.0 20.0
2.533333 1 539.0 84.0 208.0 372.0
2.533333 1 25.0 34.0 21.0 18.0
2.566667 1 539.0 91.0 208.0 377.0
2.566667 1 25.0 23.0 24.0 17.0
2.600000 1 534.0 90.0 213.0 376.0
2.600000 1 30.0 27.0 19.0 23.0
2.633333 1 534.0 87.0 213.0 381.0
2.633333 1 27.0 29.0 21.0 18.0
2.666667 1 532.0 84.0 212.0 384.0
2.666667 1 29.0 32.0 22.0 16.0
2.700000 1 532.0 84.0 211.0 383.0
2.700000 1 34.0 28.0 27.0 19.0
2.733333 1 534.0 83.0 218.0 388.0
2.733333 1 32.0 29.0 20.0 14.0
2.766667 1 534.0 81.0 218.0 387.0
2.766667 1 30.0 30.0 23.0 19.0
2.800000 1 537.0 78.0 220.0 390.0
2.800000 1 27.0 33.0 21.0 16.0
2.833333 1 537.0 78.0 220.0 389.0
2.833333 1 24.0 33.0 22.0 19.0
2.866667 1 539.0 78.0 223.0 391.0
2.866667 1 20.0 33.0 18.0 17.0
2.900000 1 539.0 77.0 223.0 390.0
2.900000 1 21.0 32.0 23.0 23.0
2.933333 1 535.0 76.0 226.0 396.0
2.933333 1 25.0 33.0 20.0 17.0
2.966667 1 534.0 76.0 226.0 396.0
2.966667 1 28.0 29.0 22.0 18.0
3.000000 1 528.0 75.0 226.0 396.0
3.000000 1 34.0 30.0 22.0 18.0
3.033333 1 531.0 75.0 227.0 396.0
3.033333 1 23.0 24.0 21.0 19.0
3.066667 1 526.0 74.0 228.0 399.0
3.066667 1 28.0 25.0 23.0 16.0
3.100000 1 526.0 74.0 228.0 399.0
3.100000 1 27.0 28.0 26.0 19.0
3.133333 1 528.0 68.0 229.0 398.0
3.133333 1 25.0 34.0 25.0 20.0
3.166667 1 528.0 68.0 229.0 397.0
3.166667 1 30.0 33.0 27.0 23.0
3.200000 1 529.0 71.0 235.0 402.0
3.200000 1 29.0 30.0 21.0 18.0
3.233333 1 529.0 71.0 235.0 401.0
3.233333 1 25.0 28.0 25.0 18.0
3.266667 1 537.0 68.0 236.0 405.0
3.266667 1 18.0 31.0 24.0 14.0
3.300000 1 537.0 68.0 236.0 404.0
3.300000 1 18.0 25.0 25.0 16.0
3.333333 1 534.0 65.0 235.0 404.0
3.333333 1 22.0 28.0 26.0 16.0
3.366667 1 533.0 65.0 234.0 404.0
3.366667 1 23.0 28.0 27.0 20.0
3.400000 1 533.0 65.0 244.0 407.0
3.400000 1 24.0 29.0 17.0 17.0
3.433333 1 533.0 65.0 242.0 407.0
3.433333 1 22.0 27.0 26.0 18.0
3.466667 1 524.0 59.0 245.0 402.0
3.466667 1 33.0 33.0 23.0 23.0
3.500000 1 524.0 59.0 244.0 402.0
3.500000 1 30.0 31.0 27.0 24.0
3.533333 1 526.0 58.0 247.0 405.0
3.533333 1 28.0 33.0 24.0 22.0
3.566667 1 526.0 58.0 247.0 405.0
3.566667 1 27.0 31.0 25.0 19.0
3.600000 1 528.0 56.0 250.0 410.0
3.600000 1 26.0 33.0 23.0 14.0
3.633333 1 527.0 56.0 250.0 410.0
3.633333 1 30.0 28.0 26.0 17.0
3.666667 1 525.0 55.0 253.0 407.0
3.666667 1 33.0 29.0 23.0 21.0
3.700000 1 524.0 53.0 251.0 409.0
3.700000 1 32.0 31.0 27.0 19.0
3.733333 1 53.0 409.0 27.0 23.0
3.766667 1 53.0 411.0 27.0 21.0
3.800000 1 53.0 411.0 25.0 20.0
3.833333 1 52.0 414.0 26.0 17.0
3.866667 1 52.0 414.0 26.0 14.0
3.900000 1 51.0 412.0 27.0 16.0
3.933333 1 51.0 527.0 412.0 270.0
3.933333 1 30.0 22.0 21.0 14.0
3.966667 1 49.0 527.0 411.0 268.0
3.966667 1 32.0 19.0 22.0 19.0
4.000000 1 48.0 525.0 409.0 271.0
4.000000 1 25.0 22.0 22.0 14.0
4.033333 1 45.0 527.0 414.0 274.0
4.033333 1 28.0 19.0 17.0 13.0
4.066667 1 45.0 528.0 414.0 272.0
4.066667 1 26.0 22.0 15.0 19.0
4.100000 1 41.0 524.0 412.0 272.0
4.100000 1 30.0 25.0 17.0 22.0
4.133333 1 40.0 528.0 411.0 276.0
4.133333 1 29.0 20.0 22.0 18.0
4.166667 1 42.0 525.0 413.0 276.0
4.166667 1 27.0 21.0 20.0 16.0
4.200000 1 41.0 527.0 412.0 279.0
4.200000 1 28.0 20.0 20.0 18.0
4.233333 1 43.0 525.0 415.0 280.0
4.233333 1 26.0 21.0 17.0 15.0
4.266667 1 43.0 526.0 415.0 283.0
4.266667 1 23.0 20.0 17.0 15.0
4.300000 1 38.0 524.0 415.0 284.0
4.300000 1 28.0 21.0 17.0 14.0
4.333333 1 38.0 522.0 415.0 285.0
4.333333 1 26.0 21.0 17.0 15.0
4.366667 1 39.0 522.0 415.0 285.0
4.366667 1 25.0 24.0 17.0 20.0
4.400000 1 38.0 522.0 414.0 290.0
4.400000 1 27.0 21.0 20.0 15.0
4.433333 1 37.0 522.0 415.0 288.0
4.433333 1 28.0 23.0 19.0 21.0
4.466667 1 37.0 520.0 416.0 291.0
4.466667 1 23.0 24.0 16.0 16.0
4.500000 1 34.0 525.0 417.0 294.0
4.500000 1 26.0 18.0 15.0 16.0
4.533333 1 34.0 522.0 417.0 292.0
4.533333 1 22.0 26.0 18.0 21.0
4.566667 1 33.0 520.0 419.0 297.0
4.566667 1 24.0 20.0 16.0 15.0
4.600000 1 33.0 520.0 419.0 298.0
4.600000 1 21.0 20.0 19.0 18.0
4.633333 1 31.0 519.0 420.0 300.0
4.633333 1 23.0 21.0 18.0 14.0
4.666667 1 31.0 516.0 418.0 302.0
4.666667 1 21.0 24.0 22.0 16.0
4.700000 1 31.0 516.0 420.0 303.0
4.700000 1 21.0 23.0 20.0 15.0
4.733333 1 31.0 513.0 420.0 305.0
4.733333 1 18.0 27.0 22.0 16.0
4.766667 1 25.0 514.0 424.0 306.0
4.766667 1 24.0 22.0 18.0 18.0
4.800000 1 24.0 512.0 423.0 308.0
4.800000 1 25.0 22.0 18.0 16.0
4.833333 1 23.0 515.0 428.0 313.0
4.833333 1 26.0 20.0 13.0 12.0
4.866667 1 22.0 514.0 427.0 312.0
4.866667 1 24.0 20.0 17.0 19.0
4.900000 1 22.0 509.0 429.0 318.0
4.900000 1 24.0 26.0 15.0 15.0
4.933333 1 22.0 510.0 429.0 317.0
4.933333 1 21.0 24.0 18.0 17.0
4.966667 1 22.0 506.0 432.0 318.0
4.966667 1 21.0 28.0 15.0 15.0
5.000000 1 22.0 510.0 430.0 322.0
5.000000 1 23.0 21.0 18.0 12.0
5.033333 1 16.0 509.0 432.0 323.0
5.033333 1 29.0 22.0 16.0 17.0
5.066667 1 16.0 506.0 432.0 324.0
5.066667 1 26.0 29.0 20.0 18.0
5.100000 1 14.0 507.0 435.0 327.0
5.100000 1 28.0 25.0 17.0 15.0
5.133333 1 14.0 504.0 435.0 324.0
5.133333 1 26.0 30.0 21.0 22.0
5.166667 1 12.0 505.0 438.0 328.0
5.166667 1 28.0 23.0 18.0 14.0
5.200000 1 12.0 501.0 437.0 331.0
5.200000 1 25.0 27.0 19.0 16.0
5.233333 1 10.0 505.0 438.0 332.0
5.233333 1 27.0 23.0 18.0 19.0
5.266667 1 10.0 504.0 438.0 333.0
5.266667 1 28.0 26.0 21.0 17.0
5.300000 1 12.0 501.0 443.0 335.0
5.300000 1 26.0 26.0 16.0 19.0
5.333333 1 11.0 496.0 442.0 341.0
5.333333 1 20.0 26.0 20.0 18.0
5.366667 1 7.3 499.0 447.0 344.0
5.366667 1 23.0 23.0 15.0 13.0
5.400000 1 7.0 495.0 448.0 344.0
5.400000 1 16.0 27.0 14.0 19.0
5.433333 1 7.0 498.0 450.0 347.0
5.433333 1 15.0 20.0 13.0 15.0
5.466667 1 7.0 498.0 449.0 348.0
5.466667 1 15.0 24.0 17.0 17.0
5.500000 1 495.0 347.0 19.0 21.0
5.533333 1 495.0 349.0 23.0 17.0
5.566667 1 495.0 353.0 18.0 15.0
5.600000 1 492.0 353.0 24.0 17.0
5.633333 1 491.0 353.0 21.0 18.0
5.666667 1 495.0 357.0 18.0 16.0
5.700000 1 488.0 357.0 25.0 22.0
5.733333 1 484.0 357.0 32.0 21.0
5.766667 1 489.0 360.0 29.0 18.0
5.800000 1 490.0 360.0 20.0 19.0
5.833333 1 490.0 368.0 22.0 17.0
5.866667 1 485.0 373.0 28.0 22.0
5.900000 1 481.0 373.0 32.0 23.0
5.933333 1 480.0 367.0 24.0 23.0
5.966667 1 479.0 369.0 27.0 22.0
6.000000 1 483.0 372.0 17.0 21.0
6.033333 1 479.0 373.0 23.0 23.0
6.066667 1 480.0 378.0 24.0 18.0
6.100000 1 477.0 380.0 21.0 16.0
6.133333 1 474.0 381.0 26.0 17.0
6.166667 1 471.0 382.0 24.0 20.0
6.200000 1 471.0 381.0 24.0 21.0
6.233333 1 472.0 385.0 20.0 16.0
6.266667 1 473.0 385.0 18.0 17.0
6.300000 1 472.0 388.0 16.0 16.0
6.333333 1 468.0 389.0 21.0 16.0
6.366667 1 465.0 390.0 29.0 14.0
6.400000 1 471.0 390.0 18.0 18.0
6.433333 1 366.1 604.0 216.9 339.0
6.433333 1 43.0 27.0 37.0 28.0
6.466667 1 357.0 599.0 218.2 339.0
6.466667 1 41.0 27.0 35.0 27.0
6.500000 1 351.0 601.0 217.3 342.0
6.500000 1 43.0 21.0 37.0 22.0
6.533333 1 341.0 592.0 217.3 338.0
6.533333 1 43.0 26.0 38.0 27.0
6.566667 1 328.8 585.0 217.6 335.0
6.566667 1 48.0 29.0 42.0 28.0
6.600000 1 327.0 584.0 222.0 335.0
6.600000 1 42.0 25.0 37.0 26.0
6.633333 1 318.6 580.0 226.2 337.0
6.633333 1 40.0 27.0 35.0 27.0
6.666667 1 310.0 571.0 226.6 337.0
6.666667 1 39.0 28.0 34.0 28.0
6.700000 1 300.3 565.0 226.0 336.0
6.700000 1 40.0 30.0 36.0 29.0
6.733333 1 294.3 567.0 225.0 337.0
6.733333 1 43.0 26.0 38.0 25.0
6.766667 1 284.4 557.0 226.2 333.0
6.766667 1 41.0 32.0 37.0 27.0
6.800000 1 270.4 552.0 227.7 333.0
6.800000 1 40.0 28.0 36.0 26.0
6.833333 1 265.7 552.0 229.0 333.0
6.833333 1 40.0 24.0 35.0 24.0
6.866667 1 255.9 543.0 231.7 330.0
6.866667 1 39.0 33.0 34.0 30.0
6.900000 1 247.4 538.0 235.6 334.0
6.900000 1 38.0 27.0 33.0 24.0
6.933333 1 239.0 532.0 233.3 332.0
6.933333 1 45.0 34.0 39.0 29.0
6.966667 1 227.4 529.0 235.1 333.0
6.966667 1 41.0 32.0 36.0 29.0
7.000000 1 221.7 528.0 234.3 335.0
7.000000 1 44.0 27.0 38.0 22.0
7.033333 1 211.6 524.0 235.0 333.0
7.033333 1 43.0 26.0 37.0 23.0
7.066667 1 202.4 516.0 235.8 329.0
7.066667 1 42.0 30.0 36.0 28.0
7.100000 1 197.5 516.0 236.3 330.0
7.100000 1 42.0 29.0 36.0 27.0
7.133333 1 186.6 511.0 237.7 330.0
7.133333 1 44.0 27.0 38.0 25.0
7.166667 1 179.6 503.0 241.8 330.0
7.166667 1 40.0 31.0 34.0 23.0
7.200000 1 167.2 498.0 240.4 330.0
7.200000 1 46.0 30.0 39.0 27.0
7.233333 1 161.0 492.0 242.4 332.0
7.233333 1 40.0 33.0 34.0 22.0
7.266667 1 149.0 487.0 240.2 329.0
7.266667 1 44.0 34.0 37.0 23.0
7.300000 1 146.2 489.0 242.2 334.0
7.300000 1 40.0 32.0 34.0 19.0
7.333333 1 138.9 477.0 244.1 332.0
7.333333 1 35.0 34.0 29.0 20.0
7.366667 1 128.7 477.0 244.9 332.0
7.366667 1 35.0 34.0 30.0 23.0
7.400000 1 123.4 470.0 245.9 326.0
7.400000 1 36.0 41.0 30.0 29.0
7.433333 1 112.6 470.0 246.1 326.0
7.433333 1 39.0 25.0 33.0 25.0
7.466667 1 104.0 456.0 248.4 329.0
7.466667 1 37.0 39.0 30.0 22.0
7.500000 1 96.2 456.0 247.5 329.0
7.500000 1 38.0 45.0 31.0 28.0
7.533333 1 96.0 462.0 249.0 329.0
7.533333 1 35.0 39.0 28.0 28.0
7.566667 1 102.0 465.0 247.0 327.0
7.566667 1 36.0 42.0 31.0 30.0
7.600000 1 102.0 473.0 243.0 326.0
7.600000 1 30.0 40.0 29.0 22.0
7.633333 1 124.0 500.0 246.0 329.0
7.633333 1 34.0 37.0 28.0 25.0
7.666667 1 143.0 528.0 247.0 326.0
7.666667 1 37.0 36.0 28.0 27.0
7.700000 1 204.0 587.0 250.0 321.0
7.700000 1 30.0 35.0 28.0 30.0
7.733333 1 247.0 254.0 35.0 29.0
7.766667 1 297.0 258.0 24.0 22.0
7.800000 1 327.4 255.2 34.9 32.9
7.833333 1 349.7 256.0 34.8 32.8
7.866667 1 367.5 256.6 34.5 32.5
7.900000 1 373.3 256.2 34.9 32.8
7.933333 1 385.4 257.5 34.4 32.4
7.966667 1 407.6 262.2 33.9 31.9
8.000000 1 426.9 260.5 34.0 32.0
8.033333 1 430.1 259.4 34.3 32.4
8.066667 1 418.8 258.3 34.7 32.7
8.100000 1 413.5 259.0 34.4 32.4
8.133333 1 404.1 258.5 34.2 32.2
8.166667 1 392.5 258.6 34.4 32.4
8.200000 1 383.6 260.4 34.1 32.2
8.233333 1 380.9 262.1 34.0 32.1
8.266667 1 372.6 263.7 34.3 32.3
8.300000 1 364.8 263.7 33.9 32.0
8.333333 1 356.9 263.3 34.0 32.0
8.366667 1 352.1 262.7 34.5 32.4
8.400000 1 344.0 262.7 34.4 32.4
8.433333 1 335.7 262.9 34.1 32.1
8.466667 1 331.3 263.4 34.3 32.3
8.500000 1 324.2 266.1 34.2 32.2
8.533333 1 316.7 267.6 34.1 32.1
8.566667 1 309.0 268.0 34.0 32.0
8.600000 1 302.7 259.9 38.5 37.8
8.633333 1 296.2 260.9 36.2 35.4
8.666667 1 287.6 260.4 37.9 37.1
8.700000 1 284.2 265.0 28.9 28.1
8.733333 1 278.3 263.8 32.7 32.1
8.766667 1 273.5 268.7 26.7 25.8
8.800000 1 268.1 270.9 25.7 24.8
8.833333 1 263.5 270.7 27.9 26.8
8.866667 1 255.6 269.8 29.4 28.4
8.900000 1 251.3 272.0 23.8 22.4
8.933333 1 246.3 271.1 25.9 24.2
8.966667 1 239.3 270.7 25.9 24.1
9.000000 1 231.7 271.1 26.1 24.4
9.033333 1 227.9 272.2 26.1 24.4
9.066667 1 220.5 273.4 26.2 24.4
9.100000 1 213.9 274.1 26.4 24.7
9.133333 1 207.2 274.1 26.8 25.0
9.166667 1 199.7 272.6 28.3 26.4
9.200000 1 194.7 271.4 29.9 28.0
9.233333 1 186.6 269.6 32.5 30.4
9.266667 1 178.5 268.9 34.5 32.2
9.300000 1 169.3 268.1 38.2 36.2
9.333333 1 163.5 269.5 40.0 37.3
9.366667 1 162.7 272.4 34.6 32.3
9.400000 1 155.1 272.1 36.1 33.6
9.433333 1 148.1 270.6 37.5 35.1
9.466667 1 143.2 272.1 32.9 31.0
9.500000 1 140.9 273.2 30.5 28.6
9.533333 1 133.6 272.4 31.5 29.6
9.566667 1 127.9 275.1 28.9 27.1
9.600000 1 121.6 272.0 35.9 34.1
9.633333 1 113.2 274.1 33.2 31.4
9.666667 1 109.4 273.6 34.7 32.9
9.700000 1 106.0 276.0 29.0 27.0
9.733333 1 96.1 264.3 38.5 45.5
9.766667 1 93.2 265.0 37.2 43.7
9.800000 1 85.2 262.9 40.0 46.7
9.833333 1 81.2 267.1 34.2 39.7
9.866667 1 76.8 269.3 30.5 36.8
9.900000 1 73.3 269.1 31.1 37.4
9.933333 1 67.7 269.5 30.6 37.8
9.966667 1 617.0 61.5 277.0 269.3
9.966667 1 20.0 30.7 30.0 37.3
10.000000 1 618.0 59.1 280.0 268.6
10.000000 1 17.0 29.7 25.0 37.2
10.033333 1 609.4 52.0 272.7 267.9
10.033333 1 24.6 30.4 42.0 37.1
10.066667 1 606.0 48.8 271.4 267.8
10.066667 1 22.7 29.8 44.0 36.7
10.100000 1 602.1 42.8 271.8 267.3
10.100000 1 25.2 29.0 43.0 36.8
10.133333 1 599.9 36.3 273.8 267.5
10.133333 1 24.3 28.3 37.0 37.3
10.166667 1 594.6 36.2 270.8 271.5
10.166667 1 28.1 21.5 43.0 29.5
10.200000 1 590.6 29.1 270.5 269.8
10.200000 1 26.9 28.5 42.0 36.7
10.233333 1 585.5 25.3 270.7 272.8
10.233333 1 29.0 23.0 41.0 30.4
10.266667 1 578.7 17.3 270.1 270.3
10.266667 1 28.3 27.9 44.0 34.8
10.300000 1 579.8 14.0 274.2 268.7
10.300000 1 24.9 29.2 37.0 36.3
10.333333 1 574.7 9.2 276.4 269.7
10.333333 1 24.8 25.4 34.0 32.3
10.366667 1 567.9 5.0 274.1 269.7
10.366667 1 22.0 22.0 39.0 30.7
10.400000 1 558.3 276.6 27.7 32.0
10.433333 1 552.3 275.8 32.7 32.0
10.466667 1 550.8 278.7 29.1 27.0
10.500000 1 543.3 275.0 41.1 32.0
10.533333 1 535.0 277.0 42.2 30.0
10.566667 1 526.8 276.8 47.4 34.0
10.600000 1 522.3 277.7 45.8 32.0
10.633333 1 521.5 277.1 44.8 33.0
10.666667 1 515.5 277.6 44.2 30.0
10.700000 1 512.5 274.9 42.5 33.0
10.733333 1 508.0 276.7 41.6 28.0
10.766667 1 499.0 275.7 45.9 28.0
10.800000 1 497.5 278.3 40.5 25.0
10.833333 1 491.5 279.8 40.1 28.2
10.866667 1 508.8 486.0 279.6 288.0
10.866667 1 18.8 22.0 24.6 22.0
10.900000 1 499.3 480.0 279.4 288.0
10.900000 1 24.0 21.0 25.0 22.0
10.933333 1 497.0 474.0 279.0 291.0
10.933333 1 24.0 27.0 25.0 18.0
