0.033333 1 83.0 320.0 28.0 24.0
0.066667 1 86.0 324.0 25.0 17.0
0.100000 1 95.0 324.0 23.0 18.0
0.133333 1 99.0 322.0 19.0 20.0
0.166667 1 104.0 324.0 21.0 18.0
0.200000 1 105.0 322.0 21.0 21.0
0.233333 1 109.0 324.0 22.0 22.0
0.266667 1 108.0 325.0 23.0 20.0
0.300000 1 108.0 324.0 33.0 21.0
0.333333 1 122.0 329.0 19.0 16.0
0.366667 1 122.0 329.0 24.0 20.0
0.400000 1 122.0 324.0 24.0 25.0
0.433333 1 122.0 324.0 34.0 30.0
0.466667 1 129.0 326.0 27.0 28.0
0.500000 1 129.0 325.0 35.0 23.0
0.533333 1 138.0 327.0 26.0 21.0
0.566667 1 138.0 327.0 30.0 20.0
0.600000 1 147.0 330.0 21.0 17.0
0.633333 1 147.0 330.0 28.0 21.0
0.666667 1 152.0 330.0 23.0 21.0
0.700000 1 152.0 330.0 31.0 21.0
0.733333 1 162.0 331.0 21.0 20.0
0.766667 1 162.0 331.0 30.0 18.0
0.800000 1 166.0 330.0 26.0 19.0
0.833333 1 166.0 330.0 32.0 23.0
0.866667 1 172.0 333.0 26.0 20.0
0.900000 1 171.0 331.0 37.0 23.0
0.933333 1 181.0 335.0 27.0 19.0
0.966667 1 181.0 335.0 31.0 22.0
1.000000 1 186.0 336.0 26.0 21.0
1.033333 1 186.0 336.0 31.0 21.0
1.066667 1 198.0 336.0 19.0 21.0
1.100000 1 200.0 336.0 27.0 19.0
1.133333 1 204.0 339.0 23.0 16.0
1.166667 1 204.0 338.0 29.0 16.0
1.200000 1 212.0 336.0 21.0 18.0
1.233333 1 211.0 336.0 30.0 21.0
1.266667 1 220.0 341.0 21.0 16.0
1.300000 1 220.0 341.0 26.0 16.0
1.333333 1 229.0 341.0 17.0 16.0
1.366667 1 229.0 341.0 28.0 18.0
1.400000 1 232.0 336.0 25.0 23.0
1.433333 1 246.0 344.0 21.0 16.0
1.466667 1 249.0 342.0 25.0 18.0
1.500000 1 255.0 342.0 19.0 18.0
1.533333 1 255.0 342.0 25.0 21.0
1.566667 1 263.0 343.0 17.0 20.0
1.600000 1 263.0 343.0 22.0 17.0
1.633333 1 269.0 343.0 16.0 17.0
1.666667 1 269.0 343.0 24.0 19.0
1.700000 1 277.0 346.0 16.0 16.0
1.733333 1 277.0 346.0 25.0 19.0
1.766667 1 283.0 343.0 19.0 22.0
1.800000 1 283.0 343.0 26.0 20.0
1.833333 1 288.0 342.0 21.0 21.0
1.866667 1 288.0 342.0 25.0 21.0
1.900000 1 299.0 345.0 14.0 18.0
1.933333 1 298.0 344.0 24.0 20.0
1.966667 1 303.0 343.0 19.0 21.0
2.000000 1 303.0 343.0 24.0 23.0
2.033333 1 306.0 341.0 21.0 25.0
2.066667 1 306.0 341.0 29.0 25.0
2.100000 1 317.0 344.0 18.0 22.0
2.133333 1 317.0 344.0 26.0 20.0
2.166667 1 322.0 342.0 21.0 22.0
2.200000 1 322.0 342.0 27.0 22.0
2.233333 1 330.0 343.0 19.0 21.0
2.266667 1 330.0 343.0 27.0 23.0
2.300000 1 339.0 349.0 18.0 17.0
2.333333 1 339.0 349.0 24.0 15.0
2.366667 1 344.0 348.0 19.0 16.0
2.400000 1 344.0 348.0 31.0 21.0
2.433333 1 352.0 348.0 23.0 20.0
2.466667 1 352.0 348.0 22.0 17.0
2.500000 1 357.0 345.0 17.0 20.0
2.533333 1 357.0 345.0 26.0 21.0
2.566667 1 363.0 349.0 20.0 17.0
2.600000 1 363.0 349.0 27.0 20.0
2.633333 1 372.0 346.0 18.0 23.0
2.666667 1 372.0 346.0 23.0 20.0
2.700000 1 381.0 348.0 14.0 18.0
2.733333 1 381.0 348.0 21.0 18.0
2.766667 1 387.0 345.0 15.0 21.0
2.800000 1 387.0 345.0 30.0 23.0
2.833333 1 396.0 346.0 21.0 22.0
2.866667 1 396.0 346.0 27.0 20.0
2.900000 1 402.0 348.0 21.0 18.0
2.933333 1 402.0 348.0 27.0 17.0
2.966667 1 404.0 343.0 25.0 22.0
3.000000 1 404.0 343.0 28.0 23.0
3.033333 1 414.0 345.0 18.0 21.0
3.066667 1 414.0 345.0 26.0 23.0
3.100000 1 418.0 345.0 21.0 21.0
3.133333 1 420.0 344.0 19.0 22.0
3.166667 1 420.0 344.0 31.0 21.0
3.200000 1 430.0 342.0 21.0 23.0
3.233333 1 430.0 342.0 28.0 23.0
3.266667 1 438.0 342.0 20.0 23.0
3.300000 1 438.0 342.0 28.0 22.0
3.333333 1 444.0 342.0 22.0 22.0
3.366667 1 444.0 342.0 29.0 19.0
3.400000 1 453.0 342.0 20.0 19.0
3.433333 1 453.0 342.0 27.0 20.0
3.466667 1 455.0 340.0 25.0 22.0
3.500000 1 455.0 340.0 25.0 20.0
3.533333 1 465.0 341.0 16.0 19.0
3.566667 1 465.0 341.0 27.0 19.0
3.600000 1 468.0 339.0 24.0 21.0
3.633333 1 468.0 339.0 29.0 21.0
3.666667 1 474.0 339.0 23.0 21.0
3.700000 1 475.0 339.0 26.0 19.0
3.733333 1 477.0 339.0 24.0 19.0
3.766667 1 477.0 339.0 29.0 21.0
3.800000 1 479.0 338.0 27.0 22.0
3.833333 1 479.0 338.0 35.0 22.0
3.866667 1 495.0 338.0 19.0 22.0
3.900000 1 495.0 338.0 24.0 20.0
3.933333 1 500.0 342.0 19.0 16.0
3.966667 1 500.0 342.0 25.0 16.0
4.000000 1 504.0 339.0 21.0 19.0
4.033333 1 504.0 339.0 27.0 19.0
4.066667 1 511.0 337.0 20.0 21.0
4.100000 1 511.0 337.0 29.0 20.0
4.133333 1 516.0 336.0 24.0 21.0
4.166667 1 516.0 336.0 28.0 24.0
4.200000 1 519.0 336.0 25.0 24.0
4.233333 1 519.0 336.0 29.0 23.0
4.266667 1 527.0 339.0 21.0 20.0
4.300000 1 527.0 339.0 25.0 22.0
4.333333 1 531.0 339.0 21.0 22.0
4.366667 1 531.0 339.0 31.0 21.0
4.400000 1 540.0 339.0 22.0 21.0
4.433333 1 540.0 339.0 28.0 24.0
4.466667 1 544.0 339.0 24.0 24.0
4.500000 1 544.0 339.0 29.0 26.0
4.533333 1 555.0 342.0 18.0 23.0
4.566667 1 555.0 342.0 19.0 18.0
4.600000 1 558.0 342.0 16.0 18.0
4.633333 1 558.0 342.0 25.0 21.0
4.666667 1 561.0 336.0 22.0 27.0
4.700000 1 561.0 336.0 26.0 27.0
4.733333 1 204.0 336.0 18.0 24.0
4.766667 1 207.0 339.0 24.0 20.0
4.800000 1 210.0 339.0 25.0 19.0
4.833333 1 211.0 333.0 30.0 29.0
4.866667 1 217.0 339.0 25.0 24.0
4.900000 1 218.0 337.0 24.0 26.0
4.933333 1 218.0 337.0 30.0 26.0
4.966667 1 225.0 337.0 23.0 26.0
5.000000 1 225.0 337.0 33.0 25.0
5.033333 1 230.0 338.0 28.0 24.0
5.066667 1 230.0 338.0 30.0 24.0
5.100000 1 242.0 338.0 18.0 24.0
5.133333 1 242.0 338.0 27.0 26.0
5.166667 1 243.0 341.0 26.0 22.0
5.200000 1 243.0 341.0 33.0 25.0
5.233333 1 247.0 333.0 26.0 30.0
5.266667 1 247.0 333.0 36.0 30.0
5.300000 1 255.0 336.0 27.0 27.0
5.333333 1 255.0 336.0 33.0 27.0
5.366667 1 258.0 337.0 30.0 26.0
5.400000 1 258.0 337.0 33.0 26.0
5.433333 1 264.0 337.0 27.0 26.0
5.466667 1 264.0 336.0 32.0 26.0
5.500000 1 270.0 337.0 26.0 25.0
5.533333 1 270.0 337.0 28.0 29.0
5.566667 1 276.0 336.0 23.0 27.0
5.600000 1 275.0 336.0 30.0 24.0
5.633333 1 282.0 338.0 23.0 22.0
5.666667 1 282.0 338.0 28.0 25.0
5.700000 1 291.0 338.0 19.0 25.0
5.733333 1 291.0 338.0 31.0 26.0
5.766667 1 293.0 342.0 29.0 22.0
5.800000 1 293.0 342.0 28.0 23.0
5.833333 1 299.0 342.0 22.0 22.0
5.866667 1 299.0 342.0 32.0 21.0
5.900000 1 306.0 342.0 25.0 21.0
5.933333 1 306.0 342.0 34.0 24.0
5.966667 1 312.0 342.0 28.0 24.0
6.000000 1 312.0 342.0 33.0 30.0
6.033333 1 315.0 342.0 30.0 30.0
6.066667 1 315.0 342.0 34.0 27.0
6.100000 1 325.0 346.0 24.0 23.0
6.133333 1 325.0 346.0 30.0 25.0
6.166667 1 327.0 342.0 28.0 27.0
6.200000 1 327.0 342.0 31.0 27.0
6.233333 1 333.0 345.0 25.0 24.0
6.266667 1 336.0 347.0 33.0 25.0
6.300000 1 339.0 350.0 30.0 22.0
6.333333 1 339.0 350.0 30.0 20.0
6.366667 1 345.0 349.0 24.0 21.0
6.400000 1 345.0 349.0 30.0 23.0
6.433333 1 348.0 350.0 27.0 22.0
6.466667 1 357.0 354.0 19.0 18.0
6.500000 1 354.0 354.0 22.0 18.0
6.533333 1 354.0 354.0 28.0 21.0
6.566667 1 358.0 352.0 26.0 20.0
6.600000 1 359.0 352.0 25.0 20.0
6.633333 1 359.0 352.0 28.0 21.0
6.666667 1 365.0 354.0 22.0 19.0
6.700000 1 365.0 354.0 28.0 25.0
6.733333 1 373.0 360.0 20.0 19.0
6.766667 1 373.0 360.0 23.0 19.0
6.800000 1 374.0 360.0 22.0 19.0
6.833333 1 374.0 360.0 27.0 20.0
6.866667 1 383.0 363.0 18.0 17.0
6.900000 1 383.0 363.0 23.0 19.0
6.933333 1 385.0 360.0 21.0 21.0
6.966667 1 385.0 360.0 24.0 22.0
7.000000 1 390.0 362.0 20.0 20.0
7.033333 1 390.0 362.0 20.0 20.0
7.066667 1 391.0 364.0 20.0 18.0
7.100000 1 391.0 364.0 26.0 20.0
7.133333 1 395.0 366.0 22.0 18.0
7.166667 1 395.0 366.0 24.0 21.0
7.200000 1 399.0 363.0 20.0 24.0
7.233333 1 399.0 363.0 24.0 21.0
7.266667 1 402.0 366.0 21.0 18.0
7.300000 1 402.0 366.0 27.0 20.0
7.333333 1 404.0 363.0 25.0 24.0
7.366667 1 404.0 363.0 30.0 25.0
7.400000 1 407.0 366.0 27.0 22.0
7.433333 1 407.0 366.0 25.0 21.0
7.466667 1 416.0 369.0 16.0 18.0
7.500000 1 416.0 369.0 24.0 20.0
7.533333 1 417.0 367.0 23.0 22.0
7.566667 1 416.0 367.0 26.0 23.0
7.600000 1 418.0 369.0 24.0 21.0
7.633333 1 418.0 369.0 29.0 24.0
7.666667 1 423.0 372.0 23.0 17.0
7.700000 1 423.0 372.0 26.0 20.0
7.733333 1 426.0 369.0 23.0 23.0
7.766667 1 426.0 369.0 27.0 23.0
7.800000 1 431.0 370.0 22.0 22.0
7.833333 1 431.0 370.0 22.0 21.0
7.866667 1 434.0 372.0 19.0 19.0
7.900000 1 434.0 372.0 24.0 20.0
7.933333 1 572.0 97.0 27.0 39.0
7.966667 1 563.0 98.0 33.0 38.0
8.000000 1 557.0 98.0 30.0 36.0
8.033333 1 547.0 95.0 37.0 38.0
8.066667 1 545.0 93.0 30.0 37.0
8.100000 1 540.0 93.0 27.0 35.0
8.133333 1 530.0 86.0 26.0 36.0
8.166667 1 521.0 83.0 25.0 32.0
8.200000 1 513.0 76.0 37.0 38.0
8.233333 1 502.0 73.0 35.0 35.0
8.266667 1 503.0 69.0 31.0 36.0
8.300000 1 494.0 61.0 34.0 38.0
8.333333 1 485.0 58.0 37.0 36.0
8.366667 1 474.0 52.0 37.0 44.0
8.400000 1 472.0 55.0 38.0 45.0
8.433333 1 466.0 61.0 32.0 36.0
8.466667 1 456.0 56.0 36.0 41.0
8.500000 1 452.0 49.0 28.0 36.0
8.533333 1 444.0 51.0 41.0 39.0
8.566667 1 439.0 45.0 32.0 32.0
8.600000 1 434.0 43.0 36.0 33.0
8.633333 1 424.0 37.0 35.0 30.0
8.666667 1 419.0 32.9 31.0 34.1
8.700000 1 410.0 30.6 41.0 34.4
8.733333 1 408.0 31.0 30.0 33.0
8.766667 1 392.0 28.0 36.0 35.0
8.800000 1 391.0 24.0 26.0 40.0
8.833333 1 380.0 20.0 37.0 39.0
8.866667 1 376.0 20.1 35.0 32.9
8.900000 1 373.0 15.0 23.0 29.0
8.933333 1 529.0 337.0 26.0 25.0
8.966667 1 527.0 336.0 23.0 21.0
9.000000 1 511.0 339.0 39.0 21.0
9.033333 1 506.0 337.0 28.0 23.0
9.066667 1 498.0 335.0 32.0 24.0
9.100000 1 494.0 337.0 26.0 25.0
9.133333 1 483.0 338.0 26.0 20.0
9.166667 1 477.0 336.0 29.0 21.0
9.200000 1 472.0 336.0 26.0 25.0
9.233333 1 462.0 338.0 30.0 22.0
9.266667 1 457.0 336.0 28.0 22.0
9.300000 1 449.0 338.0 25.0 19.0
9.333333 1 441.0 339.0 26.0 20.0
9.366667 1 439.0 337.0 20.0 19.0
9.400000 1 425.0 337.0 31.0 20.0
9.433333 1 419.0 336.0 25.0 23.0
9.466667 1 413.0 336.0 24.0 22.0
9.500000 1 409.0 340.0 20.0 16.0
9.533333 1 402.0 336.0 25.0 24.0
9.566667 1 393.0 338.0 21.0 17.0
9.600000 1 391.0 336.0 23.0 21.0
9.633333 1 381.0 331.0 22.0 29.0
9.666667 1 371.0 337.0 28.0 20.0
9.700000 1 363.0 336.0 29.0 19.0
9.733333 1 357.0 336.0 21.0 23.0
9.766667 1 351.0 335.0 23.0 20.0
9.800000 1 342.0 333.0 24.0 24.0
9.833333 1 333.0 333.0 24.0 21.0
9.866667 1 330.0 333.0 23.0 25.0
9.900000 1 324.0 333.0 20.0 20.0
9.933333 1 315.0 336.0 29.0 23.0
9.966667 1 303.0 335.0 31.0 19.0
10.000000 1 297.0 332.0 26.0 26.0
10.033333 1 294.0 334.0 21.0 16.0
10.066667 1 284.0 333.0 22.0 21.0
10.100000 1 282.0 337.0 24.0 14.0
10.133333 1 273.0 334.0 18.0 20.0
10.166667 1 264.0 335.0 19.0 19.0
10.200000 1 257.0 335.0 19.0 19.0
10.233333 1 249.0 335.0 21.0 14.0
10.266667 1 241.0 336.0 17.0 13.0
10.300000 1 236.0 333.0 19.0 17.0
10.333333 1 219.0 336.0 23.0 19.0
10.366667 1 215.0 334.0 21.0 20.0
10.400000 1 205.2 335.0 25.8 21.0
10.433333 1 203.0 335.0 22.0 20.0
10.466667 1 195.0 334.0 24.0 21.0
10.500000 1 184.0 334.0 23.0 19.0
10.533333 1 180.0 336.0 24.0 21.0
10.566667 1 172.0 336.0 22.0 21.0
10.600000 1 165.0 338.0 18.0 18.0
10.633333 1 159.0 340.0 19.0 14.0
10.666667 1 150.0 336.0 21.0 17.0
10.700000 1 143.0 336.0 15.0 18.0
10.733333 1 132.0 339.0 18.0 15.0
