0.000000 1 341.0 270.0 26.0 24.0
0.033333 1 339.0 270.3 28.0 23.3
0.066667 1 337.0 270.7 30.0 22.7
0.100000 1 335.0 271.0 32.0 22.0
0.133333 1 333.6 271.4 31.8 21.9
0.166667 1 332.1 271.7 31.6 21.9
0.200000 1 330.7 272.1 31.4 21.8
0.233333 1 329.3 272.5 31.3 21.8
0.266667 1 327.8 272.9 31.1 21.7
0.300000 1 326.4 273.2 30.9 21.6
0.333333 1 324.9 273.6 30.7 21.6
0.366667 1 323.5 274.0 30.5 21.5
0.400000 1 322.1 274.4 30.3 21.4
0.433333 1 320.6 274.7 30.1 21.4
0.466667 1 319.2 275.1 29.9 21.3
0.500000 1 317.8 275.5 29.8 21.3
0.533333 1 316.3 275.9 29.6 21.2
0.566667 1 314.9 276.2 29.4 21.1
0.600000 1 313.4 276.6 29.2 21.1
0.633333 1 312.0 277.0 29.0 21.0
0.666667 1 310.1 277.3 29.3 21.2
0.700000 1 308.1 277.7 29.7 21.4
0.733333 1 306.2 278.0 30.0 21.6
0.766667 1 304.3 278.3 30.3 21.8
0.800000 1 302.3 278.7 30.7 22.0
0.833333 1 300.4 279.0 31.0 22.2
0.866667 1 298.5 279.3 31.3 22.4
0.900000 1 296.5 279.7 31.7 22.6
0.933333 1 294.6 280.0 32.0 22.8
0.966667 1 292.7 280.3 32.3 23.0
1.000000 1 290.7 280.7 32.7 23.2
1.033333 1 288.8 281.0 33.0 23.4
1.066667 1 286.9 281.3 33.3 23.6
1.100000 1 284.9 281.7 33.7 23.8
1.133333 1 283.0 282.0 34.0 24.0
1.166667 1 281.0 282.2 33.4 23.8
1.200000 1 279.0 282.4 32.9 23.5
1.233333 1 277.0 282.6 32.3 23.3
1.266667 1 275.0 282.7 31.8 23.0
1.300000 1 273.0 282.9 31.2 22.8
1.333333 1 271.0 283.1 30.6 22.5
1.366667 1 269.0 283.3 30.1 22.3
1.400000 1 267.0 283.5 29.5 22.0
1.433333 1 265.0 283.7 28.9 21.8
1.466667 1 263.0 283.9 28.4 21.5
1.500000 1 261.0 284.1 27.8 21.3
1.533333 1 259.0 284.2 27.3 21.0
1.566667 1 257.0 284.4 26.7 20.8
1.600000 1 255.0 284.6 26.1 20.5
1.633333 1 253.0 284.8 25.6 20.3
1.666667 1 251.0 285.0 25.0 20.0
1.700000 1 248.6 285.2 24.9 20.4
1.733333 1 246.1 285.4 24.9 20.8
1.766667 1 243.7 285.6 24.8 21.1
1.800000 1 241.2 285.8 24.7 21.5
1.833333 1 238.8 285.9 24.7 21.9
1.866667 1 236.4 286.1 24.6 22.3
1.900000 1 233.9 286.3 24.6 22.6
1.933333 1 231.5 286.5 24.5 23.0
1.966667 1 229.1 286.7 24.4 23.4
2.000000 1 226.6 286.9 24.4 23.8
2.033333 1 224.2 287.1 24.3 24.1
2.066667 1 221.7 287.3 24.2 24.5
2.100000 1 219.3 287.4 24.2 24.9
2.133333 1 216.9 287.6 24.1 25.3
2.166667 1 214.4 287.8 24.1 25.6
2.200000 1 212.0 288.0 24.0 26.0
2.233333 1 209.4 288.5 24.0 25.9
2.266667 1 206.7 289.0 24.0 25.9
2.300000 1 204.1 289.5 24.0 25.8
2.333333 1 201.4 290.0 24.0 25.7
2.366667 1 198.8 290.5 24.0 25.6
2.400000 1 196.1 291.0 24.0 25.6
2.433333 1 193.5 291.5 24.0 25.5
2.466667 1 190.9 292.0 24.0 25.4
2.500000 1 188.2 292.5 24.0 25.4
2.533333 1 185.6 293.0 24.0 25.3
2.566667 1 182.9 293.5 24.0 25.2
2.600000 1 180.3 294.0 24.0 25.1
2.633333 1 177.6 294.5 24.0 25.1
2.666667 1 175.0 295.0 24.0 25.0
2.700000 1 172.6 295.4 23.9 25.0
2.733333 1 170.2 295.8 23.8 25.0
2.766667 1 167.8 296.2 23.8 25.0
2.800000 1 165.5 296.5 23.7 25.0
2.833333 1 163.1 296.9 23.6 25.0
2.866667 1 160.7 297.3 23.5 25.0
2.900000 1 158.3 297.7 23.5 25.0
2.933333 1 155.9 298.1 23.4 25.0
2.966667 1 153.5 298.5 23.3 25.0
3.000000 1 151.2 298.8 23.2 25.0
3.033333 1 148.8 299.2 23.2 25.0
3.066667 1 146.4 299.6 23.1 25.0
3.100000 1 144.0 300.0 23.0 25.0
3.133333 1 140.9 300.3 23.4 25.1
3.166667 1 137.8 300.7 23.9 25.2
3.200000 1 134.7 301.0 24.3 25.3
3.233333 1 131.6 301.3 24.8 25.4
3.266667 1 128.4 301.7 25.2 25.6
3.300000 1 125.3 302.0 25.7 25.7
3.333333 1 122.2 302.3 26.1 25.8
3.366667 1 119.1 302.7 26.6 25.9
3.400000 1 116.0 303.0 27.0 26.0
3.433333 1 113.3 303.6 26.9 26.2
3.466667 1 110.6 304.2 26.8 26.4
3.500000 1 107.9 304.8 26.7 26.6
3.533333 1 105.2 305.4 26.6 26.8
3.566667 1 102.5 306.0 26.5 27.0
3.600000 1 99.8 306.6 26.4 27.2
3.633333 1 97.1 307.2 26.3 27.4
3.666667 1 94.4 307.8 26.2 27.6
3.700000 1 91.7 308.4 26.1 27.8
3.733333 1 89.0 309.0 26.0 28.0
3.766667 1 290.0 262.0 22.0 22.0
3.800000 1 289.2 261.0 22.5 22.0
3.833333 1 288.5 260.0 23.0 22.0
3.866667 1 287.7 259.0 23.5 22.0
3.900000 1 287.0 258.0 24.0 22.0
3.933333 1 286.8 257.1 24.0 21.8
3.966667 1 286.6 256.2 24.0 21.6
4.000000 1 286.3 255.3 24.0 21.3
4.033333 1 286.1 254.4 24.0 21.1
4.066667 1 285.9 253.6 24.0 20.9
4.100000 1 285.7 252.7 24.0 20.7
4.133333 1 285.4 251.8 24.0 20.4
4.166667 1 285.2 250.9 24.0 20.2
4.200000 1 285.0 250.0 24.0 20.0
4.233333 1 285.2 248.8 23.6 20.5
4.266667 1 285.4 247.6 23.2 21.0
4.300000 1 285.6 246.4 22.8 21.5
4.333333 1 285.8 245.2 22.4 22.0
4.366667 1 286.0 244.0 22.0 22.5
4.400000 1 286.2 242.8 21.6 23.0
4.433333 1 286.4 241.6 21.2 23.5
4.466667 1 286.6 240.4 20.8 24.0
4.500000 1 286.8 239.2 20.4 24.5
4.533333 1 287.0 238.0 20.0 25.0
4.566667 1 286.9 237.7 20.1 24.9
4.600000 1 286.8 237.3 20.1 24.8
4.633333 1 286.7 237.0 20.2 24.7
4.666667 1 286.6 236.7 20.2 24.6
4.700000 1 286.4 236.3 20.3 24.4
4.733333 1 286.3 236.0 20.3 24.3
4.766667 1 286.2 235.7 20.4 24.2
4.800000 1 286.1 235.3 20.4 24.1
4.833333 1 286.0 235.0 20.5 24.0
4.866667 1 285.9 234.7 20.6 23.9
4.900000 1 285.8 234.3 20.6 23.8
4.933333 1 285.7 234.0 20.7 23.7
4.966667 1 285.6 233.7 20.7 23.6
5.000000 1 285.4 233.3 20.8 23.4
5.033333 1 285.3 233.0 20.8 23.3
5.066667 1 285.2 232.7 20.9 23.2
5.100000 1 285.1 232.3 20.9 23.1
5.133333 1 285.0 232.0 21.0 23.0
5.166667 1 285.1 231.7 20.8 22.8
5.200000 1 285.1 231.5 20.6 22.7
5.233333 1 285.2 231.2 20.4 22.5
5.266667 1 285.2 230.9 20.2 22.4
5.300000 1 285.3 230.7 19.9 22.2
5.333333 1 285.3 230.4 19.7 22.1
5.366667 1 285.4 230.2 19.5 21.9
5.400000 1 285.4 229.9 19.3 21.7
5.433333 1 285.5 229.6 19.1 21.6
5.466667 1 285.5 229.4 18.9 21.4
5.500000 1 285.6 229.1 18.7 21.3
5.533333 1 285.6 228.8 18.5 21.1
5.566667 1 285.7 228.6 18.3 20.9
5.600000 1 285.7 228.3 18.1 20.8
5.633333 1 285.8 228.1 17.8 20.6
5.666667 1 285.8 227.8 17.6 20.5
5.700000 1 285.9 227.5 17.4 20.3
5.733333 1 285.9 227.3 17.2 20.2
5.766667 1 286.0 227.0 17.0 20.0
5.800000 1 285.9 226.5 17.2 20.4
5.833333 1 285.9 226.0 17.4 20.8
5.866667 1 285.8 225.5 17.6 21.1
5.900000 1 285.7 225.0 17.8 21.5
5.933333 1 285.7 224.5 17.9 21.9
5.966667 1 285.6 224.0 18.1 22.3
6.000000 1 285.6 223.5 18.3 22.6
6.033333 1 285.5 223.0 18.5 23.0
6.066667 1 285.4 222.5 18.7 23.4
6.100000 1 285.4 222.0 18.9 23.8
6.133333 1 285.3 221.5 19.1 24.1
6.166667 1 285.2 221.0 19.3 24.5
6.200000 1 285.2 220.5 19.4 24.9
6.233333 1 285.1 220.0 19.6 25.3
6.266667 1 285.1 219.5 19.8 25.6
6.300000 1 285.0 219.0 20.0 26.0
6.333333 1 285.0 218.5 20.0 25.9
6.366667 1 285.0 218.1 20.0 25.8
6.400000 1 285.0 217.6 20.0 25.8
6.433333 1 285.0 217.2 20.0 25.7
6.466667 1 285.0 216.7 20.0 25.6
6.500000 1 285.0 216.2 20.0 25.5
6.533333 1 285.0 215.8 20.0 25.5
6.566667 1 285.0 215.3 20.0 25.4
6.600000 1 285.0 214.8 20.0 25.3
6.633333 1 285.0 214.4 20.0 25.2
6.666667 1 285.0 213.9 20.0 25.2
6.700000 1 285.0 213.5 20.0 25.1
6.733333 1 285.0 213.0 20.0 25.0
6.766667 1 284.8 212.6 20.0 24.8
6.800000 1 284.6 212.3 20.0 24.6
6.833333 1 284.4 211.9 20.0 24.4
6.866667 1 284.1 211.6 20.0 24.1
6.900000 1 283.9 211.2 20.0 23.9
6.933333 1 283.7 210.9 20.0 23.7
6.966667 1 283.5 210.5 20.0 23.5
7.000000 1 283.3 210.1 20.0 23.3
7.033333 1 283.1 209.8 20.0 23.1
7.066667 1 282.9 209.4 20.0 22.9
7.100000 1 282.6 209.1 20.0 22.6
7.133333 1 282.4 208.7 20.0 22.4
7.166667 1 282.2 208.4 20.0 22.2
7.200000 1 282.0 208.0 20.0 22.0
7.233333 1 281.5 207.5 20.0 22.0
7.266667 1 281.0 207.0 20.0 22.0
7.300000 1 280.5 206.5 20.0 22.0
7.333333 1 280.0 206.0 20.0 22.0
7.366667 1 279.5 205.5 20.0 22.0
7.400000 1 279.0 205.0 20.0 22.0
7.433333 1 278.5 204.5 20.0 22.0
7.466667 1 278.0 204.0 20.0 22.0
7.500000 1 277.5 203.8 19.8 22.2
7.533333 1 277.0 203.6 19.6 22.4
7.566667 1 276.5 203.4 19.4 22.6
7.600000 1 276.0 203.2 19.2 22.8
7.633333 1 275.5 203.0 19.0 23.0
7.666667 1 275.0 202.8 18.8 23.2
7.700000 1 274.5 202.6 18.6 23.4
7.733333 1 274.0 202.4 18.4 23.6
7.766667 1 273.5 202.2 18.2 23.8
7.800000 1 273.0 202.0 18.0 24.0
7.833333 1 271.7 201.9 18.4 23.9
7.866667 1 270.5 201.8 18.7 23.8
7.900000 1 269.2 201.7 19.1 23.7
7.933333 1 267.9 201.6 19.5 23.6
7.966667 1 266.6 201.5 19.8 23.5
8.000000 1 265.4 201.5 20.2 23.5
8.033333 1 264.1 201.4 20.5 23.4
8.066667 1 262.8 201.3 20.9 23.3
8.100000 1 261.5 201.2 21.3 23.2
8.133333 1 260.3 201.1 21.6 23.1
8.166667 1 259.0 201.0 22.0 23.0
8.200000 1 257.5 201.0 22.2 23.2
8.233333 1 255.9 201.0 22.4 23.4
8.266667 1 254.4 201.0 22.5 23.5
8.300000 1 252.8 201.0 22.7 23.7
8.333333 1 251.3 201.0 22.9 23.9
8.366667 1 249.7 201.0 23.1 24.1
8.400000 1 248.2 201.0 23.3 24.3
8.433333 1 246.6 201.0 23.5 24.5
8.466667 1 245.1 201.0 23.6 24.6
8.500000 1 243.5 201.0 23.8 24.8
8.533333 1 242.0 201.0 24.0 25.0
8.566667 1 240.1 200.6 23.9 25.1
8.600000 1 238.3 200.3 23.9 25.3
8.633333 1 236.4 199.9 23.8 25.4
8.666667 1 234.6 199.6 23.7 25.6
8.700000 1 232.7 199.2 23.6 25.7
8.733333 1 230.9 198.9 23.6 25.9
8.766667 1 229.0 198.5 23.5 26.0
8.800000 1 227.1 198.1 23.4 26.1
8.833333 1 225.3 197.8 23.4 26.3
8.866667 1 223.4 197.4 23.3 26.4
8.900000 1 221.6 197.1 23.2 26.6
8.933333 1 219.7 196.7 23.1 26.7
8.966667 1 217.9 196.4 23.1 26.9
9.000000 1 216.0 196.0 23.0 27.0
9.033333 1 213.9 195.6 23.0 26.9
9.066667 1 211.8 195.3 23.0 26.8
9.100000 1 209.6 194.9 23.0 26.6
9.133333 1 207.5 194.6 23.0 26.5
9.166667 1 205.4 194.2 23.0 26.4
9.200000 1 203.3 193.9 23.0 26.3
9.233333 1 201.2 193.5 23.0 26.2
9.266667 1 199.1 193.2 23.0 26.1
9.300000 1 196.9 192.8 23.0 25.9
9.333333 1 194.8 192.5 23.0 25.8
9.366667 1 192.7 192.1 23.0 25.7
9.400000 1 190.6 191.8 23.0 25.6
9.433333 1 188.5 191.4 23.0 25.5
9.466667 1 186.4 191.1 23.0 25.4
9.500000 1 184.2 190.7 23.0 25.2
9.533333 1 182.1 190.4 23.0 25.1
9.566667 1 180.0 190.0 23.0 25.0
9.600000 1 177.7 189.8 23.0 24.8
9.633333 1 175.4 189.5 23.0 24.7
9.666667 1 173.1 189.3 23.0 24.5
9.700000 1 170.8 189.1 23.0 24.4
9.733333 1 168.5 188.8 23.0 24.2
9.766667 1 166.2 188.6 23.0 24.1
9.800000 1 163.8 188.4 23.0 23.9
9.833333 1 161.5 188.2 23.0 23.8
9.866667 1 159.2 187.9 23.0 23.6
9.900000 1 156.9 187.7 23.0 23.5
9.933333 1 154.6 187.5 23.0 23.3
9.966667 1 152.3 187.2 23.0 23.2
10.000000 1 150.0 187.0 23.0 23.0
10.033333 1 147.5 186.4 22.9 23.6
10.066667 1 145.0 185.8 22.8 24.2
10.100000 1 142.5 185.2 22.7 24.8
10.133333 1 140.0 184.6 22.6 25.4
10.166667 1 137.5 184.0 22.5 26.0
10.200000 1 135.0 183.4 22.4 26.6
10.233333 1 132.5 182.8 22.3 27.2
10.266667 1 130.0 182.2 22.2 27.8
10.300000 1 127.5 181.6 22.1 28.4
10.333333 1 125.0 181.0 22.0 29.0
