0.000000 1 538.0 338.0 21.0 26.0
0.033333 1 537.5 337.8 21.4 26.2
0.066667 1 536.9 337.6 21.7 26.4
0.100000 1 536.4 337.5 22.1 26.5
0.133333 1 535.8 337.3 22.5 26.7
0.166667 1 535.3 337.1 22.8 26.9
0.200000 1 534.7 336.9 23.2 27.1
0.233333 1 534.2 336.7 23.5 27.3
0.266667 1 533.6 336.5 23.9 27.5
0.300000 1 533.1 336.4 24.3 27.6
0.333333 1 532.5 336.2 24.6 27.8
0.366667 1 532.0 336.0 25.0 28.0
0.400000 1 528.7 336.1 24.6 27.5
0.433333 1 525.4 336.2 24.2 27.0
0.466667 1 522.1 336.3 23.8 26.5
0.500000 1 518.8 336.4 23.4 26.0
0.533333 1 515.5 336.5 23.0 25.5
0.566667 1 512.2 336.6 22.6 25.0
0.600000 1 508.9 336.7 22.2 24.5
0.633333 1 505.6 336.8 21.8 24.0
0.666667 1 502.3 336.9 21.4 23.5
0.700000 1 499.0 337.0 21.0 23.0
0.733333 1 495.3 336.6 22.0 23.3
0.766667 1 491.6 336.2 23.0 23.6
0.800000 1 487.9 335.8 24.0 23.9
0.833333 1 484.2 335.4 25.0 24.2
0.866667 1 480.5 335.0 26.0 24.5
0.900000 1 476.8 334.6 27.0 24.8
0.933333 1 473.1 334.2 28.0 25.1
0.966667 1 469.4 333.8 29.0 25.4
1.000000 1 465.7 333.4 30.0 25.7
1.033333 1 462.0 333.0 31.0 26.0
1.066667 1 460.6 333.0 30.3 25.5
1.100000 1 459.2 333.0 29.7 25.0
1.133333 1 457.8 333.0 29.0 24.5
1.166667 1 456.3 333.0 28.3 24.0
1.200000 1 454.9 333.0 27.7 23.5
1.233333 1 453.5 333.0 27.0 23.0
1.266667 1 452.1 333.0 26.3 22.5
1.300000 1 450.7 333.0 25.7 22.0
1.333333 1 449.3 333.0 25.0 21.5
1.366667 1 447.8 333.0 24.3 21.0
1.400000 1 446.4 333.0 23.7 20.5
1.433333 1 445.0 333.0 23.0 20.0
1.466667 1 442.8 332.6 23.8 20.5
1.500000 1 440.6 332.3 24.6 20.9
1.533333 1 438.5 331.9 25.5 21.4
1.566667 1 436.3 331.5 26.3 21.8
1.600000 1 434.1 331.2 27.1 22.3
1.633333 1 431.9 330.8 27.9 22.7
1.666667 1 429.7 330.5 28.7 23.2
1.700000 1 427.5 330.1 29.5 23.6
1.733333 1 425.4 329.7 30.4 24.1
1.766667 1 423.2 329.4 31.2 24.5
1.800000 1 421.0 329.0 32.0 25.0
1.833333 1 419.2 328.6 32.1 25.1
1.866667 1 417.4 328.2 32.2 25.2
1.900000 1 415.6 327.8 32.3 25.3
1.933333 1 413.8 327.4 32.4 25.4
1.966667 1 412.0 327.0 32.5 25.5
2.000000 1 410.2 326.6 32.6 25.6
2.033333 1 408.4 326.2 32.7 25.7
2.066667 1 406.6 325.8 32.8 25.8
2.100000 1 404.8 325.4 32.9 25.9
2.133333 1 403.0 325.0 33.0 26.0
2.166667 1 401.5 324.9 32.4 25.8
2.200000 1 400.1 324.8 31.7 25.6
2.233333 1 398.6 324.7 31.1 25.5
2.266667 1 397.2 324.6 30.5 25.3
2.300000 1 395.7 324.5 29.8 25.1
2.333333 1 394.3 324.5 29.2 24.9
2.366667 1 392.8 324.4 28.5 24.7
2.400000 1 391.4 324.3 27.9 24.5
2.433333 1 389.9 324.2 27.3 24.4
2.466667 1 388.5 324.1 26.6 24.2
2.500000 1 387.0 324.0 26.0 24.0
2.533333 1 385.0 323.6 26.6 24.3
2.566667 1 383.0 323.1 27.1 24.7
2.600000 1 381.0 322.7 27.7 25.0
2.633333 1 379.0 322.2 28.2 25.3
2.666667 1 377.0 321.8 28.8 25.7
2.700000 1 375.0 321.3 29.3 26.0
2.733333 1 373.0 320.9 29.9 26.3
2.766667 1 371.0 320.4 30.4 26.7
2.800000 1 369.0 320.0 31.0 27.0
2.833333 1 367.2 320.1 30.6 26.6
2.866667 1 365.4 320.2 30.3 26.3
2.900000 1 363.5 320.3 29.9 25.9
2.933333 1 361.7 320.4 29.5 25.5
2.966667 1 359.9 320.5 29.2 25.2
3.000000 1 358.1 320.5 28.8 24.8
3.033333 1 356.3 320.6 28.5 24.5
3.066667 1 354.5 320.7 28.1 24.1
3.100000 1 352.6 320.8 27.7 23.7
3.133333 1 350.8 320.9 27.4 23.4
3.166667 1 349.0 321.0 27.0 23.0
3.200000 1 347.1 320.1 27.0 23.6
3.233333 1 345.3 319.3 27.0 24.2
3.266667 1 343.4 318.4 27.0 24.9
3.300000 1 341.5 317.5 27.0 25.5
3.333333 1 339.6 316.6 27.0 26.1
3.366667 1 337.8 315.8 27.0 26.7
3.400000 1 335.9 314.9 27.0 27.4
3.433333 1 334.0 314.0 27.0 28.0
3.466667 1 331.6 313.9 26.8 28.0
3.500000 1 329.2 313.8 26.6 27.9
3.533333 1 326.8 128.0 313.7 379.0
3.533333 1 26.0 27.0 27.0 23.0
3.566667 1 324.4 126.9 313.6 378.9
3.566667 1 26.3 27.1 27.8 23.3
3.600000 1 322.0 125.8 313.5 378.8
3.600000 1 26.1 27.2 27.8 23.7
3.633333 1 319.5 124.8 313.5 378.8
3.633333 1 25.9 27.2 27.7 24.0
3.666667 1 317.1 123.7 313.4 378.7
3.666667 1 25.7 27.3 27.7 24.3
3.700000 1 314.7 122.6 313.3 378.6
3.700000 1 25.5 27.4 27.6 24.7
3.733333 1 312.3 121.5 313.2 378.5
3.733333 1 25.4 27.5 27.6 25.0
3.766667 1 309.9 120.4 313.1 378.4
3.766667 1 25.2 27.6 27.5 25.3
3.800000 1 307.5 119.3 313.0 378.3
3.800000 1 25.0 27.7 27.5 25.7
3.833333 1 305.1 118.3 312.9 378.3
3.833333 1 24.8 27.7 27.5 26.0
3.866667 1 302.7 117.2 312.8 378.2
3.866667 1 24.6 27.8 27.4 26.3
3.900000 1 300.3 116.1 312.7 378.1
3.900000 1 24.5 27.9 27.4 26.7
3.933333 1 297.9 115.0 312.6 378.0
3.933333 1 24.3 28.0 27.3 27.0
3.966667 1 295.5 114.1 312.5 377.9
3.966667 1 24.1 28.0 27.3 26.8
4.000000 1 293.0 113.1 312.5 377.8
4.000000 1 23.9 28.0 27.2 26.7
4.033333 1 290.6 112.2 312.4 377.7
4.033333 1 23.7 28.0 27.2 26.5
4.066667 1 288.2 111.2 312.3 377.6
4.066667 1 23.5 28.0 27.1 26.3
4.100000 1 285.8 110.3 312.2 377.4
4.100000 1 23.4 28.0 27.1 26.2
4.133333 1 283.4 109.3 312.1 377.3
4.133333 1 23.2 28.0 27.0 26.0
4.166667 1 281.0 108.4 312.0 377.2
4.166667 1 23.0 28.0 27.0 25.8
4.200000 1 278.7 107.4 311.9 377.1
4.200000 1 23.4 28.0 26.1 25.7
4.233333 1 276.5 106.5 311.8 377.0
4.233333 1 23.7 28.0 25.2 25.5
4.266667 1 274.2 105.6 311.7 376.9
4.266667 1 24.1 28.0 24.3 25.3
4.300000 1 271.9 104.6 311.6 376.8
4.300000 1 24.5 28.0 23.4 25.2
4.333333 1 269.6 103.7 311.5 376.7
4.333333 1 24.8 28.0 22.5 25.0
4.366667 1 267.4 102.7 311.5 376.6
4.366667 1 25.2 28.0 21.5 24.8
4.400000 1 265.1 101.8 311.4 376.4
4.400000 1 25.5 28.0 20.6 24.7
4.433333 1 262.8 100.8 311.3 376.3
4.433333 1 25.9 28.0 19.7 24.5
4.466667 1 260.5 99.9 311.2 376.2
4.466667 1 26.3 28.0 18.8 24.3
4.500000 1 258.3 98.9 311.1 376.1
4.500000 1 26.6 28.0 17.9 24.2
4.533333 1 256.0 98.0 311.0 376.0
4.533333 1 27.0 28.0 17.0 24.0
4.566667 1 254.0 96.9 311.1 375.8
4.566667 1 26.9 28.1 17.3 24.0
4.600000 1 252.0 95.9 311.1 375.5
4.600000 1 26.7 28.1 17.7 24.0
4.633333 1 250.0 94.8 311.2 375.3
4.633333 1 26.6 28.2 18.0 24.0
4.666667 1 248.0 93.8 311.3 375.1
4.666667 1 26.5 28.2 18.3 24.0
4.700000 1 246.0 92.7 311.3 374.8
4.700000 1 26.3 28.3 18.7 24.0
4.733333 1 244.0 91.6 311.4 374.6
4.733333 1 26.2 28.4 19.0 24.0
4.766667 1 242.0 90.6 311.5 374.4
4.766667 1 26.1 28.4 19.3 24.0
4.800000 1 240.0 89.5 311.5 374.1
4.800000 1 25.9 28.5 19.7 24.0
4.833333 1 238.0 88.5 311.6 373.9
4.833333 1 25.8 28.5 20.0 24.0
4.866667 1 236.0 87.4 311.7 373.6
4.866667 1 25.7 28.6 20.3 24.0
4.900000 1 234.0 86.4 311.7 373.4
4.900000 1 25.5 28.6 20.7 24.0
4.933333 1 232.0 85.3 311.8 373.2
4.933333 1 25.4 28.7 21.0 24.0
4.966667 1 230.0 84.2 311.9 372.9
4.966667 1 25.3 28.8 21.3 24.0
5.000000 1 228.0 83.2 311.9 372.7
5.000000 1 25.1 28.8 21.7 24.0
5.033333 1 226.0 82.1 312.0 372.5
5.033333 1 25.0 28.9 22.0 24.0
5.066667 1 223.7 81.1 311.9 372.2
5.066667 1 26.1 28.9 22.3 24.0
5.100000 1 221.4 80.0 311.8 372.0
5.100000 1 27.2 29.0 22.6 24.0
5.133333 1 219.1 78.8 311.7 372.0
5.133333 1 28.3 29.2 22.9 24.2
5.166667 1 216.8 77.7 311.6 372.0
5.166667 1 29.4 29.3 23.2 24.4
5.200000 1 214.5 76.5 311.5 372.0
5.200000 1 30.5 29.5 23.5 24.7
5.233333 1 212.2 75.3 311.4 372.0
5.233333 1 31.6 29.7 23.8 24.9
5.266667 1 209.9 74.2 311.3 372.0
5.266667 1 32.7 29.8 24.1 25.1
5.300000 1 207.6 73.0 311.2 372.0
5.300000 1 33.8 30.0 24.4 25.3
5.333333 1 205.3 71.8 311.1 372.0
5.333333 1 34.9 30.2 24.7 25.6
5.366667 1 203.0 70.7 311.0 372.0
5.366667 1 36.0 30.3 25.0 25.8
5.400000 1 201.0 69.5 311.1 372.0
5.400000 1 35.5 30.5 24.8 26.0
5.433333 1 199.0 68.3 311.2 372.0
5.433333 1 35.0 30.7 24.7 26.2
5.466667 1 197.0 67.2 311.2 372.0
5.466667 1 34.5 30.8 24.5 26.4
5.500000 1 195.0 66.0 311.3 372.0
5.500000 1 34.0 31.0 24.3 26.7
5.533333 1 193.0 64.8 311.4 372.0
5.533333 1 33.5 31.2 24.2 26.9
5.566667 1 191.0 63.7 311.5 372.0
5.566667 1 33.0 31.3 24.0 27.1
5.600000 1 189.0 62.5 311.6 372.0
5.600000 1 32.5 31.5 23.8 27.3
5.633333 1 187.0 61.3 311.7 372.0
5.633333 1 32.0 31.7 23.7 27.6
5.666667 1 185.0 60.2 311.7 372.0
5.666667 1 31.5 31.8 23.5 27.8
5.700000 1 183.0 59.0 311.8 372.0
5.700000 1 31.0 32.0 23.3 28.0
5.733333 1 181.0 57.8 311.9 371.6
5.733333 1 30.5 31.9 23.2 28.0
5.766667 1 179.0 56.7 312.0 371.2
5.766667 1 30.0 31.8 23.0 28.0
5.800000 1 176.9 55.5 312.1 370.8
5.800000 1 30.1 31.8 22.8 28.0
5.833333 1 174.7 54.4 312.1 370.5
5.833333 1 30.1 31.7 22.6 28.0
5.866667 1 172.6 53.2 312.2 370.1
5.866667 1 30.2 31.6 22.4 28.0
5.900000 1 170.4 52.1 312.3 369.7
5.900000 1 30.3 31.5 22.1 28.0
5.933333 1 168.3 50.9 312.4 369.3
5.933333 1 30.4 31.5 21.9 28.0
5.966667 1 166.1 49.8 312.4 368.9
5.966667 1 30.4 31.4 21.7 28.0
6.000000 1 164.0 48.6 312.5 368.5
6.000000 1 30.5 31.3 21.5 28.0
6.033333 1 161.9 47.5 312.6 368.2
6.033333 1 30.6 31.2 21.3 28.0
6.066667 1 159.7 46.3 312.6 367.8
6.066667 1 30.6 31.2 21.1 28.0
6.100000 1 157.6 45.2 312.7 367.4
6.100000 1 30.7 31.1 20.9 28.0
6.133333 1 155.4 44.0 312.8 367.0
6.133333 1 30.8 31.0 20.6 28.0
6.166667 1 153.3 43.1 312.9 366.7
6.166667 1 30.9 31.4 20.4 27.9
6.200000 1 151.1 42.3 312.9 366.5
6.200000 1 30.9 31.8 20.2 27.9
6.233333 1 149.0 41.4 313.0 366.2
6.233333 1 31.0 32.2 20.0 27.8
6.266667 1 147.5 40.5 313.0 365.9
6.266667 1 30.6 32.6 20.6 27.7
6.300000 1 146.1 39.7 313.0 365.7
6.300000 1 30.3 33.0 21.3 27.7
6.333333 1 144.6 38.8 313.0 365.4
6.333333 1 29.9 33.4 21.9 27.6
6.366667 1 143.2 37.9 313.0 365.1
6.366667 1 29.5 33.8 22.5 27.5
6.400000 1 141.7 37.1 313.0 364.9
6.400000 1 29.2 34.2 23.2 27.5
6.433333 1 140.3 36.2 313.0 364.6
6.433333 1 28.8 34.6 23.8 27.4
6.466667 1 138.8 35.3 313.0 364.3
6.466667 1 28.5 35.0 24.5 27.3
6.500000 1 137.4 34.5 313.0 364.1
6.500000 1 28.1 35.4 25.1 27.3
6.533333 1 135.9 33.6 313.0 363.8
6.533333 1 27.7 35.8 25.7 27.2
6.566667 1 134.5 32.7 313.0 363.5
6.566667 1 27.4 36.2 26.4 27.1
6.600000 1 133.0 31.9 313.0 363.3
6.600000 1 27.0 36.6 27.0 27.1
6.633333 1 130.8 31.0 313.4 363.0
6.633333 1 27.1 37.0 26.7 27.0
6.666667 1 128.6 30.6 313.7 362.3
6.666667 1 27.2 36.0 26.5 26.8
6.700000 1 126.5 30.2 314.1 361.6
6.700000 1 27.3 35.0 26.2 26.7
6.733333 1 124.3 29.8 314.5 360.9
6.733333 1 27.4 34.0 25.9 26.5
6.766667 1 122.1 29.5 314.8 360.2
6.766667 1 27.5 33.0 25.6 26.4
6.800000 1 119.9 29.1 315.2 359.5
6.800000 1 27.5 32.0 25.4 26.2
6.833333 1 117.7 28.7 315.5 358.8
6.833333 1 27.6 31.0 25.1 26.1
6.866667 1 115.5 28.3 315.9 358.2
6.866667 1 27.7 30.0 24.8 25.9
6.900000 1 113.4 27.9 316.3 357.5
6.900000 1 27.8 29.0 24.5 25.8
6.933333 1 111.2 27.5 316.6 356.8
6.933333 1 27.9 28.0 24.3 25.6
6.966667 1 109.0 27.2 317.0 356.1
6.966667 1 28.0 27.0 24.0 25.5
7.000000 1 107.2 26.8 316.7 355.4
7.000000 1 27.8 26.0 24.2 25.3
7.033333 1 105.5 26.4 316.4 354.7
7.033333 1 27.7 25.0 24.3 25.2
7.066667 1 103.7 26.0 316.1 354.0
7.066667 1 27.5 24.0 24.5 25.0
7.100000 1 101.9 25.9 315.8 353.2
7.100000 1 27.4 24.2 24.6 25.2
7.133333 1 100.2 25.8 315.5 352.5
7.133333 1 27.2 24.3 24.8 25.3
7.166667 1 98.4 25.8 315.2 351.7
7.166667 1 27.1 24.5 24.9 25.5
7.200000 1 96.6 25.7 314.8 350.9
7.200000 1 26.9 24.6 25.1 25.6
7.233333 1 94.8 25.6 314.5 350.2
7.233333 1 26.8 24.8 25.2 25.8
7.266667 1 93.1 25.5 314.2 349.4
7.266667 1 26.6 24.9 25.4 25.9
7.300000 1 91.3 25.5 313.9 348.6
7.300000 1 26.5 25.1 25.5 26.1
7.333333 1 89.5 25.4 313.6 347.8
7.333333 1 26.3 25.2 25.7 26.2
7.366667 1 87.8 25.3 313.3 347.1
7.366667 1 26.2 25.4 25.8 26.4
7.400000 1 86.0 25.2 313.0 346.3
7.400000 1 26.0 25.5 26.0 26.5
7.433333 1 25.2 345.5 25.7 26.7
7.466667 1 25.1 344.8 25.8 26.8
7.500000 1 25.0 344.0 26.0 27.0
7.533333 1 24.9 343.6 25.9 26.9
7.566667 1 24.8 343.3 25.8 26.8
7.600000 1 24.7 342.9 25.7 26.7
7.633333 1 24.6 342.5 25.6 26.6
7.666667 1 24.5 342.2 25.5 26.5
7.700000 1 24.5 341.8 25.5 26.5
7.733333 1 24.4 341.5 25.4 26.4
7.766667 1 24.3 341.1 25.3 26.3
7.800000 1 24.2 340.7 25.2 26.2
7.833333 1 24.1 340.4 25.1 26.1
7.866667 1 24.0 340.0 25.0 26.0
7.900000 1 24.3 339.3 25.3 26.2
7.933333 1 24.5 338.6 25.5 26.4
7.966667 1 24.8 337.9 25.8 26.6
8.000000 1 25.1 337.3 26.1 26.8
8.033333 1 25.3 336.6 26.3 27.1
8.066667 1 25.6 335.9 26.6 27.3
8.100000 1 25.8 335.2 26.8 27.5
8.133333 1 26.1 334.5 27.1 27.7
8.166667 1 26.4 333.8 27.4 27.9
8.200000 1 26.6 333.2 27.6 28.1
8.233333 1 26.9 332.5 27.9 28.3
8.266667 1 27.2 331.8 28.2 28.5
8.300000 1 27.4 331.1 28.4 28.7
8.333333 1 27.7 330.4 28.7 28.9
8.366667 1 27.9 329.7 28.9 29.2
8.400000 1 28.2 329.1 29.2 29.4
8.433333 1 28.5 328.4 29.5 29.6
8.466667 1 28.7 327.7 29.7 29.8
8.500000 1 29.0 327.0 30.0 30.0
