0.000000 1 366.0 356.0 22.0 25.0
0.033333 1 365.9 355.8 22.0 25.0
0.066667 1 365.9 355.6 22.0 24.9
0.100000 1 365.8 355.4 22.0 24.9
0.133333 1 365.7 355.2 22.0 24.9
0.166667 1 365.6 355.0 22.1 24.8
0.200000 1 365.6 354.8 22.1 24.8
0.233333 1 365.5 354.6 22.1 24.8
0.266667 1 365.4 354.4 22.1 24.7
0.300000 1 365.3 354.2 22.1 24.7
0.333333 1 365.3 354.0 22.1 24.7
0.366667 1 365.2 353.8 22.1 24.6
0.400000 1 365.1 353.6 22.1 24.6
0.433333 1 365.0 353.4 22.1 24.6
0.466667 1 365.0 353.2 22.1 24.6
0.500000 1 364.9 353.0 22.2 24.5
0.533333 1 364.8 352.8 22.2 24.5
0.566667 1 364.7 352.6 22.2 24.5
0.600000 1 364.7 352.4 22.2 24.4
0.633333 1 364.6 352.2 22.2 24.4
0.666667 1 364.5 352.0 22.2 24.4
0.700000 1 364.4 351.8 22.2 24.3
0.733333 1 364.4 351.6 22.2 24.3
0.766667 1 364.3 351.4 22.2 24.3
0.800000 1 364.2 351.1 22.3 24.2
0.833333 1 364.1 350.9 22.3 24.2
0.866667 1 364.1 350.7 22.3 24.2
0.900000 1 364.0 350.5 22.3 24.1
0.933333 1 363.9 350.3 22.3 24.1
0.966667 1 363.8 350.1 22.3 24.1
1.000000 1 363.8 349.9 22.3 24.0
1.033333 1 363.7 349.7 22.3 24.0
1.066667 1 363.6 349.5 22.3 24.0
1.100000 1 363.5 349.3 22.4 23.9
1.133333 1 363.5 349.1 22.4 23.9
1.166667 1 363.4 348.9 22.4 23.9
1.200000 1 363.3 348.7 22.4 23.9
1.233333 1 363.2 348.5 22.4 23.8
1.266667 1 363.2 348.3 22.4 23.8
1.300000 1 363.1 348.1 22.4 23.8
1.333333 1 363.0 347.9 22.4 23.7
1.366667 1 362.9 347.7 22.4 23.7
1.400000 1 362.9 347.5 22.4 23.7
1.433333 1 362.8 347.3 22.5 23.6
1.466667 1 362.7 347.1 22.5 23.6
1.500000 1 362.6 346.9 22.5 23.6
1.533333 1 362.6 346.7 22.5 23.5
1.566667 1 362.5 346.5 22.5 23.5
1.600000 1 362.4 346.3 22.5 23.5
1.633333 1 362.4 346.1 22.5 23.4
1.666667 1 362.3 345.9 22.5 23.4
1.700000 1 362.2 345.7 22.5 23.4
1.733333 1 362.1 345.5 22.6 23.3
1.766667 1 362.1 345.3 22.6 23.3
1.800000 1 362.0 345.1 22.6 23.3
1.833333 1 361.9 344.9 22.6 23.2
1.866667 1 361.8 344.7 22.6 23.2
1.900000 1 361.8 344.5 22.6 23.2
1.933333 1 361.7 344.3 22.6 23.1
1.966667 1 361.6 344.1 22.6 23.1
2.000000 1 361.5 343.9 22.6 23.1
2.033333 1 361.5 343.7 22.6 23.1
2.066667 1 361.4 343.5 22.7 23.0
2.100000 1 361.3 343.3 22.7 23.0
2.133333 1 361.2 343.1 22.7 23.0
2.166667 1 361.2 342.9 22.7 22.9
2.200000 1 361.1 342.7 22.7 22.9
2.233333 1 361.0 342.5 22.7 22.9
2.266667 1 360.9 342.3 22.7 22.8
2.300000 1 360.9 342.1 22.7 22.8
2.333333 1 360.8 341.9 22.7 22.8
2.366667 1 360.7 341.6 22.8 22.7
2.400000 1 360.6 341.4 22.8 22.7
2.433333 1 360.6 341.2 22.8 22.7
2.466667 1 360.5 341.0 22.8 22.6
2.500000 1 360.4 340.8 22.8 22.6
2.533333 1 360.3 340.6 22.8 22.6
2.566667 1 360.3 340.4 22.8 22.5
2.600000 1 360.2 340.2 22.8 22.5
2.633333 1 360.1 340.0 22.8 22.5
2.666667 1 360.0 339.8 22.9 22.4
2.700000 1 360.0 339.6 22.9 22.4
2.733333 1 359.9 339.4 22.9 22.4
2.766667 1 359.8 339.2 22.9 22.4
2.800000 1 359.7 339.0 22.9 22.3
2.833333 1 359.7 338.8 22.9 22.3
2.866667 1 359.6 338.6 22.9 22.3
2.900000 1 359.5 338.4 22.9 22.2
2.933333 1 359.4 338.2 22.9 22.2
2.966667 1 359.4 338.0 22.9 22.2
3.000000 1 359.3 337.8 23.0 22.1
3.033333 1 359.2 337.6 23.0 22.1
3.066667 1 359.1 337.4 23.0 22.1
3.100000 1 359.1 337.2 23.0 22.0
3.133333 1 359.0 337.0 23.0 22.0
3.166667 1 358.9 336.9 23.1 22.1
3.200000 1 358.7 336.7 23.1 22.1
3.233333 1 358.6 336.6 23.2 22.2
3.266667 1 358.5 336.5 23.3 22.3
3.300000 1 358.4 336.4 23.3 22.3
3.333333 1 358.2 336.2 23.4 22.4
3.366667 1 358.1 336.1 23.5 22.5
3.400000 1 358.0 336.0 23.5 22.5
3.433333 1 357.8 335.8 23.6 22.6
3.466667 1 357.7 335.7 23.6 22.6
3.500000 1 357.6 335.6 23.7 22.7
3.533333 1 357.5 335.5 23.8 22.8
3.566667 1 357.3 335.3 23.8 22.8
3.600000 1 357.2 335.2 23.9 22.9
3.633333 1 357.1 335.1 24.0 23.0
3.666667 1 356.9 334.9 24.0 23.0
3.700000 1 356.8 334.8 24.1 23.1
3.733333 1 356.7 334.7 24.2 23.2
3.766667 1 356.5 334.5 24.2 23.2
3.800000 1 356.4 334.4 24.3 23.3
3.833333 1 356.3 334.3 24.4 23.4
3.866667 1 356.2 334.2 24.4 23.4
3.900000 1 356.0 334.0 24.5 23.5
3.933333 1 355.9 333.9 24.5 23.5
3.966667 1 355.8 333.8 24.6 23.6
4.000000 1 355.6 333.6 24.7 23.7
4.033333 1 355.5 333.5 24.7 23.7
4.066667 1 355.4 333.4 24.8 23.8
4.100000 1 355.3 333.3 24.9 23.9
4.133333 1 355.1 333.1 24.9 23.9
4.166667 1 355.0 333.0 25.0 24.0
4.200000 1 355.1 333.1 24.9 24.1
4.233333 1 355.2 333.2 24.8 24.2
4.266667 1 355.3 333.3 24.7 24.3
4.300000 1 355.3 333.3 24.5 24.3
4.333333 1 355.4 333.4 24.4 24.4
4.366667 1 355.5 333.5 24.3 24.5
4.400000 1 355.6 333.6 24.2 24.6
4.433333 1 355.7 333.7 24.1 24.7
4.466667 1 355.8 333.8 24.0 24.8
4.500000 1 355.9 333.9 23.9 24.9
4.533333 1 355.9 333.9 23.7 24.9
4.566667 1 356.0 334.0 23.6 25.0
4.600000 1 356.1 334.1 23.5 25.1
4.633333 1 356.2 334.2 23.4 25.2
4.666667 1 356.3 334.3 23.3 25.3
4.700000 1 356.4 334.4 23.2 25.4
4.733333 1 356.5 334.5 23.1 25.5
4.766667 1 356.5 334.5 22.9 25.5
4.800000 1 356.6 334.6 22.8 25.6
4.833333 1 356.7 334.7 22.7 25.7
4.866667 1 356.8 334.8 22.6 25.8
4.900000 1 356.9 334.9 22.5 25.9
4.933333 1 357.0 335.0 22.4 26.0
4.966667 1 357.1 335.1 22.3 26.1
5.000000 1 357.1 335.1 22.1 26.1
5.033333 1 357.2 335.2 22.0 26.2
5.066667 1 357.3 335.3 21.9 26.3
5.100000 1 357.4 335.4 21.8 26.4
5.133333 1 357.5 335.5 21.7 26.5
5.166667 1 357.6 335.6 21.6 26.6
5.200000 1 357.7 335.7 21.5 26.7
5.233333 1 357.7 335.7 21.3 26.7
5.266667 1 357.8 335.8 21.2 26.8
5.300000 1 357.9 335.9 21.1 26.9
5.333333 1 358.0 336.0 21.0 27.0
5.366667 1 358.0 335.6 21.4 26.8
5.400000 1 358.0 335.2 21.8 26.6
5.433333 1 358.0 334.8 22.2 26.4
5.466667 1 358.0 334.4 22.6 26.2
5.500000 1 358.0 334.0 23.0 26.0
5.533333 1 358.0 334.0 23.0 26.0
5.566667 1 358.0 333.9 23.1 26.1
5.600000 1 358.0 333.9 23.1 26.1
5.633333 1 358.0 333.8 23.1 26.1
5.666667 1 357.9 333.8 23.2 26.2
5.700000 1 357.9 333.7 23.2 26.2
5.733333 1 357.9 333.7 23.3 26.2
5.766667 1 357.9 333.7 23.3 26.2
5.800000 1 357.9 333.6 23.3 26.3
5.833333 1 357.9 333.6 23.4 26.3
5.866667 1 357.9 333.5 23.4 26.3
5.900000 1 357.9 333.5 23.4 26.4
5.933333 1 357.8 333.4 23.5 26.4
5.966667 1 357.8 333.4 23.5 26.4
6.000000 1 357.8 333.3 23.6 26.5
6.033333 1 357.8 333.3 23.6 26.5
6.066667 1 357.8 333.3 23.6 26.5
6.100000 1 357.8 333.2 23.7 26.6
6.133333 1 357.8 333.2 23.7 26.6
6.166667 1 357.8 333.1 23.7 26.6
6.200000 1 357.7 333.1 23.8 26.7
6.233333 1 357.7 333.0 23.8 26.7
6.266667 1 357.7 333.0 23.9 26.7
6.300000 1 357.7 333.0 23.9 26.7
6.333333 1 357.7 332.9 23.9 26.8
6.366667 1 357.7 332.9 24.0 26.8
6.400000 1 357.7 332.8 24.0 26.8
6.433333 1 357.7 332.8 24.0 26.9
6.466667 1 357.6 332.7 24.1 26.9
6.500000 1 357.6 332.7 24.1 26.9
6.533333 1 357.6 332.6 24.2 27.0
6.566667 1 357.6 332.6 24.2 27.0
6.600000 1 357.6 332.6 24.2 27.0
6.633333 1 357.6 332.5 24.3 27.1
6.666667 1 357.6 332.5 24.3 27.1
6.700000 1 357.6 332.4 24.3 27.1
6.733333 1 357.5 332.4 24.4 27.2
6.766667 1 357.5 332.3 24.4 27.2
6.800000 1 357.5 332.3 24.5 27.2
6.833333 1 357.5 332.3 24.5 27.2
6.866667 1 357.5 332.2 24.5 27.3
6.900000 1 357.5 332.2 24.6 27.3
6.933333 1 357.5 332.1 24.6 27.3
6.966667 1 357.5 332.1 24.6 27.4
7.000000 1 357.4 332.0 24.7 27.4
7.033333 1 357.4 332.0 24.7 27.4
7.066667 1 357.4 331.9 24.8 27.5
7.100000 1 357.4 331.9 24.8 27.5
7.133333 1 357.4 331.9 24.8 27.5
7.166667 1 357.4 331.8 24.9 27.6
7.200000 1 357.4 331.8 24.9 27.6
7.233333 1 357.4 331.7 24.9 27.6
7.266667 1 357.3 331.7 25.0 27.7
7.300000 1 357.3 331.6 25.0 27.7
7.333333 1 357.3 331.6 25.1 27.7
7.366667 1 357.3 331.6 25.1 27.7
7.400000 1 357.3 331.5 25.1 27.8
7.433333 1 357.3 331.5 25.2 27.8
7.466667 1 357.3 331.4 25.2 27.8
7.500000 1 357.3 331.4 25.2 27.9
7.533333 1 357.2 331.3 25.3 27.9
7.566667 1 357.2 331.3 25.3 27.9
7.600000 1 357.2 331.2 25.4 28.0
7.633333 1 357.2 331.2 25.4 28.0
7.666667 1 357.2 331.2 25.4 28.0
7.700000 1 357.2 331.1 25.5 28.1
7.733333 1 357.2 331.1 25.5 28.1
7.766667 1 357.2 331.0 25.5 28.1
7.800000 1 357.1 331.0 25.6 28.2
7.833333 1 357.1 330.9 25.6 28.2
7.866667 1 357.1 330.9 25.7 28.2
7.900000 1 357.1 330.9 25.7 28.2
7.933333 1 357.1 330.8 25.7 28.3
7.966667 1 357.1 330.8 25.8 28.3
8.000000 1 357.1 330.7 25.8 28.3
8.033333 1 357.1 330.7 25.8 28.4
8.066667 1 357.0 330.6 25.9 28.4
8.100000 1 357.0 330.6 25.9 28.4
8.133333 1 357.0 330.5 26.0 28.5
8.166667 1 357.0 330.5 26.0 28.5
8.200000 1 357.0 330.5 26.0 28.5
8.233333 1 357.0 330.4 26.1 28.6
8.266667 1 357.0 330.4 26.1 28.6
8.300000 1 357.0 330.3 26.1 28.6
8.333333 1 356.9 330.3 26.2 28.7
8.366667 1 356.9 330.2 26.2 28.7
8.400000 1 356.9 330.2 26.3 28.7
8.433333 1 356.9 330.2 26.3 28.7
8.466667 1 356.9 330.1 26.3 28.8
8.500000 1 356.9 330.1 26.4 28.8
8.533333 1 356.9 330.0 26.4 28.8
8.566667 1 356.9 330.0 26.4 28.9
8.600000 1 356.8 329.9 26.5 28.9
8.633333 1 356.8 329.9 26.5 28.9
8.666667 1 356.8 329.8 26.6 29.0
8.700000 1 356.8 329.8 26.6 29.0
8.733333 1 356.8 329.8 26.6 29.0
8.766667 1 356.8 329.7 26.7 29.1
8.800000 1 356.8 329.7 26.7 29.1
8.833333 1 356.8 329.6 26.7 29.1
8.866667 1 356.7 329.6 26.8 29.2
8.900000 1 356.7 329.5 26.8 29.2
8.933333 1 356.7 329.5 26.9 29.2
8.966667 1 356.7 329.5 26.9 29.2
9.000000 1 356.7 329.4 26.9 29.3
9.033333 1 356.7 329.4 27.0 29.3
9.066667 1 356.7 329.3 27.0 29.3
9.100000 1 356.7 329.3 27.0 29.4
9.133333 1 356.6 329.2 27.1 29.4
9.166667 1 356.6 329.2 27.1 29.4
9.200000 1 356.6 329.1 27.2 29.5
9.233333 1 356.6 329.1 27.2 29.5
9.266667 1 356.6 329.1 27.2 29.5
9.300000 1 356.6 329.0 27.3 29.6
9.333333 1 356.6 329.0 27.3 29.6
9.366667 1 356.6 328.9 27.3 29.6
9.400000 1 356.5 328.9 27.4 29.7
9.433333 1 356.5 328.8 27.4 29.7
9.466667 1 356.5 328.8 27.5 29.7
9.500000 1 356.5 328.8 27.5 29.7
9.533333 1 356.5 328.7 27.5 29.8
9.566667 1 356.5 328.7 27.6 29.8
9.600000 1 356.5 328.6 27.6 29.8
9.633333 1 356.5 328.6 27.6 29.9
9.666667 1 356.4 328.5 27.7 29.9
9.700000 1 356.4 328.5 27.7 29.9
9.733333 1 356.4 328.4 27.8 30.0
9.766667 1 356.4 328.4 27.8 30.0
9.800000 1 356.4 328.4 27.8 30.0
9.833333 1 356.4 328.3 27.9 30.1
9.866667 1 356.4 328.3 27.9 30.1
9.900000 1 356.4 328.2 27.9 30.1
9.933333 1 356.3 328.2 28.0 30.2
9.966667 1 356.3 328.1 28.0 30.2
10.000000 1 356.3 328.1 28.1 30.2
10.033333 1 356.3 328.1 28.1 30.2
10.066667 1 356.3 328.0 28.1 30.3
10.100000 1 356.3 328.0 28.2 30.3
10.133333 1 356.3 327.9 28.2 30.3
10.166667 1 356.3 327.9 28.2 30.4
10.200000 1 356.2 327.8 28.3 30.4
10.233333 1 356.2 327.8 28.3 30.4
10.266667 1 356.2 327.7 28.4 30.5
10.300000 1 356.2 327.7 28.4 30.5
10.333333 1 356.2 327.7 28.4 30.5
10.366667 1 356.2 327.6 28.5 30.6
10.400000 1 356.2 327.6 28.5 30.6
10.433333 1 356.2 327.5 28.5 30.6
10.466667 1 356.1 327.5 28.6 30.7
10.500000 1 356.1 327.4 28.6 30.7
10.533333 1 356.1 327.4 28.7 30.7
10.566667 1 356.1 327.4 28.7 30.7
10.600000 1 356.1 327.3 28.7 30.8
10.633333 1 356.1 327.3 28.8 30.8
10.666667 1 356.1 327.2 28.8 30.8
10.700000 1 356.1 327.2 28.8 30.9
10.733333 1 356.0 327.1 28.9 30.9
10.766667 1 356.0 327.1 28.9 30.9
10.800000 1 356.0 327.0 29.0 31.0
10.833333 1 356.0 327.0 29.0 31.0
