0.000000 1 92.0 88.0 30.0 37.0
0.033333 1 95.3 88.8 30.2 37.1
0.066667 1 98.6 89.5 30.3 37.2
0.100000 1 101.9 90.3 30.5 37.2
0.133333 1 105.2 91.1 30.6 37.3
0.166667 1 108.5 91.8 30.8 37.4
0.200000 1 111.8 92.6 30.9 37.5
0.233333 1 115.2 93.4 31.1 37.5
0.266667 1 118.5 94.2 31.2 37.6
0.300000 1 121.8 94.9 31.4 37.7
0.333333 1 125.1 95.7 31.5 37.8
0.366667 1 128.4 96.5 31.7 37.8
0.400000 1 131.7 97.2 31.8 37.9
0.433333 1 135.0 98.0 32.0 38.0
0.466667 1 138.3 98.9 32.1 37.9
0.500000 1 141.6 99.9 32.2 37.9
0.533333 1 144.9 100.8 32.4 37.8
0.566667 1 148.2 101.8 32.5 37.8
0.600000 1 151.5 102.7 32.6 37.7
0.633333 1 154.8 103.6 32.7 37.6
0.666667 1 158.1 104.6 32.8 37.6
0.700000 1 161.4 105.5 32.9 37.5
0.733333 1 164.6 106.5 33.1 37.5
0.766667 1 167.9 107.4 33.2 37.4
0.800000 1 171.2 108.4 33.3 37.4
0.833333 1 174.5 109.3 33.4 37.3
0.866667 1 177.8 110.2 33.5 37.2
0.900000 1 181.1 111.2 33.6 37.2
0.933333 1 184.4 112.1 33.8 37.1
0.966667 1 187.7 113.1 33.9 37.1
1.000000 1 191.0 114.0 34.0 37.0
1.033333 1 194.6 115.6 34.1 37.0
1.066667 1 198.3 117.2 34.1 37.0
1.100000 1 201.9 118.8 34.2 37.0
1.133333 1 205.6 120.4 34.2 37.0
1.166667 1 209.2 121.9 34.3 37.0
1.200000 1 212.9 123.5 34.4 37.0
1.233333 1 216.5 125.1 34.4 37.0
1.266667 1 220.2 126.7 34.5 37.0
1.300000 1 223.8 128.3 34.5 37.0
1.333333 1 227.5 129.9 34.6 37.0
1.366667 1 231.1 131.5 34.6 37.0
1.400000 1 234.8 133.1 34.7 37.0
1.433333 1 238.4 134.6 34.8 37.0
1.466667 1 242.1 136.2 34.8 37.0
1.500000 1 245.7 137.8 34.9 37.0
1.533333 1 249.4 139.4 34.9 37.0
1.566667 1 253.0 141.0 35.0 37.0
1.600000 1 256.8 142.6 34.8 37.0
1.633333 1 260.5 144.2 34.5 37.0
1.666667 1 264.3 145.8 34.3 37.0
1.700000 1 268.1 147.5 34.1 37.0
1.733333 1 271.8 149.1 33.8 37.0
1.766667 1 275.6 150.7 33.6 37.0
1.800000 1 279.4 152.3 33.4 37.0
1.833333 1 283.2 153.9 33.2 37.0
1.866667 1 286.9 155.5 32.9 37.0
1.900000 1 290.7 157.2 32.7 37.0
1.933333 1 294.5 158.8 32.5 37.0
1.966667 1 298.2 160.4 32.2 37.0
2.000000 1 302.0 162.0 32.0 37.0
2.033333 1 306.2 164.2 31.7 37.0
2.066667 1 310.3 166.3 31.5 37.0
2.100000 1 314.5 168.5 31.2 37.0
2.133333 1 318.7 170.7 31.0 37.0
2.166667 1 322.8 172.8 30.7 37.0
2.200000 1 327.0 175.0 30.5 37.0
2.233333 1 331.2 177.2 30.2 37.0
2.266667 1 335.3 179.3 30.0 37.0
2.300000 1 339.5 181.5 29.7 37.0
2.333333 1 343.7 183.7 29.5 37.0
2.366667 1 347.8 185.8 29.2 37.0
2.400000 1 352.0 188.0 29.0 37.0
2.433333 1 355.4 190.2 29.2 37.0
2.466667 1 358.8 192.4 29.4 37.0
2.500000 1 362.2 194.6 29.6 37.0
2.533333 1 365.6 196.8 29.8 37.0
2.566667 1 369.0 199.0 30.0 37.0
2.600000 1 372.4 201.2 30.2 37.0
2.633333 1 375.8 203.4 30.4 37.0
2.666667 1 379.2 205.6 30.6 37.0
2.700000 1 382.6 207.8 30.8 37.0
2.733333 1 386.0 210.0 31.0 37.0
2.766667 1 390.2 213.1 30.9 36.6
2.800000 1 394.4 216.2 30.8 36.1
2.833333 1 398.7 219.3 30.7 35.7
2.866667 1 402.9 222.4 30.6 35.2
2.900000 1 407.1 225.6 30.4 34.8
2.933333 1 411.3 228.7 30.3 34.3
2.966667 1 415.6 231.8 30.2 33.9
3.000000 1 419.8 234.9 30.1 33.4
3.033333 1 424.0 238.0 30.0 33.0
3.066667 1 428.0 241.0 30.2 33.3
3.100000 1 432.0 244.0 30.3 33.7
3.133333 1 436.0 247.0 30.5 34.0
3.166667 1 440.0 250.0 30.7 34.3
3.200000 1 444.0 253.0 30.8 34.7
3.233333 1 448.0 256.0 31.0 35.0
3.266667 1 451.7 258.0 29.8 34.8
3.300000 1 455.5 260.0 28.5 34.5
3.333333 1 459.2 262.0 27.3 34.3
3.366667 1 463.0 264.0 26.0 34.0
3.400000 1 322.0 166.0 31.0 36.0
3.433333 1 321.3 165.5 30.0 35.3
3.466667 1 320.7 165.0 29.0 34.7
3.500000 1 320.0 164.5 28.0 34.0
3.533333 1 319.3 164.0 27.0 33.3
3.566667 1 318.7 163.5 26.0 32.7
3.600000 1 318.0 163.0 25.0 32.0
3.633333 1 316.7 162.0 25.1 32.4
3.666667 1 315.4 161.0 25.3 32.9
3.700000 1 314.1 160.0 25.4 33.3
3.733333 1 312.9 159.0 25.6 33.7
3.766667 1 311.6 158.0 25.7 34.1
3.800000 1 310.3 157.0 25.9 34.6
3.833333 1 309.0 156.0 26.0 35.0
3.866667 1 309.5 155.4 26.0 34.6
3.900000 1 310.0 154.8 26.0 34.2
3.933333 1 310.5 154.2 26.0 33.8
3.966667 1 311.0 153.6 26.0 33.4
4.000000 1 311.5 153.0 26.0 33.0
4.033333 1 312.0 152.4 26.0 32.6
4.066667 1 312.5 151.8 26.0 32.2
4.100000 1 313.0 151.2 26.0 31.8
4.133333 1 313.5 150.6 26.0 31.4
4.166667 1 314.0 150.0 26.0 31.0
4.200000 1 315.6 149.6 25.9 31.0
4.233333 1 317.3 149.2 25.9 31.0
4.266667 1 318.9 148.8 25.8 31.0
4.300000 1 320.6 148.4 25.8 31.0
4.333333 1 322.2 147.9 25.7 31.0
4.366667 1 323.9 147.5 25.6 31.0
4.400000 1 325.5 147.1 25.6 31.0
4.433333 1 327.2 146.7 25.5 31.0
4.466667 1 328.8 146.3 25.5 31.0
4.500000 1 330.5 145.9 25.4 31.0
4.533333 1 332.1 145.5 25.4 31.0
4.566667 1 333.8 145.1 25.3 31.0
4.600000 1 335.4 144.6 25.2 31.0
4.633333 1 337.1 144.2 25.2 31.0
4.666667 1 338.7 143.8 25.1 31.0
4.700000 1 340.4 143.4 25.1 31.0
4.733333 1 342.0 143.0 25.0 31.0
4.766667 1 344.1 143.3 24.9 31.1
4.800000 1 346.2 143.6 24.8 31.2
4.833333 1 348.3 143.8 24.7 31.3
4.866667 1 350.4 144.1 24.6 31.4
4.900000 1 352.6 144.4 24.4 31.6
4.933333 1 354.7 144.7 24.3 31.7
4.966667 1 356.8 144.9 24.2 31.8
5.000000 1 358.9 145.2 24.1 31.9
5.033333 1 361.0 145.5 24.0 32.0
5.066667 1 363.1 145.8 23.9 32.1
5.100000 1 365.2 146.1 23.8 32.2
5.133333 1 367.3 146.3 23.7 32.3
5.166667 1 369.4 146.6 23.6 32.4
5.200000 1 371.6 146.9 23.4 32.6
5.233333 1 373.7 147.2 23.3 32.7
5.266667 1 375.8 147.4 23.2 32.8
5.300000 1 377.9 147.7 23.1 32.9
5.333333 1 380.0 148.0 23.0 33.0
5.366667 1 381.9 148.6 23.3 32.9
5.400000 1 383.7 149.1 23.6 32.9
5.433333 1 385.6 149.7 23.9 32.8
5.466667 1 387.5 150.2 24.2 32.8
5.500000 1 389.4 150.8 24.6 32.7
5.533333 1 391.2 151.4 24.9 32.6
5.566667 1 393.1 151.9 25.2 32.6
5.600000 1 395.0 152.5 25.5 32.5
5.633333 1 396.9 153.1 25.8 32.4
5.666667 1 398.7 153.6 26.1 32.4
5.700000 1 400.6 154.2 26.4 32.3
5.733333 1 402.5 154.7 26.7 32.3
5.766667 1 404.4 155.3 27.1 32.2
5.800000 1 406.2 155.9 27.4 32.1
5.833333 1 408.1 156.4 27.7 32.1
5.866667 1 410.0 157.0 28.0 32.0
5.900000 1 411.9 158.4 27.6 32.1
5.933333 1 413.8 159.9 27.1 32.2
5.966667 1 415.7 161.3 26.7 32.3
6.000000 1 417.6 162.8 26.2 32.4
6.033333 1 419.4 164.2 25.8 32.6
6.066667 1 421.3 165.7 25.3 32.7
6.100000 1 423.2 167.1 24.9 32.8
6.133333 1 425.1 168.6 24.4 32.9
6.166667 1 427.0 170.0 24.0 33.0
6.200000 1 428.9 171.6 24.9 32.7
6.233333 1 430.7 173.1 25.7 32.4
6.266667 1 432.6 174.7 26.6 32.1
6.300000 1 434.4 176.3 27.4 31.9
6.333333 1 436.3 177.9 28.3 31.6
6.366667 1 438.1 179.4 29.1 31.3
6.400000 1 440.0 181.0 30.0 31.0
6.433333 1 606.0 144.0 28.0 48.0
6.466667 1 597.7 147.1 28.4 47.1
6.500000 1 589.5 150.3 28.8 46.2
6.533333 1 581.2 153.4 29.1 45.4
6.566667 1 573.0 156.5 29.5 44.5
6.600000 1 564.7 159.6 29.9 43.6
6.633333 1 556.5 162.8 30.3 42.7
6.666667 1 548.2 165.9 30.6 41.9
6.700000 1 540.0 169.0 31.0 41.0
6.733333 1 531.9 170.3 30.7 42.0
6.766667 1 523.7 171.6 30.4 43.0
6.800000 1 515.6 172.9 30.1 44.0
6.833333 1 507.4 174.1 29.9 45.0
6.866667 1 499.3 175.4 29.6 46.0
6.900000 1 491.1 176.7 29.3 47.0
6.933333 1 483.0 178.0 29.0 48.0
6.966667 1 473.9 182.1 29.1 46.3
7.000000 1 464.7 186.3 29.3 44.6
7.033333 1 455.6 190.4 29.4 42.9
7.066667 1 446.4 194.6 29.6 41.1
7.100000 1 437.3 198.7 29.7 39.4
7.133333 1 428.1 202.9 29.9 37.7
7.166667 1 419.0 207.0 30.0 36.0
7.200000 1 410.6 208.2 30.4 36.8
7.233333 1 402.1 209.4 30.9 37.6
7.266667 1 393.7 210.7 31.3 38.3
7.300000 1 385.2 211.9 31.8 39.1
7.333333 1 376.8 213.1 32.2 39.9
7.366667 1 368.3 214.3 32.7 40.7
7.400000 1 359.9 215.6 33.1 41.4
7.433333 1 351.4 216.8 33.6 42.2
7.466667 1 343.0 218.0 34.0 43.0
7.500000 1 334.8 219.2 34.2 42.8
7.533333 1 326.6 220.4 34.4 42.6
7.566667 1 318.3 221.7 34.7 42.3
7.600000 1 310.1 222.9 34.9 42.1
7.633333 1 301.9 224.1 35.1 41.9
7.666667 1 293.7 225.3 35.3 41.7
7.700000 1 285.4 226.6 35.6 41.4
7.733333 1 277.2 227.8 35.8 41.2
7.766667 1 269.0 229.0 36.0 41.0
7.800000 1 262.2 229.6 37.0 41.1
7.833333 1 255.5 230.3 38.0 41.3
7.866667 1 248.7 230.9 39.0 41.4
7.900000 1 242.0 231.5 40.0 41.5
7.933333 1 235.2 232.1 41.0 41.6
7.966667 1 228.5 232.8 42.0 41.8
8.000000 1 221.7 233.4 43.0 41.9
8.033333 1 215.0 234.0 44.0 42.0
8.066667 1 209.9 233.6 42.9 42.7
8.100000 1 204.7 233.1 41.7 43.4
8.133333 1 199.6 232.7 40.6 44.1
8.166667 1 194.4 232.3 39.4 44.9
8.200000 1 189.3 231.9 38.3 45.6
8.233333 1 184.1 231.4 37.1 46.3
8.266667 1 179.0 231.0 36.0 47.0
8.300000 1 176.0 230.2 35.8 46.5
8.333333 1 173.0 229.3 35.5 46.1
8.366667 1 170.0 228.5 35.3 45.6
8.400000 1 167.0 227.6 35.1 45.2
8.433333 1 164.0 226.8 34.8 44.7
8.466667 1 161.0 225.9 34.6 44.2
8.500000 1 158.0 225.1 34.4 43.8
8.533333 1 155.0 224.2 34.2 43.3
8.566667 1 152.0 223.4 33.9 42.8
8.600000 1 149.0 222.5 33.7 42.4
8.633333 1 146.0 221.7 33.5 41.9
8.666667 1 143.0 220.8 33.2 41.5
8.700000 1 140.0 220.0 33.0 41.0
8.733333 1 322.0 389.0 32.0 25.0
8.766667 1 323.0 387.0 28.0 29.0
8.800000 1 323.4 388.1 28.5 29.6
8.833333 1 323.8 389.3 29.0 30.3
8.866667 1 324.1 390.4 29.5 30.9
8.900000 1 324.5 391.5 30.0 31.5
8.933333 1 324.9 392.6 30.5 32.1
8.966667 1 325.3 393.8 31.0 32.8
9.000000 1 325.6 394.9 31.5 33.4
9.033333 1 326.0 396.0 32.0 34.0
9.066667 1 327.8 394.7 32.4 33.8
9.100000 1 329.5 393.4 32.8 33.5
9.133333 1 331.3 392.1 33.2 33.3
9.166667 1 333.1 390.8 33.5 33.1
9.200000 1 334.8 389.5 33.9 32.8
9.233333 1 336.6 388.2 34.3 32.6
9.266667 1 338.4 386.8 34.7 32.4
9.300000 1 340.2 385.5 35.1 32.2
9.333333 1 341.9 384.2 35.5 31.9
9.366667 1 343.7 382.9 35.8 31.7
9.400000 1 345.5 381.6 36.2 31.5
9.433333 1 347.2 380.3 36.6 31.2
9.466667 1 349.0 379.0 37.0 31.0
9.500000 1 351.8 376.0 36.3 31.2
9.533333 1 354.6 373.0 35.7 31.4
9.566667 1 357.3 370.0 35.0 31.7
9.600000 1 360.1 367.0 34.3 31.9
9.633333 1 362.9 364.0 33.7 32.1
9.666667 1 365.7 361.0 33.0 32.3
9.700000 1 368.4 358.0 32.3 32.6
9.733333 1 371.2 355.0 31.7 32.8
9.766667 1 374.0 352.0 31.0 33.0
9.800000 1 376.6 348.4 31.1 33.1
9.833333 1 379.2 344.8 31.2 33.2
9.866667 1 381.8 341.2 31.3 33.3
9.900000 1 384.4 337.6 31.4 33.4
9.933333 1 387.0 334.0 31.5 33.5
9.966667 1 389.6 330.4 31.6 33.6
10.000000 1 392.2 326.8 31.7 33.7
10.033333 1 394.8 323.2 31.8 33.8
10.066667 1 397.4 319.6 31.9 33.9
10.100000 1 400.0 316.0 32.0 34.0
10.133333 1 403.0 311.6 33.1 35.2
10.166667 1 406.0 307.1 34.2 36.4
10.200000 1 409.0 302.7 35.3 37.7
10.233333 1 412.0 298.2 36.4 38.9
10.266667 1 415.0 293.8 37.6 40.1
10.300000 1 418.0 289.3 38.7 41.3
10.333333 1 421.0 284.9 39.8 42.6
10.366667 1 424.0 280.4 40.9 43.8
10.400000 1 427.0 276.0 42.0 45.0
