0.000000 1 385.0 376.0 272.0 265.0
0.000000 1 18.0 21.0 22.0 21.0
0.033333 1 383.9 375.8 272.2 264.8
0.033333 1 18.1 21.0 22.1 21.0
0.066667 1 382.9 375.6 272.4 264.7
0.066667 1 18.3 21.1 22.1 21.1
0.100000 1 381.8 375.3 272.6 264.5
0.100000 1 18.4 21.1 22.2 21.1
0.133333 1 380.7 375.1 272.8 264.3
0.133333 1 18.6 21.2 22.3 21.2
0.166667 1 379.6 374.9 273.0 264.1
0.166667 1 18.7 21.2 22.4 21.2
0.200000 1 378.6 374.7 273.1 264.0
0.200000 1 18.9 21.3 22.4 21.3
0.233333 1 377.5 374.5 273.3 263.8
0.233333 1 19.0 21.3 22.5 21.3
0.266667 1 376.4 374.3 273.5 263.6
0.266667 1 19.1 21.3 22.6 21.3
0.300000 1 375.4 374.0 273.7 263.4
0.300000 1 19.3 21.4 22.6 21.4
0.333333 1 374.3 373.8 273.9 263.3
0.333333 1 19.4 21.4 22.7 21.4
0.366667 1 373.2 373.6 274.1 263.1
0.366667 1 19.6 21.5 22.8 21.5
0.400000 1 372.1 373.4 274.3 262.9
0.400000 1 19.7 21.5 22.9 21.5
0.433333 1 371.1 373.2 274.5 262.7
0.433333 1 19.9 21.6 22.9 21.6
0.466667 1 370.0 373.0 274.7 262.6
0.466667 1 20.0 21.6 23.0 21.6
0.500000 1 368.9 372.7 274.9 262.4
0.500000 1 20.1 21.7 23.1 21.7
0.533333 1 367.9 372.5 513.0 275.0
0.533333 1 262.2 190.0 20.0 21.0
0.533333 1 27.0 23.0 21.0 26.0
0.566667 1 366.8 372.3 512.8 275.2
0.566667 1 262.0 189.5 20.4 21.7
0.566667 1 26.8 23.2 21.7 25.8
0.600000 1 365.7 372.1 512.5 275.4
0.600000 1 261.9 189.0 20.6 21.8
0.600000 1 26.6 23.3 21.8 25.6
0.633333 1 364.6 371.9 512.3 275.6
0.633333 1 261.7 188.4 20.7 21.8
0.633333 1 26.4 23.4 21.8 25.4
0.666667 1 363.6 371.7 512.0 275.8
0.666667 1 261.5 187.9 20.9 21.9
0.666667 1 26.2 23.4 21.9 25.2
0.700000 1 362.5 371.4 511.8 276.0
0.700000 1 261.3 187.4 21.0 21.9
0.700000 1 26.0 23.5 21.9 25.0
0.733333 1 361.4 371.2 511.6 276.2
0.733333 1 261.2 186.9 21.1 22.0
0.733333 1 25.8 23.6 22.0 24.8
0.766667 1 360.4 371.0 511.3 276.4
0.766667 1 261.0 186.4 21.3 22.0
0.766667 1 25.6 23.6 22.0 24.6
0.800000 1 359.3 370.2 511.1 276.6
0.800000 1 261.2 185.8 21.4 22.1
0.800000 1 25.4 23.7 21.8 24.4
0.833333 1 358.2 369.4 510.8 276.8
0.833333 1 261.4 185.3 21.6 22.2
0.833333 1 25.2 23.8 21.6 24.2
0.866667 1 357.1 368.5 510.6 277.0
0.866667 1 261.6 184.8 21.7 22.3
0.866667 1 25.0 23.9 21.5 24.0
0.900000 1 356.1 367.7 510.4 277.1
0.900000 1 261.9 184.3 21.9 22.4
0.900000 1 24.8 23.9 21.3 23.8
0.933333 1 355.0 366.9 510.1 277.3
0.933333 1 262.1 183.8 22.0 22.5
0.933333 1 24.6 24.0 21.1 23.6
0.966667 1 353.9 366.1 509.9 277.5
0.966667 1 262.3 183.2 22.1 22.6
0.966667 1 24.4 24.1 20.9 23.4
1.000000 1 352.9 365.3 509.6 277.7
1.000000 1 262.5 182.7 22.3 22.7
1.000000 1 24.2 24.1 20.8 23.2
1.033333 1 351.8 364.4 509.4 277.9
1.033333 1 262.7 182.2 22.4 22.9
1.033333 1 24.0 24.2 20.6 23.0
1.066667 1 350.7 363.6 509.2 278.1
1.066667 1 262.9 181.7 22.6 23.0
1.066667 1 23.8 24.3 20.4 22.8
1.100000 1 349.6 362.8 508.9 278.3
1.100000 1 263.1 181.2 22.7 23.1
1.100000 1 23.6 24.4 20.2 22.6
1.133333 1 348.6 362.0 508.7 278.5
1.133333 1 263.4 180.6 22.9 23.2
1.133333 1 23.4 24.4 20.0 22.4
1.166667 1 347.5 361.1 508.4 278.7
1.166667 1 263.6 180.1 23.0 23.3
1.166667 1 23.2 24.5 19.9 22.2
1.200000 1 346.4 360.3 508.2 278.9
1.200000 1 263.8 179.6 23.1 23.4
1.200000 1 23.0 24.6 19.7 22.0
1.233333 1 345.4 359.5 508.0 279.0
1.233333 1 264.0 179.1 23.3 23.5
1.233333 1 22.8 24.6 19.5 21.8
1.266667 1 344.3 358.7 507.7 279.2
1.266667 1 264.2 178.6 23.4 23.6
1.266667 1 22.6 24.7 19.3 21.6
1.300000 1 343.2 357.9 507.5 279.4
1.300000 1 264.4 178.0 23.6 23.7
1.300000 1 22.4 24.8 19.1 21.4
1.333333 1 342.1 357.0 507.2 279.6
1.333333 1 264.6 177.5 23.7 23.8
1.333333 1 22.2 24.9 19.0 21.2
1.366667 1 341.1 356.2 507.0 279.8
1.366667 1 264.9 177.0 23.9 23.9
1.366667 1 22.0 24.9 18.8 21.0
1.400000 1 340.0 355.4 506.5 280.0
1.400000 1 265.1 176.6 24.0 24.0
1.400000 1 22.3 25.0 18.6 21.0
1.433333 1 338.9 354.6 506.0 280.1
1.433333 1 265.3 176.2 24.1 24.1
1.433333 1 22.7 25.0 18.4 21.0
1.466667 1 337.8 353.8 505.5 280.1
1.466667 1 265.5 175.8 24.1 24.2
1.466667 1 23.0 25.1 18.3 21.0
1.500000 1 336.7 352.9 505.0 280.2
1.500000 1 265.7 175.4 24.2 24.4
1.500000 1 23.4 25.1 18.1 21.0
1.533333 1 335.6 352.1 504.5 280.3
1.533333 1 265.9 175.0 24.3 24.5
1.533333 1 23.7 25.1 17.9 21.0
1.566667 1 334.4 351.3 504.0 280.4
1.566667 1 266.1 174.6 24.4 24.6
1.566667 1 24.1 25.2 17.7 21.0
1.600000 1 333.3 350.5 503.5 280.4
1.600000 1 266.4 174.2 24.4 24.7
1.600000 1 24.4 25.2 17.5 21.0
1.633333 1 332.2 349.6 503.0 280.5
1.633333 1 266.6 173.8 24.5 24.8
1.633333 1 24.8 25.3 17.4 21.0
1.666667 1 331.1 348.8 502.5 280.6
1.666667 1 266.8 173.4 24.6 24.9
1.666667 1 25.1 25.3 17.2 21.0
1.700000 1 330.0 348.0 502.0 280.7
1.700000 1 267.0 173.0 24.7 25.0
1.700000 1 25.5 25.3 17.0 21.0
1.733333 1 328.9 347.3 501.5 280.7
1.733333 1 266.8 172.6 24.7 24.8
1.733333 1 25.8 25.4 17.1 21.0
1.766667 1 327.8 346.6 501.0 280.8
1.766667 1 266.6 172.2 24.8 24.6
1.766667 1 26.2 25.4 17.1 21.0
1.800000 1 326.7 345.9 500.5 280.9
1.800000 1 266.5 171.8 24.9 24.5
1.800000 1 26.5 25.4 17.2 21.0
1.833333 1 325.6 345.2 500.0 281.0
1.833333 1 266.3 171.4 25.0 24.3
1.833333 1 26.9 25.5 17.2 21.0
1.866667 1 324.4 344.5 499.5 281.0
1.866667 1 266.1 171.0 25.0 24.1
1.866667 1 27.2 25.5 17.3 21.0
1.900000 1 323.3 343.8 499.0 281.1
1.900000 1 265.9 170.6 25.1 23.9
1.900000 1 27.6 25.6 17.4 21.0
1.933333 1 322.2 343.1 498.5 281.2
1.933333 1 265.8 170.2 25.2 23.8
1.933333 1 27.9 25.6 17.4 21.0
1.966667 1 321.1 342.4 498.0 281.3
1.966667 1 265.6 169.8 25.3 23.6
1.966667 1 28.3 25.6 17.5 21.0
2.000000 1 320.0 341.6 497.5 281.3
2.000000 1 265.4 169.4 25.3 23.4
2.000000 1 28.6 25.7 17.5 21.0
2.033333 1 318.9 340.9 497.0 281.4
2.033333 1 265.2 169.0 25.4 23.2
2.033333 1 29.0 25.7 17.6 21.0
2.066667 1 317.8 340.2 496.7 281.5
2.066667 1 265.1 168.5 25.5 23.1
2.066667 1 28.9 25.7 17.6 21.2
2.100000 1 316.7 339.5 496.4 281.6
2.100000 1 264.9 167.9 25.6 22.9
2.100000 1 28.8 25.8 17.7 21.4
2.133333 1 315.6 338.8 496.1 281.6
2.133333 1 264.7 167.4 25.6 22.7
2.133333 1 28.6 25.8 17.8 21.5
2.166667 1 314.4 338.1 495.8 281.7
2.166667 1 264.5 166.9 25.7 22.5
2.166667 1 28.5 25.9 17.8 21.7
2.200000 1 313.3 337.4 495.5 281.8
2.200000 1 264.4 166.4 25.8 22.4
2.200000 1 28.4 25.9 17.9 21.9
2.233333 1 312.2 336.7 495.2 281.9
2.233333 1 264.2 165.8 25.9 22.2
2.233333 1 28.3 25.9 17.9 22.1
2.266667 1 311.1 336.0 494.9 281.9
2.266667 1 264.0 165.3 25.9 22.0
2.266667 1 28.2 26.0 18.0 22.2
2.300000 1 310.0 335.0 494.6 282.0
2.300000 1 264.0 164.8 26.0 22.2
2.300000 1 28.1 26.0 18.0 22.4
2.333333 1 309.2 334.0 494.4 282.1
2.333333 1 264.0 164.2 25.7 22.4
2.333333 1 27.9 25.7 18.0 22.6
2.366667 1 308.5 333.0 494.1 282.3
2.366667 1 264.0 163.7 25.5 22.6
2.366667 1 27.8 25.5 18.0 22.8
2.400000 1 307.7 332.0 493.8 282.4
2.400000 1 264.0 163.2 25.2 22.7
2.400000 1 27.7 25.2 18.0 22.9
2.433333 1 307.0 331.0 493.5 282.5
2.433333 1 264.0 162.6 25.0 22.9
2.433333 1 27.6 25.0 18.0 23.1
2.466667 1 306.2 330.0 493.2 282.6
2.466667 1 264.0 162.1 24.7 23.1
2.466667 1 27.5 24.7 18.0 23.3
2.500000 1 305.5 329.0 492.9 282.8
2.500000 1 264.0 161.6 24.5 23.3
2.500000 1 27.4 24.5 18.0 23.5
2.533333 1 304.7 328.0 492.6 282.9
2.533333 1 264.0 161.1 24.2 23.5
2.533333 1 27.2 24.2 18.0 23.6
2.566667 1 304.0 327.0 492.3 283.0
2.566667 1 264.0 160.5 24.0 23.7
2.566667 1 27.1 24.0 18.0 23.8
2.600000 1 303.2 326.0 492.0 283.1
2.600000 1 264.0 160.0 23.7 23.9
2.600000 1 27.0 23.7 18.0 24.0
2.633333 1 302.5 325.0 491.9 283.3
2.633333 1 264.0 159.9 23.5 24.1
2.633333 1 27.0 23.5 18.0 24.0
2.666667 1 301.7 324.0 491.9 283.4
2.666667 1 264.0 159.8 23.2 24.2
2.666667 1 27.0 23.2 18.0 24.0
2.700000 1 301.0 323.0 491.8 283.5
2.700000 1 264.0 159.7 23.0 24.4
2.700000 1 27.1 23.0 18.0 23.9
2.733333 1 300.2 322.0 491.7 283.6
2.733333 1 264.0 159.6 22.7 24.6
2.733333 1 27.1 22.7 18.0 23.9
2.766667 1 299.5 321.0 491.7 283.8
2.766667 1 264.0 159.5 22.5 24.8
2.766667 1 27.1 22.5 18.0 23.9
2.800000 1 298.7 320.0 284.0 491.6
2.800000 1 283.9 264.0 253.0 159.4
2.800000 1 22.0 25.0 23.0 27.1
2.800000 1 22.0 18.0 22.0 23.9
2.833333 1 298.0 319.0 284.7 491.5
2.833333 1 284.0 264.0 252.9 159.3
2.833333 1 22.0 24.9 23.0 27.1
2.833333 1 22.0 18.2 21.9 23.9
2.866667 1 318.0 285.4 491.5 264.0
2.866667 1 252.8 159.2 24.9 23.0
2.866667 1 27.1 18.3 21.8 23.9
2.900000 1 317.0 286.1 491.4 264.0
2.900000 1 252.7 159.1 24.8 23.0
2.900000 1 27.2 18.5 21.7 23.8
2.933333 1 316.0 286.7 491.3 264.0
2.933333 1 252.7 159.0 24.8 23.0
2.933333 1 27.2 18.7 21.7 23.8
2.966667 1 315.0 287.4 491.3 264.0
2.966667 1 252.6 158.9 24.7 23.0
2.966667 1 27.2 18.8 21.6 23.8
3.000000 1 314.0 288.1 491.2 264.0
3.000000 1 252.5 158.8 24.7 23.0
3.000000 1 27.2 19.0 21.5 23.8
3.033333 1 313.0 288.8 491.1 491.0
3.033333 1 264.0 252.4 158.7 228.0
3.033333 1 24.0 23.0 27.0 28.0
3.033333 1 19.0 21.0 23.0 25.0
3.066667 1 312.0 289.5 491.1 491.7
3.066667 1 264.0 252.3 158.6 228.0
3.066667 1 24.6 23.0 27.2 27.7
3.066667 1 19.3 21.3 23.8 24.6
3.100000 1 311.0 290.2 491.0 492.4
3.100000 1 264.0 252.2 158.5 228.0
3.100000 1 24.5 23.0 27.3 27.5
3.100000 1 19.5 21.2 23.7 24.2
3.133333 1 310.0 290.9 490.9 493.1
3.133333 1 264.0 252.1 158.4 228.0
3.133333 1 24.4 23.0 27.3 27.2
3.133333 1 19.7 21.1 23.7 23.9
3.166667 1 309.0 291.5 490.9 493.8
3.166667 1 264.0 252.1 158.3 228.0
3.166667 1 24.4 23.0 27.3 27.0
3.166667 1 19.8 21.1 23.7 23.5
3.200000 1 308.0 292.2 490.8 494.4
3.200000 1 264.0 252.0 158.2 228.0
3.200000 1 24.3 23.0 27.3 26.7
3.200000 1 20.0 21.0 23.7 23.1
3.233333 1 307.0 292.9 490.7 495.1
3.233333 1 264.0 251.9 158.1 228.0
3.233333 1 24.3 23.0 27.3 26.5
3.233333 1 20.2 20.9 23.7 22.7
3.266667 1 306.0 293.6 490.7 495.8
3.266667 1 264.0 251.8 158.0 228.0
3.266667 1 24.2 23.0 27.3 26.2
3.266667 1 20.3 20.8 23.7 22.4
3.300000 1 305.0 294.3 490.6 496.5
3.300000 1 264.0 251.7 157.9 228.0
3.300000 1 24.2 23.0 27.4 26.0
3.300000 1 20.5 20.7 23.6 22.0
3.333333 1 304.0 295.0 490.5 497.2
3.333333 1 264.0 251.6 157.8 228.0
3.333333 1 24.1 23.0 27.4 25.7
3.333333 1 20.7 20.6 23.6 21.6
3.366667 1 303.0 295.7 490.5 497.9
3.366667 1 264.0 251.5 157.7 228.0
3.366667 1 24.1 23.0 27.4 25.5
3.366667 1 20.8 20.5 23.6 21.2
3.400000 1 302.0 296.3 490.4 498.6
3.400000 1 264.0 251.5 157.6 228.0
3.400000 1 24.0 23.0 27.4 25.2
3.400000 1 21.0 20.5 23.6 20.9
3.433333 1 301.2 297.0 490.3 499.3
3.433333 1 264.0 251.4 157.5 228.0
3.433333 1 24.0 23.0 27.4 25.0
3.433333 1 21.1 20.4 23.6 20.5
3.466667 1 300.5 297.7 490.3 499.9
3.466667 1 264.1 251.3 157.4 228.0
3.466667 1 24.0 23.0 27.4 24.7
3.466667 1 21.2 20.3 23.6 20.1
3.500000 1 299.7 298.4 490.2 500.6
3.500000 1 264.1 251.2 157.3 228.0
3.500000 1 24.0 23.0 27.5 24.5
3.500000 1 21.3 20.2 23.5 19.7
3.533333 1 299.0 299.1 490.1 501.3
3.533333 1 264.2 251.1 157.2 228.0
3.533333 1 24.0 23.0 27.5 24.2
3.533333 1 21.4 20.1 23.5 19.4
3.566667 1 298.2 299.8 490.1 502.0
3.566667 1 264.2 251.0 157.1 228.0
3.566667 1 24.0 23.0 27.5 24.0
3.566667 1 21.5 20.0 23.5 19.0
3.600000 1 297.4 300.5 490.0 502.4
3.600000 1 264.3 250.9 157.0 227.5
3.600000 1 24.0 23.0 27.5 24.0
3.600000 1 21.6 19.9 23.5 19.2
3.633333 1 296.7 301.1 489.9 502.8
3.633333 1 264.3 250.9 156.9 226.9
3.633333 1 24.0 23.0 27.5 24.0
3.633333 1 21.7 19.9 23.5 19.5
3.666667 1 295.9 301.8 489.9 503.2
3.666667 1 264.4 250.8 156.8 226.4
3.666667 1 24.0 23.0 27.5 24.0
3.666667 1 21.8 19.8 23.5 19.7
3.700000 1 295.1 302.5 489.8 503.6
3.700000 1 264.4 250.7 156.7 225.9
3.700000 1 24.0 23.0 27.6 24.0
3.700000 1 21.9 19.7 23.4 19.9
3.733333 1 294.4 303.2 489.7 504.1
3.733333 1 264.5 250.6 156.6 225.4
3.733333 1 24.0 23.0 27.6 24.0
3.733333 1 22.0 19.6 23.4 20.2
3.766667 1 293.6 303.9 489.7 504.5
3.766667 1 264.5 250.5 156.5 224.8
3.766667 1 24.0 23.0 27.6 24.0
3.766667 1 22.0 19.5 23.4 20.4
3.800000 1 292.9 304.6 489.6 504.9
3.800000 1 264.6 250.4 156.4 224.3
3.800000 1 24.0 23.0 27.6 24.0
3.800000 1 22.1 19.4 23.4 20.6
3.833333 1 292.1 305.3 489.5 505.3
3.833333 1 264.6 250.3 156.3 223.8
3.833333 1 24.0 23.0 27.6 24.0
3.833333 1 22.2 19.3 23.4 20.9
3.866667 1 291.3 305.9 489.5 505.7
3.866667 1 264.7 250.3 156.2 223.2
3.866667 1 24.0 23.0 27.6 24.0
3.866667 1 22.3 19.3 23.4 21.1
3.900000 1 290.6 306.6 489.4 506.1
3.900000 1 264.7 250.2 156.1 222.7
3.900000 1 24.0 23.0 27.7 24.0
3.900000 1 22.4 19.2 23.3 21.4
3.933333 1 289.8 307.3 489.3 506.5
3.933333 1 264.8 250.1 156.0 222.2
3.933333 1 24.0 23.0 27.7 24.0
3.933333 1 22.5 19.1 23.3 21.6
3.966667 1 289.0 308.0 489.3 506.9
3.966667 1 264.8 250.0 155.9 221.6
3.966667 1 24.0 23.0 27.7 24.0
3.966667 1 22.6 19.0 23.3 21.8
4.000000 1 288.3 308.9 489.2 507.4
4.000000 1 264.9 249.6 155.8 221.1
4.000000 1 24.0 23.1 27.7 24.0
4.000000 1 22.7 19.1 23.3 22.1
4.033333 1 287.5 309.8 489.1 507.8
4.033333 1 264.9 249.3 155.7 220.6
4.033333 1 24.0 23.1 27.7 24.0
4.033333 1 22.8 19.1 23.3 22.3
4.066667 1 286.8 310.7 489.1 508.2
4.066667 1 265.0 248.9 155.6 220.1
4.066667 1 24.0 23.2 27.7 24.0
4.066667 1 22.9 19.2 23.3 22.5
4.100000 1 286.0 311.6 489.0 508.6
4.100000 1 265.0 248.5 155.5 219.5
4.100000 1 24.0 23.2 27.8 24.0
4.100000 1 23.0 19.2 23.2 22.8
4.133333 1 285.6 312.5 488.9 509.0
4.133333 1 265.2 248.2 155.4 219.0
4.133333 1 23.4 23.3 27.8 24.0
4.133333 1 22.7 19.3 23.2 23.0
4.166667 1 285.2 313.4 488.9 509.3
4.166667 1 265.5 247.8 155.3 218.8
4.166667 1 22.9 23.3 27.8 24.0
4.166667 1 22.3 19.3 23.2 22.9
4.200000 1 284.9 314.3 488.8 509.6
4.200000 1 265.7 247.4 155.2 218.6
4.200000 1 22.3 23.4 27.8 23.9
4.200000 1 22.0 19.4 23.2 22.7
4.233333 1 284.5 315.2 488.7 510.0
4.233333 1 266.0 247.1 155.1 218.4
4.233333 1 21.7 23.4 27.8 23.9
4.233333 1 21.7 19.4 23.2 22.6
4.266667 1 284.1 439.0 316.1 488.7
4.266667 1 510.3 266.2 273.0 246.7
4.266667 1 155.0 218.1 21.0 30.0
4.266667 1 23.5 27.8 23.9 21.0
4.266667 1 24.0 19.5 23.2 22.4
4.300000 1 283.7 438.4 316.9 488.6
4.300000 1 510.6 266.4 272.9 246.3
4.300000 1 154.9 217.9 20.6 29.8
4.300000 1 23.5 27.9 23.8 21.0
4.300000 1 24.1 19.5 23.1 22.3
4.333333 1 283.3 437.8 317.8 488.5
4.333333 1 510.9 266.7 272.8 245.9
4.333333 1 154.8 217.7 20.0 29.5
4.333333 1 23.6 27.9 23.8 20.7
4.333333 1 24.2 19.6 23.1 22.1
4.366667 1 283.0 437.1 318.7 488.5
4.366667 1 511.3 266.9 272.7 245.6
4.366667 1 154.7 217.5 19.4 29.3
4.366667 1 23.6 27.9 23.7 20.3
4.366667 1 24.3 19.6 23.1 22.0
4.400000 1 282.6 436.5 319.6 488.4
4.400000 1 511.6 267.1 272.6 245.2
4.400000 1 154.6 217.3 18.9 29.0
4.400000 1 23.7 27.9 23.7 20.0
4.400000 1 24.4 19.7 23.1 21.9
4.433333 1 282.2 435.9 320.5 488.3
4.433333 1 511.9 267.4 272.5 244.8
4.433333 1 154.5 217.1 18.3 28.8
4.433333 1 23.7 27.9 23.7 19.7
4.433333 1 24.5 19.7 23.1 21.7
4.466667 1 281.8 435.3 321.4 488.3
4.466667 1 512.2 267.6 272.4 244.5
4.466667 1 154.4 216.9 17.7 28.6
4.466667 1 23.8 27.9 23.6 19.3
4.466667 1 24.6 19.8 23.1 21.6
4.500000 1 281.4 434.7 322.3 488.2
4.500000 1 512.5 267.9 272.3 244.1
4.500000 1 154.3 216.6 17.1 28.3
4.500000 1 23.8 28.0 23.6 19.0
4.500000 1 24.7 19.8 23.0 21.4
4.533333 1 281.0 434.0 323.2 488.1
4.533333 1 512.9 268.1 272.2 243.7
4.533333 1 154.2 216.4 16.6 28.1
4.533333 1 23.9 28.0 23.6 18.7
4.533333 1 24.8 19.9 23.0 21.3
4.566667 1 280.7 433.4 324.1 488.1
4.566667 1 513.2 268.3 272.1 243.4
4.566667 1 154.1 216.2 16.0 27.9
4.566667 1 23.9 28.0 23.5 18.3
4.566667 1 24.9 19.9 23.0 21.1
4.600000 1 280.3 432.8 325.0 488.0
4.600000 1 513.5 268.6 272.0 243.0
4.600000 1 154.0 216.0 15.4 27.6
4.600000 1 24.0 28.0 23.5 18.0
4.600000 1 25.0 20.0 23.0 21.0
4.633333 1 279.9 432.2 325.6 488.5
4.633333 1 513.8 268.8 272.0 242.8
4.633333 1 154.0 215.8 14.9 27.4
4.633333 1 24.1 27.9 23.5 17.7
4.633333 1 25.0 20.0 22.9 20.9
4.666667 1 279.5 431.6 326.2 489.1
4.666667 1 514.1 269.0 271.9 242.6
4.666667 1 154.1 215.6 14.3 27.1
4.666667 1 24.2 27.8 23.4 17.3
4.666667 1 25.1 20.1 22.8 20.7
4.700000 1 279.1 431.0 326.9 489.6
4.700000 1 514.5 269.3 271.8 242.5
4.700000 1 154.1 215.4 13.7 26.9
4.700000 1 24.4 27.8 23.4 17.0
4.700000 1 25.2 20.1 22.7 20.6
4.733333 1 278.8 430.3 327.5 490.2
4.733333 1 514.8 269.5 271.7 242.3
4.733333 1 154.2 215.1 13.1 26.7
4.733333 1 24.5 27.7 23.4 16.7
4.733333 1 25.3 20.1 22.5 20.4
4.766667 1 278.4 429.7 328.1 490.7
4.766667 1 515.1 269.8 271.6 242.1
4.766667 1 154.2 214.9 12.6 26.4
4.766667 1 24.6 27.6 23.3 16.3
4.766667 1 25.4 20.1 22.4 20.3
4.800000 1 278.0 429.1 328.7 491.2
4.800000 1 515.4 270.0 271.5 241.9
4.800000 1 154.2 214.7 12.0 26.2
4.800000 1 24.7 27.5 23.3 16.0
4.800000 1 25.5 20.2 22.3 20.1
4.833333 1 277.0 428.5 329.3 491.8
4.833333 1 515.8 269.9 271.4 241.8
4.833333 1 154.3 214.5 12.3 26.0
4.833333 1 24.8 27.5 23.2 16.1
4.833333 1 25.6 20.2 22.2 20.0
4.866667 1 276.0 427.9 329.9 492.3
4.866667 1 516.1 269.8 271.3 241.6
4.866667 1 154.3 214.3 12.6 25.7
4.866667 1 24.9 27.4 23.2 16.2
4.866667 1 25.7 20.2 22.1 19.9
4.900000 1 275.0 427.2 330.6 492.8
4.900000 1 516.4 269.7 271.2 241.4
4.900000 1 154.3 214.1 12.8 25.5
4.900000 1 25.1 27.3 23.2 16.3
4.900000 1 25.8 20.3 22.0 19.7
4.933333 1 274.0 426.6 331.2 493.4
4.933333 1 516.7 269.6 271.1 241.2
4.933333 1 154.4 213.9 13.1 25.2
4.933333 1 25.2 27.2 23.1 16.4
4.933333 1 25.9 20.3 21.8 19.6
4.966667 1 273.0 426.0 331.8 493.9
4.966667 1 517.0 269.5 271.0 241.1
4.966667 1 154.4 213.6 13.4 25.0
4.966667 1 25.3 27.2 23.1 16.5
4.966667 1 26.0 20.3 21.7 19.4
5.000000 1 272.0 425.1 332.4 494.5
5.000000 1 517.4 269.4 271.0 240.9
5.000000 1 154.5 213.4 13.7 25.0
5.000000 1 25.4 27.1 23.1 16.6
5.000000 1 26.0 20.4 21.6 19.3
5.033333 1 271.0 424.3 333.0 495.0
5.033333 1 517.7 269.3 271.1 240.7
5.033333 1 154.5 213.2 13.9 25.1
5.033333 1 25.5 27.0 23.0 16.7
5.033333 1 26.0 20.4 21.5 19.1
5.066667 1 270.0 423.4 333.6 495.5
5.066667 1 518.0 269.2 271.1 240.5
5.066667 1 154.5 213.0 14.2 25.1
5.066667 1 25.6 26.9 23.0 16.8
5.066667 1 26.0 20.4 21.4 19.0
5.100000 1 269.0 422.5 334.3 496.1
5.100000 1 518.3 269.1 271.2 240.4
5.100000 1 154.6 212.6 14.5 25.2
5.100000 1 25.8 26.8 22.9 16.9
5.100000 1 26.0 20.4 21.3 19.0
5.133333 1 268.0 421.7 334.9 496.6
5.133333 1 518.6 269.0 271.2 240.2
5.133333 1 154.6 212.1 14.8 25.2
5.133333 1 25.9 26.8 22.9 17.0
5.133333 1 26.0 20.5 21.2 19.1
5.166667 1 267.0 420.8 335.5 497.2
5.166667 1 518.9 268.9 271.3 240.0
5.166667 1 154.7 211.7 15.0 25.3
5.166667 1 26.0 26.7 22.8 17.1
5.166667 1 26.0 20.5 21.0 19.1
5.200000 1 266.0 419.9 336.1 497.7
5.200000 1 519.2 268.8 271.3 239.8
5.200000 1 154.7 211.2 15.3 25.3
5.200000 1 26.1 26.6 22.7 17.2
5.200000 1 26.0 20.5 20.9 19.1
5.233333 1 265.0 419.0 336.7 498.2
5.233333 1 519.6 268.7 271.3 239.6
5.233333 1 154.7 210.8 15.6 25.3
5.233333 1 26.2 26.5 22.7 17.3
5.233333 1 26.0 20.6 20.8 19.2
5.266667 1 264.0 418.2 337.4 498.8
5.266667 1 519.9 268.6 271.4 239.5
5.266667 1 154.8 210.3 15.9 25.4
5.266667 1 26.4 26.5 22.6 17.4
5.266667 1 26.0 20.6 20.7 19.2
5.300000 1 263.0 417.3 338.0 499.3
5.300000 1 520.2 268.4 271.4 239.3
5.300000 1 154.8 209.9 16.1 25.4
5.300000 1 26.5 26.4 22.5 17.6
5.300000 1 26.0 20.6 20.6 19.2
5.333333 1 262.0 416.4 338.6 499.8
5.333333 1 520.5 268.3 271.5 239.1
5.333333 1 154.8 209.4 16.4 25.5
5.333333 1 26.6 26.3 22.4 17.7
5.333333 1 26.0 20.6 20.5 19.3
5.366667 1 261.0 415.6 339.2 500.4
5.366667 1 520.8 268.2 271.5 238.9
5.366667 1 154.9 209.0 16.7 25.5
5.366667 1 26.7 26.2 22.4 17.8
5.366667 1 26.0 20.7 20.3 19.3
5.400000 1 260.0 414.7 339.8 500.9
5.400000 1 521.1 268.1 271.6 238.8
5.400000 1 154.9 208.5 17.0 25.6
5.400000 1 26.8 26.2 22.3 17.9
5.400000 1 26.0 20.7 20.2 19.3
5.433333 1 259.0 413.8 340.4 501.5
5.433333 1 521.4 268.0 271.6 238.6
5.433333 1 155.0 208.1 17.2 25.6
5.433333 1 26.9 26.1 22.2 18.0
5.433333 1 26.0 20.7 20.1 19.4
5.466667 1 258.0 413.0 341.1 502.0
5.466667 1 521.7 267.9 271.7 238.4
5.466667 1 155.0 207.6 17.5 25.7
5.466667 1 27.1 26.0 22.2 18.1
5.466667 1 26.0 20.8 20.0 19.4
5.500000 1 257.0 412.1 341.7 502.5
5.500000 1 522.0 267.8 271.7 238.2
5.500000 1 155.0 207.2 17.8 25.7
5.500000 1 27.2 25.9 22.1 18.2
5.500000 1 26.0 20.8 19.8 19.4
5.533333 1 256.0 411.2 342.3 502.9
5.533333 1 522.3 267.7 271.7 238.1
5.533333 1 155.0 206.7 18.1 25.7
5.533333 1 27.3 25.7 22.0 18.3
5.533333 1 26.0 20.8 19.6 19.5
5.566667 1 255.0 410.3 342.9 503.4
5.566667 1 522.7 267.6 271.8 237.9
5.566667 1 155.0 206.3 18.3 25.8
5.566667 1 27.4 25.6 22.0 18.4
5.566667 1 26.0 20.9 19.4 19.5
5.600000 1 254.0 409.5 343.5 503.9
5.600000 1 523.0 267.5 271.8 237.7
5.600000 1 155.0 205.8 18.6 25.8
5.600000 1 27.5 25.4 21.9 18.5
5.600000 1 26.0 20.9 19.1 19.6
5.633333 1 253.0 408.6 344.1 504.3
5.633333 1 523.3 267.4 271.9 237.5
5.633333 1 155.0 205.4 18.9 25.9
5.633333 1 27.6 25.3 21.8 18.6
5.633333 1 26.0 20.9 18.9 19.6
5.666667 1 252.0 407.7 344.8 504.8
5.666667 1 523.6 267.3 271.9 237.4
5.666667 1 155.0 204.9 19.2 25.9
5.666667 1 27.8 25.1 21.8 18.7
5.666667 1 26.0 20.9 18.7 19.6
5.700000 1 251.0 406.9 345.4 505.2
5.700000 1 523.9 267.2 272.0 237.2
5.700000 1 155.0 204.5 19.4 26.0
5.700000 1 27.9 25.0 21.7 18.8
5.700000 1 26.0 21.0 18.5 19.7
5.733333 1 250.0 406.0 346.0 505.7
5.733333 1 524.2 267.1 272.0 237.0
5.733333 1 155.0 204.0 19.7 26.0
5.733333 1 28.0 24.9 21.6 18.9
5.733333 1 26.0 21.0 18.3 19.7
5.766667 1 249.0 405.0 346.5 506.2
5.766667 1 524.5 267.0 272.1 237.0
5.766667 1 155.0 203.6 20.0 26.0
5.766667 1 27.9 24.7 21.6 19.0
5.766667 1 25.9 21.0 18.1 19.7
5.800000 1 248.2 404.0 347.0 506.6
5.800000 1 524.8 267.0 272.3 236.9
5.800000 1 155.0 203.1 20.1 26.0
5.800000 1 27.9 24.6 21.5 19.1
5.800000 1 25.9 21.0 17.9 19.8
5.833333 1 247.5 403.0 347.6 507.1
5.833333 1 525.1 267.0 272.4 236.9
5.833333 1 155.0 202.7 20.3 26.0
5.833333 1 27.8 24.4 21.4 19.2
5.833333 1 25.8 21.0 17.6 19.8
5.866667 1 246.7 402.0 348.1 507.6
5.866667 1 525.4 267.0 272.5 236.9
5.866667 1 155.0 202.2 20.4 26.0
5.866667 1 27.7 24.3 21.3 19.3
5.866667 1 25.7 21.1 17.4 19.8
5.900000 1 246.0 401.0 348.6 508.0
5.900000 1 525.8 267.0 272.6 236.8
5.900000 1 155.0 201.8 20.6 26.0
5.900000 1 27.7 24.1 21.3 19.4
5.900000 1 25.7 21.1 17.2 19.9
5.933333 1 245.2 400.0 349.1 508.5
5.933333 1 526.1 267.0 272.8 236.8
5.933333 1 155.0 201.3 20.7 26.0
5.933333 1 27.6 24.0 21.2 19.5
5.933333 1 25.6 21.1 17.0 19.9
5.966667 1 244.4 399.0 349.7 509.0
5.966667 1 526.4 267.0 272.9 236.8
5.966667 1 155.0 200.9 20.8 26.0
5.966667 1 27.6 23.9 21.1 19.6
5.966667 1 25.5 21.1 16.8 19.9
6.000000 1 243.7 398.0 350.2 509.4
6.000000 1 526.7 267.0 273.0 236.7
6.000000 1 155.0 200.4 21.0 26.0
6.000000 1 27.5 23.7 21.1 19.7
6.000000 1 25.5 21.1 16.6 20.0
6.033333 1 242.9 397.0 350.7 509.9
6.033333 1 527.0 267.0 273.2 236.7
6.033333 1 155.0 200.0 21.1 26.0
6.033333 1 27.4 23.6 21.0 19.8
6.033333 1 25.4 21.1 16.4 20.0
6.066667 1 242.2 396.0 351.2 510.4
6.066667 1 527.0 267.0 273.3 236.7
6.066667 1 155.0 200.0 21.2 26.0
6.066667 1 27.4 23.4 20.9 19.9
6.066667 1 25.4 21.2 16.1 19.9
6.100000 1 241.4 395.0 351.8 510.8
6.100000 1 527.1 267.0 273.4 236.7
6.100000 1 155.0 200.0 21.4 26.0
6.100000 1 27.3 23.3 20.9 20.0
6.100000 1 25.3 21.2 15.9 19.8
6.133333 1 240.7 394.0 352.3 511.3
6.133333 1 527.1 267.0 273.5 236.6
6.133333 1 155.0 200.0 21.5 26.0
6.133333 1 27.2 23.1 20.8 20.1
6.133333 1 25.2 21.2 15.7 19.7
6.166667 1 239.9 393.0 352.8 511.7
6.166667 1 527.1 267.0 273.7 236.6
6.166667 1 155.0 200.0 21.7 26.0
6.166667 1 27.2 23.0 20.7 20.2
6.166667 1 25.2 21.2 15.5 19.6
6.200000 1 239.1 392.0 353.3 512.2
6.200000 1 527.2 267.0 273.8 236.6
6.200000 1 155.0 200.0 21.8 26.0
6.200000 1 27.1 22.9 20.7 20.3
6.200000 1 25.1 21.2 15.3 19.5
6.233333 1 238.4 391.0 353.9 512.7
6.233333 1 527.2 267.0 273.9 236.5
6.233333 1 155.0 200.0 21.9 26.0
6.233333 1 27.0 22.7 20.6 20.4
6.233333 1 25.0 21.2 15.1 19.4
6.266667 1 237.6 390.0 354.4 513.1
6.266667 1 527.2 267.0 274.1 236.5
6.266667 1 155.0 200.0 22.1 26.0
6.266667 1 27.0 22.6 20.5 20.6
6.266667 1 25.0 21.3 14.9 19.3
6.300000 1 236.9 389.0 354.9 513.6
6.300000 1 527.3 267.0 274.2 236.5
6.300000 1 155.0 200.0 22.2 26.0
6.300000 1 26.9 22.4 20.4 20.7
6.300000 1 24.9 21.3 14.6 19.2
6.333333 1 236.1 388.0 355.4 514.1
6.333333 1 527.3 267.0 274.3 236.4
6.333333 1 155.0 200.0 22.3 26.0
6.333333 1 26.9 22.3 20.4 20.8
6.333333 1 24.8 21.3 14.4 19.1
6.366667 1 235.3 387.0 356.0 514.5
6.366667 1 527.3 267.0 274.5 236.4
6.366667 1 155.0 200.0 22.5 26.0
6.366667 1 26.8 22.1 20.3 20.9
6.366667 1 24.8 21.3 14.2 19.0
6.400000 1 234.6 386.0 356.5 515.0
6.400000 1 527.4 267.0 274.6 236.4
6.400000 1 155.0 200.0 22.6 26.0
6.400000 1 26.7 22.0 20.2 21.0
6.400000 1 24.7 21.3 14.0 18.9
6.433333 1 233.8 385.0 357.0 515.3
6.433333 1 527.4 267.0 274.7 236.3
6.433333 1 154.8 200.0 22.8 26.0
6.433333 1 26.7 22.1 20.2 21.1
6.433333 1 24.6 21.3 14.2 18.8
6.466667 1 233.1 384.0 357.5 515.6
6.466667 1 527.4 267.0 274.8 236.3
6.466667 1 154.5 200.0 22.9 26.0
6.466667 1 26.6 22.2 20.1 21.2
6.466667 1 24.6 21.3 14.4 18.7
6.500000 1 232.3 383.0 358.0 516.0
6.500000 1 527.5 267.0 275.0 236.3
6.500000 1 154.3 200.0 23.0 26.0
6.500000 1 26.5 22.2 20.0 21.3
6.500000 1 24.5 21.4 14.6 18.6
6.533333 1 231.6 382.0 358.6 516.3
6.533333 1 527.5 267.0 275.1 236.2
6.533333 1 154.0 200.0 23.2 26.0
6.533333 1 26.5 22.3 20.0 21.4
6.533333 1 24.5 21.4 14.8 18.4
6.566667 1 230.8 381.0 359.1 516.6
6.566667 1 527.6 267.0 275.2 236.2
6.566667 1 153.8 200.0 23.3 26.0
6.566667 1 26.4 22.4 19.9 21.5
6.566667 1 24.4 21.4 14.9 18.3
6.600000 1 230.0 380.0 359.6 516.9
6.600000 1 527.6 267.0 275.4 236.2
6.600000 1 153.5 200.0 23.4 26.0
6.600000 1 26.3 22.5 19.8 21.6
6.600000 1 24.3 21.4 15.1 18.2
6.633333 1 229.3 379.0 360.1 517.3
6.633333 1 527.6 267.0 275.5 236.1
6.633333 1 153.3 200.0 23.6 26.0
6.633333 1 26.3 22.6 19.8 21.7
6.633333 1 24.3 21.4 15.3 18.1
6.666667 1 228.5 378.0 360.7 517.6
6.666667 1 527.7 267.0 275.6 236.1
6.666667 1 153.1 200.0 23.7 26.0
6.666667 1 26.2 22.6 19.7 21.8
6.666667 1 24.2 21.4 15.5 18.0
6.700000 1 227.8 377.0 361.2 517.9
6.700000 1 527.7 267.0 275.7 236.1
6.700000 1 152.8 200.0 23.9 26.0
6.700000 1 26.2 22.7 19.6 21.9
6.700000 1 24.1 21.5 15.7 17.9
6.733333 1 227.0 376.0 361.7 518.2
6.733333 1 527.7 267.0 275.9 236.0
6.733333 1 152.6 200.0 24.0 26.0
6.733333 1 26.1 22.8 19.6 22.0
6.733333 1 24.1 21.5 15.9 17.8
6.766667 1 375.0 362.2 518.6 527.8
6.766667 1 276.0 236.0 152.3 200.0
6.766667 1 26.0 26.0 22.9 19.5
6.766667 1 24.0 21.5 16.1 17.7
6.800000 1 373.9 362.8 518.9 527.8
6.800000 1 276.0 236.0 152.1 200.0
6.800000 1 26.1 26.0 23.0 19.4
6.800000 1 23.9 21.5 16.3 17.6
6.833333 1 372.9 363.3 519.2 527.8
6.833333 1 276.0 236.0 151.8 200.0
6.833333 1 26.2 25.9 23.1 19.3
6.833333 1 23.9 21.5 16.5 17.5
6.866667 1 371.8 363.8 519.5 527.9
6.866667 1 276.0 235.9 151.6 200.0
6.866667 1 26.4 25.8 23.1 19.3
6.866667 1 23.8 21.5 16.6 17.4
6.900000 1 370.8 364.3 519.9 527.9
6.900000 1 276.0 235.9 151.4 200.0
6.900000 1 26.5 25.8 23.2 19.2
6.900000 1 23.8 21.6 16.8 17.3
6.933333 1 369.7 364.9 520.2 527.9
6.933333 1 276.0 235.9 151.1 200.0
6.933333 1 26.6 25.7 23.3 19.1
6.933333 1 23.7 21.6 17.0 17.2
6.966667 1 368.6 365.4 520.5 528.0
6.966667 1 276.0 235.8 150.9 200.0
6.966667 1 26.7 25.7 23.4 19.1
6.966667 1 23.6 21.6 17.2 17.1
7.000000 1 367.6 365.9 520.8 528.0
7.000000 1 276.0 235.8 150.6 200.0
7.000000 1 26.8 25.6 23.5 19.0
7.000000 1 23.6 21.6 17.4 17.0
7.033333 1 366.5 366.4 521.2 528.0
7.033333 1 276.0 235.8 150.4 199.8
7.033333 1 26.9 25.5 23.5 19.0
7.033333 1 23.5 21.6 17.6 17.1
7.066667 1 365.5 367.0 521.5 528.0
7.066667 1 276.0 235.7 150.1 199.7
7.066667 1 27.1 25.5 23.6 19.1
7.066667 1 23.5 21.6 17.8 17.2
7.100000 1 364.4 367.5 521.8 528.1
7.100000 1 276.0 235.7 149.9 199.5
7.100000 1 27.2 25.4 23.7 19.1
7.100000 1 23.4 21.7 18.0 17.3
7.133333 1 363.4 368.0 522.1 528.1
7.133333 1 276.0 235.7 149.6 199.3
7.133333 1 27.3 25.3 23.8 19.1
7.133333 1 23.4 21.7 18.2 17.3
7.166667 1 362.3 368.5 522.5 528.1
7.166667 1 276.0 235.6 149.4 199.1
7.166667 1 27.4 25.3 23.9 19.2
7.166667 1 23.3 21.7 18.4 17.4
7.200000 1 361.2 369.0 522.8 528.1
7.200000 1 276.0 235.6 149.2 199.0
7.200000 1 27.5 25.2 23.9 19.2
7.200000 1 23.2 21.7 18.5 17.5
7.233333 1 360.2 369.6 523.1 528.1
7.233333 1 276.0 235.6 148.9 198.8
7.233333 1 27.6 25.1 24.0 19.2
7.233333 1 23.2 21.7 18.7 17.6
7.266667 1 359.1 370.1 523.4 528.1
7.266667 1 276.0 235.5 148.7 198.6
7.266667 1 27.8 25.1 24.1 19.3
7.266667 1 23.1 21.7 18.9 17.7
7.300000 1 358.1 370.6 523.8 528.2
7.300000 1 276.0 235.5 148.4 198.4
7.300000 1 27.9 25.0 24.2 19.3
7.300000 1 23.1 21.7 19.1 17.8
7.333333 1 357.0 371.1 524.1 528.2
7.333333 1 276.0 235.5 148.2 198.3
7.333333 1 28.0 25.0 24.3 19.3
7.333333 1 23.0 21.8 19.3 17.9
7.366667 1 356.4 371.7 524.4 528.2
7.366667 1 276.0 235.4 147.9 198.1
7.366667 1 27.9 24.9 24.4 19.4
7.366667 1 23.2 21.8 19.5 17.9
7.400000 1 355.8 372.2 524.7 528.2
7.400000 1 276.1 235.4 147.7 197.9
7.400000 1 27.8 24.8 24.4 19.4
7.400000 1 23.3 21.8 19.7 18.0
7.433333 1 355.1 372.7 525.1 528.2
7.433333 1 276.1 235.4 147.5 197.8
7.433333 1 27.7 24.8 24.5 19.4
7.433333 1 23.5 21.8 19.9 18.1
7.466667 1 354.5 373.2 525.4 528.2
7.466667 1 276.1 235.3 147.2 197.6
7.466667 1 27.6 24.7 24.6 19.5
7.466667 1 23.6 21.8 20.1 18.2
7.500000 1 353.9 373.8 525.7 528.3
7.500000 1 276.2 235.3 147.0 197.4
7.500000 1 27.5 24.6 24.7 19.5
7.500000 1 23.8 21.8 20.2 18.3
7.533333 1 353.3 374.3 526.0 528.3
7.533333 1 276.2 235.3 146.7 197.2
7.533333 1 27.4 24.6 24.8 19.6
7.533333 1 23.9 21.9 20.4 18.4
7.566667 1 352.6 374.8 526.4 528.3
7.566667 1 276.2 235.3 146.5 197.1
7.566667 1 27.3 24.5 24.8 19.6
7.566667 1 24.1 21.9 20.6 18.5
7.600000 1 352.0 375.3 526.7 528.3
7.600000 1 276.2 235.2 146.2 196.9
7.600000 1 27.3 24.4 24.9 19.6
7.600000 1 24.2 21.9 20.8 18.6
7.633333 1 351.4 375.9 527.0 528.3
7.633333 1 276.3 235.2 146.0 196.7
7.633333 1 27.2 24.4 25.0 19.7
7.633333 1 24.4 21.9 21.0 18.6
7.666667 1 350.8 376.4 527.1 528.3
7.666667 1 276.3 235.2 145.9 196.6
7.666667 1 27.1 24.3 25.0 19.7
7.666667 1 24.6 21.9 21.0 18.7
7.700000 1 350.1 376.9 527.1 528.4
7.700000 1 276.3 235.1 145.8 196.4
7.700000 1 27.0 24.3 25.1 19.7
7.700000 1 24.7 21.9 21.0 18.8
7.733333 1 349.5 377.4 527.2 528.4
7.733333 1 276.4 235.1 145.7 196.2
7.733333 1 26.9 24.2 25.1 19.8
7.733333 1 24.9 22.0 21.1 18.9
7.766667 1 348.9 378.0 527.3 528.4
7.766667 1 276.4 235.1 145.6 196.0
7.766667 1 26.8 24.1 25.2 19.8
7.766667 1 25.0 22.0 21.1 19.0
7.800000 1 348.3 378.5 527.3 528.4
7.800000 1 276.4 235.0 145.5 195.9
7.800000 1 26.7 24.1 25.2 19.8
7.800000 1 25.2 22.0 21.1 19.1
7.833333 1 347.6 379.0 527.4 528.4
7.833333 1 276.5 235.0 145.4 195.7
7.833333 1 26.6 24.0 25.3 19.9
7.833333 1 25.3 22.0 21.1 19.2
7.866667 1 347.0 379.6 527.4 528.4
7.866667 1 276.5 234.8 145.3 195.5
7.866667 1 26.5 24.0 25.3 19.9
7.866667 1 25.5 21.9 21.1 19.2
7.900000 1 346.4 380.3 527.5 528.5
7.900000 1 276.5 234.5 145.2 195.3
7.900000 1 26.4 24.0 25.3 19.9
7.900000 1 25.7 21.9 21.2 19.3
7.933333 1 345.8 380.9 527.6 528.5
7.933333 1 276.6 234.3 145.1 195.2
7.933333 1 26.3 24.0 25.4 20.0
7.933333 1 25.8 21.8 21.2 19.4
7.966667 1 345.1 381.5 527.6 528.5
7.966667 1 276.6 234.1 145.0 195.0
7.966667 1 26.2 24.0 25.4 20.0
7.966667 1 26.0 21.8 21.2 19.5
8.000000 1 344.5 382.2 527.7 528.5
8.000000 1 276.6 233.8 144.9 194.8
8.000000 1 26.1 24.0 25.5 20.0
8.000000 1 26.1 21.7 21.2 19.6
8.033333 1 343.9 382.8 527.8 528.5
8.033333 1 276.7 233.6 144.7 194.7
8.033333 1 26.0 24.0 25.5 20.1
8.033333 1 26.3 21.7 21.3 19.7
8.066667 1 343.3 383.4 527.8 528.6
8.066667 1 276.7 233.3 144.6 194.5
8.066667 1 25.9 24.0 25.5 20.1
8.066667 1 26.4 21.6 21.3 19.8
8.100000 1 342.6 384.1 527.9 528.6
8.100000 1 276.7 233.1 144.5 194.3
8.100000 1 25.8 24.0 25.6 20.1
8.100000 1 26.6 21.6 21.3 19.8
8.133333 1 342.0 384.7 527.9 528.6
8.133333 1 276.7 232.9 144.4 194.1
8.133333 1 25.8 24.0 25.6 20.2
8.133333 1 26.7 21.5 21.3 19.9
8.166667 1 341.4 385.3 528.0 528.6
8.166667 1 276.8 232.6 144.3 194.0
8.166667 1 25.7 24.0 25.7 20.2
8.166667 1 26.9 21.5 21.3 20.0
8.200000 1 340.8 385.9 528.1 528.6
8.200000 1 276.8 232.4 144.2 193.8
8.200000 1 25.6 24.0 25.7 20.2
8.200000 1 27.1 21.4 21.4 20.1
8.233333 1 340.1 386.6 528.1 528.6
8.233333 1 276.8 232.2 144.1 193.6
8.233333 1 25.5 24.0 25.8 20.3
8.233333 1 27.2 21.4 21.4 20.2
8.266667 1 339.5 387.2 528.2 528.7
8.266667 1 276.9 231.9 144.0 193.4
8.266667 1 25.4 24.0 25.8 20.3
8.266667 1 27.4 21.3 21.4 20.3
8.300000 1 338.9 387.8 528.3 528.7
8.300000 1 276.9 231.7 143.9 193.3
8.300000 1 25.3 24.0 25.8 20.3
8.300000 1 27.5 21.3 21.4 20.4
8.333333 1 338.3 388.5 528.3 528.7
8.333333 1 276.9 231.4 143.8 193.1
8.333333 1 25.2 24.0 25.9 20.4
8.333333 1 27.7 21.2 21.4 20.4
8.366667 1 337.6 389.1 528.4 528.7
8.366667 1 277.0 231.2 143.7 192.9
8.366667 1 25.1 24.0 25.9 20.4
8.366667 1 27.8 21.2 21.5 20.5
8.400000 1 337.0 389.7 528.4 528.7
8.400000 1 277.0 231.0 143.6 192.8
8.400000 1 25.0 24.0 26.0 20.4
8.400000 1 28.0 21.1 21.5 20.6
8.433333 1 335.7 390.4 528.5 528.7
8.433333 1 277.6 230.7 143.5 192.6
8.433333 1 25.4 24.0 26.0 20.5
8.433333 1 27.5 21.1 21.5 20.7
8.466667 1 334.4 391.0 528.6 528.8
8.466667 1 278.1 230.5 143.4 192.4
8.466667 1 25.7 24.0 26.0 20.5
8.466667 1 27.0 21.0 21.5 20.8
8.500000 1 333.1 391.6 528.6 528.8
8.500000 1 278.7 230.3 143.3 192.2
8.500000 1 26.1 24.0 26.1 20.6
8.500000 1 26.5 20.9 21.5 20.9
8.533333 1 331.9 392.3 528.7 528.8
8.533333 1 279.3 230.0 143.2 192.1
8.533333 1 26.4 24.0 26.1 20.6
8.533333 1 26.0 20.9 21.6 21.0
8.566667 1 330.6 392.9 528.8 528.8
8.566667 1 279.9 229.8 143.1 191.9
8.566667 1 26.8 24.0 26.2 20.6
8.566667 1 25.5 20.8 21.6 21.1
8.600000 1 329.3 393.5 528.8 528.8
8.600000 1 280.4 229.6 143.0 191.7
8.600000 1 27.1 24.0 26.2 20.7
8.600000 1 25.0 20.8 21.6 21.1
8.633333 1 328.0 394.2 528.9 528.8
8.633333 1 281.0 229.3 142.9 191.6
8.633333 1 27.5 24.0 26.3 20.7
8.633333 1 24.5 20.7 21.6 21.2
8.666667 1 326.7 394.8 528.9 528.9
8.666667 1 281.6 229.1 142.8 191.4
8.666667 1 27.9 24.0 26.3 20.7
8.666667 1 24.0 20.7 21.6 21.3
8.700000 1 325.4 395.4 529.0 528.9
8.700000 1 282.1 228.8 142.7 191.2
8.700000 1 28.2 24.0 26.3 20.8
8.700000 1 23.5 20.6 21.7 21.4
8.733333 1 324.1 396.1 529.1 528.9
8.733333 1 282.7 228.6 142.6 191.0
8.733333 1 28.6 24.0 26.4 20.8
8.733333 1 23.0 20.6 21.7 21.5
8.766667 1 322.9 396.7 529.1 528.9
8.766667 1 283.3 228.4 142.5 190.9
8.766667 1 28.9 24.0 26.4 20.8
8.766667 1 22.5 20.5 21.7 21.6
8.800000 1 321.6 397.3 529.2 528.9
8.800000 1 283.9 228.1 142.4 190.7
8.800000 1 29.3 24.0 26.5 20.9
8.800000 1 22.0 20.5 21.7 21.7
8.833333 1 320.3 397.9 529.3 528.9
8.833333 1 284.4 227.9 142.2 190.5
8.833333 1 29.6 24.0 26.5 20.9
8.833333 1 21.5 20.4 21.8 21.7
8.866667 1 319.0 398.6 529.3 529.0
8.866667 1 285.0 227.7 142.1 190.3
8.866667 1 30.0 24.0 26.5 20.9
8.866667 1 21.0 20.4 21.8 21.8
8.900000 1 399.2 529.4 529.0 381.0
8.900000 1 227.4 142.0 190.2 270.0
8.900000 1 24.0 26.0 20.0 19.0
8.900000 1 20.0 21.0 21.0 16.0
8.933333 1 399.8 529.4 529.0 380.0
8.933333 1 227.2 141.9 190.0 270.0
8.933333 1 24.0 26.0 21.0 23.0
8.933333 1 20.0 21.0 22.0 20.0
8.966667 1 400.5 529.5 529.5 379.1
8.966667 1 226.9 141.8 189.9 270.0
8.966667 1 24.0 26.7 20.9 22.9
8.966667 1 20.2 21.8 21.8 19.9
9.000000 1 401.1 529.6 529.9 378.1
9.000000 1 226.7 141.7 189.7 270.0
9.000000 1 24.0 26.7 20.7 22.8
9.000000 1 20.2 21.9 21.6 19.8
9.033333 1 401.7 529.6 530.4 377.2
9.033333 1 226.5 141.6 189.6 270.0
9.033333 1 24.0 26.8 20.6 22.7
9.033333 1 20.1 21.9 21.5 19.7
9.066667 1 402.4 529.7 530.8 376.2
9.066667 1 226.2 141.5 189.5 270.0
9.066667 1 24.0 26.8 20.5 22.6
9.066667 1 20.1 21.9 21.3 19.6
9.100000 1 403.0 529.8 531.3 375.3
9.100000 1 226.0 141.4 189.3 270.0
9.100000 1 24.0 26.8 20.3 22.5
9.100000 1 20.0 21.9 21.1 19.5
9.133333 1 403.5 529.8 531.7 374.3
9.133333 1 225.6 141.3 189.2 270.0
9.133333 1 24.1 26.9 20.2 22.4
9.133333 1 20.1 21.9 20.9 19.4
9.166667 1 404.1 529.9 532.2 373.4
9.166667 1 225.3 141.2 189.0 270.0
9.166667 1 24.1 26.9 20.0 22.3
9.166667 1 20.3 22.0 20.7 19.3
9.200000 1 404.6 529.9 532.6 372.4
9.200000 1 224.9 141.1 188.9 270.0
9.200000 1 24.2 27.0 19.9 22.2
9.200000 1 20.4 22.0 20.5 19.2
9.233333 1 405.1 530.0 533.1 371.5
9.233333 1 224.5 141.0 188.8 270.0
9.233333 1 24.3 27.0 19.8 22.1
9.233333 1 20.5 22.0 20.4 19.1
9.266667 1 405.7 530.0 533.5 370.5
9.266667 1 224.2 140.9 188.6 270.0
9.266667 1 24.3 26.9 19.6 22.0
9.266667 1 20.7 22.0 20.2 19.0
9.300000 1 406.2 530.1 534.0 369.6
9.300000 1 223.8 140.7 188.5 270.0
9.300000 1 24.4 26.7 19.5 21.9
9.300000 1 20.8 21.9 20.0 18.9
9.333333 1 406.7 530.1 534.5 368.6
9.333333 1 223.4 140.6 188.4 270.0
9.333333 1 24.5 26.6 19.4 21.8
9.333333 1 20.9 21.9 19.8 18.8
9.366667 1 407.3 530.2 534.9 367.7
9.366667 1 223.1 140.5 188.2 270.0
9.366667 1 24.5 26.5 19.2 21.7
9.366667 1 21.1 21.8 19.6 18.7
9.400000 1 407.8 530.2 535.4 366.7
9.400000 1 222.7 140.4 188.1 270.0
9.400000 1 24.6 26.4 19.1 21.6
9.400000 1 21.2 21.8 19.5 18.6
9.433333 1 408.3 530.3 535.8 365.8
9.433333 1 222.3 140.2 188.0 270.0
9.433333 1 24.7 26.2 19.0 21.5
9.433333 1 21.3 21.7 19.3 18.5
9.466667 1 408.9 530.3 536.3 364.8
9.466667 1 222.0 140.1 187.8 270.0
9.466667 1 24.7 26.1 18.8 21.4
9.466667 1 21.5 21.7 19.1 18.4
9.500000 1 409.4 530.3 536.7 363.9
9.500000 1 221.6 140.0 187.7 270.0
9.500000 1 24.8 26.0 18.7 21.3
9.500000 1 21.6 21.7 18.9 18.3
9.533333 1 409.9 530.4 537.2 362.9
9.533333 1 221.2 139.9 187.5 270.0
9.533333 1 24.9 25.9 18.5 21.2
9.533333 1 21.7 21.6 18.7 18.2
9.566667 1 410.5 530.4 537.6 362.0
9.566667 1 220.9 139.7 187.4 270.0
9.566667 1 24.9 25.7 18.4 21.1
9.566667 1 21.9 21.6 18.5 18.1
9.600000 1 411.0 530.5 538.1 361.0
9.600000 1 220.5 139.6 187.3 270.0
9.600000 1 25.0 25.6 18.3 21.0
9.600000 1 22.0 21.5 18.4 18.0
9.633333 1 411.5 530.5 538.5 359.9
9.633333 1 220.1 139.5 187.1 270.2
9.633333 1 25.1 25.5 18.1 21.2
9.633333 1 22.1 21.5 18.2 18.2
9.666667 1 412.1 530.6 539.0 358.8
9.666667 1 219.8 139.3 187.0 270.4
9.666667 1 25.1 25.3 18.0 21.3
9.666667 1 22.3 21.4 18.0 18.4
9.700000 1 412.6 530.6 539.4 357.7
9.700000 1 219.4 139.2 186.8 270.6
9.700000 1 25.2 25.2 17.7 21.5
9.700000 1 22.4 21.4 17.8 18.6
9.733333 1 413.1 530.6 539.9 356.6
9.733333 1 219.0 139.1 186.6 270.8
9.733333 1 25.3 25.1 17.4 21.6
9.733333 1 22.5 21.4 17.6 18.8
9.766667 1 413.7 530.7 540.3 355.5
9.766667 1 218.7 139.0 186.4 271.1
9.766667 1 25.3 25.0 17.1 21.8
9.766667 1 22.7 21.3 17.4 19.1
9.800000 1 414.2 530.7 540.7 354.4
9.800000 1 218.3 138.8 186.1 271.3
9.800000 1 25.4 24.8 16.9 21.9
9.800000 1 22.8 21.3 17.1 19.3
9.833333 1 414.7 530.8 541.1 353.3
9.833333 1 217.9 138.7 185.9 271.5
9.833333 1 25.5 24.7 16.6 22.1
9.833333 1 22.9 21.2 16.9 19.5
9.866667 1 415.3 530.8 541.6 352.2
9.866667 1 217.6 138.6 185.7 271.7
9.866667 1 25.5 24.6 16.3 22.3
9.866667 1 23.1 21.2 16.7 19.7
9.900000 1 415.8 530.9 542.0 351.1
9.900000 1 217.2 138.4 185.5 271.9
9.900000 1 25.6 24.4 16.0 22.4
9.900000 1 23.2 21.1 16.5 19.9
9.933333 1 416.3 530.9 542.4 349.9
9.933333 1 216.8 138.3 185.3 272.1
9.933333 1 25.7 24.3 15.7 22.6
9.933333 1 23.3 21.1 16.3 20.1
9.966667 1 416.9 530.9 542.9 348.8
9.966667 1 216.5 138.2 185.1 272.3
9.966667 1 25.7 24.2 15.4 22.7
9.966667 1 23.5 21.1 16.1 20.3
10.000000 1 417.4 531.0 543.3 347.7
10.000000 1 216.1 138.1 184.9 272.5
10.000000 1 25.8 24.1 15.1 22.9
10.000000 1 23.6 21.0 15.9 20.5
10.033333 1 417.9 531.0 543.7 346.6
10.033333 1 215.7 137.9 184.6 272.7
10.033333 1 25.9 23.9 14.9 23.1
10.033333 1 23.7 21.0 15.6 20.7
10.066667 1 418.5 531.1 544.1 345.5
10.066667 1 215.4 137.8 184.4 272.9
10.066667 1 25.9 23.8 14.6 23.2
10.066667 1 23.9 20.9 15.4 20.9
10.100000 1 419.0 531.1 544.6 344.4
10.100000 1 215.0 137.7 184.2 273.2
10.100000 1 26.0 23.7 14.3 23.4
10.100000 1 24.0 20.9 15.2 21.2
10.133333 1 531.1 545.0 343.3 137.6
10.133333 1 184.0 273.4 23.6 14.0
10.133333 1 23.5 20.9 15.0 21.4
10.166667 1 531.2 342.2 137.4 273.6
10.166667 1 23.4 23.7 20.8 21.6
10.200000 1 531.2 341.1 137.3 273.8
10.200000 1 23.3 23.8 20.8 21.8
10.233333 1 531.3 340.0 137.2 274.0
10.233333 1 23.2 24.0 20.7 22.0
10.266667 1 531.3 338.9 137.0 274.5
10.266667 1 23.0 24.3 20.7 21.8
10.300000 1 531.4 337.8 136.9 274.9
10.300000 1 22.9 24.6 20.6 21.6
10.333333 1 531.4 336.6 136.8 275.4
10.333333 1 22.8 24.9 20.6 21.5
10.366667 1 531.4 335.5 136.7 275.9
10.366667 1 22.7 25.2 20.6 21.3
10.400000 1 531.5 334.4 136.5 276.4
10.400000 1 22.5 25.5 20.5 21.1
10.433333 1 531.5 333.3 136.4 276.8
10.433333 1 22.4 25.8 20.5 20.9
10.466667 1 531.6 332.2 136.3 277.3
10.466667 1 22.3 26.1 20.4 20.8
10.500000 1 531.6 331.1 136.1 277.8
10.500000 1 22.1 26.4 20.4 20.6
10.533333 1 531.7 329.9 136.0 278.2
10.533333 1 22.0 26.6 20.3 20.4
10.566667 1 531.7 328.8 135.9 278.7
10.566667 1 21.9 26.9 20.3 20.2
10.600000 1 531.7 327.7 135.8 279.2
10.600000 1 21.8 27.2 20.3 20.1
10.633333 1 531.8 326.6 135.6 279.6
10.633333 1 21.6 27.5 20.2 19.9
10.666667 1 531.8 325.5 135.5 280.1
10.666667 1 21.5 27.8 20.2 19.7
10.700000 1 531.9 324.4 135.4 280.6
10.700000 1 21.4 28.1 20.1 19.5
10.733333 1 531.9 323.2 135.3 281.1
10.733333 1 21.3 28.4 20.1 19.4
10.766667 1 532.0 322.1 135.1 281.5
10.766667 1 21.1 28.7 20.0 19.2
10.800000 1 532.0 321.0 135.0 282.0
10.800000 1 21.0 29.0 20.0 19.0
