0.033333 1 289.0 49.0 36.0 39.0
0.066667 1 289.7 66.1 35.9 38.8
0.100000 1 290.1 87.7 36.6 39.5
0.133333 1 289.9 97.4 39.2 42.0
0.166667 1 289.0 114.5 40.8 43.5
0.200000 1 283.4 135.3 37.4 40.4
0.233333 1 283.4 144.1 36.9 39.8
0.266667 1 281.9 162.1 37.8 40.5
0.300000 1 281.8 180.4 35.1 37.5
0.333333 1 282.8 188.7 30.6 33.1
0.366667 1 274.2 204.5 30.5 32.9
0.400000 1 272.5 211.8 31.3 33.8
0.433333 1 279.5 226.2 29.8 31.6
0.466667 1 276.1 239.7 30.2 32.0
0.500000 1 274.6 244.5 30.4 32.1
0.533333 1 271.1 255.1 31.3 33.1
0.566667 1 269.5 345.0 270.5 6.6
0.566667 1 27.0 34.0 29.0 29.4
0.600000 1 269.0 340.0 277.7 11.4
0.600000 1 26.4 34.9 28.4 30.4
0.633333 1 266.3 329.9 289.1 21.1
0.633333 1 24.3 34.9 26.3 30.3
0.666667 1 268.2 325.0 280.8 27.7
0.666667 1 23.0 35.0 25.0 30.0
0.700000 1 263.5 315.7 287.4 41.3
0.700000 1 23.0 35.0 25.0 30.0
0.733333 1 307.0 254.0 53.4 298.0
0.733333 1 34.0 31.0 30.0 22.0
0.766667 1 298.5 251.0 62.5 306.0
0.766667 1 34.0 31.0 29.0 24.0
0.800000 1 294.1 251.0 65.5 309.0
0.800000 1 35.0 31.0 30.0 26.0
0.833333 1 285.3 246.0 74.2 309.0
0.833333 1 35.0 27.0 31.0 27.0
0.866667 1 278.4 237.0 87.5 310.0
0.866667 1 34.0 36.0 29.0 33.0
0.900000 1 273.7 237.0 92.7 322.0
0.900000 1 34.0 36.0 30.0 21.0
0.933333 1 266.5 234.0 101.0 324.0
0.933333 1 33.0 36.0 29.0 33.0
0.966667 1 262.9 234.0 103.2 333.0
0.966667 1 34.0 33.0 29.0 18.0
1.000000 1 255.1 231.0 108.4 333.0
1.000000 1 34.0 27.0 29.0 21.0
1.033333 1 246.8 223.0 429.0 116.3
1.033333 1 330.0 16.0 34.0 34.0
1.033333 1 44.0 30.0 30.0 25.0
1.066667 1 242.7 429.0 220.0 120.4
1.066667 1 27.4 338.0 35.0 44.0
1.066667 1 37.0 31.0 25.0 22.0
1.100000 1 236.0 430.2 221.0 127.3
1.100000 1 45.5 339.0 35.0 44.0
1.100000 1 28.0 30.0 25.0 30.0
1.133333 1 232.0 430.1 218.0 129.4
1.133333 1 52.4 340.0 35.0 44.0
1.133333 1 28.0 31.0 25.0 23.0
1.166667 1 224.9 430.7 214.0 133.2
1.166667 1 67.5 338.0 35.0 43.0
1.166667 1 29.0 31.0 25.0 27.0
1.200000 1 221.7 431.1 209.0 134.8
1.200000 1 76.6 338.0 35.0 43.0
1.200000 1 31.0 30.0 25.0 25.0
1.233333 1 214.3 438.1 204.0 139.0
1.233333 1 94.4 342.0 36.0 43.0
1.233333 1 33.0 31.0 25.0 21.0
1.266667 1 207.7 438.0 202.0 144.2
1.266667 1 111.3 341.0 36.0 43.0
1.266667 1 32.0 31.0 24.0 24.0
1.300000 1 204.4 438.0 204.0 146.4
1.300000 1 117.5 342.0 36.0 43.0
1.300000 1 25.0 31.0 24.0 18.0
1.333333 1 199.0 437.5 198.0 151.2
1.333333 1 130.6 336.0 35.0 43.0
1.333333 1 29.0 30.0 24.0 25.0
1.366667 1 192.7 192.0 438.0 154.1
1.366667 1 333.0 138.0 35.0 36.0
1.366667 1 36.0 30.0 28.0 30.0
1.400000 1 186.3 192.0 439.0 156.4
1.400000 1 332.0 154.0 36.0 30.0
1.400000 1 34.0 31.0 30.0 35.0
1.433333 1 180.5 187.0 436.0 157.9
1.433333 1 336.0 166.0 36.0 32.0
1.433333 1 33.0 31.0 17.0 30.0
1.466667 1 178.0 435.0 186.0 158.9
1.466667 1 172.0 331.0 35.0 36.0
1.466667 1 29.0 30.0 30.0 25.0
1.500000 1 172.9 188.0 438.0 161.4
1.500000 1 329.0 184.0 34.0 24.0
1.500000 1 33.0 30.0 23.0 30.0
1.533333 1 169.7 433.0 181.0 162.1
1.533333 1 191.0 323.0 35.0 37.0
1.533333 1 32.0 31.0 29.0 29.0
1.566667 1 164.2 177.0 429.0 165.1
1.566667 1 329.0 205.0 36.0 38.0
1.566667 1 42.0 31.0 21.0 33.0
1.600000 1 161.5 180.0 434.0 167.0
1.600000 1 325.0 211.0 36.0 31.0
1.600000 1 32.0 31.0 26.0 24.0
1.633333 1 153.3 172.0 430.0 168.8
1.633333 1 327.0 209.0 36.0 41.0
1.633333 1 32.0 32.0 18.0 48.0
1.666667 1 151.2 174.0 423.0 168.5
1.666667 1 321.0 223.0 36.0 29.0
1.666667 1 46.0 32.0 27.0 37.0
1.700000 1 146.7 175.0 421.0 168.8
1.700000 1 321.0 231.0 37.0 22.0
1.700000 1 43.0 32.0 21.0 39.0
1.733333 1 142.6 173.0 426.0 171.2
1.733333 1 318.0 239.0 36.0 22.0
1.733333 1 35.0 32.0 24.0 32.0
1.766667 1 140.2 166.0 418.0 171.8
1.766667 1 316.0 241.0 37.0 31.0
1.766667 1 39.0 32.0 22.0 30.0
1.800000 1 136.1 165.0 420.0 173.6
1.800000 1 312.0 245.0 37.0 30.0
1.800000 1 38.0 32.0 28.0 38.0
1.833333 1 132.7 160.0 420.0 175.1
1.833333 1 318.0 258.0 36.0 38.0
1.833333 1 39.0 32.0 24.0 36.0
1.866667 1 130.8 162.0 419.0 175.4
1.866667 1 309.0 260.0 37.0 33.0
1.866667 1 34.0 32.0 28.0 28.0
1.900000 1 128.5 161.0 412.0 177.1
1.900000 1 309.0 264.0 36.0 28.0
1.900000 1 38.0 32.0 27.0 27.0
1.933333 1 125.8 159.0 409.0 178.5
1.933333 1 312.0 265.0 36.0 26.0
1.933333 1 41.0 31.0 23.0 29.0
1.966667 1 122.2 154.0 405.0 180.1
1.966667 1 308.0 270.0 36.0 32.0
1.966667 1 42.0 32.0 22.0 34.0
2.000000 1 118.8 159.0 207.0 409.0
2.000000 1 183.1 306.0 15.0 270.0
2.000000 1 37.0 29.0 36.0 32.0
2.000000 1 32.0 35.0 26.0 30.0
2.033333 1 117.0 150.0 201.0 405.0
2.033333 1 184.9 307.0 22.0 275.0
2.033333 1 37.0 33.0 39.0 38.0
2.033333 1 32.0 32.0 33.0 26.0
2.066667 1 115.2 147.0 197.0 407.0
2.066667 1 187.8 302.0 35.0 276.0
2.066667 1 35.0 30.0 43.0 32.0
2.066667 1 30.0 33.0 41.0 27.0
2.100000 1 123.0 113.2 147.0 189.0
2.100000 1 404.0 5.0 10.0 188.6
2.100000 1 300.0 60.0 285.0 164.0
2.100000 1 39.0 36.0 33.0 44.0
2.100000 1 29.0 22.0 30.0 31.0
2.100000 1 35.0 26.0 19.0 28.0
2.133333 1 120.0 111.9 148.0 191.0
2.133333 1 7.0 401.0 11.0 188.5
2.133333 1 309.0 67.0 170.0 282.0
2.133333 1 40.0 37.0 34.0 43.0
2.133333 1 24.0 29.0 28.0 32.0
2.133333 1 29.0 31.0 18.0 27.0
2.166667 1 120.0 110.1 146.0 393.0
2.166667 1 197.0 15.0 25.0 190.5
2.166667 1 309.0 273.0 84.0 166.0
2.166667 1 43.0 36.0 31.0 37.0
2.166667 1 30.0 28.0 51.0 32.0
2.166667 1 26.0 36.0 20.0 28.0
2.200000 1 126.0 22.8 108.3 150.0
2.200000 1 189.0 395.0 43.0 171.0
2.200000 1 194.5 306.0 99.0 272.0
2.200000 1 38.0 26.0 37.0 26.0
2.200000 1 42.0 37.0 36.0 25.0
2.200000 1 32.0 33.0 29.0 37.0
2.233333 1 126.0 26.1 104.2 146.0
2.233333 1 396.0 189.0 43.0 173.2
2.233333 1 194.0 306.0 276.0 105.0
2.233333 1 33.0 26.0 43.0 32.0
2.233333 1 36.0 44.0 45.0 25.0
2.233333 1 38.0 34.0 30.0 23.0
2.266667 1 124.0 189.8 32.9 101.4
2.266667 1 147.0 396.0 67.0 113.3
2.266667 1 176.2 195.8 301.0 277.0
2.266667 1 35.0 24.0 25.0 36.0
2.266667 1 29.0 36.0 22.0 23.0
2.266667 1 24.0 32.0 35.0 35.0
2.300000 1 124.0 186.8 40.4 100.4
2.300000 1 140.0 397.0 67.0 123.5
2.300000 1 175.5 197.7 305.0 279.0
2.300000 1 36.0 24.0 26.0 37.0
2.300000 1 37.0 38.0 47.0 23.0
2.300000 1 25.0 32.0 35.0 30.0
2.333333 1 126.0 184.1 47.2 100.4
2.333333 1 143.0 389.0 85.0 132.9
2.333333 1 178.4 200.8 306.0 273.0
2.333333 1 34.0 24.0 27.0 37.0
2.333333 1 35.0 44.0 29.0 23.0
2.333333 1 26.0 32.0 35.0 35.0
2.366667 1 126.0 181.9 51.3 100.3
2.366667 1 148.0 396.0 85.0 139.1
2.366667 1 181.8 201.8 309.0 279.0
2.366667 1 39.0 25.0 27.0 37.0
2.366667 1 26.0 39.0 42.0 24.0
2.366667 1 26.0 32.0 27.0 28.0
2.400000 1 120.0 185.9 59.7 99.8
2.400000 1 141.0 394.0 93.0 151.1
2.400000 1 189.2 205.7 299.0 275.0
2.400000 1 45.0 27.0 25.0 37.0
2.400000 1 36.0 34.0 34.0 26.0
2.400000 1 24.0 32.0 47.0 25.0
2.433333 1 120.0 184.3 63.0 99.2
2.433333 1 149.0 396.0 93.0 155.9
2.433333 1 191.0 208.9 316.0 273.0
2.433333 1 48.0 27.0 25.0 35.0
2.433333 1 31.0 41.0 53.0 26.0
2.433333 1 24.0 31.0 31.0 32.0
2.466667 1 123.0 176.3 68.7 96.3
2.466667 1 147.0 396.0 118.0 160.2
2.466667 1 191.9 209.6 311.0 270.0
2.466667 1 45.0 27.0 25.0 32.0
2.466667 1 28.0 35.0 28.0 26.0
2.466667 1 24.0 27.0 31.0 35.0
2.500000 1 123.0 175.1 71.9 95.4
2.500000 1 144.0 393.0 119.0 163.3
2.500000 1 191.8 210.0 317.0 273.0
2.500000 1 39.0 27.0 26.0 34.0
2.500000 1 35.0 39.0 35.0 26.0
2.500000 1 25.0 30.0 27.0 30.0
2.533333 1 120.0 172.1 77.7 101.6
2.533333 1 143.0 397.0 124.0 171.5
2.533333 1 194.1 209.5 310.0 273.0
2.533333 1 42.0 27.0 28.0 37.0
2.533333 1 27.0 32.0 30.0 26.0
2.533333 1 27.0 33.0 29.0 28.0
2.566667 1 126.0 170.5 82.2 102.2
2.566667 1 147.0 398.0 131.0 176.2
2.566667 1 197.4 210.8 312.0 272.0
2.566667 1 35.0 27.0 27.0 37.0
2.566667 1 30.0 40.0 16.0 26.0
2.566667 1 26.0 32.0 36.0 25.0
2.600000 1 122.0 167.4 84.5 107.6
2.600000 1 152.0 402.0 141.0 181.7
2.600000 1 206.1 216.7 324.0 272.0
2.600000 1 41.0 27.0 27.0 37.0
2.600000 1 34.0 34.0 16.0 26.0
2.600000 1 26.0 33.0 25.0 25.0
2.633333 1 129.0 166.1 87.5 106.1
2.633333 1 150.0 398.0 147.0 183.1
2.633333 1 207.7 217.7 324.0 267.0
2.633333 1 30.0 27.0 28.0 40.0
2.633333 1 42.0 34.0 19.0 26.0
2.633333 1 27.0 35.0 30.0 27.0
2.666667 1 125.0 164.5 94.5 112.3
2.666667 1 152.0 620.0 403.0 141.0
2.666667 1 187.4 209.7 217.4 323.0
2.666667 1 202.0 268.0 34.0 27.0
2.666667 1 26.0 43.0 25.0 12.0
2.666667 1 32.0 28.0 26.0 24.0
2.666667 1 38.0 24.0 32.0 26.0
2.700000 1 126.0 163.5 98.0 113.1
2.700000 1 146.0 408.0 615.0 147.0
2.700000 1 191.1 210.0 218.7 321.0
2.700000 1 268.0 205.0 32.0 26.0
2.700000 1 27.0 43.0 38.0 29.0
2.700000 1 17.0 24.0 25.0 26.0
2.700000 1 38.0 31.0 28.0 26.0
2.733333 1 126.0 166.3 104.7 145.0
2.733333 1 413.0 611.0 155.0 199.8
2.733333 1 213.7 317.0 267.0 209.0
2.733333 1 29.0 26.0 27.0 38.0
2.733333 1 26.0 23.0 14.0 25.0
2.733333 1 25.0 34.0 25.0 30.0
2.766667 1 120.0 164.0 110.0 156.0
2.766667 1 412.0 609.0 158.0 203.0
2.766667 1 220.0 325.0 267.0 218.0
2.766667 1 40.0 27.0 28.0 34.0
2.766667 1 23.0 22.0 26.0 26.0
2.766667 1 26.0 32.0 23.0 22.0
2.800000 1 126.0 159.0 416.0 606.0
2.800000 1 162.0 116.0 157.0 329.0
2.800000 1 262.0 218.0 204.0 224.0
2.800000 1 30.0 34.0 20.0 21.0
2.800000 1 30.0 31.0 30.0 25.0
2.800000 1 23.0 20.0 21.0 38.0
2.833333 1 128.0 161.0 122.0 155.0
2.833333 1 413.0 598.0 162.0 329.0
2.833333 1 233.0 206.0 262.0 223.0
2.833333 1 30.0 33.0 25.0 40.0
2.833333 1 23.0 25.0 22.0 25.0
2.833333 1 33.0 30.0 17.0 21.0
2.866667 1 123.0 160.0 129.0 150.0
2.866667 1 417.0 596.0 167.0 329.0
2.866667 1 227.0 206.0 258.0 223.0
2.866667 1 48.0 38.0 22.0 39.0
2.866667 1 29.0 28.0 23.0 28.0
2.866667 1 40.0 37.0 24.0 25.0
2.900000 1 130.0 161.0 119.0 159.0
2.900000 1 423.0 586.0 167.0 329.0
2.900000 1 228.0 211.0 261.0 229.0
2.900000 1 32.0 37.0 49.0 26.0
2.900000 1 24.0 36.0 26.0 28.0
2.900000 1 34.0 25.0 20.0 24.0
2.933333 1 129.0 173.0 157.0 134.0
2.933333 1 422.0 592.0 172.0 330.0
2.933333 1 208.0 238.0 256.0 225.0
2.933333 1 32.0 22.0 26.0 34.0
2.933333 1 31.0 29.0 27.0 25.0
2.933333 1 27.0 23.0 24.0 27.0
2.966667 1 130.0 176.0 162.0 135.0
2.966667 1 438.0 591.0 178.0 337.0
2.966667 1 213.0 235.0 256.0 224.0
2.966667 1 28.0 22.0 24.0 38.0
2.966667 1 17.0 23.0 21.0 20.0
2.966667 1 25.0 41.0 22.0 24.0
3.000000 1 133.0 174.0 163.0 132.0
3.000000 1 435.0 584.0 176.0 336.0
3.000000 1 212.0 236.0 251.0 223.0
3.000000 1 23.0 28.0 26.0 46.0
3.000000 1 25.0 28.0 26.0 24.0
3.000000 1 24.0 43.0 30.0 31.0
3.033333 1 138.0 177.0 160.0 144.0
3.033333 1 434.0 578.0 180.0 340.0
3.033333 1 207.0 236.0 256.0 230.0
3.033333 1 24.0 27.0 32.0 42.0
3.033333 1 31.0 36.0 19.0 19.0
3.033333 1 30.0 45.0 28.0 23.0
3.066667 1 141.0 176.0 151.0 136.0
3.066667 1 435.0 578.0 178.0 341.0
3.066667 1 213.0 243.0 255.0 239.0
3.066667 1 17.0 28.0 41.0 56.0
3.066667 1 30.0 33.0 25.0 19.0
3.066667 1 28.0 36.0 22.0 17.0
3.100000 1 132.0 174.0 150.0 138.0
3.100000 1 438.0 586.0 175.0 342.0
3.100000 1 217.0 237.0 256.0 237.0
3.100000 1 30.0 37.0 51.0 72.0
3.100000 1 39.0 32.0 33.0 19.0
3.100000 1 27.0 48.0 29.0 24.0
3.133333 1 135.0 186.0 158.0 150.0
3.133333 1 444.0 578.0 187.0 343.0
3.133333 1 215.0 244.0 240.0 233.0
3.133333 1 24.0 26.0 31.0 51.0
3.133333 1 29.0 29.0 19.0 21.0
3.133333 1 24.0 41.0 34.0 25.0
3.166667 1 134.0 184.0 161.0 177.0
3.166667 1 156.0 448.0 578.0 184.0
3.166667 1 346.0 217.0 250.0 264.0
3.166667 1 248.0 235.0 26.0 37.0
3.166667 1 25.0 22.0 18.0 27.0
3.166667 1 21.0 23.0 21.0 25.0
3.166667 1 26.0 21.0 25.0 22.0
3.200000 1 139.0 196.0 160.0 183.0
3.200000 1 150.0 450.0 576.0 188.0
3.200000 1 348.0 220.0 246.0 267.0
3.200000 1 248.0 232.0 23.0 26.0
3.200000 1 29.0 29.0 33.0 30.0
3.200000 1 24.0 20.0 18.0 17.0
3.200000 1 24.0 24.0 27.0 27.0
3.233333 1 141.0 193.0 165.0 189.0
3.233333 1 158.0 453.0 564.0 190.0
3.233333 1 344.0 218.0 256.0 269.0
3.233333 1 247.0 241.0 18.0 37.0
3.233333 1 29.0 27.0 31.0 30.0
3.233333 1 44.0 15.0 28.0 20.0
3.233333 1 17.0 25.0 20.0 17.0
3.266667 1 141.0 195.0 159.0 190.0
3.266667 1 156.0 456.0 570.0 187.0
3.266667 1 350.0 218.0 255.0 264.0
3.266667 1 243.0 245.0 22.0 31.0
3.266667 1 37.0 33.0 38.0 32.0
3.266667 1 38.0 20.0 19.0 24.0
3.266667 1 18.0 37.0 37.0 18.0
3.300000 1 141.0 201.0 165.0 198.0
3.300000 1 171.0 464.0 572.0 188.0
3.300000 1 345.0 226.0 259.0 267.0
3.300000 1 248.0 238.0 32.0 31.0
3.300000 1 27.0 34.0 38.0 29.0
3.300000 1 26.0 32.0 24.0 17.0
3.300000 1 25.0 27.0 22.0 27.0
3.333333 1 139.0 207.0 162.0 196.0
3.333333 1 171.0 461.0 561.0 190.0
3.333333 1 351.0 222.0 259.0 270.0
3.333333 1 241.0 241.0 29.0 30.0
3.333333 1 32.0 41.0 39.0 43.0
3.333333 1 38.0 26.0 23.0 22.0
3.333333 1 26.0 27.0 27.0 24.0
3.366667 1 147.0 211.0 172.0 206.0
3.366667 1 178.0 472.0 564.0 195.0
3.366667 1 353.0 226.0 265.0 279.0
3.366667 1 241.0 241.0 18.0 31.0
3.366667 1 29.0 31.0 22.0 22.0
3.366667 1 31.0 19.0 19.0 22.0
3.366667 1 16.0 21.0 21.0 20.0
3.400000 1 147.0 216.0 173.0 216.0
3.400000 1 177.0 472.0 569.0 196.0
3.400000 1 352.0 226.0 267.0 281.0
3.400000 1 240.0 243.0 22.0 30.0
3.400000 1 25.0 26.0 27.0 34.0
3.400000 1 25.0 24.0 22.0 20.0
3.400000 1 19.0 18.0 23.0 24.0
3.433333 1 147.0 218.0 173.0 222.0
3.433333 1 183.0 478.0 564.0 195.0
3.433333 1 354.0 225.0 262.0 286.0
3.433333 1 243.0 246.0 24.0 28.0
3.433333 1 25.0 34.0 33.0 32.0
3.433333 1 38.0 24.0 18.0 19.0
3.433333 1 31.0 22.0 22.0 25.0
3.466667 1 143.0 221.0 171.0 228.0
3.466667 1 187.0 487.0 567.0 194.0
3.466667 1 352.0 223.0 265.0 287.0
3.466667 1 242.0 246.0 29.0 31.0
3.466667 1 24.0 27.0 28.0 27.0
3.466667 1 28.0 26.0 29.0 22.0
3.466667 1 21.0 16.0 22.0 24.0
3.500000 1 151.0 230.0 171.0 198.0
3.500000 1 231.0 489.0 567.0 204.0
3.500000 1 354.0 225.0 279.0 275.0
3.500000 1 235.0 247.0 24.2 30.0
3.500000 1 26.0 23.0 34.0 27.0
3.500000 1 25.0 26.0 18.0 28.0
3.500000 1 30.0 24.0 25.0 26.0
3.533333 1 148.0 201.0 245.0 234.0
3.533333 1 181.0 493.0 562.0 198.0
3.533333 1 294.0 273.0 343.0 222.0
3.533333 1 232.0 247.0 35.0 30.0
3.533333 1 22.0 36.0 21.0 31.0
3.533333 1 24.0 34.0 21.0 31.0
3.533333 1 35.0 31.0 26.0 25.0
3.566667 1 153.0 195.9 246.7 242.0
3.566667 1 182.0 496.0 564.0 208.0
3.566667 1 291.6 271.1 355.0 227.0
3.566667 1 230.0 247.0 31.0 36.0
3.566667 1 25.0 29.0 20.0 26.0
3.566667 1 23.0 24.0 28.0 35.0
3.566667 1 20.0 23.0 28.0 26.0
3.600000 1 158.0 204.3 258.2 243.0
3.600000 1 182.0 503.0 560.0 211.0
3.600000 1 297.4 272.7 354.0 226.0
3.600000 1 232.0 244.0 22.0 34.0
3.600000 1 25.0 26.0 33.0 30.0
3.600000 1 34.0 25.0 25.0 35.0
3.600000 1 24.0 24.0 26.0 36.0
3.633333 1 159.0 205.8 260.3 244.0
3.633333 1 179.0 504.0 552.0 206.0
3.633333 1 296.9 270.1 359.0 231.0
3.633333 1 232.0 243.0 24.0 37.0
3.633333 1 30.0 35.0 36.0 26.0
3.633333 1 35.0 28.0 27.0 42.0
3.633333 1 22.0 26.0 29.0 36.0
3.666667 1 163.0 271.1 255.0 187.0
3.666667 1 222.0 511.0 563.0 206.0
3.666667 1 276.9 360.0 231.0 298.0
3.666667 1 232.0 246.0 21.0 26.0
3.666667 1 24.0 26.0 23.0 25.0
3.666667 1 24.0 31.0 36.0 17.0
3.666667 1 22.0 23.0 26.0 30.0
3.700000 1 167.0 272.7 255.0 190.0
3.700000 1 222.0 517.0 564.0 212.0
3.700000 1 277.1 358.0 233.0 294.0
3.700000 1 229.0 251.0 19.0 30.0
3.700000 1 37.0 21.0 30.0 26.0
3.700000 1 28.0 26.0 43.0 26.0
3.700000 1 25.0 39.0 32.0 28.0
3.733333 1 172.0 267.9 257.0 198.0
3.733333 1 231.0 519.0 564.0 218.0
3.733333 1 282.5 353.0 230.0 305.0
3.733333 1 226.0 252.0 21.0 49.0
3.733333 1 37.0 24.0 26.0 39.0
3.733333 1 29.0 24.0 42.0 26.0
3.733333 1 36.0 28.0 30.0 26.0
3.766667 1 171.0 279.6 268.0 202.0
3.766667 1 235.0 527.0 569.0 218.0
3.766667 1 293.7 360.0 229.0 304.0
3.766667 1 230.0 251.0 28.0 48.0
3.766667 1 29.0 20.0 32.0 32.0
3.766667 1 22.0 32.0 30.7 20.0
3.766667 1 29.0 35.0 22.0 28.0
3.800000 1 177.0 281.7 271.0 201.0
3.800000 1 234.0 532.0 567.0 217.0
3.800000 1 283.2 356.0 235.0 310.0
3.800000 1 226.0 251.0 18.0 53.0
3.800000 1 32.0 32.0 31.0 24.0
3.800000 1 28.0 32.0 36.0 25.0
3.800000 1 23.0 25.0 26.0 28.0
3.833333 1 180.0 296.8 276.0 207.0
3.833333 1 248.0 543.0 575.0 225.0
3.833333 1 284.0 360.0 232.0 311.0
3.833333 1 231.0 256.0 24.0 41.0
3.833333 1 31.0 24.0 28.0 27.0
3.833333 1 21.0 22.0 51.0 23.0
3.833333 1 38.0 24.0 22.0 26.0
3.866667 1 180.0 302.9 274.0 211.0
3.866667 1 251.0 552.0 573.0 225.0
3.866667 1 291.6 358.0 238.0 315.0
3.866667 1 224.0 255.0 30.0 36.0
3.866667 1 40.0 35.0 34.0 24.0
3.866667 1 23.0 26.0 47.0 29.0
3.866667 1 32.0 28.0 19.0 25.0
3.900000 1 180.0 303.1 285.0 217.0
3.900000 1 255.0 554.0 573.0 223.0
3.900000 1 287.7 363.0 242.0 317.0
3.900000 1 221.0 256.0 30.0 45.0
3.900000 1 31.0 26.0 31.0 22.0
3.900000 1 25.0 28.0 58.0 21.0
3.900000 1 28.0 24.0 19.0 29.0
3.933333 1 180.0 292.0 222.0 256.0
3.933333 1 320.0 566.0 578.0 223.0
3.933333 1 363.0 235.0 315.0 297.0
3.933333 1 227.0 251.0 41.0 32.0
3.933333 1 27.0 35.0 33.0 28.0
3.933333 1 27.0 33.0 21.0 29.0
3.933333 1 32.0 29.0 18.0 29.0
3.966667 1 194.0 297.0 221.0 267.0
3.966667 1 324.0 570.0 579.0 229.0
3.966667 1 361.0 240.0 318.0 299.0
3.966667 1 223.0 256.0 27.0 30.0
3.966667 1 44.0 27.0 38.0 22.0
3.966667 1 27.0 27.0 21.0 29.0
3.966667 1 29.0 28.0 23.0 24.0
4.000000 1 203.0 298.0 225.0 276.0
4.000000 1 336.0 572.0 583.0 231.0
4.000000 1 357.0 235.0 320.0 300.0
4.000000 1 220.0 254.0 25.0 33.0
4.000000 1 36.0 32.0 36.0 38.0
4.000000 1 23.0 26.0 31.0 32.0
4.000000 1 25.0 28.0 25.0 23.0
4.033333 1 215.0 304.0 241.0 282.0
4.033333 1 339.0 590.0 582.0 238.0
4.033333 1 365.0 244.0 318.0 302.0
4.033333 1 223.0 254.0 19.0 35.0
4.033333 1 28.0 35.0 36.0 16.0
4.033333 1 29.0 19.0 23.0 26.0
4.033333 1 24.0 26.0 22.0 20.0
4.066667 1 212.0 309.0 245.0 281.0
4.066667 1 346.0 595.0 586.0 238.0
4.066667 1 359.0 243.0 326.0 299.0
4.066667 1 261.0 220.0 24.0 30.0
4.066667 1 28.0 43.0 37.0 27.0
4.066667 1 25.0 20.0 26.0 26.0
4.066667 1 18.0 33.0 21.0 21.0
4.100000 1 220.0 310.0 246.0 287.0
4.100000 1 357.0 602.0 599.0 238.0
4.100000 1 363.0 242.0 326.0 301.0
4.100000 1 213.0 249.0 16.0 35.0
4.100000 1 30.0 32.0 30.0 17.0
4.100000 1 25.0 20.0 29.0 31.0
4.100000 1 22.0 29.0 28.0 30.0
4.133333 1 220.0 317.0 257.0 288.0
4.133333 1 372.0 602.0 605.0 238.0
4.133333 1 366.0 241.0 328.0 306.0
4.133333 1 209.0 252.0 31.0 39.0
4.133333 1 19.0 50.0 18.0 30.0
4.133333 1 23.0 22.0 25.0 31.0
4.133333 1 20.0 24.0 29.0 30.0
4.166667 1 228.0 326.0 259.0 305.0
4.166667 1 372.0 611.0 608.0 237.0
4.166667 1 362.0 245.0 331.0 300.0
4.166667 1 213.0 256.0 23.0 37.0
4.166667 1 29.0 35.0 34.0 18.0
4.166667 1 23.0 23.0 28.0 17.0
4.166667 1 19.0 33.0 30.0 22.0
4.200000 1 228.0 335.0 615.0 608.0
4.200000 1 381.0 306.0 267.0 238.0
4.200000 1 363.0 211.0 258.0 309.0
4.200000 1 330.0 247.0 31.0 30.0
4.200000 1 17.0 19.0 30.0 31.0
4.200000 1 23.0 21.0 27.0 29.0
4.200000 1 19.0 27.0 24.0 28.0
4.233333 1 240.0 336.0 275.0 326.0
4.233333 1 390.0 244.0 366.0 247.0
4.233333 1 330.0 312.0 19.0 36.0
4.233333 1 26.0 25.0 23.0 15.0
4.233333 1 27.0 31.0 25.0 30.0
4.266667 1 240.0 349.0 280.0 334.0
4.266667 1 393.0 244.0 369.0 248.0
4.266667 1 333.0 312.0 34.0 28.0
4.266667 1 26.0 22.0 27.0 21.0
4.266667 1 20.0 27.0 24.0 27.0
4.300000 1 252.0 351.0 288.0 336.0
4.300000 1 408.0 244.0 365.0 250.0
4.300000 1 339.0 312.0 22.0 32.0
4.300000 1 21.0 21.0 27.0 21.0
4.300000 1 32.0 21.0 15.0 25.0
4.333333 1 252.0 357.0 294.0 344.0
4.333333 1 416.0 244.0 374.0 252.0
4.333333 1 338.0 308.0 36.0 23.0
4.333333 1 21.0 25.0 34.0 29.0
4.333333 1 22.0 21.0 23.0 31.0
4.366667 1 256.0 358.0 295.0 354.0
4.366667 1 431.0 241.0 370.0 250.0
4.366667 1 340.0 312.0 32.0 28.0
4.366667 1 24.0 16.0 22.0 32.0
4.366667 1 22.0 23.0 14.0 22.0
4.400000 1 255.0 366.0 303.0 358.0
4.400000 1 427.0 241.0 370.0 250.0
4.400000 1 333.0 313.0 42.0 31.0
4.400000 1 30.0 20.0 30.0 30.0
4.400000 1 26.0 28.0 21.0 20.0
4.433333 1 270.0 375.0 308.0 365.0
4.433333 1 437.0 244.0 372.0 254.0
4.433333 1 333.0 315.0 27.0 29.0
4.433333 1 26.0 28.0 31.0 27.0
4.433333 1 21.0 23.0 29.0 28.0
4.466667 1 270.0 387.0 323.0 367.0
4.466667 1 453.0 244.0 371.0 250.0
4.466667 1 336.0 310.0 36.0 21.0
4.466667 1 28.0 23.0 25.0 24.0
4.466667 1 22.0 23.0 23.0 24.0
4.500000 1 285.0 388.0 327.0 379.0
4.500000 1 455.0 246.0 373.0 250.0
4.500000 1 342.0 312.0 21.0 23.0
4.500000 1 27.0 20.0 28.0 22.0
4.500000 1 21.0 25.0 19.0 22.0
4.533333 1 285.0 386.0 333.0 386.0
4.533333 1 467.0 246.0 373.0 248.0
4.533333 1 333.0 312.0 30.0 31.0
4.533333 1 30.0 30.0 25.0 24.0
4.533333 1 27.0 29.0 30.0 22.0
4.566667 1 300.0 397.0 334.0 387.0
4.566667 1 474.0 250.0 376.0 252.0
4.566667 1 321.0 317.0 15.0 27.0
4.566667 1 42.0 37.0 22.0 20.0
4.566667 1 24.0 27.0 37.0 22.0
4.600000 1 300.0 403.0 342.0 394.0
4.600000 1 475.0 251.0 375.0 250.0
4.600000 1 329.0 308.0 30.0 35.0
4.600000 1 36.0 41.0 34.0 14.0
4.600000 1 30.0 27.0 34.0 35.0
4.633333 1 307.0 411.0 351.0 406.0
4.633333 1 489.0 247.0 378.0 250.0
4.633333 1 334.0 314.0 23.0 29.0
4.633333 1 39.0 35.0 28.0 18.0
4.633333 1 26.0 34.0 31.0 19.0
4.666667 1 307.0 418.0 362.0 405.0
4.666667 1 499.0 247.0 375.0 249.0
4.666667 1 333.0 309.0 49.0 26.0
4.666667 1 29.0 34.0 29.0 27.0
4.666667 1 27.0 30.0 28.0 24.0
4.700000 1 325.0 422.0 375.0 425.0
4.700000 1 509.0 249.0 373.0 254.0
4.700000 1 337.0 312.0 30.0 28.0
4.700000 1 27.0 28.0 30.0 24.0
4.700000 1 33.0 22.0 22.0 24.0
4.733333 1 325.0 427.0 384.0 424.0
4.733333 1 508.0 249.0 379.0 251.0
4.733333 1 329.0 308.0 36.0 23.0
4.733333 1 24.0 36.0 40.0 23.0
4.733333 1 23.0 25.0 28.0 26.0
4.766667 1 339.0 432.0 389.0 448.0
4.766667 1 527.0 254.0 381.0 250.0
4.766667 1 338.0 315.0 22.0 26.0
4.766667 1 31.0 26.0 31.0 18.0
4.766667 1 24.0 26.0 20.0 22.0
4.800000 1 347.0 438.0 398.0 449.0
4.800000 1 534.0 255.0 382.0 253.0
4.800000 1 338.0 313.0 18.0 24.0
4.800000 1 25.0 33.0 37.0 18.0
4.800000 1 21.0 26.0 22.0 26.0
4.833333 1 350.0 444.0 402.0 461.0
4.833333 1 253.0 381.0 252.0 333.0
4.833333 1 28.0 26.0 39.0 22.0
4.833333 1 23.0 24.0 42.0 21.0
4.866667 1 363.0 453.0 408.0 455.0
4.866667 1 253.0 378.0 256.0 333.0
4.866667 1 13.0 27.0 24.0 34.0
4.866667 1 19.0 27.0 26.0 23.0
4.900000 1 363.0 456.0 417.0 470.0
4.900000 1 562.0 254.0 378.0 258.0
4.900000 1 333.0 303.5 27.0 28.0
4.900000 1 27.0 22.0 28.0 18.0
4.900000 1 29.0 21.0 17.0 28.5
4.933333 1 376.0 428.0 483.0 573.0
4.933333 1 255.0 256.0 320.0 312.0
4.933333 1 18.0 31.0 25.0 26.0
4.933333 1 23.0 22.0 29.0 21.0
4.966667 1 381.0 447.0 492.0 579.0
4.966667 1 251.0 258.0 328.0 312.0
4.966667 1 23.0 31.0 23.0 27.0
4.966667 1 23.0 28.0 23.0 22.0
5.000000 1 388.0 450.0 493.0 595.0
5.000000 1 253.0 255.0 326.0 306.0
5.000000 1 20.0 27.0 28.0 28.0
5.000000 1 20.0 25.0 22.0 24.0
5.033333 1 396.0 450.0 502.0 601.0
5.033333 1 253.0 257.0 324.0 305.0
5.033333 1 17.0 33.0 28.0 22.0
5.033333 1 20.0 22.0 24.0 25.0
5.066667 1 404.0 464.0 516.0 612.0
5.066667 1 256.0 257.0 325.0 310.0
5.066667 1 19.0 22.0 21.0 20.0
5.066667 1 20.0 24.0 23.0 22.0
5.100000 1 408.0 469.0 516.0 620.0
5.100000 1 258.0 261.0 321.0 310.0
5.100000 1 26.0 23.0 21.0 15.0
5.100000 1 18.0 20.0 21.0 22.0
5.133333 1 411.0 470.0 525.0 255.0
5.133333 1 258.0 319.0 31.0 37.0
5.133333 1 30.0 25.0 27.0 22.0
5.166667 1 418.0 484.0 526.0 253.0
5.166667 1 254.0 309.0 34.0 32.0
5.166667 1 37.0 28.0 26.0 34.0
5.200000 1 426.0 492.0 541.0 252.0
5.200000 1 253.0 322.0 33.0 27.0
5.200000 1 21.0 36.0 29.0 20.0
5.233333 1 429.0 501.0 554.0 253.0
5.233333 1 258.0 317.0 32.0 30.0
5.233333 1 20.0 26.0 18.0 23.0
5.266667 1 438.0 506.0 551.0 256.0
5.266667 1 259.0 318.0 34.0 24.0
5.266667 1 27.0 32.0 17.0 24.0
5.300000 1 447.0 512.0 569.0 255.0
5.300000 1 258.0 314.0 35.0 31.0
5.300000 1 25.0 24.0 24.0 20.0
5.333333 1 457.0 520.0 574.0 253.0
5.333333 1 255.0 312.0 25.0 24.0
5.333333 1 25.0 29.0 24.0 23.0
5.366667 1 457.1 535.0 584.0 250.5
5.366667 1 253.0 306.0 35.0 23.0
5.366667 1 22.0 33.0 26.0 27.0
5.400000 1 463.5 540.0 590.0 253.2
5.400000 1 253.0 305.0 31.0 21.0
5.400000 1 24.0 29.0 22.0 28.0
5.433333 1 468.4 549.0 598.0 256.1
5.433333 1 253.0 308.0 32.0 24.0
5.433333 1 23.0 30.0 24.0 28.0
5.466667 1 476.2 559.0 608.0 254.8
5.466667 1 253.0 309.0 35.0 21.0
5.466667 1 18.0 33.0 22.0 23.0
5.500000 1 337.0 452.0 32.0 25.0
5.533333 1 338.0 453.0 27.0 21.0
5.566667 1 335.0 448.0 30.0 26.0
5.600000 1 328.0 445.0 35.0 29.0
5.633333 1 328.0 445.0 26.0 26.0
5.666667 1 326.0 450.0 28.0 21.0
5.700000 1 326.0 450.0 30.0 24.0
5.733333 1 321.0 443.0 35.0 31.0
5.766667 1 321.0 444.0 29.0 26.0
5.800000 1 318.0 441.0 32.0 29.0
5.833333 1 313.0 440.0 32.0 28.0
5.866667 1 313.0 440.0 28.0 26.0
5.900000 1 310.0 441.0 31.0 25.0
5.933333 1 310.0 441.0 27.0 24.0
5.966667 1 306.0 438.0 31.0 27.0
6.000000 1 301.0 438.0 30.0 28.0
6.033333 1 301.0 438.0 29.0 25.0
6.066667 1 300.0 435.0 30.0 28.0
6.100000 1 300.0 435.0 23.0 29.0
6.133333 1 294.0 437.0 29.0 27.0
6.166667 1 294.0 437.0 24.0 25.0
6.200000 1 288.0 438.0 30.0 24.0
6.233333 1 288.0 438.0 27.0 27.0
6.266667 1 282.0 435.0 33.0 28.0
6.300000 1 282.0 435.0 29.0 27.0
6.333333 1 279.0 435.0 32.0 27.0
6.366667 1 279.0 436.0 27.0 24.0
6.400000 1 274.0 434.0 32.0 26.0
6.433333 1 274.0 434.0 23.0 23.0
6.466667 1 270.0 432.0 27.0 25.0
6.500000 1 270.0 432.0 30.0 25.0
6.533333 1 268.0 432.0 32.0 25.0
6.566667 1 268.0 432.0 23.0 25.0
6.600000 1 261.0 429.0 30.0 28.0
6.633333 1 262.0 431.0 26.0 26.0
6.666667 1 258.0 431.0 30.0 26.0
6.700000 1 258.0 432.0 24.0 23.0
6.733333 1 252.0 426.0 30.0 29.0
6.766667 1 252.0 426.0 27.0 25.0
6.800000 1 248.0 428.0 31.0 23.0
6.833333 1 248.0 428.0 18.0 20.0
6.866667 1 243.0 425.0 23.0 23.0
6.900000 1 239.0 424.0 32.0 26.0
6.933333 1 244.0 426.0 17.0 21.0
6.966667 1 236.0 424.0 29.0 22.0
7.000000 1 237.0 423.0 21.0 21.0
7.033333 1 233.0 423.0 27.0 23.0
7.066667 1 234.0 423.0 21.0 24.0
7.100000 1 233.0 422.0 22.0 22.0
7.133333 1 232.0 422.0 24.0 19.0
7.166667 1 222.4 415.2 30.5 31.5
7.200000 1 218.1 414.4 27.5 25.7
7.233333 1 214.9 413.3 27.8 25.9
7.266667 1 212.5 411.7 27.7 26.0
7.300000 1 211.6 411.5 27.6 25.9
7.333333 1 208.5 408.8 28.2 26.3
7.366667 1 208.6 409.0 27.3 25.2
7.400000 1 206.5 407.6 27.5 25.4
7.433333 1 204.1 405.6 28.2 26.0
7.466667 1 203.1 405.1 28.3 26.2
7.500000 1 200.5 403.4 28.0 25.9
7.533333 1 198.3 401.3 28.1 26.0
7.566667 1 197.2 400.3 28.1 26.0
7.600000 1 195.2 398.0 28.5 26.4
7.633333 1 194.5 397.6 28.1 26.1
7.666667 1 192.3 394.8 28.7 26.6
7.700000 1 190.5 392.0 28.5 26.4
7.733333 1 188.8 391.1 28.4 26.3
7.766667 1 186.7 388.5 27.9 25.9
7.800000 1 185.8 387.5 27.7 25.7
7.833333 1 182.8 383.7 29.0 27.0
7.866667 1 180.9 381.1 28.3 26.2
7.900000 1 180.3 379.6 28.0 26.1
7.933333 1 177.5 376.9 28.7 26.6
7.966667 1 176.5 375.4 29.2 27.0
8.000000 1 174.3 372.5 29.1 26.9
8.033333 1 172.8 369.9 29.0 26.8
8.066667 1 174.4 371.1 24.0 22.0
8.100000 1 172.0 367.9 24.3 22.2
8.133333 1 171.2 366.7 23.7 21.7
8.166667 1 169.2 363.4 23.8 21.7
8.200000 1 167.4 360.1 23.8 21.8
8.233333 1 166.5 358.0 24.1 22.1
8.266667 1 164.6 354.1 24.8 22.8
8.300000 1 163.9 352.7 24.3 22.3
8.333333 1 162.6 349.1 23.8 21.7
8.366667 1 160.7 346.2 26.0 23.9
8.400000 1 160.2 343.1 24.6 22.5
8.433333 1 158.2 338.5 25.6 23.6
8.466667 1 156.8 334.4 26.0 24.0
8.500000 1 157.3 333.5 24.0 22.0
8.533333 1 155.3 328.4 25.4 23.4
8.566667 1 155.2 326.6 24.7 22.7
8.600000 1 154.7 322.9 23.4 21.5
8.633333 1 153.9 320.2 24.3 22.4
8.666667 1 153.4 316.3 23.7 21.7
8.700000 1 153.5 314.1 23.1 21.2
8.733333 1 151.7 308.5 24.7 22.7
8.766667 1 151.6 304.0 23.5 21.6
8.800000 1 150.6 298.4 23.7 21.7
8.833333 1 150.3 295.9 23.7 21.8
8.866667 1 148.8 289.9 24.5 22.5
8.900000 1 148.2 286.7 24.9 22.9
8.933333 1 147.3 281.1 24.7 22.9
8.966667 1 146.4 275.0 24.8 23.0
9.000000 1 146.6 272.7 23.7 21.8
9.033333 1 145.6 269.0 24.6 22.7
9.066667 1 144.8 262.9 24.5 22.5
9.100000 1 144.3 257.0 24.0 22.0
9.133333 1 143.1 253.1 25.3 23.4
9.166667 1 142.2 246.8 25.2 23.4
9.200000 1 142.1 244.1 24.1 22.1
9.233333 1 141.4 238.3 23.7 21.7
9.266667 1 140.4 231.8 24.2 22.2
9.300000 1 140.4 229.1 23.6 21.6
9.333333 1 139.9 222.6 24.0 22.1
9.366667 1 140.0 217.2 22.6 20.6
9.400000 1 138.6 211.0 22.9 21.0
9.433333 1 138.1 208.1 22.8 20.9
9.466667 1 136.3 201.1 24.6 22.7
9.500000 1 136.0 198.1 24.2 22.2
9.533333 1 134.8 191.1 24.4 22.4
9.566667 1 133.5 184.5 24.5 22.5
9.600000 1 133.3 181.2 23.8 21.8
9.633333 1 131.5 173.3 24.8 22.9
9.666667 1 131.2 170.1 23.8 21.7
9.700000 1 129.5 162.4 23.8 21.8
9.733333 1 127.6 154.3 23.9 21.9
9.766667 1 126.7 150.6 23.4 21.5
9.800000 1 124.6 142.4 23.2 21.2
9.833333 1 123.5 138.1 23.3 21.3
9.866667 1 120.8 129.5 23.3 21.3
9.900000 1 118.7 124.6 24.5 22.6
9.933333 1 116.4 116.4 23.5 21.5
9.966667 1 112.8 106.7 24.5 22.5
10.000000 1 111.9 102.9 23.0 21.1
10.033333 1 108.4 93.4 23.6 21.6
10.066667 1 104.5 83.5 24.5 22.6
10.100000 1 102.8 78.9 24.3 22.3
10.133333 1 99.3 69.8 23.8 22.0
10.166667 1 97.2 64.9 24.3 22.4
10.200000 1 94.0 56.0 23.0 21.0
