0.000000 1 179.0 123.3 100.0 334.8
0.000000 1 25.0 27.0 35.0 31.0
0.033333 1 180.0 120.4 103.0 333.0
0.033333 1 42.0 29.0 28.0 33.0
0.066667 1 196.0 119.3 98.0 334.8
0.066667 1 26.0 29.0 33.0 32.0
0.100000 1 196.0 121.8 99.0 340.0
0.100000 1 38.0 19.0 28.0 22.0
0.133333 1 204.0 117.4 94.0 337.4
0.133333 1 30.0 22.0 33.0 26.0
0.166667 1 204.0 114.4 94.0 338.3
0.166667 1 43.0 24.0 29.0 28.0
0.200000 1 220.0 110.3 90.0 338.7
0.200000 1 29.0 27.0 35.0 32.0
0.233333 1 220.0 109.7 90.0 334.5
0.233333 1 36.0 25.9 31.0 29.9
0.266667 1 239.0 107.2 88.0 333.6
0.266667 1 17.0 29.8 33.0 34.4
0.300000 1 238.0 108.6 89.0 340.0
0.300000 1 34.0 21.8 32.0 25.4
0.333333 1 252.0 104.4 86.0 338.8
0.333333 1 19.0 25.6 34.0 29.6
0.366667 1 251.0 102.3 88.0 339.5
0.366667 1 34.0 25.7 29.0 30.0
0.400000 1 262.0 102.0 88.0 342.0
0.400000 1 23.0 23.0 29.0 27.0
0.433333 1 262.0 99.0 88.0 341.0
0.433333 1 32.0 28.0 33.0 27.0
0.466667 1 276.0 96.0 88.0 345.0
0.466667 1 18.0 28.0 33.0 26.0
0.500000 1 276.0 96.0 88.0 345.0
0.500000 1 32.0 27.0 30.0 28.0
0.533333 1 286.0 94.0 88.0 345.0
0.533333 1 22.0 29.0 30.0 28.0
0.566667 1 285.0 94.0 88.0 349.0
0.566667 1 33.0 28.0 29.0 23.0
0.600000 1 291.0 94.0 88.0 349.0
0.600000 1 27.0 30.0 29.0 23.0
0.633333 1 303.0 93.0 90.0 347.0
0.633333 1 23.0 31.0 31.0 25.0
0.666667 1 303.0 93.0 90.0 347.0
0.666667 1 28.0 25.0 28.0 30.0
0.700000 1 315.0 89.0 92.0 348.0
0.700000 1 16.0 29.0 26.0 29.0
0.733333 1 315.0 89.0 93.0 348.0
0.733333 1 29.0 30.0 29.0 30.0
0.766667 1 318.0 87.0 91.0 345.0
0.766667 1 26.0 32.0 31.0 33.0
0.800000 1 332.0 87.0 94.0 345.0
0.800000 1 16.0 34.0 30.0 33.0
0.833333 1 330.0 87.0 94.0 351.0
0.833333 1 25.0 34.0 30.0 27.0
0.866667 1 338.0 87.0 98.0 351.0
0.866667 1 17.0 30.0 25.0 30.0
0.900000 1 338.0 90.0 98.0 354.0
0.900000 1 23.0 27.0 29.0 27.0
0.933333 1 342.0 90.0 103.0 354.0
0.933333 1 19.0 26.0 24.0 23.0
0.966667 1 342.0 90.0 103.0 349.0
0.966667 1 28.0 26.0 27.0 28.0
1.000000 1 353.0 90.0 109.0 349.0
1.000000 1 17.0 32.0 21.0 29.0
1.033333 1 353.0 90.0 109.0 351.0
1.033333 1 19.0 32.0 26.0 27.0
1.066667 1 362.0 90.0 115.0 351.0
1.066667 1 14.0 27.0 19.0 30.0
1.100000 1 362.0 90.0 115.0 353.0
1.100000 1 19.0 29.0 26.0 28.0
1.133333 1 366.0 90.0 120.0 353.0
1.133333 1 15.0 29.0 21.0 25.0
1.166667 1 366.0 89.0 120.0 352.0
1.166667 1 21.0 30.0 27.0 26.0
1.200000 1 369.0 92.0 124.0 351.0
1.200000 1 18.0 33.0 23.0 27.0
1.233333 1 369.0 92.0 124.0 351.0
1.233333 1 21.0 31.0 31.0 25.0
1.266667 1 372.0 96.0 130.0 352.0
1.266667 1 18.0 27.0 25.0 24.0
1.300000 1 378.0 96.0 139.0 352.0
1.300000 1 16.0 29.0 19.0 25.0
1.333333 1 378.0 100.0 140.0 350.0
1.333333 1 20.0 25.0 26.0 27.0
1.366667 1 381.0 100.0 142.0 350.0
1.366667 1 17.0 26.0 24.0 23.0
1.400000 1 381.0 100.0 142.0 348.0
1.400000 1 19.0 26.0 32.0 25.0
1.433333 1 381.0 100.0 150.0 347.0
1.433333 1 19.0 31.0 24.0 25.0
1.466667 1 381.0 102.0 150.0 346.0
1.466667 1 24.0 29.0 31.0 26.0
1.500000 1 384.0 104.0 157.0 348.0
1.500000 1 21.0 28.0 24.0 27.0
1.533333 1 381.0 104.0 160.0 348.0
1.533333 1 21.0 30.0 27.0 23.0
1.566667 1 385.0 106.0 168.0 347.0
1.566667 1 17.0 28.0 19.0 24.0
1.600000 1 385.0 106.0 168.0 347.0
1.600000 1 21.0 32.0 25.0 21.0
1.633333 1 386.0 110.0 174.0 343.0
1.633333 1 20.0 28.0 19.0 25.0
1.666667 1 386.0 117.0 174.0 342.0
1.666667 1 16.0 23.0 31.0 26.0
1.700000 1 382.0 117.0 185.0 342.0
1.700000 1 20.0 25.0 20.0 23.0
1.733333 1 382.0 117.0 187.0 342.0
1.733333 1 20.0 25.0 26.0 23.0
1.766667 1 383.0 117.0 195.0 342.0
1.766667 1 19.0 31.0 18.0 27.0
1.800000 1 383.0 114.0 195.0 342.0
1.800000 1 16.0 34.0 25.0 27.0
1.833333 1 382.0 114.0 199.0 342.0
1.833333 1 17.0 36.0 21.0 29.0
1.866667 1 378.0 119.0 206.0 340.0
1.866667 1 25.0 31.0 21.0 31.0
1.900000 1 375.0 119.0 206.0 340.0
1.900000 1 26.0 40.0 28.0 28.0
1.933333 1 378.0 126.0 214.0 333.0
1.933333 1 23.0 33.0 20.0 35.0
1.966667 1 378.0 126.0 214.0 333.0
1.966667 1 22.0 29.0 30.0 30.0
2.000000 1 373.0 127.0 221.0 336.0
2.000000 1 27.0 35.0 23.0 33.0
2.033333 1 373.0 134.2 221.0 338.1
2.033333 1 23.0 32.3 27.0 30.5
2.066667 1 372.0 135.5 231.0 338.4
2.066667 1 24.0 33.2 17.0 31.5
2.100000 1 372.0 137.0 231.0 338.6
2.100000 1 18.0 34.2 27.0 32.6
2.133333 1 368.0 139.7 235.0 339.5
2.133333 1 22.0 33.4 23.0 31.6
2.166667 1 369.0 141.8 237.0 339.1
2.166667 1 18.0 34.1 31.0 32.2
2.200000 1 361.0 144.5 247.0 338.8
2.200000 1 26.0 33.0 21.0 31.3
2.233333 1 361.0 147.1 247.0 337.1
2.233333 1 24.0 33.0 32.0 31.2
2.266667 1 351.0 149.9 254.0 337.3
2.266667 1 34.0 32.7 25.0 30.9
2.300000 1 351.0 153.3 254.0 338.7
2.300000 1 26.0 31.2 31.0 29.4
2.333333 1 350.0 155.9 264.0 339.7
2.333333 1 27.0 30.9 21.0 29.0
2.366667 1 350.0 157.5 264.0 339.4
2.366667 1 25.0 32.6 24.0 30.7
2.400000 1 349.0 160.9 270.0 340.7
2.400000 1 26.0 31.2 18.0 29.3
2.433333 1 349.0 163.6 270.0 341.1
2.433333 1 17.0 31.1 25.0 29.3
2.466667 1 343.0 166.9 279.0 342.2
2.466667 1 23.0 30.1 16.0 28.2
2.500000 1 342.0 169.4 279.0 341.8
2.500000 1 21.0 31.0 25.0 29.1
2.533333 1 335.0 204.0 172.4 281.0
2.533333 1 7.0 340.3 28.0 25.0
2.533333 1 31.2 23.0 19.0 29.4
2.566667 1 331.0 207.0 176.6 281.0
2.566667 1 11.0 341.1 28.0 24.0
2.566667 1 29.2 25.0 21.0 27.3
2.600000 1 331.0 204.0 179.3 289.0
2.600000 1 12.0 341.4 21.0 30.0
2.600000 1 29.9 26.0 25.0 28.0
2.633333 1 323.0 204.0 181.7 292.0
2.633333 1 16.0 341.1 29.0 30.0
2.633333 1 31.8 23.0 22.0 29.9
2.666667 1 323.0 207.0 184.9 292.0
2.666667 1 22.0 342.0 28.0 27.0
2.666667 1 31.8 32.0 22.0 29.7
2.700000 1 316.0 210.0 188.6 301.0
2.700000 1 25.0 343.3 35.0 26.0
2.700000 1 30.7 23.0 23.0 28.7
2.733333 1 316.0 208.0 192.2 301.0
2.733333 1 26.0 343.9 29.0 28.0
2.733333 1 30.2 25.0 28.0 28.3
2.766667 1 215.4 312.0 194.9 34.7
2.766667 1 302.0 343.6 16.0 35.0
2.766667 1 31.7 17.0 25.0 29.7
2.800000 1 216.0 311.0 198.8 37.4
2.800000 1 308.0 344.9 17.0 28.0
2.800000 1 30.4 18.0 24.0 28.5
2.833333 1 218.1 467.0 307.0 202.1
2.833333 1 41.8 445.0 312.0 345.4
2.833333 1 15.0 20.0 28.0 30.8
2.833333 1 16.0 23.0 23.0 28.8
2.866667 1 219.2 466.0 307.0 205.8
2.866667 1 44.9 447.0 312.0 346.0
2.866667 1 15.0 20.0 23.0 30.4
2.866667 1 16.0 20.0 30.0 28.5
2.900000 1 219.5 459.0 300.0 208.9
2.900000 1 47.4 447.0 315.0 346.4
2.900000 1 16.0 24.0 30.0 31.2
2.900000 1 17.0 21.0 27.0 29.3
2.933333 1 219.7 457.0 300.0 213.0
2.933333 1 49.6 449.0 315.0 348.0
2.933333 1 18.0 26.0 26.0 30.0
2.933333 1 19.0 26.0 32.0 28.0
2.966667 1 221.3 459.0 297.0 216.0
2.966667 1 52.9 449.0 324.0 349.0
2.966667 1 17.0 18.0 29.0 26.0
2.966667 1 18.0 21.0 23.0 27.0
3.000000 1 222.7 452.0 297.0 220.0
3.000000 1 55.8 448.0 324.0 351.0
3.000000 1 17.0 28.0 28.0 26.0
3.000000 1 18.0 26.0 33.0 24.0
3.033333 1 224.6 453.0 290.0 223.0
3.033333 1 58.8 448.0 331.0 349.0
3.033333 1 16.0 20.0 26.0 26.0
3.033333 1 17.0 26.0 26.0 25.0
3.066667 1 226.0 450.0 286.0 228.0
3.066667 1 61.9 445.0 333.0 351.0
3.066667 1 15.0 19.0 31.0 24.0
3.066667 1 16.0 23.0 23.0 30.0
3.100000 1 225.7 445.0 283.0 229.0
3.100000 1 62.7 444.0 334.0 354.0
3.100000 1 18.0 24.0 29.0 28.0
3.100000 1 20.0 28.0 29.0 27.0
3.133333 1 228.0 441.0 236.0 285.0
3.133333 1 66.1 448.0 357.0 340.0
3.133333 1 16.0 26.0 22.0 27.0
3.133333 1 17.0 20.0 24.0 23.0
3.166667 1 229.9 437.0 280.0 238.0
3.166667 1 69.1 448.0 341.0 352.0
3.166667 1 15.0 25.0 30.0 27.0
3.166667 1 15.0 24.0 25.0 30.0
3.200000 1 231.5 435.0 285.0 243.0
3.200000 1 71.4 452.0 343.0 360.0
3.200000 1 14.0 24.0 18.0 25.0
3.200000 1 15.0 19.0 24.0 21.0
3.233333 1 230.8 430.0 279.0 248.0
3.233333 1 71.3 450.0 344.0 359.0
3.233333 1 18.0 28.0 21.0 24.0
3.233333 1 19.0 24.0 22.0 24.0
3.266667 1 233.4 428.0 281.0 250.0
3.266667 1 74.5 453.0 347.0 358.0
3.266667 1 16.0 27.0 22.0 24.0
3.266667 1 17.0 21.0 22.0 26.0
3.300000 1 234.9 426.0 279.0 252.0
3.300000 1 76.3 451.0 353.0 357.0
3.300000 1 16.0 21.0 24.0 26.0
3.300000 1 17.0 21.0 19.0 27.0
3.333333 1 234.9 257.0 421.0 76.8
3.333333 1 359.0 450.0 18.0 43.0
3.333333 1 24.0 19.0 27.0 20.0
3.366667 1 236.8 262.0 420.0 79.2
3.366667 1 359.0 449.0 17.0 30.0
3.366667 1 18.0 18.0 30.0 17.0
3.400000 1 238.3 264.0 415.0 80.5
3.400000 1 361.0 449.0 17.0 36.0
3.400000 1 21.0 18.0 32.0 21.0
3.433333 1 239.0 270.0 415.0 81.8
3.433333 1 366.0 449.0 18.0 27.0
3.433333 1 17.0 19.0 26.0 20.0
3.466667 1 240.4 269.0 83.1 367.0
3.466667 1 18.0 31.0 19.0 28.0
3.500000 1 242.2 278.0 85.2 370.0
3.500000 1 17.0 22.0 18.0 26.0
3.533333 1 241.6 282.0 84.5 370.0
3.533333 1 21.0 23.0 22.0 26.0
3.566667 1 245.2 285.0 88.2 373.0
3.566667 1 16.0 25.0 18.0 22.0
3.600000 1 245.7 290.0 89.0 371.0
3.600000 1 18.0 20.0 19.0 24.0
3.633333 1 248.1 290.0 91.4 371.0
3.633333 1 17.0 30.0 18.0 26.0
3.666667 1 249.1 297.0 93.0 377.0
3.666667 1 17.0 23.0 19.0 20.0
3.700000 1 251.0 297.0 95.3 377.0
3.700000 1 17.0 30.0 18.0 25.0
3.733333 1 252.2 300.0 97.1 377.0
3.733333 1 17.0 27.0 18.0 25.0
3.766667 1 253.6 300.0 99.0 377.0
3.766667 1 18.0 32.0 19.0 25.0
3.800000 1 255.0 307.0 101.1 380.0
3.800000 1 18.0 25.0 19.0 22.0
3.833333 1 256.5 307.0 103.5 380.0
3.833333 1 17.0 31.0 19.0 19.0
3.866667 1 257.9 105.8 18.2 19.3
3.900000 1 259.8 313.0 108.6 378.0
3.900000 1 17.0 31.0 18.0 24.0
3.933333 1 260.8 321.0 110.7 383.0
3.933333 1 18.0 23.0 19.0 19.0
3.966667 1 263.5 321.0 114.4 383.0
3.966667 1 16.0 27.0 17.0 22.0
4.000000 1 264.2 324.0 116.2 386.0
4.000000 1 18.0 24.0 19.0 19.0
4.033333 1 266.2 324.0 119.3 386.0
4.033333 1 17.0 30.0 18.0 20.0
4.066667 1 267.9 329.0 122.3 384.0
4.066667 1 17.0 25.0 18.0 22.0
4.100000 1 267.4 327.0 123.2 384.0
4.100000 1 21.0 30.0 22.0 18.0
4.133333 1 270.9 334.0 127.9 382.0
4.133333 1 17.0 23.0 19.0 20.0
4.166667 1 272.7 334.0 130.9 382.0
4.166667 1 17.0 24.0 18.0 20.0
4.200000 1 273.6 336.0 133.4 383.0
4.200000 1 18.0 29.0 19.0 19.0
4.233333 1 276.7 342.0 137.3 383.0
4.233333 1 16.0 23.0 17.0 19.0
4.266667 1 277.4 341.0 139.7 389.0
4.266667 1 18.0 31.0 19.0 15.0
4.300000 1 277.6 341.0 141.2 389.0
4.300000 1 21.0 34.0 22.0 20.0
4.333333 1 281.2 350.0 146.8 390.0
4.333333 1 17.0 25.0 18.0 19.0
4.366667 1 283.3 351.0 150.4 390.0
4.366667 1 17.0 30.0 18.0 21.0
4.400000 1 285.4 354.0 154.3 385.0
4.400000 1 16.0 27.0 18.0 26.0
4.433333 1 286.1 354.0 157.3 385.0
4.433333 1 18.0 35.0 20.0 23.0
4.466667 1 285.9 363.0 159.7 383.0
4.466667 1 22.0 26.0 23.0 25.0
4.500000 1 289.4 363.0 165.4 383.0
4.500000 1 18.0 24.0 20.0 24.0
4.533333 1 291.2 370.0 169.4 386.0
4.533333 1 18.0 17.0 20.0 21.0
4.566667 1 291.1 370.0 172.0 386.0
4.566667 1 21.0 24.0 23.0 22.0
4.600000 1 293.4 375.0 176.8 385.0
4.600000 1 20.0 19.0 21.0 23.0
4.633333 1 294.2 375.0 180.1 385.0
4.633333 1 21.0 18.0 23.0 26.0
4.666667 1 294.3 378.0 183.1 390.0
4.666667 1 23.0 19.8 25.0 21.0
4.700000 1 380.5 294.8 386.1 186.6
4.700000 1 20.9 24.9 20.9 26.8
4.733333 1 381.2 296.2 384.3 191.0
4.733333 1 24.0 24.0 24.0 26.0
4.766667 1 384.6 298.0 383.1 196.0
4.766667 1 24.0 22.0 24.0 24.0
4.800000 1 293.5 386.8 196.5 382.2
4.800000 1 34.0 25.6 31.8 25.6
4.833333 1 293.3 386.8 200.0 379.5
4.833333 1 35.8 31.9 33.3 31.9
4.866667 1 293.1 392.9 203.3 382.3
4.866667 1 36.9 26.1 34.7 26.1
4.900000 1 288.4 395.5 202.8 383.3
4.900000 1 46.8 26.4 44.2 26.4
4.933333 1 292.3 397.9 210.9 383.7
4.933333 1 39.0 27.2 36.5 27.2
4.966667 1 294.1 401.9 216.8 384.9
4.966667 1 35.2 25.1 32.8 25.1
5.000000 1 296.0 400.2 222.9 379.9
5.000000 1 31.3 34.6 29.1 34.6
5.033333 1 295.3 403.9 226.6 381.6
5.033333 1 32.0 31.6 29.8 31.6
5.066667 1 291.0 404.2 227.2 378.8
5.066667 1 39.5 36.4 37.0 36.4
5.100000 1 289.3 407.7 230.2 378.9
5.100000 1 42.1 35.7 39.7 35.7
5.133333 1 290.7 417.0 236.4 385.0
5.133333 1 37.0 23.0 35.0 23.0
5.166667 1 291.7 416.0 242.3 381.0
5.166667 1 34.0 34.0 31.0 32.0
5.200000 1 291.7 423.0 247.1 388.0
5.200000 1 32.0 23.0 30.0 23.0
5.233333 1 290.3 423.0 250.8 388.0
5.233333 1 33.0 33.0 30.0 26.0
5.266667 1 290.0 428.0 255.8 389.0
5.266667 1 31.0 28.0 29.0 25.0
5.300000 1 284.8 429.0 255.9 387.0
5.300000 1 38.0 30.0 36.0 23.0
5.333333 1 281.3 434.0 257.8 390.0
5.333333 1 42.0 25.0 40.0 20.0
5.366667 1 282.1 434.0 264.2 390.0
5.366667 1 37.0 31.0 35.0 23.0
5.400000 1 284.0 439.0 271.5 386.0
5.400000 1 29.0 26.0 27.0 27.0
5.433333 1 276.1 439.0 268.7 386.0
5.433333 1 42.0 36.0 40.0 28.0
5.466667 1 280.3 445.0 278.1 388.0
5.466667 1 30.0 30.0 28.0 26.0
5.500000 1 277.7 445.0 281.3 388.0
5.500000 1 30.0 36.0 28.0 29.0
5.533333 1 270.4 447.0 279.3 393.0
5.533333 1 41.0 34.0 39.0 24.0
5.566667 1 270.6 449.0 285.0 393.0
5.566667 1 36.0 31.0 34.0 24.0
5.600000 1 271.8 459.0 291.4 396.0
5.600000 1 29.0 21.0 27.0 21.0
5.633333 1 269.9 459.0 294.8 396.0
5.633333 1 29.0 32.0 27.0 21.0
5.666667 1 264.4 462.0 294.6 394.0
5.666667 1 36.0 29.0 34.0 23.0
5.700000 1 262.3 465.0 297.7 393.0
5.700000 1 36.0 30.0 34.0 24.0
5.733333 1 258.9 465.0 299.5 393.0
5.733333 1 38.0 34.0 36.0 25.0
5.766667 1 258.1 474.0 303.9 400.0
5.766667 1 35.0 25.0 33.0 18.0
5.800000 1 258.4 474.0 309.4 400.0
5.800000 1 30.0 31.0 28.0 23.0
5.833333 1 256.0 483.0 312.1 403.0
5.833333 1 31.0 22.0 29.0 20.0
5.866667 1 254.8 483.0 315.9 403.0
5.866667 1 29.0 27.0 27.0 19.0
5.900000 1 253.2 489.0 319.3 400.0
5.900000 1 28.0 21.0 26.0 22.0
5.933333 1 488.0 252.0 398.0 323.0
5.933333 1 26.0 27.0 26.0 25.0
5.966667 1 304.0 21.0 31.0 29.0
6.000000 1 304.0 26.0 38.0 42.0
6.033333 1 309.0 40.0 33.0 28.0
6.066667 1 309.0 40.0 42.0 45.0
6.100000 1 315.0 55.0 36.0 30.0
6.133333 1 322.0 62.0 34.0 33.0
6.166667 1 322.0 71.0 44.0 45.0
6.200000 1 333.0 89.0 33.0 27.0
6.233333 1 333.0 89.0 37.0 43.0
6.266667 1 335.0 103.0 35.0 29.0
6.300000 1 339.1 103.1 36.1 28.8
6.333333 1 341.6 110.4 36.1 28.9
6.366667 1 344.4 117.7 36.4 29.2
6.400000 1 347.7 126.1 36.2 29.0
6.433333 1 351.0 135.1 36.0 28.6
6.466667 1 354.4 143.8 35.8 28.4
6.500000 1 357.6 152.0 36.0 28.6
6.533333 1 78.1 360.7 9.5 160.2
6.533333 1 36.4 35.8 33.3 28.4
6.566667 1 79.5 345.2 363.3 19.2
6.566667 1 414.1 167.8 36.5 25.0
6.566667 1 35.4 33.5 32.2 28.0
6.600000 1 80.9 345.5 365.1 28.1
6.600000 1 411.4 174.3 36.4 24.7
6.600000 1 35.7 33.3 32.1 28.2
6.633333 1 81.2 345.3 366.7 35.2
6.633333 1 408.2 180.3 36.7 25.3
6.633333 1 35.7 33.6 32.8 28.2
6.666667 1 81.7 345.4 368.5 42.7
6.666667 1 405.3 186.7 36.4 24.6
6.666667 1 35.8 33.4 32.0 28.4
6.700000 1 82.5 345.0 370.7 52.0
6.700000 1 402.0 194.6 36.4 24.8
6.700000 1 35.7 33.3 32.3 28.3
6.733333 1 83.1 344.4 373.4 61.3
6.733333 1 398.9 202.5 36.6 25.1
6.733333 1 35.6 33.5 32.7 28.1
6.766667 1 83.9 344.6 375.7 70.2
6.766667 1 396.4 210.1 36.3 24.6
6.766667 1 35.7 33.2 32.1 28.3
6.800000 1 84.4 344.2 377.6 78.6
6.800000 1 393.5 217.5 36.3 24.7
6.800000 1 35.6 33.2 31.9 28.2
6.833333 1 84.5 343.1 379.0 87.0
6.833333 1 389.8 223.9 36.3 26.2
6.833333 1 35.7 33.2 33.8 28.4
6.866667 1 84.5 343.4 380.5 94.4
6.866667 1 387.8 230.0 36.5 24.5
6.866667 1 35.6 33.4 31.8 28.2
6.900000 1 84.1 342.2 381.9 100.5
6.900000 1 384.0 235.9 36.5 25.9
6.900000 1 35.8 33.4 33.5 28.4
6.933333 1 83.8 342.0 383.5 106.6
6.933333 1 381.4 242.1 36.3 24.8
6.933333 1 35.8 33.2 32.4 28.3
6.966667 1 83.4 341.3 385.3 114.5
6.966667 1 378.5 248.7 36.5 24.7
6.966667 1 35.5 33.4 32.0 28.1
7.000000 1 83.1 340.6 386.9 122.8
7.000000 1 375.3 255.1 36.5 24.5
7.000000 1 35.9 33.3 32.0 28.5
7.033333 1 82.6 339.2 388.6 130.6
7.033333 1 371.7 262.0 36.5 25.6
7.033333 1 35.9 33.4 33.1 28.5
7.066667 1 81.9 337.9 390.3 138.3
7.066667 1 368.0 269.1 36.6 26.4
7.066667 1 35.9 33.4 33.8 28.5
7.100000 1 81.2 337.5 392.2 145.7
7.100000 1 365.6 276.7 36.4 24.6
7.100000 1 35.5 33.3 32.1 28.1
7.133333 1 80.6 336.2 393.9 151.2
7.133333 1 362.2 283.9 36.5 24.7
7.133333 1 35.8 33.4 32.1 28.4
7.166667 1 80.3 335.0 395.7 156.5
7.166667 1 359.1 290.8 36.7 24.9
7.166667 1 36.0 33.6 32.3 28.6
7.200000 1 79.8 334.3 397.6 163.2
7.200000 1 356.4 297.5 36.8 24.9
7.200000 1 35.6 33.7 32.3 28.1
7.233333 1 79.2 333.0 399.0 170.8
7.233333 1 353.3 303.9 36.7 26.1
7.233333 1 35.7 33.6 33.8 28.3
7.266667 1 78.3 331.9 400.2 177.7
7.266667 1 350.3 309.8 36.6 26.6
7.266667 1 35.7 33.5 34.4 28.3
7.300000 1 77.5 331.4 400.7 184.1
7.300000 1 348.2 314.7 36.9 25.8
7.300000 1 35.7 33.8 33.7 28.2
7.333333 1 77.1 330.3 401.1 190.7
7.333333 1 345.6 319.9 36.7 25.9
7.333333 1 35.6 33.6 33.8 28.2
7.366667 1 76.8 329.1 402.0 196.9
7.366667 1 343.2 326.0 36.0 25.0
7.366667 1 36.0 33.0 33.0 28.5
7.400000 1 406.8 77.1 327.5 337.8
7.400000 1 201.8 340.4 25.0 36.6
7.400000 1 26.3 15.0 33.4 33.7
7.433333 1 408.8 77.9 326.3 342.6
7.433333 1 206.5 337.6 24.0 36.7
7.433333 1 26.1 18.0 33.5 33.9
7.466667 1 410.8 78.1 324.9 345.3
7.466667 1 212.1 335.0 25.0 36.9
7.466667 1 26.5 19.0 33.6 34.5
7.500000 1 410.4 78.5 323.9 349.3
7.500000 1 218.9 333.3 24.0 36.8
7.500000 1 26.0 19.0 33.6 33.7
7.533333 1 411.8 78.3 322.5 355.2
7.533333 1 224.9 331.2 24.0 36.8
7.533333 1 26.3 18.0 33.5 33.7
7.566667 1 413.2 78.0 321.4 355.4
7.566667 1 230.0 328.9 25.0 37.0
7.566667 1 26.2 21.0 33.7 33.6
7.600000 1 83.2 408.8 320.1 234.5
7.600000 1 347.3 326.8 29.0 39.0
7.600000 1 26.2 28.0 32.0 34.2
7.633333 1 82.1 411.8 318.4 237.0
7.633333 1 352.7 324.9 28.0 33.0
7.633333 1 26.4 27.0 28.0 33.7
7.666667 1 89.8 412.0 317.1 238.9
7.666667 1 356.8 322.6 31.5 34.0
7.666667 1 26.1 30.3 29.4 34.1
7.700000 1 91.1 410.7 315.3 242.9
7.700000 1 359.1 320.6 32.3 38.1
7.700000 1 26.1 31.1 33.9 33.8
7.733333 1 93.2 410.4 313.5 248.9
7.733333 1 363.6 318.4 31.8 40.3
7.733333 1 25.8 30.6 34.1 33.5
7.766667 1 93.9 414.9 311.6 253.7
7.766667 1 370.7 316.2 32.6 31.9
7.766667 1 26.0 31.5 27.6 33.5
7.800000 1 92.0 414.4 309.9 254.6
7.800000 1 373.7 314.4 32.6 33.1
7.800000 1 25.9 31.3 28.5 33.6
7.833333 1 94.9 411.4 307.9 260.2
7.833333 1 375.6 312.6 31.5 40.6
7.833333 1 26.0 30.2 31.3 33.8
7.866667 1 97.3 413.0 305.9 265.0
7.866667 1 378.1 310.6 31.7 37.5
7.866667 1 26.3 30.4 30.9 34.3
7.900000 1 101.0 415.7 304.0 268.6
7.900000 1 382.6 309.0 30.0 31.0
7.900000 1 26.0 28.0 27.0 34.0
7.933333 1 104.1 302.7 417.5 272.5
7.933333 1 304.7 387.2 29.7 19.3
7.933333 1 28.5 28.3 32.4 24.4
7.966667 1 105.6 300.2 416.6 275.7
7.966667 1 303.2 392.1 32.3 19.4
7.966667 1 31.4 30.9 31.9 23.7
8.000000 1 107.9 297.3 416.5 280.4
8.000000 1 301.4 396.3 33.0 19.4
8.000000 1 30.9 31.7 32.0 23.8
8.033333 1 107.9 295.0 417.2 283.4
8.033333 1 299.4 398.7 32.3 19.3
8.033333 1 31.4 30.9 32.0 25.3
8.066667 1 110.7 292.7 416.6 287.1
8.066667 1 297.5 401.8 32.7 19.1
8.066667 1 33.9 31.3 32.2 26.1
8.100000 1 113.6 289.3 419.5 291.5
8.100000 1 296.1 407.4 32.7 19.3
8.100000 1 26.0 31.1 31.9 21.1
8.133333 1 115.9 286.0 419.3 294.4
8.133333 1 294.3 410.9 33.4 19.1
8.133333 1 24.9 32.0 31.9 19.5
8.166667 1 119.8 283.2 418.1 296.4
8.166667 1 293.0 411.7 33.8 19.4
8.166667 1 27.3 32.4 31.9 22.0
8.200000 1 122.6 280.0 417.0 297.7
8.200000 1 290.7 412.5 36.1 19.4
8.200000 1 28.8 34.6 32.0 23.3
8.233333 1 126.7 276.9 415.9 300.7
8.233333 1 288.5 413.1 36.5 19.2
8.233333 1 31.1 35.0 32.1 26.0
8.266667 1 129.7 273.6 416.0 305.2
8.266667 1 287.5 416.1 36.4 19.2
8.266667 1 31.2 35.1 32.1 27.6
8.300000 1 130.4 270.0 413.8 310.0
8.300000 1 286.8 417.4 35.4 19.4
8.300000 1 37.5 33.9 32.1 33.4
8.333333 1 134.0 266.6 420.4 313.6
8.333333 1 285.0 426.2 33.8 19.1
8.333333 1 24.1 32.3 32.1 21.8
8.366667 1 137.3 263.0 422.7 317.1
8.366667 1 284.2 432.3 34.5 19.2
8.366667 1 19.8 33.0 32.0 16.8
8.400000 1 141.3 259.5 422.9 319.5
8.400000 1 282.5 435.1 33.6 19.3
8.400000 1 20.2 32.1 32.2 16.1
8.433333 1 145.8 255.9 422.8 322.8
8.433333 1 281.9 437.5 31.2 19.1
8.433333 1 20.1 29.5 32.1 16.4
8.466667 1 150.8 252.0 423.1 325.7
8.466667 1 280.5 439.5 28.9 19.4
8.466667 1 18.9 27.2 32.1 15.7
8.500000 1 154.8 248.1 423.5 328.2
8.500000 1 279.4 441.7 29.2 19.4
8.500000 1 17.4 27.5 32.0 14.3
8.533333 1 159.5 245.0 423.5 332.4
8.533333 1 279.0 444.5 27.0 19.0
8.533333 1 17.7 26.0 32.0 14.1
8.566667 1 160.7 239.0 423.1 334.5
8.566667 1 281.0 445.8 27.0 25.0
8.566667 1 18.0 26.0 30.0 14.4
8.600000 1 164.9 237.0 423.0 337.9
8.600000 1 278.0 448.6 27.0 24.0
8.600000 1 19.2 25.0 34.0 15.6
8.633333 1 168.7 231.0 420.0 340.6
8.633333 1 276.0 450.0 26.0 30.0
8.633333 1 24.0 25.0 36.0 18.0
8.666667 1 172.9 231.0 342.3 276.0
8.666667 1 26.0 23.0 25.0 30.0
8.700000 1 178.3 225.0 342.9 278.0
8.700000 1 24.0 29.0 22.0 28.0
8.733333 1 182.6 225.0 344.5 278.0
8.733333 1 24.0 24.0 22.0 27.0
8.766667 1 186.2 219.0 346.0 278.0
8.766667 1 25.0 30.0 23.0 27.0
8.800000 1 191.0 218.0 350.2 278.0
8.800000 1 22.0 23.0 20.0 27.0
8.833333 1 192.3 213.0 353.0 278.0
8.833333 1 23.0 28.0 21.0 27.0
8.866667 1 195.7 213.0 354.9 278.0
8.866667 1 24.0 23.0 22.0 28.0
8.900000 1 199.9 207.0 356.6 275.0
8.900000 1 23.0 29.0 22.0 31.0
8.933333 1 203.5 207.0 357.5 275.0
8.933333 1 23.0 24.0 21.0 31.0
8.966667 1 208.6 198.0 356.7 274.0
8.966667 1 23.0 33.0 21.0 32.0
9.000000 1 197.7 211.0 272.0 357.0
9.000000 1 30.0 26.0 38.6 24.0
9.033333 1 193.2 273.5 30.0 33.0
9.066667 1 178.8 277.2 47.4 30.5
9.100000 1 173.1 256.0 61.5 57.0
9.133333 1 169.9 255.7 64.0 58.8
9.166667 1 172.7 263.3 54.0 46.0
9.200000 1 168.1 348.9 264.9 8.9
9.200000 1 59.0 52.0 46.0 30.1
9.233333 1 172.2 351.5 271.6 12.6
9.233333 1 45.0 53.0 34.0 36.8
9.266667 1 169.6 355.7 272.3 16.1
9.266667 1 46.1 50.1 33.7 43.1
9.300000 1 166.8 357.9 273.0 25.0
9.300000 1 47.3 51.3 33.7 44.3
9.333333 1 165.0 360.2 273.0 34.1
9.333333 1 47.7 51.4 36.1 44.4
9.366667 1 163.5 362.3 274.6 43.5
9.366667 1 47.5 50.7 35.0 43.8
9.400000 1 165.0 363.4 278.0 51.4
9.400000 1 41.1 51.8 29.4 44.7
9.433333 1 165.1 366.2 280.8 60.0
9.433333 1 38.9 48.7 27.2 42.1
9.466667 1 162.6 367.5 281.3 67.2
9.466667 1 40.8 48.2 28.3 41.6
9.500000 1 157.6 367.2 277.8 73.0
9.500000 1 48.4 51.4 38.1 44.6
9.533333 1 159.2 367.6 10.0 283.4
9.533333 1 80.0 334.0 41.0 53.0
9.533333 1 25.0 29.0 46.0 28.0
9.566667 1 155.9 372.0 21.0 283.3
9.566667 1 91.7 342.0 44.0 47.0
9.566667 1 19.0 32.0 40.0 27.0
9.600000 1 151.8 372.2 21.0 283.9
9.600000 1 99.0 342.0 49.0 49.0
9.600000 1 39.0 35.0 42.0 33.0
9.633333 1 153.0 375.7 33.0 286.7
9.633333 1 108.8 351.0 43.0 46.0
9.633333 1 31.0 32.0 39.0 28.0
9.666667 1 152.4 378.0 33.0 288.6
9.666667 1 117.0 351.0 43.0 45.0
9.666667 1 39.0 32.0 38.0 32.0
9.700000 1 387.4 146.0 275.0 46.0
9.700000 1 124.4 283.5 381.0 354.0
9.700000 1 31.0 54.0 29.0 26.0
9.700000 1 32.0 44.0 23.0 29.0
9.733333 1 386.7 148.6 281.0 46.0
9.733333 1 131.5 288.8 379.0 354.0
9.733333 1 33.0 46.0 23.0 34.0
9.733333 1 34.0 36.0 25.0 29.0
9.766667 1 387.8 147.0 281.0 59.0
9.766667 1 139.4 289.7 379.0 364.0
9.766667 1 32.0 48.0 28.0 27.0
9.766667 1 33.0 37.0 28.0 23.0
9.800000 1 388.2 147.6 287.0 136.6
9.800000 1 292.6 381.0 32.0 44.0
9.800000 1 22.0 33.0 35.0 26.0
9.833333 1 387.8 146.2 287.0 142.4
9.833333 1 295.9 381.0 32.0 44.0
9.833333 1 30.0 33.0 32.0 29.0
9.866667 1 388.2 142.3 291.0 149.1
9.866667 1 296.7 385.0 32.0 50.0
9.866667 1 27.0 33.0 35.0 26.0
9.900000 1 389.3 141.9 291.0 155.8
9.900000 1 297.8 385.0 32.0 48.0
9.900000 1 29.0 33.0 36.0 29.0
9.933333 1 390.3 139.4 298.0 162.5
9.933333 1 297.5 390.0 32.0 51.0
9.933333 1 22.0 33.0 40.0 24.0
9.966667 1 391.0 139.7 298.0 169.0
9.966667 1 301.7 390.0 31.0 49.0
9.966667 1 21.0 32.0 36.0 24.0
10.000000 1 391.5 140.4 301.0 174.7
10.000000 1 305.7 387.0 32.0 45.0
10.000000 1 18.0 33.0 32.0 28.0
10.033333 1 391.9 139.2 302.0 180.3
10.033333 1 307.1 387.0 32.0 45.0
10.033333 1 22.0 33.0 33.0 24.0
10.066667 1 392.2 139.0 300.0 185.5
10.066667 1 308.5 391.0 32.0 45.0
10.066667 1 24.0 33.0 33.0 20.0
10.100000 1 392.6 136.8 300.0 189.2
10.100000 1 308.0 391.0 32.0 48.0
10.100000 1 33.0 33.0 37.0 29.0
10.133333 1 392.7 139.6 306.0 192.6
10.133333 1 313.7 398.0 32.0 40.0
10.133333 1 27.0 33.0 29.0 22.0
10.166667 1 392.5 138.5 306.0 120.0
10.166667 1 196.0 315.6 398.0 364.0
10.166667 1 33.0 40.0 26.0 21.0
10.166667 1 34.0 29.0 26.0 30.0
10.200000 1 392.6 133.8 310.0 124.0
10.200000 1 200.9 314.3 402.0 363.0
10.200000 1 33.0 49.0 22.0 21.0
10.200000 1 34.0 35.0 22.0 30.0
10.233333 1 393.2 134.1 310.0 127.0
10.233333 1 206.5 316.3 402.0 362.0
10.233333 1 32.0 47.0 24.0 26.0
10.233333 1 33.0 35.0 22.0 28.0
10.266667 1 393.9 135.9 312.0 137.0
10.266667 1 211.7 320.1 402.0 360.0
10.266667 1 32.0 41.0 22.0 24.0
10.266667 1 33.0 30.0 22.0 31.0
10.300000 1 394.9 133.0 312.0 141.0
10.300000 1 216.5 321.1 402.0 359.0
10.300000 1 32.0 46.0 21.0 24.0
10.300000 1 33.0 33.0 24.0 29.0
10.333333 1 395.5 129.3 317.0 147.0
10.333333 1 221.1 318.1 405.0 361.0
10.333333 1 31.0 53.0 16.0 25.0
10.333333 1 32.0 41.0 21.0 25.0
10.366667 1 395.4 134.3 317.0 152.0
10.366667 1 225.0 325.9 405.0 360.0
10.366667 1 32.0 40.0 24.0 24.0
10.366667 1 33.0 29.0 28.0 21.0
10.400000 1 395.5 129.1 318.0 160.0
10.400000 1 228.1 322.7 408.0 358.0
10.400000 1 32.0 50.0 23.0 20.0
10.400000 1 33.0 38.0 25.0 24.0
10.433333 1 395.7 130.9 318.0 164.0
10.433333 1 231.2 328.3 408.0 357.0
10.433333 1 32.0 44.0 27.0 19.0
10.433333 1 33.0 31.0 28.0 24.0
10.466667 1 395.8 131.0 322.0 173.0
10.466667 1 234.3 328.4 412.0 357.0
10.466667 1 32.0 43.0 23.0 20.0
10.466667 1 33.0 33.0 24.0 24.0
10.500000 1 396.0 123.2 323.0 172.0
10.500000 1 237.8 322.3 412.0 358.0
10.500000 1 32.0 58.0 22.0 29.0
10.500000 1 33.0 48.0 26.0 23.0
10.533333 1 396.7 129.1 321.0 183.0
10.533333 1 242.0 330.7 411.0 357.0
10.533333 1 32.0 45.0 24.0 20.0
10.533333 1 33.0 35.0 27.0 23.0
10.566667 1 397.0 127.0 321.0 186.0
10.566667 1 246.1 331.2 411.0 355.0
10.566667 1 32.0 48.0 22.0 20.0
10.566667 1 33.0 37.0 30.0 27.0
10.600000 1 398.0 123.3 325.0 194.0
10.600000 1 250.7 330.0 417.0 354.0
10.600000 1 32.0 55.0 18.0 18.0
10.600000 1 33.0 43.0 24.0 27.0
10.633333 1 398.6 127.3 325.0 195.0
10.633333 1 254.9 336.4 417.0 354.0
10.633333 1 32.0 45.0 17.0 22.0
10.633333 1 33.0 34.0 26.0 27.0
10.666667 1 399.1 126.1 326.0 203.0
10.666667 1 259.1 337.7 421.0 354.0
10.666667 1 32.0 47.0 22.0 21.0
10.666667 1 33.0 35.0 22.0 27.0
10.700000 1 399.5 126.3 206.0 262.5
10.700000 1 340.4 354.0 32.0 45.0
10.700000 1 16.0 33.0 33.0 26.0
10.733333 1 399.8 124.9 205.0 265.3
10.733333 1 340.8 351.0 32.0 47.0
10.733333 1 24.0 33.0 36.0 27.0
10.766667 1 400.5 127.0 210.0 268.1
10.766667 1 344.3 354.0 32.0 41.0
10.766667 1 18.0 33.0 30.0 23.0
10.800000 1 401.1 126.3 215.0 270.9
10.800000 1 345.8 354.0 32.0 40.0
10.800000 1 19.0 33.0 28.0 26.0
10.833333 1 401.5 122.4 215.0 273.9
10.833333 1 344.0 354.0 32.0 47.0
10.833333 1 21.0 33.0 36.0 27.0
10.866667 1 402.0 129.0 218.0 278.0
10.866667 1 352.0 354.0 32.0 33.0
10.866667 1 20.0 32.0 22.0 27.0
