0.000000 1 352.0 210.0 21.0 25.0
0.033333 1 351.7 209.8 21.2 25.4
0.066667 1 351.4 209.7 21.3 25.8
0.100000 1 351.1 209.5 21.5 26.2
0.133333 1 350.8 209.4 21.6 26.5
0.166667 1 350.5 209.2 21.8 26.9
0.200000 1 350.2 209.1 21.9 27.3
0.233333 1 349.8 208.9 22.1 27.7
0.266667 1 349.5 208.8 22.2 28.1
0.300000 1 349.2 208.6 22.4 28.5
0.333333 1 348.9 208.5 22.5 28.8
0.366667 1 348.6 208.3 22.7 29.2
0.400000 1 348.3 208.2 22.8 29.6
0.433333 1 348.0 208.0 23.0 30.0
0.466667 1 347.3 208.5 23.3 29.7
0.500000 1 346.7 209.0 23.5 29.5
0.533333 1 346.0 209.5 23.8 29.2
0.566667 1 345.4 210.0 24.0 29.0
0.600000 1 344.7 210.5 24.3 28.7
0.633333 1 344.1 211.0 24.5 28.5
0.666667 1 343.4 211.5 24.8 28.2
0.700000 1 342.8 212.0 25.0 28.0
0.733333 1 342.1 212.5 25.3 27.7
0.766667 1 341.5 213.0 25.5 27.5
0.800000 1 340.8 213.5 25.8 27.2
0.833333 1 340.2 214.0 26.0 27.0
0.866667 1 339.5 214.5 26.3 26.7
0.900000 1 338.9 215.0 26.5 26.5
0.933333 1 338.2 215.5 26.8 26.2
0.966667 1 337.6 216.0 27.0 26.0
1.000000 1 336.9 216.5 27.3 25.7
1.033333 1 336.3 217.0 27.5 25.5
1.066667 1 335.6 217.5 27.8 25.2
1.100000 1 335.0 218.0 28.0 25.0
1.133333 1 334.3 218.4 27.9 25.0
1.166667 1 333.5 218.9 27.8 25.1
1.200000 1 332.8 219.3 27.7 25.1
1.233333 1 332.0 219.8 27.6 25.2
1.266667 1 331.3 220.2 27.5 25.2
1.300000 1 330.5 220.7 27.4 25.3
1.333333 1 329.8 221.1 27.3 25.3
1.366667 1 329.0 221.6 27.2 25.4
1.400000 1 328.3 222.0 27.1 25.4
1.433333 1 327.5 222.5 27.0 25.5
1.466667 1 326.8 222.9 26.9 25.5
1.500000 1 326.0 223.4 26.8 25.6
1.533333 1 325.3 223.8 26.7 25.6
1.566667 1 324.5 224.3 26.6 25.7
1.600000 1 323.8 224.7 26.5 25.7
1.633333 1 323.0 225.2 26.4 25.8
1.666667 1 322.3 225.6 26.3 25.8
1.700000 1 321.5 226.1 26.2 25.9
1.733333 1 320.8 226.5 26.1 25.9
1.766667 1 320.0 227.0 26.0 26.0
1.800000 1 319.2 227.1 25.7 25.9
1.833333 1 318.5 227.3 25.5 25.9
1.866667 1 317.7 227.4 25.2 25.8
1.900000 1 317.0 227.5 25.0 25.7
1.933333 1 316.2 227.6 24.7 25.7
1.966667 1 315.5 227.8 24.5 25.6
2.000000 1 314.7 227.9 24.2 25.6
2.033333 1 314.0 228.0 24.0 25.5
2.066667 1 313.2 228.1 23.7 25.4
2.100000 1 312.5 228.3 23.5 25.4
2.133333 1 311.7 228.4 23.2 25.3
2.166667 1 311.0 228.5 23.0 25.2
2.200000 1 310.2 228.6 22.7 25.2
2.233333 1 309.5 228.8 22.5 25.1
2.266667 1 308.7 228.9 22.2 25.1
2.300000 1 308.0 229.0 22.0 25.0
2.333333 1 306.9 228.6 22.4 25.0
2.366667 1 305.8 228.1 22.7 25.0
2.400000 1 304.6 227.7 23.1 25.0
2.433333 1 303.5 227.3 23.5 25.0
2.466667 1 302.4 226.8 23.9 25.0
2.500000 1 301.3 226.4 24.2 25.0
2.533333 1 300.1 225.9 24.6 25.0
2.566667 1 299.0 225.5 25.0 25.0
2.600000 1 297.9 225.1 25.4 25.0
2.633333 1 296.8 224.6 25.7 25.0
2.666667 1 295.6 224.2 26.1 25.0
2.700000 1 294.5 223.8 26.5 25.0
2.733333 1 293.4 223.3 26.9 25.0
2.766667 1 292.3 222.9 27.2 25.0
2.800000 1 291.1 222.4 27.6 25.0
2.833333 1 290.0 222.0 28.0 25.0
2.866667 1 289.3 221.7 27.8 25.1
2.900000 1 288.6 221.4 27.6 25.1
2.933333 1 287.9 221.1 27.5 25.2
2.966667 1 287.2 220.8 27.3 25.2
3.000000 1 286.5 220.5 27.1 25.3
3.033333 1 285.8 220.2 26.9 25.4
3.066667 1 285.1 219.9 26.8 25.4
3.100000 1 284.4 219.6 26.6 25.5
3.133333 1 283.6 219.4 26.4 25.5
3.166667 1 282.9 219.1 26.2 25.6
3.200000 1 282.2 218.8 26.1 25.6
3.233333 1 281.5 218.5 25.9 25.7
3.266667 1 280.8 218.2 25.7 25.8
3.300000 1 280.1 217.9 25.5 25.8
3.333333 1 279.4 217.6 25.4 25.9
3.366667 1 278.7 217.3 25.2 25.9
3.400000 1 278.0 217.0 25.0 26.0
3.433333 1 277.2 216.7 25.2 26.1
3.466667 1 276.5 216.4 25.4 26.2
3.500000 1 275.7 216.1 25.5 26.4
3.533333 1 274.9 215.8 25.7 26.5
3.566667 1 274.2 215.5 25.9 26.6
3.600000 1 273.4 215.2 26.1 26.7
3.633333 1 272.6 214.9 26.2 26.8
3.666667 1 271.9 214.6 26.4 26.9
3.700000 1 271.1 214.4 26.6 27.1
3.733333 1 270.4 214.1 26.8 27.2
3.766667 1 269.6 213.8 26.9 27.3
3.800000 1 268.8 213.5 27.1 27.4
3.833333 1 268.1 213.2 27.3 27.5
3.866667 1 267.3 212.9 27.5 27.6
3.900000 1 266.5 212.6 27.6 27.8
3.933333 1 265.8 212.3 27.8 27.9
3.966667 1 265.0 212.0 28.0 28.0
4.000000 1 264.2 211.8 28.1 27.9
4.033333 1 263.5 211.6 28.1 27.8
4.066667 1 262.7 211.5 28.2 27.6
4.100000 1 261.9 211.3 28.2 27.5
4.133333 1 261.2 211.1 28.3 27.4
4.166667 1 260.4 210.9 28.4 27.3
4.200000 1 259.6 210.8 28.4 27.2
4.233333 1 258.9 210.6 28.5 27.1
4.266667 1 258.1 210.4 28.5 26.9
4.300000 1 257.4 210.2 28.6 26.8
4.333333 1 256.6 210.1 28.6 26.7
4.366667 1 255.8 209.9 28.7 26.6
4.400000 1 255.1 209.7 28.8 26.5
4.433333 1 254.3 209.5 28.8 26.4
4.466667 1 253.5 209.4 28.9 26.2
4.500000 1 252.8 209.2 28.9 26.1
4.533333 1 252.0 209.0 29.0 26.0
4.566667 1 251.3 209.0 29.0 26.0
4.600000 1 250.5 208.9 29.0 26.0
4.633333 1 249.8 208.9 29.0 26.0
4.666667 1 249.1 208.8 29.0 26.0
4.700000 1 248.3 208.8 29.0 26.0
4.733333 1 247.6 208.8 29.0 26.0
4.766667 1 246.9 208.7 29.0 26.0
4.800000 1 246.2 208.7 29.0 26.0
4.833333 1 245.4 208.7 29.0 26.0
4.866667 1 244.7 208.6 29.0 26.0
4.900000 1 244.0 208.6 29.0 26.0
4.933333 1 243.2 208.5 29.0 26.0
4.966667 1 242.5 208.5 29.0 26.0
5.000000 1 241.8 208.5 29.0 26.0
5.033333 1 241.0 208.4 29.0 26.0
5.066667 1 240.3 208.4 29.0 26.0
5.100000 1 239.6 208.3 29.0 26.0
5.133333 1 238.8 208.3 29.0 26.0
5.166667 1 238.1 208.3 29.0 26.0
5.200000 1 237.4 208.2 29.0 26.0
5.233333 1 236.7 208.2 29.0 26.0
5.266667 1 235.9 208.2 29.0 26.0
5.300000 1 235.2 208.1 29.0 26.0
5.333333 1 234.5 208.1 29.0 26.0
5.366667 1 233.7 208.0 29.0 26.0
5.400000 1 233.0 208.0 29.0 26.0
5.433333 1 232.3 208.2 28.9 26.1
5.466667 1 231.5 208.3 28.9 26.1
5.500000 1 230.8 208.5 28.8 26.2
5.533333 1 230.1 208.6 28.8 26.2
5.566667 1 229.4 208.8 28.7 26.3
5.600000 1 228.6 208.9 28.6 26.4
5.633333 1 227.9 209.1 28.6 26.4
5.666667 1 227.2 209.2 28.5 26.5
5.700000 1 226.5 209.4 28.5 26.5
5.733333 1 225.7 209.5 28.4 26.6
5.766667 1 225.0 209.7 28.3 26.7
5.800000 1 224.3 209.8 28.3 26.7
5.833333 1 223.5 210.0 28.2 26.8
5.866667 1 222.8 210.1 28.2 26.8
5.900000 1 222.1 210.3 28.1 26.9
5.933333 1 221.4 210.4 28.0 27.0
5.966667 1 220.6 210.6 28.0 27.0
6.000000 1 219.9 210.7 27.9 27.1
6.033333 1 219.2 210.9 27.8 27.2
6.066667 1 218.5 211.0 27.8 27.2
6.100000 1 217.7 211.2 27.7 27.3
6.133333 1 217.0 211.3 27.7 27.3
6.166667 1 216.3 211.5 27.6 27.4
6.200000 1 215.5 211.6 27.5 27.5
6.233333 1 214.8 211.8 27.5 27.5
6.266667 1 214.1 211.9 27.4 27.6
6.300000 1 213.4 212.1 27.4 27.6
6.333333 1 212.6 212.2 27.3 27.7
6.366667 1 211.9 212.4 27.2 27.8
6.400000 1 211.2 212.5 27.2 27.8
6.433333 1 210.5 212.7 27.1 27.9
6.466667 1 209.7 212.8 27.1 27.9
6.500000 1 209.0 213.0 27.0 28.0
6.533333 1 208.3 213.5 27.0 27.9
6.566667 1 207.5 213.9 27.0 27.8
6.600000 1 206.8 214.4 27.0 27.7
6.633333 1 206.1 214.8 27.0 27.6
6.666667 1 205.4 215.3 27.0 27.5
6.700000 1 204.6 215.7 27.0 27.5
6.733333 1 203.9 216.2 27.0 27.4
6.766667 1 203.2 216.6 27.0 27.3
6.800000 1 202.5 217.1 27.0 27.2
6.833333 1 201.7 217.5 27.0 27.1
6.866667 1 201.0 218.0 27.0 27.0
6.900000 1 200.2 218.3 27.1 27.0
6.933333 1 199.4 218.7 27.3 27.0
6.966667 1 198.6 219.0 27.4 27.0
7.000000 1 197.8 219.3 27.5 27.0
7.033333 1 197.0 219.7 27.7 27.0
7.066667 1 196.2 220.0 27.8 27.0
7.100000 1 195.4 220.3 27.9 27.0
7.133333 1 194.6 220.7 28.1 27.0
7.166667 1 193.8 221.0 28.2 27.0
7.200000 1 193.0 221.3 28.3 27.0
7.233333 1 192.2 221.7 28.5 27.0
7.266667 1 191.4 222.0 28.6 27.0
7.300000 1 190.6 222.3 28.7 27.0
7.333333 1 189.8 222.7 28.9 27.0
7.366667 1 189.0 223.0 29.0 27.0
7.400000 1 188.2 223.4 29.1 26.8
7.433333 1 187.4 223.7 29.2 26.6
7.466667 1 186.5 224.1 29.4 26.5
7.500000 1 185.7 224.4 29.5 26.3
7.533333 1 184.9 224.8 29.6 26.1
7.566667 1 184.1 225.1 29.7 25.9
7.600000 1 183.2 225.5 29.8 25.8
7.633333 1 182.4 225.8 29.9 25.6
7.666667 1 181.6 226.2 30.1 25.4
7.700000 1 180.8 226.5 30.2 25.2
7.733333 1 179.9 226.9 30.3 25.1
7.766667 1 179.1 227.2 30.4 24.9
7.800000 1 178.3 227.6 30.5 24.7
7.833333 1 177.5 227.9 30.6 24.5
7.866667 1 176.6 228.3 30.8 24.4
7.900000 1 175.8 228.6 30.9 24.2
7.933333 1 175.0 229.0 31.0 24.0
7.966667 1 174.0 229.3 30.9 24.2
8.000000 1 173.0 229.6 30.7 24.4
8.033333 1 172.0 229.9 30.6 24.6
8.066667 1 171.0 230.1 30.4 24.9
8.100000 1 170.0 230.4 30.3 25.1
8.133333 1 169.0 230.7 30.1 25.3
8.166667 1 168.0 231.0 30.0 25.5
8.200000 1 167.0 231.3 29.9 25.7
8.233333 1 166.0 231.6 29.7 25.9
8.266667 1 165.0 231.9 29.6 26.1
8.300000 1 164.0 232.1 29.4 26.4
8.333333 1 163.0 232.4 29.3 26.6
8.366667 1 162.0 232.7 29.1 26.8
8.400000 1 161.0 233.0 29.0 27.0
8.433333 1 159.9 233.6 28.9 26.7
8.466667 1 158.9 234.1 28.9 26.4
8.500000 1 157.8 234.7 28.8 26.1
8.533333 1 156.7 235.3 28.7 25.9
8.566667 1 155.6 235.9 28.6 25.6
8.600000 1 154.6 236.4 28.6 25.3
8.633333 1 153.5 237.0 28.5 25.0
8.666667 1 152.4 237.6 28.4 24.7
8.700000 1 151.4 238.1 28.4 24.4
8.733333 1 150.3 238.7 28.3 24.1
8.766667 1 149.2 239.3 28.2 23.9
8.800000 1 148.1 239.9 28.1 23.6
8.833333 1 147.1 240.4 28.1 23.3
8.866667 1 146.0 241.0 28.0 23.0
8.900000 1 145.1 241.3 27.8 23.1
8.933333 1 144.1 241.6 27.7 23.1
8.966667 1 143.2 241.8 27.5 23.2
9.000000 1 142.2 242.1 27.3 23.2
9.033333 1 141.3 242.4 27.2 23.3
9.066667 1 140.3 242.7 27.0 23.3
9.100000 1 139.4 242.9 26.8 23.4
9.133333 1 138.4 243.2 26.7 23.4
9.166667 1 137.5 243.5 26.5 23.5
9.200000 1 136.6 243.8 26.3 23.6
9.233333 1 135.6 244.1 26.2 23.6
9.266667 1 134.7 244.3 26.0 23.7
9.300000 1 133.7 244.6 25.8 23.7
9.333333 1 132.8 244.9 25.7 23.8
9.366667 1 131.8 245.2 25.5 23.8
9.400000 1 130.9 245.4 25.3 23.9
9.433333 1 129.9 245.7 25.2 23.9
9.466667 1 129.0 246.0 25.0 24.0
9.500000 1 127.8 246.2 25.0 24.0
9.533333 1 126.6 246.3 25.0 24.0
9.566667 1 125.4 246.5 25.0 24.0
9.600000 1 124.2 246.6 25.0 24.0
9.633333 1 123.0 246.8 25.0 24.0
9.666667 1 121.8 246.9 25.0 24.0
9.700000 1 120.7 247.1 25.0 24.0
9.733333 1 119.5 247.2 25.0 24.0
9.766667 1 118.3 247.4 25.0 24.0
9.800000 1 117.1 247.5 25.0 24.0
9.833333 1 115.9 247.7 25.0 24.0
9.866667 1 114.7 247.8 25.0 24.0
9.900000 1 113.5 248.0 25.0 24.0
9.933333 1 112.3 248.2 25.0 24.0
9.966667 1 111.1 248.3 25.0 24.0
10.000000 1 109.9 248.5 25.0 24.0
10.033333 1 108.7 248.6 25.0 24.0
10.066667 1 107.5 248.8 25.0 24.0
10.100000 1 106.3 248.9 25.0 24.0
10.133333 1 105.2 249.1 25.0 24.0
10.166667 1 104.0 249.2 25.0 24.0
10.200000 1 102.8 249.4 25.0 24.0
10.233333 1 101.6 249.5 25.0 24.0
10.266667 1 100.4 249.7 25.0 24.0
10.300000 1 99.2 249.8 25.0 24.0
10.333333 1 98.0 250.0 25.0 24.0
