0.033333 1 325.6 350.6 415.4 447.4
0.033333 1 41.0 35.4 21.0 26.6
0.066667 1 329.0 351.0 419.7 450.0
0.066667 1 42.0 35.0 22.0 24.0
0.100000 1 321.4 351.0 417.1 450.0
0.100000 1 56.0 33.0 32.0 22.0
0.133333 1 332.1 353.0 421.9 454.0
0.133333 1 45.0 31.0 26.0 18.0
0.166667 1 327.7 353.0 423.4 454.0
0.166667 1 49.0 32.0 26.0 19.0
0.200000 1 359.1 331.9 347.0 482.6
0.200000 1 427.7 454.0 29.0 43.0
0.200000 1 38.0 23.0 24.0 19.0
0.233333 1 366.1 335.1 348.0 480.2
0.233333 1 434.0 456.0 29.0 42.0
0.233333 1 31.0 23.0 22.0 15.0
0.266667 1 375.2 331.3 345.0 478.6
0.266667 1 431.9 461.0 27.0 53.0
0.266667 1 33.0 22.0 29.0 12.0
0.300000 1 384.3 329.6 477.4 440.9
0.300000 1 28.1 67.0 22.3 38.0
0.333333 1 395.0 330.1 477.4 439.5
0.333333 1 27.3 65.0 21.5 38.0
0.366667 1 404.9 343.0 476.7 442.5
0.366667 1 28.0 45.0 22.3 33.3
0.400000 1 415.4 339.1 476.3 439.9
0.400000 1 27.7 47.0 22.0 41.3
0.433333 1 425.6 340.6 475.7 441.8
0.433333 1 28.0 47.0 22.3 39.4
0.466667 1 436.4 342.0 475.3 443.9
0.466667 1 27.7 48.0 21.9 40.2
0.500000 1 73.9 447.0 333.3 280.6
0.500000 1 474.3 440.4 44.9 28.5
0.500000 1 70.5 25.2 22.7 40.5
0.533333 1 77.1 458.9 339.9 287.4
0.533333 1 474.1 454.2 45.3 28.1
0.533333 1 55.3 25.7 22.4 32.1
0.566667 1 79.8 471.1 337.3 294.1
0.566667 1 474.5 455.7 45.3 27.8
0.566667 1 58.6 25.9 22.0 33.6
0.600000 1 82.1 482.0 337.7 299.2
0.600000 1 474.4 457.2 45.6 27.9
0.600000 1 56.0 26.8 22.1 31.6
0.633333 1 84.0 494.1 340.6 304.2
0.633333 1 475.0 457.9 45.7 27.7
0.633333 1 52.4 26.9 21.9 33.3
0.666667 1 85.9 506.5 341.0 309.4
0.666667 1 475.4 462.4 45.9 27.9
0.666667 1 56.0 27.0 22.0 29.0
0.700000 1 88.0 518.5 360.0 316.4
0.700000 1 475.9 463.1 45.5 27.9
0.700000 1 48.0 26.2 22.0 25.0
0.733333 1 89.5 530.6 359.1 323.0
0.733333 1 476.4 465.3 45.7 28.1
0.733333 1 46.5 26.3 22.2 25.7
0.766667 1 91.1 542.9 359.9 329.1
0.766667 1 477.2 467.7 45.5 28.1
0.766667 1 48.8 26.2 22.1 26.7
0.800000 1 91.9 553.1 359.4 334.8
0.800000 1 478.0 469.2 45.8 28.2
0.800000 1 53.8 26.7 22.2 29.5
0.833333 1 93.1 562.7 369.7 339.6
0.833333 1 478.9 475.7 46.0 28.2
0.833333 1 38.6 26.9 22.1 20.9
0.866667 1 94.3 574.3 372.0 343.5
0.866667 1 480.2 478.0 46.0 28.0
0.866667 1 39.0 26.0 22.0 20.0
0.900000 1 95.4 586.0 347.3 482.0
0.900000 1 45.0 28.0 26.0 22.0
0.933333 1 95.6 352.7 46.3 27.0
0.966667 1 95.9 358.3 47.0 27.6
1.000000 1 96.3 364.1 46.3 26.6
1.033333 1 96.3 369.3 45.9 26.2
1.066667 1 95.9 373.0 46.3 26.3
1.100000 1 95.8 375.7 46.7 26.8
1.133333 1 95.9 379.1 46.5 26.6
1.166667 1 94.8 384.1 47.2 26.0
1.200000 1 94.1 388.5 48.2 26.8
1.233333 1 93.5 393.3 47.8 25.9
1.266667 1 14.0 92.0 337.9 397.0
1.266667 1 28.0 48.0 33.0 26.0
1.300000 1 26.8 99.0 337.2 401.0
1.300000 1 27.8 36.0 33.0 19.0
1.333333 1 7.3 24.5 323.3 336.5
1.333333 1 31.5 41.0 32.0 33.0
1.366667 1 20.3 35.5 86.0 324.5
1.366667 1 336.2 399.0 27.4 41.0
1.366667 1 49.0 27.8 33.0 24.0
1.400000 1 32.2 46.4 83.0 325.2
1.400000 1 335.5 405.0 29.0 41.0
1.400000 1 50.0 24.9 34.0 24.0
1.433333 1 40.5 57.4 83.7 323.7
1.433333 1 335.3 408.3 26.0 42.0
1.433333 1 46.0 26.9 34.0 22.0
1.466667 1 50.5 68.5 92.0 323.0
1.466667 1 335.4 412.0 31.0 41.0
1.466667 1 36.0 29.4 33.0 22.0
1.500000 1 64.3 79.5 91.1 323.0
1.500000 1 335.4 414.7 29.2 41.0
1.500000 1 34.0 27.3 33.0 20.0
1.533333 1 75.7 90.5 90.0 321.5
1.533333 1 335.4 417.0 32.1 41.0
1.533333 1 33.0 26.2 33.0 20.0
1.566667 1 83.7 101.8 322.2 335.9
1.566667 1 36.8 40.0 27.5 32.0
1.600000 1 97.6 112.7 321.5 336.0
1.600000 1 27.4 40.0 25.3 32.0
1.633333 1 109.0 122.9 323.0 335.5
1.633333 1 30.2 41.0 22.0 33.0
1.666667 1 118.3 133.5 319.2 335.6
1.666667 1 32.1 41.0 26.1 33.0
1.700000 1 130.1 143.7 320.7 335.7
1.700000 1 30.1 41.0 23.9 34.0
1.733333 1 141.0 154.8 322.2 337.2
1.733333 1 29.0 40.0 20.9 32.0
1.766667 1 151.7 164.5 318.5 336.5
1.766667 1 33.2 41.0 24.5 34.0
1.800000 1 160.2 175.0 318.5 337.5
1.800000 1 29.3 41.0 25.7 33.0
1.833333 1 171.9 184.8 320.0 337.6
1.833333 1 31.8 41.0 24.0 34.0
1.866667 1 181.4 194.8 320.0 338.5
1.866667 1 29.8 41.0 23.9 33.0
1.900000 1 187.7 204.7 320.0 339.3
1.900000 1 34.8 41.0 27.2 33.0
1.933333 1 200.9 214.3 321.5 339.9
1.933333 1 39.9 41.2 23.1 33.4
1.966667 1 208.1 223.9 320.0 341.2
1.966667 1 44.2 40.5 27.4 32.5
2.000000 1 217.6 232.9 321.3 342.1
2.000000 1 43.2 40.5 26.3 32.3
2.033333 1 227.1 241.8 322.6 343.1
2.033333 1 41.5 40.6 25.6 32.3
2.066667 1 233.8 249.8 323.0 343.5
2.066667 1 45.0 41.7 26.8 33.5
2.100000 1 239.0 258.8 322.9 345.2
2.100000 1 51.1 40.5 29.4 32.4
2.133333 1 250.5 266.6 325.6 346.1
2.133333 1 43.2 40.7 26.5 32.9
2.166667 1 255.1 273.6 327.4 346.8
2.166667 1 48.9 41.9 25.5 34.0
2.200000 1 262.3 281.2 327.6 348.8
2.200000 1 48.1 41.2 28.2 32.9
2.233333 1 272.2 288.5 330.8 350.1
2.233333 1 41.7 40.8 25.1 33.0
2.266667 1 277.5 294.7 332.8 351.4
2.266667 1 43.5 41.7 24.7 33.4
2.300000 1 285.1 301.8 335.3 353.4
2.300000 1 39.7 40.4 23.6 32.6
2.333333 1 286.0 307.8 337.0 354.9
2.333333 1 49.3 40.9 24.3 32.9
2.366667 1 293.9 313.8 339.8 356.8
2.366667 1 42.5 41.0 22.9 32.6
2.400000 1 294.8 320.1 341.7 358.7
2.400000 1 37.1 40.0 23.4 32.0
2.433333 1 300.7 325.1 346.2 359.8
2.433333 1 37.2 41.0 20.3 33.0
2.466667 1 303.3 330.8 347.7 362.4
2.466667 1 39.8 40.0 21.9 31.0
2.500000 1 303.9 335.5 347.7 364.2
2.500000 1 42.9 40.0 24.7 32.0
2.533333 1 309.8 339.9 350.7 366.0
2.533333 1 34.8 40.0 22.4 32.0
2.566667 1 311.1 345.2 354.5 368.5
2.566667 1 35.8 39.0 22.3 31.0
2.600000 1 311.5 348.6 356.7 369.5
2.600000 1 38.3 41.0 23.3 33.0
2.633333 1 314.0 352.6 357.5 371.4
2.633333 1 35.9 41.0 24.0 33.0
2.666667 1 315.2 356.8 361.2 373.5
2.666667 1 36.9 41.0 23.6 33.0
2.700000 1 318.0 360.3 367.2 375.4
2.700000 1 31.8 42.0 18.5 33.0
2.733333 1 316.5 364.8 367.2 378.4
2.733333 1 40.1 40.0 22.6 31.0
2.766667 1 323.0 367.7 370.2 380.1
2.766667 1 34.4 40.0 19.5 32.0
2.800000 1 322.0 370.8 373.2 382.3
2.800000 1 36.1 40.0 19.8 31.0
2.833333 1 320.7 372.7 372.4 383.5
2.833333 1 40.4 41.0 25.0 33.0
2.866667 1 322.8 376.1 372.4 386.5
2.866667 1 41.3 39.0 25.8 31.0
2.900000 1 314.7 378.1 375.4 388.5
2.900000 1 47.1 40.0 30.4 32.0
2.933333 1 322.3 379.9 377.7 390.6
2.933333 1 44.1 40.0 26.8 32.0
2.966667 1 314.5 380.8 379.9 391.9
2.966667 1 51.8 41.0 31.6 33.0
3.000000 1 321.8 382.9 383.7 395.0
3.000000 1 40.8 40.0 25.8 31.0
3.033333 1 317.6 383.7 387.4 396.9
3.033333 1 48.0 41.0 26.9 32.0
3.066667 1 315.1 385.0 385.9 399.4
3.066667 1 54.3 40.0 31.2 31.0
3.100000 1 307.9 385.7 391.9 401.2
3.100000 1 56.2 40.0 31.6 32.0
3.133333 1 307.8 386.2 392.7 403.7
3.133333 1 61.6 39.0 34.7 31.0
3.166667 1 313.1 386.1 392.7 405.7
3.166667 1 57.0 40.0 33.8 32.0
3.200000 1 316.6 385.9 154.0 395.7
3.200000 1 407.8 429.0 52.7 40.0
3.200000 1 29.0 31.2 32.0 20.0
3.233333 1 316.5 384.4 159.0 397.9
3.233333 1 409.1 426.0 52.9 42.0
3.233333 1 25.0 31.1 33.0 18.0
3.266667 1 161.3 317.3 384.1 422.2
3.266667 1 400.2 411.7 29.0 49.8
3.266667 1 41.0 27.0 29.5 32.0
3.300000 1 166.2 317.9 383.3 420.0
3.300000 1 402.4 413.6 29.0 47.7
3.300000 1 41.0 27.0 28.5 33.0
3.333333 1 171.2 310.0 382.7 417.9
3.333333 1 397.2 416.0 29.0 60.1
3.333333 1 40.0 26.0 39.9 32.0
3.366667 1 176.2 311.9 380.6 415.6
3.366667 1 407.7 417.5 29.0 53.7
3.366667 1 41.0 26.0 29.3 33.0
3.400000 1 181.6 319.0 379.6 413.4
3.400000 1 410.7 420.2 29.0 42.1
3.400000 1 40.0 26.0 25.0 32.0
3.433333 1 186.2 320.7 378.0 410.9
3.433333 1 411.4 422.3 29.0 47.9
3.433333 1 40.0 26.0 24.9 32.0
3.466667 1 191.4 314.3 376.4 408.4
3.466667 1 412.2 424.6 29.0 50.5
3.466667 1 39.0 26.0 30.6 31.0
3.500000 1 195.6 324.6 373.8 405.5
3.500000 1 415.2 426.5 30.0 42.5
3.500000 1 39.0 27.0 23.7 31.0
3.533333 1 201.2 323.9 370.9 403.6
3.533333 1 416.7 428.1 28.0 44.0
3.533333 1 40.0 25.0 24.8 32.0
3.566667 1 206.2 318.1 368.2 401.3
3.566667 1 415.2 430.0 27.0 51.2
3.566667 1 40.0 25.0 31.1 32.0
3.600000 1 210.3 321.5 365.5 397.9
3.600000 1 416.7 431.6 29.0 49.3
3.600000 1 40.0 26.0 31.0 32.0
3.633333 1 214.8 319.4 362.5 394.9
3.633333 1 418.2 433.1 29.0 49.9
3.633333 1 40.0 26.0 32.1 32.0
3.666667 1 219.5 319.1 358.9 392.3
3.666667 1 420.4 434.9 29.0 48.7
3.666667 1 41.0 26.0 31.0 32.0
3.700000 1 224.0 324.0 355.8 389.2
3.700000 1 423.4 436.3 29.0 43.1
3.700000 1 41.0 26.0 27.2 33.0
3.733333 1 229.1 327.2 352.9 386.9
3.733333 1 425.7 438.4 27.0 39.9
3.733333 1 40.0 25.0 25.6 32.0
3.766667 1 233.2 323.1 348.8 383.6
3.766667 1 428.7 439.6 28.0 40.3
3.766667 1 41.0 25.0 26.1 32.0
3.800000 1 237.0 321.5 345.7 380.0
3.800000 1 426.4 441.3 29.0 41.8
3.800000 1 40.0 26.0 32.0 31.0
3.833333 1 241.8 319.6 342.7 377.6
3.833333 1 430.2 442.8 28.0 43.0
3.833333 1 39.0 25.0 27.8 31.0
3.866667 1 245.8 320.8 340.3 374.1
3.866667 1 433.2 445.5 29.0 35.8
3.866667 1 37.0 26.0 25.5 29.0
3.900000 1 250.1 316.1 336.8 371.1
3.900000 1 433.2 446.4 29.0 40.5
3.900000 1 37.0 25.0 29.3 30.0
3.933333 1 254.6 315.9 334.8 368.4
3.933333 1 434.7 448.9 27.0 35.5
3.933333 1 35.0 24.0 26.8 27.0
3.966667 1 258.9 311.0 332.5 365.2
3.966667 1 437.4 451.6 27.6 54.0
3.966667 1 32.8 24.8 27.5 25.4
4.000000 1 262.3 307.7 329.8 361.4
4.000000 1 439.1 453.1 28.8 55.4
4.000000 1 32.1 25.7 27.3 25.0
4.033333 1 265.8 311.0 327.2 357.9
4.033333 1 443.1 454.9 29.4 44.0
4.033333 1 31.6 26.5 22.0 24.4
4.066667 1 270.5 310.0 325.0 355.4
4.066667 1 446.0 457.0 27.0 40.0
4.066667 1 30.0 24.0 19.0 23.0
4.100000 1 273.4 351.1 29.3 26.3
4.133333 1 277.6 348.2 28.5 25.5
4.166667 1 281.3 344.9 27.9 25.0
4.200000 1 284.3 341.1 28.9 25.8
4.233333 1 288.1 338.0 27.8 24.8
4.266667 1 291.1 334.1 28.5 25.6
4.300000 1 294.0 330.3 29.0 26.0
4.333333 1 297.7 327.2 27.8 24.9
4.366667 1 300.0 323.1 28.9 25.9
4.400000 1 302.5 319.1 29.4 26.4
4.433333 1 305.6 315.6 28.6 25.7
4.466667 1 308.7 312.4 27.5 24.6
4.500000 1 310.6 308.0 28.8 25.7
4.533333 1 312.7 304.0 29.5 26.4
4.566667 1 314.8 299.9 30.0 27.0
4.600000 1 317.4 296.4 29.1 26.1
4.633333 1 320.0 293.0 28.0 25.1
4.666667 1 321.9 289.1 28.1 25.2
4.700000 1 323.8 285.1 28.2 25.3
4.733333 1 325.1 280.7 29.3 26.3
4.766667 1 326.7 276.9 29.5 26.4
4.800000 1 328.3 273.0 29.5 26.3
4.833333 1 329.7 268.7 30.1 27.0
4.866667 1 331.3 265.1 29.4 26.3
4.900000 1 332.3 260.8 29.9 26.9
4.933333 1 333.3 256.9 29.9 27.0
4.966667 1 334.4 253.1 29.5 26.6
5.000000 1 335.3 249.1 29.6 26.7
5.033333 1 336.4 245.4 29.1 26.0
5.066667 1 337.1 241.3 29.3 26.2
5.100000 1 337.3 237.0 29.8 26.8
5.133333 1 337.8 233.1 29.6 26.5
5.166667 1 337.9 228.6 30.3 27.2
5.200000 1 337.9 224.4 30.5 27.5
5.233333 1 338.9 220.9 28.6 25.7
5.266667 1 338.9 217.0 28.2 25.2
5.300000 1 338.0 212.0 29.7 26.6
5.333333 1 337.2 207.4 30.5 27.4
5.366667 1 337.5 204.0 28.9 25.8
5.400000 1 336.9 199.8 28.5 25.5
5.433333 1 335.4 194.8 30.2 27.1
5.466667 1 334.8 190.8 29.4 26.4
5.500000 1 334.3 186.9 28.4 25.4
5.533333 1 332.0 181.6 30.4 27.4
5.566667 1 331.5 178.0 28.7 25.7
5.600000 1 329.7 173.2 29.4 26.4
5.633333 1 328.2 168.8 29.2 26.1
5.666667 1 326.7 164.7 28.6 25.5
5.700000 1 324.0 159.7 29.9 26.8
5.733333 1 322.4 155.8 28.7 25.7
5.766667 1 319.3 150.8 30.1 27.1
5.800000 1 317.2 146.9 29.1 26.0
5.833333 1 314.7 142.9 28.4 25.5
5.866667 1 311.3 138.3 29.4 26.3
5.900000 1 307.9 133.8 30.0 26.9
5.933333 1 304.4 129.6 30.1 27.1
5.966667 1 300.9 125.7 30.0 26.9
6.000000 1 297.0 121.6 30.3 27.4
6.033333 1 293.7 118.3 29.3 26.3
6.066667 1 289.9 114.9 28.7 25.8
6.100000 1 285.1 110.7 30.1 27.0
6.133333 1 281.3 108.0 28.7 25.7
6.166667 1 276.8 104.6 28.7 25.8
6.200000 1 272.0 101.3 29.3 26.1
6.233333 1 267.0 98.0 29.7 26.5
6.266667 1 588.0 262.3 486.0 95.2
6.266667 1 32.0 29.5 18.0 26.4
6.300000 1 590.0 258.0 482.0 93.0
6.300000 1 27.0 28.0 22.0 25.0
6.333333 1 586.0 246.0 481.0 85.0
6.333333 1 28.0 43.0 22.0 31.0
6.366667 1 584.0 246.0 480.0 85.0
6.366667 1 31.0 33.0 18.0 26.0
6.400000 1 584.0 236.0 477.0 79.0
6.400000 1 33.0 43.0 21.0 32.0
6.433333 1 583.0 236.0 474.0 79.0
6.433333 1 26.0 28.0 19.0 27.0
6.466667 1 605.0 578.0 228.0 460.0
6.466667 1 471.0 76.0 30.0 31.0
6.466667 1 36.0 21.0 21.0 30.0
6.500000 1 573.9 610.0 228.0 467.6
6.500000 1 456.0 76.0 38.0 19.0
6.500000 1 27.0 29.0 23.0 30.0
6.533333 1 574.2 600.0 216.0 467.7
6.533333 1 450.0 75.0 32.0 29.0
6.533333 1 39.0 24.0 29.0 31.0
6.566667 1 570.8 600.0 216.0 464.3
6.566667 1 450.0 75.0 33.0 26.0
6.566667 1 25.0 26.0 21.0 25.0
6.600000 1 566.1 593.0 212.0 460.9
6.600000 1 443.0 71.0 37.0 33.0
6.600000 1 28.0 28.0 28.0 29.0
6.633333 1 203.1 563.3 593.0 68.8
6.633333 1 458.1 443.0 37.0 37.0
6.633333 1 27.0 32.0 28.0 23.0
6.666667 1 198.6 561.7 587.0 68.1
6.666667 1 457.4 440.0 36.0 33.0
6.666667 1 33.0 31.0 25.0 26.0
6.700000 1 194.4 555.0 587.0 67.7
6.700000 1 452.2 440.0 35.0 40.0
6.700000 1 30.0 30.0 31.0 21.0
6.733333 1 190.1 553.7 584.0 67.6
6.733333 1 451.7 435.0 35.0 35.0
6.733333 1 33.0 29.0 27.0 26.0
6.766667 1 185.3 579.8 550.5 66.3
6.766667 1 433.2 450.1 35.7 33.0
6.766667 1 34.3 31.0 28.2 25.5
6.800000 1 181.4 576.2 545.2 66.7
6.800000 1 430.2 446.4 35.0 32.2
6.800000 1 36.5 29.2 27.4 28.4
6.833333 1 177.0 571.8 538.8 66.1
6.833333 1 426.8 442.5 35.5 32.5
6.833333 1 40.9 29.9 27.7 31.1
6.866667 1 172.5 567.2 535.1 65.3
6.866667 1 423.5 440.5 36.4 32.6
6.866667 1 38.7 31.4 27.7 29.7
6.900000 1 168.6 562.8 530.9 65.3
6.900000 1 420.7 438.1 36.2 31.7
6.900000 1 37.0 31.3 26.7 29.0
6.933333 1 165.4 557.9 523.8 66.2
6.933333 1 417.5 433.8 34.9 31.4
6.933333 1 40.9 29.8 26.4 32.0
6.966667 1 165.1 551.9 519.5 70.3
6.966667 1 413.5 432.0 28.9 32.6
6.966667 1 37.9 21.7 27.8 29.6
7.000000 1 162.0 546.5 513.2 71.1
7.000000 1 410.6 428.7 28.1 31.9
7.000000 1 38.3 21.1 27.0 30.0
7.033333 1 158.9 541.0 506.3 71.5
7.033333 1 407.8 425.3 28.1 31.0
7.033333 1 39.3 21.2 26.0 30.8
7.066667 1 156.2 534.2 499.2 72.4
7.066667 1 404.2 421.9 27.7 31.9
7.066667 1 40.3 20.9 27.0 31.2
7.100000 1 153.5 527.9 493.3 73.2
7.100000 1 401.1 419.8 27.6 31.7
7.100000 1 38.3 20.7 26.7 28.7
7.133333 1 150.3 520.8 485.2 73.6
7.133333 1 397.8 415.4 29.0 32.0
7.133333 1 40.0 21.8 27.0 31.0
7.166667 1 148.4 513.6 480.3 75.0
7.166667 1 394.9 414.1 27.8 31.9
7.166667 1 34.6 20.9 26.9 26.8
7.200000 1 146.0 506.6 470.5 76.0
7.200000 1 391.9 409.4 28.0 31.7
7.200000 1 39.3 21.0 26.7 30.0
7.233333 1 137.0 499.0 463.4 72.0
7.233333 1 389.0 406.5 40.0 31.8
7.233333 1 38.0 27.0 26.8 28.9
7.266667 1 137.0 491.1 456.5 72.0
7.266667 1 386.0 403.7 31.0 32.0
7.266667 1 35.8 28.0 27.1 27.8
7.300000 1 133.0 483.4 448.0 76.0
7.300000 1 383.5 400.2 35.0 31.4
7.300000 1 36.8 24.0 26.5 28.3
7.333333 1 133.0 475.1 440.4 75.0
7.333333 1 380.8 397.7 32.0 31.6
7.333333 1 36.2 26.0 26.6 26.7
7.366667 1 131.0 466.8 432.1 81.0
7.366667 1 378.3 393.8 34.0 31.5
7.366667 1 36.5 20.0 26.4 28.0
7.400000 1 131.0 466.9 432.2 81.0
7.400000 1 378.3 393.8 29.0 31.4
7.400000 1 36.4 27.0 26.4 27.9
7.433333 1 128.0 449.9 415.7 80.0
7.433333 1 373.6 387.5 32.0 31.2
7.433333 1 36.4 28.0 26.2 27.8
7.466667 1 128.0 441.0 409.3 80.0
7.466667 1 371.1 385.9 31.0 31.7
7.466667 1 32.8 28.0 26.6 24.4
7.500000 1 127.0 441.0 409.3 83.0
7.500000 1 371.1 385.9 32.0 31.7
7.500000 1 32.8 25.0 26.6 24.4
7.533333 1 127.0 424.0 393.0 83.0
7.533333 1 367.0 380.0 38.0 31.0
7.533333 1 33.0 36.0 26.0 24.0
7.566667 1 126.0 415.0 83.0 365.0
7.566667 1 39.0 31.0 36.0 25.0
7.600000 1 126.0 378.0 83.0 360.0
7.600000 1 30.0 69.0 34.0 42.0
7.633333 1 121.0 372.0 91.0 364.0
7.633333 1 35.0 56.0 26.0 26.0
7.666667 1 121.0 362.0 91.0 363.0
7.666667 1 35.0 58.0 31.0 29.0
7.700000 1 122.0 365.0 94.0 361.0
7.700000 1 34.0 52.0 28.0 26.0
7.733333 1 120.0 349.0 98.0 356.0
7.733333 1 34.0 59.0 29.0 31.0
7.766667 1 119.0 352.0 100.0 354.0
7.766667 1 37.0 49.0 26.0 32.0
7.800000 1 125.0 338.0 106.0 351.0
7.800000 1 28.0 59.0 23.0 34.0
7.833333 1 122.0 326.0 105.0 349.0
7.833333 1 28.0 50.0 27.0 32.0
7.866667 1 123.0 324.0 106.0 351.0
7.866667 1 30.0 55.0 25.0 27.0
7.900000 1 123.0 316.0 112.0 348.0
7.900000 1 30.0 51.0 23.0 27.0
7.933333 1 121.0 303.0 117.0 344.0
7.933333 1 32.0 52.0 22.0 34.0
7.966667 1 123.0 301.0 115.0 345.0
7.966667 1 33.0 53.0 23.0 28.0
8.000000 1 294.0 340.0 51.0 35.0
8.033333 1 278.1 336.7 53.0 44.0
8.066667 1 278.1 335.2 53.0 44.0
8.100000 1 274.5 335.4 49.0 43.0
8.133333 1 260.7 328.0 46.0 44.0
8.166667 1 259.2 328.0 46.0 44.0
8.200000 1 252.6 329.0 44.0 43.0
8.233333 1 245.1 327.2 46.0 44.0
8.266667 1 238.6 323.5 46.0 43.0
8.300000 1 232.8 324.6 47.0 46.0
8.333333 1 137.3 224.6 148.6 321.8
8.333333 1 30.0 47.0 21.0 47.0
8.366667 1 139.7 217.5 151.6 320.4
8.366667 1 30.0 47.0 22.0 46.0
8.400000 1 142.3 212.2 154.9 322.0
8.400000 1 29.0 48.0 22.0 45.0
8.433333 1 144.6 202.4 157.9 319.0
8.433333 1 30.0 49.0 22.0 45.0
8.466667 1 147.0 195.0 161.2 320.8
8.466667 1 30.0 50.0 22.0 44.0
8.500000 1 149.4 186.3 164.2 318.7
8.500000 1 30.0 50.0 22.0 43.0
8.533333 1 152.5 182.8 167.4 318.8
8.533333 1 30.0 49.0 22.0 41.0
8.566667 1 155.4 173.5 170.9 320.0
8.566667 1 30.0 48.0 22.0 39.0
8.600000 1 158.6 168.2 174.6 320.4
8.600000 1 30.0 49.0 22.0 39.0
8.633333 1 161.6 164.7 177.9 320.9
8.633333 1 30.0 45.0 22.0 35.0
8.666667 1 164.4 584.0 153.2 181.2
8.666667 1 94.0 315.8 30.0 45.0
8.666667 1 46.0 22.0 24.0 38.0
8.700000 1 168.2 581.0 146.7 185.0
8.700000 1 103.0 317.8 29.0 39.0
8.700000 1 46.0 22.0 27.0 38.0
8.733333 1 171.9 573.0 149.1 139.4
8.733333 1 189.0 112.0 314.2 324.0
8.733333 1 29.0 41.0 28.8 48.4
8.733333 1 21.0 28.0 22.8 38.4
8.766667 1 174.4 564.0 143.8 133.4
8.766667 1 191.6 122.0 315.1 324.6
8.766667 1 30.0 48.0 26.2 47.9
8.766667 1 23.0 27.0 19.3 35.9
8.800000 1 178.4 560.0 135.9 126.7
8.800000 1 195.8 132.0 313.3 323.3
8.800000 1 29.0 44.0 28.7 48.4
8.800000 1 21.0 30.0 20.9 36.8
8.833333 1 181.3 544.0 128.5 121.1
8.833333 1 198.7 140.0 311.9 323.4
8.833333 1 30.0 60.0 30.5 47.0
8.833333 1 23.0 32.0 21.8 35.0
8.866667 1 185.0 538.0 122.3 114.9
8.866667 1 202.5 147.0 311.8 325.2
8.866667 1 30.0 62.0 29.4 46.9
8.866667 1 22.0 40.0 19.9 30.0
8.900000 1 188.6 531.0 111.3 106.9
8.900000 1 206.6 160.0 307.1 323.1
8.900000 1 30.0 62.0 38.6 50.2
8.900000 1 21.0 37.0 26.9 32.5
8.933333 1 192.0 537.0 102.4 99.8
8.933333 1 209.8 173.0 304.0 323.2
8.933333 1 30.0 42.0 43.1 51.5
8.933333 1 22.0 24.0 30.5 30.8
8.966667 1 195.3 537.0 98.0 93.1
8.966667 1 213.1 173.0 304.0 323.4
8.966667 1 31.0 33.0 38.4 52.8
8.966667 1 23.0 43.0 27.9 28.9
9.000000 1 199.5 522.0 84.6 84.9
9.000000 1 217.6 192.0 297.4 322.9
9.000000 1 29.0 48.0 52.8 57.3
9.000000 1 21.0 24.0 38.5 28.3
9.033333 1 202.6 522.0 83.7 78.3
9.033333 1 220.4 192.0 300.1 321.5
9.033333 1 30.0 45.0 41.2 58.4
9.033333 1 23.0 38.0 30.0 29.4
9.066667 1 206.6 510.0 80.9 73.5
9.066667 1 224.5 198.0 302.0 321.6
9.066667 1 30.0 57.0 34.3 55.9
9.066667 1 22.0 32.0 23.4 27.6
9.100000 1 210.8 508.0 76.0 68.0
9.100000 1 228.8 208.0 303.0 321.0
9.100000 1 29.0 50.0 32.0 55.0
9.100000 1 21.0 40.0 19.0 27.0
9.133333 1 214.0 501.0 231.8 219.0
9.133333 1 30.0 57.0 22.0 29.0
9.166667 1 217.9 497.0 235.5 227.0
9.166667 1 30.0 52.0 22.0 29.0
9.200000 1 221.6 496.0 239.1 238.0
9.200000 1 30.0 50.0 22.0 23.0
9.233333 1 225.8 492.3 242.9 244.8
9.233333 1 30.0 48.0 22.0 21.9
9.266667 1 230.1 495.3 246.9 244.3
9.266667 1 29.0 42.0 22.0 29.2
9.300000 1 234.3 493.0 250.8 250.1
9.300000 1 29.0 39.0 21.0 35.4
9.333333 1 238.2 486.3 254.7 268.5
9.333333 1 29.0 39.0 21.0 18.0
9.366667 1 242.3 483.3 258.6 273.8
9.366667 1 29.0 43.5 21.0 20.0
9.400000 1 246.5 477.3 262.3 280.1
9.400000 1 29.0 48.0 21.0 20.0
9.433333 1 250.2 463.8 265.8 283.4
9.433333 1 29.0 58.5 22.0 20.0
9.466667 1 253.9 475.0 269.6 291.0
9.466667 1 30.0 36.0 22.0 19.0
9.500000 1 257.6 476.4 273.5 298.3
9.500000 1 30.0 27.0 22.0 19.0
9.533333 1 261.8 474.2 277.6 301.1
9.533333 1 29.0 27.0 21.0 19.0
9.566667 1 266.0 471.9 281.6 305.6
9.566667 1 29.0 28.0 21.0 20.0
9.600000 1 269.6 469.0 285.3 309.9
9.600000 1 29.0 30.0 21.0 21.0
9.633333 1 273.3 465.7 289.6 316.4
9.633333 1 28.0 33.0 20.0 23.0
9.666667 1 275.7 462.5 292.5 315.2
9.666667 1 30.2 34.1 22.5 23.7
9.700000 1 278.9 461.6 296.6 321.5
9.700000 1 30.2 31.9 22.1 21.7
9.733333 1 281.9 459.7 300.3 326.3
9.733333 1 30.2 31.9 22.1 21.8
9.766667 1 285.0 458.0 304.2 330.6
9.766667 1 29.5 32.0 21.8 21.8
9.800000 1 288.0 455.8 308.5 334.3
9.800000 1 28.6 33.3 21.0 23.3
9.833333 1 290.4 454.8 312.4 339.5
9.833333 1 28.3 32.5 20.5 22.3
9.866667 1 292.1 452.7 316.1 344.7
9.866667 1 29.0 33.0 20.8 22.8
9.900000 1 294.1 450.2 319.9 349.8
9.900000 1 28.5 34.9 20.6 23.5
9.933333 1 295.2 447.1 323.0 353.9
9.933333 1 29.5 38.2 22.1 26.2
9.966667 1 297.2 446.3 327.4 359.3
9.966667 1 28.4 37.3 20.7 25.6
10.000000 1 298.1 446.1 331.2 364.5
10.000000 1 28.6 36.0 20.4 24.0
10.033333 1 298.9 445.4 334.5 368.3
10.033333 1 28.7 36.1 21.1 24.1
10.066667 1 299.1 444.5 337.9 372.0
10.066667 1 29.3 36.2 21.5 24.5
10.100000 1 299.2 443.6 341.4 376.5
10.100000 1 29.5 36.1 21.7 24.3
10.133333 1 299.6 442.7 345.1 381.2
10.133333 1 29.0 36.7 21.6 25.1
10.166667 1 299.0 441.6 348.5 385.9
10.166667 1 29.9 37.3 21.8 26.0
10.200000 1 299.3 440.5 352.4 390.9
10.200000 1 28.6 37.8 21.1 26.3
10.233333 1 298.1 440.0 355.6 395.8
10.233333 1 29.7 37.8 21.7 26.3
10.266667 1 297.6 440.1 359.1 400.7
10.266667 1 29.0 36.8 21.5 25.1
10.300000 1 297.2 439.8 363.0 404.4
10.300000 1 28.4 37.2 20.6 25.6
10.333333 1 296.3 439.7 366.4 408.4
10.333333 1 28.3 36.7 20.6 25.6
10.366667 1 295.4 440.7 369.7 413.4
10.366667 1 28.3 35.3 20.8 24.1
10.400000 1 294.5 439.6 373.4 417.6
10.400000 1 28.3 36.1 20.5 25.1
10.433333 1 293.5 439.0 376.7 422.6
10.433333 1 28.2 36.5 20.7 25.2
10.466667 1 292.2 438.1 380.2 426.9
10.466667 1 28.4 38.2 20.3 26.5
10.500000 1 290.7 438.3 383.1 431.8
10.500000 1 28.9 37.7 21.3 25.9
10.533333 1 289.3 438.2 386.1 436.0
10.533333 1 29.3 38.1 21.9 26.3
10.566667 1 288.3 438.6 389.7 440.0
10.566667 1 29.0 37.3 21.2 25.4
10.600000 1 287.5 438.3 393.5 442.9
10.600000 1 28.1 38.1 20.0 26.3
10.633333 1 286.6 439.2 396.7 447.2
10.633333 1 27.7 37.1 20.1 25.1
10.666667 1 285.7 439.9 399.8 452.1
10.666667 1 27.6 36.8 20.2 24.5
10.700000 1 284.2 439.3 402.9 456.1
10.700000 1 28.0 38.2 20.5 26.1
10.733333 1 283.0 440.0 406.0 461.2
10.733333 1 28.3 37.2 20.4 24.6
10.766667 1 281.6 439.6 409.1 464.6
10.766667 1 28.7 39.0 20.6 26.7
10.800000 1 280.8 441.4 412.3 469.0
10.800000 1 28.5 38.0 20.5 25.3
10.833333 1 279.8 442.7 415.4 472.1
10.833333 1 28.4 37.9 20.5 25.2
10.866667 1 279.0 443.6 418.9 475.4
10.866667 1 27.2 37.8 19.4 24.4
10.900000 1 278.0 444.0 422.0 479.0
10.900000 1 27.0 38.2 19.0 24.6
