0.000000 1 21.0 340.0 22.0 23.0
0.033333 1 34.0 338.0 28.0 27.0
0.066667 1 46.0 337.0 23.0 21.0
0.100000 1 55.0 336.0 26.0 25.0
0.133333 1 64.0 335.0 29.0 25.0
0.166667 1 76.0 342.0 29.0 22.0
0.200000 1 89.0 342.0 40.0 29.0
0.233333 1 102.0 342.0 28.0 25.0
0.266667 1 106.0 340.0 41.0 32.0
0.300000 1 119.0 340.0 31.0 26.0
0.333333 1 129.0 341.0 44.0 27.0
0.366667 1 151.0 340.0 26.0 25.0
0.400000 1 153.0 341.0 30.0 24.0
0.433333 1 164.0 342.0 34.0 27.0
0.466667 1 177.0 342.0 36.0 30.0
0.500000 1 186.0 342.0 48.0 31.0
0.533333 1 207.0 345.0 36.0 31.0
0.566667 1 219.0 343.0 30.0 32.0
0.600000 1 230.0 345.0 32.0 26.0
0.633333 1 240.0 341.0 39.0 31.0
0.666667 1 255.0 341.0 38.0 34.0
0.700000 1 268.0 345.0 28.0 28.0
0.733333 1 271.0 350.0 36.0 28.0
0.766667 1 286.0 351.0 32.0 26.0
0.800000 1 305.0 355.0 28.0 22.0
0.833333 1 309.0 355.0 28.0 22.0
0.866667 1 317.0 354.0 35.0 28.0
0.900000 1 327.0 355.0 39.0 23.0
0.933333 1 341.0 354.0 28.0 24.0
0.966667 1 350.0 360.0 37.0 24.0
1.000000 1 363.0 359.0 33.0 26.0
1.033333 1 375.0 364.0 29.0 25.0
1.066667 1 383.0 363.0 28.0 24.0
1.100000 1 394.7 364.9 27.8 23.3
1.133333 1 407.8 362.0 26.0 28.0
1.166667 1 415.0 361.0 23.0 29.0
1.200000 1 429.0 361.0 28.0 32.0
1.233333 1 433.0 361.0 26.0 35.0
1.266667 1 443.0 368.0 32.0 28.0
1.300000 1 459.0 375.0 24.0 24.0
1.333333 1 467.0 375.0 22.0 25.0
1.366667 1 473.0 377.0 32.0 27.0
1.400000 1 485.0 378.0 22.0 22.0
1.433333 1 492.0 377.0 29.0 26.0
1.466667 1 503.0 382.0 22.0 19.0
1.500000 1 508.0 381.0 35.0 25.0
1.533333 1 519.0 384.0 41.0 24.0
1.566667 1 532.0 387.0 27.0 23.0
1.600000 1 540.0 385.0 31.0 32.0
1.633333 1 547.0 384.0 26.0 36.0
1.666667 1 547.0 383.0 43.0 43.0
1.700000 1 567.0 390.0 34.0 31.0
1.733333 1 577.0 390.0 25.0 25.0
1.766667 1 584.0 387.0 33.0 30.0
1.800000 1 404.0 339.0 34.0 34.0
1.833333 1 403.4 340.6 32.7 32.7
1.866667 1 407.7 346.1 22.3 22.3
1.900000 1 406.4 348.2 22.4 22.4
1.933333 1 404.0 349.1 21.7 21.7
1.966667 1 403.7 349.2 17.1 17.1
2.000000 1 397.4 344.3 22.3 22.3
2.033333 1 392.7 339.4 24.7 24.7
2.066667 1 385.2 331.1 31.9 31.9
2.100000 1 386.9 333.0 20.1 20.1
2.133333 1 382.8 330.4 20.3 20.3
2.166667 1 378.0 326.4 22.5 22.5
2.200000 1 373.1 323.6 24.7 24.7
2.233333 1 373.1 319.8 24.6 24.6
2.266667 1 373.9 317.2 26.4 26.4
2.300000 1 372.2 313.6 30.6 30.6
2.333333 1 378.0 313.0 21.0 29.0
2.366667 1 376.0 309.0 33.0 36.0
2.400000 1 375.0 303.0 34.0 42.0
2.433333 1 375.0 303.0 30.0 36.0
2.466667 1 378.0 297.0 27.0 42.0
2.500000 1 376.0 297.0 42.0 39.0
2.533333 1 381.0 291.0 37.0 45.0
2.566667 1 381.0 291.0 36.0 36.0
2.600000 1 381.0 280.0 36.0 47.0
2.633333 1 381.0 279.0 50.0 47.0
2.666667 1 400.0 288.0 31.0 38.0
2.700000 1 400.0 288.0 38.0 31.0
2.733333 1 407.0 283.0 31.0 36.0
2.766667 1 409.0 285.0 32.0 30.0
2.800000 1 407.0 277.0 34.0 37.0
2.833333 1 407.0 277.0 40.0 33.0
2.866667 1 414.0 279.0 33.0 31.0
2.900000 1 414.0 279.0 37.0 27.0
2.933333 1 412.0 272.0 39.0 34.0
2.966667 1 412.0 272.0 34.0 38.0
3.000000 1 411.0 273.0 35.0 36.0
3.033333 1 412.0 273.0 39.0 35.0
3.066667 1 420.0 276.0 31.0 32.0
3.100000 1 420.0 276.0 23.0 30.0
3.133333 1 414.0 278.0 29.0 28.0
3.166667 1 414.0 278.0 30.0 29.0
3.200000 1 403.0 269.0 41.0 38.0
3.233333 1 403.0 269.0 42.0 43.0
3.266667 1 396.0 262.0 48.0 48.0
3.300000 1 396.0 262.0 41.0 44.0
3.333333 1 391.0 261.0 46.0 44.0
3.366667 1 391.0 261.0 25.0 38.0
3.400000 1 384.0 265.0 32.0 34.0
3.433333 1 384.0 265.0 26.0 30.0
3.466667 1 376.0 264.0 34.0 31.0
3.500000 1 375.0 264.0 20.0 30.0
3.533333 1 368.0 267.0 27.0 25.0
3.566667 1 368.0 267.0 25.0 27.0
3.600000 1 359.0 265.0 34.0 29.0
3.633333 1 357.0 264.0 24.0 25.0
3.666667 1 348.0 257.0 32.0 30.0
3.700000 1 347.0 257.0 27.0 29.0
3.733333 1 337.0 255.0 37.0 31.0
3.766667 1 337.0 255.0 26.0 32.0
3.800000 1 334.0 253.0 29.0 34.0
3.833333 1 332.0 253.0 28.0 35.0
3.866667 1 328.1 252.9 27.8 34.8
3.900000 1 323.4 251.0 30.0 37.1
3.933333 1 320.3 249.6 30.6 38.1
3.966667 1 316.2 249.0 30.7 37.8
4.000000 1 314.6 250.3 26.8 33.3
4.033333 1 311.6 248.9 30.1 36.9
4.066667 1 307.9 248.2 29.8 36.3
4.100000 1 304.9 248.8 28.1 34.9
4.133333 1 302.0 249.3 28.8 35.8
4.166667 1 298.1 252.2 32.8 38.6
4.200000 1 296.9 252.4 33.0 38.6
4.233333 1 299.2 253.9 31.4 37.0
4.266667 1 299.8 252.8 32.5 37.6
4.300000 1 304.6 251.6 31.2 36.5
4.333333 1 308.0 247.9 31.1 37.8
4.366667 1 313.4 250.3 25.6 31.9
4.400000 1 468.0 378.0 23.0 22.0
4.433333 1 468.0 375.0 23.0 25.0
4.466667 1 468.0 375.0 28.0 21.0
4.500000 1 468.0 370.0 28.0 26.0
4.533333 1 468.0 370.0 31.0 27.0
4.566667 1 468.0 356.0 31.0 41.0
4.600000 1 468.0 356.0 31.0 32.0
4.633333 1 471.0 356.0 28.0 32.0
4.666667 1 471.0 356.0 28.0 25.0
4.700000 1 465.0 351.0 34.0 30.0
4.733333 1 465.0 351.0 33.0 29.0
4.766667 1 463.0 339.0 35.0 41.0
4.800000 1 463.0 339.0 29.0 34.0
4.833333 1 459.0 332.0 33.0 41.0
4.866667 1 459.0 332.0 30.0 35.0
4.900000 1 455.0 329.0 34.0 38.0
4.933333 1 455.0 329.0 31.0 34.0
4.966667 1 453.0 327.0 33.0 36.0
5.000000 1 453.0 327.0 30.0 34.0
5.033333 1 450.0 321.0 34.0 40.0
5.066667 1 450.0 321.0 30.0 33.0
5.100000 1 449.0 322.0 31.0 32.0
5.133333 1 449.0 322.0 33.0 35.0
5.166667 1 445.0 321.0 37.0 36.0
5.200000 1 445.0 321.0 28.0 31.0
5.233333 1 438.0 315.0 36.0 36.0
5.266667 1 438.0 315.0 36.0 37.0
5.300000 1 435.0 311.0 39.0 41.0
5.333333 1 435.0 311.0 30.0 34.0
5.366667 1 432.0 309.0 34.0 36.0
5.400000 1 432.0 309.0 32.0 33.0
5.433333 1 426.0 307.0 38.0 35.0
5.466667 1 426.0 307.0 34.0 33.0
5.500000 1 423.0 305.0 37.0 35.0
5.533333 1 423.0 305.0 30.0 31.0
5.566667 1 414.0 300.0 40.0 35.0
5.600000 1 414.0 300.0 38.0 32.0
5.633333 1 414.0 298.0 38.0 34.0
5.666667 1 414.0 298.0 30.0 29.0
5.700000 1 405.0 293.0 39.0 34.0
5.733333 1 405.0 293.0 39.0 33.0
5.766667 1 404.0 291.0 40.0 35.0
5.800000 1 404.0 291.0 34.0 33.0
5.833333 1 399.0 294.0 39.0 30.0
5.866667 1 399.0 294.0 29.0 24.0
5.900000 1 398.0 294.0 30.0 24.0
5.933333 1 398.0 294.0 33.0 29.0
5.966667 1 390.0 294.0 41.0 29.0
6.000000 1 390.0 294.0 35.0 30.0
6.033333 1 390.0 304.0 35.0 20.0
6.066667 1 390.0 304.0 26.0 28.0
6.100000 1 382.0 303.0 35.0 29.0
6.133333 1 383.0 303.0 34.0 29.0
6.166667 1 375.0 305.0 42.0 27.0
6.200000 1 375.0 305.0 33.0 31.0
6.233333 1 370.0 307.0 38.0 29.0
6.266667 1 370.0 307.0 31.0 29.0
6.300000 1 360.0 310.0 41.0 26.0
6.333333 1 360.0 310.0 32.0 31.0
6.366667 1 360.0 314.0 30.0 23.0
6.400000 1 361.0 313.0 25.0 30.0
6.433333 1 351.0 319.0 35.0 24.0
6.466667 1 350.0 318.0 30.0 25.0
6.500000 1 342.0 321.0 38.0 22.0
6.533333 1 342.0 321.0 24.0 28.0
6.566667 1 327.0 328.0 39.0 22.0
6.600000 1 327.0 327.0 31.0 29.0
6.633333 1 323.0 331.0 36.0 25.0
6.666667 1 325.0 331.0 24.0 29.0
6.700000 1 318.0 339.0 31.0 21.0
6.733333 1 318.0 339.0 22.0 23.0
6.766667 1 311.0 339.0 29.0 22.0
6.800000 1 311.0 339.0 19.0 29.0
6.833333 1 298.0 344.0 33.0 24.0
6.866667 1 298.0 344.0 27.0 25.0
6.900000 1 289.0 345.0 36.0 24.0
6.933333 1 289.0 345.0 29.0 28.0
6.966667 1 273.0 345.0 45.0 28.0
7.000000 1 273.0 345.0 31.0 30.0
7.033333 1 269.0 347.0 24.0 24.0
7.066667 1 267.0 344.0 23.0 27.0
7.100000 1 258.0 344.0 22.0 27.0
7.133333 1 254.0 342.0 30.0 30.0
7.166667 1 249.0 342.0 23.0 25.0
7.200000 1 244.0 343.0 26.0 28.0
7.233333 1 234.0 338.0 27.0 31.0
7.266667 1 228.0 341.0 28.0 26.0
7.300000 1 225.0 335.0 27.0 29.0
7.333333 1 99.0 129.0 22.0 27.0
7.366667 1 101.0 131.0 25.0 31.0
7.400000 1 104.0 136.0 22.0 29.0
7.433333 1 107.0 139.0 20.0 30.0
7.466667 1 108.0 142.0 27.0 39.0
7.500000 1 112.0 145.0 26.0 37.0
7.533333 1 113.0 152.0 27.0 30.0
7.566667 1 111.0 153.0 30.0 31.0
7.600000 1 118.0 153.0 24.0 34.0
7.633333 1 120.0 158.0 30.0 34.0
7.666667 1 120.0 167.0 25.0 24.0
7.700000 1 119.0 166.0 31.0 29.0
7.733333 1 126.0 174.0 26.0 25.0
7.766667 1 127.0 172.0 25.0 30.0
7.800000 1 130.0 174.0 23.0 25.0
7.833333 1 131.0 177.5 24.0 23.5
7.866667 1 134.0 183.0 21.0 28.0
7.900000 1 132.0 181.0 29.0 28.0
7.933333 1 135.0 182.0 25.0 31.0
7.966667 1 136.0 185.0 29.0 29.0
8.000000 1 139.0 187.0 36.0 37.0
8.033333 1 144.0 196.0 32.0 27.0
8.066667 1 148.0 197.0 26.0 33.0
8.100000 1 150.0 202.0 25.0 26.0
8.133333 1 149.0 201.0 25.0 27.0
8.166667 1 152.0 200.0 28.0 38.0
8.200000 1 156.0 213.0 23.0 20.0
8.233333 1 153.0 211.0 26.0 27.0
8.266667 1 156.0 213.0 31.0 30.0
8.300000 1 158.0 215.0 27.0 28.0
8.333333 1 165.0 220.0 25.0 25.0
8.366667 1 162.0 222.0 29.0 26.0
8.400000 1 162.0 220.0 29.0 30.0
8.433333 1 170.0 229.0 22.0 27.0
8.466667 1 171.0 231.0 21.0 24.0
8.500000 1 169.0 228.0 30.0 33.0
8.533333 1 169.0 233.0 32.0 34.0
8.566667 1 174.0 237.0 27.0 27.0
8.600000 1 180.0 241.0 22.0 27.0
8.633333 1 179.0 247.0 25.0 25.0
8.666667 1 180.0 245.0 27.0 32.0
8.700000 1 186.0 252.0 22.0 25.0
8.733333 1 186.0 251.0 28.0 32.0
8.766667 1 186.0 257.0 28.0 25.0
8.800000 1 186.0 256.0 35.0 35.0
8.833333 1 194.0 264.0 27.0 27.0
8.866667 1 194.0 261.0 32.0 35.0
8.900000 1 196.0 264.0 30.0 32.0
8.933333 1 196.0 264.0 32.0 40.0
8.966667 1 204.0 270.0 24.0 34.0
9.000000 1 204.0 269.0 28.0 31.0
9.033333 1 210.0 270.0 24.0 31.0
9.066667 1 210.0 269.0 33.0 37.0
9.100000 1 214.0 272.0 29.0 34.0
9.133333 1 214.0 270.0 29.0 32.0
9.166667 1 219.0 279.0 24.0 23.0
9.200000 1 219.0 279.0 32.0 32.0
9.233333 1 225.0 279.0 27.0 32.0
9.266667 1 223.0 279.0 34.0 33.0
9.300000 1 228.0 283.0 29.0 29.0
9.333333 1 228.0 283.0 33.0 31.0
9.366667 1 233.0 281.0 28.0 33.0
9.400000 1 233.0 281.0 31.0 34.0
9.433333 1 239.0 289.0 25.0 26.0
9.466667 1 239.0 288.0 31.0 36.0
9.500000 1 235.0 283.0 35.0 41.0
9.533333 1 235.0 282.0 43.0 44.0
9.566667 1 246.0 288.0 33.0 38.0
9.600000 1 246.0 287.0 30.0 38.0
9.633333 1 253.0 295.0 23.0 30.0
9.666667 1 253.0 295.0 32.0 31.0
9.700000 1 258.0 290.0 27.0 36.0
9.733333 1 258.0 290.0 32.0 37.0
9.766667 1 267.0 297.0 23.0 30.0
9.800000 1 267.0 295.0 24.0 27.0
9.833333 1 269.0 297.0 22.0 25.0
9.866667 1 269.0 297.0 28.0 32.0
9.900000 1 271.0 297.0 26.0 32.0
9.933333 1 271.0 297.0 27.0 30.0
9.966667 1 277.0 297.0 21.0 30.0
10.000000 1 277.0 296.0 32.0 34.0
10.033333 1 285.0 300.0 24.0 30.0
10.066667 1 285.0 299.0 30.0 37.0
10.100000 1 285.0 298.0 30.0 38.0
10.133333 1 285.0 298.0 32.0 36.0
10.166667 1 288.0 300.0 29.0 34.0
10.200000 1 288.0 300.0 31.0 33.0
10.233333 1 300.0 308.0 19.0 25.0
10.266667 1 300.0 307.0 20.0 27.0
10.300000 1 303.4 308.7 16.6 24.3
