0.000000 1 96.0 264.0 28.0 27.0
0.033333 1 101.5 262.5 28.0 26.8
0.066667 1 107.0 261.0 28.0 26.5
0.100000 1 112.5 259.5 28.0 26.3
0.133333 1 118.0 258.0 28.0 26.0
0.166667 1 124.1 257.7 28.3 26.3
0.200000 1 130.2 257.5 28.5 26.5
0.233333 1 136.3 257.2 28.8 26.8
0.266667 1 142.4 256.9 29.1 27.1
0.300000 1 148.5 256.6 29.4 27.4
0.333333 1 154.5 256.4 29.6 27.6
0.366667 1 160.6 256.1 29.9 27.9
0.400000 1 166.7 255.8 30.2 28.2
0.433333 1 172.8 255.5 30.5 28.5
0.466667 1 178.9 255.3 30.7 28.7
0.500000 1 185.0 255.0 31.0 29.0
0.533333 1 192.2 255.1 30.5 28.9
0.566667 1 199.5 255.2 30.0 28.8
0.600000 1 206.7 255.4 29.5 28.6
0.633333 1 214.0 255.5 29.0 28.5
0.666667 1 221.2 255.6 28.5 28.4
0.700000 1 228.5 255.7 28.0 28.3
0.733333 1 235.7 255.9 27.5 28.1
0.766667 1 243.0 256.0 27.0 28.0
0.800000 1 249.1 256.0 27.9 28.1
0.833333 1 255.3 256.0 28.7 28.3
0.866667 1 261.4 256.0 29.6 28.4
0.900000 1 267.6 256.0 30.4 28.6
0.933333 1 273.7 256.0 31.3 28.7
0.966667 1 279.9 256.0 32.1 28.9
1.000000 1 286.0 256.0 33.0 29.0
1.033333 1 291.9 256.2 32.4 29.2
1.066667 1 297.7 256.5 31.8 29.5
1.100000 1 303.6 256.7 31.1 29.7
1.133333 1 309.5 257.0 30.5 30.0
1.166667 1 315.4 257.2 29.9 30.2
1.200000 1 321.2 257.5 29.3 30.5
1.233333 1 327.1 257.7 28.6 30.7
1.266667 1 333.0 258.0 28.0 31.0
1.300000 1 15.0 235.0 29.0 26.0
1.333333 1 19.5 236.2 28.0 25.8
1.366667 1 24.0 237.5 27.0 25.5
1.400000 1 28.5 238.7 26.0 25.3
1.433333 1 33.0 240.0 25.0 25.0
1.466667 1 36.2 242.0 26.0 24.2
1.500000 1 39.4 244.0 27.0 23.4
1.533333 1 42.6 246.0 28.0 22.6
1.566667 1 45.8 248.0 29.0 21.8
1.600000 1 49.0 250.0 30.0 21.0
1.633333 1 52.8 251.4 29.4 21.4
1.666667 1 56.6 252.8 28.8 21.8
1.700000 1 60.4 254.2 28.2 22.2
1.733333 1 64.2 255.6 27.6 22.6
1.766667 1 68.0 257.0 27.0 23.0
1.800000 1 72.2 258.8 27.8 22.8
1.833333 1 76.4 260.6 28.6 22.6
1.866667 1 80.6 262.4 29.4 22.4
1.900000 1 84.8 264.2 30.2 22.2
1.933333 1 89.0 266.0 31.0 22.0
1.966667 1 93.0 267.2 30.4 22.0
2.000000 1 97.0 268.4 29.8 22.0
2.033333 1 101.0 269.6 29.2 22.0
2.066667 1 105.0 270.8 28.6 22.0
2.100000 1 109.0 272.0 28.0 22.0
2.133333 1 112.6 272.9 28.0 22.4
2.166667 1 116.1 273.7 28.0 22.9
2.200000 1 119.7 274.6 28.0 23.3
2.233333 1 123.3 275.4 28.0 23.7
2.266667 1 126.9 276.3 28.0 24.1
2.300000 1 130.4 277.1 28.0 24.6
2.333333 1 134.0 278.0 28.0 25.0
2.366667 1 138.0 278.5 27.7 24.7
2.400000 1 142.0 279.0 27.3 24.3
2.433333 1 146.0 279.5 27.0 24.0
2.466667 1 150.0 280.0 26.7 23.7
2.500000 1 154.0 280.5 26.3 23.3
2.533333 1 158.0 281.0 26.0 23.0
2.566667 1 162.5 280.5 26.0 22.8
2.600000 1 167.0 280.0 26.0 22.7
2.633333 1 171.5 279.5 26.0 22.5
2.666667 1 176.0 279.0 26.0 22.3
2.700000 1 180.5 278.5 26.0 22.2
2.733333 1 185.0 278.0 26.0 22.0
2.766667 1 190.2 278.2 25.8 22.4
2.800000 1 195.4 278.4 25.6 22.8
2.833333 1 200.6 278.6 25.4 23.2
2.866667 1 205.8 278.8 25.2 23.6
2.900000 1 211.0 279.0 25.0 24.0
2.933333 1 215.8 278.0 25.5 23.7
2.966667 1 220.7 277.0 26.0 23.3
3.000000 1 225.5 276.0 26.5 23.0
3.033333 1 230.3 275.0 27.0 22.7
3.066667 1 235.2 274.0 27.5 22.3
3.100000 1 240.0 273.0 28.0 22.0
3.133333 1 244.7 272.0 27.3 22.3
3.166667 1 249.3 271.0 26.7 22.7
3.200000 1 254.0 270.0 26.0 23.0
3.233333 1 258.7 269.0 25.3 23.3
3.266667 1 263.3 268.0 24.7 23.7
3.300000 1 268.0 267.0 24.0 24.0
3.333333 1 272.5 267.0 23.9 23.9
3.366667 1 277.0 267.0 23.8 23.8
3.400000 1 281.5 267.0 23.6 23.6
3.433333 1 286.0 267.0 23.5 23.5
3.466667 1 290.5 267.0 23.4 23.4
3.500000 1 295.0 267.0 23.3 23.3
3.533333 1 299.5 267.0 23.1 23.1
3.566667 1 304.0 267.0 23.0 23.0
3.600000 1 308.7 266.7 24.0 23.4
3.633333 1 313.4 266.4 25.0 23.9
3.666667 1 318.1 266.1 26.0 24.3
3.700000 1 322.9 265.9 27.0 24.7
3.733333 1 327.6 265.6 28.0 25.1
3.766667 1 332.3 265.3 29.0 25.6
3.800000 1 337.0 265.0 30.0 26.0
3.833333 1 340.9 265.1 29.9 26.3
3.866667 1 344.7 265.3 29.7 26.6
3.900000 1 348.6 265.4 29.6 26.9
3.933333 1 352.4 265.6 29.4 27.1
3.966667 1 356.3 265.7 29.3 27.4
4.000000 1 360.1 265.9 29.1 27.7
4.033333 1 364.0 266.0 29.0 28.0
4.066667 1 369.0 267.2 28.8 28.3
4.100000 1 374.0 268.3 28.7 28.7
4.133333 1 379.0 269.5 28.5 29.0
4.166667 1 384.0 270.7 28.3 29.3
4.200000 1 389.0 271.8 28.2 29.7
4.233333 1 394.0 273.0 28.0 30.0
4.266667 1 398.5 274.4 27.7 29.8
4.300000 1 403.1 275.7 27.5 29.6
4.333333 1 407.6 277.1 27.2 29.5
4.366667 1 412.2 278.5 26.9 29.3
4.400000 1 416.7 279.8 26.6 29.1
4.433333 1 421.3 281.2 26.4 28.9
4.466667 1 425.8 282.5 26.1 28.7
4.500000 1 430.4 283.9 25.8 28.5
4.533333 1 434.9 285.3 25.5 28.4
4.566667 1 439.5 286.6 25.3 28.2
4.600000 1 444.0 288.0 25.0 28.0
4.633333 1 447.9 289.1 25.0 28.2
4.666667 1 451.8 290.2 25.0 28.4
4.700000 1 455.7 291.3 25.0 28.5
4.733333 1 459.6 292.4 25.0 28.7
4.766667 1 463.5 293.5 25.0 28.9
4.800000 1 467.5 294.5 25.0 29.1
4.833333 1 471.4 295.6 25.0 29.3
4.866667 1 475.3 296.7 25.0 29.5
4.900000 1 479.2 297.8 25.0 29.6
4.933333 1 483.1 298.9 25.0 29.8
4.966667 1 487.0 300.0 25.0 30.0
5.000000 1 490.7 301.0 24.7 29.9
5.033333 1 494.5 302.0 24.5 29.8
5.066667 1 498.2 303.0 24.2 29.7
5.100000 1 501.9 304.0 23.9 29.6
5.133333 1 505.6 305.0 23.6 29.5
5.166667 1 509.4 306.0 23.4 29.5
5.200000 1 513.1 307.0 23.1 29.4
5.233333 1 516.8 308.0 22.8 29.3
5.266667 1 520.5 309.0 22.5 29.2
5.300000 1 524.3 310.0 22.3 29.1
5.333333 1 528.0 311.0 22.0 29.0
5.366667 1 531.8 312.6 22.0 29.1
5.400000 1 535.6 314.1 22.0 29.2
5.433333 1 539.3 315.7 22.0 29.3
5.466667 1 543.1 317.2 22.0 29.4
5.500000 1 546.9 318.8 22.0 29.6
5.533333 1 550.7 320.3 22.0 29.7
5.566667 1 554.4 321.9 22.0 29.8
5.600000 1 558.2 323.4 22.0 29.9
5.633333 1 562.0 325.0 22.0 30.0
5.666667 1 565.9 327.4 22.3 29.9
5.700000 1 569.8 329.8 22.5 29.7
5.733333 1 573.6 332.1 22.8 29.6
5.766667 1 577.5 334.5 23.0 29.5
5.800000 1 581.4 336.9 23.3 29.4
5.833333 1 585.3 339.3 23.5 29.2
5.866667 1 589.1 341.6 23.8 29.1
5.900000 1 593.0 344.0 24.0 29.0
5.933333 1 209.0 325.0 465.0 387.0
5.933333 1 34.0 27.0 24.0 24.0
5.966667 1 209.0 325.5 462.5 382.5
5.966667 1 33.5 25.0 23.5 24.0
6.000000 1 209.0 326.0 460.0 378.0
6.000000 1 33.0 23.0 23.0 24.0
6.033333 1 213.0 328.0 459.7 375.0
6.033333 1 34.7 26.0 22.3 24.3
6.066667 1 217.0 330.0 459.3 372.0
6.066667 1 36.3 29.0 21.7 24.7
6.100000 1 221.0 332.0 459.0 369.0
6.100000 1 38.0 32.0 21.0 25.0
6.133333 1 227.5 338.5 459.2 367.5
6.133333 1 36.5 30.8 20.8 25.2
6.166667 1 234.0 345.0 459.3 366.0
6.166667 1 35.0 29.7 20.7 25.3
6.200000 1 240.5 351.5 459.5 364.5
6.200000 1 33.5 28.5 20.5 25.5
6.233333 1 247.0 358.0 459.7 363.0
6.233333 1 32.0 27.3 20.3 25.7
6.266667 1 253.5 364.5 459.8 361.5
6.266667 1 30.5 26.2 20.2 25.8
6.300000 1 260.0 371.0 460.0 360.0
6.300000 1 29.0 25.0 20.0 26.0
6.333333 1 263.2 373.4 459.3 358.3
6.333333 1 28.0 25.1 20.0 25.7
6.366667 1 266.5 375.9 458.5 356.6
6.366667 1 27.0 25.3 20.0 25.4
6.400000 1 269.7 378.3 457.8 354.9
6.400000 1 26.0 25.4 20.0 25.1
6.433333 1 273.0 380.7 457.0 353.1
6.433333 1 25.0 25.6 20.0 24.9
6.466667 1 273.0 383.1 456.0 351.4
6.466667 1 26.0 25.7 22.0 24.6
6.500000 1 273.8 385.6 453.8 349.7
6.500000 1 26.8 25.9 22.4 24.3
6.533333 1 274.6 388.0 451.6 348.0
6.533333 1 27.6 26.0 22.8 24.0
6.566667 1 275.4 388.7 449.4 344.7
6.566667 1 28.4 26.2 23.2 24.8
6.600000 1 276.2 389.3 447.2 341.3
6.600000 1 29.2 26.3 23.6 25.7
6.633333 1 277.0 390.0 445.0 338.0
6.633333 1 30.0 26.5 24.0 26.5
6.666667 1 277.3 390.7 442.0 334.7
6.666667 1 29.5 26.7 24.5 27.3
6.700000 1 277.5 391.3 439.0 331.3
6.700000 1 29.0 26.8 25.0 28.2
6.733333 1 277.8 392.0 436.0 328.0
6.733333 1 28.5 27.0 25.5 29.0
6.766667 1 278.0 392.3 433.0 324.1
6.766667 1 28.0 26.6 26.0 29.6
6.800000 1 278.3 392.6 430.0 320.3
6.800000 1 27.5 26.1 26.5 30.1
6.833333 1 278.5 392.9 427.0 316.4
6.833333 1 27.0 25.7 27.0 30.7
6.866667 1 278.8 393.1 424.0 312.6
6.866667 1 26.5 25.3 27.5 31.3
6.900000 1 279.0 393.4 421.0 308.7
6.900000 1 26.0 24.9 28.0 31.9
6.933333 1 279.6 393.7 417.5 304.9
6.933333 1 25.9 24.4 27.8 32.4
6.966667 1 280.2 394.0 413.9 301.0
6.966667 1 25.9 24.0 27.6 33.0
7.000000 1 280.7 394.9 410.4 298.0
7.000000 1 25.8 23.9 27.4 32.4
7.033333 1 281.3 395.7 406.9 295.0
7.033333 1 25.8 23.7 27.2 31.9
7.066667 1 281.9 396.6 403.4 292.0
7.066667 1 25.7 23.6 26.9 31.3
7.100000 1 282.5 397.4 399.8 289.0
7.100000 1 25.7 23.4 26.7 30.7
7.133333 1 283.1 398.3 396.3 286.0
7.133333 1 25.6 23.3 26.5 30.1
7.166667 1 283.6 399.1 392.8 283.0
7.166667 1 25.6 23.1 26.3 29.6
7.200000 1 284.2 400.0 389.3 280.0
7.200000 1 25.5 23.0 26.1 29.0
7.233333 1 284.8 401.6 385.7 278.0
7.233333 1 25.5 22.7 25.9 28.0
7.266667 1 285.4 403.1 382.2 276.0
7.266667 1 25.4 22.4 25.7 27.0
7.300000 1 285.9 404.7 378.7 274.0
7.300000 1 25.4 22.1 25.5 26.0
7.333333 1 286.5 406.3 375.2 272.0
7.333333 1 25.3 21.9 25.3 25.0
7.366667 1 287.1 407.9 371.6 270.0
7.366667 1 25.3 21.6 25.1 24.0
7.400000 1 287.7 409.4 368.1 268.0
7.400000 1 25.2 21.3 24.8 23.0
7.433333 1 288.3 411.0 364.6 266.0
7.433333 1 25.2 21.0 24.6 22.0
7.466667 1 288.8 412.6 361.1 263.3
7.466667 1 25.1 21.3 24.4 22.3
7.500000 1 289.4 414.1 357.5 260.7
7.500000 1 25.1 21.7 24.2 22.7
7.533333 1 290.0 415.7 354.0 258.0
7.533333 1 25.0 22.0 24.0 23.0
7.566667 1 290.7 417.2 351.7 255.3
7.566667 1 25.4 22.3 24.1 23.3
7.600000 1 291.4 418.8 349.4 252.7
7.600000 1 25.7 22.7 24.3 23.7
7.633333 1 292.1 420.3 347.1 250.0
7.633333 1 26.1 23.0 24.4 24.0
7.666667 1 292.9 421.9 344.9 247.3
7.666667 1 26.4 23.3 24.6 24.3
7.700000 1 293.6 423.4 342.6 244.7
7.700000 1 26.8 23.7 24.7 24.7
7.733333 1 294.3 425.0 340.3 242.0
7.733333 1 27.1 24.0 24.9 25.0
7.766667 1 295.0 426.4 338.0 240.4
7.766667 1 27.5 24.1 25.0 24.9
7.800000 1 295.7 427.8 335.7 238.7
7.800000 1 27.9 24.3 25.1 24.7
7.833333 1 296.4 429.1 333.4 237.1
7.833333 1 28.2 24.4 25.3 24.6
7.866667 1 297.1 430.5 331.1 235.5
7.866667 1 28.6 24.5 25.4 24.5
7.900000 1 297.9 431.9 328.9 233.9
7.900000 1 28.9 24.6 25.6 24.4
7.933333 1 298.6 433.3 326.6 232.2
7.933333 1 29.3 24.8 25.7 24.2
7.966667 1 299.3 434.6 324.3 230.6
7.966667 1 29.6 24.9 25.9 24.1
8.000000 1 300.0 436.0 322.0 229.0
8.000000 1 30.0 25.0 26.0 24.0
8.033333 1 301.1 437.7 321.4 228.4
8.033333 1 29.7 25.6 26.1 23.6
8.066667 1 302.1 439.3 320.9 227.9
8.066667 1 29.4 26.1 26.3 23.1
8.100000 1 303.2 441.0 320.3 227.3
8.100000 1 29.1 26.7 26.4 22.7
8.133333 1 304.3 442.7 319.7 226.8
8.133333 1 28.9 27.2 26.6 22.2
8.166667 1 305.4 444.3 319.1 226.2
8.166667 1 28.6 27.8 26.7 21.8
8.200000 1 306.4 446.0 318.6 225.7
8.200000 1 28.3 28.3 26.9 21.3
8.233333 1 307.5 447.7 318.0 225.1
8.233333 1 28.0 28.9 27.0 20.9
8.266667 1 308.6 449.3 317.4 224.6
8.266667 1 27.7 29.4 27.1 20.4
8.300000 1 309.6 451.0 316.9 224.0
8.300000 1 27.4 30.0 27.3 20.0
8.333333 1 310.7 453.0 316.3 222.8
8.333333 1 27.1 28.8 27.4 20.8
8.366667 1 311.8 455.0 315.7 221.7
8.366667 1 26.9 27.7 27.6 21.7
8.400000 1 312.9 457.0 315.1 220.5
8.400000 1 26.6 26.5 27.7 22.5
8.433333 1 313.9 459.0 314.6 219.3
8.433333 1 26.3 25.3 27.9 23.3
8.466667 1 315.0 461.0 314.0 218.2
8.466667 1 26.0 24.2 28.0 24.2
8.500000 1 315.9 463.0 313.9 217.0
8.500000 1 26.1 23.0 27.9 25.0
8.533333 1 316.7 464.8 313.7 215.0
8.533333 1 26.3 23.1 27.9 25.1
8.566667 1 317.6 466.7 313.6 213.0
8.566667 1 26.4 23.2 27.8 25.2
8.600000 1 318.4 468.5 313.4 211.0
8.600000 1 26.6 23.3 27.7 25.3
8.633333 1 319.3 470.3 313.3 209.0
8.633333 1 26.7 23.3 27.6 25.3
8.666667 1 320.1 472.2 313.1 207.0
8.666667 1 26.9 23.4 27.6 25.4
8.700000 1 321.0 474.0 313.0 205.0
8.700000 1 27.0 23.5 27.5 25.5
8.733333 1 321.9 475.8 312.9 203.0
8.733333 1 27.1 23.6 27.4 25.6
8.766667 1 322.7 477.7 312.7 201.0
8.766667 1 27.3 23.7 27.4 25.7
8.800000 1 323.6 479.5 312.6 199.0
8.800000 1 27.4 23.8 27.3 25.8
8.833333 1 324.4 481.3 312.4 197.0
8.833333 1 27.6 23.8 27.2 25.8
8.866667 1 325.3 483.2 312.3 195.0
8.866667 1 27.7 23.9 27.1 25.9
8.900000 1 326.1 485.0 312.1 193.0
8.900000 1 27.9 24.0 27.1 26.0
8.933333 1 327.0 487.6 312.0 191.0
8.933333 1 28.0 23.8 27.0 26.2
8.966667 1 329.1 490.2 312.3 189.0
8.966667 1 27.7 23.7 26.5 26.5
9.000000 1 331.2 492.8 312.6 187.0
9.000000 1 27.4 23.5 26.0 26.8
9.033333 1 333.3 495.3 312.9 185.0
9.033333 1 27.1 23.3 25.5 27.0
9.066667 1 335.4 497.9 313.2 183.0
9.066667 1 26.8 23.2 25.0 27.2
9.100000 1 337.5 500.5 313.5 181.0
9.100000 1 26.5 23.0 24.5 27.5
9.133333 1 339.6 503.1 313.8 179.0
9.133333 1 26.2 22.8 24.0 27.8
9.166667 1 341.7 505.7 314.1 177.0
9.166667 1 25.9 22.7 23.5 28.0
9.200000 1 343.8 508.2 314.4 175.0
9.200000 1 25.6 22.5 23.0 28.2
9.233333 1 345.9 510.8 314.7 173.0
9.233333 1 25.3 22.3 22.5 28.5
9.266667 1 348.0 513.4 315.0 171.0
9.266667 1 25.0 22.2 22.0 28.8
9.300000 1 350.5 516.0 313.8 169.0
9.300000 1 25.1 22.0 22.3 29.0
9.333333 1 353.1 519.0 312.6 167.8
9.333333 1 25.2 22.1 22.5 28.7
9.366667 1 355.6 522.0 311.5 166.7
9.366667 1 25.3 22.2 22.8 28.3
9.400000 1 358.2 525.0 310.3 165.5
9.400000 1 25.4 22.3 23.1 28.0
9.433333 1 360.7 528.0 309.1 164.3
9.433333 1 25.5 22.3 23.4 27.7
9.466667 1 363.3 531.0 307.9 163.2
9.466667 1 25.5 22.4 23.6 27.3
9.500000 1 365.8 534.0 306.7 162.0
9.500000 1 25.6 22.5 23.9 27.0
9.533333 1 368.4 537.0 305.5 160.8
9.533333 1 25.7 22.6 24.2 26.7
9.566667 1 370.9 540.0 304.4 159.7
9.566667 1 25.8 22.7 24.5 26.3
9.600000 1 373.5 543.0 303.2 158.5
9.600000 1 25.9 22.8 24.7 26.0
9.633333 1 376.0 546.0 302.0 157.3
9.633333 1 26.0 22.8 25.0 25.7
9.666667 1 378.1 549.0 298.9 156.2
9.666667 1 26.5 22.9 24.7 25.3
9.700000 1 380.3 552.0 295.7 155.0
9.700000 1 27.0 23.0 24.5 25.0
9.733333 1 382.4 555.8 292.6 153.8
9.733333 1 27.5 23.8 24.2 25.7
9.766667 1 384.5 559.6 289.5 152.6
9.766667 1 28.0 24.6 24.0 26.3
9.800000 1 386.6 563.3 286.4 151.3
9.800000 1 28.5 25.3 23.7 27.0
9.833333 1 388.8 567.1 283.2 150.1
9.833333 1 29.0 26.1 23.5 27.7
9.866667 1 390.9 570.9 280.1 148.9
9.866667 1 29.5 26.9 23.2 28.3
9.900000 1 393.0 574.7 277.0 147.7
9.900000 1 30.0 27.7 23.0 29.0
9.933333 1 395.1 578.4 272.1 146.4
9.933333 1 30.2 28.4 24.2 29.7
9.966667 1 397.2 582.2 267.3 145.2
9.966667 1 30.5 29.2 25.5 30.3
10.000000 1 399.4 586.0 262.4 144.0
10.000000 1 30.7 30.0 26.7 31.0
10.033333 1 401.5 591.0 257.5 142.2
10.033333 1 31.0 28.3 28.0 30.8
10.066667 1 403.6 596.0 252.6 140.3
10.066667 1 31.2 26.7 29.2 30.7
10.100000 1 405.7 601.0 247.8 138.5
10.100000 1 31.5 25.0 30.5 30.5
10.133333 1 407.9 606.0 242.9 136.7
10.133333 1 31.7 23.3 31.7 30.3
10.166667 1 410.0 611.0 238.0 134.8
10.166667 1 32.0 21.7 33.0 30.2
10.200000 1 412.5 616.0 234.1 133.0
10.200000 1 32.0 20.0 32.0 30.0
10.233333 1 415.0 230.2 32.3 32.5
10.266667 1 417.5 226.4 32.4 32.2
10.300000 1 420.0 222.5 32.5 32.0
10.333333 1 422.5 218.6 32.6 31.7
10.366667 1 425.0 214.7 32.8 31.5
10.400000 1 427.5 210.9 32.9 31.2
10.433333 1 430.0 207.0 33.0 31.0
10.466667 1 433.1 201.5 33.3 31.0
10.500000 1 436.3 196.0 33.5 31.0
10.533333 1 439.4 190.5 33.8 31.0
10.566667 1 442.5 185.0 34.0 31.0
10.600000 1 445.6 179.5 34.3 31.0
10.633333 1 448.8 174.0 34.5 31.0
10.666667 1 451.9 168.5 34.8 31.0
10.700000 1 455.0 163.0 35.0 31.0
