0.000000 1 509.0 175.0 26.0 22.0
0.033333 1 508.5 175.2 25.8 22.2
0.066667 1 508.0 175.5 25.7 22.3
0.100000 1 507.5 175.7 25.5 22.5
0.133333 1 507.0 176.0 25.3 22.7
0.166667 1 506.5 176.2 25.2 22.8
0.200000 1 506.0 176.5 25.0 23.0
0.233333 1 505.5 176.7 24.8 23.2
0.266667 1 505.0 177.0 24.7 23.3
0.300000 1 504.5 177.2 24.5 23.5
0.333333 1 504.0 177.5 24.3 23.7
0.366667 1 503.5 177.7 24.2 23.8
0.400000 1 503.0 178.0 24.0 24.0
0.433333 1 500.9 178.5 24.1 23.8
0.466667 1 498.8 178.9 24.2 23.7
0.500000 1 496.8 179.4 24.2 23.5
0.533333 1 494.7 179.8 24.3 23.4
0.566667 1 492.6 180.3 24.4 23.2
0.600000 1 490.5 180.8 24.5 23.1
0.633333 1 488.5 181.2 24.5 22.9
0.666667 1 486.4 181.7 24.6 22.8
0.700000 1 484.3 182.2 24.7 22.6
0.733333 1 482.2 182.6 24.8 22.5
0.766667 1 480.2 183.1 24.8 22.3
0.800000 1 478.1 183.5 24.9 22.2
0.833333 1 476.0 184.0 25.0 22.0
0.866667 1 474.5 184.5 24.6 21.9
0.900000 1 472.9 184.9 24.2 21.8
0.933333 1 471.4 185.4 23.8 21.8
0.966667 1 469.8 185.8 23.5 21.7
1.000000 1 468.3 186.3 23.1 21.6
1.033333 1 466.8 186.8 22.7 21.5
1.066667 1 465.2 187.2 22.3 21.5
1.100000 1 463.7 187.7 21.9 21.4
1.133333 1 462.2 188.2 21.5 21.3
1.166667 1 460.6 188.6 21.2 21.2
1.200000 1 459.1 189.1 20.8 21.2
1.233333 1 457.5 189.5 20.4 21.1
1.266667 1 456.0 190.0 20.0 21.0
1.300000 1 453.8 190.2 20.6 21.2
1.333333 1 451.5 190.5 21.2 21.3
1.366667 1 449.3 190.7 21.8 21.5
1.400000 1 447.1 190.9 22.5 21.6
1.433333 1 444.8 191.2 23.1 21.8
1.466667 1 442.6 191.4 23.7 21.9
1.500000 1 440.4 191.6 24.3 22.1
1.533333 1 438.2 191.8 24.9 22.2
1.566667 1 435.9 192.1 25.5 22.4
1.600000 1 433.7 192.3 26.2 22.5
1.633333 1 431.5 192.5 26.8 22.7
1.666667 1 429.2 192.8 27.4 22.8
1.700000 1 427.0 193.0 28.0 23.0
1.733333 1 425.4 193.4 27.9 23.2
1.766667 1 423.9 193.7 27.9 23.4
1.800000 1 422.3 194.1 27.8 23.6
1.833333 1 420.7 194.4 27.7 23.9
1.866667 1 419.1 194.8 27.6 24.1
1.900000 1 417.6 195.1 27.6 24.3
1.933333 1 416.0 195.5 27.5 24.5
1.966667 1 414.4 195.9 27.4 24.7
2.000000 1 412.9 196.2 27.4 24.9
2.033333 1 411.3 196.6 27.3 25.1
2.066667 1 409.7 196.9 27.2 25.4
2.100000 1 408.1 197.3 27.1 25.6
2.133333 1 406.6 197.6 27.1 25.8
2.166667 1 405.0 198.0 27.0 26.0
2.200000 1 403.4 198.5 26.8 25.7
2.233333 1 401.8 199.0 26.5 25.3
2.266667 1 400.3 199.5 26.3 25.0
2.300000 1 398.7 200.0 26.0 24.7
2.333333 1 397.1 200.5 25.8 24.3
2.366667 1 395.5 201.0 25.5 24.0
2.400000 1 393.9 201.5 25.3 23.7
2.433333 1 392.3 202.0 25.0 23.3
2.466667 1 390.8 202.5 24.8 23.0
2.500000 1 389.2 203.0 24.5 22.7
2.533333 1 387.6 203.5 24.3 22.3
2.566667 1 386.0 204.0 24.0 22.0
2.600000 1 384.4 204.4 23.9 22.1
2.633333 1 382.8 204.8 23.9 22.1
2.666667 1 381.2 205.2 23.8 22.2
2.700000 1 379.6 205.6 23.8 22.2
2.733333 1 378.1 206.1 23.7 22.3
2.766667 1 376.5 206.5 23.6 22.4
2.800000 1 374.9 206.9 23.6 22.4
2.833333 1 373.3 207.3 23.5 22.5
2.866667 1 371.7 207.7 23.5 22.5
2.900000 1 370.1 208.1 23.4 22.6
2.933333 1 368.5 208.5 23.4 22.6
2.966667 1 366.9 208.9 23.3 22.7
3.000000 1 365.4 209.4 23.2 22.8
3.033333 1 363.8 209.8 23.2 22.8
3.066667 1 362.2 210.2 23.1 22.9
3.100000 1 360.6 210.6 23.1 22.9
3.133333 1 359.0 211.0 23.0 23.0
3.166667 1 357.5 211.2 23.0 23.1
3.200000 1 356.0 211.4 23.0 23.1
3.233333 1 354.5 211.6 23.0 23.2
3.266667 1 353.0 211.9 23.0 23.3
3.300000 1 351.5 212.1 23.0 23.4
3.333333 1 350.0 212.3 23.0 23.4
3.366667 1 348.5 212.5 23.0 23.5
3.400000 1 347.0 212.7 23.0 23.6
3.433333 1 345.5 212.9 23.0 23.6
3.466667 1 344.0 213.1 23.0 23.7
3.500000 1 342.5 213.4 23.0 23.8
3.533333 1 341.0 213.6 23.0 23.9
3.566667 1 339.5 213.8 23.0 23.9
3.600000 1 338.0 214.0 23.0 24.0
3.633333 1 336.4 214.4 23.0 23.8
3.666667 1 334.8 214.8 23.0 23.5
3.700000 1 333.2 215.2 23.0 23.3
3.733333 1 331.5 215.5 23.0 23.1
3.766667 1 329.9 215.9 23.0 22.8
3.800000 1 328.3 216.3 23.0 22.6
3.833333 1 326.7 216.7 23.0 22.4
3.866667 1 325.1 217.1 23.0 22.2
3.900000 1 323.5 217.5 23.0 21.9
3.933333 1 321.8 217.8 23.0 21.7
3.966667 1 320.2 218.2 23.0 21.5
4.000000 1 318.6 218.6 23.0 21.2
4.033333 1 317.0 219.0 23.0 21.0
4.066667 1 315.3 219.0 23.5 21.2
4.100000 1 313.5 219.0 24.0 21.3
4.133333 1 311.8 219.0 24.5 21.5
4.166667 1 310.0 219.0 25.0 21.7
4.200000 1 308.3 219.0 25.5 21.8
4.233333 1 306.5 219.0 26.0 22.0
4.266667 1 304.8 219.0 26.5 22.2
4.300000 1 303.0 219.0 27.0 22.3
4.333333 1 301.3 219.0 27.5 22.5
4.366667 1 299.5 219.0 28.0 22.7
4.400000 1 297.8 219.0 28.5 22.8
4.433333 1 296.0 219.0 29.0 23.0
4.466667 1 294.7 219.2 28.9 23.2
4.500000 1 293.4 219.4 28.8 23.4
4.533333 1 292.1 219.6 28.7 23.6
4.566667 1 290.8 219.8 28.6 23.8
4.600000 1 289.5 220.0 28.5 24.0
4.633333 1 288.2 220.2 28.4 24.2
4.666667 1 286.9 220.4 28.3 24.4
4.700000 1 285.6 220.6 28.2 24.6
4.733333 1 284.3 220.8 28.1 24.8
4.766667 1 283.0 221.0 28.0 25.0
4.800000 1 281.6 221.6 27.9 24.8
4.833333 1 280.2 222.2 27.8 24.5
4.866667 1 278.8 222.7 27.8 24.3
4.900000 1 277.3 223.3 27.7 24.0
4.933333 1 275.9 223.9 27.6 23.8
4.966667 1 274.5 224.5 27.5 23.5
5.000000 1 273.1 225.1 27.4 23.3
5.033333 1 271.7 225.7 27.3 23.0
5.066667 1 270.3 226.2 27.3 22.8
5.100000 1 268.8 226.8 27.2 22.5
5.133333 1 267.4 227.4 27.1 22.3
5.166667 1 266.0 228.0 27.0 22.0
5.200000 1 264.8 228.0 26.8 21.9
5.233333 1 263.6 228.0 26.6 21.8
5.266667 1 262.4 228.0 26.4 21.7
5.300000 1 261.2 228.0 26.2 21.6
5.333333 1 260.0 228.0 26.0 21.5
5.366667 1 258.8 228.0 25.8 21.4
5.400000 1 257.6 228.0 25.6 21.3
5.433333 1 256.4 228.0 25.4 21.2
5.466667 1 255.2 228.0 25.2 21.1
5.500000 1 254.0 228.0 25.0 21.0
5.533333 1 252.3 228.3 25.3 20.8
5.566667 1 250.7 228.7 25.7 20.6
5.600000 1 249.0 229.0 26.0 20.3
5.633333 1 247.3 229.3 26.3 20.1
5.666667 1 245.7 229.7 26.7 19.9
5.700000 1 244.0 230.0 27.0 19.7
5.733333 1 242.3 230.3 27.3 19.4
5.766667 1 240.7 230.7 27.7 19.2
5.800000 1 239.0 231.0 28.0 19.0
5.833333 1 237.4 231.1 28.0 18.9
5.866667 1 235.7 231.3 28.0 18.7
5.900000 1 234.1 231.4 28.0 18.6
5.933333 1 232.5 231.5 28.0 18.5
5.966667 1 230.9 231.6 28.0 18.4
6.000000 1 229.2 231.8 28.0 18.2
6.033333 1 227.6 231.9 28.0 18.1
6.066667 1 226.0 232.0 28.0 18.0
6.100000 1 224.9 231.7 27.5 18.4
6.133333 1 223.8 231.4 27.0 18.8
6.166667 1 222.7 231.1 26.5 19.2
6.200000 1 221.6 230.8 26.0 19.6
6.233333 1 220.5 230.5 25.5 20.0
6.266667 1 219.4 230.2 25.0 20.4
6.300000 1 218.3 229.9 24.5 20.8
6.333333 1 217.2 229.6 24.0 21.2
6.366667 1 216.1 229.3 23.5 21.6
6.400000 1 215.0 229.0 23.0 22.0
6.433333 1 213.7 622.0 229.4 207.0
6.433333 1 23.0 16.0 22.0 22.0
6.466667 1 212.4 620.0 229.7 208.0
6.466667 1 23.0 16.0 22.0 23.0
6.500000 1 211.1 617.0 230.1 210.0
6.500000 1 23.0 21.0 22.0 19.0
6.533333 1 209.9 617.0 230.4 211.0
6.533333 1 24.0 18.0 22.0 18.0
6.566667 1 208.6 617.0 230.8 211.0
6.566667 1 24.0 15.0 22.0 18.0
6.600000 1 207.3 617.0 231.1 211.0
6.600000 1 24.0 15.0 22.0 20.0
6.633333 1 206.0 617.0 231.5 211.0
6.633333 1 25.0 15.0 23.0 20.0
6.666667 1 204.7 617.0 231.9 211.0
6.666667 1 25.0 15.0 23.0 23.0
6.700000 1 203.4 608.0 232.2 210.0
6.700000 1 25.0 23.0 23.0 23.0
6.733333 1 202.1 608.0 232.6 210.0
6.733333 1 25.0 19.0 23.0 24.0
6.766667 1 200.9 605.0 232.9 211.0
6.766667 1 26.0 22.0 23.0 23.0
6.800000 1 199.6 605.0 233.3 211.0
6.800000 1 26.0 22.0 23.0 25.0
6.833333 1 198.3 606.0 233.6 214.0
6.833333 1 26.0 21.0 23.0 22.0
6.866667 1 197.0 606.0 234.0 213.0
6.866667 1 27.0 18.0 24.0 22.0
6.900000 1 603.0 197.0 215.0 234.0
6.900000 1 21.0 26.0 20.0 22.0
6.933333 1 603.0 200.0 215.0 234.0
6.933333 1 18.0 20.0 20.0 22.0
6.966667 1 605.0 199.0 215.0 235.0
6.966667 1 16.0 22.0 20.0 21.0
7.000000 1 619.0 210.0 215.0 229.0
7.000000 1 15.0 27.0 19.0 26.0
7.033333 1 233.0 232.0 22.0 23.0
7.066667 1 243.0 235.0 18.0 18.0
7.100000 1 258.0 236.0 23.0 20.0
7.133333 1 283.0 235.0 17.0 19.0
7.166667 1 295.0 233.0 19.0 23.0
7.200000 1 320.0 236.0 16.0 20.0
7.233333 1 338.0 236.0 17.0 21.0
7.266667 1 357.0 234.0 20.0 24.0
7.300000 1 369.0 234.0 15.0 19.0
7.333333 1 387.0 237.0 18.0 19.0
7.366667 1 399.3 230.5 33.7 20.0
7.400000 1 423.0 236.0 20.0 16.0
7.433333 1 427.0 235.0 20.0 20.0
7.466667 1 434.0 232.0 19.0 23.0
7.500000 1 450.0 233.0 31.0 25.0
7.533333 1 439.0 233.0 22.0 19.0
7.566667 1 436.0 232.0 21.0 21.0
7.600000 1 435.0 234.0 21.0 21.0
7.633333 1 435.0 235.0 20.0 20.0
7.666667 1 431.0 238.0 24.0 16.0
7.700000 1 432.0 235.0 21.0 20.0
7.733333 1 430.0 235.0 23.0 18.0
7.766667 1 428.9 235.1 22.8 18.2
7.800000 1 427.8 235.2 22.7 18.5
7.833333 1 426.8 235.3 22.5 18.8
7.866667 1 425.7 235.3 22.3 19.0
7.900000 1 424.6 235.4 22.2 19.2
7.933333 1 423.5 235.5 22.0 19.5
7.966667 1 422.4 235.6 21.8 19.8
8.000000 1 421.3 235.7 21.7 20.0
8.033333 1 420.3 235.8 21.5 20.2
8.066667 1 419.2 235.8 21.3 20.5
8.100000 1 418.1 235.9 21.2 20.8
8.133333 1 417.0 236.0 21.0 21.0
8.166667 1 415.8 236.2 21.5 21.2
8.200000 1 414.6 236.4 22.0 21.4
8.233333 1 413.4 236.6 22.5 21.6
8.266667 1 412.2 236.8 23.0 21.8
8.300000 1 411.0 237.0 23.5 22.0
8.333333 1 409.8 237.2 24.0 22.2
8.366667 1 408.6 237.4 24.5 22.4
8.400000 1 407.4 237.6 25.0 22.6
8.433333 1 406.2 237.8 25.5 22.8
8.466667 1 405.0 238.0 26.0 23.0
8.500000 1 403.9 238.2 26.2 22.8
8.533333 1 402.8 238.4 26.4 22.6
8.566667 1 401.7 238.5 26.5 22.5
8.600000 1 400.6 238.7 26.7 22.3
8.633333 1 399.5 238.9 26.9 22.1
8.666667 1 398.5 239.1 27.1 21.9
8.700000 1 397.4 239.3 27.3 21.7
8.733333 1 396.3 239.5 27.5 21.5
8.766667 1 395.2 239.6 27.6 21.4
8.800000 1 394.1 239.8 27.8 21.2
8.833333 1 393.0 240.0 28.0 21.0
8.866667 1 391.8 240.0 27.8 21.0
8.900000 1 390.7 240.0 27.5 21.0
8.933333 1 389.5 240.0 27.2 21.0
8.966667 1 388.3 240.0 27.0 21.0
9.000000 1 387.2 240.0 26.8 21.0
9.033333 1 386.0 240.0 26.5 21.0
9.066667 1 384.8 240.0 26.2 21.0
9.100000 1 383.7 240.0 26.0 21.0
9.133333 1 382.5 240.0 25.8 21.0
9.166667 1 381.3 240.0 25.5 21.0
9.200000 1 380.2 240.0 25.2 21.0
9.233333 1 379.0 240.0 25.0 21.0
9.266667 1 378.0 240.1 25.0 21.1
9.300000 1 377.0 240.2 25.0 21.2
9.333333 1 376.0 240.3 25.0 21.2
9.366667 1 375.0 240.3 25.0 21.3
9.400000 1 374.0 240.4 25.0 21.4
9.433333 1 373.0 240.5 25.0 21.5
9.466667 1 372.0 240.6 25.0 21.6
9.500000 1 371.0 240.7 25.0 21.7
9.533333 1 370.0 240.8 25.0 21.7
9.566667 1 369.0 240.8 25.0 21.8
9.600000 1 368.0 240.9 25.0 21.9
9.633333 1 367.0 241.0 25.0 22.0
9.666667 1 365.8 241.2 25.2 22.3
9.700000 1 364.7 241.5 25.3 22.6
9.733333 1 363.5 241.7 25.5 22.9
9.766667 1 362.4 241.9 25.6 23.2
9.800000 1 361.2 242.2 25.8 23.5
9.833333 1 360.1 242.4 25.9 23.8
9.866667 1 358.9 242.6 26.1 24.2
9.900000 1 357.8 242.8 26.2 24.5
9.933333 1 356.6 243.1 26.4 24.8
9.966667 1 355.5 243.3 26.5 25.1
10.000000 1 354.3 243.5 26.7 25.4
10.033333 1 353.2 243.8 26.8 25.7
10.066667 1 352.0 244.0 27.0 26.0
10.100000 1 350.9 244.2 26.9 26.1
10.133333 1 349.8 244.5 26.8 26.2
10.166667 1 348.8 244.8 26.8 26.2
10.200000 1 347.7 245.0 26.7 26.3
10.233333 1 346.6 245.2 26.6 26.4
10.266667 1 345.5 245.5 26.5 26.5
10.300000 1 344.4 245.8 26.4 26.6
10.333333 1 343.3 246.0 26.3 26.7
10.366667 1 342.3 246.2 26.3 26.7
10.400000 1 341.2 246.5 26.2 26.8
10.433333 1 340.1 246.8 26.1 26.9
10.466667 1 339.0 247.0 26.0 27.0
10.500000 1 339.5 249.0 23.0 24.0
10.533333 1 340.0 251.0 20.0 21.0
