0.000000 1 215.0 237.0 30.0 27.0
0.033333 1 214.3 236.6 30.0 27.1
0.066667 1 213.7 236.1 30.1 27.1
0.100000 1 213.0 235.7 30.1 27.2
0.133333 1 212.3 235.2 30.2 27.3
0.166667 1 211.6 234.8 30.2 27.4
0.200000 1 211.0 234.3 30.3 27.4
0.233333 1 210.3 233.9 30.3 27.5
0.266667 1 209.6 233.4 30.4 27.6
0.300000 1 208.9 233.0 30.4 27.7
0.333333 1 208.3 232.5 30.5 27.7
0.366667 1 207.6 232.1 30.5 27.8
0.400000 1 206.9 231.6 30.6 27.9
0.433333 1 206.2 231.2 30.6 28.0
0.466667 1 205.6 230.7 30.7 28.0
0.500000 1 204.9 230.3 30.7 28.1
0.533333 1 204.2 229.8 30.8 28.2
0.566667 1 203.5 229.4 30.8 28.3
0.600000 1 202.9 228.9 30.9 28.3
0.633333 1 202.2 228.5 30.9 28.4
0.666667 1 201.5 228.0 31.0 28.5
0.700000 1 200.8 227.6 31.0 28.6
0.733333 1 200.2 227.1 31.1 28.6
0.766667 1 199.5 226.7 31.1 28.7
0.800000 1 198.8 226.2 31.2 28.8
0.833333 1 198.1 225.8 31.2 28.9
0.866667 1 197.5 225.3 31.3 28.9
0.900000 1 196.8 224.9 31.3 29.0
0.933333 1 196.1 224.4 31.4 29.1
0.966667 1 195.4 224.0 31.4 29.2
1.000000 1 194.8 223.5 31.5 29.2
1.033333 1 194.1 223.1 31.5 29.3
1.066667 1 193.4 222.6 31.6 29.4
1.100000 1 192.7 222.2 31.6 29.5
1.133333 1 192.1 221.7 31.7 29.5
1.166667 1 191.4 221.3 31.7 29.6
1.200000 1 190.7 220.8 31.8 29.7
1.233333 1 190.0 220.4 31.8 29.8
1.266667 1 189.4 219.9 31.9 29.8
1.300000 1 188.7 219.5 31.9 29.9
1.333333 1 188.0 219.0 32.0 30.0
1.366667 1 187.3 219.0 31.9 29.9
1.400000 1 186.6 219.0 31.8 29.8
1.433333 1 185.9 219.0 31.7 29.7
1.466667 1 185.1 219.0 31.6 29.6
1.500000 1 184.4 219.0 31.5 29.5
1.533333 1 183.7 219.0 31.4 29.4
1.566667 1 183.0 219.0 31.3 29.3
1.600000 1 182.3 219.0 31.2 29.2
1.633333 1 181.6 219.0 31.1 29.1
1.666667 1 180.9 219.0 31.0 29.0
1.700000 1 180.1 219.0 31.0 29.0
1.733333 1 179.4 219.0 30.9 28.9
1.766667 1 178.7 219.0 30.8 28.8
1.800000 1 178.0 219.0 30.7 28.7
1.833333 1 177.3 219.0 30.6 28.6
1.866667 1 176.6 219.0 30.5 28.5
1.900000 1 175.9 219.0 30.4 28.4
1.933333 1 175.1 219.0 30.3 28.3
1.966667 1 174.4 219.0 30.2 28.2
2.000000 1 173.7 219.0 30.1 28.1
2.033333 1 173.0 219.0 30.0 28.0
2.066667 1 172.2 219.2 30.1 28.1
2.100000 1 171.4 219.4 30.1 28.2
2.133333 1 170.6 219.6 30.2 28.3
2.166667 1 169.8 219.8 30.2 28.4
2.200000 1 169.0 220.0 30.3 28.5
2.233333 1 168.2 220.2 30.3 28.6
2.266667 1 167.4 220.4 30.4 28.7
2.300000 1 166.6 220.6 30.4 28.8
2.333333 1 165.8 220.8 30.5 28.9
2.366667 1 165.0 221.0 30.5 29.0
2.400000 1 164.2 221.2 30.6 29.1
2.433333 1 163.4 221.4 30.6 29.2
2.466667 1 162.6 221.6 30.7 29.3
2.500000 1 161.8 221.8 30.7 29.4
2.533333 1 161.0 222.0 30.8 29.5
2.566667 1 160.2 222.2 30.8 29.6
2.600000 1 159.4 222.4 30.9 29.7
2.633333 1 158.6 222.6 30.9 29.8
2.666667 1 157.8 222.8 31.0 29.9
2.700000 1 157.0 223.0 31.0 30.0
2.733333 1 156.1 223.2 31.0 30.0
2.766667 1 155.1 223.4 31.0 30.0
2.800000 1 154.2 223.6 31.0 30.0
2.833333 1 153.3 223.7 31.0 30.0
2.866667 1 152.3 223.9 31.0 30.0
2.900000 1 151.4 224.1 31.0 30.0
2.933333 1 150.4 224.3 31.0 30.0
2.966667 1 149.5 224.5 31.0 30.0
3.000000 1 148.6 224.7 31.0 30.0
3.033333 1 147.6 224.9 31.0 30.0
3.066667 1 146.7 225.1 31.0 30.0
3.100000 1 145.8 225.2 31.0 30.0
3.133333 1 144.8 225.4 31.0 30.0
3.166667 1 143.9 225.6 31.0 30.0
3.200000 1 142.9 225.8 31.0 30.0
3.233333 1 142.0 226.0 31.0 30.0
3.266667 1 141.3 225.9 30.8 29.9
3.300000 1 140.6 225.8 30.6 29.8
3.333333 1 140.0 225.6 30.4 29.6
3.366667 1 139.3 225.5 30.2 29.5
3.400000 1 138.6 225.4 30.0 29.4
3.433333 1 137.9 225.3 29.8 29.3
3.466667 1 137.2 225.2 29.6 29.2
3.500000 1 136.6 225.0 29.4 29.0
3.533333 1 135.9 224.9 29.2 28.9
3.566667 1 135.2 224.8 29.0 28.8
3.600000 1 134.5 224.7 28.8 28.7
3.633333 1 133.8 224.6 28.6 28.6
3.666667 1 133.2 224.4 28.4 28.4
3.700000 1 132.5 224.3 28.2 28.3
3.733333 1 131.8 224.2 28.0 28.2
3.766667 1 131.1 224.1 27.8 28.1
3.800000 1 130.4 224.0 27.6 28.0
3.833333 1 129.8 223.8 27.4 27.8
3.866667 1 129.1 223.7 27.2 27.7
3.900000 1 128.4 223.6 27.0 27.6
3.933333 1 127.7 223.5 26.8 27.5
3.966667 1 127.0 223.4 26.6 27.4
4.000000 1 126.4 223.2 26.4 27.2
4.033333 1 125.7 223.1 26.2 27.1
4.066667 1 125.0 223.0 26.0 27.0
4.100000 1 124.4 222.7 26.3 26.9
4.133333 1 123.8 222.5 26.5 26.7
4.166667 1 123.2 222.2 26.8 26.6
4.200000 1 122.6 221.9 27.1 26.5
4.233333 1 122.0 221.7 27.3 26.3
4.266667 1 121.4 221.4 27.6 26.2
4.300000 1 120.8 221.1 27.9 26.1
4.333333 1 120.2 220.9 28.1 25.9
4.366667 1 119.6 220.6 28.4 25.8
4.400000 1 119.0 220.3 28.7 25.7
4.433333 1 118.4 220.1 28.9 25.5
4.466667 1 117.8 219.8 29.2 25.4
4.500000 1 117.2 219.5 29.5 25.3
4.533333 1 116.6 219.3 29.7 25.1
4.566667 1 116.0 219.0 30.0 25.0
4.600000 1 115.9 218.8 29.9 25.1
4.633333 1 115.8 218.7 29.9 25.1
4.666667 1 115.7 218.5 29.8 25.2
4.700000 1 115.6 218.3 29.7 25.3
4.733333 1 115.5 218.2 29.7 25.3
4.766667 1 115.4 218.0 29.6 25.4
4.800000 1 115.3 217.8 29.5 25.5
4.833333 1 115.2 217.7 29.5 25.5
4.866667 1 115.1 217.5 29.4 25.6
4.900000 1 115.0 217.3 29.3 25.7
4.933333 1 114.9 217.2 29.3 25.7
4.966667 1 114.8 217.0 29.2 25.8
5.000000 1 114.7 216.8 29.1 25.9
5.033333 1 114.6 216.7 29.1 25.9
5.066667 1 114.5 216.5 29.0 26.0
5.100000 1 114.4 216.3 28.9 26.1
5.133333 1 114.3 216.2 28.9 26.1
5.166667 1 114.2 216.0 28.8 26.2
5.200000 1 114.1 215.8 28.7 26.3
5.233333 1 114.0 215.7 28.7 26.3
5.266667 1 113.9 215.5 28.6 26.4
5.300000 1 113.8 215.3 28.5 26.5
5.333333 1 113.7 215.2 28.5 26.5
5.366667 1 113.6 215.0 28.4 26.6
5.400000 1 113.5 214.8 28.3 26.7
5.433333 1 113.4 214.7 28.3 26.7
5.466667 1 113.3 214.5 28.2 26.8
5.500000 1 113.2 214.3 28.1 26.9
5.533333 1 113.1 214.2 28.1 26.9
5.566667 1 113.0 214.0 28.0 27.0
5.600000 1 112.4 213.8 28.4 27.1
5.633333 1 111.7 213.6 28.8 27.2
5.666667 1 111.1 213.4 29.3 27.3
5.700000 1 110.5 213.2 29.7 27.4
5.733333 1 109.8 212.9 30.1 27.5
5.766667 1 109.2 212.7 30.5 27.6
5.800000 1 108.6 212.5 30.9 27.7
5.833333 1 107.9 212.3 31.4 27.8
5.866667 1 107.3 212.1 31.8 27.9
5.900000 1 106.7 211.9 32.2 28.1
5.933333 1 106.1 211.7 32.6 28.2
5.966667 1 105.4 211.5 33.1 28.3
6.000000 1 104.8 211.3 33.5 28.4
6.033333 1 104.2 211.1 33.9 28.5
6.066667 1 103.5 210.8 34.3 28.6
6.100000 1 102.9 210.6 34.7 28.7
6.133333 1 102.3 210.4 35.2 28.8
6.166667 1 101.6 210.2 35.6 28.9
6.200000 1 101.0 210.0 36.0 29.0
6.233333 1 101.0 210.8 35.6 28.6
6.266667 1 101.0 211.6 35.2 28.2
6.300000 1 101.0 212.4 34.8 27.8
6.333333 1 101.0 213.2 34.4 27.4
6.366667 1 101.0 214.0 34.0 27.0
6.400000 1 102.5 213.5 33.0 27.5
6.433333 1 104.0 213.0 32.0 28.0
6.466667 1 105.5 212.5 31.0 28.5
6.500000 1 107.0 212.0 30.0 29.0
6.533333 1 113.2 211.7 31.0 29.7
6.566667 1 119.3 211.3 32.0 30.3
6.600000 1 125.5 211.0 33.0 31.0
6.633333 1 131.7 210.7 34.0 31.7
6.666667 1 137.8 210.3 35.0 32.3
6.700000 1 144.0 210.0 36.0 33.0
6.733333 1 153.6 210.2 36.8 32.8
6.766667 1 163.2 210.4 37.6 32.6
6.800000 1 172.8 210.6 38.4 32.4
6.833333 1 182.4 210.8 39.2 32.2
6.866667 1 192.0 211.0 40.0 32.0
6.900000 1 202.0 211.4 39.2 31.8
6.933333 1 212.0 211.8 38.4 31.6
6.966667 1 222.0 212.2 37.6 31.4
7.000000 1 232.0 212.6 36.8 31.2
7.033333 1 242.0 213.0 36.0 31.0
7.066667 1 249.5 212.7 35.0 31.0
7.100000 1 257.0 212.3 34.0 31.0
7.133333 1 264.5 212.0 33.0 31.0
7.166667 1 272.0 211.7 32.0 31.0
7.200000 1 279.5 211.3 31.0 31.0
7.233333 1 287.0 211.0 30.0 31.0
7.266667 1 291.8 211.0 29.8 30.8
7.300000 1 296.7 211.0 29.7 30.7
7.333333 1 301.5 211.0 29.5 30.5
7.366667 1 306.3 211.0 29.3 30.3
7.400000 1 311.2 211.0 29.2 30.2
7.433333 1 316.0 211.0 29.0 30.0
7.466667 1 318.4 211.2 29.2 29.1
7.500000 1 320.9 211.4 29.4 28.2
7.533333 1 323.3 211.7 29.7 27.3
7.566667 1 325.8 211.9 29.9 26.4
7.600000 1 328.2 212.1 30.1 25.6
7.633333 1 330.7 212.3 30.3 24.7
7.666667 1 333.1 212.6 30.6 23.8
7.700000 1 335.6 212.8 30.8 22.9
7.733333 1 338.0 213.0 31.0 22.0
7.766667 1 339.0 212.6 30.4 22.7
7.800000 1 340.0 212.2 29.8 23.4
7.833333 1 341.0 211.8 29.2 24.1
7.866667 1 342.0 211.4 28.6 24.8
7.900000 1 343.0 211.0 28.0 25.5
7.933333 1 344.0 210.6 27.4 26.2
7.966667 1 345.0 210.2 26.8 26.9
8.000000 1 346.0 209.8 26.2 27.6
8.033333 1 347.0 209.4 25.6 28.3
8.066667 1 348.0 209.0 25.0 29.0
8.100000 1 348.9 209.4 25.6 28.5
8.133333 1 349.8 209.8 26.3 28.0
8.166667 1 350.6 210.1 26.9 27.5
8.200000 1 351.5 210.5 27.5 27.0
8.233333 1 352.4 210.9 28.1 26.5
8.266667 1 353.3 211.3 28.8 26.0
8.300000 1 354.1 211.6 29.4 25.5
8.333333 1 355.0 212.0 30.0 25.0
8.366667 1 355.9 211.4 29.6 25.7
8.400000 1 356.7 210.9 29.1 26.4
8.433333 1 357.6 210.3 28.7 27.1
8.466667 1 358.4 209.7 28.3 27.9
8.500000 1 359.3 209.1 27.9 28.6
8.533333 1 360.1 208.6 27.4 29.3
8.566667 1 361.0 208.0 27.0 30.0
8.600000 1 360.0 207.9 27.0 29.9
8.633333 1 358.9 207.7 26.9 29.9
8.666667 1 357.9 207.6 26.9 29.8
8.700000 1 356.9 207.4 26.9 29.7
8.733333 1 355.8 207.3 26.8 29.6
8.766667 1 354.8 207.1 26.8 29.6
8.800000 1 353.7 207.0 26.7 29.5
8.833333 1 352.7 206.8 26.7 29.4
8.866667 1 351.7 206.7 26.7 29.3
8.900000 1 350.6 206.5 26.6 29.3
8.933333 1 349.6 206.4 26.6 29.2
8.966667 1 348.6 206.2 26.6 29.1
9.000000 1 347.5 206.1 26.5 29.0
9.033333 1 346.5 205.9 26.5 29.0
9.066667 1 345.4 205.8 26.4 28.9
9.100000 1 344.4 205.6 26.4 28.8
9.133333 1 343.4 205.5 26.4 28.7
9.166667 1 342.3 205.3 26.3 28.7
9.200000 1 341.3 205.2 26.3 28.6
9.233333 1 340.3 205.0 26.3 28.5
9.266667 1 339.2 204.9 26.2 28.4
9.300000 1 338.2 204.7 26.2 28.4
9.333333 1 337.1 204.6 26.1 28.3
9.366667 1 336.1 204.4 26.1 28.2
9.400000 1 335.1 204.3 26.1 28.1
9.433333 1 334.0 204.1 26.0 28.1
9.466667 1 333.0 204.0 26.0 28.0
9.500000 1 331.9 203.5 26.0 28.2
9.533333 1 330.8 202.9 26.1 28.4
9.566667 1 329.7 202.4 26.1 28.6
9.600000 1 328.6 201.9 26.1 28.8
9.633333 1 327.6 201.4 26.1 29.0
9.666667 1 326.5 200.8 26.2 29.2
9.700000 1 325.4 200.3 26.2 29.4
9.733333 1 324.3 199.8 26.2 29.6
9.766667 1 323.2 199.2 26.3 29.9
9.800000 1 322.1 198.7 26.3 30.1
9.833333 1 321.0 198.2 26.3 30.3
9.866667 1 319.9 197.6 26.4 30.5
9.900000 1 318.9 197.1 26.4 30.7
9.933333 1 317.8 196.6 26.4 30.9
9.966667 1 316.7 196.1 26.4 31.1
10.000000 1 315.6 195.5 26.5 31.3
10.033333 1 314.5 195.0 26.5 31.5
10.066667 1 313.4 194.5 26.5 31.7
10.100000 1 312.3 193.9 26.6 31.9
10.133333 1 311.2 193.4 26.6 32.1
10.166667 1 310.1 192.9 26.6 32.3
10.200000 1 309.1 192.4 26.6 32.5
10.233333 1 308.0 191.8 26.7 32.7
10.266667 1 306.9 191.3 26.7 32.9
10.300000 1 305.8 190.8 26.7 33.1
10.333333 1 304.7 190.2 26.8 33.4
10.366667 1 303.6 189.7 26.8 33.6
10.400000 1 302.5 189.2 26.8 33.8
10.433333 1 301.4 188.6 26.9 34.0
10.466667 1 300.4 188.1 26.9 34.2
10.500000 1 299.3 187.6 26.9 34.4
10.533333 1 298.2 187.1 26.9 34.6
10.566667 1 297.1 186.5 27.0 34.8
10.600000 1 296.0 186.0 27.0 35.0
