0.000000 1 349.0 291.0 31.0 32.0
0.033333 1 347.2 290.4 31.6 33.0
0.066667 1 345.4 289.8 32.2 34.0
0.100000 1 343.6 289.2 32.8 35.0
0.133333 1 341.8 288.6 33.4 36.0
0.166667 1 340.0 288.0 34.0 37.0
0.200000 1 337.5 288.1 33.9 36.6
0.233333 1 335.0 288.2 33.8 36.2
0.266667 1 332.5 288.3 33.7 35.7
0.300000 1 330.0 288.3 33.7 35.3
0.333333 1 327.5 288.4 33.6 34.9
0.366667 1 325.0 288.5 33.5 34.5
0.400000 1 322.5 288.6 33.4 34.1
0.433333 1 320.0 288.7 33.3 33.7
0.466667 1 317.5 288.8 33.2 33.2
0.500000 1 315.0 288.8 33.2 32.8
0.533333 1 312.5 288.9 33.1 32.4
0.566667 1 310.0 289.0 33.0 32.0
0.600000 1 307.9 288.4 33.0 32.3
0.633333 1 305.8 287.8 33.0 32.5
0.666667 1 303.7 287.2 33.0 32.8
0.700000 1 301.7 286.7 33.0 33.0
0.733333 1 299.6 286.1 33.0 33.3
0.766667 1 297.5 285.5 33.0 33.5
0.800000 1 295.4 284.9 33.0 33.8
0.833333 1 293.3 284.3 33.0 34.0
0.866667 1 291.2 283.7 33.0 34.3
0.900000 1 289.2 283.2 33.0 34.5
0.933333 1 287.1 282.6 33.0 34.8
0.966667 1 285.0 282.0 33.0 35.0
1.000000 1 282.7 281.8 33.2 34.9
1.033333 1 280.5 281.6 33.4 34.7
1.066667 1 278.2 281.4 33.6 34.6
1.100000 1 275.9 281.2 33.8 34.5
1.133333 1 273.7 281.0 34.0 34.3
1.166667 1 271.4 280.8 34.2 34.2
1.200000 1 269.1 280.6 34.4 34.1
1.233333 1 266.9 280.4 34.6 33.9
1.266667 1 264.6 280.2 34.8 33.8
1.300000 1 262.3 280.0 35.0 33.7
1.333333 1 260.1 279.8 35.2 33.5
1.366667 1 257.8 279.6 35.4 33.4
1.400000 1 255.5 279.4 35.6 33.3
1.433333 1 253.3 279.2 35.8 33.1
1.466667 1 251.0 279.0 36.0 33.0
1.500000 1 248.6 279.0 35.7 33.8
1.533333 1 246.2 279.0 35.5 34.5
1.566667 1 243.9 279.0 35.2 35.3
1.600000 1 241.5 279.0 35.0 36.0
1.633333 1 239.1 279.0 34.7 36.8
1.666667 1 236.7 279.0 34.5 37.5
1.700000 1 234.4 279.0 34.2 38.3
1.733333 1 232.0 279.0 34.0 39.0
1.766667 1 229.4 280.3 33.8 38.1
1.800000 1 226.9 281.7 33.6 37.2
1.833333 1 224.3 283.0 33.3 36.3
1.866667 1 221.8 284.3 33.1 35.4
1.900000 1 219.2 285.7 32.9 34.6
1.933333 1 216.7 287.0 32.7 33.7
1.966667 1 214.1 288.3 32.4 32.8
2.000000 1 211.6 289.7 32.2 31.9
2.033333 1 209.0 291.0 32.0 31.0
2.066667 1 206.0 290.9 32.1 31.2
2.100000 1 203.0 290.8 32.2 31.4
2.133333 1 200.0 290.7 32.3 31.6
2.166667 1 197.0 290.6 32.4 31.8
2.200000 1 194.0 290.5 32.5 32.0
2.233333 1 191.0 290.4 32.6 32.2
2.266667 1 188.0 290.3 32.7 32.4
2.300000 1 185.0 290.2 32.8 32.6
2.333333 1 182.0 290.1 32.9 32.8
2.366667 1 179.0 290.0 33.0 33.0
2.400000 1 176.4 290.6 33.6 33.1
2.433333 1 173.9 291.1 34.1 33.3
2.466667 1 171.3 291.7 34.7 33.4
2.500000 1 168.7 292.3 35.3 33.6
2.533333 1 166.1 292.9 35.9 33.7
2.566667 1 163.6 293.4 36.4 33.9
2.600000 1 161.0 294.0 37.0 34.0
2.633333 1 158.1 293.9 37.1 34.3
2.666667 1 155.2 293.8 37.2 34.6
2.700000 1 152.3 293.7 37.3 34.9
2.733333 1 149.4 293.6 37.4 35.2
2.766667 1 146.5 293.5 37.5 35.5
2.800000 1 143.6 293.4 37.6 35.8
2.833333 1 140.7 293.3 37.7 36.1
2.866667 1 137.8 293.2 37.8 36.4
2.900000 1 134.9 293.1 37.9 36.7
2.933333 1 132.0 293.0 38.0 37.0
2.966667 1 129.6 293.8 37.5 36.2
3.000000 1 127.2 294.5 37.0 35.5
3.033333 1 124.9 295.3 36.5 34.7
3.066667 1 122.5 296.0 36.0 34.0
3.100000 1 120.1 296.8 35.5 33.2
3.133333 1 117.7 297.5 35.0 32.5
3.166667 1 115.4 298.3 34.5 31.7
3.200000 1 113.0 299.0 34.0 31.0
3.233333 1 110.8 299.0 33.9 31.0
3.266667 1 108.5 299.0 33.8 31.0
3.300000 1 106.3 299.0 33.6 31.0
3.333333 1 104.0 299.0 33.5 31.0
3.366667 1 101.8 299.0 33.4 31.0
3.400000 1 99.5 299.0 33.3 31.0
3.433333 1 97.3 299.0 33.1 31.0
3.466667 1 95.0 299.0 33.0 31.0
3.500000 1 92.3 299.4 32.9 31.1
3.533333 1 89.7 299.8 32.9 31.1
3.566667 1 87.0 300.2 32.8 31.2
3.600000 1 84.3 300.6 32.7 31.3
3.633333 1 81.7 301.0 32.7 31.3
3.666667 1 79.0 301.4 32.6 31.4
3.700000 1 76.3 301.8 32.5 31.5
3.733333 1 73.7 302.2 32.5 31.5
3.766667 1 71.0 302.6 32.4 31.6
3.800000 1 68.3 303.0 32.3 31.7
3.833333 1 65.7 303.4 32.3 31.7
3.866667 1 63.0 303.8 32.2 31.8
3.900000 1 60.3 304.2 32.1 31.9
3.933333 1 57.7 304.6 32.1 31.9
3.966667 1 55.0 305.0 32.0 32.0
4.000000 1 52.2 304.9 32.3 31.9
4.033333 1 49.4 304.8 32.5 31.8
4.066667 1 46.5 304.7 32.8 31.7
4.100000 1 43.7 304.6 33.1 31.6
4.133333 1 40.9 304.5 33.4 31.5
4.166667 1 38.1 304.5 33.6 31.5
4.200000 1 35.3 304.4 33.9 31.4
4.233333 1 32.5 304.3 34.2 31.3
4.266667 1 29.6 304.2 34.5 31.2
4.300000 1 26.8 304.1 34.7 31.1
4.333333 1 24.0 304.0 35.0 31.0
4.366667 1 297.0 283.0 40.0 37.0
4.400000 1 296.8 282.9 40.0 36.3
4.433333 1 296.6 282.8 40.0 35.5
4.466667 1 296.5 282.7 40.0 34.8
4.500000 1 296.3 282.6 40.0 34.1
4.533333 1 296.1 282.5 40.0 33.4
4.566667 1 295.9 282.5 40.0 32.6
4.600000 1 295.7 282.4 40.0 31.9
4.633333 1 295.5 282.3 40.0 31.2
4.666667 1 295.4 282.2 40.0 30.5
4.700000 1 295.2 282.1 40.0 29.7
4.733333 1 295.0 282.0 40.0 29.0
4.766667 1 294.1 281.8 39.7 29.0
4.800000 1 293.1 281.7 39.4 29.0
4.833333 1 292.2 281.5 39.1 29.0
4.866667 1 291.2 281.4 38.7 29.0
4.900000 1 290.3 281.2 38.4 29.0
4.933333 1 289.3 281.1 38.1 29.0
4.966667 1 288.4 280.9 37.8 29.0
5.000000 1 287.4 280.7 37.5 29.0
5.033333 1 286.5 280.6 37.2 29.0
5.066667 1 285.5 280.4 36.8 29.0
5.100000 1 284.6 280.3 36.5 29.0
5.133333 1 283.6 280.1 36.2 29.0
5.166667 1 282.7 279.9 35.9 29.0
5.200000 1 281.7 279.8 35.6 29.0
5.233333 1 280.8 279.6 35.3 29.0
5.266667 1 279.8 279.5 34.9 29.0
5.300000 1 278.9 279.3 34.6 29.0
5.333333 1 277.9 279.2 34.3 29.0
5.366667 1 277.0 279.0 34.0 29.0
5.400000 1 275.9 278.8 34.1 29.0
5.433333 1 274.7 278.6 34.1 29.1
5.466667 1 273.6 278.3 34.2 29.1
5.500000 1 272.4 278.1 34.3 29.1
5.533333 1 271.3 277.9 34.4 29.2
5.566667 1 270.1 277.7 34.4 29.2
5.600000 1 269.0 277.4 34.5 29.3
5.633333 1 267.8 277.2 34.6 29.3
5.666667 1 266.7 277.0 34.7 29.3
5.700000 1 265.5 276.8 34.7 29.4
5.733333 1 264.4 276.6 34.8 29.4
5.766667 1 263.2 276.3 34.9 29.4
5.800000 1 262.1 276.1 35.0 29.5
5.833333 1 260.9 275.9 35.0 29.5
5.866667 1 259.8 275.7 35.1 29.6
5.900000 1 258.6 275.4 35.2 29.6
5.933333 1 257.5 275.2 35.3 29.6
5.966667 1 256.3 275.0 35.3 29.7
6.000000 1 255.2 274.8 35.4 29.7
6.033333 1 254.0 274.6 35.5 29.7
6.066667 1 252.9 274.3 35.6 29.8
6.100000 1 251.7 274.1 35.6 29.8
6.133333 1 250.6 273.9 35.7 29.9
6.166667 1 249.4 273.7 35.8 29.9
6.200000 1 248.3 273.4 35.9 29.9
6.233333 1 247.1 273.2 35.9 30.0
6.266667 1 246.0 273.0 36.0 30.0
6.300000 1 245.4 273.0 35.8 30.0
6.333333 1 244.7 273.0 35.7 30.1
6.366667 1 244.1 273.0 35.5 30.1
6.400000 1 243.5 273.0 35.3 30.2
6.433333 1 242.9 273.0 35.2 30.2
6.466667 1 242.2 273.0 35.0 30.3
6.500000 1 241.6 273.0 34.8 30.3
6.533333 1 241.0 273.0 34.7 30.3
6.566667 1 240.4 273.0 34.5 30.4
6.600000 1 239.7 273.0 34.3 30.4
6.633333 1 239.1 273.0 34.2 30.5
6.666667 1 238.5 273.0 34.0 30.5
6.700000 1 237.9 273.0 33.8 30.5
6.733333 1 237.2 273.0 33.7 30.6
6.766667 1 236.6 273.0 33.5 30.6
6.800000 1 236.0 273.0 33.3 30.7
6.833333 1 235.4 273.0 33.2 30.7
6.866667 1 234.7 273.0 33.0 30.8
6.900000 1 234.1 273.0 32.8 30.8
6.933333 1 233.5 273.0 32.7 30.8
6.966667 1 232.9 273.0 32.5 30.9
7.000000 1 232.2 273.0 32.3 30.9
7.033333 1 231.6 273.0 32.2 31.0
7.066667 1 231.0 273.0 32.0 31.0
7.100000 1 229.7 272.8 32.9 31.6
7.133333 1 228.5 272.7 33.9 32.3
7.166667 1 227.2 272.5 34.8 32.9
7.200000 1 225.9 272.4 35.8 33.5
7.233333 1 224.7 272.2 36.7 34.2
7.266667 1 223.4 272.1 37.7 34.8
7.300000 1 222.2 271.9 38.6 35.4
7.333333 1 220.9 271.7 39.6 36.1
7.366667 1 219.6 271.6 40.5 36.7
7.400000 1 218.4 271.4 41.5 37.3
7.433333 1 217.1 271.3 42.4 37.9
7.466667 1 215.8 271.1 43.4 38.6
7.500000 1 214.6 270.9 44.3 39.2
7.533333 1 213.3 270.8 45.3 39.8
7.566667 1 212.1 270.6 46.2 40.5
7.600000 1 210.8 270.5 47.2 41.1
7.633333 1 209.5 270.3 48.1 41.7
7.666667 1 208.3 270.2 49.1 42.4
7.700000 1 207.0 270.0 50.0 43.0
7.733333 1 206.2 270.5 48.9 42.6
7.766667 1 205.4 270.9 47.8 42.3
7.800000 1 204.5 271.4 46.7 41.9
7.833333 1 203.7 271.8 45.6 41.5
7.866667 1 202.9 272.3 44.5 41.2
7.900000 1 202.1 272.7 43.5 40.8
7.933333 1 201.3 273.2 42.4 40.5
7.966667 1 200.5 273.6 41.3 40.1
8.000000 1 199.6 274.1 40.2 39.7
8.033333 1 198.8 274.5 39.1 39.4
8.066667 1 198.0 275.0 38.0 39.0
8.100000 1 197.2 275.4 37.6 38.3
8.133333 1 196.4 275.8 37.2 37.6
8.166667 1 195.6 276.2 36.8 36.9
8.200000 1 194.8 276.6 36.4 36.2
8.233333 1 194.0 277.0 36.0 35.5
8.266667 1 193.2 277.4 35.6 34.8
8.300000 1 192.4 277.8 35.2 34.1
8.333333 1 191.6 278.2 34.8 33.4
8.366667 1 190.8 278.6 34.4 32.7
8.400000 1 190.0 279.0 34.0 32.0
8.433333 1 188.9 279.0 33.9 32.1
8.466667 1 187.8 279.0 33.8 32.3
8.500000 1 186.7 279.0 33.7 32.4
8.533333 1 185.7 279.0 33.7 32.5
8.566667 1 184.6 279.0 33.6 32.6
8.600000 1 183.5 279.0 33.5 32.8
8.633333 1 182.4 279.0 33.4 32.9
8.666667 1 181.3 279.0 33.3 33.0
8.700000 1 180.2 279.0 33.2 33.1
8.733333 1 179.2 279.0 33.2 33.3
8.766667 1 178.1 279.0 33.1 33.4
8.800000 1 177.0 279.0 33.0 33.5
8.833333 1 175.9 279.0 32.9 33.6
8.866667 1 174.8 279.0 32.8 33.8
8.900000 1 173.7 279.0 32.7 33.9
8.933333 1 172.7 279.0 32.7 34.0
8.966667 1 171.6 279.0 32.6 34.1
9.000000 1 170.5 279.0 32.5 34.3
9.033333 1 169.4 279.0 32.4 34.4
9.066667 1 168.3 279.0 32.3 34.5
9.100000 1 167.2 279.0 32.2 34.6
9.133333 1 166.2 279.0 32.2 34.8
9.166667 1 165.1 279.0 32.1 34.9
9.200000 1 164.0 279.0 32.0 35.0
9.233333 1 163.0 278.9 31.7 34.7
9.266667 1 161.9 278.8 31.5 34.5
9.300000 1 160.9 278.7 31.2 34.2
9.333333 1 159.8 278.5 30.9 33.9
9.366667 1 158.8 278.4 30.7 33.7
9.400000 1 157.8 278.3 30.4 33.4
9.433333 1 156.7 278.2 30.1 33.1
9.466667 1 155.7 278.1 29.8 32.8
9.500000 1 154.7 278.0 29.6 32.6
9.533333 1 153.6 277.8 29.3 32.3
9.566667 1 152.6 277.7 29.0 32.0
9.600000 1 151.5 277.6 28.8 31.8
9.633333 1 150.5 277.5 28.5 31.5
9.666667 1 149.5 277.4 28.2 31.2
9.700000 1 148.4 277.3 28.0 31.0
9.733333 1 147.4 277.2 27.7 30.7
9.766667 1 146.3 277.0 27.4 30.4
9.800000 1 145.3 276.9 27.2 30.2
9.833333 1 144.3 276.8 26.9 29.9
9.866667 1 143.2 276.7 26.6 29.6
9.900000 1 142.2 276.6 26.3 29.3
9.933333 1 141.2 276.5 26.1 29.1
9.966667 1 140.1 276.3 25.8 28.8
10.000000 1 139.1 276.2 25.5 28.5
10.033333 1 138.0 276.1 25.3 28.3
10.066667 1 137.0 276.0 25.0 28.0
