0.033333 1 138.0 306.0 39.0 37.0
0.066667 1 151.0 302.0 32.0 34.0
0.100000 1 150.0 302.0 37.0 37.0
0.133333 1 171.0 286.0 33.0 41.0
0.166667 1 183.0 186.0 288.0 350.0
0.166667 1 30.0 24.0 35.0 22.0
0.200000 1 178.4 183.0 343.2 290.0
0.200000 1 37.0 32.0 30.0 34.0
0.233333 1 186.9 202.0 341.5 273.0
0.233333 1 33.0 36.0 27.2 44.0
0.266667 1 192.2 212.9 341.3 268.0
0.266667 1 30.0 35.0 28.1 44.0
0.300000 1 192.3 212.9 341.5 268.0
0.300000 1 30.0 35.0 29.4 44.0
0.333333 1 198.5 233.0 336.2 256.3
0.333333 1 32.0 36.0 28.0 46.0
0.366667 1 202.2 243.7 334.0 251.7
0.366667 1 32.0 36.0 32.4 44.0
0.400000 1 201.8 243.6 333.6 251.5
0.400000 1 33.0 36.0 32.1 44.0
0.433333 1 207.1 265.4 327.1 241.5
0.433333 1 37.3 34.9 45.3 42.9
0.466667 1 214.2 274.4 327.4 234.1
0.466667 1 32.0 38.9 39.6 46.9
0.500000 1 214.2 274.4 327.4 234.1
0.500000 1 32.0 38.9 39.5 46.9
0.533333 1 222.4 295.7 322.6 223.0
0.533333 1 32.0 39.2 39.5 47.5
0.566667 1 226.2 308.2 320.2 219.4
0.566667 1 32.2 35.2 39.9 43.1
0.600000 1 226.4 308.2 320.4 219.5
0.600000 1 31.7 35.2 39.4 43.1
0.633333 1 235.5 330.0 314.6 207.2
0.633333 1 31.6 36.2 39.0 44.2
0.666667 1 238.4 340.6 310.2 200.6
0.666667 1 35.6 37.7 43.8 46.7
0.700000 1 238.3 340.6 310.2 200.6
0.700000 1 35.6 37.7 43.8 46.7
0.733333 1 248.0 362.5 305.2 189.2
0.733333 1 34.9 38.9 43.2 46.8
0.766667 1 251.7 374.1 300.5 182.9
0.766667 1 36.4 37.7 44.7 45.5
0.800000 1 251.7 374.1 300.4 183.0
0.800000 1 36.5 37.7 44.8 45.5
0.833333 1 261.2 396.6 294.1 168.3
0.833333 1 37.0 40.3 45.8 48.6
0.866667 1 268.4 411.4 294.1 164.7
0.866667 1 32.5 34.9 40.3 42.9
0.900000 1 268.4 411.4 294.1 164.7
0.900000 1 32.5 34.9 40.3 42.9
0.933333 1 277.8 436.4 286.6 150.2
0.933333 1 35.0 35.5 42.9 43.6
0.966667 1 283.8 449.3 197.0 284.2
0.966667 1 143.6 354.0 33.0 35.0
0.966667 1 22.0 41.0 43.0 21.0
1.000000 1 283.8 449.3 197.0 284.2
1.000000 1 143.6 354.0 33.0 35.0
1.000000 1 24.0 41.0 43.0 20.0
1.033333 1 295.7 474.4 206.0 278.1
1.033333 1 128.7 348.0 31.0 34.0
1.033333 1 22.0 38.0 42.0 23.0
1.066667 1 301.8 487.5 210.0 275.0
1.066667 1 121.7 346.0 30.0 34.0
1.066667 1 27.0 38.0 42.0 24.0
1.100000 1 301.6 487.5 210.0 274.8
1.100000 1 121.7 346.0 31.0 34.0
1.100000 1 27.0 38.0 42.0 23.0
1.133333 1 310.8 512.4 222.0 264.6
1.133333 1 105.7 344.0 34.0 34.0
1.133333 1 32.0 42.0 43.0 19.0
1.166667 1 315.8 524.2 231.0 260.1
1.166667 1 97.7 339.0 35.0 35.0
1.166667 1 23.0 44.0 43.0 21.0
1.200000 1 315.8 524.2 227.0 260.1
1.200000 1 97.7 336.0 35.0 35.0
1.200000 1 25.0 44.0 43.0 26.0
1.233333 1 330.7 551.7 236.0 254.8
1.233333 1 82.5 328.0 29.0 32.0
1.233333 1 29.0 36.0 40.0 29.0
1.266667 1 336.7 562.7 243.0 250.6
1.266667 1 71.2 323.7 29.0 37.0
1.266667 1 27.0 36.0 46.0 31.5
1.300000 1 336.7 562.7 243.0 250.6
1.300000 1 71.2 325.0 29.0 37.0
1.300000 1 27.0 36.0 46.0 27.0
1.333333 1 254.3 349.5 593.0 317.0
1.333333 1 241.9 57.0 29.0 29.0
1.333333 1 32.0 31.5 36.0 40.0
1.366667 1 260.1 355.8 313.3 237.2
1.366667 1 29.8 29.7 38.6 36.7
1.400000 1 260.1 355.8 313.3 237.3
1.400000 1 29.8 29.7 38.7 36.7
1.433333 1 272.3 368.8 305.9 227.5
1.433333 1 29.7 29.9 38.5 36.9
1.466667 1 278.3 375.7 301.7 222.6
1.466667 1 30.4 29.5 39.3 36.5
1.500000 1 278.3 375.7 301.7 222.6
1.500000 1 30.4 29.5 39.3 36.5
1.533333 1 291.1 389.6 293.8 211.9
1.533333 1 30.0 29.5 38.9 36.6
1.566667 1 297.5 396.7 289.6 206.2
1.566667 1 30.3 29.4 39.1 36.5
1.600000 1 297.5 396.7 289.6 206.2
1.600000 1 30.3 29.4 39.1 36.5
1.633333 1 310.7 411.1 280.8 194.3
1.633333 1 30.4 29.5 39.4 36.6
1.666667 1 317.3 418.3 276.2 188.2
1.666667 1 30.5 29.6 39.2 36.7
1.700000 1 317.3 418.4 276.2 188.2
1.700000 1 30.5 29.6 39.2 36.6
1.733333 1 331.2 433.4 267.0 175.4
1.733333 1 29.9 29.3 38.8 36.3
1.766667 1 338.3 440.9 262.8 168.4
1.766667 1 29.5 29.3 38.2 36.3
1.800000 1 338.3 440.9 262.8 168.4
1.800000 1 29.5 29.3 38.2 36.3
1.833333 1 352.2 456.3 253.3 154.0
1.833333 1 29.9 29.4 38.8 36.5
1.866667 1 359.3 463.9 248.3 146.6
1.866667 1 30.1 29.7 39.0 36.7
1.900000 1 359.4 463.9 248.3 146.6
1.900000 1 30.1 29.7 38.9 36.7
1.933333 1 373.9 479.8 237.9 131.5
1.933333 1 30.2 29.3 39.2 36.3
1.966667 1 381.4 487.6 232.7 123.6
1.966667 1 30.1 29.5 38.9 36.5
2.000000 1 381.4 487.6 232.7 123.7
2.000000 1 30.1 29.4 38.9 36.5
2.033333 1 396.4 503.1 221.4 108.6
2.033333 1 30.3 29.5 39.1 36.5
2.066667 1 404.3 511.1 215.9 100.9
2.066667 1 29.8 29.6 38.7 36.6
2.100000 1 404.3 511.1 215.9 100.9
2.100000 1 29.8 29.6 38.7 36.6
2.133333 1 419.8 527.4 203.8 85.9
2.133333 1 30.2 29.2 39.2 36.2
2.166667 1 427.4 535.4 197.5 78.2
2.166667 1 30.7 29.2 39.5 36.3
2.200000 1 427.4 535.4 197.5 78.2
2.200000 1 30.7 29.2 39.6 36.2
2.233333 1 443.3 551.9 185.1 63.6
2.233333 1 30.7 29.1 39.4 36.1
2.266667 1 451.2 560.2 178.5 56.4
2.266667 1 31.0 29.3 39.9 36.3
2.300000 1 451.2 560.3 178.5 56.4
2.300000 1 31.0 29.3 39.9 36.2
2.333333 1 468.1 577.4 166.5 42.5
2.333333 1 29.7 29.2 38.6 36.2
2.366667 1 476.2 586.0 159.8 36.0
2.366667 1 30.3 29.0 39.3 36.0
2.400000 1 476.2 586.0 159.8 36.0
2.400000 1 30.0 29.0 39.0 36.0
2.433333 1 492.7 147.5 30.2 38.9
2.466667 1 501.0 141.4 29.8 38.7
2.500000 1 501.0 141.4 29.8 38.7
2.533333 1 517.2 129.6 30.8 39.7
2.566667 1 525.4 123.4 29.9 38.7
2.600000 1 525.4 123.4 29.9 38.7
2.633333 1 541.1 111.7 30.6 39.6
2.666667 1 549.7 107.1 30.3 39.2
2.700000 1 549.7 107.1 30.3 39.2
2.733333 1 566.0 96.2 29.9 38.9
2.766667 1 574.4 91.6 29.6 38.4
2.800000 1 574.4 91.6 29.6 38.5
2.833333 1 590.5 81.7 30.5 39.4
2.866667 1 599.0 78.0 30.0 39.0
2.900000 1 599.0 78.0 30.0 39.0
2.933333 1 54.0 136.9 31.5 39.5
2.966667 1 62.6 134.7 33.1 40.5
3.000000 1 62.6 134.7 33.1 40.6
3.033333 1 82.9 135.7 31.9 39.8
3.066667 1 92.6 136.9 32.5 40.6
3.100000 1 92.5 136.9 32.5 40.6
3.133333 1 111.0 137.4 34.1 42.8
3.166667 1 121.2 139.8 33.6 41.7
3.200000 1 121.2 139.8 33.5 41.7
3.233333 1 139.7 143.5 31.9 39.5
3.266667 1 146.4 142.0 33.6 41.5
3.300000 1 146.4 142.0 33.6 41.5
3.333333 1 163.7 146.0 32.9 40.1
3.366667 1 172.5 148.0 32.9 40.7
3.400000 1 172.5 148.0 32.9 40.7
3.433333 1 189.0 152.8 31.6 39.4
3.466667 1 197.7 156.2 29.8 36.5
3.500000 1 197.7 156.2 29.8 36.5
3.533333 1 210.6 158.4 31.2 38.3
3.566667 1 217.0 158.9 30.6 39.1
3.600000 1 217.0 158.9 30.6 39.1
3.633333 1 228.9 160.5 33.5 42.1
3.666667 1 236.5 163.7 32.1 40.7
3.700000 1 236.6 163.7 32.1 40.7
3.733333 1 247.6 166.4 36.0 45.3
3.766667 1 254.2 169.5 35.0 44.0
3.800000 1 254.2 169.5 35.1 44.0
3.833333 1 265.8 173.5 35.2 44.7
3.866667 1 271.2 175.7 35.2 44.2
3.900000 1 271.2 175.7 35.3 44.2
3.933333 1 282.9 181.1 31.5 40.1
3.966667 1 287.4 182.9 31.9 41.0
4.000000 1 287.4 182.9 31.9 41.0
4.033333 1 297.9 188.1 32.5 41.8
4.066667 1 303.2 191.7 31.9 40.9
4.100000 1 303.2 191.7 31.9 40.9
4.133333 1 312.5 198.4 31.0 39.6
4.166667 1 316.8 202.0 30.1 38.7
4.200000 1 316.8 202.0 30.2 38.8
4.233333 1 323.0 208.0 31.0 40.0
4.266667 1 601.0 322.0 315.0 209.0
4.266667 1 28.0 38.0 30.0 40.0
4.300000 1 602.0 326.0 314.0 211.0
4.300000 1 27.0 35.0 34.0 41.0
4.333333 1 562.0 331.0 311.0 221.0
4.333333 1 43.0 35.0 38.0 38.0
4.366667 1 559.0 331.0 312.0 223.0
4.366667 1 25.0 35.0 51.0 36.0
4.400000 1 560.0 331.0 312.0 223.0
4.400000 1 31.0 43.0 53.0 46.0
4.433333 1 520.0 341.0 324.0 237.0
4.433333 1 46.0 33.0 42.0 32.0
4.466667 1 510.0 340.0 330.0 237.0
4.466667 1 36.0 31.0 30.0 34.0
4.500000 1 506.0 339.0 324.0 238.0
4.500000 1 43.0 32.0 33.0 33.0
4.533333 1 480.0 343.0 324.0 244.0
4.533333 1 32.0 33.0 30.0 29.0
4.566667 1 463.0 344.0 321.0 248.0
4.566667 1 36.0 32.0 44.0 34.0
4.600000 1 465.0 342.0 321.0 250.0
4.600000 1 36.0 33.0 39.0 33.0
4.633333 1 343.7 435.0 256.9 333.0
4.633333 1 31.0 35.0 30.0 42.0
4.666667 1 344.6 420.0 262.7 339.0
4.666667 1 30.0 33.0 29.0 37.0
4.700000 1 344.6 420.0 262.7 342.0
4.700000 1 30.0 36.0 29.0 32.0
4.733333 1 345.8 389.0 273.4 336.0
4.733333 1 30.0 36.0 29.0 36.0
4.766667 1 346.7 375.0 277.5 335.0
4.766667 1 30.0 33.0 29.0 37.0
4.800000 1 346.7 375.0 277.5 336.0
4.800000 1 30.0 43.0 29.0 39.0
4.833333 1 347.0 339.0 288.7 340.0
4.833333 1 30.0 36.0 29.0 41.0
4.866667 1 347.3 331.0 293.2 351.0
4.866667 1 30.0 29.0 30.0 36.0
4.900000 1 347.3 329.0 293.2 350.0
4.900000 1 30.0 30.0 30.0 39.0
4.933333 1 347.6 295.0 302.8 348.0
4.933333 1 30.0 38.0 30.0 36.0
4.966667 1 347.9 281.0 308.0 347.0
4.966667 1 30.0 41.0 29.0 34.0
5.000000 1 347.9 288.0 308.0 346.0
5.000000 1 30.0 30.0 29.0 45.0
5.033333 1 347.3 254.0 317.0 346.0
5.033333 1 30.0 34.0 30.0 46.0
5.066667 1 346.3 239.0 320.3 353.0
5.066667 1 30.0 40.0 29.0 44.0
5.100000 1 346.3 320.3 30.9 30.0
5.133333 1 344.4 329.5 30.8 29.9
5.166667 1 343.0 334.8 31.0 30.1
5.200000 1 343.0 334.8 31.0 30.1
5.233333 1 339.5 340.7 30.9 29.9
5.266667 1 337.2 342.7 32.1 31.1
5.300000 1 337.2 342.7 32.1 31.1
5.333333 1 333.1 351.2 31.2 30.3
5.366667 1 331.1 356.1 31.4 30.4
5.400000 1 331.1 356.1 31.3 30.4
5.433333 1 329.6 361.8 32.7 31.8
5.466667 1 326.8 364.0 33.2 32.2
5.500000 1 326.8 364.0 33.2 32.2
5.533333 1 318.6 369.0 32.9 32.0
5.566667 1 315.5 372.2 33.2 32.2
5.600000 1 315.5 372.2 33.2 32.2
5.633333 1 310.4 380.7 33.0 32.0
5.666667 1 309.9 385.4 32.8 31.8
5.700000 1 309.9 385.3 32.8 31.8
5.733333 1 304.0 393.0 32.0 31.0
5.766667 1 503.0 410.1 19.7 23.3
5.800000 1 504.3 403.3 23.5 27.8
5.833333 1 508.7 400.4 20.7 24.4
5.866667 1 511.6 395.6 21.0 24.7
5.900000 1 513.6 389.4 23.5 27.7
5.933333 1 518.1 386.5 20.6 24.2
5.966667 1 520.1 380.2 23.5 27.5
6.000000 1 523.2 375.2 23.9 28.2
6.033333 1 527.7 372.3 21.4 25.1
6.066667 1 529.8 366.4 24.0 28.3
6.100000 1 534.2 363.2 21.9 25.7
6.133333 1 537.2 358.4 22.3 26.1
6.166667 1 540.2 353.0 22.8 26.9
6.200000 1 543.1 347.6 23.5 28.0
6.233333 1 548.3 345.0 19.9 23.8
6.266667 1 549.1 337.0 25.8 31.0
6.300000 1 555.4 335.9 20.0 24.0
6.333333 1 558.0 329.7 22.7 27.4
6.366667 1 563.5 327.2 19.2 23.1
6.400000 1 567.1 321.9 20.1 24.1
6.433333 1 582.0 570.4 84.0 316.2
6.433333 1 43.0 21.5 37.0 25.9
6.466667 1 582.0 574.2 85.0 311.0
6.466667 1 28.0 21.8 54.0 26.3
6.500000 1 566.0 578.7 100.0 306.4
6.500000 1 44.0 20.9 39.0 25.2
6.533333 1 566.0 583.0 100.0 301.5
6.533333 1 35.0 20.3 50.0 24.4
6.566667 1 550.0 586.0 105.0 294.7
6.566667 1 51.0 22.6 45.0 27.0
6.600000 1 550.0 591.1 104.0 290.5
6.600000 1 29.0 20.5 41.0 24.5
6.633333 1 531.0 593.9 108.0 283.0
6.633333 1 48.0 23.7 37.0 28.3
6.666667 1 531.0 597.6 108.0 276.5
6.666667 1 29.0 24.8 43.0 29.8
6.700000 1 519.0 602.8 120.0 271.8
6.700000 1 33.0 22.8 36.0 27.4
6.733333 1 513.0 607.3 124.0 266.0
6.733333 1 31.0 22.5 38.0 27.1
6.766667 1 507.0 611.0 132.0 259.0
6.766667 1 31.0 24.0 30.0 29.0
6.800000 1 492.0 130.0 38.5 30.0
6.833333 1 478.0 131.0 39.0 32.3
6.866667 1 478.0 132.0 30.0 45.0
6.900000 1 463.0 143.0 45.0 34.0
6.933333 1 463.0 144.0 32.0 40.0
6.966667 1 447.0 148.0 48.0 36.0
7.000000 1 444.0 147.0 31.0 37.0
7.033333 1 426.0 144.0 49.0 40.0
7.066667 1 426.0 145.0 36.0 50.0
7.100000 1 411.0 158.0 51.0 37.0
7.133333 1 409.0 157.0 33.0 39.0
7.166667 1 396.0 160.0 46.0 36.0
7.200000 1 396.0 160.0 31.0 39.0
7.233333 1 382.0 160.0 45.0 39.0
7.266667 1 382.0 160.0 35.0 42.0
7.300000 1 366.0 164.0 45.0 42.0
7.333333 1 366.0 173.0 33.0 42.0
7.366667 1 354.0 177.0 45.0 38.0
7.400000 1 354.0 177.0 30.0 31.0
7.433333 1 339.0 172.0 45.0 36.0
7.466667 1 339.0 172.0 27.0 42.0
7.500000 1 319.0 180.0 47.0 34.0
7.533333 1 319.0 180.0 36.0 48.0
7.566667 1 308.0 181.0 47.0 47.0
7.600000 1 309.0 181.0 26.0 36.0
7.633333 1 291.0 179.0 44.0 38.0
7.666667 1 291.0 179.0 33.0 47.0
7.700000 1 276.0 187.0 48.0 39.0
7.733333 1 276.0 187.0 33.0 43.0
7.766667 1 265.0 188.0 44.0 42.0
7.800000 1 265.0 188.0 26.0 35.0
7.833333 1 253.0 188.0 38.0 35.0
7.866667 1 253.0 188.0 23.0 40.0
7.900000 1 243.0 190.0 33.0 38.0
7.933333 1 223.5 179.6 54.1 53.1
7.966667 1 222.8 190.7 42.3 41.3
8.000000 1 215.7 191.2 43.2 42.1
8.033333 1 209.0 191.7 43.3 42.3
8.066667 1 202.1 193.3 42.5 41.5
8.100000 1 195.4 194.8 42.8 41.8
8.133333 1 188.0 197.0 42.0 41.0
8.166667 1 188.0 205.0 30.0 38.0
8.200000 1 178.0 205.0 40.0 38.0
8.233333 1 178.0 205.0 24.0 33.0
8.266667 1 162.0 199.0 40.0 39.0
8.300000 1 162.0 199.0 30.0 39.0
8.333333 1 326.3 144.0 410.4 206.0
8.333333 1 27.0 48.0 23.0 32.0
8.366667 1 328.3 144.0 406.1 206.0
8.366667 1 27.0 34.0 23.0 39.0
8.400000 1 330.2 133.0 401.5 214.0
8.400000 1 27.0 45.0 23.0 31.0
8.433333 1 331.9 133.0 396.7 214.0
8.433333 1 28.0 27.0 24.0 24.0
8.466667 1 333.9 125.0 392.3 211.0
8.466667 1 27.0 35.0 23.0 27.0
8.500000 1 335.2 121.9 387.2 206.4
8.500000 1 28.6 36.4 24.5 26.8
8.533333 1 336.8 114.3 382.2 207.5
8.533333 1 29.0 36.3 25.0 26.8
8.566667 1 339.5 108.0 378.2 211.0
8.566667 1 27.3 38.2 23.3 28.0
8.600000 1 341.2 101.7 373.4 214.0
8.600000 1 27.3 39.1 23.1 28.6
8.633333 1 342.9 94.6 368.3 213.2
8.633333 1 27.6 39.4 23.4 28.9
8.666667 1 344.7 88.5 363.3 212.7
8.666667 1 27.8 39.1 23.6 28.6
8.700000 1 346.6 79.7 358.4 208.1
8.700000 1 27.8 39.3 23.6 28.6
8.733333 1 348.7 72.6 353.5 207.9
8.733333 1 27.5 39.2 23.3 28.4
8.766667 1 350.9 65.1 348.7 208.3
8.766667 1 27.0 39.4 22.9 28.6
8.800000 1 352.9 59.4 343.7 211.7
8.800000 1 27.0 43.6 22.9 31.0
8.833333 1 354.8 51.9 338.4 211.7
8.833333 1 27.5 44.3 23.3 31.7
8.866667 1 357.0 45.6 333.5 209.6
8.866667 1 27.4 44.5 23.2 31.8
8.900000 1 359.8 38.8 328.8 208.7
8.900000 1 26.4 44.5 22.4 31.9
8.933333 1 361.8 30.6 323.4 205.0
8.933333 1 27.3 44.6 23.2 31.9
8.966667 1 364.4 23.2 318.5 204.6
8.966667 1 27.0 44.5 23.0 31.8
9.000000 1 366.8 14.9 313.4 204.6
9.000000 1 27.4 44.5 23.2 31.8
9.033333 1 369.2 9.0 309.5 208.0
9.033333 1 27.0 45.9 23.0 32.5
9.066667 1 372.4 303.7 26.9 22.8
9.100000 1 374.5 298.8 27.9 23.9
9.133333 1 378.0 293.6 27.6 23.4
9.166667 1 380.4 289.4 28.3 24.4
9.200000 1 383.9 284.4 27.4 23.3
9.233333 1 386.7 280.7 26.5 22.4
9.266667 1 389.9 274.7 26.9 22.9
9.300000 1 393.0 270.5 26.7 22.6
9.333333 1 396.1 265.4 27.1 23.0
9.366667 1 400.1 261.6 26.0 22.2
9.400000 1 403.1 256.3 26.1 22.4
9.433333 1 406.4 253.1 25.8 21.9
9.466667 1 410.4 248.0 25.6 21.8
9.500000 1 412.8 242.8 27.3 23.4
9.533333 1 416.7 237.7 27.4 23.6
9.566667 1 420.1 234.2 27.4 23.3
9.600000 1 424.9 229.4 26.9 23.0
9.633333 1 428.1 224.6 27.5 23.5
9.666667 1 432.9 220.0 26.4 22.6
9.700000 1 435.7 215.8 28.0 24.0
9.733333 1 440.4 211.0 27.2 23.4
9.766667 1 444.1 206.7 27.1 23.0
9.800000 1 448.0 201.8 26.8 22.8
9.833333 1 452.0 197.7 27.5 23.6
9.866667 1 455.9 192.6 27.8 23.8
9.900000 1 460.6 187.8 27.5 23.6
9.933333 1 464.8 182.5 27.9 23.9
9.966667 1 469.0 178.5 27.5 23.5
10.000000 1 472.6 173.8 27.8 23.8
10.033333 1 477.3 169.7 27.4 23.5
10.066667 1 480.9 163.8 27.8 23.8
10.100000 1 485.8 159.7 27.0 23.1
10.133333 1 489.7 154.4 28.2 24.3
10.166667 1 494.1 150.6 27.2 23.1
10.200000 1 498.3 144.4 28.2 24.3
10.233333 1 503.0 140.7 26.9 22.8
10.266667 1 507.6 136.0 26.7 22.7
10.300000 1 511.6 130.6 28.0 23.9
10.333333 1 517.0 126.4 26.4 22.6
10.366667 1 521.5 121.7 26.8 22.7
10.400000 1 525.9 116.7 27.7 23.6
10.433333 1 530.7 112.0 27.7 23.5
10.466667 1 535.8 107.4 27.5 23.4
10.500000 1 540.6 102.6 27.8 23.8
10.533333 1 545.8 98.1 27.5 23.4
10.566667 1 551.0 93.4 27.4 23.3
10.600000 1 556.4 88.9 26.9 22.8
10.633333 1 561.7 83.9 27.0 23.2
10.666667 1 566.6 78.8 27.9 23.8
10.700000 1 572.8 74.7 26.4 22.4
10.733333 1 577.9 69.5 27.0 22.9
10.766667 1 584.0 65.0 26.0 22.0
