0.000000 2 482.2 180.2 43.7 23.8
0.033333 2 481.8 182.3 43.9 23.9
0.066667 2 481.7 186.7 43.9 23.9
0.100000 2 481.5 192.0 43.9 23.9
0.133333 2 480.6 193.7 43.9 24.0
0.166667 2 480.3 198.5 43.8 23.9
0.200000 2 479.7 203.5 43.8 23.8
0.233333 2 478.6 205.9 43.7 23.8
0.266667 2 477.7 210.4 43.7 23.7
0.300000 2 476.8 213.4 43.8 23.6
0.333333 2 475.7 218.0 43.8 23.5
0.366667 2 475.2 220.8 43.6 23.3
0.400000 2 473.3 225.7 43.5 23.1
0.433333 2 473.1 228.1 43.3 22.8
0.466667 2 471.5 233.2 43.2 22.7
0.500000 2 471.0 235.5 43.2 22.6
0.533333 2 469.2 239.6 43.3 22.8
0.566667 2 467.5 244.1 42.9 22.5
0.600000 2 467.1 246.1 43.0 22.5
0.633333 2 465.3 250.1 43.1 22.6
0.666667 2 464.6 251.9 42.9 22.4
0.700000 2 463.1 256.1 42.8 22.3
0.733333 2 461.9 259.4 42.6 22.1
0.766667 2 460.9 261.3 42.4 22.0
0.800000 2 459.5 264.3 42.7 22.2
0.833333 2 457.7 266.8 42.7 22.3
0.866667 2 456.3 269.8 42.9 22.4
0.900000 2 455.6 271.2 42.7 22.2
0.933333 2 454.4 274.2 42.7 22.2
0.966667 2 453.0 276.2 42.5 22.0
1.000000 2 452.1 277.8 42.7 22.3
1.033333 2 450.9 279.9 42.5 22.2
1.066667 2 449.5 282.4 42.6 22.2
1.100000 2 448.4 285.2 42.6 22.1
1.133333 2 447.3 286.6 42.7 22.3
1.166667 2 446.4 288.0 42.6 22.2
1.200000 2 445.3 289.8 42.6 22.2
1.233333 2 444.3 292.2 42.6 22.1
1.266667 2 443.1 294.2 42.4 22.0
1.300000 2 442.8 295.1 42.3 22.0
1.333333 2 441.5 297.1 42.4 22.1
1.366667 2 441.0 297.6 42.2 22.0
1.400000 2 440.1 299.9 42.3 22.0
1.433333 2 439.1 301.6 42.3 22.0
1.466667 2 438.6 302.3 42.5 22.1
1.500000 2 437.9 304.3 42.2 22.0
1.533333 2 437.4 304.8 42.3 22.0
1.566667 2 436.8 306.6 42.3 21.9
1.600000 2 436.3 307.5 42.3 22.0
1.633333 2 435.5 309.2 42.3 21.9
1.666667 2 435.0 310.5 42.1 21.8
1.700000 2 434.7 311.4 42.3 22.0
1.733333 2 433.1 313.2 42.1 21.8
1.766667 2 432.4 313.7 42.1 22.0
1.800000 2 431.9 314.0 42.0 21.9
1.833333 2 431.2 314.8 41.8 21.9
1.866667 2 430.5 314.8 42.0 22.0
1.900000 2 429.8 315.3 42.0 21.9
1.933333 2 429.0 315.3 41.8 21.8
1.966667 2 428.4 315.0 42.0 22.0
2.000000 2 427.5 314.6 42.1 22.0
2.033333 2 427.2 314.6 41.9 21.8
2.066667 2 426.3 314.1 42.0 21.9
2.100000 2 426.1 314.4 41.9 21.8
2.133333 2 425.5 314.2 42.1 21.9
2.166667 2 424.5 312.9 42.0 21.9
2.200000 2 423.8 312.0 42.0 21.9
2.233333 2 423.5 311.9 42.1 21.9
2.266667 2 423.1 311.3 41.8 21.7
2.300000 2 422.5 310.7 42.1 21.9
2.333333 2 422.2 310.4 41.9 21.8
2.366667 2 421.5 309.4 42.0 21.8
2.400000 2 421.0 309.1 42.1 21.9
2.433333 2 420.5 308.2 42.1 21.8
2.466667 2 420.2 308.0 42.0 21.8
2.500000 2 419.7 306.8 42.1 21.8
2.533333 2 418.9 306.2 42.0 21.9
2.566667 2 418.6 305.3 42.2 22.0
2.600000 2 418.2 305.2 42.0 21.9
2.633333 2 417.6 304.3 42.1 22.0
2.666667 2 416.8 303.1 41.9 21.9
2.700000 2 416.6 303.1 42.0 21.9
2.733333 2 415.8 302.1 42.2 22.1
2.766667 2 414.7 301.1 42.4 22.3
2.800000 2 414.2 300.8 42.1 22.1
2.833333 2 413.2 300.3 42.2 22.1
2.866667 2 412.2 299.8 42.2 22.2
2.900000 2 410.8 299.4 42.3 22.2
2.933333 2 410.2 299.2 42.2 22.2
2.966667 2 409.2 299.4 42.2 22.2
3.000000 2 407.2 299.5 42.2 22.2
3.033333 2 405.4 299.7 42.3 22.3
3.066667 2 404.6 299.5 42.4 22.3
3.100000 2 402.6 300.7 42.4 22.4
3.133333 2 400.7 300.9 42.4 22.4
3.166667 2 399.7 301.8 42.4 22.4
3.200000 2 397.7 302.3 42.3 22.3
3.233333 2 395.3 303.5 42.2 22.1
3.266667 2 394.1 304.1 42.1 22.2
3.300000 2 391.4 305.2 42.2 22.3
3.333333 2 390.4 306.2 42.3 22.3
3.366667 2 387.4 307.8 42.4 22.4
3.400000 2 384.6 310.7 42.4 22.3
3.433333 2 380.4 313.4 42.3 22.2
3.466667 2 377.5 314.8 42.3 22.2
3.500000 2 374.3 317.1 42.1 22.1
3.533333 2 372.5 318.0 42.1 22.1
3.566667 2 369.1 319.5 42.2 22.1
3.600000 2 367.5 320.5 42.1 22.0
3.633333 2 364.1 321.7 41.9 21.8
3.666667 2 360.9 323.9 42.0 22.0
3.700000 2 357.6 323.9 42.5 22.4
3.733333 2 355.7 325.4 42.0 22.0
3.766667 2 352.5 325.8 42.0 21.9
3.800000 2 349.4 326.4 41.6 21.7
3.833333 2 345.7 327.4 42.0 21.9
3.866667 2 344.3 327.6 41.8 21.7
3.900000 2 341.0 328.0 42.0 21.8
3.933333 2 337.8 327.9 41.8 21.7
3.966667 2 334.4 327.6 42.3 22.0
4.000000 2 333.2 327.4 42.0 21.8
4.033333 2 330.0 326.3 42.3 22.1
4.066667 2 327.8 325.6 41.9 21.8
4.100000 2 326.5 325.0 42.0 22.0
4.133333 2 324.1 323.3 42.0 21.9
4.166667 2 323.1 322.2 42.1 22.0
4.200000 2 321.5 320.6 42.3 22.1
4.233333 2 320.0 317.6 42.0 22.0
4.266667 2 319.2 316.7 42.0 22.0
4.300000 2 318.0 313.6 42.0 21.9
4.333333 2 317.5 312.3 42.2 22.0
4.366667 2 316.5 307.0 42.3 22.1
4.400000 2 316.1 305.0 42.1 21.9
4.433333 2 315.9 301.0 42.0 21.8
4.466667 2 315.6 298.8 42.2 22.0
4.500000 2 315.5 294.5 42.3 22.1
4.533333 2 315.8 290.1 42.2 22.3
4.566667 2 315.4 287.9 42.4 22.5
4.600000 2 315.8 283.5 42.1 22.4
4.633333 2 316.1 279.1 42.1 22.4
4.666667 2 315.9 276.7 42.2 22.6
4.700000 2 316.1 272.3 42.1 22.5
4.733333 2 316.4 269.7 42.3 22.8
4.766667 2 316.3 265.4 42.3 22.8
4.800000 2 316.8 260.8 42.1 22.7
4.833333 2 316.4 258.7 42.2 22.8
4.866667 2 316.3 254.1 42.2 22.8
4.900000 2 316.1 251.9 42.1 22.7
4.933333 2 315.9 247.9 42.2 22.7
4.966667 2 315.8 243.4 42.4 22.5
5.000000 2 315.6 241.6 42.0 22.1
5.033333 2 315.0 237.1 42.0 22.0
5.066667 2 314.6 235.0 42.3 22.1
5.100000 2 314.0 231.1 42.0 21.8
5.133333 2 313.5 227.5 42.4 22.0
5.166667 2 313.2 225.1 42.4 22.0
5.200000 2 312.5 221.6 42.5 22.2
5.233333 2 312.1 217.4 42.4 22.2
5.266667 2 311.3 213.4 42.5 22.2
5.300000 2 310.9 211.6 42.5 22.3
5.333333 2 310.6 208.1 42.5 22.3
5.366667 2 310.1 206.4 42.7 22.4
5.400000 2 309.4 202.8 42.8 22.4
5.433333 2 308.8 199.6 42.6 22.3
5.466667 2 308.4 196.6 42.8 22.4
5.500000 2 308.1 195.1 42.8 22.4
5.533333 2 307.7 192.4 42.6 22.3
5.566667 2 307.3 191.1 42.9 22.3
5.600000 2 306.7 188.2 42.6 22.1
5.633333 2 306.1 185.9 42.9 22.4
5.666667 2 305.9 183.9 42.7 22.3
5.700000 2 305.4 182.9 42.9 22.3
5.733333 2 304.9 180.7 42.7 22.3
5.766667 2 304.4 179.1 42.8 22.2
5.800000 2 303.9 177.4 42.7 22.2
5.833333 2 303.4 176.5 42.9 22.2
5.866667 2 302.9 175.4 42.9 22.3
5.900000 2 302.2 173.9 43.4 22.8
5.933333 2 301.9 173.5 43.3 22.6
5.966667 2 301.2 172.7 43.2 22.7
6.000000 2 300.3 171.8 43.4 22.8
6.033333 2 299.2 171.0 43.5 22.8
6.066667 2 298.4 170.8 43.5 22.6
6.100000 2 297.6 170.1 44.1 22.9
6.133333 2 296.9 169.3 44.4 23.4
6.166667 2 295.7 168.9 45.2 24.2
6.200000 2 295.7 168.5 45.0 24.0
6.233333 2 294.7 167.7 45.2 24.5
6.266667 2 293.8 166.5 45.7 25.1
6.300000 2 293.5 166.2 46.1 25.4
6.333333 2 292.8 165.1 46.5 25.9
6.366667 2 292.5 164.9 46.8 26.2
6.400000 2 292.2 163.8 46.9 26.5
6.433333 2 292.4 163.7 46.9 26.6
6.466667 2 292.1 162.2 47.2 26.8
6.500000 2 292.3 162.2 46.9 26.7
6.533333 2 292.6 161.1 47.2 26.9
6.566667 2 293.3 161.1 47.0 26.7
6.600000 2 293.5 160.1 47.1 26.8
6.633333 2 294.4 159.9 47.0 26.7
6.666667 2 294.4 159.0 47.2 26.7
6.700000 2 295.8 158.4 47.4 26.7
6.733333 2 296.8 158.1 47.3 26.5
6.766667 2 298.1 158.0 47.1 26.0
6.800000 2 298.6 157.8 46.9 25.9
6.833333 2 300.3 158.0 46.8 25.5
6.866667 2 301.9 158.2 46.6 25.3
6.900000 2 303.1 159.0 46.8 25.3
6.933333 2 303.4 158.9 46.7 25.2
6.966667 2 304.5 159.8 46.6 25.1
7.000000 2 305.3 160.9 46.8 25.2
7.033333 2 305.7 161.1 46.7 25.1
7.066667 2 306.0 161.9 47.1 25.4
7.100000 2 306.2 162.6 47.1 25.6
7.133333 2 306.7 163.3 47.4 25.7
7.166667 2 307.2 164.8 47.5 25.6
7.200000 2 307.3 165.0 47.6 25.7
7.233333 2 307.6 166.2 48.0 26.1
7.266667 2 308.2 167.2 48.2 26.1
7.300000 2 308.7 168.1 48.0 25.9
7.333333 2 309.2 169.0 48.3 26.1
7.366667 2 309.6 170.2 48.2 26.0
7.400000 2 310.2 170.7 48.3 26.0
7.433333 2 310.6 172.2 48.2 25.8
7.466667 2 311.2 173.2 48.5 25.9
7.500000 2 311.3 173.6 48.7 25.7
7.533333 2 312.0 175.2 48.5 25.7
7.566667 2 312.6 175.8 48.4 25.5
7.600000 2 312.9 176.8 48.3 25.5
7.633333 2 313.3 177.7 48.2 25.6
7.666667 2 313.6 179.1 48.3 25.6
7.700000 2 313.8 179.7 48.3 25.5
7.733333 2 313.8 181.3 48.6 26.0
7.766667 2 313.8 181.8 48.7 26.1
7.800000 2 313.8 183.4 49.0 26.5
7.833333 2 313.9 185.0 49.3 26.7
7.866667 2 313.8 185.7 49.4 26.8
7.900000 2 313.8 187.4 49.4 26.8
7.933333 2 314.1 188.7 49.4 26.9
7.966667 2 314.0 189.8 49.5 27.0
8.000000 2 314.1 191.5 49.6 26.9
8.033333 2 314.0 192.0 49.7 27.1
8.066667 2 314.4 194.0 49.6 27.1
8.100000 2 314.5 195.0 49.5 27.1
8.133333 2 314.9 197.1 49.4 27.0
8.166667 2 315.1 199.5 49.6 27.0
8.200000 2 315.3 200.6 49.6 27.1
8.233333 2 315.3 203.1 49.7 27.0
8.266667 2 315.8 204.5 49.6 26.6
8.300000 2 316.3 207.4 49.4 26.4
8.333333 2 316.2 209.9 49.6 26.5
8.366667 2 316.6 211.8 49.8 26.4
8.400000 2 316.8 214.4 49.9 26.2
8.433333 2 317.1 218.0 50.0 26.3
8.466667 2 317.4 219.3 50.3 26.2
8.500000 2 317.8 222.7 50.0 26.0
8.533333 2 317.9 224.0 49.8 25.9
8.566667 2 318.4 227.1 50.2 26.2
8.600000 2 318.6 230.0 50.3 26.2
8.633333 2 318.5 232.5 50.3 26.4
8.666667 2 318.7 235.3 50.5 26.5
8.700000 2 318.9 238.0 50.4 26.2
8.733333 2 319.1 240.6 50.2 26.0
8.766667 2 319.0 242.2 50.4 26.2
8.800000 2 319.0 244.7 50.5 26.2
8.833333 2 318.6 247.4 51.0 26.6
8.866667 2 318.6 250.1 51.2 26.8
8.900000 2 318.3 251.5 51.3 26.8
8.933333 2 318.3 254.5 51.3 26.9
8.966667 2 317.8 257.2 51.6 26.9
9.000000 2 317.6 258.8 51.4 26.8
9.033333 2 317.0 261.4 51.9 27.1
9.066667 2 316.5 264.5 51.9 27.2
9.100000 2 315.8 267.1 52.2 27.5
9.133333 2 315.3 268.4 52.5 27.8
9.166667 2 314.7 271.3 52.2 27.4
9.200000 2 313.8 274.2 52.2 27.4
9.233333 2 313.2 275.4 52.5 27.7
9.266667 2 312.1 278.2 52.5 27.5
9.300000 2 310.6 281.2 52.8 27.6
9.333333 2 310.0 282.2 52.9 27.6
9.366667 2 307.9 286.6 53.2 27.8
9.400000 2 306.2 289.4 53.6 28.0
9.433333 2 305.3 290.7 53.9 28.1
9.466667 2 303.5 293.4 54.2 28.3
9.500000 2 301.8 296.3 54.2 28.4
9.533333 2 301.1 297.9 54.2 28.3
9.566667 2 299.0 300.4 54.8 28.5
9.600000 2 297.0 302.8 55.4 29.1
9.633333 2 296.0 303.8 55.5 29.3
9.666667 2 294.0 306.1 55.9 29.6
9.700000 2 291.8 308.1 56.4 30.3
9.733333 2 290.8 309.0 56.6 30.6
9.766667 2 288.6 310.9 57.4 31.2
9.800000 2 286.5 312.9 57.9 31.9
9.833333 2 285.5 313.6 58.2 32.3
9.866667 2 283.4 315.2 58.5 32.7
9.900000 2 281.4 317.1 59.0 33.2
9.933333 2 280.4 317.5 59.6 33.7
9.966667 2 278.5 319.3 59.9 34.0
10.000000 2 277.8 320.1 59.9 34.0
10.033333 2 276.1 321.4 60.7 34.6
10.066667 2 274.7 322.8 61.1 35.2
10.100000 2 274.4 323.7 60.9 34.7
10.133333 2 273.3 325.4 61.0 34.5
10.166667 2 272.4 326.9 61.6 34.9
10.200000 2 271.7 328.8 61.5 34.8
10.233333 2 271.2 329.5 61.8 34.9
10.266667 2 270.8 330.9 62.0 34.9
10.300000 2 270.4 331.8 62.1 34.9
10.333333 2 269.9 333.7 62.4 34.9
10.366667 2 269.9 335.5 62.4 34.5
10.400000 2 269.8 336.6 62.4 34.5
10.433333 2 270.1 338.7 61.7 33.4
10.466667 2 270.1 340.8 61.8 32.9
10.500000 2 270.2 341.9 61.6 32.5
10.533333 2 270.3 344.2 61.9 32.4
10.566667 2 270.4 346.9 62.1 32.3
10.600000 2 270.7 348.0 61.9 32.1
10.633333 2 270.4 350.4 62.7 32.9
10.666667 2 270.8 351.8 62.4 32.4
10.700000 2 270.9 354.6 63.1 32.9
10.733333 2 271.0 356.9 63.5 33.1
10.766667 2 271.2 358.5 63.8 33.3
10.800000 2 271.5 361.2 64.2 33.4
10.833333 2 271.6 363.3 64.4 33.4
10.866667 2 272.0 366.0 65.0 33.7
10.900000 2 272.0 368.0 65.0 33.7
