0.000000 2 93.6 109.3 59.0 24.6
0.033333 2 92.2 107.0 59.0 24.6
0.066667 2 91.5 105.7 59.1 24.5
0.100000 2 90.2 103.2 59.2 24.4
0.133333 2 89.8 102.2 59.1 24.1
0.166667 2 88.4 99.6 59.7 24.1
0.200000 2 87.9 98.5 59.8 24.2
0.233333 2 86.5 95.5 60.8 25.0
0.266667 2 86.2 94.2 60.6 25.2
0.300000 2 85.4 91.8 60.4 25.5
0.333333 2 84.5 89.6 61.0 25.9
0.366667 2 84.4 88.6 60.4 25.7
0.400000 2 83.2 86.5 61.2 26.3
0.433333 2 82.2 84.8 61.6 26.3
0.466667 2 82.2 84.2 60.9 26.3
0.500000 2 81.0 82.9 61.5 26.4
0.533333 2 80.9 82.2 61.3 26.7
0.566667 2 79.7 81.1 61.5 26.8
0.600000 2 79.0 80.2 61.7 26.8
0.633333 2 78.6 80.0 61.5 26.5
0.666667 2 77.6 79.3 61.6 26.6
0.700000 2 76.8 79.2 62.1 26.4
0.733333 2 76.0 78.8 61.9 26.0
0.766667 2 75.8 78.7 61.5 25.8
0.800000 2 75.1 78.3 61.2 25.4
0.833333 2 74.1 77.9 61.9 25.6
0.866667 2 73.2 77.5 61.8 25.6
0.900000 2 72.3 77.2 61.6 25.2
0.933333 2 72.1 77.3 61.0 24.8
0.966667 2 71.4 77.0 60.5 24.4
1.000000 2 71.0 76.7 60.6 24.7
1.033333 2 70.4 76.2 60.2 24.9
1.066667 2 69.7 75.6 60.7 25.5
1.100000 2 69.2 75.0 60.4 25.6
1.133333 2 68.5 74.1 60.8 26.1
1.166667 2 68.3 74.0 60.7 25.8
1.200000 2 68.0 73.2 60.9 26.1
1.233333 2 67.8 72.8 61.0 26.3
1.266667 2 67.7 72.3 61.1 26.2
1.300000 2 67.4 71.9 61.5 26.4
1.333333 2 68.0 70.9 61.3 26.0
1.366667 2 68.1 70.1 61.9 26.3
1.400000 2 68.4 70.0 61.6 26.1
1.433333 2 68.9 69.6 61.7 25.8
1.466667 2 69.9 69.4 61.2 25.5
1.500000 2 69.9 69.2 61.8 25.7
1.533333 2 70.8 69.2 61.4 25.4
1.566667 2 70.8 69.0 61.9 25.3
1.600000 2 71.8 69.0 61.7 25.0
1.633333 2 72.2 68.9 61.9 25.0
1.666667 2 72.7 68.8 62.1 25.0
1.700000 2 73.6 68.6 62.1 25.2
1.733333 2 74.0 68.5 62.2 25.3
1.766667 2 74.9 68.6 62.4 25.7
1.800000 2 75.1 68.6 62.7 26.1
1.833333 2 76.0 68.7 62.9 26.3
1.866667 2 76.1 68.7 63.5 26.6
1.900000 2 76.8 69.1 63.8 27.1
1.933333 2 77.2 69.5 63.9 27.0
1.966667 2 77.9 70.2 64.2 27.3
2.000000 2 78.7 71.0 64.3 27.6
2.033333 2 79.7 72.1 64.3 27.6
2.066667 2 80.1 72.6 64.3 27.8
2.100000 2 81.2 74.6 64.5 28.1
2.133333 2 81.6 75.2 64.8 28.2
2.166667 2 82.6 77.2 64.3 27.6
2.200000 2 82.9 78.1 64.3 27.7
2.233333 2 83.8 80.0 64.1 27.6
2.266667 2 84.8 82.2 63.7 27.4
2.300000 2 84.9 83.3 63.8 27.1
2.333333 2 85.6 85.7 63.9 27.1
2.366667 2 86.2 88.0 64.1 27.3
2.400000 2 86.6 89.3 63.9 27.1
2.433333 2 87.3 91.9 64.0 27.0
2.466667 2 87.7 93.3 63.8 26.9
2.500000 2 88.6 96.1 63.6 26.4
2.533333 2 89.0 97.8 63.6 25.8
2.566667 2 90.1 100.8 63.3 25.7
2.600000 2 90.4 101.9 63.5 26.2
2.633333 2 91.3 104.5 63.5 26.7
2.666667 2 92.4 107.2 63.6 27.2
2.700000 2 93.0 108.7 63.7 27.5
2.733333 2 94.3 111.7 63.5 27.6
2.766667 2 95.0 113.1 63.7 28.0
2.800000 2 96.6 116.3 63.4 27.8
2.833333 2 97.7 118.1 63.1 27.7
2.866667 2 99.4 121.0 63.3 28.0
2.900000 2 101.4 124.4 63.4 28.0
2.933333 2 103.4 127.4 63.3 27.8
2.966667 2 105.7 130.8 63.3 27.4
3.000000 2 107.0 132.5 63.4 27.2
3.033333 2 109.6 135.8 63.2 26.8
3.066667 2 110.8 137.6 63.2 26.4
3.100000 2 113.4 140.9 63.4 26.0
3.133333 2 115.9 144.1 63.6 26.0
3.166667 2 117.0 145.8 64.0 26.0
3.200000 2 120.0 149.2 64.0 25.8
3.233333 2 121.3 150.7 64.1 26.1
3.266667 2 124.2 154.0 64.1 26.0
3.300000 2 125.5 155.7 64.3 26.2
3.333333 2 128.3 159.1 64.8 26.2
3.366667 2 130.9 162.5 65.2 26.5
3.400000 2 132.1 164.0 65.8 27.2
3.433333 2 134.7 167.3 66.5 28.1
3.466667 2 136.6 169.3 65.9 27.8
3.500000 2 139.2 172.7 66.5 28.6
3.533333 2 140.5 174.5 66.8 28.9
3.566667 2 143.2 178.0 67.4 30.0
3.600000 2 144.8 179.9 67.2 30.0
3.633333 2 147.1 183.5 67.9 31.1
3.666667 2 149.8 187.3 68.0 31.5
3.700000 2 151.2 189.1 68.1 31.8
3.733333 2 153.8 192.9 68.2 32.2
3.766667 2 156.4 196.8 68.1 32.3
3.800000 2 157.5 198.7 68.3 32.5
3.833333 2 159.7 202.4 68.5 32.9
3.866667 2 161.8 206.1 68.7 33.2
3.900000 2 163.0 207.9 68.5 33.3
3.933333 2 165.0 211.6 68.6 33.3
3.966667 2 165.9 213.3 68.7 33.5
4.000000 2 167.5 216.8 69.1 33.7
4.033333 2 169.3 220.3 68.8 33.5
4.066667 2 170.2 221.9 68.6 33.5
4.100000 2 171.3 224.9 69.0 33.8
4.133333 2 172.0 226.5 69.0 33.7
4.166667 2 172.9 229.2 69.3 33.8
4.200000 2 173.8 231.6 69.4 34.0
4.233333 2 174.0 232.6 69.7 34.4
4.266667 2 174.6 234.8 69.9 34.7
4.300000 2 175.0 235.8 69.9 34.6
4.333333 2 175.2 237.7 70.1 34.8
4.366667 2 175.4 238.7 70.2 34.8
4.400000 2 175.3 240.4 70.5 34.8
4.433333 2 175.5 241.2 70.3 34.8
4.466667 2 175.5 241.6 70.4 34.8
4.500000 2 175.2 242.9 70.6 34.9
4.533333 2 174.8 244.0 70.8 34.8
4.566667 2 174.4 244.4 71.0 35.0
4.600000 2 173.8 245.5 71.2 34.5
4.633333 2 173.8 246.8 70.1 32.5
4.666667 2 173.3 247.4 70.2 31.9
4.700000 2 173.0 248.7 69.3 29.8
4.733333 2 172.4 249.0 69.5 29.0
4.766667 2 171.7 249.3 69.2 28.4
4.800000 2 171.1 248.5 69.6 29.5
4.833333 2 170.0 247.1 70.3 31.1
4.866667 2 169.2 245.7 70.6 32.2
4.900000 2 168.4 244.5 71.6 33.2
4.933333 2 167.8 242.9 71.9 34.2
4.966667 2 167.6 240.8 72.2 35.1
5.000000 2 167.5 239.7 72.4 35.6
5.033333 2 167.4 238.8 72.5 35.4
5.066667 2 167.7 236.5 72.9 35.2
5.100000 2 168.5 234.5 72.6 33.8
5.133333 2 169.3 233.4 71.9 32.6
5.166667 2 170.4 231.3 71.6 30.4
5.200000 2 170.9 230.2 71.6 29.1
5.233333 2 171.0 225.0 73.5 32.0
5.266667 2 171.2 222.5 74.4 33.2
5.300000 2 171.9 217.6 75.4 35.3
5.333333 2 172.1 214.9 75.8 36.4
5.366667 2 172.8 210.4 76.4 37.1
5.400000 2 173.3 208.0 76.6 37.8
5.433333 2 173.8 203.1 77.3 38.9
5.466667 2 174.1 200.6 77.4 39.4
5.500000 2 174.6 195.8 77.9 39.9
5.533333 2 174.7 193.4 78.2 40.3
5.566667 2 174.7 188.4 79.0 41.2
5.600000 2 174.8 186.0 79.2 41.6
5.633333 2 174.9 181.6 79.4 42.1
5.666667 2 174.7 177.0 79.8 42.7
5.700000 2 174.5 173.0 80.1 42.4
5.733333 2 174.1 170.4 80.6 43.5
5.766667 2 173.6 166.5 80.8 43.5
5.800000 2 173.3 164.5 80.9 43.7
5.833333 2 172.4 160.7 81.2 43.7
5.866667 2 171.6 157.0 81.1 43.5
5.900000 2 170.2 153.3 81.7 44.0
5.933333 2 169.8 151.7 81.5 43.8
5.966667 2 168.4 148.5 81.6 43.4
6.000000 2 167.8 146.9 81.4 43.4
6.033333 2 165.8 143.4 82.0 43.7
6.066667 2 165.2 142.2 81.5 43.0
6.100000 2 163.2 139.2 81.5 42.4
6.133333 2 161.1 136.1 81.4 42.1
6.166667 2 160.2 134.7 81.1 41.5
6.200000 2 157.8 131.7 81.1 41.1
6.233333 2 155.3 128.9 80.8 40.0
6.266667 2 152.9 126.4 80.1 38.5
6.300000 2 151.7 125.2 79.8 37.5
6.333333 2 149.0 122.2 79.4 36.3
6.366667 2 146.5 119.4 78.4 34.6
6.400000 2 143.9 116.7 77.4 32.8
6.433333 2 142.4 115.1 77.2 32.3
6.466667 2 139.9 112.0 76.2 30.8
6.500000 2 136.6 107.7 76.5 31.6
6.533333 2 133.3 103.2 76.9 32.1
6.566667 2 132.1 101.0 76.5 32.5
6.600000 2 128.7 96.4 77.3 33.0
6.633333 2 127.1 94.1 77.5 33.2
6.666667 2 124.1 89.7 77.5 33.4
6.700000 2 123.1 87.4 76.9 33.4
6.733333 2 119.9 82.7 77.6 33.6
6.766667 2 118.5 80.7 77.4 33.3
6.800000 2 115.6 76.2 77.9 32.5
6.833333 2 114.4 73.8 77.4 32.8
6.866667 2 111.7 69.2 77.4 32.5
6.900000 2 110.3 66.7 77.7 32.8
6.933333 2 107.8 62.4 77.4 32.4
6.966667 2 104.8 57.7 78.0 32.4
7.000000 2 103.6 55.6 77.7 32.3
7.033333 2 100.7 51.6 78.2 31.7
7.066667 2 98.2 47.2 77.9 32.0
7.100000 2 95.5 43.1 78.3 32.0
7.133333 2 92.8 39.5 78.3 31.7
7.166667 2 90.1 35.7 78.6 31.7
7.200000 2 87.4 32.2 78.8 31.8
7.233333 2 85.9 30.2 79.4 32.7
7.266667 2 82.8 26.6 80.2 33.2
7.300000 2 80.1 23.8 80.4 33.5
7.333333 2 77.4 21.0 80.7 33.8
7.366667 2 75.9 19.6 80.8 34.2
7.400000 2 73.3 17.7 80.7 33.8
7.433333 2 70.5 16.0 80.8 33.8
7.466667 2 68.8 14.8 81.4 34.7
7.500000 2 66.3 13.9 81.1 33.8
7.533333 2 64.9 13.4 81.2 34.0
7.566667 2 61.8 12.7 81.6 33.5
7.600000 2 60.4 12.7 81.6 33.3
7.633333 2 58.0 12.8 80.9 33.0
7.666667 2 55.1 12.3 81.3 34.5
7.700000 2 53.5 12.1 81.5 35.1
7.733333 2 50.6 11.6 82.0 37.6
7.766667 2 47.4 11.4 83.0 40.1
7.800000 2 46.2 11.6 82.8 40.9
7.833333 2 43.4 11.8 83.6 43.4
7.866667 2 42.2 11.7 83.7 44.9
7.900000 2 39.7 12.2 84.3 47.4
7.933333 2 38.7 12.9 84.6 48.4
7.966667 2 36.9 14.7 84.7 49.6
8.000000 2 35.5 16.5 84.9 50.6
8.033333 2 34.3 19.0 85.3 51.4
8.066667 2 34.2 19.9 84.9 52.4
8.100000 2 33.5 22.4 85.1 53.9
8.133333 2 33.2 23.6 85.4 54.9
8.166667 2 33.2 27.5 85.3 54.1
8.200000 2 33.8 32.0 85.3 53.2
8.233333 2 34.1 34.3 85.3 52.3
8.266667 2 35.1 40.1 85.2 49.4
8.300000 2 35.4 42.6 85.6 48.3
8.333333 2 37.3 48.7 84.8 44.8
8.366667 2 38.1 51.5 84.5 43.8
8.400000 2 39.8 57.3 84.4 41.8
8.433333 2 42.1 63.5 83.1 39.5
8.466667 2 43.3 66.6 82.4 38.4
8.500000 2 44.8 72.8 82.3 36.7
8.533333 2 45.2 75.6 83.0 36.4
8.566667 2 46.0 81.2 83.9 36.1
8.600000 2 46.7 83.8 83.8 36.1
8.633333 2 49.2 90.3 81.3 34.6
8.666667 2 49.2 92.7 82.1 35.1
8.700000 2 50.2 98.8 81.9 35.1
8.733333 2 49.5 104.1 84.8 36.2
8.766667 2 49.4 110.3 86.0 36.0
8.800000 2 49.7 113.6 86.0 35.5
8.833333 2 50.1 120.1 86.0 34.7
8.866667 2 50.2 125.7 86.7 35.4
8.900000 2 50.2 128.7 86.8 35.5
8.933333 2 50.3 134.9 87.0 35.1
8.966667 2 50.2 140.4 87.2 36.5
9.000000 2 50.1 143.1 87.6 37.2
9.033333 2 49.7 148.8 88.3 38.3
9.066667 2 49.6 152.0 88.3 38.2
9.100000 2 49.3 157.8 88.9 39.5
9.133333 2 49.3 164.5 88.8 38.6
9.166667 2 49.4 167.6 88.7 38.6
9.200000 2 49.5 174.5 88.4 37.8
9.233333 2 49.5 177.8 88.3 37.2
9.266667 2 49.7 187.6 87.6 35.5
9.300000 2 49.4 190.2 87.9 36.1
9.333333 2 48.8 195.5 88.7 37.2
9.366667 2 48.3 198.0 89.2 37.9
9.400000 2 47.6 203.2 89.7 38.5
9.433333 2 47.3 205.9 89.8 38.7
9.466667 2 46.3 211.2 90.5 39.3
9.500000 2 45.9 213.9 90.6 39.2
9.533333 2 45.0 219.3 91.0 39.4
9.566667 2 44.6 222.0 90.9 39.2
9.600000 2 43.7 227.7 90.7 38.0
9.633333 2 43.1 230.7 90.7 37.4
9.666667 2 41.9 235.4 90.7 37.0
9.700000 2 41.4 237.6 90.9 37.4
9.733333 2 40.0 241.4 91.4 38.1
9.766667 2 38.6 245.2 91.7 38.2
9.800000 2 38.2 247.5 91.7 37.5
9.833333 2 36.9 250.8 91.8 37.3
9.866667 2 36.5 252.6 91.5 36.8
9.900000 2 35.2 255.3 91.9 37.3
9.933333 2 34.6 256.6 91.9 37.3
9.966667 2 34.0 258.0 92.0 37.0
