0.000000 2 381.7 35.9 42.7 22.1
0.033333 2 380.4 34.5 47.0 24.6
0.066667 2 379.9 32.6 50.1 28.3
0.100000 2 377.7 30.0 54.7 33.6
0.133333 2 383.7 34.7 44.8 24.4
0.166667 2 381.2 33.1 52.6 28.7
0.200000 2 377.6 31.9 60.4 31.6
0.233333 2 383.2 33.3 51.4 29.7
0.266667 2 386.8 36.4 46.2 25.2
0.300000 2 377.8 29.0 64.7 41.8
0.333333 2 387.4 38.3 47.4 25.1
0.366667 2 385.5 37.0 52.3 28.7
0.400000 2 379.8 31.5 65.3 42.5
0.433333 2 387.7 38.6 50.7 29.5
0.466667 2 384.6 35.9 58.9 37.9
0.500000 2 391.8 44.1 46.1 24.0
0.533333 2 391.9 43.6 46.5 26.7
0.566667 2 392.5 45.2 47.1 27.4
0.600000 2 385.2 40.6 63.3 38.4
0.633333 2 393.6 48.0 48.3 27.7
0.666667 2 395.7 52.0 45.6 23.9
0.700000 2 395.8 51.8 46.6 26.2
0.733333 2 393.0 51.3 53.6 31.8
0.766667 2 389.5 51.2 62.6 35.0
0.800000 2 397.3 57.4 48.0 27.6
0.833333 2 397.8 59.1 48.4 29.7
0.866667 2 393.7 57.8 58.5 37.4
0.900000 2 400.6 65.7 46.7 26.8
0.933333 2 389.5 57.3 69.2 47.2
0.966667 2 402.9 71.2 43.6 23.5
1.000000 2 393.3 64.5 64.9 42.7
1.033333 2 392.2 63.6 67.7 46.4
1.066667 2 405.0 77.5 43.2 23.0
1.100000 2 394.5 68.7 65.8 44.3
1.133333 2 403.3 77.1 49.4 30.6
1.166667 2 408.1 81.8 40.1 22.4
1.200000 2 401.3 77.5 55.5 34.4
1.233333 2 409.5 85.3 40.8 21.2
1.266667 2 410.1 85.5 39.9 21.0
1.300000 2 411.0 86.3 40.4 21.2
1.333333 2 407.5 82.0 48.4 29.7
1.366667 2 410.6 84.5 43.7 24.9
1.400000 2 412.2 85.6 41.8 22.8
1.433333 2 407.8 81.3 52.2 30.9
1.466667 2 410.0 83.2 49.3 26.3
1.500000 2 412.7 82.6 45.6 25.0
1.533333 2 412.3 79.8 48.9 28.8
1.566667 2 408.8 75.8 56.2 35.7
1.600000 2 415.2 78.4 45.8 27.7
1.633333 2 414.7 77.9 47.8 26.8
1.666667 2 416.5 76.5 46.2 26.5
1.700000 2 419.5 76.9 42.7 22.6
1.733333 2 419.2 74.9 43.6 24.7
1.766667 2 412.9 66.6 58.4 38.2
1.800000 2 414.8 65.3 57.0 36.8
1.833333 2 421.0 69.4 45.7 26.8
1.866667 2 422.9 67.3 44.1 27.6
1.900000 2 417.6 60.2 57.0 38.8
1.933333 2 423.6 66.5 45.9 24.8
1.966667 2 417.0 57.5 61.7 40.5
2.000000 2 422.0 60.1 53.7 33.4
2.033333 2 426.5 62.8 45.5 26.2
2.066667 2 421.5 58.0 58.0 35.3
2.100000 2 428.0 62.3 45.8 25.2
2.133333 2 419.6 54.4 64.8 40.9
2.166667 2 430.4 61.8 45.0 24.4
2.200000 2 424.4 57.0 58.9 33.1
2.233333 2 424.7 54.8 59.0 37.6
2.266667 2 432.1 60.2 46.1 25.5
2.300000 2 433.2 60.4 45.8 25.3
2.333333 2 434.1 60.4 45.8 25.3
2.366667 2 432.5 58.1 50.2 29.7
2.400000 2 435.2 60.7 46.5 24.6
2.433333 2 435.8 59.8 46.7 26.5
2.466667 2 432.5 58.0 54.8 30.9
2.500000 2 430.6 55.5 59.8 36.0
2.533333 2 436.0 58.8 50.6 30.6
2.566667 2 434.5 57.1 54.8 33.6
2.600000 2 434.8 58.7 55.9 31.4
2.633333 2 428.0 51.7 71.0 46.3
2.666667 2 436.5 59.2 54.7 31.4
2.700000 2 439.6 61.8 50.1 26.4
2.733333 2 438.7 59.1 53.2 32.5
2.766667 2 434.1 55.7 63.9 39.8
2.800000 2 433.4 55.1 67.2 41.7
2.833333 2 438.9 60.7 57.6 31.3
2.866667 2 441.1 59.5 54.0 33.6
2.900000 2 441.9 61.1 53.9 31.6
2.933333 2 441.3 59.9 57.7 35.0
2.966667 2 442.2 61.1 56.7 32.7
3.000000 2 445.7 63.3 51.1 29.6
3.033333 2 444.6 61.3 55.0 34.0
3.066667 2 440.9 60.8 63.7 36.3
3.100000 2 447.0 64.8 53.0 28.8
3.133333 2 443.4 60.5 61.8 39.0
3.166667 2 440.2 58.3 69.9 45.4
3.200000 2 448.2 66.4 54.8 29.2
3.233333 2 444.3 61.8 64.4 40.4
3.266667 2 449.2 65.8 55.5 32.7
3.300000 2 449.6 68.4 56.4 29.5
3.333333 2 438.6 57.0 79.4 53.9
3.366667 2 441.8 59.9 74.6 50.0
3.400000 2 450.2 66.6 58.3 37.1
3.433333 2 451.4 68.0 58.1 36.3
3.466667 2 446.0 64.2 69.9 45.1
3.500000 2 452.3 70.2 59.1 35.6
3.533333 2 454.2 72.3 57.3 34.1
3.566667 2 455.5 73.1 55.6 34.4
3.600000 2 458.2 77.3 52.5 29.4
3.633333 2 458.8 79.2 54.0 29.9
3.666667 2 457.5 77.5 57.3 35.8
3.700000 2 447.3 70.6 80.2 54.8
3.733333 2 447.1 70.6 82.3 56.9
3.766667 2 459.8 82.4 58.6 37.9
3.800000 2 455.1 79.7 70.1 48.7
3.833333 2 463.5 88.6 55.5 35.3
3.866667 2 453.7 82.4 76.6 51.3
3.900000 2 464.9 92.6 56.0 35.1
3.933333 2 454.2 86.8 79.5 50.2
3.966667 2 465.6 97.4 58.4 33.6
4.000000 2 464.7 96.3 62.7 41.8
4.033333 2 466.1 99.5 61.1 37.6
4.066667 2 466.2 100.9 63.4 40.4
4.100000 2 461.3 97.1 75.8 53.5
4.133333 2 465.9 102.8 68.9 46.6
4.166667 2 469.7 107.8 62.5 39.3
4.200000 2 461.2 101.2 82.1 57.7
4.233333 2 472.6 113.7 62.0 37.3
4.266667 2 468.7 109.7 73.0 50.1
4.300000 2 474.7 116.8 63.3 40.7
4.333333 2 476.0 118.1 62.3 40.5
4.366667 2 468.6 113.9 80.0 54.1
4.400000 2 478.0 121.8 62.2 40.8
4.433333 2 479.2 125.2 63.4 38.4
4.466667 2 480.5 126.5 63.4 41.3
4.500000 2 480.9 127.1 64.4 42.1
4.533333 2 479.8 129.1 69.8 43.2
4.566667 2 479.5 128.0 71.8 47.5
4.600000 2 487.3 136.1 59.2 36.1
4.633333 2 488.5 138.5 58.4 33.6
4.666667 2 481.7 132.0 75.2 52.3
4.700000 2 489.4 140.0 63.3 40.9
4.733333 2 487.3 140.5 69.1 42.4
4.766667 2 496.1 147.8 54.6 32.6
4.800000 2 494.8 147.3 60.5 38.4
4.833333 2 493.1 148.9 67.6 40.0
4.866667 2 500.2 155.4 55.2 29.4
4.900000 2 496.4 151.2 65.8 42.9
4.933333 2 492.2 148.3 75.8 51.5
4.966667 2 503.9 159.5 55.8 33.0
5.000000 2 503.7 159.8 59.5 37.5
5.033333 2 500.2 156.9 70.1 47.9
5.066667 2 509.2 165.2 53.5 33.5
5.100000 2 513.3 171.1 48.9 26.0
5.133333 2 508.9 167.5 59.2 36.2
5.166667 2 513.9 171.8 52.3 32.4
5.200000 2 509.6 169.9 64.8 41.7
5.233333 2 518.1 178.1 51.3 30.1
5.266667 2 510.6 172.9 67.9 44.0
5.300000 2 515.3 177.2 61.7 40.9
5.333333 2 521.4 183.7 53.2 33.1
5.366667 2 514.7 180.5 68.5 42.7
5.400000 2 524.0 188.4 52.6 31.6
5.433333 2 525.1 192.6 53.3 28.6
5.466667 2 526.8 193.8 51.4 28.6
5.500000 2 523.6 191.2 61.0 39.4
5.533333 2 527.8 195.8 54.1 32.1
5.566667 2 530.9 199.0 50.3 30.5
5.600000 2 528.4 199.2 58.0 34.6
5.633333 2 528.6 201.1 60.7 35.1
5.666667 2 529.2 201.0 62.3 39.8
5.700000 2 530.8 203.0 60.6 37.2
5.733333 2 535.1 208.0 55.3 30.6
5.766667 2 539.5 211.1 49.3 28.0
5.800000 2 535.8 210.4 60.1 32.2
5.833333 2 541.2 213.5 50.4 27.5
5.866667 2 542.0 212.5 52.3 31.6
5.900000 2 539.1 210.4 61.7 38.6
5.933333 2 546.2 216.2 49.2 27.7
5.966667 2 547.3 216.6 50.2 28.8
6.000000 2 545.5 214.1 55.4 34.8
6.033333 2 550.3 217.6 49.2 29.0
6.066667 2 546.6 215.3 60.1 35.0
6.100000 2 553.3 218.2 49.8 29.9
6.133333 2 549.6 214.3 59.1 38.7
6.166667 2 555.9 219.3 49.7 29.4
6.200000 2 556.9 219.1 50.6 31.8
6.233333 2 555.0 216.8 56.0 37.4
6.266667 2 554.5 217.2 60.1 38.7
6.300000 2 559.3 219.9 51.8 34.4
6.333333 2 559.7 220.3 54.2 36.1
6.366667 2 561.4 222.4 52.1 33.3
6.400000 2 555.6 218.3 66.4 45.1
6.433333 2 564.2 224.6 51.5 35.2
6.466667 2 563.9 225.5 54.7 37.1
6.500000 2 558.8 221.7 66.4 46.6
6.533333 2 566.2 228.0 53.3 36.8
6.566667 2 568.3 230.7 50.0 32.8
6.600000 2 566.3 230.0 55.9 38.1
6.633333 2 562.6 228.4 64.4 43.1
6.666667 2 568.6 235.1 54.7 36.4
6.700000 2 569.3 236.6 53.9 35.2
6.733333 2 569.9 238.9 53.8 34.7
6.766667 2 569.0 239.6 56.1 37.6
6.800000 2 567.3 239.4 59.7 40.3
6.833333 2 568.6 243.3 57.5 37.3
6.866667 2 571.3 248.1 52.4 32.2
6.900000 2 562.1 242.0 70.8 47.8
6.933333 2 571.2 251.8 52.5 32.9
6.966667 2 571.2 254.6 52.4 33.1
7.000000 2 564.7 250.6 65.0 44.1
7.033333 2 560.5 251.2 73.0 49.6
7.066667 2 570.9 262.3 51.5 29.5
7.100000 2 568.4 261.7 55.5 37.4
7.133333 2 569.2 265.9 53.2 34.9
7.166667 2 569.5 269.3 51.4 33.7
7.200000 2 568.1 273.6 53.0 31.6
7.233333 2 564.3 270.0 59.6 41.2
7.266667 2 560.7 271.2 65.1 45.1
7.300000 2 566.3 278.3 51.9 36.0
7.333333 2 561.0 275.5 61.8 44.4
7.366667 2 563.9 280.9 53.9 38.3
7.400000 2 564.5 283.2 51.4 36.0
7.433333 2 560.5 283.2 57.4 40.8
7.466667 2 561.4 286.2 53.4 38.4
7.500000 2 555.6 285.5 62.7 44.9
7.533333 2 560.7 289.8 50.9 36.7
7.566667 2 559.0 291.3 51.7 37.7
7.600000 2 557.7 292.1 52.1 38.3
7.633333 2 556.4 292.3 53.2 39.6
7.666667 2 548.8 288.3 66.5 49.4
7.700000 2 553.4 293.1 55.0 40.6
7.733333 2 551.7 293.7 57.3 40.6
7.766667 2 552.7 295.9 53.4 36.7
7.800000 2 549.9 295.6 57.3 38.9
7.833333 2 543.0 290.3 69.4 49.3
7.866667 2 550.0 295.8 53.2 37.1
7.900000 2 549.4 295.2 52.8 38.3
7.933333 2 542.0 289.6 66.4 48.5
7.966667 2 542.7 290.5 63.0 44.9
8.000000 2 545.8 292.2 56.3 40.5
8.033333 2 546.4 292.5 53.6 37.4
8.066667 2 545.2 292.0 54.5 36.2
8.100000 2 543.9 288.9 55.6 38.2
8.133333 2 540.4 283.5 61.3 44.9
8.166667 2 541.0 284.0 59.4 41.8
8.200000 2 543.2 283.3 53.5 38.1
8.233333 2 540.3 279.8 58.3 40.4
8.266667 2 543.5 280.1 51.2 36.1
8.300000 2 542.4 277.6 52.1 34.9
8.333333 2 542.9 274.1 49.9 34.3
8.366667 2 542.1 270.0 50.5 34.1
8.400000 2 541.2 265.6 51.3 34.8
8.433333 2 541.0 262.7 51.1 31.3
8.466667 2 539.6 255.9 53.0 36.2
8.500000 2 539.2 251.4 53.4 36.1
8.533333 2 538.8 247.3 53.1 35.3
8.566667 2 533.4 240.7 63.4 44.4
8.600000 2 539.8 242.7 49.3 30.5
8.633333 2 539.7 237.5 48.4 31.3
8.666667 2 538.2 235.4 50.5 31.1
8.700000 2 536.7 230.6 52.0 30.9
8.733333 2 529.2 221.3 66.1 45.0
8.766667 2 530.3 218.1 62.0 41.2
8.800000 2 530.4 214.2 59.7 39.1
8.833333 2 535.0 213.2 48.1 30.2
8.866667 2 534.5 208.5 46.8 28.9
8.900000 2 529.9 201.9 53.7 31.8
8.933333 2 530.7 197.5 49.5 29.5
8.966667 2 530.9 192.8 46.4 28.5
9.000000 2 523.2 185.8 60.5 37.9
9.033333 2 521.6 179.6 60.9 40.3
9.066667 2 526.3 180.7 48.2 28.4
9.100000 2 525.6 175.9 46.7 28.5
9.133333 2 517.2 166.5 60.2 38.5
9.166667 2 521.4 168.3 49.9 30.1
9.200000 2 521.2 166.8 46.9 24.4
9.233333 2 519.9 164.5 47.5 24.9
9.266667 2 516.5 158.2 50.7 29.2
9.300000 2 513.7 153.5 52.4 30.6
9.333333 2 510.3 150.0 57.2 33.7
9.366667 2 508.2 146.9 57.1 31.8
9.400000 2 506.0 143.3 59.1 35.1
9.433333 2 505.2 139.2 56.0 35.6
9.466667 2 495.2 128.6 71.9 48.8
9.500000 2 492.7 125.4 74.7 51.2
9.533333 2 498.3 128.0 59.0 36.4
9.566667 2 496.4 124.5 60.1 39.1
9.600000 2 494.9 119.7 58.9 39.0
9.633333 2 492.9 114.5 58.7 39.5
9.666667 2 487.9 109.0 66.9 45.4
9.700000 2 490.3 106.7 58.3 39.0
9.733333 2 486.0 99.9 63.5 41.3
9.766667 2 484.6 95.9 64.4 43.5
9.800000 2 486.6 91.6 57.4 39.3
9.833333 2 477.2 79.0 73.6 51.8
9.866667 2 481.5 76.8 61.8 42.7
9.900000 2 477.2 66.8 67.6 48.5
9.933333 2 479.7 65.3 61.3 44.1
9.966667 2 475.8 55.2 66.6 49.0
10.000000 2 475.0 51.4 67.0 48.5
10.033333 2 475.4 43.9 63.6 46.5
10.066667 2 473.4 33.9 65.5 48.6
10.100000 2 474.7 31.5 61.9 43.7
10.133333 2 472.4 19.8 65.3 47.7
