0.000000 2 239.5 153.1 30.6 31.5
0.033333 2 239.5 153.7 30.6 31.5
0.066667 2 239.7 154.1 30.5 31.5
0.100000 2 239.7 154.9 30.5 31.5
0.133333 2 239.8 155.5 30.5 31.4
0.166667 2 239.9 156.3 30.5 31.4
0.200000 2 240.0 158.4 30.5 31.4
0.233333 2 240.0 159.0 30.6 31.5
0.266667 2 240.1 160.4 30.7 31.6
0.300000 2 240.2 162.1 30.7 31.6
0.333333 2 240.5 163.9 30.6 31.5
0.366667 2 240.5 164.9 30.6 31.5
0.400000 2 240.7 167.0 30.5 31.4
0.433333 2 240.7 168.5 30.5 31.4
0.466667 2 240.9 170.7 30.3 31.2
0.500000 2 241.0 173.4 30.3 31.2
0.533333 2 241.0 174.7 30.3 31.3
0.566667 2 241.1 177.5 30.3 31.3
0.600000 2 241.1 180.7 30.4 31.3
0.633333 2 241.1 183.8 30.5 31.4
0.666667 2 241.1 185.5 30.5 31.4
0.700000 2 241.0 188.8 30.4 31.3
0.733333 2 241.0 191.4 30.3 31.2
0.766667 2 241.0 192.6 30.3 31.2
0.800000 2 240.5 194.7 30.3 31.2
0.833333 2 240.4 195.6 30.4 31.3
0.866667 2 240.1 197.0 30.3 31.2
0.900000 2 239.6 197.7 30.3 31.2
0.933333 2 238.8 198.0 30.3 31.2
0.966667 2 237.8 197.7 30.3 31.2
1.000000 2 237.1 197.1 30.4 31.3
1.033333 2 236.0 195.9 30.3 31.2
1.066667 2 235.5 195.2 30.4 31.3
1.100000 2 234.0 193.5 30.3 31.3
1.133333 2 233.4 192.4 30.4 31.3
1.166667 2 232.0 190.1 30.3 31.2
1.200000 2 230.1 187.0 30.4 31.3
1.233333 2 228.6 184.2 30.4 31.3
1.266667 2 227.7 182.7 30.4 31.3
1.300000 2 226.0 179.2 30.3 31.3
1.333333 2 224.4 175.7 30.4 31.4
1.366667 2 223.7 173.9 30.3 31.2
1.400000 2 221.9 170.1 30.3 31.2
1.433333 2 220.9 168.3 30.4 31.3
1.466667 2 219.1 164.1 30.5 31.4
1.500000 2 217.3 160.2 30.6 31.5
1.533333 2 215.7 156.0 30.5 31.4
1.566667 2 214.9 154.2 30.5 31.5
1.600000 2 213.1 150.0 30.5 31.4
1.633333 2 212.2 148.1 30.5 31.5
1.666667 2 210.3 144.1 30.7 31.6
1.700000 2 208.6 140.5 30.6 31.5
1.733333 2 207.6 138.7 30.5 31.5
1.766667 2 205.7 135.0 30.5 31.5
1.800000 2 204.9 133.4 30.6 31.6
1.833333 2 203.1 130.0 30.6 31.5
1.866667 2 202.2 128.0 30.7 31.6
1.900000 2 200.5 125.1 30.8 31.7
1.933333 2 198.6 120.4 30.7 31.6
1.966667 2 198.0 118.9 30.6 31.6
2.000000 2 196.9 115.5 30.7 31.6
2.033333 2 196.2 112.0 30.8 31.7
2.066667 2 195.9 110.1 30.8 31.8
2.100000 2 195.6 107.0 30.7 31.6
2.133333 2 195.4 105.5 30.7 31.6
2.166667 2 195.1 102.1 30.7 31.6
2.200000 2 194.8 99.0 30.5 31.5
2.233333 2 194.6 97.3 30.6 31.6
2.266667 2 194.3 94.0 30.6 31.6
2.300000 2 194.0 92.4 30.6 31.5
2.333333 2 193.6 89.0 30.6 31.6
2.366667 2 193.0 85.7 30.6 31.6
2.400000 2 192.6 82.4 30.7 31.6
2.433333 2 192.4 80.9 30.8 31.8
2.466667 2 191.7 76.6 30.8 31.8
2.500000 2 191.4 75.0 31.1 32.0
2.533333 2 191.1 72.4 31.0 32.0
2.566667 2 190.8 70.9 31.2 32.1
2.600000 2 190.7 68.5 31.0 31.9
2.633333 2 190.5 67.3 31.1 32.0
2.666667 2 190.0 64.9 31.3 32.3
2.700000 2 189.8 63.9 31.2 32.2
2.733333 2 189.5 61.7 31.4 32.3
2.766667 2 189.3 60.2 31.3 32.2
2.800000 2 188.9 58.5 31.4 32.4
2.833333 2 188.7 58.0 31.3 32.3
2.866667 2 188.4 56.7 31.4 32.4
2.900000 2 188.4 56.2 31.3 32.2
2.933333 2 187.9 55.6 31.3 32.3
2.966667 2 187.5 54.9 31.5 32.4
3.000000 2 187.4 55.0 31.4 32.4
3.033333 2 187.1 54.4 31.5 32.5
3.066667 2 186.4 54.6 31.6 32.6
3.100000 2 186.3 54.5 31.7 32.7
3.133333 2 185.6 54.8 31.9 32.8
3.166667 2 185.4 55.2 31.7 32.6
3.200000 2 184.8 55.6 32.0 33.0
3.233333 2 184.3 56.7 31.8 32.8
3.266667 2 183.9 57.3 32.0 33.0
3.300000 2 183.2 58.3 32.1 33.0
3.333333 2 183.0 59.1 31.9 32.9
3.366667 2 182.2 60.6 31.9 32.9
3.400000 2 181.4 62.1 32.1 33.1
3.433333 2 181.3 63.2 31.7 32.7
3.466667 2 180.5 64.8 31.9 32.9
3.500000 2 180.0 65.8 31.9 32.8
3.533333 2 179.2 67.8 31.7 32.7
3.566667 2 178.4 70.1 31.6 32.6
3.600000 2 178.1 71.2 31.6 32.6
3.633333 2 177.1 73.3 31.7 32.7
3.666667 2 176.1 75.5 31.9 32.9
3.700000 2 175.6 76.9 31.9 32.8
3.733333 2 175.0 79.2 31.7 32.7
3.766667 2 174.2 81.6 31.9 32.9
3.800000 2 173.9 83.0 31.7 32.7
3.833333 2 173.3 85.4 31.6 32.6
3.866667 2 173.0 86.3 31.8 32.8
3.900000 2 172.4 88.5 32.0 33.0
3.933333 2 172.4 89.9 31.6 32.6
3.966667 2 172.3 92.3 31.5 32.5
4.000000 2 172.2 93.4 31.6 32.6
4.033333 2 171.9 95.5 31.9 32.8
4.066667 2 172.0 97.8 31.7 32.7
4.100000 2 172.3 100.1 31.5 32.5
4.133333 2 172.5 101.1 31.5 32.5
4.166667 2 172.8 103.3 31.8 32.7
4.200000 2 173.2 104.3 31.5 32.4
4.233333 2 173.8 106.3 31.8 32.7
4.266667 2 174.7 108.3 31.6 32.6
4.300000 2 175.3 109.4 31.4 32.4
4.333333 2 176.5 111.3 31.4 32.4
4.366667 2 177.1 111.9 31.6 32.6
4.400000 2 178.5 113.5 31.8 32.8
4.433333 2 179.4 114.5 31.6 32.5
4.466667 2 181.2 116.2 31.4 32.4
4.500000 2 182.0 117.2 31.5 32.4
4.533333 2 183.7 118.5 31.9 32.9
4.566667 2 184.9 119.3 31.6 32.5
4.600000 2 187.0 120.8 31.7 32.7
4.633333 2 188.2 121.4 31.4 32.4
4.666667 2 190.3 122.5 31.6 32.6
4.700000 2 191.6 123.4 31.4 32.4
4.733333 2 193.9 124.5 31.5 32.5
4.766667 2 195.1 125.0 31.5 32.4
4.800000 2 197.7 126.2 31.5 32.5
4.833333 2 200.4 127.2 31.5 32.4
4.866667 2 201.4 127.6 31.7 32.7
4.900000 2 204.2 128.5 31.7 32.7
4.933333 2 206.6 129.4 31.8 32.7
4.966667 2 208.1 130.0 31.6 32.6
5.000000 2 210.6 130.9 31.7 32.7
5.033333 2 211.9 131.3 31.7 32.6
5.066667 2 214.4 132.0 31.5 32.5
5.100000 2 215.4 132.4 31.8 32.8
5.133333 2 217.9 133.3 31.8 32.8
5.166667 2 218.9 133.9 31.8 32.7
5.200000 2 221.1 135.0 31.6 32.6
5.233333 2 222.8 135.8 31.8 32.8
5.266667 2 223.6 136.3 32.1 33.1
5.300000 2 225.4 137.3 31.9 32.8
5.333333 2 226.9 138.7 31.9 32.9
5.366667 2 227.3 139.4 32.0 33.0
5.400000 2 228.6 140.7 32.1 33.1
5.433333 2 229.5 142.3 32.3 33.3
5.466667 2 230.1 143.3 31.8 32.8
5.500000 2 230.6 145.0 32.0 33.0
5.533333 2 231.4 146.9 31.8 32.8
5.566667 2 231.9 148.6 31.9 32.9
5.600000 2 232.1 149.5 31.8 32.8
5.633333 2 232.5 151.3 31.8 32.8
5.666667 2 232.8 152.2 31.9 32.9
5.700000 2 233.0 154.2 31.9 32.8
5.733333 2 233.1 155.2 31.8 32.8
5.766667 2 233.4 157.4 32.0 33.0
5.800000 2 233.5 158.4 32.1 33.1
5.833333 2 234.2 160.4 31.9 32.9
5.866667 2 234.3 161.4 32.0 33.0
5.900000 2 235.0 163.3 32.0 33.0
5.933333 2 235.2 164.3 31.9 32.9
5.966667 2 235.8 166.2 32.0 33.0
6.000000 2 236.2 167.0 31.7 32.7
6.033333 2 237.0 169.1 31.8 32.8
6.066667 2 237.8 170.6 32.0 33.0
6.100000 2 238.3 171.6 32.0 33.0
6.133333 2 239.3 173.3 32.0 33.0
6.166667 2 240.0 174.2 31.9 32.9
6.200000 2 240.3 175.3 32.0 33.0
6.233333 2 241.9 177.1 31.9 32.8
6.266667 2 242.5 178.1 31.9 32.9
6.300000 2 243.9 180.0 31.8 32.8
6.333333 2 244.5 180.8 32.0 33.0
6.366667 2 246.0 182.5 32.0 32.9
6.400000 2 247.5 184.3 32.1 33.1
6.433333 2 248.3 185.4 32.0 33.0
6.466667 2 250.3 187.3 31.6 32.6
6.500000 2 251.0 188.2 31.6 32.6
6.533333 2 252.7 189.5 32.1 33.1
6.566667 2 254.5 191.1 31.8 32.8
6.600000 2 255.5 191.7 32.0 33.0
6.633333 2 257.3 192.8 31.9 32.8
6.666667 2 258.1 193.3 32.1 33.1
6.700000 2 260.1 194.3 31.8 32.8
6.733333 2 260.9 195.0 31.7 32.7
6.766667 2 262.8 196.0 31.8 32.8
6.800000 2 264.5 197.3 31.7 32.7
6.833333 2 265.3 197.9 31.7 32.7
6.866667 2 267.0 198.9 31.8 32.7
6.900000 2 267.7 199.3 31.9 32.9
6.933333 2 269.3 200.5 31.8 32.8
6.966667 2 270.2 201.1 31.6 32.6
7.000000 2 271.5 202.2 31.7 32.7
7.033333 2 272.1 202.5 31.8 32.8
7.066667 2 273.4 203.7 31.8 32.8
7.100000 2 274.2 204.3 31.6 32.6
7.133333 2 275.5 205.2 31.7 32.7
7.166667 2 276.9 206.2 31.8 32.7
7.200000 2 277.4 206.8 31.8 32.8
7.233333 2 278.6 207.8 31.9 32.9
7.266667 2 280.0 209.0 31.7 32.7
7.300000 2 280.5 209.5 32.1 33.0
7.333333 2 281.7 210.8 31.9 32.9
7.366667 2 283.2 212.3 31.7 32.7
7.400000 2 283.5 213.0 31.8 32.8
7.433333 2 284.6 214.3 32.1 33.1
7.466667 2 285.9 216.0 31.8 32.8
7.500000 2 286.3 216.8 31.8 32.8
7.533333 2 287.3 218.6 32.0 32.9
7.566667 2 288.3 220.6 31.9 32.9
7.600000 2 288.6 221.5 32.2 33.1
7.633333 2 289.7 223.7 32.0 33.0
7.666667 2 290.5 225.9 31.9 32.9
7.700000 2 291.4 228.3 31.8 32.7
7.733333 2 291.8 229.3 32.0 33.0
7.766667 2 292.4 231.7 31.9 32.9
7.800000 2 293.1 234.2 31.7 32.7
7.833333 2 293.4 235.3 31.8 32.8
7.866667 2 293.9 237.9 31.9 32.9
7.900000 2 294.3 240.3 31.7 32.7
7.933333 2 294.4 241.3 32.0 33.0
7.966667 2 294.7 243.9 32.0 32.9
8.000000 2 294.9 246.3 31.9 32.9
8.033333 2 295.0 247.6 31.9 32.9
8.066667 2 295.2 250.1 31.7 32.7
8.100000 2 295.2 252.5 31.9 32.9
8.133333 2 295.2 253.9 31.8 32.8
8.166667 2 295.2 256.2 31.7 32.7
8.200000 2 295.0 257.4 31.9 32.9
8.233333 2 294.9 259.8 31.9 32.9
8.266667 2 294.9 261.1 31.8 32.8
8.300000 2 294.4 263.3 32.0 33.0
8.333333 2 294.1 265.8 31.9 32.9
8.366667 2 294.1 267.0 31.8 32.7
8.400000 2 293.5 269.2 31.9 32.8
8.433333 2 293.0 271.3 32.0 33.0
8.466667 2 292.6 272.4 32.2 33.2
8.500000 2 292.0 274.5 32.0 33.0
8.533333 2 291.6 275.6 32.1 33.1
8.566667 2 291.0 277.5 32.0 33.0
8.600000 2 290.2 279.3 32.0 33.0
8.633333 2 289.4 281.0 31.9 32.8
8.666667 2 288.8 281.9 32.0 33.0
8.700000 2 287.8 283.3 32.1 33.1
8.733333 2 287.2 284.3 31.9 32.9
8.766667 2 286.2 285.9 31.8 32.8
8.800000 2 285.5 286.3 32.2 33.2
8.833333 2 284.2 287.7 31.9 32.9
8.866667 2 283.6 288.1 32.1 33.1
8.900000 2 282.2 289.4 32.1 33.1
8.933333 2 280.7 290.3 32.2 33.2
8.966667 2 279.3 291.2 32.1 33.1
9.000000 2 278.7 291.6 32.1 33.1
9.033333 2 277.2 292.3 32.1 33.1
9.066667 2 276.4 292.8 32.1 33.1
9.100000 2 275.2 293.4 32.1 33.1
9.133333 2 274.6 293.6 32.1 33.1
9.166667 2 273.4 294.2 31.9 32.9
9.200000 2 272.9 294.3 32.1 33.1
9.233333 2 271.8 294.2 32.2 33.2
9.266667 2 270.9 294.8 32.1 33.1
9.300000 2 270.3 294.7 32.1 33.1
9.333333 2 269.9 294.7 32.0 33.0
9.366667 2 269.5 294.6 32.2 33.2
9.400000 2 269.3 294.3 32.2 33.2
9.433333 2 269.3 294.2 32.2 33.1
9.466667 2 269.5 293.6 32.2 33.2
9.500000 2 270.1 293.1 31.9 32.9
9.533333 2 270.4 292.8 32.0 33.0
9.566667 2 270.6 292.2 32.3 33.3
9.600000 2 271.7 291.2 32.2 33.2
9.633333 2 273.2 290.3 32.0 33.0
9.666667 2 273.9 289.4 32.1 33.1
9.700000 2 275.6 288.2 32.2 33.2
9.733333 2 276.5 287.2 32.2 33.2
9.766667 2 278.7 285.6 32.1 33.1
9.800000 2 279.9 284.8 31.9 32.9
9.833333 2 282.2 282.4 32.1 33.1
9.866667 2 283.3 281.3 32.2 33.2
9.900000 2 286.1 279.1 31.9 32.9
9.933333 2 287.2 277.4 32.1 33.1
9.966667 2 289.8 274.7 32.1 33.1
10.000000 2 291.2 273.1 32.0 33.0
10.033333 2 293.7 270.1 32.2 33.2
10.066667 2 296.4 267.0 32.1 33.1
10.100000 2 297.3 265.6 32.2 33.2
10.133333 2 300.0 262.5 32.1 33.1
10.166667 2 301.1 260.9 31.9 32.9
10.200000 2 303.2 257.5 32.1 33.1
10.233333 2 304.3 256.1 31.9 32.9
10.266667 2 306.3 252.7 32.1 33.1
10.300000 2 307.3 251.1 32.0 33.0
10.333333 2 309.2 248.0 31.9 32.9
10.366667 2 310.0 246.1 32.0 33.0
10.400000 2 311.4 243.0 32.2 33.2
10.433333 2 312.2 241.4 32.2 33.2
10.466667 2 315.0 233.7 32.0 33.0
10.500000 2 315.3 232.1 32.3 33.2
10.533333 2 315.8 229.2 32.2 33.2
10.566667 2 316.0 226.5 32.1 33.1
10.600000 2 316.1 225.2 32.1 33.1
10.633333 2 315.9 222.3 32.3 33.3
10.666667 2 315.5 221.0 32.5 33.5
10.700000 2 314.8 219.0 32.1 33.1
10.733333 2 313.6 216.7 32.2 33.2
10.766667 2 312.8 215.9 32.1 33.1
10.800000 2 311.0 214.0 32.0 33.0
