0.000000 2 252.0 99.0 43.0 32.0
0.033333 2 251.0 97.0 52.0 33.0
0.066667 2 251.1 92.8 53.2 34.0
0.100000 2 251.7 89.3 53.0 33.6
0.133333 2 252.0 85.8 53.0 33.7
0.166667 2 251.9 83.9 53.3 34.1
0.200000 2 252.7 80.7 52.4 33.5
0.233333 2 252.1 78.7 53.4 34.5
0.266667 2 252.6 75.6 52.4 33.5
0.300000 2 252.1 72.0 53.1 34.0
0.333333 2 252.3 70.5 52.5 33.6
0.366667 2 251.8 67.2 52.8 33.7
0.400000 2 252.2 66.0 51.4 32.7
0.433333 2 251.0 62.1 52.8 34.0
0.466667 2 251.4 61.0 51.4 32.9
0.500000 2 250.2 57.3 52.3 34.0
0.533333 2 249.1 53.8 52.6 34.0
0.566667 2 248.8 52.3 52.3 33.4
0.600000 2 248.5 49.3 50.9 32.3
0.633333 2 247.4 46.7 51.9 33.6
0.666667 2 246.3 43.2 51.6 32.9
0.700000 2 245.3 40.8 52.1 33.7
0.733333 2 244.5 37.4 50.7 32.2
0.766667 2 242.2 32.3 52.4 33.7
0.800000 2 241.1 30.0 52.6 33.8
0.833333 2 239.7 25.4 52.0 33.2
0.866667 2 239.0 23.3 51.5 32.9
0.900000 2 237.6 18.6 50.8 32.4
0.933333 2 319.0 222.0 27.0 31.0
0.966667 2 318.1 219.6 27.2 31.1
1.000000 2 317.1 217.6 26.9 30.9
1.033333 2 316.0 216.5 27.3 31.3
1.066667 2 313.7 214.1 28.4 32.3
1.100000 2 311.8 213.1 27.5 31.4
1.133333 2 310.7 212.4 27.4 31.3
1.166667 2 307.6 211.2 27.4 31.4
1.200000 2 305.7 210.7 27.6 31.6
1.233333 2 301.6 209.4 28.5 32.4
1.266667 2 297.8 209.3 27.6 31.6
1.300000 2 292.7 208.4 28.4 32.3
1.333333 2 290.8 208.7 27.6 31.6
1.366667 2 285.1 208.6 27.9 31.8
1.400000 2 282.5 208.9 27.5 31.5
1.433333 2 276.4 209.4 27.7 31.7
1.466667 2 273.4 209.6 27.7 31.7
1.500000 2 266.8 210.4 27.6 31.5
1.533333 2 263.3 210.7 27.8 31.7
1.566667 2 255.8 211.1 28.7 32.6
1.600000 2 252.1 211.9 28.4 32.4
1.633333 2 244.5 213.0 28.1 32.0
1.666667 2 240.5 213.1 28.4 32.3
1.700000 2 232.7 214.0 27.8 31.7
1.733333 2 228.5 214.1 27.8 31.9
1.766667 2 220.0 214.2 28.3 32.4
1.800000 2 215.6 214.2 28.8 32.8
1.833333 2 207.3 214.1 28.8 32.8
1.866667 2 199.7 214.4 27.8 31.8
1.900000 2 191.8 213.4 27.6 31.7
1.933333 2 184.0 212.2 28.1 32.1
1.966667 2 180.5 211.4 27.8 31.8
2.000000 2 176.8 210.6 27.6 31.7
2.033333 2 169.9 208.9 27.5 31.5
2.066667 2 163.4 206.2 27.6 31.6
2.100000 2 160.5 205.1 27.4 31.5
2.133333 2 154.9 202.0 27.6 31.6
2.166667 2 152.3 200.1 27.6 31.6
2.200000 2 147.8 196.6 27.6 31.6
2.233333 2 143.8 192.5 27.7 31.8
2.266667 2 141.8 190.3 27.9 32.0
2.300000 2 139.0 186.1 28.1 32.1
2.333333 2 136.7 181.4 27.7 31.8
2.366667 2 135.1 176.4 28.0 32.0
2.400000 2 134.7 174.2 27.3 31.4
2.433333 2 133.9 169.2 27.4 31.4
2.466667 2 133.7 163.8 27.6 31.6
2.500000 2 133.8 161.0 27.5 31.5
2.533333 2 134.7 155.3 27.5 31.5
2.566667 2 134.8 151.9 28.2 32.1
2.600000 2 136.7 146.3 27.4 31.4
2.633333 2 137.5 143.2 27.5 31.5
2.666667 2 139.7 136.7 27.6 31.7
2.700000 2 140.7 133.4 28.3 32.3
2.733333 2 143.9 126.4 28.2 32.2
2.766667 2 145.9 123.3 27.3 31.2
2.800000 2 149.0 115.4 28.1 32.1
2.833333 2 150.9 112.0 27.8 31.8
2.866667 2 154.7 105.3 27.4 31.4
2.900000 2 155.7 101.0 28.5 32.5
2.933333 2 159.8 94.4 27.6 31.7
2.966667 2 163.2 87.2 27.8 31.8
3.000000 2 164.8 83.4 28.1 32.1
3.033333 2 168.4 76.6 27.7 31.7
3.066667 2 170.1 73.0 28.0 31.9
3.100000 2 173.6 66.2 27.5 31.4
3.133333 2 176.8 59.3 27.4 31.4
3.166667 2 178.0 55.4 28.2 32.2
3.200000 2 181.0 48.9 28.1 32.0
3.233333 2 183.7 42.0 28.5 32.4
3.266667 2 185.3 39.2 27.8 31.8
3.300000 2 187.7 32.6 28.3 32.2
3.333333 2 189.1 29.4 28.0 32.0
3.366667 2 191.7 23.4 27.6 31.6
3.400000 2 193.7 17.2 28.2 32.1
3.433333 2 210.0 232.0 32.0 25.0
3.466667 2 202.0 225.3 47.6 37.8
3.500000 2 206.3 229.2 38.0 30.2
3.533333 2 206.5 228.8 37.3 29.3
3.566667 2 205.8 227.5 38.5 30.2
3.600000 2 202.7 224.3 44.6 35.6
3.633333 2 203.1 223.6 44.0 35.5
3.666667 2 204.0 223.7 42.1 33.8
3.700000 2 202.1 220.4 46.6 37.8
3.733333 2 204.7 220.5 42.8 34.7
3.766667 2 198.4 212.6 57.0 47.2
3.800000 2 205.0 216.9 44.6 36.5
3.833333 2 206.7 215.4 42.9 35.5
3.866667 2 201.1 208.8 55.8 46.6
3.900000 2 207.1 210.9 46.0 37.8
3.933333 2 207.2 209.1 47.7 39.0
3.966667 2 208.4 206.1 47.9 39.9
4.000000 2 213.9 207.1 40.2 32.6
4.033333 2 211.5 202.6 47.0 38.9
4.066667 2 211.3 198.7 50.5 40.9
4.100000 2 213.0 198.2 48.9 39.1
4.133333 2 217.1 196.9 44.1 35.5
4.166667 2 215.6 191.5 50.7 40.3
4.200000 2 212.0 186.6 59.6 47.1
4.233333 2 221.6 189.2 43.0 35.2
4.266667 2 214.8 181.8 58.3 46.5
4.300000 2 222.2 183.1 45.7 36.9
4.333333 2 218.6 178.1 54.8 43.4
4.366667 2 223.6 176.8 46.7 39.3
4.400000 2 221.8 173.2 51.4 42.3
4.433333 2 222.7 169.3 51.6 42.7
4.466667 2 222.4 164.2 54.0 46.0
4.500000 2 217.3 158.4 65.4 53.6
4.533333 2 225.9 161.1 49.1 40.8
4.566667 2 226.8 159.5 48.4 40.5
4.600000 2 224.3 152.8 54.2 46.7
4.633333 2 221.0 149.0 61.9 50.7
4.666667 2 229.3 151.5 45.5 38.3
4.700000 2 226.6 147.1 51.6 43.8
4.733333 2 225.3 142.4 55.2 46.2
4.766667 2 228.4 142.0 49.6 43.8
4.800000 2 226.6 137.0 53.6 47.0
4.833333 2 221.2 128.6 64.8 57.1
4.866667 2 219.6 125.5 68.7 60.3
4.900000 2 214.7 117.7 78.5 69.5
4.933333 2 224.3 124.0 59.6 53.2
4.966667 2 223.3 120.2 61.4 54.8
5.000000 2 221.3 115.3 65.3 58.5
5.033333 2 223.9 116.0 60.2 53.5
5.066667 2 217.6 106.8 72.1 65.6
5.100000 2 220.8 108.3 65.4 59.5
5.133333 2 226.9 111.2 52.6 47.4
5.166667 2 225.7 108.4 54.9 50.1
5.200000 2 219.3 100.1 67.2 60.0
5.233333 2 221.9 101.6 61.2 53.9
5.266667 2 222.0 97.7 60.2 55.2
5.300000 2 222.4 97.7 58.9 51.8
5.333333 2 222.3 93.8 58.0 53.2
5.366667 2 219.0 88.9 63.5 56.1
5.400000 2 221.8 89.1 57.1 52.6
5.433333 2 220.1 85.8 59.0 52.1
5.466667 2 223.5 86.4 51.2 47.5
5.500000 2 224.8 85.6 46.5 42.3
5.533333 2 222.6 81.1 49.0 44.9
5.566667 2 219.2 77.3 55.3 48.7
5.600000 2 213.2 69.4 65.5 58.0
5.633333 2 211.8 66.1 65.9 57.7
5.666667 2 216.5 69.4 55.1 48.1
5.700000 2 206.1 58.6 73.9 62.8
5.733333 2 213.0 62.3 56.7 49.0
5.766667 2 200.5 51.0 81.0 68.0
5.800000 2 212.0 58.2 54.2 47.0
5.833333 2 205.1 50.2 64.9 56.2
5.866667 2 198.1 44.2 77.7 65.2
5.900000 2 197.2 41.4 75.9 64.0
5.933333 2 198.3 40.5 69.7 59.2
5.966667 2 199.5 41.0 65.3 54.7
6.000000 2 195.3 36.4 69.7 57.6
6.033333 2 190.5 31.6 77.4 63.9
6.066667 2 196.3 35.8 60.6 49.5
6.100000 2 194.7 33.7 61.8 50.5
6.133333 2 193.6 31.4 59.3 49.3
6.166667 2 188.0 26.6 68.2 56.1
6.200000 2 189.5 27.0 60.1 49.5
6.233333 2 188.5 25.9 59.4 49.1
6.266667 2 185.1 22.5 60.8 50.1
6.300000 2 174.5 13.2 77.6 63.6
6.333333 2 180.1 17.8 63.0 51.8
6.366667 2 169.8 9.7 78.5 63.0
6.400000 2 180.2 17.9 54.3 44.0
6.433333 2 176.6 15.1 55.7 45.2
6.466667 2 171.4 11.1 60.3 48.8
6.500000 2 165.0 11.9 70.0 51.0
6.533333 2 157.6 13.4 79.0 50.6
6.566667 2 164.0 12.6 63.0 43.4
6.600000 2 122.0 19.0 44.0 24.0
6.633333 2 122.5 23.3 43.8 23.9
6.666667 2 122.9 25.5 43.4 23.8
6.700000 2 123.0 29.8 43.7 24.0
6.733333 2 123.1 34.3 43.6 23.9
6.766667 2 123.0 38.8 43.6 23.9
6.800000 2 122.8 40.8 43.9 24.2
6.833333 2 122.3 45.6 43.8 24.1
6.866667 2 122.0 47.9 43.8 24.1
6.900000 2 121.3 52.7 43.5 23.8
6.933333 2 120.7 55.1 43.6 23.9
6.966667 2 119.7 59.9 43.5 23.9
7.000000 2 118.4 64.7 43.6 24.0
7.033333 2 117.9 67.4 43.2 23.7
7.066667 2 116.2 72.2 43.3 23.6
7.100000 2 115.4 74.4 43.4 24.2
7.133333 2 113.6 79.1 43.7 24.0
7.166667 2 112.9 81.5 43.2 23.8
7.200000 2 110.9 85.9 43.6 23.9
7.233333 2 109.1 90.3 43.5 24.2
7.266667 2 108.0 92.5 43.6 24.3
7.300000 2 105.9 96.9 43.7 24.2
7.333333 2 105.0 99.2 43.5 24.1
7.366667 2 102.9 103.6 43.6 24.4
7.400000 2 101.8 105.7 43.9 24.7
7.433333 2 100.0 110.2 43.8 24.8
7.466667 2 98.1 114.5 44.4 25.4
7.500000 2 96.8 119.4 43.8 25.0
7.533333 2 95.3 123.9 44.0 25.3
7.566667 2 94.3 128.3 44.1 25.2
7.600000 2 92.9 139.7 43.6 24.4
7.633333 2 92.7 141.7 43.8 24.6
7.666667 2 92.4 146.1 43.7 24.6
7.700000 2 92.4 148.3 43.4 24.4
7.733333 2 92.3 153.0 43.0 23.8
7.766667 2 92.3 157.5 42.8 23.8
7.800000 2 92.3 159.9 42.6 23.5
7.833333 2 92.0 164.4 42.9 23.6
7.866667 2 91.5 171.5 43.2 24.3
7.900000 2 91.5 176.6 43.0 24.1
7.933333 2 91.3 187.1 42.6 23.7
7.966667 2 90.8 194.5 43.2 24.4
8.000000 2 90.4 199.4 43.5 24.7
8.033333 2 90.3 201.9 43.7 24.9
8.066667 2 90.0 206.5 44.3 25.3
8.100000 2 89.9 211.3 44.4 25.4
8.133333 2 89.9 213.7 44.2 25.4
8.166667 2 89.7 218.3 44.7 25.9
8.200000 2 89.6 223.0 45.2 26.2
8.233333 2 89.8 225.6 44.9 26.1
8.266667 2 89.9 230.5 44.8 26.3
8.300000 2 90.5 240.6 44.8 26.1
8.333333 2 90.8 245.6 45.0 26.3
8.366667 2 92.0 255.9 45.2 26.4
8.400000 2 93.2 261.3 44.7 26.2
8.433333 2 94.3 266.8 44.6 26.1
8.466667 2 95.6 272.0 44.7 26.4
8.500000 2 96.5 274.9 44.4 26.0
8.533333 2 97.9 280.3 44.9 26.4
8.566667 2 99.5 285.7 44.9 26.4
8.600000 2 100.6 288.6 44.7 26.0
8.633333 2 102.3 294.0 45.2 25.8
8.666667 2 104.3 299.9 44.8 24.6
8.700000 2 105.6 304.6 46.2 26.2
8.733333 2 107.4 310.1 46.2 26.3
8.766667 2 108.1 312.5 46.7 26.9
8.800000 2 110.0 318.3 46.1 26.4
8.833333 2 111.2 321.5 45.2 25.7
8.866667 2 112.7 327.3 45.4 25.4
8.900000 2 114.1 332.9 45.1 25.7
8.933333 2 115.7 339.1 44.5 25.0
8.966667 2 117.0 347.4 44.9 25.4
9.000000 2 117.6 352.5 45.7 26.3
9.033333 2 118.6 360.5 45.9 26.7
9.066667 2 119.6 369.0 45.2 26.0
9.100000 2 119.4 371.3 45.8 26.7
9.133333 2 119.7 376.3 45.7 26.8
9.166667 2 120.0 379.0 45.1 26.4
9.200000 2 120.0 383.6 45.1 26.6
9.233333 2 120.0 388.3 44.7 26.3
9.266667 2 119.7 390.2 45.1 26.7
9.300000 2 119.3 394.1 44.9 27.0
9.333333 2 119.1 398.2 44.3 26.3
9.366667 2 119.1 400.0 43.5 26.1
9.400000 2 119.2 403.9 41.7 24.9
9.433333 2 118.9 407.1 40.7 24.3
9.466667 2 117.8 409.3 41.1 24.8
9.500000 2 117.1 411.6 40.5 24.4
9.533333 2 116.7 412.6 40.1 24.4
9.566667 2 119.0 411.0 37.0 23.0
9.600000 2 112.0 417.0 43.0 21.0
9.633333 2 112.0 417.0 42.0 22.0
9.666667 2 111.0 417.0 36.0 21.0
9.700000 2 105.0 417.0 43.0 23.0
9.733333 2 103.0 420.0 38.0 18.0
9.766667 2 101.0 417.0 41.0 21.0
9.800000 2 99.0 413.0 41.0 28.0
9.833333 2 100.0 415.0 38.0 25.0
9.866667 2 92.0 412.0 45.0 24.0
9.900000 2 95.0 411.0 38.0 23.0
9.933333 2 94.0 409.0 38.0 26.0
9.966667 2 95.0 408.0 35.0 25.2
10.000000 2 88.0 401.0 42.0 31.0
10.033333 2 90.0 402.0 40.0 27.0
10.066667 2 91.0 397.0 39.0 29.0
10.100000 2 91.0 389.0 41.0 35.0
10.133333 2 93.0 387.0 36.0 30.0
10.166667 2 96.0 384.0 37.0 28.0
10.200000 2 98.1 378.7 37.2 28.3
10.233333 2 100.7 372.8 37.5 28.7
10.266667 2 103.7 366.7 37.6 28.8
10.300000 2 107.0 360.4 37.6 28.9
10.333333 2 108.9 357.2 37.5 28.9
10.366667 2 112.5 350.0 37.8 29.3
10.400000 2 114.4 346.6 37.9 29.4
10.433333 2 118.2 339.2 38.1 29.8
10.466667 2 122.1 331.9 38.4 30.3
10.500000 2 126.0 324.6 38.7 30.6
10.533333 2 127.9 320.8 38.9 31.0
10.566667 2 131.7 313.5 39.0 31.2
10.600000 2 135.4 306.2 39.1 31.3
10.633333 2 139.1 298.8 39.2 31.5
10.666667 2 142.7 291.7 39.2 31.5
10.700000 2 146.0 284.5 39.1 31.5
10.733333 2 149.0 277.3 39.2 31.6
10.766667 2 150.3 273.7 39.3 31.7
10.800000 2 153.2 266.6 39.2 31.6
10.833333 2 155.8 259.4 39.3 31.8
10.866667 2 158.1 252.4 39.2 31.7
10.900000 2 159.0 248.8 39.3 31.8
