0.000000 2 386.0 10.0 32.0 24.0
0.033333 2 386.6 12.8 31.8 23.9
0.066667 2 386.9 14.1 31.9 24.1
0.100000 2 387.1 16.4 32.3 24.5
0.133333 2 388.0 19.1 32.3 24.3
0.166667 2 389.0 21.4 31.6 23.9
0.200000 2 389.0 22.3 32.2 24.4
0.233333 2 390.0 24.6 32.3 24.4
0.266667 2 391.0 26.6 32.2 24.3
0.300000 2 391.4 27.7 32.0 24.1
0.333333 2 392.8 30.4 31.6 23.8
0.366667 2 393.7 32.2 31.8 24.0
0.400000 2 394.0 33.2 32.2 24.4
0.433333 2 395.0 35.2 32.4 24.6
0.466667 2 395.9 36.7 31.7 23.9
0.500000 2 397.0 38.6 32.1 24.1
0.533333 2 397.6 39.8 31.8 23.9
0.566667 2 398.9 41.7 31.9 24.1
0.600000 2 400.0 43.8 32.2 24.2
0.633333 2 400.5 44.9 32.2 24.4
0.666667 2 401.9 46.9 32.2 24.3
0.700000 2 402.6 48.0 32.1 24.3
0.733333 2 404.0 50.0 32.4 24.4
0.766667 2 405.9 52.3 31.7 24.0
0.800000 2 406.2 52.9 32.3 24.3
0.833333 2 408.0 55.4 31.8 23.9
0.866667 2 408.9 56.0 32.0 24.2
0.900000 2 409.9 57.9 32.5 24.6
0.933333 2 411.8 59.9 32.0 24.2
0.966667 2 412.7 61.5 31.6 23.8
1.000000 2 414.0 62.8 32.2 24.2
1.033333 2 414.9 64.3 31.7 24.0
1.066667 2 416.0 65.8 32.5 24.5
1.100000 2 417.7 68.2 31.8 24.0
1.133333 2 418.4 69.2 32.1 24.2
1.166667 2 420.1 71.7 31.3 23.4
1.200000 2 420.9 72.6 31.5 23.7
1.233333 2 421.9 74.1 32.5 24.9
1.266667 2 423.0 76.3 32.5 24.8
1.300000 2 424.1 77.8 31.7 23.9
1.333333 2 425.0 80.0 32.2 24.2
1.366667 2 426.1 82.2 32.2 24.4
1.400000 2 427.2 83.8 31.4 23.6
1.433333 2 427.7 85.7 31.9 24.2
1.466667 2 427.7 86.6 32.4 24.7
1.500000 2 428.7 88.9 32.3 24.5
1.533333 2 429.2 91.7 32.5 24.7
1.566667 2 430.0 94.6 31.8 24.0
1.600000 2 430.2 95.6 31.8 23.9
1.633333 2 430.0 98.0 32.4 24.4
1.666667 2 430.3 98.9 32.6 24.8
1.700000 2 430.5 101.4 32.4 24.7
1.733333 2 431.0 103.7 32.0 24.1
1.766667 2 431.1 105.4 31.9 23.9
1.800000 2 431.1 107.5 31.8 23.8
1.833333 2 431.1 108.7 32.2 24.2
1.866667 2 431.2 110.7 32.0 24.0
1.900000 2 431.0 112.6 32.7 24.8
1.933333 2 431.1 113.7 32.6 24.7
1.966667 2 431.3 116.1 32.2 24.4
2.000000 2 431.5 118.6 31.9 24.1
2.033333 2 431.6 119.4 31.8 24.1
2.066667 2 431.5 121.0 32.2 24.5
2.100000 2 431.5 122.1 32.1 24.5
2.133333 2 431.6 123.4 32.3 24.8
2.166667 2 431.5 124.8 32.3 24.8
2.200000 2 431.4 125.5 32.7 25.1
2.233333 2 431.9 127.1 32.1 24.3
2.266667 2 431.8 127.5 32.6 24.8
2.300000 2 431.9 128.8 32.6 24.7
2.333333 2 432.3 129.7 31.7 23.8
2.366667 2 432.5 130.5 31.8 24.0
2.400000 2 432.2 130.4 32.6 24.9
2.433333 2 432.5 131.3 32.6 25.1
2.466667 2 432.8 132.0 32.3 24.6
2.500000 2 433.1 132.7 31.8 23.9
2.533333 2 433.1 133.1 32.2 24.2
2.566667 2 433.2 133.1 32.2 24.1
2.600000 2 433.1 133.7 32.1 24.1
2.633333 2 433.1 133.5 32.7 24.9
2.666667 2 433.7 134.5 31.9 24.1
2.700000 2 433.3 134.8 32.6 24.8
2.733333 2 433.8 135.3 32.0 24.3
2.766667 2 433.7 135.4 32.0 24.4
2.800000 2 433.4 135.3 32.7 25.0
2.833333 2 433.2 135.7 32.6 24.8
2.866667 2 433.1 136.2 32.4 24.5
2.900000 2 433.0 136.4 32.5 24.6
2.933333 2 432.2 136.5 32.8 25.1
2.966667 2 432.1 136.8 32.5 24.5
3.000000 2 431.8 137.1 32.2 24.4
3.033333 2 431.1 137.2 32.3 24.4
3.066667 2 430.9 137.3 32.0 24.1
3.100000 2 430.2 137.5 32.5 24.5
3.133333 2 429.7 137.4 32.0 24.3
3.166667 2 429.2 137.6 32.3 24.3
3.200000 2 428.8 137.4 31.8 24.2
3.233333 2 428.0 137.5 31.8 23.9
3.266667 2 427.0 136.5 32.4 24.4
3.300000 2 426.4 136.7 32.0 24.0
3.333333 2 425.6 136.5 31.8 23.9
3.366667 2 424.8 135.8 32.4 24.4
3.400000 2 424.0 135.7 32.5 24.4
3.433333 2 423.0 134.5 32.5 24.5
3.466667 2 422.8 135.1 32.1 24.4
3.500000 2 421.5 133.6 32.6 24.9
3.533333 2 420.2 133.3 32.3 24.4
3.566667 2 419.5 133.9 32.4 24.7
3.600000 2 418.4 132.7 32.5 24.8
3.633333 2 417.7 133.5 32.2 24.5
3.666667 2 416.6 132.5 32.5 24.8
3.700000 2 415.7 132.9 32.3 24.6
3.733333 2 414.6 132.5 32.5 24.9
3.766667 2 413.9 133.4 31.8 24.2
3.800000 2 412.5 133.4 32.5 25.0
3.833333 2 411.1 133.6 31.9 24.0
3.866667 2 410.7 134.5 31.7 23.9
3.900000 2 409.0 134.0 32.3 24.3
3.933333 2 408.0 134.9 32.5 24.4
3.966667 2 406.8 134.8 32.5 24.5
4.000000 2 405.8 135.8 32.5 24.6
4.033333 2 405.0 136.4 31.7 24.0
4.066667 2 403.3 137.5 32.4 24.6
4.100000 2 402.2 138.6 31.9 24.0
4.133333 2 401.2 139.4 31.8 23.9
4.166667 2 399.5 139.8 32.4 24.7
4.200000 2 397.9 140.7 32.5 24.5
4.233333 2 397.5 141.7 31.9 24.0
4.266667 2 396.1 142.7 31.7 24.0
4.300000 2 394.0 143.6 32.5 24.5
4.333333 2 393.5 143.6 32.5 25.0
4.366667 2 392.4 145.6 31.8 23.9
4.400000 2 390.7 146.0 32.1 24.5
4.433333 2 389.9 146.6 32.2 24.3
4.466667 2 389.0 147.6 31.6 24.1
4.500000 2 388.0 148.2 32.0 24.1
4.533333 2 386.1 149.4 32.1 24.1
4.566667 2 385.6 149.4 32.0 24.4
4.600000 2 384.5 150.5 31.9 24.1
4.633333 2 383.3 151.2 32.2 24.3
4.666667 2 382.6 151.4 31.9 24.2
4.700000 2 381.7 151.7 32.7 24.8
4.733333 2 381.4 152.4 32.0 24.2
4.766667 2 380.6 152.4 32.4 25.0
4.800000 2 379.9 152.7 32.7 24.8
4.833333 2 379.6 152.8 32.8 24.9
4.866667 2 379.4 152.5 32.7 25.3
4.900000 2 379.2 152.9 32.5 24.7
4.933333 2 379.0 152.7 32.7 24.8
4.966667 2 379.0 152.7 32.7 24.9
5.000000 2 378.9 152.7 32.7 24.9
5.033333 2 378.9 152.5 32.7 25.0
5.066667 2 378.8 152.4 32.8 25.0
5.100000 2 379.1 152.7 32.6 24.9
5.133333 2 379.0 152.7 32.7 24.9
5.166667 2 379.6 153.5 31.9 24.4
5.200000 2 379.6 154.0 32.0 24.5
5.233333 2 379.6 154.5 31.7 24.2
5.266667 2 379.7 155.3 31.7 24.2
5.300000 2 379.5 156.5 32.0 24.4
5.333333 2 379.1 156.9 32.2 24.5
5.366667 2 379.2 158.8 32.3 24.6
5.400000 2 379.2 159.5 31.7 24.1
5.433333 2 378.9 161.4 32.1 24.7
5.466667 2 378.9 163.5 32.0 24.6
5.500000 2 378.7 165.5 31.9 24.6
5.533333 2 378.4 168.7 31.9 24.2
5.566667 2 378.0 170.9 31.8 24.5
5.600000 2 378.0 172.5 31.5 24.2
5.633333 2 377.4 175.7 31.7 24.0
5.666667 2 377.3 177.2 31.9 24.1
5.700000 2 376.7 179.5 32.5 25.1
5.733333 2 376.4 183.2 32.1 24.6
5.766667 2 376.2 184.1 32.8 25.5
5.800000 2 375.6 187.2 33.3 25.5
5.833333 2 376.2 189.0 32.4 24.7
5.866667 2 375.9 192.2 33.0 25.4
5.900000 2 376.1 195.4 32.5 25.0
5.933333 2 376.9 197.0 31.9 24.6
5.966667 2 377.1 200.2 32.2 24.5
6.000000 2 377.6 202.6 32.3 25.1
6.033333 2 378.2 204.4 32.4 24.8
6.066667 2 378.9 207.4 32.6 24.9
6.100000 2 379.7 208.9 32.0 24.7
6.133333 2 380.7 211.8 32.5 24.9
6.166667 2 382.1 215.1 32.5 24.8
6.200000 2 382.8 216.3 32.9 25.2
6.233333 2 384.7 219.7 32.7 25.1
6.266667 2 385.5 221.1 33.0 25.4
6.300000 2 387.9 224.9 32.5 24.8
6.333333 2 390.1 228.1 32.1 24.3
6.366667 2 392.5 232.1 31.8 24.1
6.400000 2 393.8 233.7 31.8 24.5
6.433333 2 396.1 237.5 31.6 24.1
6.466667 2 397.5 239.8 31.5 23.7
6.500000 2 399.9 243.7 31.4 23.8
6.533333 2 402.0 247.6 31.8 24.2
6.566667 2 403.4 250.0 31.9 24.0
6.600000 2 406.1 254.4 31.4 23.8
6.633333 2 407.0 256.7 32.0 24.3
6.666667 2 409.5 261.0 32.0 24.4
6.700000 2 410.4 263.5 32.2 24.7
6.733333 2 413.3 268.8 31.7 23.8
6.766667 2 414.3 271.4 31.7 23.8
6.800000 2 416.9 276.3 31.5 24.0
6.833333 2 419.3 281.6 31.7 24.0
6.866667 2 420.3 284.1 31.7 23.8
6.900000 2 423.1 289.8 31.0 23.4
6.933333 2 423.9 291.9 31.5 24.1
6.966667 2 426.3 297.6 31.3 23.8
7.000000 2 427.3 300.1 31.8 24.0
7.033333 2 429.4 305.8 31.7 23.8
7.066667 2 431.6 311.4 31.7 23.9
7.100000 2 432.7 314.0 31.9 24.4
7.133333 2 434.6 319.8 32.1 24.5
7.166667 2 435.9 323.1 32.2 24.3
7.200000 2 437.7 328.5 32.6 24.6
7.233333 2 438.8 331.8 32.7 24.6
7.266667 2 440.8 337.6 32.8 24.7
7.300000 2 442.9 343.7 32.8 24.6
7.333333 2 444.1 346.9 32.6 24.5
7.366667 2 446.2 352.8 32.6 24.6
7.400000 2 448.5 359.0 32.3 24.5
7.433333 2 449.8 362.2 32.1 24.3
7.466667 2 451.9 368.3 32.1 24.1
7.500000 2 452.8 371.4 32.4 24.4
7.533333 2 454.7 377.1 32.9 24.9
7.566667 2 457.2 383.2 32.4 24.4
7.600000 2 458.3 386.1 32.4 24.4
7.633333 2 460.7 391.9 32.3 24.4
7.666667 2 462.6 396.6 33.2 25.4
7.700000 2 464.4 399.9 32.2 24.3
7.733333 2 466.7 404.1 32.9 26.1
7.766667 2 467.5 405.9 33.4 26.6
7.800000 2 469.2 409.9 35.5 28.5
7.833333 2 473.5 415.5 31.0 25.8
7.866667 2 474.7 417.4 31.2 25.8
7.900000 2 476.7 421.0 32.2 26.5
7.933333 2 477.5 422.2 32.6 26.9
7.966667 2 479.7 425.5 33.5 27.4
8.000000 2 481.3 427.1 32.9 27.0
8.033333 2 483.9 430.1 33.2 26.9
8.066667 2 486.4 432.6 34.3 27.9
8.100000 2 487.2 433.7 35.2 28.7
8.133333 2 490.2 436.6 35.3 28.8
8.166667 2 492.3 438.5 34.7 28.4
8.200000 2 495.1 440.6 35.3 28.8
8.233333 2 498.4 443.5 34.9 28.4
8.266667 2 500.1 444.5 35.0 28.4
8.300000 2 503.1 447.0 35.2 28.6
8.333333 2 504.7 448.0 35.4 28.5
8.366667 2 508.3 450.4 34.9 28.3
8.400000 2 511.2 452.5 35.4 28.5
8.433333 2 514.4 454.5 35.4 28.4
8.466667 2 516.3 456.0 35.2 28.2
8.500000 2 519.8 457.9 34.5 27.7
8.533333 2 521.3 459.0 34.5 27.6
8.566667 2 524.7 461.1 34.5 27.5
8.600000 2 527.8 463.0 34.4 27.3
8.633333 2 529.2 464.2 34.4 27.3
8.666667 2 532.3 465.9 34.3 27.2
8.700000 2 534.9 467.9 34.7 27.3
8.733333 2 536.1 468.6 34.6 27.2
8.766667 2 538.6 470.1 34.9 27.6
8.800000 2 541.4 471.8 34.5 27.3
8.833333 2 542.4 472.3 34.6 27.4
8.866667 2 544.6 473.9 34.8 27.3
8.900000 2 545.5 474.3 35.2 27.5
8.933333 2 547.8 475.4 34.9 27.2
8.966667 2 550.4 476.9 34.3 26.8
9.000000 2 550.8 477.0 34.9 27.3
9.033333 2 552.5 477.9 34.8 27.5
9.066667 2 553.5 478.5 34.5 27.2
9.100000 2 554.4 478.9 35.5 27.9
9.133333 2 556.2 479.8 34.9 27.6
9.166667 2 556.7 479.9 35.3 27.8
9.200000 2 558.1 480.8 34.7 27.3
9.233333 2 559.3 481.7 34.0 24.2
9.266667 2 559.4 481.6 35.0 24.2
9.300000 2 560.4 482.6 35.0 24.7
9.333333 2 561.0 482.8 34.0 24.5
9.366667 2 561.3 483.6 35.0 24.5
9.400000 2 561.7 483.7 35.0 25.2
9.433333 2 562.1 484.3 35.0 24.6
9.466667 2 562.4 484.5 35.0 25.1
9.500000 2 562.5 484.7 35.0 25.0
9.533333 2 562.8 484.9 35.0 24.8
9.566667 2 562.7 484.6 36.0 25.0
9.600000 2 562.6 484.3 35.0 25.3
9.633333 2 562.1 483.5 36.0 25.4
9.666667 2 561.9 483.2 36.0 26.4
9.700000 2 561.5 482.0 36.0 27.6
9.733333 2 560.7 480.4 36.7 28.8
9.766667 2 560.4 479.9 36.4 28.5
9.800000 2 559.4 478.1 36.8 28.9
9.833333 2 558.6 476.5 37.0 29.1
9.866667 2 558.0 474.5 36.5 28.6
9.900000 2 557.6 473.9 36.4 28.5
9.933333 2 556.5 471.5 36.8 28.9
9.966667 2 555.8 469.6 36.5 28.7
10.000000 2 554.8 468.0 36.4 28.5
10.033333 2 554.2 466.5 36.4 28.7
10.066667 2 552.3 463.5 36.2 28.5
10.100000 2 551.8 462.2 36.6 28.7
10.133333 2 550.5 460.3 36.1 28.2
10.166667 2 548.8 457.7 36.7 28.8
10.200000 2 548.4 456.1 36.5 28.8
10.233333 2 546.3 453.3 37.2 29.4
10.266667 2 544.8 449.9 37.3 29.7
10.300000 2 544.0 448.5 37.9 30.2
10.333333 2 542.6 445.1 37.9 30.4
10.366667 2 541.7 443.5 38.2 30.7
10.400000 2 540.7 440.3 37.8 30.4
10.433333 2 541.3 438.7 34.4 27.2
10.466667 2 540.2 436.9 35.3 28.1
10.500000 2 538.7 433.3 36.7 29.6
10.533333 2 537.8 430.1 37.0 29.9
10.566667 2 537.3 428.5 37.4 30.1
10.600000 2 536.6 425.2 37.4 30.0
10.633333 2 536.1 421.8 37.4 29.8
