0.000000 2 265.7 125.3 33.8 27.7
0.033333 2 265.4 125.8 33.4 27.2
0.066667 2 263.9 126.3 33.9 27.9
0.100000 2 262.6 127.3 33.7 27.6
0.133333 2 261.8 127.4 34.0 28.0
0.166667 2 260.7 128.3 33.6 27.5
0.200000 2 259.7 129.6 33.0 26.8
0.233333 2 258.6 129.4 33.8 27.7
0.266667 2 257.3 130.5 33.5 27.3
0.300000 2 256.6 130.9 33.3 27.1
0.333333 2 254.7 131.3 34.1 28.1
0.366667 2 254.5 132.1 33.1 27.0
0.400000 2 252.8 132.9 33.4 27.3
0.433333 2 252.3 133.3 33.0 26.9
0.466667 2 250.7 134.2 32.9 26.8
0.500000 2 248.7 134.6 33.8 27.6
0.533333 2 248.2 135.4 33.1 27.0
0.566667 2 246.6 136.3 32.8 26.7
0.600000 2 244.8 137.1 33.1 26.9
0.633333 2 244.0 137.5 33.2 27.0
0.666667 2 242.5 138.3 32.8 26.7
0.700000 2 241.2 138.4 33.5 27.4
0.733333 2 239.7 139.3 33.1 27.0
0.766667 2 238.5 139.5 33.8 27.6
0.800000 2 236.8 140.3 33.7 27.5
0.833333 2 235.8 140.6 33.8 27.8
0.866667 2 233.8 141.3 34.1 28.0
0.900000 2 233.4 142.0 33.2 27.1
0.933333 2 231.6 143.1 33.1 26.9
0.966667 2 230.7 143.4 33.1 26.9
1.000000 2 228.8 144.3 32.9 26.7
1.033333 2 226.5 144.6 33.6 27.4
1.066667 2 224.6 145.3 33.9 27.7
1.100000 2 223.7 145.9 33.4 27.2
1.133333 2 221.5 146.5 33.8 27.6
1.166667 2 219.9 147.5 33.1 26.9
1.200000 2 218.5 147.2 34.2 28.1
1.233333 2 217.1 148.2 33.3 27.2
1.266667 2 215.6 148.2 34.2 28.1
1.300000 2 213.9 149.3 33.6 27.5
1.333333 2 212.0 149.8 33.6 27.5
1.366667 2 210.1 150.4 33.7 27.6
1.400000 2 209.6 150.8 33.3 27.2
1.433333 2 207.9 151.2 33.1 26.9
1.466667 2 205.9 151.4 33.9 27.8
1.500000 2 205.1 151.8 33.6 27.5
1.533333 2 203.5 152.4 34.0 27.7
1.566667 2 202.8 152.5 34.0 27.9
1.600000 2 201.7 153.4 32.9 26.7
1.633333 2 199.9 153.3 34.0 27.9
1.666667 2 198.9 153.8 33.7 27.5
1.700000 2 197.8 154.3 33.3 27.1
1.733333 2 197.3 154.3 33.2 27.1
1.766667 2 196.1 154.4 33.8 27.6
1.800000 2 195.5 154.1 34.3 28.1
1.833333 2 194.7 154.3 34.3 28.2
1.866667 2 194.3 154.9 33.5 27.4
1.900000 2 194.0 154.9 33.7 27.6
1.933333 2 193.7 155.4 33.1 26.9
1.966667 2 193.6 155.4 33.1 26.9
2.000000 2 192.8 155.0 33.9 27.7
2.033333 2 192.6 155.1 33.8 27.5
2.066667 2 192.7 155.0 33.7 27.5
2.100000 2 192.6 155.1 33.7 27.4
2.133333 2 192.6 155.0 33.7 27.4
2.166667 2 192.6 155.0 33.7 27.5
2.200000 2 192.7 154.8 33.9 27.7
2.233333 2 193.2 154.9 33.6 27.5
2.266667 2 193.4 154.5 33.7 27.5
2.300000 2 193.4 154.1 34.4 28.2
2.333333 2 194.2 154.3 33.7 27.6
2.366667 2 194.5 154.1 34.1 27.8
2.400000 2 194.8 153.2 34.3 28.2
2.433333 2 195.3 153.6 33.8 27.6
2.466667 2 196.6 153.3 33.3 27.1
2.500000 2 196.9 153.0 33.8 27.7
2.533333 2 197.6 152.2 34.5 28.4
2.566667 2 198.3 152.4 33.8 27.6
2.600000 2 199.6 152.3 33.1 27.0
2.633333 2 200.3 151.2 34.3 28.1
2.666667 2 201.2 151.2 33.6 27.4
2.700000 2 202.3 151.1 33.4 27.3
2.733333 2 202.5 150.1 34.5 28.4
2.766667 2 204.3 150.3 33.6 27.4
2.800000 2 205.1 149.3 34.5 28.3
2.833333 2 205.9 149.2 34.2 28.1
2.866667 2 207.3 149.2 33.5 27.4
2.900000 2 208.4 148.6 33.9 27.7
2.933333 2 209.2 148.3 33.8 27.6
2.966667 2 210.5 147.7 34.0 27.7
3.000000 2 211.4 147.3 33.9 27.7
3.033333 2 212.5 146.4 34.3 28.1
3.066667 2 214.7 146.1 33.5 27.3
3.100000 2 216.3 145.5 33.7 27.5
3.133333 2 217.2 145.1 33.5 27.4
3.166667 2 218.5 144.5 34.1 27.9
3.200000 2 219.8 144.5 33.0 26.8
3.233333 2 221.6 143.7 33.1 26.9
3.266667 2 222.4 143.4 33.1 27.0
3.300000 2 224.0 142.4 33.9 27.8
3.333333 2 224.9 142.2 33.8 27.7
3.366667 2 226.8 141.3 34.0 27.9
3.400000 2 227.8 141.4 33.5 27.2
3.433333 2 229.7 140.3 34.1 27.9
3.466667 2 231.7 140.0 33.3 27.2
3.500000 2 232.6 139.3 34.1 28.0
3.533333 2 234.7 138.8 33.7 27.6
3.566667 2 236.9 138.1 33.5 27.3
3.600000 2 237.9 137.8 33.7 27.6
3.633333 2 240.2 137.1 33.3 27.2
3.666667 2 240.8 136.5 34.0 27.9
3.700000 2 243.8 136.6 32.9 26.8
3.733333 2 244.6 136.0 33.1 27.0
3.766667 2 247.0 135.4 33.2 27.1
3.800000 2 249.4 134.4 33.1 27.0
3.833333 2 250.4 134.5 33.0 26.9
3.866667 2 252.9 133.4 33.3 27.1
3.900000 2 254.1 133.2 33.2 27.0
3.933333 2 256.5 132.7 33.2 27.0
3.966667 2 257.8 132.3 33.3 27.2
4.000000 2 260.5 131.5 32.8 26.7
4.033333 2 262.7 130.5 33.7 27.4
4.066667 2 264.2 130.3 32.9 26.8
4.100000 2 266.9 129.4 33.4 27.2
4.133333 2 268.6 129.5 32.5 26.4
4.166667 2 269.5 128.8 33.2 27.1
4.200000 2 272.5 128.2 32.7 26.6
4.233333 2 275.0 127.2 33.1 27.1
4.266667 2 276.2 126.8 33.3 27.2
4.300000 2 278.8 125.8 33.4 27.2
4.333333 2 280.3 125.7 33.1 27.0
4.366667 2 282.8 124.6 33.5 27.3
4.400000 2 284.1 124.4 33.0 26.9
4.433333 2 286.9 123.2 33.3 27.2
4.466667 2 289.5 122.7 32.5 26.5
4.500000 2 290.6 122.1 32.8 26.7
4.533333 2 292.5 120.9 33.2 27.3
4.566667 2 295.2 120.3 32.8 26.7
4.600000 2 295.7 119.5 33.4 27.3
4.633333 2 298.2 118.8 33.2 27.1
4.666667 2 299.4 118.7 32.8 26.7
4.700000 2 301.3 117.7 33.1 27.0
4.733333 2 302.2 117.2 32.9 26.8
4.766667 2 303.8 116.3 33.5 27.4
4.800000 2 304.7 115.9 33.5 27.5
4.833333 2 306.3 115.3 33.5 27.5
4.866667 2 307.6 115.3 32.5 26.5
4.900000 2 308.3 114.1 33.6 27.8
4.933333 2 309.7 113.8 33.6 27.5
4.966667 2 310.3 113.5 33.6 27.5
5.000000 2 311.4 113.0 33.3 27.5
5.033333 2 312.0 112.9 33.2 27.1
5.066667 2 313.1 112.5 33.0 26.9
5.100000 2 313.5 112.4 32.7 26.8
5.133333 2 314.3 112.1 32.8 26.7
5.166667 2 314.5 111.8 32.9 26.8
5.200000 2 315.2 111.2 32.9 26.8
5.233333 2 315.6 110.6 33.0 27.0
5.266667 2 315.6 110.4 33.5 27.5
5.300000 2 315.6 110.0 33.7 27.7
5.333333 2 315.8 110.0 33.6 27.5
5.366667 2 316.1 109.7 33.3 27.0
5.400000 2 316.2 109.5 33.1 27.0
5.433333 2 316.4 109.2 32.9 26.8
5.466667 2 316.5 109.1 32.8 26.7
5.500000 2 316.6 108.2 32.8 27.0
5.533333 2 316.6 108.3 32.5 26.6
5.566667 2 316.6 107.8 32.6 26.5
5.600000 2 316.2 107.2 32.9 26.9
5.633333 2 315.8 106.6 33.7 27.6
5.666667 2 315.8 106.2 33.4 27.3
5.700000 2 315.5 105.5 33.8 27.5
5.733333 2 315.8 105.3 32.7 26.8
5.766667 2 315.5 104.6 32.8 26.8
5.800000 2 314.8 103.7 33.6 27.5
5.833333 2 314.7 103.4 33.6 27.4
5.866667 2 314.8 103.3 32.5 26.4
5.900000 2 314.3 102.6 33.4 27.4
5.933333 2 313.9 101.7 33.6 27.4
5.966667 2 313.7 101.2 32.8 26.8
6.000000 2 313.1 100.5 33.7 27.7
6.033333 2 312.5 99.7 33.9 27.6
6.066667 2 312.7 99.4 32.9 26.9
6.100000 2 312.0 98.7 33.1 27.0
6.133333 2 311.8 97.9 32.5 26.7
6.166667 2 311.4 97.6 32.6 26.8
6.200000 2 311.2 96.7 32.5 26.4
6.233333 2 310.4 95.6 32.5 26.5
6.266667 2 309.6 94.3 32.4 26.6
6.300000 2 309.1 93.5 32.5 26.5
6.333333 2 307.9 91.8 33.3 27.1
6.366667 2 308.2 91.7 31.7 25.8
6.400000 2 307.3 90.0 31.8 25.9
6.433333 2 305.8 87.6 33.2 27.2
6.466667 2 305.5 86.7 32.9 27.2
6.500000 2 304.9 85.0 32.8 26.8
6.533333 2 304.3 83.7 33.0 27.4
6.566667 2 303.7 82.3 32.3 26.7
6.600000 2 303.2 81.4 32.5 26.5
6.633333 2 302.3 79.5 32.3 26.3
6.666667 2 301.2 77.9 31.7 26.0
6.700000 2 300.2 76.6 32.7 26.7
6.733333 2 298.9 74.5 33.3 27.3
6.766667 2 298.4 73.6 32.8 27.1
6.800000 2 297.5 71.9 32.7 27.0
6.833333 2 297.3 71.6 32.2 26.2
6.866667 2 295.9 70.0 32.3 26.5
6.900000 2 295.0 68.9 33.0 27.0
6.933333 2 294.2 67.9 32.3 26.3
6.966667 2 293.0 66.7 33.2 27.3
7.000000 2 292.0 66.0 32.6 26.7
7.033333 2 291.3 65.4 32.4 26.5
7.066667 2 290.4 64.8 31.9 25.9
7.100000 2 289.0 63.6 33.2 27.3
7.133333 2 288.2 63.4 32.1 26.2
7.166667 2 287.0 62.7 31.7 26.0
7.200000 2 286.1 62.5 31.9 26.1
7.233333 2 284.2 61.7 32.8 26.9
7.266667 2 283.5 62.0 31.3 25.4
7.300000 2 282.2 61.3 32.5 26.5
7.333333 2 280.8 61.4 32.1 26.4
7.366667 2 279.4 61.7 31.9 25.9
7.400000 2 278.2 61.3 32.6 26.6
7.433333 2 276.9 61.8 31.8 26.1
7.466667 2 276.3 62.1 31.5 25.8
7.500000 2 274.0 62.0 32.7 26.7
7.533333 2 273.3 62.5 32.4 26.4
7.566667 2 271.1 62.8 33.2 27.3
7.600000 2 269.7 63.7 32.6 26.9
7.633333 2 269.0 64.3 32.1 26.4
7.666667 2 267.1 65.3 32.4 26.5
7.700000 2 266.5 66.0 31.6 25.7
7.733333 2 264.3 66.7 32.5 26.6
7.766667 2 262.0 67.5 33.2 27.2
7.800000 2 261.5 68.7 32.1 26.3
7.833333 2 259.1 69.5 33.1 27.2
7.866667 2 258.4 70.6 32.4 26.5
7.900000 2 255.9 71.6 33.4 27.5
7.933333 2 254.5 73.6 32.2 26.3
7.966667 2 253.1 73.9 33.1 27.2
8.000000 2 251.3 75.5 32.9 27.0
8.033333 2 250.2 76.3 33.1 27.3
8.066667 2 248.4 78.1 33.0 27.2
8.100000 2 247.5 79.1 32.9 27.1
8.133333 2 245.3 80.6 33.4 27.5
8.166667 2 244.6 81.7 33.2 27.2
8.200000 2 242.8 83.3 33.6 27.5
8.233333 2 242.8 84.5 32.6 26.7
8.266667 2 240.9 86.4 32.9 26.9
8.300000 2 239.8 87.2 33.7 27.7
8.333333 2 238.9 89.6 32.7 26.7
8.366667 2 237.6 91.5 32.7 26.9
8.400000 2 236.8 92.4 33.3 27.2
8.433333 2 235.8 94.4 33.5 27.4
8.466667 2 235.4 95.5 33.1 27.2
8.500000 2 234.5 97.6 33.2 27.3
8.533333 2 233.9 98.4 33.7 27.7
8.566667 2 233.7 100.8 33.1 27.1
8.600000 2 233.0 102.5 33.6 27.6
8.633333 2 232.9 103.5 33.6 27.6
8.666667 2 232.9 105.7 33.0 27.0
8.700000 2 233.0 106.7 32.8 26.8
8.733333 2 233.4 108.9 31.9 25.9
8.766667 2 232.9 110.2 32.6 26.6
8.800000 2 232.8 111.1 32.8 26.8
8.833333 2 232.7 112.6 33.2 27.1
8.866667 2 233.3 114.6 32.6 26.5
8.900000 2 233.2 115.2 32.9 26.9
8.933333 2 233.2 116.4 33.4 27.6
8.966667 2 234.0 117.8 32.4 26.5
9.000000 2 233.7 118.7 33.6 27.5
9.033333 2 233.9 119.6 33.7 27.7
9.066667 2 234.2 120.4 33.4 27.6
9.100000 2 235.0 122.5 32.6 26.7
9.133333 2 235.0 123.4 33.6 27.7
9.166667 2 235.6 124.6 33.3 27.3
9.200000 2 236.0 126.7 33.5 27.5
9.233333 2 237.0 128.7 32.3 26.4
9.266667 2 236.6 129.3 34.1 28.1
9.300000 2 236.9 130.3 33.7 27.8
9.333333 2 238.0 132.4 32.5 26.5
9.366667 2 237.5 132.8 33.7 27.7
9.400000 2 237.6 134.2 33.8 27.7
9.433333 2 238.1 136.0 33.3 27.4
9.466667 2 237.9 136.2 34.1 28.2
9.500000 2 238.4 138.4 33.4 27.5
9.533333 2 239.1 140.0 31.8 26.0
9.566667 2 239.3 141.6 31.9 26.1
9.600000 2 239.0 143.4 32.1 26.2
9.633333 2 239.2 145.3 32.1 26.1
9.666667 2 239.3 146.1 31.9 26.0
9.700000 2 240.0 148.2 31.0 25.2
9.733333 2 239.7 148.9 31.4 25.6
9.766667 2 239.5 150.4 32.1 26.2
9.800000 2 239.2 151.3 32.4 26.4
9.833333 2 239.5 153.1 31.8 25.9
9.866667 2 239.5 153.8 31.7 25.9
9.900000 2 239.3 154.9 31.8 26.0
9.933333 2 239.2 155.5 32.0 26.1
9.966667 2 239.1 156.5 32.1 26.2
10.000000 2 239.1 157.5 32.2 26.2
10.033333 2 238.7 158.3 32.5 26.5
10.066667 2 238.7 159.0 32.6 26.5
10.100000 2 238.7 159.6 32.2 26.2
10.133333 2 238.7 159.9 32.5 26.4
10.166667 2 238.6 159.8 32.6 26.6
10.200000 2 238.3 159.6 33.0 27.0
10.233333 2 238.3 159.5 33.0 27.1
10.266667 2 238.1 159.4 32.7 26.8
10.300000 2 238.3 158.9 33.2 27.2
10.333333 2 238.5 158.9 32.9 26.9
10.366667 2 239.1 158.7 31.9 26.0
10.400000 2 238.7 158.3 32.6 26.6
10.433333 2 238.8 157.9 32.7 26.6
10.466667 2 239.0 157.9 32.2 26.2
10.500000 2 238.9 157.6 32.3 26.2
10.533333 2 239.1 157.7 32.1 26.2
10.566667 2 239.5 158.0 31.6 25.7
10.600000 2 239.5 158.0 31.9 25.9
10.633333 2 239.4 157.8 32.3 26.4
10.666667 2 239.1 158.0 32.8 26.9
10.700000 2 239.3 158.2 32.7 26.8
10.733333 2 239.4 158.8 32.7 26.8
10.766667 2 239.7 159.4 32.4 26.4
10.800000 2 239.6 160.2 32.6 26.6
10.833333 2 240.0 161.0 32.0 26.0
