0.000000 2 490.2 119.3 32.7 21.0
0.033333 2 490.9 120.7 32.4 20.9
0.066667 2 491.2 121.7 32.9 21.2
0.100000 2 491.9 123.2 32.4 20.7
0.133333 2 492.2 123.6 32.3 20.8
0.166667 2 492.3 124.7 32.9 21.2
0.200000 2 492.4 125.3 32.8 21.1
0.233333 2 492.9 126.4 32.4 20.8
0.266667 2 493.2 126.9 32.2 20.7
0.300000 2 493.2 127.7 32.8 21.1
0.333333 2 493.3 128.3 32.9 21.1
0.366667 2 494.0 129.7 32.3 20.8
0.400000 2 494.3 131.3 32.2 20.5
0.433333 2 494.2 131.7 32.7 21.0
0.466667 2 494.8 133.4 32.4 20.8
0.500000 2 495.2 134.3 32.0 20.4
0.533333 2 495.3 135.4 33.0 21.2
0.566667 2 495.8 136.2 32.5 20.7
0.600000 2 496.2 137.4 32.8 21.1
0.633333 2 496.7 138.0 32.6 20.9
0.666667 2 497.3 138.9 32.9 21.0
0.700000 2 498.2 139.4 32.9 21.2
0.733333 2 499.0 139.7 32.3 20.8
0.766667 2 500.1 140.3 32.1 20.5
0.800000 2 500.7 140.3 32.7 21.0
0.833333 2 502.2 140.6 32.3 20.8
0.866667 2 502.8 140.6 32.6 21.0
0.900000 2 504.4 140.6 33.0 21.3
0.933333 2 505.4 140.8 33.0 21.2
0.966667 2 507.5 141.0 32.9 21.1
1.000000 2 510.1 141.4 32.2 20.6
1.033333 2 511.2 141.5 32.5 20.9
1.066667 2 514.0 141.8 32.3 20.8
1.100000 2 516.5 142.2 32.8 21.0
1.133333 2 518.3 142.4 32.2 20.7
1.166667 2 521.2 142.9 32.9 21.1
1.200000 2 523.2 143.5 32.3 20.8
1.233333 2 526.8 144.0 32.5 20.9
1.266667 2 528.3 144.3 33.0 21.3
1.300000 2 532.3 145.2 33.0 21.3
1.333333 2 539.0 146.9 32.3 20.8
1.366667 2 541.2 147.4 32.5 20.9
1.400000 2 545.8 148.6 32.5 21.0
1.433333 2 548.3 149.5 32.2 20.6
1.466667 2 553.0 150.5 32.3 20.8
1.500000 2 558.0 151.8 32.3 20.9
1.533333 2 560.2 152.3 33.0 21.4
1.566667 2 565.3 153.4 33.0 21.4
1.600000 2 568.2 154.3 32.6 21.0
1.633333 2 573.2 155.3 32.5 20.9
1.666667 2 575.5 155.7 32.8 21.2
1.700000 2 580.6 156.8 32.7 21.1
1.733333 2 585.3 157.8 33.0 21.2
1.766667 2 603.9 155.6 28.6 21.0
1.800000 2 601.4 155.1 30.3 21.0
1.833333 2 596.4 154.5 33.2 21.4
1.866667 2 593.9 154.1 33.3 21.3
1.900000 2 588.6 153.5 33.0 21.2
1.933333 2 582.9 152.8 33.3 21.3
1.966667 2 576.9 152.4 33.2 21.3
2.000000 2 573.9 152.3 33.0 21.1
2.033333 2 567.7 151.7 32.9 21.1
2.066667 2 563.9 151.4 33.5 21.4
2.100000 2 557.3 151.0 33.3 21.2
2.133333 2 554.0 150.7 33.0 21.1
2.166667 2 546.9 150.5 32.7 21.0
2.200000 2 543.0 149.9 33.4 21.3
2.233333 2 535.7 149.5 32.9 21.1
2.266667 2 528.1 149.1 32.7 20.8
2.300000 2 524.0 148.8 32.9 21.0
2.333333 2 516.0 148.5 33.0 21.1
2.366667 2 512.0 148.4 32.9 21.0
2.400000 2 503.6 147.9 32.9 21.0
2.433333 2 499.3 147.7 33.3 21.3
2.466667 2 491.0 147.1 33.3 21.3
2.500000 2 482.9 146.7 32.7 21.0
2.533333 2 474.9 146.0 32.7 20.9
2.566667 2 470.9 145.4 32.8 21.0
2.600000 2 463.0 144.2 33.2 21.2
2.633333 2 455.1 142.6 33.4 21.4
2.666667 2 451.4 142.0 33.1 21.1
2.700000 2 444.3 140.2 33.3 21.2
2.733333 2 437.2 138.2 33.3 21.2
2.766667 2 430.8 136.3 32.7 20.8
2.800000 2 427.3 135.0 33.2 21.2
2.833333 2 420.9 132.4 33.4 21.4
2.866667 2 415.0 130.1 33.0 21.1
2.900000 2 411.9 128.4 33.5 21.5
2.933333 2 406.0 125.8 33.4 21.3
2.966667 2 401.0 123.3 32.5 20.7
3.000000 2 398.0 121.6 33.2 21.3
3.033333 2 393.0 118.8 32.6 20.9
3.066667 2 390.2 117.1 33.3 21.2
3.100000 2 385.3 114.2 33.3 21.2
3.133333 2 383.0 112.4 33.2 21.3
3.166667 2 378.0 109.4 33.5 21.5
3.200000 2 376.0 108.1 33.0 21.0
3.233333 2 371.1 105.0 33.4 21.3
3.266667 2 368.9 103.5 33.2 21.3
3.300000 2 364.2 100.7 33.3 21.3
3.333333 2 360.0 98.2 32.5 20.7
3.366667 2 355.0 94.9 33.4 21.3
3.400000 2 352.9 93.8 32.6 20.9
3.433333 2 348.0 90.6 33.2 21.2
3.466667 2 345.8 89.4 32.7 20.8
3.500000 2 341.0 86.4 32.6 20.8
3.533333 2 336.0 83.4 32.8 20.9
3.566667 2 333.3 81.9 33.3 21.3
3.600000 2 328.2 78.6 33.3 21.3
3.633333 2 326.0 77.4 32.7 20.9
3.666667 2 320.9 74.4 32.7 20.9
3.700000 2 317.9 72.5 33.4 21.4
3.733333 2 313.0 69.7 32.7 20.9
3.766667 2 310.0 68.1 33.3 21.2
3.800000 2 304.8 64.9 32.7 20.9
3.833333 2 299.2 61.2 33.4 21.3
3.866667 2 296.4 59.7 33.2 21.2
3.900000 2 274.9 44.6 32.6 20.8
3.933333 2 272.0 42.5 33.1 21.2
3.966667 2 267.1 38.2 32.7 20.8
4.000000 2 264.0 35.7 33.4 21.3
4.033333 2 259.3 31.2 33.3 21.3
4.066667 2 257.0 29.0 33.0 21.0
4.100000 2 133.0 44.7 54.9 40.1
4.133333 2 137.6 52.8 46.1 31.7
4.166667 2 136.7 59.7 48.3 34.1
4.200000 2 136.3 63.7 49.3 34.1
4.233333 2 136.9 71.8 48.0 34.5
4.266667 2 138.4 83.1 44.5 28.9
4.300000 2 137.2 85.5 46.5 33.0
4.333333 2 138.3 96.1 43.1 29.6
4.366667 2 137.9 102.1 43.3 27.1
4.400000 2 137.6 111.1 42.4 27.6
4.433333 2 136.6 115.8 43.7 28.3
4.466667 2 135.4 125.9 44.3 27.9
4.500000 2 134.9 136.3 43.4 27.5
4.533333 2 131.2 143.6 48.8 33.8
4.566667 2 129.8 150.0 50.9 31.7
4.600000 2 130.4 160.0 48.2 32.8
4.633333 2 124.4 162.1 59.5 39.6
4.666667 2 130.5 176.7 46.0 31.0
4.700000 2 124.3 177.6 57.8 40.2
4.733333 2 127.7 191.8 50.4 32.6
4.766667 2 128.0 202.5 49.0 32.6
4.800000 2 123.9 211.8 56.6 35.5
4.833333 2 123.5 215.6 56.8 38.1
4.866667 2 128.0 230.3 46.9 29.6
4.900000 2 123.5 232.8 55.5 35.1
4.933333 2 123.0 241.2 54.9 38.9
4.966667 2 121.2 251.6 57.2 38.3
5.000000 2 124.6 259.7 49.6 31.1
5.033333 2 120.4 266.4 56.0 36.8
5.066667 2 122.2 272.6 51.4 33.0
5.100000 2 120.2 280.1 52.6 34.8
5.133333 2 115.6 281.5 60.5 40.5
5.166667 2 117.7 291.9 53.4 35.2
5.200000 2 114.0 297.5 57.5 38.7
5.233333 2 112.1 300.6 59.9 39.3
5.266667 2 113.0 309.3 54.8 35.1
5.300000 2 116.9 315.3 45.2 29.4
5.333333 2 115.5 321.1 44.5 29.4
5.366667 2 111.1 325.6 49.4 32.2
5.400000 2 111.5 328.3 46.5 31.8
5.433333 2 108.7 334.2 47.9 30.7
5.466667 2 108.9 336.5 45.4 31.2
5.500000 2 97.0 333.6 64.6 47.0
5.533333 2 100.0 340.0 56.0 38.8
5.566667 2 103.0 349.8 44.9 28.0
5.600000 2 94.5 349.8 57.2 36.7
5.633333 2 96.3 354.6 48.4 34.6
5.666667 2 89.6 351.6 59.4 44.4
5.700000 2 87.1 355.4 60.4 44.3
5.733333 2 87.2 358.8 58.0 40.8
5.766667 2 86.8 361.4 55.1 41.7
5.800000 2 84.8 362.3 57.5 43.4
5.833333 2 76.6 358.8 71.1 56.0
5.866667 2 82.9 366.6 57.6 42.8
5.900000 2 75.2 364.3 71.3 52.6
5.933333 2 76.3 364.6 68.1 56.2
5.966667 2 76.1 366.2 68.4 55.4
6.000000 2 80.5 372.1 59.5 46.6
6.033333 2 82.9 375.1 55.2 42.2
6.066667 2 75.1 368.6 72.1 58.5
6.100000 2 81.5 375.5 60.4 45.5
6.133333 2 78.4 374.4 69.0 50.0
6.166667 2 77.0 369.9 73.0 59.9
6.200000 2 84.7 376.5 61.2 47.7
6.233333 2 82.8 372.7 69.2 56.3
6.266667 2 82.1 371.8 73.2 58.2
6.300000 2 91.6 378.3 59.7 45.3
6.333333 2 90.0 373.0 68.9 55.5
6.366667 2 89.4 373.3 73.3 54.9
6.400000 2 102.1 379.3 54.8 41.3
6.433333 2 103.7 379.2 59.0 39.9
6.466667 2 99.8 373.7 70.4 50.4
6.500000 2 107.3 374.2 62.8 47.0
6.533333 2 112.0 373.7 60.7 45.9
6.566667 2 115.6 376.2 57.3 39.4
6.600000 2 120.9 376.5 53.9 35.7
6.633333 2 126.2 375.9 50.4 34.1
6.666667 2 124.8 374.2 56.7 35.9
6.700000 2 126.4 368.9 59.8 43.6
6.733333 2 128.1 367.9 59.0 43.7
6.766667 2 136.2 371.0 48.8 34.0
6.800000 2 133.7 369.5 56.9 35.4
6.833333 2 140.2 368.2 48.9 33.7
6.866667 2 142.2 366.4 50.3 33.6
6.900000 2 144.4 365.4 48.1 33.6
6.933333 2 147.2 363.9 46.8 32.6
6.966667 2 146.8 361.7 49.6 35.4
7.000000 2 149.3 360.3 48.3 33.9
7.033333 2 149.6 359.3 49.6 33.8
7.066667 2 150.4 357.7 50.9 32.9
7.100000 2 152.7 357.1 47.7 31.8
7.133333 2 154.0 355.2 47.4 31.7
7.166667 2 152.0 353.1 52.7 33.8
7.200000 2 147.2 346.8 63.9 41.8
7.233333 2 153.3 348.7 52.2 35.6
7.266667 2 153.7 346.3 52.1 35.1
7.300000 2 148.6 341.7 62.7 42.3
7.333333 2 155.2 343.7 50.3 33.0
7.366667 2 149.8 336.3 60.9 42.8
7.400000 2 155.0 340.4 50.6 31.7
7.433333 2 150.8 334.9 58.5 37.0
7.466667 2 150.6 330.0 58.3 41.3
7.500000 2 154.3 329.0 50.6 36.9
7.533333 2 152.3 324.3 54.1 40.4
7.566667 2 155.1 325.9 48.6 33.9
7.600000 2 151.9 320.2 54.7 39.4
7.633333 2 147.7 313.2 63.0 46.8
7.666667 2 149.8 313.1 58.9 43.4
7.700000 2 149.4 307.9 60.1 47.6
7.733333 2 151.3 309.2 56.9 41.5
7.766667 2 149.2 302.2 62.1 48.9
7.800000 2 154.0 305.1 53.2 39.7
7.833333 2 155.8 301.9 51.4 38.5
7.866667 2 153.8 296.1 57.6 43.5
7.900000 2 152.7 292.3 62.3 44.0
7.933333 2 153.9 288.2 61.1 48.7
7.966667 2 152.6 285.2 66.8 47.6
8.000000 2 159.9 287.7 53.5 38.7
8.033333 2 158.9 282.4 58.7 42.0
8.066667 2 154.3 276.2 69.2 51.1
8.100000 2 162.5 276.8 56.0 42.2
8.133333 2 163.7 276.4 55.1 39.2
8.166667 2 164.4 272.9 56.8 38.9
8.200000 2 165.8 269.7 55.5 41.5
8.233333 2 160.5 261.5 69.2 50.6
8.266667 2 169.6 263.7 54.1 38.6
8.300000 2 171.1 262.6 52.5 37.1
8.333333 2 168.5 254.9 60.2 45.2
8.366667 2 169.1 251.9 60.4 47.3
8.400000 2 166.6 245.9 68.2 51.8
8.433333 2 170.5 245.2 62.0 49.0
8.466667 2 167.6 240.4 70.9 50.6
8.500000 2 174.9 241.9 57.5 43.0
8.533333 2 172.9 237.3 64.3 43.5
8.566667 2 177.5 232.6 57.7 43.7
8.600000 2 177.2 232.3 60.0 39.9
8.633333 2 180.2 226.6 56.6 41.6
8.666667 2 181.0 226.1 56.5 38.2
8.700000 2 181.7 219.8 58.0 41.3
8.733333 2 181.4 213.0 61.8 45.6
8.766667 2 181.2 211.8 63.8 43.6
8.800000 2 181.4 205.2 67.1 47.4
8.833333 2 186.9 204.5 60.3 39.5
8.866667 2 185.9 200.2 64.4 43.7
8.900000 2 193.6 198.6 53.5 37.2
8.933333 2 193.7 194.5 55.3 40.7
8.966667 2 195.2 191.1 57.5 38.0
9.000000 2 195.9 186.5 58.7 42.7
9.033333 2 198.4 183.5 59.3 39.1
9.066667 2 201.6 179.0 58.9 38.5
9.100000 2 201.5 171.0 65.1 45.3
9.133333 2 210.8 173.8 49.6 34.6
9.166667 2 210.5 167.1 56.6 38.7
9.200000 2 214.7 166.7 51.3 34.5
9.233333 2 219.1 162.6 49.0 33.2
9.266667 2 216.0 157.5 58.4 38.9
9.300000 2 222.8 155.7 51.2 32.7
9.333333 2 222.2 150.9 55.2 37.8
9.366667 2 228.5 149.6 48.7 31.0
9.400000 2 231.1 143.7 49.1 33.4
9.433333 2 231.6 137.3 53.6 37.0
9.466667 2 233.7 135.3 51.8 36.4
9.500000 2 233.5 130.2 57.4 37.9
9.533333 2 237.7 125.8 53.4 37.5
9.566667 2 242.9 124.5 47.5 31.5
9.600000 2 245.1 120.8 46.8 30.5
9.633333 2 245.8 118.8 47.3 30.5
9.666667 2 240.7 110.3 60.9 39.4
9.700000 2 247.1 108.9 50.8 34.0
9.733333 2 244.3 105.6 57.9 37.0
9.766667 2 247.0 102.8 54.5 34.6
9.800000 2 251.8 103.1 45.8 29.8
9.833333 2 253.0 99.4 45.1 29.6
9.866667 2 248.2 95.0 55.8 34.9
9.900000 2 251.1 91.2 51.1 35.1
9.933333 2 249.6 86.9 55.3 36.4
9.966667 2 252.4 84.7 50.1 33.9
10.000000 2 255.5 85.6 44.3 28.5
10.033333 2 253.6 81.2 48.6 30.3
10.066667 2 252.6 79.1 50.6 31.7
10.100000 2 253.0 75.3 49.8 31.9
10.133333 2 254.7 73.4 46.0 29.1
10.166667 2 255.3 72.2 44.6 28.0
10.200000 2 251.0 65.8 52.7 34.6
10.233333 2 246.3 60.6 61.6 41.5
10.266667 2 254.0 64.0 45.0 28.0
