0.000000 2 156.0 248.0 30.0 32.0
0.033333 2 154.0 246.0 30.0 34.0
0.066667 2 152.0 246.0 33.0 35.0
0.100000 2 153.0 247.0 34.0 36.0
0.133333 2 155.0 247.0 31.0 34.0
0.166667 2 155.0 247.0 30.8 33.6
0.200000 2 155.0 247.0 30.6 33.2
0.233333 2 155.0 247.0 30.4 32.8
0.266667 2 155.0 247.0 30.2 32.4
0.300000 2 155.0 247.0 30.0 32.0
0.333333 2 155.3 246.4 30.7 32.6
0.366667 2 155.7 245.9 31.3 33.1
0.400000 2 156.0 245.3 32.0 33.7
0.433333 2 156.3 244.8 32.7 34.2
0.466667 2 156.7 244.2 33.3 34.8
0.500000 2 157.0 243.7 34.0 35.3
0.533333 2 157.3 243.1 34.7 35.9
0.566667 2 157.7 242.6 35.3 36.4
0.600000 2 158.0 242.0 36.0 37.0
0.633333 2 160.9 242.2 35.3 36.5
0.666667 2 163.7 242.5 34.5 36.0
0.700000 2 166.6 242.7 33.8 35.5
0.733333 2 169.5 243.0 33.0 35.0
0.766667 2 172.4 243.2 32.3 34.5
0.800000 2 175.2 243.5 31.5 34.0
0.833333 2 178.1 243.7 30.8 33.5
0.866667 2 181.0 244.0 30.0 33.0
0.900000 2 186.3 244.3 29.8 31.8
0.933333 2 191.7 244.7 29.7 30.7
0.966667 2 197.0 245.0 29.5 29.5
1.000000 2 202.3 245.3 29.3 28.3
1.033333 2 207.7 245.7 29.2 27.2
1.066667 2 213.0 246.0 29.0 26.0
1.100000 2 216.7 245.4 29.6 26.7
1.133333 2 220.4 244.9 30.1 27.4
1.166667 2 224.1 244.3 30.7 28.1
1.200000 2 227.9 243.7 31.3 28.9
1.233333 2 231.6 243.1 31.9 29.6
1.266667 2 235.3 242.6 32.4 30.3
1.300000 2 239.0 242.0 33.0 31.0
1.333333 2 241.7 241.5 34.2 31.5
1.366667 2 244.3 241.0 35.3 32.0
1.400000 2 247.0 240.5 36.5 32.5
1.433333 2 249.7 240.0 37.7 33.0
1.466667 2 252.3 239.5 38.8 33.5
1.500000 2 255.0 239.0 40.0 34.0
1.533333 2 257.2 239.2 39.1 33.8
1.566667 2 259.4 239.4 38.2 33.6
1.600000 2 261.6 239.6 37.3 33.4
1.633333 2 263.8 239.8 36.4 33.2
1.666667 2 266.0 240.0 35.5 33.0
1.700000 2 268.2 240.2 34.6 32.8
1.733333 2 270.4 240.4 33.7 32.6
1.766667 2 272.6 240.6 32.8 32.4
1.800000 2 274.8 240.8 31.9 32.2
1.833333 2 277.0 241.0 31.0 32.0
1.866667 2 275.0 243.0 33.0 31.0
1.900000 2 275.2 242.8 33.1 31.2
1.933333 2 275.5 242.5 33.2 31.3
1.966667 2 275.8 242.2 33.2 31.5
2.000000 2 276.0 242.0 33.3 31.7
2.033333 2 276.2 241.8 33.4 31.8
2.066667 2 276.5 241.5 33.5 32.0
2.100000 2 276.8 241.2 33.6 32.2
2.133333 2 277.0 241.0 33.7 32.3
2.166667 2 277.2 240.8 33.7 32.5
2.200000 2 277.5 240.5 33.8 32.7
2.233333 2 277.8 240.2 33.9 32.8
2.266667 2 278.0 240.0 34.0 33.0
2.300000 2 277.8 240.5 34.1 32.6
2.333333 2 277.6 241.1 34.2 32.3
2.366667 2 277.5 241.6 34.3 31.9
2.400000 2 277.3 242.2 34.4 31.5
2.433333 2 277.1 242.7 34.5 31.2
2.466667 2 276.9 243.3 34.5 30.8
2.500000 2 276.7 243.8 34.6 30.5
2.533333 2 276.5 244.4 34.7 30.1
2.566667 2 276.4 244.9 34.8 29.7
2.600000 2 276.2 245.5 34.9 29.4
2.633333 2 276.0 246.0 35.0 29.0
2.666667 2 275.5 246.1 35.0 29.0
2.700000 2 274.9 246.2 35.0 29.0
2.733333 2 274.4 246.3 35.0 29.0
2.766667 2 273.8 246.4 35.0 29.0
2.800000 2 273.3 246.5 35.0 29.0
2.833333 2 272.7 246.5 35.0 29.0
2.866667 2 272.2 246.6 35.0 29.0
2.900000 2 271.6 246.7 35.0 29.0
2.933333 2 271.1 246.8 35.0 29.0
2.966667 2 270.5 246.9 35.0 29.0
3.000000 2 270.0 247.0 35.0 29.0
3.033333 2 269.4 247.1 34.9 29.2
3.066667 2 268.9 247.2 34.8 29.4
3.100000 2 268.3 247.3 34.7 29.7
3.133333 2 267.8 247.4 34.6 29.9
3.166667 2 267.2 247.6 34.4 30.1
3.200000 2 266.7 247.7 34.3 30.3
3.233333 2 266.1 247.8 34.2 30.6
3.266667 2 265.6 247.9 34.1 30.8
3.300000 2 265.0 248.0 34.0 31.0
3.333333 2 264.2 248.1 34.4 30.9
3.366667 2 263.4 248.2 34.9 30.8
3.400000 2 262.7 248.3 35.3 30.7
3.433333 2 261.9 248.4 35.8 30.6
3.466667 2 261.1 248.6 36.2 30.4
3.500000 2 260.3 248.7 36.7 30.3
3.533333 2 259.6 248.8 37.1 30.2
3.566667 2 258.8 248.9 37.6 30.1
3.600000 2 258.0 249.0 38.0 30.0
3.633333 2 257.9 248.6 37.4 30.7
3.666667 2 257.8 248.1 36.9 31.3
3.700000 2 257.7 247.7 36.3 32.0
3.733333 2 257.6 247.2 35.8 32.7
3.766667 2 257.4 246.8 35.2 33.3
3.800000 2 257.3 246.3 34.7 34.0
3.833333 2 257.2 245.9 34.1 34.7
3.866667 2 257.1 245.4 33.6 35.3
3.900000 2 257.0 245.0 33.0 36.0
3.933333 2 256.3 245.2 33.8 35.6
3.966667 2 255.7 245.4 34.6 35.1
4.000000 2 255.0 245.7 35.3 34.7
4.033333 2 254.3 245.9 36.1 34.2
4.066667 2 253.7 246.1 36.9 33.8
4.100000 2 253.0 246.3 37.7 33.3
4.133333 2 252.3 246.6 38.4 32.9
4.166667 2 251.7 246.8 39.2 32.4
4.200000 2 251.0 247.0 40.0 32.0
4.233333 2 251.1 247.0 39.7 31.9
4.266667 2 251.1 247.0 39.3 31.9
4.300000 2 251.2 247.0 39.0 31.8
4.333333 2 251.2 247.0 38.7 31.8
4.366667 2 251.3 247.0 38.3 31.7
4.400000 2 251.3 247.0 38.0 31.7
4.433333 2 251.4 247.0 37.7 31.6
4.466667 2 251.4 247.0 37.3 31.6
4.500000 2 251.5 247.0 37.0 31.5
4.533333 2 251.6 247.0 36.7 31.4
4.566667 2 251.6 247.0 36.3 31.4
4.600000 2 251.7 247.0 36.0 31.3
4.633333 2 251.7 247.0 35.7 31.3
4.666667 2 251.8 247.0 35.3 31.2
4.700000 2 251.8 247.0 35.0 31.2
4.733333 2 251.9 247.0 34.7 31.1
4.766667 2 251.9 247.0 34.3 31.1
4.800000 2 252.0 247.0 34.0 31.0
4.833333 2 252.1 247.1 34.1 30.9
4.866667 2 252.3 247.3 34.1 30.7
4.900000 2 252.4 247.4 34.2 30.6
4.933333 2 252.6 247.6 34.3 30.4
4.966667 2 252.7 247.7 34.4 30.3
5.000000 2 252.9 247.9 34.4 30.1
5.033333 2 253.0 248.0 34.5 30.0
5.066667 2 253.1 248.1 34.6 29.9
5.100000 2 253.3 248.3 34.6 29.7
5.133333 2 253.4 248.4 34.7 29.6
5.166667 2 253.6 248.6 34.8 29.4
5.200000 2 253.7 248.7 34.9 29.3
5.233333 2 253.9 248.9 34.9 29.1
5.266667 2 254.0 249.0 35.0 29.0
5.300000 2 254.0 248.7 34.8 29.7
5.333333 2 254.0 248.3 34.7 30.3
5.366667 2 254.0 248.0 34.5 31.0
5.400000 2 254.0 247.7 34.3 31.7
5.433333 2 254.0 247.3 34.2 32.3
5.466667 2 254.0 247.0 34.0 33.0
5.500000 2 254.0 246.7 33.8 33.7
5.533333 2 254.0 246.3 33.7 34.3
5.566667 2 254.0 246.0 33.5 35.0
5.600000 2 254.0 245.7 33.3 35.7
5.633333 2 254.0 245.3 33.2 36.3
5.666667 2 254.0 245.0 33.0 37.0
5.700000 2 254.0 245.8 33.8 36.6
5.733333 2 254.0 246.5 34.5 36.2
5.766667 2 254.0 247.3 35.3 35.9
5.800000 2 254.0 248.0 36.0 35.5
5.833333 2 254.0 248.8 36.8 35.1
5.866667 2 254.0 249.5 37.5 34.7
5.900000 2 254.0 250.3 38.3 34.4
5.933333 2 254.0 251.0 39.0 34.0
5.966667 2 254.2 250.9 38.2 33.7
6.000000 2 254.5 250.8 37.3 33.3
6.033333 2 254.8 250.8 36.5 33.0
6.066667 2 255.0 250.7 35.7 32.7
6.100000 2 255.2 250.6 34.8 32.3
6.133333 2 255.5 250.5 34.0 32.0
6.166667 2 255.8 250.4 33.2 31.7
6.200000 2 256.0 250.3 32.3 31.3
6.233333 2 256.2 250.3 31.5 31.0
6.266667 2 256.5 250.2 30.7 30.7
6.300000 2 256.8 250.1 29.8 30.3
6.333333 2 257.0 250.0 29.0 30.0
6.366667 2 256.9 249.8 29.3 29.5
6.400000 2 256.8 249.6 29.5 29.1
6.433333 2 256.7 249.5 29.8 28.6
6.466667 2 256.6 249.3 30.1 28.2
6.500000 2 256.5 249.1 30.4 27.7
6.533333 2 256.5 248.9 30.6 27.3
6.566667 2 256.4 248.7 30.9 26.8
6.600000 2 256.3 248.5 31.2 26.4
6.633333 2 256.2 248.4 31.5 25.9
6.666667 2 256.1 248.2 31.7 25.5
6.700000 2 256.0 248.0 32.0 25.0
6.733333 2 255.5 246.3 32.5 27.0
6.766667 2 255.0 244.5 33.0 29.0
6.800000 2 254.5 242.8 33.5 31.0
6.833333 2 254.0 241.0 34.0 33.0
6.866667 2 254.0 240.7 34.2 33.2
6.900000 2 254.0 240.4 34.4 33.4
6.933333 2 254.0 240.1 34.6 33.6
6.966667 2 254.0 239.8 34.8 33.8
7.000000 2 254.0 239.5 35.0 34.0
7.033333 2 254.0 239.2 35.2 34.2
7.066667 2 254.0 238.9 35.4 34.4
7.100000 2 254.0 238.6 35.6 34.6
7.133333 2 254.0 238.3 35.8 34.8
7.166667 2 254.0 238.0 36.0 35.0
7.200000 2 253.2 238.1 35.9 34.8
7.233333 2 252.3 238.2 35.8 34.7
7.266667 2 251.5 238.2 35.8 34.5
7.300000 2 250.6 238.3 35.7 34.4
7.333333 2 249.8 238.4 35.6 34.2
7.366667 2 248.9 238.5 35.5 34.1
7.400000 2 248.1 238.5 35.5 33.9
7.433333 2 247.2 238.6 35.4 33.8
7.466667 2 246.4 238.7 35.3 33.6
7.500000 2 245.5 238.8 35.2 33.5
7.533333 2 244.7 238.8 35.2 33.3
7.566667 2 243.8 238.9 35.1 33.2
7.600000 2 243.0 239.0 35.0 33.0
7.633333 2 239.5 239.5 36.0 33.2
7.666667 2 236.0 240.0 37.0 33.3
7.700000 2 232.5 240.5 38.0 33.5
7.733333 2 229.0 241.0 39.0 33.7
7.766667 2 225.5 241.5 40.0 33.8
7.800000 2 222.0 242.0 41.0 34.0
7.833333 2 218.6 243.0 41.4 33.4
7.866667 2 215.1 244.0 41.9 32.9
7.900000 2 211.7 245.0 42.3 32.3
7.933333 2 208.3 246.0 42.7 31.7
7.966667 2 204.9 247.0 43.1 31.1
8.000000 2 201.4 248.0 43.6 30.6
8.033333 2 198.0 249.0 44.0 30.0
8.066667 2 194.7 249.9 43.1 30.0
8.100000 2 191.5 250.8 42.2 30.0
8.133333 2 188.2 251.6 41.4 30.0
8.166667 2 185.0 252.5 40.5 30.0
8.200000 2 181.7 253.4 39.6 30.0
8.233333 2 178.5 254.3 38.7 30.0
8.266667 2 175.2 255.1 37.9 30.0
8.300000 2 172.0 256.0 37.0 30.0
8.333333 2 169.2 256.7 36.5 30.3
8.366667 2 166.3 257.3 36.0 30.7
8.400000 2 163.5 258.0 35.5 31.0
8.433333 2 160.7 258.7 35.0 31.3
8.466667 2 157.8 259.3 34.5 31.7
8.500000 2 155.0 260.0 34.0 32.0
8.533333 2 152.7 261.3 33.8 31.9
8.566667 2 150.3 262.7 33.6 31.8
8.600000 2 148.0 264.0 33.3 31.7
8.633333 2 145.7 265.3 33.1 31.6
8.666667 2 143.3 266.7 32.9 31.4
8.700000 2 141.0 268.0 32.7 31.3
8.733333 2 138.7 269.3 32.4 31.2
8.766667 2 136.3 270.7 32.2 31.1
8.800000 2 134.0 272.0 32.0 31.0
8.833333 2 132.9 272.3 32.0 31.4
8.866667 2 131.7 272.6 32.0 31.9
8.900000 2 130.6 272.9 32.0 32.3
8.933333 2 129.4 273.1 32.0 32.7
8.966667 2 128.3 273.4 32.0 33.1
9.000000 2 127.1 273.7 32.0 33.6
9.033333 2 126.0 274.0 32.0 34.0
9.066667 2 125.0 276.0 32.7 33.7
9.100000 2 124.0 278.0 33.3 33.3
9.133333 2 123.0 280.0 34.0 33.0
9.166667 2 123.2 281.4 34.0 32.9
9.200000 2 123.4 282.8 34.0 32.8
9.233333 2 123.6 284.2 34.0 32.7
9.266667 2 123.8 285.6 34.0 32.6
9.300000 2 124.0 287.0 34.0 32.5
9.333333 2 124.2 288.4 34.0 32.4
9.366667 2 124.4 289.8 34.0 32.3
9.400000 2 124.6 291.2 34.0 32.2
9.433333 2 124.8 292.6 34.0 32.1
9.466667 2 125.0 294.0 34.0 32.0
9.500000 2 127.4 295.8 32.6 31.2
9.533333 2 129.8 297.6 31.2 30.4
9.566667 2 132.2 299.4 29.8 29.6
9.600000 2 134.6 301.2 28.4 28.8
9.633333 2 137.0 303.0 27.0 28.0
9.666667 2 138.6 304.0 27.4 28.2
9.700000 2 140.3 305.0 27.8 28.4
9.733333 2 141.9 306.0 28.2 28.5
9.766667 2 143.6 307.0 28.6 28.7
9.800000 2 145.2 308.0 29.1 28.9
9.833333 2 146.9 309.0 29.5 29.1
9.866667 2 148.5 310.0 29.9 29.2
9.900000 2 150.2 311.0 30.3 29.4
9.933333 2 151.8 312.0 30.7 29.6
9.966667 2 153.5 313.0 31.1 29.8
10.000000 2 155.1 314.0 31.5 29.9
10.033333 2 156.8 315.0 31.9 30.1
10.066667 2 158.4 316.0 32.4 30.3
10.100000 2 160.1 317.0 32.8 30.5
10.133333 2 161.7 318.0 33.2 30.6
10.166667 2 163.4 319.0 33.6 30.8
10.200000 2 165.0 320.0 34.0 31.0
10.233333 2 168.4 321.3 33.4 30.7
10.266667 2 171.9 322.7 32.9 30.3
10.300000 2 175.3 324.0 32.3 30.0
10.333333 2 178.8 325.3 31.8 29.7
10.366667 2 182.2 326.7 31.2 29.3
10.400000 2 185.7 328.0 30.7 29.0
10.433333 2 189.1 329.3 30.1 28.7
10.466667 2 192.6 330.7 29.6 28.3
10.500000 2 196.0 332.0 29.0 28.0
10.533333 2 199.6 333.1 28.6 27.7
10.566667 2 203.1 334.2 28.1 27.3
10.600000 2 206.7 335.3 27.7 27.0
10.633333 2 210.2 336.4 27.2 26.7
10.666667 2 213.8 337.6 26.8 26.3
10.700000 2 217.3 338.7 26.3 26.0
10.733333 2 220.9 339.8 25.9 25.7
10.766667 2 224.4 340.9 25.4 25.3
10.800000 2 228.0 342.0 25.0 25.0
