0.000000 2 403.0 94.0 50.0 29.0
0.033333 2 402.4 92.3 50.7 29.8
0.066667 2 402.3 91.2 50.1 29.3
0.100000 2 401.7 88.4 50.4 29.5
0.133333 2 401.1 85.7 50.4 29.3
0.166667 2 400.7 84.4 50.3 29.5
0.200000 2 400.2 81.7 50.2 29.2
0.233333 2 399.3 78.7 50.6 29.8
0.266667 2 399.2 77.6 50.0 29.2
0.300000 2 398.3 74.7 50.5 29.6
0.333333 2 397.9 71.9 50.3 29.4
0.366667 2 397.2 69.2 50.6 29.5
0.400000 2 397.0 67.7 50.5 29.7
0.433333 2 396.3 65.3 50.5 29.4
0.466667 2 395.5 62.5 51.0 29.9
0.500000 2 394.5 59.8 51.6 30.7
0.533333 2 394.5 58.9 50.9 30.2
0.566667 2 393.6 56.5 51.1 30.8
0.600000 2 393.1 54.8 50.9 30.5
0.633333 2 392.5 53.2 50.7 30.3
0.666667 2 391.9 51.5 50.5 30.3
0.700000 2 391.7 50.7 50.3 30.2
0.733333 2 390.9 48.8 50.7 30.7
0.766667 2 390.6 47.7 49.9 29.8
0.800000 2 390.1 46.7 50.2 30.3
0.833333 2 389.4 45.5 50.2 30.3
0.866667 2 388.6 44.1 50.5 30.5
0.900000 2 387.7 43.1 50.6 30.6
0.933333 2 387.5 43.1 50.0 30.0
0.966667 2 387.0 42.4 49.4 29.4
1.000000 2 386.5 42.7 48.5 28.3
1.033333 2 385.4 42.2 48.6 28.3
1.066667 2 384.2 42.0 48.8 28.7
1.100000 2 383.2 41.9 49.0 29.0
1.133333 2 382.2 42.3 48.9 29.1
1.166667 2 381.5 42.3 49.2 29.3
1.200000 2 380.9 43.0 48.9 29.3
1.233333 2 380.3 44.3 48.6 28.9
1.266667 2 379.5 45.3 48.8 29.1
1.300000 2 378.9 46.6 48.7 29.0
1.333333 2 378.9 47.6 48.1 28.5
1.366667 2 378.4 49.3 48.0 28.7
1.400000 2 377.9 50.9 48.2 29.0
1.433333 2 378.3 53.4 47.2 28.0
1.466667 2 378.5 55.3 46.8 27.7
1.500000 2 378.4 57.0 47.1 28.2
1.533333 2 378.7 58.1 46.9 28.3
1.566667 2 379.4 60.5 46.5 27.8
1.600000 2 380.4 62.6 46.0 27.9
1.633333 2 381.7 65.2 45.4 27.3
1.666667 2 382.9 67.3 45.9 27.5
1.700000 2 384.7 69.4 46.1 27.5
1.733333 2 385.7 70.5 46.1 27.6
1.766667 2 387.9 72.4 46.0 27.6
1.800000 2 390.4 74.4 46.0 27.9
1.833333 2 391.8 75.5 46.0 27.5
1.866667 2 395.9 78.3 46.0 27.6
1.900000 2 397.3 78.9 45.8 28.0
1.933333 2 400.1 80.8 45.9 27.9
1.966667 2 402.8 82.9 45.7 27.4
2.000000 2 403.8 83.3 46.3 28.1
2.033333 2 406.4 85.2 45.9 28.3
2.066667 2 408.7 87.3 45.9 27.8
2.100000 2 409.6 88.2 46.0 27.9
2.133333 2 411.9 90.2 45.3 27.3
2.166667 2 413.5 91.9 45.2 27.8
2.200000 2 414.2 93.0 45.4 27.4
2.233333 2 415.3 94.2 46.0 28.4
2.266667 2 416.5 96.0 45.8 28.1
2.300000 2 417.6 98.0 45.4 27.8
2.333333 2 418.3 100.0 45.4 27.6
2.366667 2 418.6 100.8 45.3 27.8
2.400000 2 418.7 102.7 46.0 27.7
2.433333 2 418.7 104.4 46.3 28.1
2.466667 2 418.7 105.2 46.4 28.1
2.500000 2 418.5 107.2 46.4 28.1
2.533333 2 418.4 108.0 46.3 28.3
2.566667 2 417.9 109.9 46.2 28.3
2.600000 2 417.5 112.0 46.1 28.1
2.633333 2 416.8 114.1 46.1 27.8
2.666667 2 415.9 115.9 46.2 28.3
2.700000 2 414.8 117.6 46.5 28.7
2.733333 2 414.1 118.6 46.8 28.9
2.766667 2 413.1 120.5 46.9 29.1
2.800000 2 411.7 122.2 47.1 29.7
2.833333 2 410.7 124.1 46.7 29.2
2.866667 2 408.7 126.5 47.3 29.7
2.900000 2 407.5 128.3 47.2 29.5
2.933333 2 406.7 130.4 46.5 28.3
2.966667 2 405.5 131.7 47.2 28.9
3.000000 2 404.4 133.3 46.8 28.4
3.033333 2 404.0 134.5 46.2 28.3
3.066667 2 403.4 135.6 45.9 28.1
3.100000 2 403.2 136.4 46.0 28.5
3.133333 2 402.7 136.7 46.8 29.1
3.166667 2 403.2 137.7 45.9 28.3
3.200000 2 403.4 138.0 46.7 28.4
3.233333 2 403.9 137.7 46.9 29.1
3.266667 2 404.8 137.6 46.9 29.2
3.300000 2 405.5 137.9 46.6 28.4
3.333333 2 407.2 137.5 46.0 28.5
3.366667 2 408.5 136.9 46.7 28.6
3.400000 2 411.1 137.1 45.5 27.5
3.433333 2 413.2 135.9 45.5 27.8
3.466667 2 415.0 134.7 46.3 28.8
3.500000 2 417.1 133.8 46.1 28.9
3.533333 2 419.2 132.9 45.9 28.9
3.566667 2 421.3 132.0 45.9 28.9
3.600000 2 423.6 131.6 45.7 28.4
3.633333 2 425.6 130.9 45.8 28.2
3.666667 2 426.8 130.6 45.8 28.1
3.700000 2 429.7 129.6 45.9 28.3
3.733333 2 431.0 128.7 46.5 29.5
3.766667 2 432.7 128.5 46.7 29.3
3.800000 2 434.5 129.0 46.6 28.6
3.833333 2 435.2 129.0 46.6 29.0
3.866667 2 436.8 129.3 46.5 29.1
3.900000 2 438.1 130.0 46.5 29.2
3.933333 2 438.8 130.4 46.3 28.8
3.966667 2 440.0 131.3 46.2 29.2
4.000000 2 441.8 133.4 46.0 28.4
4.033333 2 443.1 135.2 46.2 29.3
4.066667 2 444.4 138.1 46.4 28.7
4.100000 2 445.2 139.7 46.5 29.1
4.133333 2 446.0 141.6 46.4 29.3
4.166667 2 446.7 144.2 46.4 28.5
4.200000 2 447.6 146.4 45.6 28.4
4.233333 2 448.0 149.1 45.7 27.8
4.266667 2 448.0 149.7 46.0 28.8
4.300000 2 448.3 151.9 46.4 28.9
4.333333 2 449.0 154.7 45.6 27.9
4.366667 2 449.3 156.4 45.8 28.8
4.400000 2 449.1 157.4 46.2 29.2
4.433333 2 449.4 159.7 46.9 29.2
4.466667 2 449.3 160.6 46.9 29.3
4.500000 2 450.1 163.0 46.1 29.1
4.533333 2 450.4 165.0 46.0 28.9
4.566667 2 450.4 166.1 46.2 28.6
4.600000 2 450.7 168.0 46.2 28.4
4.633333 2 451.3 169.8 45.3 27.9
4.666667 2 451.2 169.9 46.0 28.9
4.700000 2 452.0 171.9 45.3 27.7
4.733333 2 451.8 173.2 45.9 28.0
4.766667 2 452.1 174.8 45.4 27.7
4.800000 2 452.2 176.0 45.6 28.1
4.833333 2 452.5 177.4 45.4 28.2
4.866667 2 452.4 178.3 45.5 28.3
4.900000 2 452.4 180.0 45.7 28.4
4.933333 2 452.6 181.9 45.2 28.0
4.966667 2 452.6 182.6 45.2 28.1
5.000000 2 452.4 184.4 45.4 28.2
5.033333 2 452.3 187.0 45.1 27.4
5.066667 2 452.3 188.0 45.2 27.5
5.100000 2 452.0 190.4 45.5 27.6
5.133333 2 451.9 192.7 45.2 27.7
5.166667 2 451.3 195.0 45.5 28.2
5.200000 2 451.0 196.1 45.9 28.3
5.233333 2 450.9 199.1 45.4 27.6
5.266667 2 450.3 199.8 46.1 28.9
5.300000 2 450.1 202.6 45.7 28.3
5.333333 2 449.5 205.0 46.3 28.4
5.366667 2 449.3 205.9 46.0 28.9
5.400000 2 448.9 209.1 45.4 27.5
5.433333 2 448.1 209.7 46.1 28.9
5.466667 2 447.9 212.3 46.1 28.2
5.500000 2 447.3 214.2 45.7 28.5
5.533333 2 446.3 216.8 45.9 28.7
5.566667 2 445.5 219.7 45.3 28.1
5.600000 2 443.9 223.2 45.5 27.6
5.633333 2 442.3 225.6 45.5 28.1
5.666667 2 441.0 227.3 45.8 28.2
5.700000 2 440.9 227.9 45.1 27.8
5.733333 2 440.1 229.0 45.2 27.5
5.766667 2 439.1 229.4 45.6 28.1
5.800000 2 439.0 229.8 45.5 27.7
5.833333 2 438.0 229.9 46.0 28.6
5.866667 2 437.6 230.6 45.3 28.1
5.900000 2 437.1 231.2 45.3 27.5
5.933333 2 436.5 230.8 45.4 28.2
5.966667 2 436.1 231.2 45.2 27.4
6.000000 2 435.7 230.9 45.5 28.0
6.033333 2 435.2 230.8 45.4 27.9
6.066667 2 434.8 230.6 45.7 27.9
6.100000 2 434.2 229.8 46.1 28.9
6.133333 2 434.2 229.9 45.4 27.8
6.166667 2 433.9 229.5 45.9 28.1
6.200000 2 433.5 228.9 46.0 28.4
6.233333 2 433.5 228.4 45.6 28.5
6.266667 2 433.2 227.8 46.2 29.1
6.300000 2 433.4 227.6 45.5 28.4
6.333333 2 433.3 227.2 45.7 28.6
6.366667 2 433.2 226.7 45.7 28.4
6.400000 2 433.2 226.7 45.5 28.0
6.433333 2 432.8 225.7 46.4 29.0
6.466667 2 433.2 225.7 45.6 28.2
6.500000 2 433.1 225.2 45.9 28.7
6.533333 2 433.0 224.6 46.1 28.9
6.566667 2 433.4 224.3 45.7 28.6
6.600000 2 433.3 223.9 46.2 28.9
6.633333 2 433.7 224.0 46.1 28.1
6.666667 2 433.9 224.0 45.7 27.9
6.700000 2 434.2 223.2 45.8 28.7
6.733333 2 434.0 222.5 46.6 29.3
6.766667 2 434.6 222.0 46.2 28.2
6.800000 2 435.1 221.9 45.5 27.6
6.833333 2 435.3 220.9 46.1 28.8
6.866667 2 435.8 220.4 46.1 28.3
6.900000 2 436.1 219.3 46.0 28.6
6.933333 2 436.1 218.8 46.4 28.9
6.966667 2 436.1 217.8 46.5 29.0
7.000000 2 436.1 217.3 46.3 28.8
7.033333 2 436.0 215.8 46.7 29.4
7.066667 2 435.8 214.7 46.7 29.5
7.100000 2 435.6 214.2 47.0 29.6
7.133333 2 435.8 212.9 46.6 29.3
7.166667 2 435.9 212.8 46.6 29.3
7.200000 2 436.2 212.7 46.3 29.0
7.233333 2 437.6 213.6 44.8 27.4
7.266667 2 438.1 214.2 44.0 27.1
7.300000 2 439.2 216.0 43.0 25.6
7.333333 2 439.8 217.0 43.2 26.0
7.366667 2 440.0 218.1 43.3 25.7
7.400000 2 440.9 219.8 42.8 25.8
7.433333 2 441.6 221.3 42.3 24.9
7.466667 2 442.5 223.6 42.1 24.7
7.500000 2 443.1 225.5 42.5 25.4
7.533333 2 443.6 227.1 42.2 24.6
7.566667 2 444.3 229.4 41.8 24.8
7.600000 2 444.6 230.6 41.7 24.3
7.633333 2 445.3 232.9 41.6 24.4
7.666667 2 445.5 233.9 41.7 24.2
7.700000 2 445.4 235.0 42.7 25.6
7.733333 2 445.7 237.6 42.7 25.0
7.766667 2 445.7 239.3 43.5 25.5
7.800000 2 445.8 239.7 43.6 25.8
7.833333 2 446.2 241.0 43.5 25.7
7.866667 2 446.5 242.1 43.0 25.2
7.900000 2 446.9 243.5 43.0 25.1
7.933333 2 446.9 244.0 43.0 25.3
7.966667 2 446.8 245.1 43.7 26.0
8.000000 2 446.9 246.2 43.7 26.0
8.033333 2 447.0 246.7 43.5 25.8
8.066667 2 447.1 247.6 43.5 25.7
8.100000 2 447.1 248.1 43.6 25.9
8.133333 2 447.0 248.2 43.6 25.9
8.166667 2 446.9 248.6 43.7 26.0
8.200000 2 446.9 248.8 43.6 26.0
8.233333 2 446.9 249.1 43.2 25.5
8.266667 2 447.0 249.4 42.8 24.9
8.300000 2 446.7 248.9 43.0 25.1
8.333333 2 446.7 248.7 43.0 25.1
8.366667 2 446.4 248.1 43.0 25.2
8.400000 2 446.1 247.7 43.6 25.5
8.433333 2 446.3 247.1 43.2 25.4
8.466667 2 446.1 246.4 43.6 25.6
8.500000 2 446.0 245.2 43.6 25.7
8.533333 2 446.5 244.1 43.0 25.0
8.566667 2 446.2 243.0 43.3 25.4
8.600000 2 446.1 240.7 43.8 25.5
8.633333 2 446.0 239.5 43.9 25.6
8.666667 2 445.7 237.1 44.1 26.1
8.700000 2 445.7 235.9 44.0 26.1
8.733333 2 445.8 234.0 43.1 25.3
8.766667 2 445.4 232.8 43.4 25.6
8.800000 2 444.9 230.2 44.0 25.8
8.833333 2 444.7 228.9 44.0 26.0
8.866667 2 444.7 227.1 43.1 25.2
8.900000 2 444.4 225.6 43.5 25.6
8.933333 2 444.0 223.5 43.8 25.7
8.966667 2 444.0 222.3 43.8 25.8
9.000000 2 443.9 220.3 43.8 25.9
9.033333 2 444.4 218.5 43.3 25.2
9.066667 2 444.6 217.6 43.2 25.3
9.100000 2 444.8 216.5 43.6 25.6
9.133333 2 445.9 214.9 43.6 25.7
9.166667 2 447.6 214.1 42.8 24.9
9.200000 2 448.1 213.0 43.5 25.7
9.233333 2 450.0 212.2 43.5 25.9
9.266667 2 451.2 212.0 43.4 25.7
9.300000 2 454.0 212.1 42.5 24.7
9.333333 2 455.0 211.3 43.4 25.9
9.366667 2 458.1 211.2 43.1 25.7
9.400000 2 459.9 211.5 42.4 24.7
9.433333 2 462.4 211.0 42.9 25.4
9.466667 2 464.2 211.6 42.3 24.6
9.500000 2 467.2 210.9 42.7 25.2
9.533333 2 468.6 211.0 42.7 25.2
9.566667 2 471.8 211.3 42.4 24.7
9.600000 2 473.1 210.7 43.1 25.6
9.633333 2 476.3 210.9 43.0 25.5
9.666667 2 478.1 210.8 42.9 25.5
9.700000 2 481.4 211.1 42.9 25.5
9.733333 2 483.1 211.0 43.0 25.6
9.766667 2 487.0 211.4 42.4 24.8
9.800000 2 488.7 211.6 42.7 24.8
9.833333 2 492.5 211.6 42.9 25.0
9.866667 2 496.7 211.7 42.7 24.8
9.900000 2 498.9 211.7 42.6 24.9
9.933333 2 503.4 211.5 43.1 25.3
9.966667 2 505.8 211.6 42.7 24.9
10.000000 2 510.8 211.7 42.7 24.9
10.033333 2 513.0 211.0 43.5 26.0
10.066667 2 518.3 210.8 43.3 25.5
10.100000 2 524.0 210.4 42.9 25.1
10.133333 2 528.8 209.5 43.8 26.3
10.166667 2 534.5 209.4 43.1 25.3
10.200000 2 539.9 209.3 42.4 24.8
10.233333 2 542.0 208.2 43.7 26.1
10.266667 2 547.0 207.5 43.7 26.1
10.300000 2 549.9 207.8 42.6 24.9
10.333333 2 553.9 206.5 43.7 26.2
10.366667 2 557.8 206.3 43.8 26.2
10.400000 2 561.7 206.6 42.9 25.1
10.433333 2 564.5 206.5 43.2 25.4
10.466667 2 565.9 206.9 42.7 25.0
10.500000 2 568.0 207.2 42.8 25.2
10.533333 2 568.6 207.6 43.0 25.1
10.566667 2 569.8 208.6 42.8 25.0
10.600000 2 569.9 209.1 43.9 26.2
10.633333 2 569.9 209.8 43.8 26.1
10.666667 2 569.9 211.8 43.0 25.2
10.700000 2 569.1 212.5 43.6 25.9
10.733333 2 567.8 214.3 43.9 26.1
10.766667 2 567.0 215.5 43.8 25.9
10.800000 2 565.0 217.8 43.8 26.0
10.833333 2 562.6 220.9 43.0 25.1
10.866667 2 560.6 221.9 44.0 26.3
10.900000 2 557.8 225.3 43.3 25.4
10.933333 2 553.7 228.4 43.9 26.2
