0.000000 2 240.0 31.2 23.2 18.2
0.033333 2 238.5 31.2 23.3 18.2
0.066667 2 236.9 31.2 23.0 18.2
0.100000 2 234.7 31.3 23.3 18.4
0.133333 2 233.3 31.4 23.6 18.5
0.166667 2 231.1 31.9 23.0 18.0
0.200000 2 230.0 32.2 22.8 17.9
0.233333 2 226.9 32.4 23.4 18.4
0.266667 2 224.9 32.4 23.9 18.8
0.300000 2 222.1 33.2 23.0 18.0
0.333333 2 218.0 33.5 23.8 18.7
0.366667 2 216.7 34.0 23.1 18.1
0.400000 2 212.6 34.6 23.2 18.2
0.433333 2 210.5 34.8 23.3 18.3
0.466667 2 205.9 35.1 24.1 18.9
0.500000 2 204.0 35.7 23.3 18.3
0.533333 2 199.8 36.2 23.0 18.0
0.566667 2 197.2 36.2 23.7 18.6
0.600000 2 193.0 36.9 22.8 17.9
0.633333 2 187.8 36.5 24.0 19.0
0.666667 2 183.9 37.0 22.9 18.0
0.700000 2 178.9 36.7 23.4 18.4
0.733333 2 174.3 36.4 23.6 18.5
0.766667 2 171.8 35.9 24.2 19.0
0.800000 2 167.6 35.7 23.2 18.2
0.833333 2 164.8 35.1 24.3 19.1
0.866667 2 160.8 35.0 23.1 18.1
0.900000 2 155.7 33.7 24.4 19.3
0.933333 2 151.9 33.2 23.2 18.2
0.966667 2 146.7 32.0 24.4 19.2
1.000000 2 144.7 31.6 23.9 18.9
1.033333 2 140.9 30.9 23.1 18.1
1.066667 2 136.6 29.8 23.4 18.4
1.100000 2 133.9 28.9 24.3 19.2
1.133333 2 129.9 28.0 24.4 19.2
1.166667 2 127.9 27.4 24.3 19.3
1.200000 2 123.8 26.3 24.3 19.3
1.233333 2 121.8 25.6 24.3 19.3
1.266667 2 118.2 24.8 23.9 18.8
1.300000 2 114.8 24.1 23.1 18.1
1.333333 2 111.0 23.1 23.1 18.1
1.366667 2 108.7 22.2 24.1 18.9
1.400000 2 105.4 21.5 23.6 18.5
1.433333 2 103.9 21.1 23.2 18.2
1.466667 2 100.2 20.0 23.7 18.6
1.500000 2 98.8 19.9 23.0 18.0
1.533333 2 95.3 18.8 23.7 18.7
1.566667 2 91.8 17.7 24.0 19.0
1.600000 2 90.9 17.9 23.0 18.0
1.633333 2 87.9 16.9 23.0 18.0
1.666667 2 85.0 16.0 23.0 18.0
1.700000 2 490.1 11.2 34.0 26.2
1.733333 2 490.5 11.8 34.4 26.4
1.766667 2 491.6 13.7 34.1 26.1
1.800000 2 491.9 14.7 34.0 26.1
1.833333 2 492.6 16.4 33.8 26.0
1.866667 2 493.1 18.5 33.7 25.7
1.900000 2 493.2 20.3 33.9 26.1
1.933333 2 493.2 21.2 34.0 26.2
1.966667 2 493.2 23.1 34.1 26.3
2.000000 2 493.1 24.1 34.1 26.3
2.033333 2 492.9 26.3 33.9 25.9
2.066667 2 492.5 28.2 34.0 26.1
2.100000 2 492.1 28.9 34.3 26.4
2.133333 2 491.6 31.1 34.2 26.2
2.166667 2 491.1 31.8 34.5 26.6
2.200000 2 490.2 33.8 34.5 26.5
2.233333 2 489.8 34.8 34.5 26.5
2.266667 2 488.8 36.8 34.5 26.5
2.300000 2 488.2 37.7 34.6 26.6
2.333333 2 486.9 39.7 34.6 26.7
2.366667 2 485.7 41.9 34.4 26.4
2.400000 2 484.9 42.8 34.5 26.5
2.433333 2 483.3 44.9 34.3 26.4
2.466667 2 482.6 46.1 34.1 26.2
2.500000 2 481.0 48.6 33.7 25.8
2.533333 2 480.0 49.6 33.7 25.8
2.566667 2 477.8 51.7 34.0 26.0
2.600000 2 475.6 53.7 34.1 26.1
2.633333 2 474.5 54.8 34.3 26.3
2.666667 2 472.1 57.2 33.9 26.1
2.700000 2 469.8 59.7 33.7 25.8
2.733333 2 467.0 61.6 34.3 26.4
2.766667 2 464.4 63.9 34.3 26.3
2.800000 2 463.3 65.3 33.9 26.1
2.833333 2 460.5 67.6 33.9 26.0
2.866667 2 459.0 68.6 34.3 26.4
2.900000 2 456.3 71.2 34.0 26.2
2.933333 2 454.9 72.6 33.7 25.8
2.966667 2 451.7 74.7 34.2 26.2
3.000000 2 450.1 75.8 34.5 26.6
3.033333 2 445.6 79.7 34.1 26.1
3.066667 2 444.0 80.7 34.5 26.6
3.100000 2 441.0 83.3 33.9 26.0
3.133333 2 439.5 84.6 34.1 26.2
3.166667 2 436.1 86.7 34.5 26.6
3.200000 2 434.6 88.2 34.0 26.1
3.233333 2 431.4 90.6 34.0 26.2
3.266667 2 429.8 91.7 33.9 26.0
3.300000 2 426.5 94.1 34.1 26.2
3.333333 2 423.2 96.5 33.8 26.0
3.366667 2 421.3 97.5 34.2 26.3
3.400000 2 417.8 100.1 34.1 26.1
3.433333 2 414.1 102.5 34.1 26.3
3.466667 2 412.4 103.6 34.2 26.3
3.500000 2 408.7 106.3 33.9 26.0
3.533333 2 406.9 107.6 33.8 25.8
3.566667 2 402.7 109.8 34.2 26.2
3.600000 2 400.7 111.1 34.1 26.1
3.633333 2 396.8 113.6 33.8 25.9
3.666667 2 394.7 114.6 33.8 25.9
3.700000 2 390.1 117.0 34.2 26.3
3.733333 2 387.9 118.1 34.1 26.1
3.766667 2 383.3 120.2 34.0 26.2
3.800000 2 378.5 122.2 33.9 26.1
3.833333 2 375.7 123.3 33.9 26.0
3.866667 2 370.3 124.8 34.3 26.4
3.900000 2 367.7 125.7 34.2 26.2
3.933333 2 362.1 126.9 34.3 26.4
3.966667 2 359.2 127.8 34.3 26.5
4.000000 2 353.3 129.2 34.0 26.2
4.033333 2 347.4 130.3 33.9 26.1
4.066667 2 344.2 130.6 34.3 26.4
4.100000 2 341.4 131.4 33.9 26.1
4.133333 2 335.0 132.5 33.8 25.9
4.166667 2 328.5 133.2 33.9 26.1
4.200000 2 325.3 133.5 34.1 26.2
4.233333 2 318.8 134.4 33.8 25.9
4.266667 2 312.1 134.8 34.4 26.5
4.300000 2 309.0 135.3 33.9 25.9
4.333333 2 302.5 135.6 33.9 26.0
4.366667 2 299.1 135.6 34.3 26.4
4.400000 2 292.5 136.0 34.2 26.2
4.433333 2 289.2 135.9 34.3 26.5
4.466667 2 282.6 136.5 33.8 25.9
4.500000 2 276.2 136.3 33.9 26.0
4.533333 2 272.8 136.4 33.9 26.0
4.566667 2 269.7 136.4 33.8 25.9
4.600000 2 263.1 135.6 34.3 26.4
4.633333 2 256.9 135.4 33.9 26.0
4.666667 2 253.6 134.8 34.2 26.2
4.700000 2 247.6 133.8 34.3 26.2
4.733333 2 244.8 133.5 33.8 25.9
4.766667 2 238.9 132.0 34.2 26.2
4.800000 2 236.3 131.4 34.0 26.2
4.833333 2 230.7 130.2 34.0 26.0
4.866667 2 228.0 129.1 34.1 26.2
4.900000 2 222.8 127.6 33.9 26.0
4.933333 2 217.7 125.6 33.9 26.0
4.966667 2 212.8 123.6 33.9 26.0
5.000000 2 208.0 121.4 33.9 26.0
5.033333 2 205.7 120.2 34.0 26.0
5.066667 2 201.0 117.5 34.0 26.1
5.100000 2 196.6 114.7 34.1 26.2
5.133333 2 194.5 113.3 33.9 26.1
5.166667 2 190.3 110.1 34.1 26.3
5.200000 2 186.3 107.1 34.1 26.3
5.233333 2 182.4 103.7 34.2 26.3
5.266667 2 178.8 100.6 33.9 25.9
5.300000 2 176.8 98.8 34.1 26.1
5.333333 2 173.4 95.3 34.0 26.1
5.366667 2 171.8 93.6 33.9 26.0
5.400000 2 168.4 89.7 34.2 26.2
5.433333 2 166.9 87.9 34.2 26.1
5.466667 2 164.0 84.0 34.2 26.2
5.500000 2 162.6 81.8 34.1 26.1
5.533333 2 160.0 77.8 34.2 26.2
5.566667 2 159.0 75.7 34.0 26.0
5.600000 2 156.9 71.4 33.8 25.9
5.633333 2 155.8 69.2 33.9 26.0
5.666667 2 154.2 64.5 33.8 25.9
5.700000 2 153.4 62.4 33.9 26.1
5.733333 2 151.8 57.7 34.1 26.1
5.766667 2 150.4 53.0 34.1 26.2
5.800000 2 149.3 48.4 33.9 26.0
5.833333 2 148.6 45.9 34.1 26.1
5.866667 2 147.6 41.1 34.0 26.1
5.900000 2 147.2 38.5 34.2 26.3
5.933333 2 146.8 33.8 34.0 26.1
5.966667 2 147.0 29.0 34.0 26.0
6.000000 2 209.3 297.7 29.3 22.6
6.033333 2 207.5 296.8 30.2 23.3
6.066667 2 205.3 296.0 29.5 22.7
6.100000 2 202.6 294.4 30.0 23.3
6.133333 2 200.2 293.3 29.9 23.0
6.166667 2 199.3 292.8 29.8 23.1
6.200000 2 197.4 291.9 29.1 22.5
6.233333 2 196.2 291.3 29.4 22.5
6.266667 2 194.3 289.8 29.7 23.0
6.300000 2 192.3 288.4 29.9 23.2
6.333333 2 191.7 288.0 29.9 23.0
6.366667 2 190.4 286.8 29.4 22.7
6.400000 2 189.3 285.8 30.2 23.3
6.433333 2 188.3 284.9 29.9 23.0
6.466667 2 187.9 284.3 29.6 22.7
6.500000 2 187.1 283.2 29.4 22.5
6.533333 2 186.3 282.0 30.3 23.4
6.566667 2 186.1 281.5 29.4 22.5
6.600000 2 185.4 279.8 30.2 23.4
6.633333 2 185.4 279.2 30.1 23.4
6.666667 2 185.3 278.1 30.0 23.1
6.700000 2 185.3 277.3 30.0 23.4
6.733333 2 185.7 276.2 29.9 23.0
6.766667 2 186.4 276.0 29.0 22.3
6.800000 2 186.6 274.3 29.9 23.2
6.833333 2 187.4 273.0 30.2 23.3
6.866667 2 188.5 272.9 28.8 22.2
6.900000 2 189.4 271.4 29.5 22.6
6.933333 2 190.5 270.9 28.8 22.2
6.966667 2 191.4 268.9 30.0 23.2
7.000000 2 192.4 268.2 30.0 23.1
7.033333 2 194.5 266.9 28.9 22.3
7.066667 2 195.1 266.0 29.1 22.5
7.100000 2 197.2 264.2 29.1 22.3
7.133333 2 199.7 262.3 28.6 22.0
7.166667 2 200.5 260.5 29.5 22.9
7.200000 2 203.0 258.2 29.3 22.5
7.233333 2 204.6 256.9 29.1 22.5
7.266667 2 207.7 253.9 29.0 22.5
7.300000 2 209.3 252.7 28.8 22.1
7.333333 2 212.8 249.7 28.2 21.5
7.366667 2 213.9 247.4 29.3 22.5
7.400000 2 217.8 244.0 28.5 22.0
7.433333 2 219.8 242.2 28.2 21.7
7.466667 2 223.2 237.9 28.8 22.3
7.500000 2 225.1 235.8 28.9 22.4
7.533333 2 229.0 231.7 29.1 22.2
7.566667 2 230.9 229.5 29.2 22.2
7.600000 2 235.2 225.0 28.8 22.1
7.633333 2 237.4 223.0 28.6 21.6
7.666667 2 242.0 218.7 28.3 21.3
7.700000 2 243.8 216.0 28.9 22.2
7.733333 2 248.5 211.9 28.6 21.5
7.766667 2 251.0 209.7 28.0 21.1
7.800000 2 254.9 204.8 29.1 22.1
7.833333 2 259.9 200.5 28.6 21.7
7.866667 2 262.1 198.0 28.9 22.2
7.900000 2 266.8 193.7 28.8 21.7
7.933333 2 269.0 191.2 29.0 22.2
7.966667 2 273.9 187.0 28.7 21.8
8.000000 2 276.1 184.8 29.0 21.9
8.033333 2 281.1 180.2 28.8 22.1
8.066667 2 285.9 176.1 29.0 22.2
8.100000 2 288.9 174.4 28.0 21.2
8.133333 2 293.9 170.5 28.0 21.2
8.166667 2 298.9 166.4 28.6 21.7
8.200000 2 301.9 164.7 28.2 21.3
8.233333 2 306.8 160.6 29.4 22.3
8.266667 2 309.8 158.7 29.3 22.3
8.300000 2 315.9 155.4 28.5 21.7
8.333333 2 321.7 151.7 29.2 22.1
8.366667 2 324.8 149.8 29.1 22.2
8.400000 2 331.6 146.8 28.4 21.4
8.433333 2 334.8 145.1 28.3 21.2
8.466667 2 341.2 141.2 28.8 22.0
8.500000 2 347.8 137.7 29.0 22.0
8.533333 2 351.4 136.0 28.6 21.7
8.566667 2 357.9 132.3 29.1 22.2
8.600000 2 365.0 129.2 28.3 21.5
8.633333 2 367.9 127.2 29.0 22.2
8.666667 2 375.1 124.6 27.7 21.1
8.700000 2 377.9 122.8 28.7 21.6
8.733333 2 384.0 119.7 29.1 22.0
8.766667 2 387.7 118.4 28.0 21.4
8.800000 2 393.9 115.9 27.9 21.0
8.833333 2 397.1 114.6 27.6 21.0
8.866667 2 402.9 112.1 28.0 21.0
8.900000 2 405.4 110.8 28.6 21.5
8.933333 2 410.9 108.4 28.9 22.0
8.966667 2 416.5 106.7 28.5 21.5
9.000000 2 418.9 105.7 29.1 22.0
9.033333 2 424.1 104.0 28.8 22.1
9.066667 2 429.1 102.8 28.9 22.0
9.100000 2 432.1 102.7 27.8 21.0
9.133333 2 436.1 101.4 28.9 22.0
9.166667 2 438.9 101.3 27.9 21.2
9.200000 2 442.9 100.2 28.6 21.9
9.233333 2 444.9 100.2 28.6 21.9
9.266667 2 448.9 99.9 28.8 21.8
9.300000 2 450.9 99.9 28.7 21.6
9.333333 2 454.4 99.9 28.6 21.5
9.366667 2 456.4 99.9 28.7 21.6
9.400000 2 460.0 100.3 27.9 21.1
9.433333 2 462.9 100.4 28.5 21.8
9.466667 2 464.3 100.6 28.8 21.8
9.500000 2 466.9 101.1 28.9 22.2
9.533333 2 470.0 102.3 28.0 21.3
9.566667 2 470.9 102.4 28.9 22.1
9.600000 2 472.1 102.8 29.0 22.0
9.633333 2 474.6 104.1 28.3 21.3
9.666667 2 475.7 104.6 28.1 21.4
9.700000 2 477.8 106.0 28.2 21.2
9.733333 2 478.9 106.4 27.9 21.3
9.766667 2 480.1 107.4 29.0 22.2
9.800000 2 481.8 108.8 28.8 21.9
9.833333 2 483.0 109.8 28.0 21.2
9.866667 2 483.9 110.6 29.2 22.2
9.900000 2 485.5 112.4 28.4 21.7
9.933333 2 485.9 113.0 28.6 21.8
9.966667 2 486.9 114.2 28.9 22.2
10.000000 2 487.8 115.4 28.0 21.3
10.033333 2 488.8 116.9 28.1 21.2
10.066667 2 489.0 117.3 28.5 21.8
10.100000 2 490.0 119.1 28.1 21.2
10.133333 2 490.8 120.4 28.0 21.4
10.166667 2 491.0 121.2 28.1 21.2
10.200000 2 491.6 122.3 28.2 21.5
10.233333 2 492.0 123.5 28.5 21.7
10.266667 2 492.6 124.7 28.3 21.4
10.300000 2 492.8 125.3 28.0 21.3
10.333333 2 492.9 126.3 28.7 22.0
10.366667 2 492.9 126.7 29.2 22.2
10.400000 2 493.5 128.0 28.5 21.5
10.433333 2 494.1 128.7 27.8 21.1
10.466667 2 494.0 129.4 28.5 21.8
10.500000 2 493.9 129.9 28.8 21.9
10.533333 2 494.9 131.5 27.9 21.2
10.566667 2 495.0 133.0 28.0 21.0
