0.000000 2 412.0 279.0 38.0 24.0
0.033333 2 413.0 272.9 38.0 24.0
0.066667 2 414.1 266.8 37.7 23.8
0.100000 2 414.9 260.2 37.8 24.0
0.133333 2 415.8 253.8 37.7 23.8
0.166667 2 416.3 247.1 37.8 23.9
0.200000 2 417.0 240.4 37.7 24.0
0.233333 2 417.7 233.9 37.6 23.8
0.266667 2 418.1 227.3 37.8 24.0
0.300000 2 418.7 221.1 37.8 23.9
0.333333 2 419.3 214.9 37.6 23.8
0.366667 2 419.8 208.9 37.6 23.8
0.400000 2 420.2 203.1 37.9 24.0
0.433333 2 420.7 197.6 37.7 23.9
0.466667 2 421.1 192.1 37.9 24.1
0.500000 2 421.5 187.0 37.8 23.9
0.533333 2 421.8 182.0 37.8 24.0
0.566667 2 422.1 177.2 37.9 24.1
0.600000 2 422.5 172.8 37.7 23.9
0.633333 2 422.8 168.3 37.8 24.1
0.666667 2 423.1 164.3 37.9 24.1
0.700000 2 423.6 161.3 37.9 24.0
0.733333 2 423.9 156.9 37.6 23.8
0.766667 2 423.8 153.9 37.6 23.8
0.800000 2 424.3 150.3 37.9 24.0
0.833333 2 424.8 148.1 37.9 24.1
0.866667 2 425.3 144.9 37.7 23.9
0.900000 2 426.3 141.7 37.7 23.8
0.933333 2 426.8 139.8 37.6 23.8
0.966667 2 426.7 137.0 37.7 23.8
1.000000 2 427.4 135.7 37.7 23.8
1.033333 2 427.5 133.7 37.7 23.9
1.066667 2 427.4 132.7 37.7 23.8
1.100000 2 427.4 131.5 37.8 23.9
1.133333 2 427.4 130.8 37.7 23.8
1.166667 2 427.9 129.0 37.7 23.9
1.200000 2 427.8 128.7 37.6 23.8
1.233333 2 428.2 128.2 37.8 24.0
1.266667 2 428.8 128.2 37.8 24.0
1.300000 2 428.7 127.1 37.7 23.9
1.333333 2 429.2 127.3 37.8 24.0
1.366667 2 429.1 127.4 37.8 24.0
1.400000 2 429.9 128.0 37.6 23.9
1.433333 2 430.0 127.8 37.6 23.8
1.466667 2 430.9 127.8 37.6 23.8
1.500000 2 431.1 127.7 37.6 23.9
1.533333 2 432.0 129.0 37.7 23.9
1.566667 2 432.0 129.2 37.8 24.0
1.600000 2 432.3 130.0 37.6 23.8
1.633333 2 433.1 130.4 37.7 24.0
1.666667 2 433.6 132.5 37.7 23.8
1.700000 2 434.1 133.8 37.5 23.8
1.733333 2 434.3 135.3 37.8 23.9
1.766667 2 434.8 137.0 37.6 23.8
1.800000 2 435.2 138.8 37.6 23.8
1.833333 2 435.5 140.6 37.7 23.9
1.866667 2 436.1 142.7 37.6 23.9
1.900000 2 436.4 144.8 37.7 23.9
1.933333 2 436.8 147.1 37.7 23.9
1.966667 2 437.2 149.4 37.8 23.9
2.000000 2 437.6 152.0 37.7 23.9
2.033333 2 438.1 154.5 37.7 23.9
2.066667 2 438.4 157.2 37.8 23.9
2.100000 2 438.7 160.2 37.8 23.9
2.133333 2 439.1 163.1 37.8 24.0
2.166667 2 439.4 166.1 37.8 23.9
2.200000 2 439.7 169.2 37.8 23.9
2.233333 2 440.0 172.2 37.8 24.0
2.266667 2 440.4 175.8 37.6 23.8
2.300000 2 440.6 179.1 37.7 23.9
2.333333 2 440.9 182.4 37.7 23.9
2.366667 2 441.3 186.0 37.5 23.7
2.400000 2 441.4 189.3 37.8 23.9
2.433333 2 441.9 192.9 37.5 23.7
2.466667 2 442.1 196.2 37.7 23.9
2.500000 2 442.4 199.7 37.7 23.9
2.533333 2 442.7 202.9 37.7 23.9
2.566667 2 443.0 206.1 37.7 24.0
2.600000 2 443.3 209.4 37.7 23.8
2.633333 2 443.6 212.5 37.7 23.8
2.666667 2 444.0 215.5 37.6 23.9
2.700000 2 444.3 218.5 37.7 23.8
2.733333 2 444.6 221.4 37.7 23.8
2.766667 2 445.1 224.2 37.6 23.9
2.800000 2 445.4 227.1 37.5 23.7
2.833333 2 445.7 229.8 37.5 23.8
2.866667 2 446.1 232.4 37.4 23.8
2.900000 2 446.5 234.9 37.4 23.7
2.933333 2 446.9 237.4 37.4 23.7
2.966667 2 447.5 240.0 37.1 23.5
3.000000 2 447.7 242.2 37.4 23.7
3.033333 2 448.3 244.5 37.4 23.8
3.066667 2 448.7 246.6 37.4 23.7
3.100000 2 449.3 248.8 37.2 23.6
3.133333 2 449.7 250.7 37.3 23.7
3.166667 2 450.3 252.9 37.0 23.5
3.200000 2 450.7 254.8 37.3 23.6
3.233333 2 451.4 257.0 37.0 23.4
3.266667 2 451.8 259.0 37.0 23.5
3.300000 2 452.5 261.0 36.8 23.5
3.333333 2 453.0 263.0 36.7 23.3
3.366667 2 453.5 264.9 36.6 23.4
3.400000 2 453.9 266.8 36.6 23.5
3.433333 2 454.4 268.5 36.6 23.7
3.466667 2 454.9 270.3 36.4 23.6
3.500000 2 455.4 272.2 36.3 23.5
3.533333 2 456.0 274.1 36.0 23.3
3.566667 2 456.4 276.0 35.9 23.2
3.600000 2 456.8 277.8 35.9 23.2
3.633333 2 457.3 279.7 35.6 23.0
3.666667 2 457.8 281.6 35.2 22.5
3.700000 2 458.4 283.4 34.8 22.2
3.733333 2 458.7 285.3 34.2 21.6
3.766667 2 461.6 289.8 33.0 21.0
3.800000 2 462.3 292.0 33.0 21.0
3.833333 2 462.5 293.1 33.0 21.0
3.866667 2 462.5 295.4 32.0 21.0
3.900000 2 460.6 298.4 32.0 21.0
3.933333 2 464.7 299.7 32.0 21.0
3.966667 2 462.5 300.5 32.0 21.0
4.000000 2 463.1 302.5 31.0 21.0
4.033333 2 463.3 302.7 31.0 21.0
4.066667 2 464.0 305.5 30.0 21.0
4.100000 2 462.6 308.1 29.0 21.0
4.133333 2 462.4 309.2 29.0 21.0
4.166667 2 461.8 309.5 29.0 21.0
4.200000 2 464.9 312.2 28.0 21.0
4.233333 2 462.0 315.0 33.0 18.0
4.266667 2 462.0 319.0 33.0 14.0
4.300000 2 466.0 320.0 29.0 14.0
4.333333 2 465.0 321.0 30.0 13.0
4.366667 2 465.0 321.0 29.0 19.0
4.400000 2 462.0 326.0 32.0 13.0
4.433333 2 462.0 326.0 29.0 17.0
4.466667 2 461.0 327.0 30.0 16.0
4.500000 2 461.0 327.0 35.0 19.0
4.533333 2 459.0 331.0 37.0 15.0
4.566667 2 459.0 331.0 33.0 18.0
4.600000 2 462.0 334.0 30.0 15.0
4.633333 2 462.0 334.0 31.0 18.0
4.666667 2 464.0 339.0 29.0 13.0
4.700000 2 465.0 339.0 27.0 15.0
4.733333 2 464.0 342.0 28.0 12.0
4.766667 2 464.0 342.0 28.0 17.0
4.800000 2 464.0 344.0 28.0 15.0
4.833333 2 464.0 344.0 27.0 18.0
4.866667 2 466.0 347.0 25.0 15.0
4.900000 2 466.0 347.0 31.0 21.0
4.933333 2 465.0 349.0 32.0 19.0
4.966667 2 465.0 349.0 27.0 22.0
5.000000 2 459.0 354.0 33.0 16.0
5.033333 2 459.0 354.0 34.0 21.0
5.066667 2 459.0 356.0 34.0 19.0
5.100000 2 459.0 356.0 35.0 22.0
5.133333 2 462.0 360.0 32.0 18.0
5.166667 2 462.0 360.0 33.0 21.0
5.200000 2 457.0 362.0 38.0 19.0
5.233333 2 457.0 362.0 35.0 24.0
5.266667 2 458.0 369.0 34.0 15.0
5.300000 2 457.0 367.0 30.0 19.0
5.333333 2 460.0 369.0 28.0 16.0
5.366667 2 459.0 368.0 30.0 21.0
5.400000 2 454.0 369.0 36.0 20.0
5.433333 2 454.0 369.0 33.0 21.0
5.466667 2 457.0 374.0 30.0 16.0
5.500000 2 457.0 374.0 31.0 18.0
5.533333 2 455.0 373.0 34.0 19.0
5.566667 2 455.0 372.0 33.0 19.0
5.600000 2 450.0 372.0 39.0 19.0
5.633333 2 450.0 372.0 39.0 21.0
5.666667 2 452.0 372.0 37.0 21.0
5.700000 2 451.0 372.0 33.0 23.0
5.733333 2 450.0 372.0 35.0 23.0
5.766667 2 450.0 372.0 36.0 24.0
5.800000 2 450.0 372.0 36.0 23.0
5.833333 2 450.0 372.0 30.0 19.0
5.866667 2 451.0 372.0 29.0 18.0
5.900000 2 451.0 372.0 29.0 18.0
5.933333 2 448.0 372.0 32.0 18.0
5.966667 2 447.0 372.0 33.0 18.0
6.000000 2 446.0 369.0 31.0 18.0
6.033333 2 446.0 369.0 30.0 19.0
6.066667 2 445.0 369.0 32.0 19.0
6.100000 2 444.0 369.0 30.0 20.0
6.133333 2 441.0 368.0 33.0 21.0
6.166667 2 441.0 368.0 36.0 23.0
6.200000 2 440.0 365.0 37.0 25.0
6.233333 2 440.0 365.0 29.0 21.0
6.266667 2 439.0 367.0 31.0 19.0
6.300000 2 438.0 366.0 29.0 17.0
6.333333 2 444.0 366.0 24.0 17.0
6.366667 2 444.0 366.0 21.0 15.0
6.400000 2 441.0 363.0 26.0 17.0
6.433333 2 441.0 363.0 27.0 18.0
6.466667 2 432.0 361.0 36.0 20.0
6.500000 2 432.0 360.0 36.0 21.0
6.533333 2 437.0 362.0 31.0 19.0
6.566667 2 437.0 362.0 29.0 18.0
6.600000 2 437.0 362.0 29.0 18.0
6.633333 2 436.0 360.0 32.0 21.0
6.666667 2 429.0 358.0 38.0 20.0
6.700000 2 429.0 357.0 32.0 21.0
6.733333 2 433.0 360.0 29.0 18.0
6.766667 2 433.0 359.0 27.0 17.0
6.800000 2 431.0 356.0 28.0 17.0
6.833333 2 432.0 355.0 28.0 17.0
6.866667 2 427.0 354.0 33.0 15.0
6.900000 2 426.0 354.0 31.0 19.0
6.933333 2 426.0 352.0 31.0 20.0
6.966667 2 427.0 351.0 31.0 21.0
7.000000 2 426.0 353.0 32.0 18.0
7.033333 2 426.0 353.0 27.0 18.0
7.066667 2 428.0 352.0 25.0 18.0
7.100000 2 428.0 351.0 28.0 16.0
7.133333 2 424.0 350.0 32.0 17.0
7.166667 2 424.0 350.0 28.0 17.0
7.200000 2 421.0 351.0 32.0 16.0
7.233333 2 421.0 351.0 32.0 18.0
7.266667 2 423.0 348.0 30.0 21.0
7.300000 2 423.0 348.0 27.0 18.0
7.333333 2 423.0 347.0 27.0 19.0
7.366667 2 423.0 347.0 27.0 16.0
7.400000 2 422.0 346.0 28.0 17.0
7.433333 2 422.0 346.0 28.0 17.0
7.466667 2 421.0 345.0 29.0 18.0
7.500000 2 421.0 345.0 26.0 17.0
7.533333 2 417.0 340.0 30.0 22.0
7.566667 2 417.0 340.0 30.0 19.0
7.600000 2 413.0 333.0 34.0 24.0
7.633333 2 414.0 334.0 27.0 23.0
7.666667 2 414.0 339.0 27.0 18.0
7.700000 2 414.0 339.0 27.0 18.0
7.733333 2 412.0 334.0 29.0 23.0
7.766667 2 412.0 334.0 31.0 20.0
7.800000 2 414.0 331.0 28.0 20.0
7.833333 2 413.0 330.0 32.0 22.0
7.866667 2 412.0 331.0 33.0 19.0
7.900000 2 412.0 331.0 30.0 21.0
7.933333 2 417.0 330.0 27.0 21.0
7.966667 2 417.0 330.0 24.0 17.0
8.000000 2 414.0 330.0 28.0 17.0
8.033333 2 414.0 330.0 30.0 18.0
8.066667 2 414.0 328.0 30.0 20.0
8.100000 2 414.0 328.0 31.0 19.0
8.133333 2 413.0 325.0 32.0 22.0
8.166667 2 413.0 325.0 34.0 18.0
8.200000 2 414.0 325.0 33.0 17.0
8.233333 2 414.0 325.0 27.0 20.0
8.266667 2 415.0 320.0 27.0 25.0
8.300000 2 415.0 319.0 30.0 25.0
8.333333 2 415.0 319.0 26.0 18.0
8.366667 2 414.1 317.2 27.8 19.6
8.400000 2 412.4 314.2 31.3 23.3
8.433333 2 413.3 313.3 29.3 23.0
8.466667 2 412.4 310.6 31.1 25.7
8.500000 2 414.8 311.7 26.1 21.0
8.533333 2 416.3 311.8 22.7 18.3
8.566667 2 416.1 310.8 22.7 18.1
8.600000 2 414.6 308.2 25.7 21.0
8.633333 2 411.9 305.9 30.6 23.7
8.666667 2 411.8 304.6 30.3 24.4
8.700000 2 412.0 303.1 29.4 25.1
8.733333 2 412.2 301.8 28.8 25.0
8.766667 2 411.0 300.8 30.6 25.3
8.800000 2 411.6 300.2 28.4 24.2
8.833333 2 412.5 300.2 26.2 22.1
8.866667 2 411.6 299.4 27.4 21.7
8.900000 2 410.3 298.3 29.3 22.0
8.933333 2 412.3 298.1 24.4 20.2
8.966667 2 411.4 296.8 25.8 20.8
9.000000 2 410.3 296.1 27.3 20.3
9.033333 2 411.8 295.6 23.7 19.2
9.066667 2 411.4 294.4 24.1 19.5
9.100000 2 409.0 292.6 28.3 21.4
9.133333 2 409.8 291.5 26.1 21.6
9.166667 2 410.0 290.3 25.2 21.9
9.200000 2 407.6 288.1 29.2 24.6
9.233333 2 407.7 286.7 28.2 25.5
9.266667 2 408.5 286.6 26.2 23.8
9.300000 2 408.1 286.1 26.6 22.9
9.333333 2 408.8 286.2 23.9 20.8
9.366667 2 408.5 285.0 24.0 21.1
9.400000 2 406.9 284.6 26.3 20.4
9.433333 2 408.6 284.3 22.2 18.8
9.466667 2 408.5 283.3 22.1 18.7
9.500000 2 407.5 282.3 23.5 18.9
9.533333 2 407.0 281.5 23.8 18.7
9.566667 2 408.3 281.2 20.7 17.3
9.600000 2 408.0 280.1 20.8 17.6
9.633333 2 406.0 278.7 24.1 18.3
9.666667 2 405.2 276.9 25.6 19.9
9.700000 2 404.7 274.5 26.5 22.4
9.733333 2 405.4 273.8 24.6 21.9
9.766667 2 402.2 269.4 30.9 28.4
9.800000 2 399.5 266.0 36.1 33.1
9.833333 2 398.9 265.2 37.0 32.7
9.866667 2 399.4 267.7 35.2 25.3
9.900000 2 400.8 267.3 32.1 24.1
9.933333 2 403.1 267.4 27.5 21.3
9.966667 2 403.3 266.2 27.1 21.7
10.000000 2 403.7 265.0 26.4 21.8
10.033333 2 404.3 264.5 25.2 20.9
