0.033333 2 421.0 276.0 36.0 26.0
0.066667 2 419.7 273.3 35.8 26.0
0.100000 2 418.5 270.5 35.8 25.9
0.133333 2 417.3 267.8 35.8 25.9
0.166667 2 416.3 265.1 35.9 25.9
0.200000 2 415.2 262.4 35.8 26.0
0.233333 2 414.2 259.7 35.8 25.9
0.266667 2 413.1 257.1 35.9 25.9
0.300000 2 412.2 254.4 35.8 26.0
0.333333 2 411.2 251.7 35.8 25.8
0.366667 2 410.4 249.2 35.8 25.9
0.400000 2 409.4 246.7 35.8 25.8
0.433333 2 408.6 244.5 35.7 25.9
0.466667 2 407.7 242.1 35.8 25.9
0.500000 2 406.8 240.1 35.9 25.9
0.533333 2 406.0 238.0 36.0 26.0
0.566667 2 405.4 236.3 35.7 26.0
0.600000 2 404.6 234.7 35.7 25.8
0.633333 2 403.7 233.2 35.8 25.9
0.666667 2 403.1 231.8 35.9 26.0
0.700000 2 402.4 230.7 35.7 25.8
0.733333 2 401.7 229.6 35.7 25.8
0.766667 2 401.0 228.6 35.7 25.8
0.800000 2 400.3 227.7 35.7 25.8
0.833333 2 399.6 226.8 35.8 25.9
0.866667 2 398.9 226.2 35.8 25.8
0.900000 2 398.4 225.5 35.7 25.9
0.933333 2 397.6 224.8 35.8 25.9
0.966667 2 396.9 224.0 36.0 26.0
1.000000 2 396.5 223.5 35.7 25.9
1.033333 2 395.7 222.8 35.8 25.9
1.066667 2 395.0 221.9 36.1 26.2
1.100000 2 394.6 221.5 35.6 25.8
1.133333 2 393.9 220.7 35.8 25.9
1.166667 2 393.3 219.9 36.0 26.1
1.200000 2 392.7 219.4 35.7 25.9
1.233333 2 392.0 218.7 35.7 25.8
1.266667 2 391.3 217.8 35.9 26.0
1.300000 2 390.7 217.3 35.7 25.9
1.333333 2 390.2 216.7 35.7 25.8
1.366667 2 389.5 215.8 35.9 26.0
1.400000 2 388.8 215.2 35.8 25.9
1.433333 2 388.3 214.6 35.8 25.9
1.466667 2 387.6 213.8 35.9 25.9
1.500000 2 386.9 213.1 35.9 26.0
1.533333 2 386.4 212.4 35.7 25.9
1.566667 2 385.8 211.7 35.7 25.8
1.600000 2 385.1 210.8 36.0 26.1
1.633333 2 384.7 210.3 35.7 25.9
1.666667 2 384.3 209.5 35.7 25.8
1.700000 2 383.6 208.7 35.8 25.8
1.733333 2 382.9 207.8 35.9 26.0
1.766667 2 382.4 206.8 36.0 26.1
1.800000 2 381.8 205.9 36.2 26.3
1.833333 2 381.6 205.3 35.7 25.8
1.866667 2 381.1 204.4 35.7 25.9
1.900000 2 380.6 203.5 35.7 25.9
1.933333 2 380.3 202.6 35.8 25.8
1.966667 2 379.8 201.8 35.8 25.9
2.000000 2 379.5 201.2 35.8 25.9
2.033333 2 379.3 200.6 35.7 25.8
2.066667 2 378.6 199.9 36.0 26.1
2.100000 2 378.6 199.6 35.8 25.9
2.133333 2 378.2 199.2 35.8 25.9
2.166667 2 377.6 198.9 36.0 26.1
2.200000 2 377.4 198.8 35.8 25.9
2.233333 2 377.1 198.8 35.8 25.8
2.266667 2 376.7 198.8 35.8 25.9
2.300000 2 376.4 198.9 35.9 25.9
2.333333 2 376.2 199.2 35.8 26.0
2.366667 2 375.7 199.6 35.9 26.0
2.400000 2 375.4 200.1 35.9 25.9
2.433333 2 375.2 200.6 35.8 25.9
2.466667 2 374.8 201.3 35.8 26.1
2.500000 2 374.4 201.9 36.0 26.1
2.533333 2 374.2 202.8 35.8 25.9
2.566667 2 373.7 203.7 35.9 25.9
2.600000 2 373.5 204.6 35.8 25.9
2.633333 2 373.2 205.6 35.8 25.9
2.666667 2 372.7 206.6 35.9 26.0
2.700000 2 372.5 207.7 35.8 25.9
2.733333 2 372.2 208.6 35.8 25.9
2.766667 2 371.8 209.6 35.8 25.9
2.800000 2 371.6 210.6 35.8 25.9
2.833333 2 371.3 211.7 35.7 25.8
2.866667 2 370.8 212.7 35.9 25.9
2.900000 2 370.5 213.8 35.9 26.0
2.933333 2 370.1 214.9 36.1 26.2
2.966667 2 369.9 216.1 35.9 26.0
3.000000 2 369.6 217.4 35.8 26.0
3.033333 2 369.3 218.7 35.9 25.9
3.066667 2 368.9 219.8 36.1 26.1
3.100000 2 368.7 221.2 35.9 26.0
3.133333 2 368.4 222.5 35.8 26.0
3.166667 2 368.0 223.7 35.8 25.9
3.200000 2 367.6 224.8 36.0 26.1
3.233333 2 366.6 225.0 37.1 27.6
3.266667 2 366.2 226.0 37.3 27.8
3.300000 2 366.0 227.2 37.0 27.4
3.333333 2 365.8 228.1 36.9 27.3
3.366667 2 365.5 229.0 36.9 27.4
3.400000 2 365.6 230.0 36.3 26.6
3.433333 2 365.0 230.4 36.8 27.1
3.466667 2 364.7 231.0 36.8 27.3
3.500000 2 364.6 231.6 36.7 27.2
3.533333 2 364.4 232.3 36.4 26.8
3.566667 2 364.1 232.7 36.4 26.8
3.600000 2 363.7 232.9 36.7 27.3
3.633333 2 363.4 233.0 37.1 27.7
3.666667 2 363.5 233.9 36.2 26.6
3.700000 2 363.4 234.2 36.1 26.6
3.733333 2 363.1 234.2 36.4 26.9
3.766667 2 362.6 234.1 36.9 27.4
3.800000 2 362.5 234.2 37.0 27.5
3.833333 2 362.6 234.6 36.6 27.0
3.866667 2 362.7 234.9 36.2 26.5
3.900000 2 362.7 235.2 35.8 26.1
3.933333 2 362.6 235.2 35.8 26.1
3.966667 2 362.6 235.2 35.8 26.1
4.000000 2 362.5 235.2 35.8 26.1
4.033333 2 362.4 235.0 36.0 26.3
4.066667 2 362.2 234.7 36.3 26.6
4.100000 2 362.0 234.5 36.5 26.9
4.133333 2 361.9 234.4 36.4 26.8
4.166667 2 361.9 234.2 36.3 26.8
4.200000 2 361.8 234.2 36.2 26.7
4.233333 2 361.9 234.1 35.9 26.3
4.266667 2 361.4 233.7 36.3 26.7
4.300000 2 361.4 233.5 36.2 26.5
4.333333 2 361.4 233.4 36.0 26.4
4.366667 2 361.3 233.2 35.9 26.2
4.400000 2 360.8 232.4 36.6 27.1
4.433333 2 360.7 232.2 36.3 26.8
4.466667 2 360.8 232.1 35.9 26.2
4.500000 2 360.3 231.6 36.4 26.7
4.533333 2 360.3 231.4 36.1 26.5
4.566667 2 360.1 230.9 36.1 26.5
4.600000 2 359.8 230.2 36.5 27.0
4.633333 2 359.8 230.1 36.1 26.6
4.666667 2 359.4 229.5 36.5 26.8
4.700000 2 359.5 229.3 36.0 26.3
4.733333 2 359.2 228.7 36.3 26.7
4.766667 2 359.3 228.4 36.1 26.5
4.800000 2 359.2 227.8 36.2 26.6
4.833333 2 359.2 227.3 36.3 26.7
4.866667 2 359.3 226.9 36.2 26.5
4.900000 2 359.3 226.3 36.2 26.6
4.933333 2 359.2 225.6 36.5 26.8
4.966667 2 359.5 225.3 36.0 26.4
5.000000 2 359.2 224.4 36.5 26.9
5.033333 2 359.6 224.3 35.9 26.3
5.066667 2 359.4 223.4 36.4 26.8
5.100000 2 359.7 223.1 36.0 26.4
5.133333 2 359.6 222.2 36.3 26.8
5.166667 2 359.5 221.4 36.7 27.2
5.200000 2 359.8 221.0 36.2 26.7
5.233333 2 359.7 220.1 36.6 27.1
5.266667 2 359.7 219.7 36.5 27.0
5.300000 2 359.8 219.0 36.4 26.9
5.333333 2 359.6 218.1 36.6 27.1
5.366667 2 359.3 217.2 36.9 27.4
5.400000 2 359.3 216.6 36.6 27.0
5.433333 2 359.2 215.9 36.4 26.9
5.466667 2 359.4 215.0 36.4 26.9
5.500000 2 359.4 214.0 36.4 26.9
5.533333 2 359.3 213.0 36.5 27.0
5.566667 2 359.4 212.0 36.4 26.9
5.600000 2 359.5 211.1 36.3 26.8
5.633333 2 359.6 210.1 36.1 26.5
5.666667 2 359.2 208.3 37.0 27.4
5.700000 2 359.1 207.0 37.3 27.8
5.733333 2 359.3 205.7 37.0 27.6
5.766667 2 359.4 204.4 37.0 27.7
5.800000 2 359.0 202.6 37.8 28.5
5.833333 2 359.4 201.4 37.3 28.0
5.866667 2 359.3 199.6 38.1 28.7
5.900000 2 359.5 198.5 37.9 28.5
5.933333 2 359.7 197.2 37.7 28.2
5.966667 2 359.5 195.4 38.4 29.0
6.000000 2 360.0 194.3 37.7 28.3
6.033333 2 359.8 192.6 38.3 28.9
6.066667 2 359.9 191.3 37.9 28.6
6.100000 2 359.9 189.9 37.9 28.4
6.133333 2 360.0 188.4 37.9 28.5
6.166667 2 360.3 187.2 37.5 28.1
6.200000 2 360.1 185.7 38.1 28.6
6.233333 2 360.3 184.4 37.7 28.3
6.266667 2 360.4 183.4 37.5 28.0
6.300000 2 360.2 181.9 37.9 28.4
6.333333 2 360.2 180.5 38.2 28.7
6.366667 2 360.3 179.5 37.8 28.4
6.400000 2 360.5 178.6 37.8 28.3
6.433333 2 360.5 177.6 37.8 28.3
6.466667 2 360.3 176.6 38.2 28.6
6.500000 2 360.5 176.1 37.7 28.1
6.533333 2 360.7 175.5 37.6 28.1
6.566667 2 360.5 174.5 38.1 28.5
6.600000 2 360.8 174.4 37.5 27.9
6.633333 2 360.4 173.5 38.2 28.7
6.666667 2 360.7 173.5 37.6 28.1
6.700000 2 360.8 173.4 37.5 27.9
6.733333 2 360.8 173.2 37.6 28.0
6.766667 2 360.5 172.7 38.1 28.5
6.800000 2 360.6 172.8 38.0 28.4
6.833333 2 360.6 172.9 37.9 28.3
6.866667 2 360.8 173.2 37.5 27.9
6.900000 2 360.8 173.4 37.5 27.9
6.933333 2 360.6 173.6 37.7 28.1
6.966667 2 360.4 173.7 38.0 28.5
7.000000 2 360.6 174.5 37.4 27.9
7.033333 2 360.3 174.6 38.2 28.6
7.066667 2 360.5 175.5 37.5 28.0
7.100000 2 360.2 175.8 38.0 28.5
7.133333 2 360.3 176.5 37.8 28.3
7.166667 2 360.4 177.4 37.6 28.1
7.200000 2 360.4 178.2 37.5 28.0
7.233333 2 360.1 178.7 38.1 28.5
7.266667 2 360.0 179.7 38.0 28.5
7.300000 2 359.8 180.6 38.0 28.5
7.333333 2 359.7 181.7 38.0 28.4
7.366667 2 359.8 182.9 37.8 28.2
7.400000 2 359.9 184.1 37.7 28.0
7.433333 2 359.9 185.3 37.5 27.9
7.466667 2 359.8 186.4 37.5 27.9
7.500000 2 359.7 187.5 37.7 28.1
7.533333 2 359.5 188.4 37.8 28.3
7.566667 2 359.2 189.4 38.1 28.6
7.600000 2 359.0 190.5 38.5 28.9
7.633333 2 358.6 191.2 38.8 29.3
7.666667 2 358.6 192.4 38.6 29.1
7.700000 2 358.8 193.5 38.5 29.0
7.733333 2 358.7 194.6 38.4 28.8
7.766667 2 358.6 195.4 38.6 29.1
7.800000 2 358.4 196.3 38.7 29.1
7.833333 2 358.5 197.3 38.7 29.1
7.866667 2 358.7 198.3 38.3 28.8
7.900000 2 358.9 199.4 38.0 28.5
7.933333 2 359.1 200.4 37.8 28.2
7.966667 2 359.5 201.6 37.0 27.3
8.000000 2 359.4 202.2 37.3 27.6
8.033333 2 359.6 202.9 37.1 27.6
8.066667 2 359.6 203.8 36.9 27.3
8.100000 2 359.6 204.4 37.1 27.4
8.133333 2 359.6 204.9 37.0 27.4
8.166667 2 359.5 205.7 36.8 27.0
8.200000 2 359.4 206.1 36.9 27.3
8.233333 2 359.4 206.9 36.6 26.7
8.266667 2 359.3 207.2 36.8 27.1
8.300000 2 359.5 207.8 36.6 26.7
8.333333 2 359.3 208.2 36.5 26.8
8.366667 2 359.3 208.8 36.5 26.6
8.400000 2 359.3 209.2 36.4 26.7
8.433333 2 359.0 209.4 36.6 26.9
8.466667 2 358.8 209.8 36.6 26.9
8.500000 2 358.7 209.9 36.8 27.2
8.533333 2 358.4 210.4 36.9 27.1
8.566667 2 358.4 210.9 36.5 26.7
8.600000 2 358.1 211.1 36.5 26.8
8.633333 2 357.7 211.1 36.8 27.2
8.666667 2 357.5 211.3 37.0 27.3
8.700000 2 357.4 212.0 36.5 26.7
8.733333 2 357.2 212.1 36.5 26.8
8.766667 2 356.7 212.1 36.9 27.2
8.800000 2 356.4 212.4 37.0 27.3
8.833333 2 356.3 212.9 36.5 26.7
8.866667 2 356.0 213.0 36.7 26.9
8.900000 2 355.6 213.0 36.9 27.3
8.933333 2 355.3 213.4 36.8 27.0
8.966667 2 355.0 213.7 36.7 26.9
9.000000 2 354.6 213.9 36.7 27.0
9.033333 2 354.3 214.1 36.6 26.8
9.066667 2 353.8 214.2 36.8 27.1
9.100000 2 353.4 214.3 37.0 27.2
9.133333 2 353.1 214.9 36.5 26.7
9.166667 2 352.7 214.8 36.8 27.1
9.200000 2 352.2 215.1 36.7 26.9
9.233333 2 351.8 215.1 36.9 27.2
9.266667 2 351.2 215.5 36.9 27.0
9.300000 2 350.9 215.8 36.7 27.0
9.333333 2 350.3 216.0 36.7 26.9
9.366667 2 350.0 216.1 36.8 27.0
9.400000 2 349.3 216.2 37.0 27.3
9.433333 2 348.9 216.6 36.9 27.1
9.466667 2 348.4 216.9 36.9 27.1
9.500000 2 347.9 217.0 36.9 27.2
9.533333 2 347.3 217.1 37.2 27.4
9.566667 2 346.7 217.4 37.1 27.3
9.600000 2 346.4 217.7 37.0 27.2
9.633333 2 345.8 217.8 37.0 27.2
9.666667 2 345.2 218.0 37.0 27.2
9.700000 2 344.6 218.1 37.3 27.5
9.733333 2 344.2 218.5 37.1 27.1
9.766667 2 343.5 218.5 37.2 27.4
9.800000 2 343.1 218.9 36.8 27.0
9.833333 2 342.3 218.8 37.2 27.5
9.866667 2 341.7 219.0 37.1 27.4
9.900000 2 341.2 219.2 37.3 27.5
9.933333 2 341.0 219.7 36.8 27.0
9.966667 2 340.3 219.8 36.7 26.8
10.000000 2 339.6 219.8 37.1 27.4
10.033333 2 339.3 220.0 37.0 27.2
10.066667 2 338.7 219.9 37.0 27.4
10.100000 2 338.3 220.0 37.1 27.3
10.133333 2 337.8 219.9 36.9 27.2
10.166667 2 337.4 219.9 37.2 27.5
10.200000 2 337.2 220.2 36.9 27.0
10.233333 2 337.1 220.2 36.8 27.0
