0.000000 2 251.0 90.0 31.0 20.0
0.033333 2 252.5 92.3 30.6 19.8
0.066667 2 252.7 93.3 31.4 20.6
0.100000 2 253.8 95.9 31.0 20.0
0.133333 2 254.7 97.2 30.6 19.9
0.166667 2 255.4 99.6 30.9 20.2
0.200000 2 256.4 102.3 30.7 19.9
0.233333 2 256.8 103.5 30.6 19.9
0.266667 2 257.7 106.4 30.6 19.8
0.300000 2 257.8 107.7 31.0 20.1
0.333333 2 258.8 110.6 30.5 19.7
0.366667 2 258.9 111.9 30.7 19.9
0.400000 2 259.7 114.9 30.5 19.8
0.433333 2 259.8 116.4 30.4 19.7
0.466667 2 260.1 119.1 30.9 20.1
0.500000 2 260.5 120.6 30.8 20.2
0.533333 2 260.9 123.6 30.7 20.1
0.566667 2 261.1 125.0 30.8 20.0
0.600000 2 261.2 128.1 30.7 20.0
0.633333 2 261.8 131.2 30.4 19.8
0.666667 2 262.0 134.3 30.4 19.8
0.700000 2 262.0 135.7 30.5 19.8
0.733333 2 262.1 138.8 30.7 19.9
0.766667 2 262.1 140.6 30.5 19.8
0.800000 2 262.1 144.0 30.4 19.7
0.833333 2 262.1 146.9 30.8 20.1
0.866667 2 262.1 148.7 30.5 19.8
0.900000 2 262.1 151.7 30.6 19.8
0.933333 2 262.2 153.3 30.7 20.0
0.966667 2 262.1 156.6 30.6 19.8
1.000000 2 262.1 160.0 30.4 19.7
1.033333 2 262.0 162.0 30.4 19.7
1.066667 2 262.1 165.4 30.4 19.8
1.100000 2 262.0 167.2 30.5 19.9
1.133333 2 262.1 171.0 30.4 19.7
1.166667 2 262.1 172.7 30.4 19.8
1.200000 2 262.1 176.1 30.3 19.7
1.233333 2 262.1 179.5 30.2 19.6
1.266667 2 262.1 181.1 30.2 19.6
1.300000 2 262.1 184.4 30.2 19.6
1.333333 2 262.1 187.9 30.2 19.6
1.366667 2 262.2 191.1 30.5 19.8
1.400000 2 262.5 193.0 30.3 19.5
1.433333 2 262.7 196.2 30.2 19.7
1.466667 2 262.9 199.7 30.2 19.6
1.500000 2 263.0 201.5 30.2 19.6
1.533333 2 263.0 205.0 30.5 19.9
1.566667 2 263.3 207.0 30.6 20.0
1.600000 2 263.9 210.9 30.2 19.6
1.633333 2 264.1 214.6 30.6 19.8
1.666667 2 264.2 216.4 30.7 20.0
1.700000 2 265.1 220.7 30.4 19.6
1.733333 2 265.0 222.7 30.7 19.9
1.766667 2 265.7 226.8 30.4 19.7
1.800000 2 265.8 229.0 30.3 19.8
1.833333 2 266.2 233.0 30.7 20.1
1.866667 2 266.5 235.1 30.5 20.0
1.900000 2 267.0 239.9 30.3 19.6
1.933333 2 267.0 242.0 30.4 19.8
1.966667 2 267.5 246.6 30.4 19.7
2.000000 2 267.7 251.0 30.4 19.9
2.033333 2 267.9 255.8 30.4 19.7
2.066667 2 268.0 258.1 30.4 19.9
2.100000 2 268.1 263.0 30.5 19.9
2.133333 2 268.1 265.5 30.4 19.7
2.166667 2 268.0 270.2 30.4 19.9
2.200000 2 267.9 275.1 30.4 19.9
2.233333 2 267.5 280.0 30.5 19.9
2.266667 2 267.3 282.6 30.5 19.7
2.300000 2 267.0 287.5 30.4 19.7
2.333333 2 266.3 292.0 30.7 20.0
2.366667 2 266.0 294.7 30.5 19.8
2.400000 2 265.1 299.2 30.9 20.1
2.433333 2 264.9 301.6 30.5 19.8
2.466667 2 264.0 305.9 30.8 20.0
2.500000 2 263.7 308.1 30.5 19.9
2.533333 2 262.9 312.2 30.7 20.0
2.566667 2 262.1 316.1 30.9 20.2
2.600000 2 261.9 318.3 30.6 19.9
2.633333 2 260.9 321.9 30.9 20.2
2.666667 2 260.8 324.0 30.6 20.0
2.700000 2 260.0 327.5 30.6 19.8
2.733333 2 259.0 330.9 30.8 20.0
2.766667 2 258.9 332.5 30.3 19.6
2.800000 2 258.6 334.0 30.5 19.9
2.833333 2 257.7 337.1 30.5 19.9
2.866667 2 257.1 338.5 30.9 20.1
2.900000 2 256.6 341.5 30.4 19.7
2.933333 2 255.8 344.2 30.4 19.8
2.966667 2 255.0 346.5 30.5 19.9
3.000000 2 254.7 347.9 30.4 19.7
3.033333 2 253.7 349.6 30.5 19.8
3.066667 2 253.2 351.0 30.6 19.8
3.100000 2 252.2 352.7 30.7 20.0
3.133333 2 251.1 354.9 30.7 19.9
3.166667 2 250.6 356.4 30.3 19.6
3.200000 2 250.1 357.2 30.3 19.7
3.233333 2 249.0 358.5 30.2 19.5
3.266667 2 248.0 359.6 30.5 19.9
3.300000 2 247.5 360.5 30.4 19.6
3.333333 2 246.4 361.6 30.4 19.7
3.366667 2 245.8 362.1 30.2 19.6
3.400000 2 244.8 362.8 30.3 19.7
3.433333 2 243.8 363.6 30.2 19.5
3.466667 2 243.0 363.7 30.3 19.7
3.500000 2 242.0 364.2 30.3 19.7
3.533333 2 241.0 364.6 30.2 19.5
3.566667 2 240.1 364.4 30.6 19.9
3.600000 2 239.2 364.4 30.6 19.9
3.633333 2 238.9 364.6 30.2 19.5
3.666667 2 238.0 364.7 30.2 19.5
3.700000 2 237.0 364.3 30.3 19.7
3.733333 2 236.3 364.0 30.6 19.9
3.766667 2 235.9 363.7 30.2 19.5
3.800000 2 235.1 363.2 30.7 20.0
3.833333 2 234.5 362.5 30.4 19.7
3.866667 2 233.8 361.8 30.3 19.7
3.900000 2 233.3 361.4 30.5 19.8
3.933333 2 232.9 360.4 30.2 19.6
3.966667 2 232.1 359.2 30.5 19.9
4.000000 2 231.9 358.7 30.4 19.8
4.033333 2 231.3 357.2 30.7 20.0
4.066667 2 231.1 356.6 30.5 19.9
4.100000 2 230.7 355.1 30.4 19.8
4.133333 2 230.8 354.3 30.3 19.8
4.166667 2 230.3 352.6 30.5 19.7
4.200000 2 230.3 351.6 30.5 19.8
4.233333 2 230.2 350.0 30.3 19.7
4.266667 2 229.9 348.2 30.3 19.8
4.300000 2 229.9 347.1 30.3 19.8
4.333333 2 230.0 345.1 30.3 19.8
4.366667 2 230.1 344.1 30.1 19.4
4.400000 2 230.1 341.7 30.3 19.7
4.433333 2 230.2 339.6 30.6 19.8
4.466667 2 230.1 338.1 30.9 20.2
4.500000 2 230.6 336.0 30.4 19.8
4.533333 2 230.9 333.5 30.3 19.7
4.566667 2 231.0 332.0 30.7 20.1
4.600000 2 231.6 329.4 30.4 19.8
4.633333 2 232.1 326.9 30.5 19.9
4.666667 2 232.6 325.7 30.3 19.7
4.700000 2 233.1 323.0 30.3 19.6
4.733333 2 233.6 320.0 30.3 19.7
4.766667 2 234.1 317.0 30.8 20.2
4.800000 2 235.0 315.8 30.2 19.6
4.833333 2 235.7 313.0 30.3 19.6
4.866667 2 236.2 309.8 30.6 19.8
4.900000 2 236.8 308.2 30.4 19.8
4.933333 2 237.6 305.1 30.4 19.8
4.966667 2 238.4 302.0 30.6 19.9
5.000000 2 239.0 298.9 30.6 19.9
5.033333 2 239.4 297.2 30.6 20.0
5.066667 2 239.9 295.6 30.5 19.8
5.100000 2 240.6 292.3 30.5 19.8
5.133333 2 240.7 291.0 30.5 19.9
5.166667 2 241.0 287.7 31.0 20.1
5.200000 2 241.4 286.2 30.7 20.0
5.233333 2 241.8 283.0 30.5 19.9
5.266667 2 242.2 279.8 30.7 19.8
5.300000 2 242.3 278.1 30.8 20.1
5.333333 2 242.7 275.2 30.5 20.0
5.366667 2 242.8 273.7 30.5 19.8
5.400000 2 242.9 270.6 30.5 19.9
5.433333 2 242.9 269.0 30.5 19.8
5.466667 2 242.9 266.0 30.5 19.7
5.500000 2 242.9 264.2 30.6 20.0
5.533333 2 242.8 261.0 30.7 20.1
5.566667 2 242.9 259.5 30.5 19.8
5.600000 2 242.8 256.4 30.6 19.9
5.633333 2 242.9 254.9 30.5 19.8
5.666667 2 242.9 251.5 30.6 19.9
5.700000 2 242.8 249.9 30.8 20.1
5.733333 2 242.9 246.7 30.7 19.9
5.766667 2 242.8 244.8 31.0 20.3
5.800000 2 243.0 241.6 30.9 19.9
5.833333 2 243.1 238.1 31.0 20.3
5.866667 2 243.8 236.7 30.3 19.6
5.900000 2 243.9 232.9 30.9 20.3
5.933333 2 244.2 231.1 30.9 20.2
5.966667 2 245.0 227.7 30.4 19.6
6.000000 2 245.8 224.0 30.5 19.9
6.033333 2 246.0 221.8 31.1 20.4
6.066667 2 247.0 218.7 30.8 19.9
6.100000 2 248.4 214.9 30.7 20.1
6.133333 2 248.9 212.9 31.0 20.3
6.166667 2 250.8 209.1 30.5 19.9
6.200000 2 252.1 204.9 30.9 20.3
6.233333 2 253.4 203.0 30.6 20.0
6.266667 2 255.6 199.2 30.5 19.9
6.300000 2 256.6 197.2 30.5 19.9
6.333333 2 258.9 193.0 30.4 19.8
6.366667 2 260.9 188.9 30.6 20.0
6.400000 2 263.6 184.9 30.3 19.6
6.433333 2 266.2 180.7 30.4 19.6
6.466667 2 268.5 176.2 30.5 19.9
6.500000 2 271.0 172.1 30.3 19.8
6.533333 2 272.1 170.0 30.1 19.5
6.566667 2 274.4 165.7 30.4 19.7
6.600000 2 275.6 163.7 30.3 19.6
6.633333 2 277.9 159.3 30.3 19.8
6.666667 2 278.9 157.1 30.4 19.9
6.700000 2 281.0 153.0 30.7 20.0
6.733333 2 282.2 150.9 30.6 19.9
6.766667 2 284.3 146.8 30.5 19.7
6.800000 2 286.4 142.7 30.4 19.7
6.833333 2 288.1 138.3 30.6 20.0
6.866667 2 289.1 136.4 30.5 19.8
6.900000 2 291.0 132.7 30.2 19.5
6.933333 2 292.6 128.5 30.4 19.7
6.966667 2 293.1 126.4 30.5 19.8
7.000000 2 294.7 122.2 30.3 19.8
7.033333 2 296.1 118.1 30.7 20.0
7.066667 2 297.0 116.1 30.2 19.6
7.100000 2 298.1 112.2 30.5 19.8
7.133333 2 299.4 108.3 30.5 19.8
7.166667 2 300.0 106.4 30.3 19.7
7.200000 2 301.1 102.1 30.6 19.9
7.233333 2 302.1 98.4 30.4 19.7
7.266667 2 302.7 96.6 30.3 19.6
7.300000 2 303.5 92.9 30.5 19.8
7.333333 2 303.9 91.0 30.4 19.7
7.366667 2 305.0 87.4 30.1 19.5
7.400000 2 305.1 85.6 30.4 19.9
7.433333 2 306.2 82.3 30.1 19.5
7.466667 2 306.5 80.6 30.1 19.4
7.500000 2 307.2 77.3 30.0 19.4
7.533333 2 307.7 75.7 30.0 19.3
7.566667 2 308.1 72.7 29.9 19.3
7.600000 2 308.3 70.7 30.3 19.6
7.633333 2 308.9 68.0 30.1 19.5
7.666667 2 309.2 65.1 30.0 19.4
7.700000 2 309.2 63.6 30.5 19.9
7.733333 2 309.9 61.1 30.0 19.4
7.766667 2 310.1 59.5 30.2 19.6
7.800000 2 310.2 57.1 30.4 19.7
7.833333 2 310.0 55.7 30.5 19.9
7.866667 2 310.9 53.1 30.1 19.5
7.900000 2 310.9 50.8 30.3 19.7
7.933333 2 311.1 49.7 30.0 19.4
7.966667 2 311.1 47.5 30.1 19.5
8.000000 2 311.2 46.5 30.1 19.5
8.033333 2 311.1 44.3 30.2 19.7
8.066667 2 311.2 43.5 30.2 19.6
8.100000 2 311.2 41.3 30.2 19.7
8.133333 2 311.2 40.4 30.2 19.7
8.166667 2 311.2 38.6 30.2 19.7
8.200000 2 311.3 37.8 30.2 19.5
8.233333 2 311.2 36.0 30.3 19.7
8.266667 2 311.1 35.2 30.4 19.9
8.300000 2 311.2 33.9 30.1 19.5
8.333333 2 310.8 33.0 30.2 19.5
8.366667 2 310.8 31.7 30.1 19.5
8.400000 2 310.6 31.0 30.2 19.6
8.433333 2 310.3 29.7 30.3 19.6
8.466667 2 310.2 28.9 30.4 19.7
8.500000 2 309.9 28.0 30.1 19.5
8.533333 2 310.0 27.1 30.1 19.6
8.566667 2 309.4 26.2 30.3 19.8
8.600000 2 309.4 25.7 30.4 19.8
8.633333 2 309.0 24.8 30.2 19.6
8.666667 2 308.8 24.2 30.1 19.7
8.700000 2 308.4 23.3 30.3 19.8
8.733333 2 308.0 22.4 30.1 19.6
8.766667 2 307.8 22.3 30.2 19.7
8.800000 2 307.5 21.2 30.3 19.8
8.833333 2 306.9 20.4 30.2 19.7
8.866667 2 306.8 20.1 30.1 19.6
8.900000 2 306.1 19.0 30.3 19.8
8.933333 2 305.9 18.3 30.2 19.7
8.966667 2 305.3 17.4 30.4 19.8
9.000000 2 305.0 16.9 30.0 19.4
9.033333 2 304.5 16.3 30.3 19.9
9.066667 2 304.3 15.7 30.2 19.6
9.100000 2 304.0 15.1 30.2 19.8
9.133333 2 303.7 14.7 30.0 19.4
9.166667 2 303.2 14.1 30.2 19.8
9.200000 2 303.0 13.8 29.8 19.3
9.233333 2 302.5 13.1 30.1 19.7
9.266667 2 302.3 12.9 30.0 19.4
9.300000 2 302.1 12.3 30.1 19.7
9.333333 2 301.4 11.7 30.0 19.5
9.366667 2 301.4 11.4 30.2 19.7
9.400000 2 301.1 11.1 30.0 19.5
9.433333 2 301.0 10.9 29.8 19.2
9.466667 2 300.4 10.3 30.2 19.8
9.500000 2 300.1 10.3 30.0 19.6
9.533333 2 300.0 10.0 29.8 19.3
9.566667 2 299.4 10.0 29.9 19.3
9.600000 2 299.2 9.6 29.9 19.4
9.633333 2 298.9 9.2 30.0 19.7
9.666667 2 298.3 8.9 29.9 19.4
9.700000 2 298.3 8.9 29.9 19.4
9.733333 2 297.8 8.3 30.0 19.6
9.766667 2 297.4 8.2 30.2 19.7
9.800000 2 297.0 8.1 30.0 19.5
9.833333 2 296.8 8.1 30.0 19.4
9.866667 2 296.0 7.8 29.8 19.3
9.900000 2 295.9 7.8 29.8 19.2
9.933333 2 295.1 7.5 29.9 19.4
9.966667 2 294.9 7.3 29.9 19.5
10.000000 2 294.3 7.3 30.0 19.6
10.033333 2 294.1 7.2 29.9 19.5
10.066667 2 293.2 7.2 30.0 19.5
10.100000 2 292.9 7.2 29.9 19.4
10.133333 2 292.5 8.1 30.0 17.9
10.166667 2 291.7 8.1 30.0 17.8
