0.000000 2 161.0 235.0 42.0 27.0
0.033333 2 163.1 224.5 42.1 27.1
0.066667 2 163.8 221.1 41.8 26.9
0.100000 2 164.9 214.2 41.8 26.9
0.133333 2 165.7 207.3 41.9 27.1
0.166667 2 166.3 200.3 42.4 27.6
0.200000 2 166.8 193.3 42.5 27.9
0.233333 2 166.9 189.8 42.7 28.1
0.266667 2 167.6 179.6 42.7 28.4
0.300000 2 167.8 176.2 42.9 28.5
0.333333 2 168.3 169.4 43.0 28.7
0.366667 2 168.7 162.6 43.1 29.0
0.400000 2 169.8 152.4 43.1 29.2
0.433333 2 170.1 149.0 43.1 29.4
0.466667 2 171.7 138.7 43.1 29.6
0.500000 2 173.0 131.6 43.4 30.0
0.533333 2 175.9 121.3 43.0 29.8
0.566667 2 176.9 117.5 43.1 29.8
0.600000 2 179.2 110.2 43.2 29.8
0.633333 2 182.0 102.8 42.8 29.3
0.666667 2 184.9 95.4 42.5 28.8
0.700000 2 188.1 87.9 41.9 28.2
0.733333 2 192.7 76.2 41.5 27.8
0.766667 2 195.7 68.0 41.5 27.7
0.800000 2 198.7 60.3 41.2 27.4
0.833333 2 200.1 56.2 41.4 27.5
0.866667 2 202.8 48.3 41.1 27.4
0.900000 2 205.2 40.4 41.4 27.5
0.933333 2 229.0 20.0 36.0 23.0
0.966667 2 226.2 25.7 41.8 27.5
1.000000 2 227.6 34.1 39.0 25.7
1.033333 2 231.1 40.0 31.9 21.0
1.066667 2 226.7 44.8 40.0 26.6
1.100000 2 226.9 52.6 38.7 25.4
1.133333 2 228.9 57.4 34.3 22.7
1.166667 2 226.3 63.2 38.2 25.7
1.200000 2 229.4 69.1 31.1 21.0
1.233333 2 227.5 75.3 33.4 23.0
1.266667 2 226.8 78.6 33.8 23.2
1.300000 2 224.3 84.4 36.9 25.5
1.333333 2 227.0 89.2 30.8 22.0
1.366667 2 223.5 94.3 35.6 25.2
1.400000 2 224.9 102.1 30.8 22.3
1.433333 2 224.4 105.3 30.6 21.9
1.466667 2 224.1 108.1 30.4 22.6
1.500000 2 223.1 114.2 30.3 22.4
1.533333 2 221.7 119.7 31.0 23.4
1.566667 2 222.1 123.8 29.1 21.1
1.600000 2 219.7 128.8 31.8 22.7
1.633333 2 217.8 130.6 34.7 25.3
1.666667 2 214.6 135.1 39.0 28.0
1.700000 2 215.0 138.8 37.2 26.4
1.733333 2 217.6 146.4 30.3 22.0
1.766667 2 215.5 151.3 33.0 23.9
1.800000 2 212.4 152.6 38.2 27.2
1.833333 2 215.5 160.4 30.7 22.2
1.866667 2 213.6 167.4 33.0 24.4
1.900000 2 214.3 171.1 31.1 22.4
1.933333 2 214.5 176.6 30.3 21.7
1.966667 2 213.6 177.5 32.1 27.9
2.000000 2 210.4 179.8 39.0 30.2
2.033333 2 214.7 185.8 32.5 24.4
2.066667 2 209.5 188.8 38.4 28.7
2.100000 2 211.7 187.3 35.4 32.1
2.133333 2 212.8 195.5 34.3 26.8
2.166667 2 214.8 202.3 32.4 25.8
2.200000 2 211.9 206.0 39.0 24.5
2.233333 2 214.9 210.5 33.8 23.6
2.266667 2 214.8 214.3 36.9 27.4
2.300000 2 216.3 221.8 37.6 24.9
2.333333 2 221.0 227.0 35.0 24.0
2.366667 2 219.0 229.0 34.0 28.0
2.400000 2 216.0 232.0 43.0 29.0
2.433333 2 220.0 233.0 38.0 30.0
2.466667 2 223.0 238.0 36.0 28.0
2.500000 2 225.0 247.0 35.0 23.0
2.533333 2 221.0 247.0 42.0 26.0
2.566667 2 224.0 256.0 40.0 20.0
2.600000 2 226.0 258.0 42.0 22.0
2.633333 2 228.0 260.0 40.0 26.0
2.666667 2 233.0 261.0 34.0 26.0
2.700000 2 233.0 267.0 35.0 28.0
2.733333 2 233.0 271.0 37.0 26.0
2.766667 2 233.0 276.0 38.0 29.0
2.800000 2 234.0 277.0 42.0 32.0
2.833333 2 234.0 288.0 40.0 20.0
2.866667 2 237.0 290.0 40.0 22.0
2.900000 2 239.0 294.0 37.0 22.0
2.933333 2 237.0 297.0 43.0 22.0
2.966667 2 245.0 300.0 37.0 27.0
3.000000 2 246.0 304.0 34.0 24.0
3.033333 2 246.0 306.0 34.0 29.0
3.066667 2 247.0 312.0 33.0 25.0
3.100000 2 246.0 312.0 36.0 28.0
3.133333 2 248.0 315.0 34.0 30.0
3.166667 2 244.0 316.0 38.0 28.0
3.200000 2 245.0 318.0 37.0 30.0
3.233333 2 244.0 323.0 35.0 27.0
3.266667 2 245.0 326.0 38.0 25.0
3.300000 2 243.0 328.0 36.0 24.0
3.333333 2 241.0 330.0 39.0 25.0
3.366667 2 242.0 334.0 38.0 19.0
3.400000 2 240.0 331.0 36.0 23.0
3.433333 2 240.0 327.0 36.0 27.0
3.466667 2 239.0 330.0 35.0 27.0
3.500000 2 235.1 326.8 41.3 33.5
3.533333 2 236.6 329.7 35.5 27.8
3.566667 2 235.8 329.1 35.5 28.5
3.600000 2 231.5 326.5 40.5 32.8
3.633333 2 232.5 328.1 35.4 27.5
3.666667 2 230.5 326.7 35.8 28.1
3.700000 2 229.0 325.0 37.2 30.3
3.733333 2 225.8 322.3 40.1 32.4
3.766667 2 227.1 322.7 32.5 25.3
3.800000 2 226.1 321.6 32.5 25.4
3.833333 2 221.1 316.3 39.0 30.7
3.866667 2 219.8 313.7 40.1 33.1
3.900000 2 221.3 314.3 34.0 26.3
3.933333 2 219.0 311.2 36.8 29.0
3.966667 2 214.6 305.4 42.5 34.3
4.000000 2 214.2 304.2 41.6 32.9
4.033333 2 215.5 302.7 36.1 28.4
4.066667 2 210.9 296.0 42.2 33.6
4.100000 2 212.8 296.2 36.9 29.3
4.133333 2 210.1 290.2 39.3 32.3
4.166667 2 209.8 288.8 38.6 30.5
4.200000 2 210.2 285.8 34.6 27.2
4.233333 2 206.0 278.8 40.1 31.6
4.266667 2 208.5 279.0 33.7 26.3
4.300000 2 204.7 271.8 37.9 30.6
4.333333 2 201.5 265.5 40.8 32.9
4.366667 2 202.4 264.1 37.4 30.2
4.400000 2 201.9 260.1 35.0 27.6
4.433333 2 200.0 254.9 34.9 27.2
4.466667 2 198.9 250.2 33.3 26.1
4.500000 2 197.0 246.3 35.1 27.9
4.533333 2 194.6 240.6 36.0 28.0
4.566667 2 193.2 237.3 37.0 28.7
4.600000 2 191.4 231.4 36.7 28.3
4.633333 2 190.2 228.2 37.0 28.9
4.666667 2 188.6 222.2 36.3 28.5
4.700000 2 186.4 215.5 37.0 29.3
4.733333 2 185.2 212.3 37.6 29.2
4.766667 2 186.1 207.5 32.5 25.5
4.800000 2 184.2 203.4 34.8 27.4
4.833333 2 182.6 196.7 34.9 27.2
4.866667 2 180.0 188.6 37.7 29.8
4.900000 2 179.9 184.8 37.1 30.0
4.933333 2 179.0 177.7 36.9 29.8
4.966667 2 179.1 171.5 35.2 27.6
5.000000 2 178.1 166.9 36.7 29.5
5.033333 2 177.0 158.9 38.2 29.9
5.066667 2 178.1 152.3 35.8 28.0
5.100000 2 178.1 148.2 35.9 28.1
5.133333 2 179.0 140.1 34.7 28.0
5.166667 2 178.1 135.1 36.8 29.7
5.200000 2 178.6 127.1 36.9 28.6
5.233333 2 180.6 123.8 33.5 26.9
5.266667 2 179.3 113.9 37.5 29.3
5.300000 2 180.3 105.4 36.9 29.0
5.333333 2 180.3 100.5 37.6 30.1
5.366667 2 182.4 97.3 34.1 27.8
5.400000 2 181.3 87.2 37.8 30.8
5.433333 2 182.4 79.6 36.8 28.8
5.466667 2 181.6 74.3 38.9 30.8
5.500000 2 184.3 67.3 34.3 27.9
5.533333 2 183.0 61.9 37.3 30.0
5.566667 2 182.7 53.3 38.8 31.0
5.600000 2 182.8 49.5 38.5 30.6
5.633333 2 183.1 40.8 38.4 32.0
5.666667 2 184.2 38.0 36.4 30.1
5.700000 2 185.1 31.2 34.6 28.4
5.733333 2 184.5 23.3 35.8 29.6
5.766667 2 22.0 133.0 106.0 71.0
5.800000 2 24.6 137.1 107.2 72.7
5.833333 2 30.0 145.1 109.4 75.6
5.866667 2 32.8 148.6 110.2 77.1
5.900000 2 38.4 155.3 111.8 79.7
5.933333 2 40.9 157.9 113.2 81.6
5.966667 2 46.4 163.2 115.0 84.3
6.000000 2 48.9 165.4 116.1 86.0
6.033333 2 53.8 169.3 117.9 88.8
6.066667 2 58.9 172.9 119.4 91.0
6.100000 2 61.2 174.4 120.4 92.0
6.133333 2 66.1 177.7 121.7 93.1
6.166667 2 68.4 179.1 122.7 94.1
6.200000 2 72.6 181.4 124.2 95.4
6.233333 2 74.6 182.4 125.1 96.4
6.266667 2 78.6 184.0 126.1 97.5
6.300000 2 82.2 185.6 127.7 98.9
6.333333 2 83.8 186.3 128.4 99.6
6.366667 2 87.0 187.5 129.9 101.0
6.400000 2 88.6 188.1 130.5 101.4
6.433333 2 91.3 188.7 131.9 102.7
6.466667 2 93.9 188.5 132.9 103.7
6.500000 2 94.9 188.3 133.7 104.3
6.533333 2 96.8 187.4 134.6 104.4
6.566667 2 98.8 186.1 135.2 104.2
6.600000 2 99.4 184.9 135.9 104.7
6.633333 2 99.9 181.6 138.6 106.7
6.666667 2 99.0 176.7 143.2 110.9
6.700000 2 98.4 171.9 147.1 114.5
6.733333 2 98.0 169.6 148.9 115.8
6.766667 2 97.5 165.9 151.5 117.7
6.800000 2 97.1 164.3 152.7 118.3
6.833333 2 96.3 161.5 155.2 119.3
6.866667 2 95.9 159.8 156.4 119.0
6.900000 2 95.6 159.4 157.1 118.6
6.933333 2 94.9 158.7 157.8 117.7
6.966667 2 94.8 158.8 157.7 117.0
7.000000 2 93.8 159.0 158.6 116.4
7.033333 2 93.3 159.1 159.3 116.4
7.066667 2 91.7 159.8 161.2 117.1
7.100000 2 89.6 160.6 163.7 118.8
7.133333 2 88.6 161.2 164.9 119.8
7.166667 2 86.5 162.9 167.3 122.0
7.200000 2 85.4 164.0 168.4 123.0
7.233333 2 83.4 167.3 170.4 124.9
7.266667 2 81.4 171.7 171.8 126.0
7.300000 2 80.7 175.0 172.0 125.8
7.333333 2 78.9 181.5 172.6 126.0
7.366667 2 77.6 190.0 172.3 125.2
7.400000 2 76.5 200.4 171.3 123.6
7.433333 2 75.0 211.4 170.9 123.1
7.466667 2 74.2 217.3 170.7 122.9
7.500000 2 72.4 229.6 170.8 123.4
7.533333 2 70.2 243.0 171.8 124.7
7.566667 2 69.0 249.8 172.7 125.9
7.600000 2 490.0 190.0 31.0 24.0
7.633333 2 491.1 192.3 31.0 24.0
7.666667 2 491.5 193.4 31.0 24.0
7.700000 2 492.7 195.4 31.4 24.4
7.733333 2 493.6 196.7 31.2 24.2
7.766667 2 495.6 198.9 31.0 24.0
7.800000 2 497.8 201.1 31.0 24.1
7.833333 2 499.0 202.1 31.0 24.0
7.866667 2 501.8 204.3 30.8 23.8
7.900000 2 504.8 206.2 31.0 24.1
7.933333 2 506.6 207.2 30.9 24.0
7.966667 2 510.1 209.1 30.9 24.0
8.000000 2 512.1 210.0 31.0 24.0
8.033333 2 515.7 211.5 31.1 24.2
8.066667 2 520.2 212.9 31.0 24.1
8.100000 2 522.0 213.5 31.1 24.2
8.133333 2 525.9 214.9 31.0 24.1
8.166667 2 527.9 215.3 31.1 24.2
8.200000 2 531.7 216.0 31.1 24.2
8.233333 2 533.5 216.5 31.3 24.4
8.266667 2 537.3 217.2 31.2 24.4
8.300000 2 538.9 217.5 31.3 24.4
8.333333 2 542.2 218.3 31.4 24.5
8.366667 2 543.7 218.7 31.1 24.2
8.400000 2 546.2 219.5 31.4 24.5
8.433333 2 547.5 220.2 31.2 24.3
8.466667 2 549.7 221.4 31.0 24.0
8.500000 2 551.3 222.4 31.3 24.4
8.533333 2 552.2 222.9 31.3 24.3
8.566667 2 553.1 224.4 31.3 24.3
8.600000 2 553.3 226.0 31.2 24.3
8.633333 2 553.2 228.0 31.2 24.3
8.666667 2 552.6 229.9 31.1 24.2
8.700000 2 551.4 232.2 31.1 24.2
8.733333 2 550.3 233.5 31.3 24.4
8.766667 2 548.2 236.0 31.1 24.3
8.800000 2 545.4 238.9 31.2 24.3
8.833333 2 543.8 240.4 31.2 24.1
8.866667 2 540.2 243.5 31.2 24.3
8.900000 2 538.3 245.3 31.0 24.1
8.933333 2 533.8 248.7 31.1 24.1
8.966667 2 528.9 252.3 31.0 24.1
9.000000 2 526.4 254.1 30.8 24.0
9.033333 2 520.7 258.0 30.8 23.9
9.066667 2 517.7 259.9 30.9 23.9
9.100000 2 511.4 263.5 31.0 24.1
9.133333 2 504.9 267.3 30.6 23.7
9.166667 2 501.3 268.8 31.0 24.2
9.200000 2 494.2 272.4 31.0 24.1
9.233333 2 487.0 275.6 30.8 23.9
9.266667 2 479.4 278.7 31.0 24.1
9.300000 2 475.8 280.2 30.7 23.9
9.333333 2 468.1 282.8 30.8 23.9
9.366667 2 464.3 284.1 30.8 24.0
9.400000 2 456.6 286.3 30.7 23.9
9.433333 2 448.9 288.6 30.6 23.7
9.466667 2 445.2 289.3 30.6 23.7
9.500000 2 437.3 290.8 31.0 24.1
9.533333 2 429.6 292.4 30.8 23.9
9.566667 2 422.2 293.5 30.7 23.8
9.600000 2 418.3 293.8 30.9 24.1
9.633333 2 410.8 294.7 30.8 23.9
9.666667 2 403.4 295.1 30.8 24.0
9.700000 2 399.7 295.4 30.7 23.9
9.733333 2 392.5 295.4 30.8 24.0
9.766667 2 389.0 295.5 30.7 23.8
9.800000 2 382.0 295.4 30.6 23.7
9.833333 2 378.4 294.9 30.9 24.1
9.866667 2 371.5 294.2 30.8 24.0
9.900000 2 364.3 293.7 30.9 24.1
9.933333 2 361.1 293.2 30.6 23.7
9.966667 2 354.4 292.4 30.7 23.8
10.000000 2 338.6 288.1 30.6 23.8
10.033333 2 332.8 285.7 30.8 23.9
10.066667 2 327.5 282.9 30.8 23.9
10.100000 2 322.6 279.8 30.8 23.9
10.133333 2 318.1 276.9 30.7 23.8
10.166667 2 314.0 273.4 30.6 23.7
10.200000 2 310.5 269.9 30.7 23.9
