0.000000 2 251.0 257.0 54.0 32.0
0.033333 2 247.2 259.8 54.5 33.1
0.066667 2 244.0 262.3 54.9 33.6
0.100000 2 243.3 263.1 54.6 33.3
0.133333 2 241.6 264.3 55.2 33.8
0.166667 2 240.4 265.3 55.2 33.9
0.200000 2 239.9 266.5 55.0 33.7
0.233333 2 239.5 267.0 55.1 33.5
0.266667 2 239.3 267.8 55.0 33.5
0.300000 2 239.3 268.9 54.8 33.2
0.333333 2 239.6 269.9 55.0 32.9
0.366667 2 240.4 271.1 54.9 32.7
0.400000 2 241.2 271.6 55.0 33.3
0.433333 2 241.9 272.4 56.0 34.7
0.466667 2 242.7 273.0 55.6 34.6
0.500000 2 243.5 274.0 55.8 34.9
0.533333 2 244.3 275.4 56.1 35.2
0.566667 2 244.6 275.8 56.4 35.6
0.600000 2 245.7 277.7 56.0 35.2
0.633333 2 246.7 279.5 55.9 35.1
0.666667 2 246.8 280.3 56.4 35.4
0.700000 2 247.6 282.4 56.3 35.3
0.733333 2 248.8 284.8 55.6 34.7
0.766667 2 248.7 285.9 56.2 35.1
0.800000 2 249.9 288.5 55.8 34.7
0.833333 2 251.0 291.4 55.0 33.9
0.866667 2 251.1 292.5 55.6 34.1
0.900000 2 252.3 295.7 54.9 33.3
0.933333 2 252.9 297.2 54.7 33.1
0.966667 2 253.9 300.0 54.7 32.7
1.000000 2 254.8 302.5 54.9 33.1
1.033333 2 255.9 305.3 54.8 33.0
1.066667 2 257.0 307.8 55.0 33.2
1.100000 2 258.9 312.0 55.0 33.6
1.133333 2 260.5 316.3 55.6 34.2
1.166667 2 261.8 319.6 55.3 34.2
1.200000 2 262.8 322.9 55.6 34.5
1.233333 2 263.3 324.7 55.7 34.5
1.266667 2 264.4 328.3 55.5 34.2
1.300000 2 265.5 331.9 55.6 34.3
1.333333 2 266.0 333.9 55.3 34.0
1.366667 2 267.0 337.8 55.0 33.5
1.400000 2 267.7 341.3 55.4 33.9
1.433333 2 268.0 343.4 55.3 33.7
1.466667 2 268.8 347.2 55.2 33.7
1.500000 2 269.0 350.8 55.9 34.3
1.533333 2 269.9 355.1 55.2 33.8
1.566667 2 270.0 357.1 55.3 33.9
1.600000 2 270.3 361.1 55.7 34.2
1.633333 2 270.9 365.6 55.2 33.7
1.666667 2 271.0 367.8 55.1 33.5
1.700000 2 270.9 371.8 55.8 34.3
1.733333 2 270.7 375.8 56.3 34.9
1.766667 2 270.4 379.7 56.8 35.6
1.800000 2 269.9 383.9 57.3 35.9
1.833333 2 269.1 387.6 58.2 36.7
1.866667 2 268.7 389.5 58.7 37.2
1.900000 2 267.9 393.2 59.4 37.8
1.933333 2 266.8 396.4 60.4 38.9
1.966667 2 271.9 400.2 50.2 35.2
2.000000 2 273.4 407.7 48.0 29.2
2.033333 2 272.0 414.0 45.0 24.0
2.066667 2 270.0 420.0 47.0 18.0
2.100000 2 270.0 420.0 43.0 26.0
2.133333 2 269.0 428.0 44.0 18.0
2.166667 2 269.0 428.0 48.0 23.0
2.200000 2 266.0 433.0 51.0 17.0
2.233333 2 266.0 432.0 45.0 27.0
2.266667 2 270.0 443.0 41.0 19.0
2.300000 2 268.0 444.0 38.0 22.0
2.333333 2 268.0 444.0 39.0 22.0
2.366667 2 267.0 452.0 33.0 19.0
2.400000 2 267.0 452.0 37.0 22.0
2.433333 2 263.0 455.0 41.0 19.0
2.466667 2 263.0 455.0 37.0 25.0
2.500000 2 256.0 459.0 44.0 21.0
2.533333 2 256.0 459.0 44.0 26.0
2.566667 2 255.0 465.0 44.0 21.0
2.600000 2 255.0 463.0 42.0 27.0
2.633333 2 254.0 466.0 43.0 24.0
2.666667 2 254.0 466.0 41.0 27.0
2.700000 2 252.0 472.0 43.0 21.0
2.733333 2 252.0 472.0 37.0 23.0
2.766667 2 246.0 478.0 42.0 17.0
2.800000 2 246.0 477.0 39.0 20.0
2.833333 2 240.0 480.0 45.0 17.0
2.866667 2 240.0 479.0 42.0 23.0
2.900000 2 240.0 480.0 43.0 22.0
2.933333 2 240.0 480.0 39.0 21.0
2.966667 2 235.0 483.0 44.0 18.0
3.000000 2 235.0 483.0 41.0 21.0
3.033333 2 231.0 483.0 45.0 21.0
3.066667 2 231.0 483.0 42.0 21.0
3.100000 2 227.0 483.0 46.0 21.0
3.133333 2 227.0 483.0 44.0 23.0
3.166667 2 225.0 486.0 46.0 20.0
3.200000 2 225.0 486.0 40.0 17.0
3.233333 2 220.0 483.0 45.0 20.0
3.266667 2 220.0 483.0 41.0 23.0
3.300000 2 212.0 483.0 49.0 23.0
3.333333 2 212.0 483.0 42.0 22.0
3.366667 2 210.0 483.0 44.0 22.0
3.400000 2 210.0 483.0 41.0 22.0
3.433333 2 208.0 482.0 43.0 23.0
3.466667 2 208.0 482.0 41.0 22.0
3.500000 2 205.0 480.0 44.0 24.0
3.533333 2 205.0 480.0 38.0 20.0
3.566667 2 199.0 481.0 44.0 19.0
3.600000 2 199.0 481.0 41.0 17.0
3.633333 2 195.0 476.0 45.0 22.0
3.666667 2 195.0 476.0 40.0 19.0
3.700000 2 191.0 471.0 44.0 24.0
3.733333 2 191.0 471.0 42.0 20.0
3.766667 2 186.0 468.0 47.0 23.0
3.800000 2 186.0 468.0 45.0 21.0
3.833333 2 184.0 468.0 47.0 21.0
3.866667 2 184.0 468.0 41.0 18.0
3.900000 2 181.0 461.0 44.0 25.0
3.933333 2 181.0 461.0 40.0 23.0
3.966667 2 178.0 457.0 43.0 27.0
4.000000 2 178.0 457.0 40.0 26.0
4.033333 2 168.0 453.0 50.0 30.0
4.066667 2 168.0 453.0 45.0 25.0
4.100000 2 168.0 447.0 45.0 31.0
4.133333 2 168.0 447.0 45.0 30.0
4.166667 2 162.0 444.0 51.0 33.0
4.200000 2 162.0 444.0 45.0 28.0
4.233333 2 162.0 442.0 45.0 30.0
4.266667 2 162.0 442.0 43.0 27.0
4.300000 2 159.0 439.0 46.0 30.0
4.333333 2 159.0 439.0 48.0 29.0
4.366667 2 157.0 432.0 50.0 36.0
4.400000 2 157.0 432.0 49.0 33.0
4.433333 2 157.0 429.0 49.0 36.0
4.466667 2 157.0 429.0 49.0 34.0
4.500000 2 155.0 423.0 51.0 40.0
4.533333 2 155.0 423.0 49.0 36.0
4.566667 2 161.0 418.0 43.0 41.0
4.600000 2 161.0 418.0 45.0 38.0
4.633333 2 165.0 418.0 41.0 38.0
4.666667 2 165.0 418.0 43.0 36.0
4.700000 2 168.0 417.0 40.0 37.0
4.733333 2 168.0 417.0 42.0 33.0
4.766667 2 170.0 414.0 40.0 36.0
4.800000 2 170.0 414.0 49.0 36.0
4.833333 2 177.0 411.0 42.0 39.0
4.866667 2 177.0 411.0 45.0 38.0
4.900000 2 181.0 407.0 41.0 42.0
4.933333 2 181.0 407.0 47.0 45.0
4.966667 2 189.0 410.0 39.0 42.0
5.000000 2 188.0 407.0 49.0 40.0
5.033333 2 195.0 408.0 42.0 39.0
5.066667 2 195.0 408.0 49.0 36.0
5.100000 2 201.0 416.0 43.0 28.0
5.133333 2 201.0 416.0 51.0 28.0
5.166667 2 207.0 408.0 45.0 36.0
5.200000 2 207.0 408.0 51.0 38.0
5.233333 2 217.0 414.0 41.0 32.0
5.266667 2 216.0 413.0 47.0 31.0
5.300000 2 228.0 417.0 35.0 27.0
5.333333 2 228.0 417.0 43.0 29.0
5.366667 2 233.0 417.0 38.0 29.0
5.400000 2 233.0 417.0 40.0 30.0
5.433333 2 239.0 420.0 34.0 27.0
5.466667 2 239.0 420.0 40.0 27.0
5.500000 2 248.0 420.0 31.0 27.0
5.533333 2 248.0 420.0 34.0 28.0
5.566667 2 251.0 422.0 31.0 26.0
5.600000 2 251.0 422.0 38.0 28.0
5.633333 2 252.0 422.0 38.0 28.0
5.666667 2 252.0 422.0 37.0 28.0
5.700000 2 257.0 421.0 32.0 29.0
5.733333 2 257.0 421.0 35.0 27.0
5.766667 2 264.0 427.0 28.0 21.0
5.800000 2 264.0 427.0 32.0 23.0
5.833333 2 261.0 425.0 35.0 25.0
5.866667 2 261.0 425.0 37.0 22.0
5.900000 2 267.0 425.0 31.0 22.0
5.933333 2 267.0 425.0 30.0 19.0
5.966667 2 268.0 423.0 29.0 21.0
6.000000 2 268.0 423.0 32.0 21.0
6.033333 2 269.0 423.0 31.0 21.0
6.066667 2 269.0 423.0 32.0 21.0
6.100000 2 266.0 412.0 35.0 32.0
6.133333 2 266.0 412.0 33.0 29.0
6.166667 2 270.0 416.0 29.0 25.0
6.200000 2 270.0 416.0 29.0 21.0
6.233333 2 266.0 411.0 33.0 26.0
6.266667 2 266.0 411.0 37.0 20.0
6.300000 2 269.0 410.0 34.0 21.0
6.333333 2 269.0 410.0 31.0 21.0
6.366667 2 266.0 408.0 34.0 23.0
6.400000 2 266.0 408.0 34.0 20.0
6.433333 2 269.0 402.0 31.0 26.0
6.466667 2 269.0 402.0 32.0 23.0
6.500000 2 263.0 392.0 38.0 33.0
6.533333 2 263.0 392.0 40.0 28.0
6.566667 2 264.0 387.0 39.0 33.0
6.600000 2 264.0 387.0 45.0 32.0
6.633333 2 267.0 385.0 42.0 34.0
6.666667 2 267.0 385.0 36.0 29.0
6.700000 2 270.0 384.0 33.0 30.0
6.733333 2 272.0 384.0 34.0 24.0
6.766667 2 274.0 377.0 32.0 31.0
6.800000 2 274.0 377.0 31.0 28.0
6.833333 2 278.0 377.0 27.0 28.0
6.866667 2 278.0 377.0 34.0 28.0
6.900000 2 278.8 375.7 34.7 29.0
6.933333 2 281.2 373.6 34.5 29.0
6.966667 2 284.1 372.6 34.0 28.2
7.000000 2 286.1 370.2 35.3 29.5
7.033333 2 289.1 369.2 34.4 28.8
7.066667 2 290.3 368.4 34.8 29.1
7.100000 2 293.0 367.5 34.3 28.5
7.133333 2 295.5 364.9 36.9 30.9
7.166667 2 297.8 365.3 34.9 29.3
7.200000 2 299.7 364.1 35.6 30.1
7.233333 2 302.0 363.8 35.3 29.4
7.266667 2 302.4 362.8 36.9 30.8
7.300000 2 305.2 363.0 35.5 29.2
7.333333 2 307.0 362.1 35.8 29.7
7.366667 2 308.4 362.4 34.5 28.7
7.400000 2 308.9 361.0 36.4 30.6
7.433333 2 309.6 360.9 36.5 30.5
7.466667 2 312.0 361.3 34.5 28.7
7.500000 2 312.4 360.0 36.0 30.5
7.533333 2 314.0 360.2 34.8 29.3
7.566667 2 314.9 360.0 34.8 29.1
7.600000 2 314.9 358.8 36.5 30.9
7.633333 2 315.4 358.8 36.1 30.6
7.666667 2 315.9 358.4 36.3 30.2
7.700000 2 316.0 357.9 36.4 30.8
7.733333 2 317.3 358.4 34.7 28.8
7.766667 2 316.6 356.7 36.8 30.8
7.800000 2 317.5 357.1 35.3 29.4
7.833333 2 317.5 355.8 35.7 30.3
7.866667 2 317.4 355.4 35.8 30.2
7.900000 2 317.6 354.7 35.4 29.8
7.933333 2 317.6 353.7 35.4 29.9
7.966667 2 316.8 352.4 36.8 31.5
8.000000 2 317.6 352.8 35.2 29.6
8.033333 2 316.7 350.7 37.0 31.4
8.066667 2 316.9 350.8 36.1 30.0
8.100000 2 316.4 349.1 36.5 30.8
8.133333 2 316.0 347.7 36.6 31.3
8.166667 2 316.5 347.8 35.4 29.7
8.200000 2 315.1 345.7 37.4 31.4
8.233333 2 316.1 345.9 35.3 29.5
8.266667 2 314.8 343.6 36.8 31.2
8.300000 2 314.7 343.2 36.7 30.5
8.333333 2 314.1 341.6 36.6 31.2
8.366667 2 314.0 340.9 36.6 31.0
8.400000 2 313.5 339.7 36.1 30.6
8.433333 2 312.8 337.6 37.0 31.4
8.466667 2 312.9 338.0 35.9 29.8
8.500000 2 312.2 336.0 36.5 30.9
8.533333 2 312.3 335.7 35.7 29.9
8.566667 2 311.0 333.5 36.7 31.4
8.600000 2 311.0 332.9 36.6 31.0
8.633333 2 310.5 331.7 36.0 30.5
8.666667 2 309.6 330.4 36.0 30.2
8.700000 2 308.3 328.5 37.4 31.4
8.733333 2 308.8 328.0 35.0 29.2
8.766667 2 307.2 326.0 36.6 30.9
8.800000 2 307.5 326.1 35.3 29.3
8.833333 2 306.1 323.6 36.6 31.1
8.866667 2 305.6 323.4 36.5 30.3
8.900000 2 304.6 321.6 37.1 31.3
8.933333 2 304.7 321.2 35.0 29.1
8.966667 2 303.5 319.6 36.9 30.8
9.000000 2 302.5 318.2 36.9 30.7
9.033333 2 302.0 316.7 36.5 30.8
9.066667 2 301.2 315.6 37.4 31.3
9.100000 2 301.0 315.1 35.7 29.5
9.133333 2 301.3 314.3 34.7 28.8
9.166667 2 299.9 312.1 35.1 29.5
9.200000 2 299.4 311.0 35.6 29.8
9.233333 2 298.8 309.1 35.2 29.5
9.266667 2 297.8 306.7 35.5 29.7
9.300000 2 296.7 304.5 37.2 31.6
9.333333 2 295.9 301.5 37.1 31.5
9.366667 2 294.6 298.2 38.3 32.4
9.400000 2 295.6 297.5 35.7 30.0
9.433333 2 293.9 293.2 37.6 31.7
9.466667 2 292.4 290.0 40.4 34.6
9.500000 2 291.5 285.5 41.3 35.3
9.533333 2 291.3 283.7 40.9 34.8
9.566667 2 291.4 279.4 40.2 34.2
9.600000 2 290.9 276.6 41.2 35.4
9.633333 2 290.2 271.2 42.1 36.1
9.666667 2 291.1 269.7 40.2 34.0
9.700000 2 290.5 263.9 41.4 35.2
9.733333 2 293.2 263.5 35.6 30.5
9.766667 2 292.8 257.2 36.5 31.5
9.800000 2 292.4 250.9 37.7 32.7
9.833333 2 292.8 248.1 36.9 32.0
9.866667 2 294.6 243.3 33.9 29.0
9.900000 2 294.5 239.8 34.9 29.8
9.933333 2 294.6 233.1 35.6 30.6
9.966667 2 295.4 230.2 34.5 29.5
