0.000000 2 282.0 408.0 24.0 24.0
0.033333 2 280.0 407.0 27.0 18.0
0.066667 2 277.6 399.5 36.0 27.4
0.100000 2 277.8 396.4 35.8 27.2
0.133333 2 279.0 394.4 34.0 25.6
0.166667 2 279.1 391.3 34.1 25.6
0.200000 2 280.1 388.3 33.8 25.4
0.233333 2 280.1 385.6 33.7 25.3
0.266667 2 280.0 382.9 33.8 25.4
0.300000 2 280.1 380.4 33.8 25.4
0.333333 2 280.2 378.0 33.9 25.4
0.366667 2 279.8 375.1 35.2 26.6
0.400000 2 279.7 372.6 35.6 26.9
0.433333 2 280.2 369.8 35.0 26.5
0.466667 2 279.8 366.2 35.5 27.0
0.500000 2 279.8 365.0 35.5 27.0
0.533333 2 280.1 363.7 33.8 25.5
0.566667 2 280.1 361.3 33.9 25.6
0.600000 2 280.1 359.6 33.5 25.3
0.633333 2 280.2 357.4 33.4 25.1
0.666667 2 279.4 354.8 34.6 26.2
0.700000 2 279.2 352.2 34.4 26.0
0.733333 2 279.2 349.9 34.5 26.2
0.766667 2 279.2 347.7 34.5 26.2
0.800000 2 279.2 346.7 34.4 26.1
0.833333 2 279.2 343.5 34.4 26.2
0.866667 2 279.3 341.2 34.2 26.0
0.900000 2 279.4 339.3 34.1 26.0
0.933333 2 279.7 337.0 34.0 25.9
0.966667 2 280.5 335.3 32.9 24.9
1.000000 2 280.6 333.0 33.1 25.0
1.033333 2 280.7 331.5 33.8 25.6
1.066667 2 281.1 329.5 33.2 25.2
1.100000 2 282.1 327.4 33.2 25.1
1.133333 2 282.8 325.1 32.5 24.4
1.166667 2 282.8 322.1 33.6 25.4
1.200000 2 283.7 319.5 33.3 25.2
1.233333 2 284.8 317.1 32.5 24.5
1.266667 2 284.7 315.6 33.3 25.2
1.300000 2 285.7 311.4 33.8 25.7
1.333333 2 286.9 308.8 33.5 25.3
1.366667 2 287.8 306.2 33.0 24.9
1.400000 2 288.7 305.3 32.5 24.4
1.433333 2 289.8 302.5 32.4 24.4
1.466667 2 290.9 299.8 32.4 24.4
1.500000 2 291.9 296.7 33.3 25.2
1.533333 2 293.7 294.5 32.3 24.3
1.566667 2 294.9 292.1 32.1 24.1
1.600000 2 295.2 290.4 32.8 24.9
1.633333 2 296.8 288.4 32.0 24.0
1.666667 2 298.1 285.6 32.1 24.1
1.700000 2 299.1 283.1 32.2 24.2
1.733333 2 299.9 280.1 33.2 25.1
1.766667 2 301.0 277.5 33.2 25.2
1.800000 2 302.0 275.0 33.1 25.1
1.833333 2 303.0 272.7 32.5 24.5
1.866667 2 302.8 269.9 33.3 25.2
1.900000 2 303.9 267.7 32.1 24.2
1.933333 2 304.0 265.5 32.1 24.1
1.966667 2 304.1 262.8 32.3 24.3
2.000000 2 304.0 261.4 32.4 24.3
2.033333 2 303.8 258.9 32.1 24.2
2.066667 2 303.1 256.5 32.1 24.1
2.100000 2 301.9 253.5 33.1 25.1
2.133333 2 302.0 252.8 31.8 23.9
2.166667 2 300.9 250.4 31.9 24.0
2.200000 2 299.8 247.6 32.0 24.0
2.233333 2 298.0 244.9 31.9 24.0
2.266667 2 295.8 242.1 33.3 25.2
2.300000 2 294.9 241.0 33.3 25.2
2.333333 2 293.7 239.2 32.2 24.2
2.366667 2 291.9 236.9 32.1 24.1
2.400000 2 290.0 234.7 32.0 24.1
2.433333 2 287.9 232.9 32.0 24.1
2.466667 2 286.0 230.6 32.0 24.0
2.500000 2 284.0 228.4 32.0 24.0
2.533333 2 282.0 226.2 32.6 24.5
2.566667 2 280.0 224.0 33.1 25.0
2.600000 2 278.9 222.5 32.5 24.6
2.633333 2 277.7 220.7 32.3 24.4
2.666667 2 276.9 219.7 32.9 24.9
2.700000 2 275.8 218.3 33.0 25.1
2.733333 2 274.8 216.9 33.4 25.3
2.766667 2 274.6 216.3 32.5 24.6
2.800000 2 273.8 214.8 33.4 25.3
2.833333 2 273.8 214.5 32.4 24.5
2.866667 2 273.8 214.4 32.4 24.4
2.900000 2 273.9 214.1 32.4 24.4
2.933333 2 273.9 213.8 32.5 24.6
2.966667 2 274.4 213.5 32.6 24.7
3.000000 2 274.9 213.2 33.4 25.4
3.033333 2 275.9 213.8 32.6 24.6
3.066667 2 276.8 214.1 32.4 24.4
3.100000 2 277.3 214.1 32.9 24.8
3.133333 2 278.1 214.5 33.1 25.1
3.166667 2 279.1 215.2 33.0 25.0
3.200000 2 280.0 215.8 33.2 25.1
3.233333 2 280.7 216.5 33.2 25.2
3.266667 2 281.7 217.3 32.5 24.5
3.300000 2 282.7 217.9 32.6 24.6
3.333333 2 284.1 218.7 33.1 25.1
3.366667 2 285.1 219.7 33.1 25.1
3.400000 2 285.9 220.2 33.4 25.5
3.433333 2 286.9 221.0 33.4 25.3
3.466667 2 287.8 221.8 32.5 24.5
3.500000 2 288.9 223.0 33.3 25.2
3.533333 2 290.3 224.0 32.9 24.8
3.566667 2 291.8 225.4 32.3 24.3
3.600000 2 291.9 225.3 32.7 24.7
3.633333 2 293.0 226.4 33.2 25.1
3.666667 2 294.0 227.7 33.1 25.0
3.700000 2 296.7 229.6 32.4 24.5
3.733333 2 297.9 230.4 32.9 24.9
3.766667 2 299.1 231.5 33.0 25.0
3.800000 2 300.9 232.9 32.5 24.5
3.833333 2 302.3 233.9 32.7 24.6
3.866667 2 302.9 234.4 32.5 24.5
3.900000 2 305.0 236.1 32.7 24.7
3.933333 2 305.9 236.4 32.3 24.3
3.966667 2 307.8 237.7 32.3 24.4
4.000000 2 309.3 238.6 32.5 24.6
4.033333 2 311.1 239.7 32.2 24.3
4.066667 2 312.1 240.7 32.2 24.3
4.100000 2 313.2 242.1 32.0 24.1
4.133333 2 315.2 243.6 32.0 24.0
4.166667 2 315.2 244.5 32.0 24.1
4.200000 2 317.0 245.5 32.0 24.0
4.233333 2 317.8 246.6 31.9 24.0
4.266667 2 319.2 247.9 31.9 24.1
4.300000 2 319.8 249.5 32.0 24.1
4.333333 2 321.0 250.7 31.9 24.0
4.366667 2 321.6 252.0 32.2 24.3
4.400000 2 322.1 252.9 32.6 24.6
4.433333 2 322.8 254.6 31.9 24.0
4.466667 2 323.7 255.5 32.2 24.2
4.500000 2 323.7 257.2 32.2 24.3
4.533333 2 323.7 258.1 32.2 24.3
4.566667 2 323.8 258.8 32.2 24.4
4.600000 2 323.9 259.7 32.3 24.5
4.633333 2 323.9 260.7 32.3 24.5
4.666667 2 323.9 261.7 32.2 24.4
4.700000 2 323.8 262.8 32.2 24.4
4.733333 2 323.0 263.5 33.0 25.1
4.766667 2 322.2 264.7 32.9 24.9
4.800000 2 321.3 265.9 32.6 24.7
4.833333 2 320.8 267.0 32.3 24.4
4.866667 2 319.3 268.0 32.4 24.5
4.900000 2 318.8 269.0 31.9 24.1
4.933333 2 318.7 269.2 31.9 24.0
4.966667 2 316.8 270.2 31.8 23.9
5.000000 2 314.8 271.2 31.9 24.0
5.033333 2 313.9 272.3 31.9 24.0
5.066667 2 312.2 273.1 31.9 24.0
5.100000 2 311.1 274.0 31.9 24.0
5.133333 2 311.0 274.1 31.9 24.1
5.166667 2 310.1 274.2 32.1 24.2
5.200000 2 309.3 274.7 32.5 24.6
5.233333 2 309.0 275.2 32.0 24.1
5.266667 2 308.7 275.6 32.1 24.3
5.300000 2 308.7 275.6 32.1 24.3
5.333333 2 308.7 276.2 32.2 24.2
5.366667 2 308.7 276.6 32.1 24.3
5.400000 2 308.9 277.6 32.0 24.1
5.433333 2 309.0 278.0 32.0 24.2
5.466667 2 309.1 278.2 32.2 24.3
5.500000 2 309.7 279.0 32.0 24.2
5.533333 2 310.1 279.6 32.2 24.3
5.566667 2 310.8 280.5 31.9 24.0
5.600000 2 311.1 281.1 32.2 24.2
5.633333 2 311.8 281.9 32.0 24.2
5.666667 2 312.1 282.4 32.4 24.4
5.700000 2 312.9 283.4 31.9 23.9
5.733333 2 313.1 283.9 32.4 24.5
5.766667 2 313.3 284.5 32.6 24.7
5.800000 2 314.1 285.6 31.9 23.9
5.833333 2 314.1 285.6 32.5 24.5
5.866667 2 314.9 286.6 31.9 24.0
5.900000 2 315.1 286.8 32.0 24.1
5.933333 2 315.1 287.4 32.0 24.0
5.966667 2 315.0 287.3 32.8 24.7
6.000000 2 315.5 288.0 32.3 24.3
6.033333 2 316.1 288.1 32.1 24.1
6.066667 2 316.0 288.3 32.8 24.8
6.100000 2 316.5 288.7 32.4 24.5
6.133333 2 317.0 289.2 32.0 24.0
6.166667 2 317.7 289.4 32.1 24.2
6.200000 2 317.7 289.5 32.2 24.3
6.233333 2 318.0 289.9 32.0 24.2
6.266667 2 318.6 290.4 32.2 24.2
6.300000 2 319.0 291.0 32.0 24.1
6.333333 2 319.4 291.4 32.4 24.4
6.366667 2 320.0 291.8 32.5 24.5
6.400000 2 320.8 292.7 32.0 24.2
6.433333 2 321.4 293.0 32.5 24.5
6.466667 2 322.0 293.5 32.7 24.8
6.500000 2 322.2 293.6 32.7 24.8
6.533333 2 323.4 294.2 32.4 24.4
6.566667 2 324.8 295.1 32.0 24.2
6.600000 2 325.7 295.5 32.1 24.2
6.633333 2 326.9 296.2 31.8 24.0
6.666667 2 328.1 296.5 32.1 24.3
6.700000 2 329.2 296.8 32.6 24.7
6.733333 2 330.8 297.4 31.9 24.0
6.766667 2 332.2 297.4 32.6 24.7
6.800000 2 333.7 297.9 32.1 24.3
6.833333 2 335.2 298.1 32.3 24.4
6.866667 2 337.2 298.4 31.8 24.0
6.900000 2 338.8 298.5 32.0 24.1
6.933333 2 339.2 298.3 32.5 24.5
6.966667 2 342.2 298.6 31.7 23.9
7.000000 2 342.8 298.4 31.9 24.1
7.033333 2 344.2 298.1 32.1 24.2
7.066667 2 345.3 297.2 32.5 24.6
7.100000 2 346.8 296.7 32.0 24.3
7.133333 2 348.1 296.5 31.8 24.0
7.166667 2 349.1 295.6 31.8 24.0
7.200000 2 350.2 294.8 31.8 24.1
7.233333 2 350.4 293.8 32.4 24.5
7.266667 2 351.2 293.0 31.9 24.1
7.300000 2 351.2 292.0 32.5 24.6
7.333333 2 351.2 291.0 32.6 24.6
7.366667 2 351.2 290.0 32.6 24.6
7.400000 2 351.2 289.4 32.6 24.8
7.433333 2 351.2 288.3 31.5 23.7
7.466667 2 350.3 286.7 31.8 24.1
7.500000 2 349.2 285.2 32.4 24.5
7.533333 2 348.2 284.0 32.3 24.4
7.566667 2 347.2 282.9 31.6 24.0
7.600000 2 345.9 282.0 31.7 24.0
7.633333 2 344.2 281.1 31.5 23.8
7.666667 2 342.4 279.9 31.7 24.0
7.700000 2 340.4 279.3 31.6 23.8
7.733333 2 338.3 279.0 31.4 23.7
7.766667 2 337.4 278.8 31.3 23.4
7.800000 2 335.1 278.3 31.4 23.6
7.833333 2 332.4 277.6 31.5 23.7
7.866667 2 330.3 277.3 31.2 23.4
7.900000 2 327.4 276.3 32.2 24.3
7.933333 2 325.4 275.9 31.6 23.9
7.966667 2 323.3 275.6 31.2 23.5
8.000000 2 320.9 274.9 31.5 23.7
8.033333 2 318.7 274.2 31.7 23.8
8.066667 2 316.7 273.5 31.7 23.8
8.100000 2 315.2 273.1 31.2 23.4
8.133333 2 313.3 272.5 31.5 23.7
8.166667 2 312.5 271.9 31.7 23.9
8.200000 2 311.1 271.5 31.5 23.7
8.233333 2 309.5 271.0 31.6 23.9
8.266667 2 308.3 270.5 31.5 23.7
8.300000 2 307.1 270.0 31.3 23.5
8.333333 2 305.7 269.7 31.8 23.9
8.366667 2 304.5 269.4 31.9 24.0
8.400000 2 304.2 269.2 31.5 23.8
8.433333 2 303.2 269.2 31.5 23.7
8.466667 2 302.1 269.2 31.5 23.8
8.500000 2 301.1 269.2 31.5 23.8
8.533333 2 300.0 269.4 31.7 23.9
8.566667 2 299.1 269.7 31.6 23.8
8.600000 2 298.5 270.2 31.5 23.6
8.633333 2 297.1 271.2 31.3 23.5
8.666667 2 296.3 271.3 31.7 23.9
8.700000 2 295.2 272.3 31.6 23.9
8.733333 2 294.2 273.2 31.4 23.7
8.766667 2 292.9 274.3 31.7 24.0
8.800000 2 291.9 275.4 31.7 23.9
8.833333 2 291.1 276.3 31.6 23.9
8.866667 2 290.0 277.5 31.7 23.9
8.900000 2 288.4 279.0 31.9 24.0
8.933333 2 287.0 280.9 31.5 23.7
8.966667 2 285.5 282.3 32.1 24.2
9.000000 2 284.3 284.1 31.7 23.9
9.033333 2 283.1 285.8 31.6 23.9
9.066667 2 282.0 287.5 31.7 24.0
9.100000 2 280.7 289.1 31.9 24.0
9.133333 2 279.3 290.5 32.1 24.2
9.166667 2 278.2 292.3 31.9 24.0
9.200000 2 277.1 293.5 32.0 24.1
9.233333 2 276.7 294.3 32.0 24.2
9.266667 2 275.7 295.5 32.1 24.2
9.300000 2 274.9 297.1 31.9 24.0
9.333333 2 273.8 298.5 32.0 24.1
9.366667 2 273.1 299.8 31.8 24.0
9.400000 2 272.0 301.3 32.0 24.2
9.433333 2 271.1 302.5 32.4 24.3
9.466667 2 270.1 303.6 32.6 24.6
9.500000 2 269.6 304.8 32.2 24.2
9.533333 2 269.0 306.2 32.0 24.0
9.566667 2 268.1 307.2 32.1 24.1
9.600000 2 267.1 307.5 32.7 24.6
9.633333 2 266.9 308.6 32.0 24.1
9.666667 2 266.6 308.8 32.2 24.2
9.700000 2 266.1 309.3 32.6 24.4
9.733333 2 265.8 309.4 32.2 24.3
9.766667 2 265.3 309.7 32.7 24.6
9.800000 2 265.0 309.6 32.9 24.8
9.833333 2 265.0 310.0 31.9 23.9
9.866667 2 265.0 310.0 31.9 23.9
9.900000 2 265.0 309.9 31.9 23.9
9.933333 2 264.9 309.7 32.1 24.1
9.966667 2 264.9 309.4 32.2 24.2
10.000000 2 264.9 309.2 32.2 24.2
10.033333 2 265.0 309.0 32.0 24.0
10.066667 2 265.0 309.0 32.0 24.0
