0.000000 2 463.0 348.0 33.0 21.0
0.033333 2 463.0 348.0 33.0 21.0
0.066667 2 462.9 348.3 33.6 21.4
0.100000 2 463.7 349.0 33.1 21.2
0.133333 2 463.7 349.0 33.1 21.2
0.166667 2 463.7 349.4 33.2 21.2
0.200000 2 463.9 349.5 33.5 21.4
0.233333 2 463.9 349.5 33.5 21.4
0.266667 2 464.1 349.8 33.6 21.5
0.300000 2 464.4 349.9 33.3 21.3
0.333333 2 464.4 349.9 33.3 21.3
0.366667 2 464.6 349.5 33.4 21.5
0.400000 2 464.9 349.2 32.9 21.1
0.433333 2 464.9 349.2 32.9 21.1
0.466667 2 464.8 348.4 33.2 21.3
0.500000 2 464.9 347.4 33.0 21.0
0.533333 2 464.9 347.4 33.0 21.0
0.566667 2 464.8 346.8 33.2 21.3
0.600000 2 464.7 345.4 33.3 21.4
0.633333 2 464.7 345.4 33.3 21.4
0.666667 2 464.7 344.4 33.3 21.4
0.700000 2 464.3 343.4 33.7 21.6
0.733333 2 464.3 343.4 33.7 21.6
0.766667 2 464.3 343.1 33.4 21.4
0.800000 2 464.1 342.1 33.6 21.5
0.833333 2 464.1 342.1 33.6 21.5
0.866667 2 464.1 341.7 33.7 21.5
0.900000 2 464.1 341.1 33.6 21.5
0.933333 2 464.1 341.1 33.6 21.5
0.966667 2 464.2 340.4 33.7 21.6
1.000000 2 464.8 340.1 33.0 21.1
1.033333 2 464.8 340.1 33.0 21.1
1.066667 2 464.9 339.6 33.5 21.5
1.100000 2 465.6 339.4 33.3 21.3
1.133333 2 465.6 339.4 33.3 21.3
1.166667 2 466.2 339.3 33.6 21.4
1.200000 2 467.5 339.1 33.3 21.4
1.233333 2 467.5 339.0 33.3 21.4
1.266667 2 467.9 338.8 33.5 21.3
1.300000 2 470.4 337.8 33.5 21.3
1.333333 2 470.4 337.8 33.4 21.3
1.366667 2 471.2 337.5 33.6 21.5
1.400000 2 474.9 336.1 33.2 21.4
1.433333 2 474.9 336.1 33.2 21.4
1.466667 2 475.9 335.6 33.6 21.4
1.500000 2 480.8 333.9 33.1 21.1
1.533333 2 480.8 333.9 33.0 21.1
1.566667 2 483.2 332.7 33.7 21.5
1.600000 2 487.7 331.3 33.1 21.2
1.633333 2 487.7 331.3 33.1 21.2
1.666667 2 490.7 330.3 33.2 21.2
1.700000 2 495.2 328.8 33.7 21.7
1.733333 2 495.2 328.8 33.7 21.6
1.766667 2 498.6 328.4 33.3 21.2
1.800000 2 503.2 327.3 33.6 21.5
1.833333 2 503.2 327.3 33.6 21.5
1.866667 2 506.8 326.7 33.3 21.2
1.900000 2 511.5 326.2 33.5 21.4
1.933333 2 511.5 326.2 33.5 21.4
1.966667 2 514.8 325.9 33.3 21.5
2.000000 2 519.4 325.9 33.6 21.7
2.033333 2 519.3 325.9 33.6 21.7
2.066667 2 522.8 326.5 33.2 21.2
2.100000 2 526.9 326.7 33.3 21.3
2.133333 2 526.9 326.7 33.3 21.3
2.166667 2 529.7 326.9 33.3 21.4
2.200000 2 533.1 327.6 33.7 21.5
2.233333 2 533.1 327.6 33.8 21.5
2.266667 2 534.0 328.1 33.9 21.7
2.300000 2 536.9 329.0 34.0 21.9
2.333333 2 536.9 329.0 34.0 21.9
2.366667 2 538.9 329.6 33.6 21.4
2.400000 2 540.9 330.4 33.8 21.6
2.433333 2 540.9 330.4 33.8 21.6
2.466667 2 542.1 331.5 33.8 21.5
2.500000 2 543.8 332.9 33.2 21.3
2.533333 2 543.8 332.9 33.2 21.3
2.566667 2 544.6 334.0 33.3 21.4
2.600000 2 545.9 335.4 33.3 21.2
2.633333 2 545.9 335.4 33.3 21.3
2.666667 2 546.4 336.0 33.5 21.5
2.700000 2 547.1 337.4 33.7 21.4
2.733333 2 547.1 337.4 33.7 21.4
2.766667 2 547.9 338.5 33.2 21.1
2.800000 2 548.5 339.5 33.4 21.4
2.833333 2 548.5 339.5 33.4 21.4
2.866667 2 549.0 340.5 33.6 21.4
2.900000 2 549.9 341.9 33.2 21.4
2.933333 2 549.9 341.9 33.3 21.4
2.966667 2 550.2 342.7 33.6 21.4
3.000000 2 550.9 343.9 33.3 21.5
3.033333 2 550.9 343.9 33.3 21.5
3.066667 2 551.3 344.7 33.5 21.3
3.100000 2 551.9 345.9 33.1 21.1
3.133333 2 551.9 345.9 33.1 21.1
3.166667 2 552.2 346.8 33.6 21.5
3.200000 2 552.8 347.9 32.9 21.0
3.233333 2 552.8 347.9 33.0 21.0
3.266667 2 552.9 347.8 33.4 21.7
3.300000 2 553.0 348.7 33.6 21.5
3.333333 2 553.0 348.7 33.6 21.5
3.366667 2 553.3 348.8 33.5 21.7
3.400000 2 553.9 349.3 33.3 21.4
3.433333 2 553.9 349.3 33.3 21.4
3.466667 2 553.9 349.3 33.4 21.4
3.500000 2 553.9 349.2 33.8 21.7
3.533333 2 553.9 349.2 33.8 21.7
3.566667 2 554.2 348.8 33.7 21.9
3.600000 2 554.1 348.0 33.7 21.7
3.633333 2 554.1 348.0 33.7 21.7
3.666667 2 554.1 347.7 33.7 21.7
3.700000 2 554.2 346.7 33.7 21.7
3.733333 2 554.2 346.7 33.7 21.7
3.766667 2 554.2 346.3 33.7 21.5
3.800000 2 554.3 345.5 33.5 21.4
3.833333 2 554.3 345.5 33.5 21.4
3.866667 2 554.3 345.2 33.6 21.5
3.900000 2 554.6 344.5 33.3 21.3
3.933333 2 554.6 344.5 33.3 21.3
3.966667 2 554.7 344.4 33.1 21.1
4.000000 2 554.8 344.0 33.0 21.1
4.033333 2 554.8 344.0 33.0 21.1
4.066667 2 554.9 343.9 33.2 21.3
4.100000 2 555.0 343.9 33.2 21.2
4.133333 2 554.9 343.8 33.2 21.3
4.166667 2 555.0 343.9 33.2 21.2
4.200000 2 554.9 343.9 33.4 21.6
4.233333 2 554.9 343.9 33.3 21.6
4.266667 2 555.0 344.6 33.1 21.1
4.300000 2 555.0 344.9 33.0 21.0
4.333333 2 555.0 344.9 33.0 21.0
4.366667 2 554.8 345.2 33.0 21.2
4.400000 2 554.6 345.5 33.3 21.2
4.433333 2 554.6 345.5 33.2 21.2
4.466667 2 554.4 345.8 33.3 21.2
4.500000 2 553.5 346.0 33.3 21.4
4.533333 2 553.5 346.0 33.3 21.4
4.566667 2 553.5 346.4 33.2 21.2
4.600000 2 552.9 346.8 33.0 21.1
4.633333 2 552.9 346.8 33.0 21.1
4.666667 2 552.0 346.9 33.5 21.6
4.700000 2 551.1 347.5 33.5 21.3
4.733333 2 551.1 347.5 33.5 21.3
4.766667 2 550.5 348.1 33.2 21.3
4.800000 2 549.5 348.9 33.2 21.2
4.833333 2 549.5 348.9 33.2 21.2
4.866667 2 549.0 349.1 32.8 21.1
4.900000 2 547.5 349.5 33.3 21.3
4.933333 2 547.5 349.5 33.2 21.2
4.966667 2 546.6 349.8 33.1 21.2
5.000000 2 545.1 350.3 32.8 21.0
5.033333 2 545.1 350.3 32.8 21.0
5.066667 2 544.3 350.5 33.3 21.2
5.100000 2 543.0 350.7 32.8 21.0
5.133333 2 543.0 350.7 32.8 21.0
5.166667 2 542.1 350.5 32.8 20.9
5.200000 2 540.4 350.0 33.2 21.4
5.233333 2 540.4 350.0 33.2 21.4
5.266667 2 539.4 349.9 33.1 21.1
5.300000 2 538.1 349.1 32.9 21.2
5.333333 2 538.1 349.1 32.9 21.2
5.366667 2 537.1 349.0 32.8 20.8
5.400000 2 535.5 347.6 33.2 21.2
5.433333 2 535.5 347.6 33.2 21.2
5.466667 2 535.1 347.1 33.0 21.3
5.500000 2 533.1 345.7 33.1 21.1
5.533333 2 533.1 345.7 33.1 21.1
5.566667 2 532.3 344.8 33.3 21.2
5.600000 2 531.1 343.4 33.1 21.2
5.633333 2 531.1 343.4 33.1 21.2
5.666667 2 530.6 343.1 33.0 21.3
5.700000 2 529.7 342.0 33.0 21.1
5.733333 2 529.7 342.0 33.0 21.1
5.766667 2 529.0 341.6 32.7 20.8
5.800000 2 528.1 340.4 33.0 21.1
5.833333 2 528.0 340.3 33.0 21.2
5.866667 2 527.3 339.5 33.4 21.3
5.900000 2 526.8 338.7 33.0 21.2
5.933333 2 526.8 338.6 33.0 21.2
5.966667 2 526.1 338.1 32.8 21.1
6.000000 2 525.1 336.9 33.3 21.5
6.033333 2 525.1 336.9 33.3 21.5
6.066667 2 525.1 336.9 32.9 21.0
6.100000 2 524.1 335.8 33.5 21.7
6.133333 2 524.1 335.8 33.5 21.7
6.166667 2 523.7 335.4 33.0 21.1
6.200000 2 523.1 334.7 33.0 21.0
6.233333 2 523.1 334.7 33.0 21.0
6.266667 2 522.9 334.5 32.7 20.8
6.300000 2 522.1 333.6 33.4 21.3
6.333333 2 522.1 333.6 33.3 21.3
6.366667 2 522.0 333.3 32.6 20.8
6.400000 2 520.6 331.7 33.1 21.3
6.433333 2 520.6 331.7 33.1 21.3
6.466667 2 520.3 331.7 33.3 21.3
6.500000 2 520.1 331.0 33.3 21.5
6.533333 2 520.1 331.0 33.3 21.5
6.566667 2 520.1 331.1 33.2 21.4
6.600000 2 520.1 331.2 33.0 21.2
6.633333 2 520.1 331.2 33.0 21.2
6.666667 2 520.1 331.2 33.0 21.2
6.700000 2 520.0 331.6 33.0 21.2
6.733333 2 520.0 331.6 33.0 21.2
6.766667 2 520.2 332.1 32.7 20.8
6.800000 2 520.0 332.7 33.0 21.2
6.833333 2 520.0 332.7 33.0 21.2
6.866667 2 520.1 332.8 33.0 21.1
6.900000 2 520.0 334.0 32.7 21.0
6.933333 2 520.0 334.0 32.7 21.0
6.966667 2 520.0 334.6 33.0 21.3
7.000000 2 520.0 336.1 32.6 20.9
7.033333 2 520.0 336.1 32.6 20.9
7.066667 2 519.9 337.0 32.8 21.1
7.100000 2 519.2 338.4 33.2 21.1
7.133333 2 519.2 338.4 33.2 21.1
7.166667 2 519.0 339.5 33.0 21.2
7.200000 2 518.1 341.5 33.2 21.3
7.233333 2 518.1 341.5 33.2 21.3
7.266667 2 517.5 342.5 33.3 21.4
7.300000 2 516.2 344.8 33.1 21.2
7.333333 2 516.2 344.8 33.0 21.1
7.366667 2 515.2 346.0 33.3 21.4
7.400000 2 514.2 348.4 32.6 20.8
7.433333 2 514.2 348.4 32.6 20.8
7.466667 2 513.0 349.5 32.9 21.2
7.500000 2 511.2 351.2 32.6 20.8
7.533333 2 511.2 351.2 32.6 20.8
7.566667 2 510.0 351.5 33.2 21.4
7.600000 2 508.2 353.3 32.5 20.7
7.633333 2 508.2 353.3 32.5 20.7
7.666667 2 507.0 353.4 32.9 21.1
7.700000 2 504.5 354.3 33.0 21.0
7.733333 2 504.5 354.3 33.0 21.0
7.766667 2 503.8 354.3 33.1 21.4
7.800000 2 501.0 355.4 32.8 21.0
7.833333 2 501.0 355.4 32.7 21.0
7.866667 2 500.1 355.2 33.2 21.2
7.900000 2 498.1 355.2 33.1 21.2
7.933333 2 498.1 355.2 33.1 21.2
7.966667 2 496.6 354.6 33.3 21.5
8.000000 2 494.5 353.4 33.5 21.6
8.033333 2 494.5 353.4 33.5 21.6
8.066667 2 493.3 352.3 33.4 21.3
8.100000 2 490.8 349.4 32.9 21.1
8.133333 2 490.8 349.4 32.9 21.1
8.166667 2 489.4 347.3 33.4 21.4
8.200000 2 487.4 344.3 33.4 21.3
8.233333 2 487.4 344.3 33.4 21.3
8.266667 2 486.4 342.0 33.2 21.2
8.300000 2 484.4 338.3 33.4 21.3
8.333333 2 484.4 338.3 33.4 21.3
8.366667 2 483.4 335.2 33.4 21.3
8.400000 2 481.8 331.3 32.9 21.0
8.433333 2 481.8 331.3 32.9 21.0
8.466667 2 480.4 328.2 33.5 21.6
8.500000 2 479.1 324.4 32.8 21.0
8.533333 2 479.2 324.4 32.7 20.8
8.566667 2 478.5 322.6 33.4 21.6
8.600000 2 476.9 318.5 33.4 21.5
8.633333 2 476.9 318.5 33.4 21.5
8.666667 2 475.8 316.3 33.1 21.4
8.700000 2 474.2 312.4 33.7 21.8
8.733333 2 474.2 312.4 33.7 21.8
8.766667 2 473.7 310.3 33.2 21.5
8.800000 2 472.0 307.3 33.6 21.6
8.833333 2 472.0 307.3 33.6 21.6
8.866667 2 471.1 305.3 33.4 21.3
8.900000 2 470.1 302.7 33.4 21.4
8.933333 2 470.1 302.7 33.4 21.4
8.966667 2 469.2 301.8 33.4 21.4
9.000000 2 468.1 299.8 33.3 21.3
9.033333 2 468.1 299.8 33.3 21.3
9.066667 2 468.1 298.9 32.9 21.2
9.100000 2 466.9 297.5 33.1 21.5
9.133333 2 466.9 297.5 33.1 21.5
9.166667 2 466.3 297.2 33.2 21.2
9.200000 2 465.1 296.3 32.6 20.8
9.233333 2 465.1 296.3 32.6 20.8
9.266667 2 464.8 296.2 32.9 21.0
9.300000 2 463.4 296.1 33.2 21.1
9.333333 2 463.4 296.1 33.2 21.1
9.366667 2 463.3 296.1 33.2 21.2
9.400000 2 462.0 296.4 33.5 21.6
9.433333 2 462.0 296.4 33.5 21.6
9.466667 2 462.2 297.3 32.5 20.7
9.500000 2 461.1 297.6 33.4 21.5
9.533333 2 461.1 297.6 33.4 21.5
9.566667 2 460.9 298.3 32.7 21.0
9.600000 2 459.9 299.7 32.9 21.3
9.633333 2 459.9 299.7 32.9 21.3
9.666667 2 460.1 300.4 32.5 20.8
9.700000 2 459.1 301.6 33.3 21.5
9.733333 2 459.1 301.6 33.3 21.5
9.766667 2 459.3 303.2 32.5 20.8
9.800000 2 458.4 304.8 33.2 21.4
9.833333 2 458.4 304.8 33.2 21.4
9.866667 2 458.4 306.4 32.7 20.8
9.900000 2 458.2 308.4 32.4 20.8
9.933333 2 458.2 308.4 32.4 20.8
9.966667 2 457.8 309.3 32.7 21.0
10.000000 2 457.2 311.8 33.1 21.3
10.033333 2 457.2 311.8 33.1 21.3
