0.000000 2 408.4 189.0 18.0 12.8
0.033333 2 404.4 187.7 22.8 16.6
0.066667 2 401.7 187.9 24.5 17.8
0.100000 2 400.7 189.3 22.2 16.5
0.133333 2 399.6 191.4 19.2 13.8
0.166667 2 395.2 190.7 23.2 16.7
0.200000 2 391.1 190.6 25.9 18.7
0.233333 2 393.2 193.6 18.3 13.3
0.266667 2 390.3 194.7 17.9 13.2
0.300000 2 386.6 195.5 19.0 13.7
0.333333 2 383.4 194.0 22.0 17.3
0.366667 2 378.2 194.7 25.9 18.4
0.400000 2 379.1 197.2 19.9 14.6
0.433333 2 374.2 197.7 22.0 15.9
0.466667 2 372.9 198.9 20.5 14.7
0.500000 2 365.9 197.4 26.3 20.5
0.533333 2 365.4 199.8 22.8 16.5
0.566667 2 362.3 202.1 19.8 14.7
0.600000 2 357.0 200.4 26.4 19.3
0.633333 2 355.3 204.2 19.9 14.5
0.666667 2 348.3 203.5 24.1 18.8
0.700000 2 346.0 204.7 23.9 17.8
0.733333 2 341.4 206.5 22.4 17.0
0.766667 2 337.5 209.1 19.4 14.5
0.800000 2 330.7 210.0 22.4 16.1
0.833333 2 327.1 209.7 24.1 18.1
0.866667 2 323.7 213.5 18.7 13.7
0.900000 2 320.7 213.9 19.0 14.5
0.933333 2 312.7 213.4 23.3 18.7
0.966667 2 308.8 217.1 18.9 14.6
1.000000 2 305.6 218.4 19.1 14.2
1.033333 2 298.0 219.2 22.0 15.7
1.066667 2 291.2 219.8 22.5 17.8
1.100000 2 288.0 220.8 22.6 17.8
1.133333 2 281.9 223.5 21.7 16.4
1.166667 2 279.7 225.1 19.1 14.8
1.200000 2 272.8 227.3 19.9 14.3
1.233333 2 270.1 228.2 18.6 14.1
1.266667 2 262.2 229.6 21.3 15.2
1.300000 2 254.9 229.6 23.0 18.4
1.333333 2 253.2 231.9 20.2 15.4
1.366667 2 246.1 233.4 21.9 16.4
1.400000 2 239.9 235.2 21.9 16.3
1.433333 2 233.3 236.5 23.4 16.6
1.466667 2 229.5 239.5 19.2 13.9
1.500000 2 226.4 239.8 19.6 14.6
1.533333 2 220.3 241.0 21.1 15.4
1.566667 2 218.8 242.7 18.5 13.3
1.600000 2 213.5 243.8 19.1 13.6
1.633333 2 210.7 243.9 19.8 14.5
1.666667 2 206.9 246.0 18.2 12.9
1.700000 2 202.2 244.5 23.5 17.0
1.733333 2 199.6 246.8 20.4 14.7
1.766667 2 197.0 246.6 21.8 16.3
1.800000 2 192.7 246.2 23.3 18.9
1.833333 2 190.0 248.0 22.4 17.4
1.866667 2 190.5 250.8 18.1 13.0
1.900000 2 187.8 251.4 18.6 13.9
1.933333 2 184.7 249.9 22.9 18.1
1.966667 2 182.7 250.9 22.9 18.0
2.000000 2 182.3 253.3 20.7 15.7
2.033333 2 180.8 253.0 22.5 17.2
2.066667 2 178.0 251.9 26.5 21.6
2.100000 2 180.6 256.3 20.6 14.6
2.133333 2 177.9 254.2 24.8 20.6
2.166667 2 178.4 256.7 23.5 18.5
2.200000 2 180.0 259.6 20.1 15.2
2.233333 2 180.0 260.5 20.3 16.0
2.266667 2 179.7 260.5 21.1 17.1
2.300000 2 178.2 259.4 24.6 20.4
2.333333 2 178.5 260.2 25.5 21.0
2.366667 2 181.6 263.9 19.3 14.9
2.400000 2 182.5 265.1 19.3 14.4
2.433333 2 180.4 262.2 25.7 21.1
2.466667 2 182.5 264.1 22.5 17.7
2.500000 2 185.1 266.0 19.2 14.3
2.533333 2 185.9 265.5 19.0 15.2
2.566667 2 185.9 264.3 21.6 17.3
2.600000 2 185.1 261.9 25.0 21.4
2.633333 2 189.7 265.2 18.3 14.2
2.666667 2 192.2 263.9 18.2 14.9
2.700000 2 193.2 262.8 19.7 16.5
2.733333 2 192.4 260.2 24.8 20.9
2.766667 2 193.3 260.1 24.6 21.1
2.800000 2 198.1 263.6 18.1 15.3
2.833333 2 199.6 264.5 18.6 15.4
2.866667 2 197.4 262.2 25.0 20.8
2.900000 2 202.0 266.5 18.9 15.4
2.933333 2 201.3 265.2 22.2 19.1
2.966667 2 202.1 265.7 24.2 21.5
3.000000 2 202.8 266.8 24.5 21.4
3.033333 2 204.3 269.0 25.2 21.1
3.066667 2 205.5 270.3 24.6 20.6
3.100000 2 208.5 273.1 21.9 18.9
3.133333 2 211.8 276.2 18.7 15.8
3.166667 2 213.9 277.7 18.1 15.2
3.200000 2 211.5 274.7 25.2 21.8
3.233333 2 216.6 278.7 18.6 14.9
3.266667 2 217.1 279.0 19.5 15.0
3.300000 2 219.0 278.8 19.1 15.3
3.333333 2 221.1 279.0 18.9 14.8
3.366667 2 222.3 279.0 18.6 14.4
3.400000 2 223.5 277.5 20.2 16.1
3.433333 2 224.7 277.3 19.9 15.6
3.466667 2 226.9 276.4 20.1 15.4
3.500000 2 227.9 275.9 19.4 15.1
3.533333 2 229.6 274.2 20.4 15.9
3.566667 2 231.9 274.0 18.2 14.7
3.600000 2 231.6 269.6 23.1 19.7
3.633333 2 233.2 267.6 24.0 20.4
3.666667 2 236.5 266.9 22.5 18.0
3.700000 2 237.5 266.0 22.5 17.9
3.733333 2 238.5 261.9 25.2 21.5
3.766667 2 241.2 262.1 21.9 18.6
3.800000 2 245.1 261.7 18.2 15.1
3.833333 2 245.3 257.4 23.2 18.4
3.866667 2 247.9 254.3 22.4 19.1
3.900000 2 249.1 252.7 22.5 19.4
3.933333 2 251.1 249.7 23.0 19.5
3.966667 2 254.3 251.2 18.8 14.3
4.000000 2 256.7 247.2 18.8 15.7
4.033333 2 257.8 245.5 18.9 15.7
4.066667 2 260.4 242.5 19.1 15.3
4.100000 2 261.0 240.1 20.2 16.6
4.133333 2 263.0 236.4 21.1 17.3
4.166667 2 265.3 233.3 21.2 16.5
4.200000 2 267.1 231.1 20.0 16.7
4.233333 2 266.9 224.6 25.1 21.9
4.266667 2 268.0 223.4 25.8 20.8
4.300000 2 270.8 218.7 24.9 21.9
4.333333 2 273.4 215.4 24.7 20.4
4.366667 2 274.5 212.8 25.4 21.4
4.400000 2 279.4 211.4 20.0 16.1
4.433333 2 281.4 206.8 21.2 16.6
4.466667 2 280.1 201.4 26.4 22.5
4.500000 2 285.9 201.1 19.6 14.5
4.533333 2 285.9 196.8 22.3 18.2
4.566667 2 289.1 193.1 20.6 16.6
4.600000 2 290.5 192.0 20.7 14.7
4.633333 2 292.1 185.6 22.5 18.7
4.666667 2 293.8 181.0 24.6 19.7
4.700000 2 295.3 178.8 23.9 20.0
4.733333 2 299.4 177.9 21.1 15.2
4.766667 2 302.2 174.2 20.2 16.4
4.800000 2 301.3 171.0 24.9 19.9
4.833333 2 305.3 169.5 21.9 17.8
4.866667 2 307.6 168.3 22.8 16.4
4.900000 2 307.7 162.8 27.6 23.5
4.933333 2 311.6 165.6 22.4 17.0
4.966667 2 314.3 164.2 21.9 17.7
5.000000 2 314.4 162.5 24.1 20.1
5.033333 2 317.5 163.8 23.2 16.9
5.066667 2 318.6 162.6 23.3 18.8
5.100000 2 318.1 159.3 29.0 24.7
5.133333 2 319.9 159.2 29.7 24.9
5.166667 2 322.7 160.5 28.5 22.7
5.200000 2 324.0 160.8 27.7 22.1
5.233333 2 328.5 163.4 22.0 17.5
5.266667 2 330.6 163.7 21.3 17.0
5.300000 2 331.5 164.0 22.8 16.7
5.333333 2 332.8 163.7 21.5 17.0
5.366667 2 330.1 159.9 30.3 23.8
5.400000 2 332.6 160.8 26.3 21.4
5.433333 2 334.8 161.5 23.8 19.1
5.466667 2 332.3 157.9 30.1 25.4
5.500000 2 336.2 161.7 23.5 17.3
5.533333 2 337.6 160.5 22.0 17.5
5.566667 2 336.8 158.5 24.8 20.0
5.600000 2 337.8 159.2 22.6 18.1
5.633333 2 338.3 158.2 22.0 18.0
5.666667 2 337.5 157.1 23.8 19.8
5.700000 2 337.9 156.5 23.0 19.0
5.733333 2 335.4 153.5 28.2 24.1
5.766667 2 336.9 154.8 24.7 20.3
5.800000 2 337.1 155.4 24.0 18.1
5.833333 2 334.9 152.1 27.1 22.9
5.866667 2 337.0 154.5 22.2 17.7
5.900000 2 335.2 152.7 24.1 19.6
5.933333 2 335.5 154.0 23.1 16.7
5.966667 2 334.7 153.1 22.0 16.8
6.000000 2 334.0 152.1 22.3 17.8
6.033333 2 332.6 151.9 22.3 17.2
6.066667 2 330.0 149.2 24.8 20.7
6.100000 2 328.1 148.9 25.5 20.0
6.133333 2 326.9 148.6 26.3 20.0
6.166667 2 324.7 147.7 26.9 20.5
6.200000 2 323.7 147.0 27.0 21.2
6.233333 2 323.0 147.8 24.3 18.5
6.266667 2 319.8 145.5 28.6 22.4
6.300000 2 321.3 148.1 20.4 16.3
6.333333 2 319.3 146.8 22.2 18.3
6.366667 2 316.5 147.0 22.9 16.7
6.400000 2 312.3 143.4 26.3 22.4
6.433333 2 312.1 144.9 24.2 19.2
6.466667 2 310.5 145.4 21.4 17.4
6.500000 2 306.8 144.0 22.9 19.0
6.533333 2 305.4 145.0 23.4 17.0
6.566667 2 300.8 142.9 26.7 20.2
6.600000 2 300.0 142.3 24.8 20.9
6.633333 2 298.4 143.9 21.5 17.0
6.666667 2 296.9 143.9 21.4 16.7
6.700000 2 292.5 142.1 23.7 19.5
6.733333 2 289.9 142.8 22.4 17.4
6.766667 2 288.6 142.8 21.2 17.3
6.800000 2 283.9 141.6 23.8 18.7
6.833333 2 281.8 141.0 24.7 19.8
6.866667 2 279.6 141.6 21.3 17.7
6.900000 2 278.0 141.8 20.9 17.0
6.933333 2 272.3 140.1 25.4 19.8
6.966667 2 271.0 139.9 24.2 19.9
7.000000 2 267.2 139.2 24.3 20.6
7.033333 2 265.7 139.7 23.2 19.4
7.066667 2 262.8 140.6 21.0 17.2
7.100000 2 258.0 139.7 22.9 18.7
7.133333 2 253.8 137.0 27.6 23.2
7.166667 2 251.9 139.1 23.3 18.8
7.200000 2 250.0 139.1 22.9 18.6
7.233333 2 246.7 139.5 21.7 17.4
7.266667 2 244.1 138.8 23.0 18.5
7.300000 2 237.6 135.8 27.9 23.6
7.333333 2 237.8 137.9 23.2 19.1
7.366667 2 234.6 138.4 21.6 17.5
7.400000 2 229.2 134.3 28.7 24.6
7.433333 2 227.8 136.8 23.2 19.2
7.466667 2 226.4 137.2 21.9 17.9
7.500000 2 221.4 135.4 24.0 20.0
7.533333 2 217.9 135.6 22.9 18.9
7.566667 2 214.6 135.6 21.3 17.3
7.600000 2 212.4 135.3 21.6 17.7
7.633333 2 208.6 134.8 21.1 17.0
7.666667 2 205.0 132.7 24.4 20.4
7.700000 2 201.6 131.9 23.7 19.9
7.733333 2 197.8 131.2 23.4 19.4
7.766667 2 194.4 131.1 23.1 17.9
7.800000 2 193.2 130.6 22.0 17.8
7.833333 2 189.6 129.6 22.2 17.7
7.866667 2 187.3 129.6 19.7 15.5
7.900000 2 184.1 128.6 20.1 15.5
7.933333 2 179.8 124.9 25.3 21.3
7.966667 2 176.3 123.4 26.3 22.3
8.000000 2 175.9 125.0 21.1 16.9
8.033333 2 173.7 123.4 23.2 18.9
8.066667 2 169.8 121.0 25.5 21.2
8.100000 2 169.0 121.8 22.1 17.4
8.133333 2 168.3 121.6 21.5 17.0
8.166667 2 163.7 117.9 25.8 21.4
8.200000 2 164.8 119.7 21.3 16.9
8.233333 2 160.3 115.8 26.8 21.8
8.266667 2 161.7 117.7 21.8 16.9
8.300000 2 157.4 114.3 27.2 21.2
8.333333 2 156.0 113.1 26.3 20.9
8.366667 2 156.0 113.0 24.8 19.8
8.400000 2 154.8 112.3 24.4 18.6
8.433333 2 152.3 110.0 27.6 21.6
8.466667 2 152.7 110.0 24.0 19.0
8.500000 2 151.2 108.2 24.4 19.5
8.533333 2 151.1 108.2 23.2 17.9
8.566667 2 148.7 105.3 25.4 20.4
8.600000 2 146.5 102.3 27.5 22.4
8.633333 2 145.9 101.1 27.5 22.8
8.666667 2 144.3 98.5 28.6 24.0
8.700000 2 143.5 96.7 28.0 23.5
8.733333 2 143.2 96.7 27.8 21.9
8.766667 2 145.7 97.1 21.1 16.4
8.800000 2 145.2 96.5 21.2 15.8
8.833333 2 141.0 90.2 28.4 23.0
8.866667 2 143.1 90.4 22.4 18.1
8.900000 2 141.6 87.7 24.7 18.8
8.933333 2 141.7 86.5 23.6 18.8
8.966667 2 142.6 85.3 21.2 16.3
9.000000 2 142.4 83.6 20.7 15.3
9.033333 2 141.0 80.9 23.5 18.2
9.066667 2 139.9 77.4 25.1 20.3
9.100000 2 141.8 78.5 20.8 16.0
9.133333 2 141.8 76.4 20.7 15.8
9.166667 2 140.6 73.9 22.9 16.6
9.200000 2 137.9 68.8 28.6 22.0
9.233333 2 140.3 70.1 23.6 17.1
9.266667 2 140.1 68.1 24.0 17.2
9.300000 2 140.6 66.2 22.7 16.4
9.333333 2 140.6 65.2 22.7 16.6
9.366667 2 140.5 63.1 22.9 16.3
9.400000 2 138.3 57.7 28.1 22.1
9.433333 2 140.6 57.8 23.2 17.6
9.466667 2 141.7 56.3 21.0 15.9
9.500000 2 141.0 51.6 23.1 17.9
9.533333 2 141.7 50.3 22.2 15.9
9.566667 2 142.4 47.4 21.7 16.1
9.600000 2 141.8 45.4 23.0 17.5
9.633333 2 142.8 43.5 22.0 15.9
9.666667 2 143.2 40.0 22.2 16.8
9.700000 2 140.1 34.9 28.9 23.7
9.733333 2 139.8 32.1 31.0 23.5
9.766667 2 140.2 28.4 30.4 24.6
9.800000 2 143.0 28.1 26.4 19.1
9.833333 2 144.0 27.0 24.5 18.3
9.866667 2 143.4 22.6 26.6 20.8
9.900000 2 144.1 19.6 26.6 20.6
9.933333 2 144.4 16.8 27.3 20.5
9.966667 2 146.4 16.6 23.7 17.6
10.000000 2 147.0 14.0 24.0 17.0
