0.000000 2 269.4 255.2 50.1 40.6
0.033333 2 269.7 254.6 49.8 40.4
0.066667 2 269.9 252.7 49.6 40.3
0.100000 2 270.4 251.0 49.3 40.0
0.133333 2 270.5 249.2 49.4 40.0
0.166667 2 270.6 248.2 49.6 40.2
0.200000 2 270.8 246.4 49.7 40.3
0.233333 2 271.2 244.5 49.5 40.2
0.266667 2 271.3 243.9 49.3 40.0
0.300000 2 271.5 241.8 49.6 40.2
0.333333 2 271.6 241.1 49.4 40.0
0.366667 2 271.9 239.1 49.4 40.0
0.400000 2 271.7 238.2 49.7 40.2
0.433333 2 272.0 236.4 49.6 40.3
0.466667 2 271.9 235.4 49.7 40.3
0.500000 2 272.1 233.7 49.4 40.1
0.533333 2 272.3 232.9 49.2 39.9
0.566667 2 272.4 231.2 49.1 39.8
0.600000 2 272.5 230.3 49.1 39.8
0.633333 2 272.5 228.3 49.1 39.8
0.666667 2 272.4 226.4 49.4 40.1
0.700000 2 272.4 225.4 49.6 40.2
0.733333 2 272.6 223.8 49.5 40.0
0.766667 2 272.7 222.9 49.4 40.0
0.800000 2 272.7 221.2 49.2 39.8
0.833333 2 272.8 219.2 49.2 39.8
0.866667 2 272.7 218.3 49.3 39.9
0.900000 2 272.6 216.4 49.6 40.1
0.933333 2 272.6 215.4 49.6 40.2
0.966667 2 272.7 213.7 49.5 40.1
1.000000 2 272.8 212.2 49.2 39.8
1.033333 2 272.7 211.2 49.2 39.8
1.066667 2 272.5 209.4 49.5 40.1
1.100000 2 272.5 208.6 49.5 40.1
1.133333 2 272.5 207.7 49.5 40.0
1.166667 2 272.5 206.4 49.5 40.1
1.200000 2 272.3 204.6 49.6 40.2
1.233333 2 272.4 204.0 49.2 39.8
1.266667 2 272.2 202.4 49.4 40.1
1.300000 2 272.2 201.8 49.3 40.0
1.333333 2 272.1 200.5 49.4 40.1
1.366667 2 272.0 199.8 49.4 40.0
1.400000 2 271.9 198.4 49.6 40.2
1.433333 2 271.7 197.2 49.4 40.0
1.466667 2 271.5 196.7 49.6 40.2
1.500000 2 271.5 195.4 49.7 40.2
1.533333 2 271.4 194.1 49.2 39.9
1.566667 2 271.0 192.4 49.6 40.3
1.600000 2 270.9 192.4 49.7 40.3
1.633333 2 270.9 191.3 49.6 40.3
1.666667 2 270.6 190.2 49.5 40.1
1.700000 2 270.6 190.2 49.3 39.9
1.733333 2 270.3 189.3 49.3 39.9
1.766667 2 270.1 188.6 49.5 40.2
1.800000 2 270.0 187.7 49.5 40.1
1.833333 2 270.0 187.0 49.3 39.9
1.866667 2 269.7 186.4 49.7 40.3
1.900000 2 269.4 185.5 49.6 40.1
1.933333 2 269.5 185.4 49.4 40.0
1.966667 2 269.3 184.4 49.4 40.1
2.000000 2 269.4 184.1 49.1 39.8
2.033333 2 269.0 183.3 49.3 39.9
2.066667 2 269.1 183.1 49.2 39.8
2.100000 2 268.8 182.1 49.3 39.9
2.133333 2 268.7 181.2 49.3 39.9
2.166667 2 268.7 181.2 49.2 39.8
2.200000 2 268.5 180.2 49.1 39.7
2.233333 2 268.5 179.3 49.1 39.7
2.266667 2 268.4 178.9 49.3 39.9
2.300000 2 268.2 177.9 49.3 39.9
2.333333 2 268.1 177.6 49.5 40.1
2.366667 2 268.1 176.9 49.3 39.9
2.400000 2 268.1 176.4 49.4 40.0
2.433333 2 267.7 175.3 49.6 40.1
2.466667 2 267.8 175.2 49.3 39.9
2.500000 2 267.7 174.2 49.3 39.9
2.533333 2 267.6 173.9 49.5 40.0
2.566667 2 267.7 173.2 49.3 39.8
2.600000 2 267.7 172.2 49.3 39.9
2.633333 2 267.5 171.8 49.5 40.0
2.666667 2 267.4 171.2 49.1 39.8
2.700000 2 267.3 171.0 49.3 39.9
2.733333 2 267.3 170.0 49.2 39.9
2.766667 2 266.9 169.3 49.3 39.9
2.800000 2 267.1 169.1 49.2 39.8
2.833333 2 266.7 168.1 49.3 39.8
2.866667 2 266.6 167.7 49.6 40.1
2.900000 2 266.6 167.3 49.5 40.1
2.933333 2 266.4 166.8 49.4 40.0
2.966667 2 266.3 166.4 49.5 40.1
3.000000 2 266.3 165.8 49.4 40.1
3.033333 2 266.2 165.2 49.2 39.8
3.066667 2 265.7 164.9 49.5 40.0
3.100000 2 265.8 164.3 49.5 40.0
3.133333 2 265.4 163.6 49.5 40.1
3.166667 2 265.4 163.4 49.4 40.0
3.200000 2 265.3 163.4 49.3 40.0
3.233333 2 264.7 162.4 49.6 40.2
3.266667 2 264.9 162.2 49.2 39.8
3.300000 2 264.6 161.7 49.4 40.0
3.333333 2 264.5 161.8 49.3 39.9
3.366667 2 264.2 161.3 49.1 39.7
3.400000 2 263.7 160.6 49.5 40.0
3.433333 2 263.6 160.4 49.4 40.0
3.466667 2 263.3 160.2 49.0 39.7
3.500000 2 262.8 159.7 49.5 40.0
3.533333 2 262.4 159.4 49.2 39.9
3.566667 2 262.1 159.2 49.1 39.7
3.600000 2 261.7 158.6 49.5 40.1
3.633333 2 261.2 158.2 49.0 39.7
3.666667 2 260.8 158.2 49.1 39.7
3.700000 2 260.3 157.8 49.3 40.0
3.733333 2 260.0 157.4 49.4 40.1
3.766667 2 259.8 157.2 49.0 39.6
3.800000 2 259.3 156.8 49.2 39.9
3.833333 2 258.6 156.5 49.4 40.0
3.866667 2 258.5 156.5 49.3 40.0
3.900000 2 258.0 156.4 49.3 39.9
3.933333 2 257.8 156.4 49.0 39.6
3.966667 2 257.2 156.1 49.0 39.7
4.000000 2 256.8 156.0 49.3 39.8
4.033333 2 256.2 155.8 49.2 39.9
4.066667 2 255.7 155.6 49.5 40.0
4.100000 2 255.3 155.4 49.3 40.0
4.133333 2 255.0 155.3 49.4 40.0
4.166667 2 254.6 155.2 49.0 39.7
4.200000 2 253.6 155.0 49.3 39.9
4.233333 2 253.4 154.8 49.1 39.6
4.266667 2 253.1 155.0 49.0 39.2
4.300000 2 252.6 154.8 49.0 39.4
4.333333 2 252.2 154.8 48.9 39.1
4.366667 2 251.7 154.6 48.6 39.0
4.400000 2 250.9 154.5 48.7 39.0
4.433333 2 250.3 154.2 49.0 39.3
4.466667 2 249.8 154.3 48.9 39.1
4.500000 2 249.3 154.0 49.2 39.6
4.533333 2 248.4 153.9 49.2 39.6
4.566667 2 248.2 153.8 49.3 39.7
4.600000 2 247.6 153.8 49.4 39.7
4.633333 2 247.4 153.7 49.3 39.7
4.666667 2 246.8 153.7 49.3 39.6
4.700000 2 246.6 153.7 49.2 39.5
4.733333 2 246.6 153.6 48.6 39.0
4.766667 2 246.2 153.5 48.8 39.0
4.800000 2 245.8 153.3 49.0 39.2
4.833333 2 245.6 152.9 49.2 39.5
4.866667 2 245.6 152.6 48.7 39.1
4.900000 2 245.7 152.5 48.7 39.1
4.933333 2 245.4 151.9 49.1 39.5
4.966667 2 245.4 151.9 49.1 39.5
5.000000 2 245.6 151.6 48.8 39.2
5.033333 2 245.6 151.0 49.0 39.4
5.066667 2 245.9 150.6 48.9 39.2
5.100000 2 246.3 150.4 48.8 39.1
5.133333 2 246.5 149.6 49.2 39.6
5.166667 2 247.2 149.5 48.9 39.2
5.200000 2 247.3 148.8 49.1 39.6
5.233333 2 248.1 148.3 48.9 39.2
5.266667 2 248.4 148.0 49.1 39.6
5.300000 2 249.6 146.9 49.2 39.5
5.333333 2 250.2 146.8 49.2 39.6
5.366667 2 251.4 146.3 48.8 39.2
5.400000 2 251.9 145.9 49.2 39.5
5.433333 2 253.5 145.5 48.7 39.0
5.466667 2 253.8 144.8 49.3 39.5
5.500000 2 255.3 144.6 48.7 39.0
5.533333 2 256.8 143.7 49.0 39.3
5.566667 2 257.7 143.6 48.6 39.0
5.600000 2 259.1 142.8 49.1 39.3
5.633333 2 260.1 142.5 48.7 38.9
5.666667 2 261.7 141.7 48.9 39.2
5.700000 2 262.8 141.6 48.5 38.8
5.733333 2 264.8 140.8 48.5 38.8
5.766667 2 266.4 139.9 48.9 39.2
5.800000 2 268.4 138.9 48.9 39.2
5.833333 2 270.3 138.4 48.7 38.9
5.866667 2 271.6 137.8 48.5 38.8
5.900000 2 273.3 136.8 48.9 39.2
5.933333 2 274.4 136.3 48.7 39.0
5.966667 2 276.5 135.6 48.4 38.7
6.000000 2 278.3 134.5 48.6 38.9
6.033333 2 278.9 133.8 49.0 39.2
6.066667 2 280.8 132.7 48.6 39.0
6.100000 2 281.7 132.3 48.7 39.2
6.133333 2 283.1 131.0 49.0 39.3
6.166667 2 284.8 130.0 49.0 39.4
6.200000 2 285.9 129.7 48.4 38.8
6.233333 2 286.4 128.7 49.0 39.5
6.266667 2 287.6 127.8 49.1 39.5
6.300000 2 288.7 127.5 48.4 38.9
6.333333 2 289.8 126.7 48.4 38.9
6.366667 2 290.1 125.7 49.1 39.5
6.400000 2 291.1 124.8 49.1 39.5
6.433333 2 292.0 124.4 48.6 38.9
6.466667 2 293.0 122.8 49.1 39.4
6.500000 2 293.8 121.7 49.0 39.4
6.533333 2 294.4 121.0 49.0 39.4
6.566667 2 294.9 119.9 49.1 39.4
6.600000 2 295.5 119.7 48.4 38.7
6.633333 2 295.8 118.8 48.5 39.0
6.666667 2 296.1 118.5 48.5 38.8
6.700000 2 296.5 117.5 48.4 38.9
6.733333 2 296.6 116.8 48.6 39.1
6.766667 2 296.7 115.8 48.8 39.2
6.800000 2 297.0 115.8 48.3 38.7
6.833333 2 297.1 114.8 48.3 38.6
6.866667 2 297.4 113.9 48.3 38.6
6.900000 2 297.2 113.4 48.5 38.8
6.933333 2 297.2 112.9 48.6 38.9
6.966667 2 297.1 111.9 48.6 38.9
7.000000 2 297.2 111.6 48.3 38.6
7.033333 2 297.1 110.9 48.2 38.6
7.066667 2 296.8 110.1 48.7 39.2
7.100000 2 296.7 109.4 48.3 38.8
7.133333 2 296.7 108.8 48.1 38.5
7.166667 2 296.1 107.9 48.3 38.6
7.200000 2 296.0 107.7 48.0 38.5
7.233333 2 295.4 107.0 48.2 38.5
7.266667 2 294.5 106.0 48.8 39.2
7.300000 2 294.5 106.0 48.3 38.7
7.333333 2 293.7 105.2 48.5 39.0
7.366667 2 293.5 104.9 48.5 38.9
7.400000 2 292.8 104.4 48.2 38.7
7.433333 2 292.1 104.0 49.0 39.3
7.466667 2 291.7 103.7 48.1 38.6
7.500000 2 291.0 103.5 48.4 38.7
7.533333 2 290.0 102.8 48.7 39.0
7.566667 2 289.4 102.6 48.3 38.6
7.600000 2 288.9 102.4 48.4 38.9
7.633333 2 287.6 101.8 49.0 39.4
7.666667 2 287.2 101.7 47.9 38.7
7.700000 2 286.3 101.2 48.5 39.2
7.733333 2 285.2 100.7 48.8 39.4
7.766667 2 284.7 100.8 48.5 39.3
7.800000 2 284.1 100.6 47.9 38.7
7.833333 2 283.2 100.4 48.2 38.9
7.866667 2 281.8 99.8 48.9 39.5
7.900000 2 281.6 99.7 48.2 38.9
7.933333 2 280.5 99.4 48.4 39.0
7.966667 2 279.8 99.0 48.6 39.3
8.000000 2 278.6 98.7 48.6 39.4
8.033333 2 277.8 98.7 48.0 38.7
8.066667 2 277.0 98.2 48.4 39.1
8.100000 2 275.9 97.8 48.6 39.3
8.133333 2 275.0 97.8 47.8 38.5
8.166667 2 273.3 96.8 48.9 39.4
8.200000 2 272.7 96.8 48.7 39.4
8.233333 2 271.8 96.8 48.1 38.8
8.266667 2 271.1 96.5 48.0 38.7
8.300000 2 269.5 95.7 48.7 39.4
8.333333 2 269.1 95.8 48.1 38.7
8.366667 2 268.0 95.6 47.9 38.6
8.400000 2 267.2 95.4 48.3 38.9
8.433333 2 265.8 94.7 48.4 39.1
8.466667 2 264.7 94.7 48.1 38.7
8.500000 2 262.9 94.1 48.7 39.3
8.533333 2 261.6 93.7 48.5 39.2
8.566667 2 261.0 93.8 48.2 38.8
8.600000 2 259.7 93.5 48.1 38.8
8.633333 2 258.0 93.1 48.7 39.3
8.666667 2 256.5 92.7 48.9 39.6
8.700000 2 255.9 92.6 48.5 39.2
8.733333 2 254.7 92.5 48.2 38.9
8.766667 2 253.9 92.4 48.3 39.0
8.800000 2 252.2 91.7 48.8 39.4
8.833333 2 251.8 91.7 48.2 38.9
8.866667 2 250.0 90.9 48.8 39.4
8.900000 2 249.4 90.7 48.6 39.3
8.933333 2 248.0 90.3 48.5 39.1
8.966667 2 247.3 89.8 48.6 39.2
9.000000 2 245.8 89.0 48.7 39.3
9.033333 2 245.2 88.8 48.3 38.9
9.066667 2 243.6 87.8 48.2 38.7
9.100000 2 242.9 87.5 48.1 38.7
9.133333 2 241.0 86.6 48.2 38.6
9.166667 2 238.9 85.2 48.6 39.0
9.200000 2 238.1 84.8 48.3 38.8
9.233333 2 236.5 83.9 48.3 38.7
9.266667 2 235.3 83.1 48.7 39.1
9.300000 2 233.5 81.9 48.7 39.1
9.333333 2 232.7 81.4 48.3 38.7
9.366667 2 230.5 80.1 48.6 38.9
9.400000 2 228.5 78.9 48.7 39.0
9.433333 2 227.6 78.7 48.1 38.4
9.466667 2 225.5 77.8 48.1 38.3
9.500000 2 224.2 77.0 48.4 38.5
9.533333 2 221.8 76.0 48.6 38.8
9.566667 2 219.5 75.1 48.5 38.7
9.600000 2 218.5 75.0 47.9 38.0
9.633333 2 215.9 74.1 48.1 38.3
9.666667 2 214.4 73.5 48.3 38.4
9.700000 2 212.0 72.9 47.9 38.1
9.733333 2 210.5 72.2 48.5 38.6
9.766667 2 207.9 71.6 48.4 38.4
9.800000 2 206.3 71.1 48.9 38.9
9.833333 2 203.7 70.5 48.7 38.6
9.866667 2 202.2 70.1 49.0 39.0
9.900000 2 199.7 69.8 48.7 38.6
9.933333 2 196.9 68.9 49.4 39.2
9.966667 2 195.8 68.9 49.0 38.8
10.000000 2 194.8 68.9 48.6 38.4
10.033333 2 191.2 68.0 49.0 38.7
10.066667 2 189.2 67.7 48.9 38.6
10.100000 2 188.0 67.2 49.3 38.9
10.133333 2 186.3 67.0 48.9 38.5
10.166667 2 184.8 66.9 48.6 38.1
10.200000 2 183.8 66.7 49.0 38.4
10.233333 2 182.2 66.2 49.3 38.7
10.266667 2 180.7 65.9 49.9 39.1
10.300000 2 179.9 66.0 49.4 38.6
10.333333 2 179.3 66.0 49.1 38.4
10.366667 2 178.8 66.0 49.4 38.3
10.400000 2 178.3 66.0 49.1 38.3
10.433333 2 178.1 66.2 49.3 38.4
10.466667 2 177.7 66.3 49.6 38.6
10.500000 2 178.0 67.0 49.0 38.0
