0.000000 2 466.6 179.9 32.6 24.5
0.033333 2 467.6 178.2 32.9 24.9
0.066667 2 467.5 177.0 33.5 25.5
0.100000 2 468.5 175.4 33.3 25.2
0.133333 2 468.9 174.7 33.4 25.3
0.166667 2 469.8 173.1 33.4 25.4
0.200000 2 470.5 172.7 32.6 24.5
0.233333 2 470.8 170.9 33.4 25.4
0.266667 2 471.5 170.5 32.6 24.5
0.300000 2 472.0 168.8 33.1 25.1
0.333333 2 472.7 167.9 32.5 24.5
0.366667 2 472.7 166.3 33.4 25.4
0.400000 2 473.6 165.6 32.4 24.3
0.433333 2 473.8 164.9 32.5 24.5
0.466667 2 473.8 163.5 33.2 25.2
0.500000 2 474.2 162.6 32.8 24.7
0.533333 2 474.5 162.3 32.4 24.3
0.566667 2 474.6 161.2 32.4 24.4
0.600000 2 474.7 160.3 32.4 24.4
0.633333 2 474.6 159.6 32.6 24.7
0.666667 2 474.5 158.7 32.7 24.7
0.700000 2 474.6 158.3 32.5 24.5
0.733333 2 474.1 157.4 32.9 24.8
0.766667 2 474.0 156.3 33.0 24.9
0.800000 2 473.8 155.8 33.2 25.2
0.833333 2 473.9 155.5 32.4 24.3
0.866667 2 473.5 154.8 32.6 24.6
0.900000 2 473.2 154.2 32.7 24.7
0.933333 2 472.9 153.7 32.4 24.3
0.966667 2 472.1 153.0 32.9 24.8
1.000000 2 471.9 152.4 33.0 25.0
1.033333 2 471.4 152.0 32.3 24.3
1.066667 2 470.9 151.4 33.0 25.0
1.100000 2 470.9 151.5 32.5 24.5
1.133333 2 469.8 150.8 33.1 25.1
1.166667 2 469.5 150.6 32.7 24.7
1.200000 2 468.8 150.2 33.1 25.1
1.233333 2 468.8 150.4 32.3 24.3
1.266667 2 467.8 149.6 32.7 24.6
1.300000 2 466.9 148.7 33.0 25.0
1.333333 2 466.8 148.4 32.9 24.9
1.366667 2 466.2 147.3 32.8 24.7
1.400000 2 466.0 146.7 33.1 25.0
1.433333 2 465.7 145.3 33.4 25.3
1.466667 2 465.6 144.5 33.3 25.2
1.500000 2 465.6 143.1 33.3 25.3
1.533333 2 465.7 141.4 33.4 25.3
1.566667 2 466.6 140.1 32.5 24.5
1.600000 2 466.6 138.8 33.2 25.1
1.633333 2 467.6 136.8 33.1 25.1
1.666667 2 468.7 134.6 33.4 25.3
1.700000 2 469.7 133.5 33.2 25.1
1.733333 2 471.7 131.4 32.4 24.5
1.766667 2 473.6 128.7 32.4 24.3
1.800000 2 474.3 127.2 32.7 24.7
1.833333 2 476.7 124.7 32.3 24.2
1.866667 2 477.7 123.3 32.3 24.2
1.900000 2 479.8 120.4 32.3 24.4
1.933333 2 480.8 118.7 32.6 24.6
1.966667 2 482.8 115.5 32.2 24.3
2.000000 2 483.8 113.7 32.8 24.9
2.033333 2 485.8 110.8 32.3 24.3
2.066667 2 486.8 109.1 32.6 24.6
2.100000 2 488.7 106.0 32.2 24.2
2.133333 2 489.6 104.4 32.3 24.3
2.166667 2 490.0 102.3 33.1 25.1
2.200000 2 491.7 99.1 33.1 25.3
2.233333 2 493.8 96.3 32.4 24.5
2.266667 2 494.7 94.9 32.2 24.2
2.300000 2 495.7 91.3 33.2 25.3
2.333333 2 496.8 89.7 32.9 25.0
2.366667 2 498.4 87.1 32.5 24.5
2.400000 2 499.7 83.9 32.9 24.9
2.433333 2 500.7 82.7 32.3 24.3
2.466667 2 501.8 79.5 33.1 25.2
2.500000 2 502.7 78.6 32.3 24.3
2.533333 2 503.7 75.6 33.0 25.1
2.566667 2 504.5 74.6 32.5 24.5
2.600000 2 505.7 72.0 32.6 24.6
2.633333 2 506.0 70.5 33.1 25.1
2.666667 2 507.2 68.3 32.8 24.9
2.700000 2 507.8 67.3 32.7 24.8
2.733333 2 508.8 65.2 32.7 24.8
2.766667 2 509.6 64.4 32.4 24.4
2.800000 2 510.1 62.0 32.9 25.0
2.833333 2 510.8 61.2 32.5 24.6
2.866667 2 511.8 59.5 32.3 24.3
2.900000 2 511.8 58.3 32.9 25.0
2.933333 2 512.7 57.9 32.2 24.2
2.966667 2 513.1 55.9 32.9 25.0
3.000000 2 513.8 55.3 32.2 24.3
3.033333 2 514.2 53.6 32.7 24.8
3.066667 2 514.8 53.2 32.2 24.2
3.100000 2 514.9 51.4 33.0 25.0
3.133333 2 515.5 50.9 32.2 24.2
3.166667 2 516.0 49.3 32.7 24.8
3.200000 2 516.3 48.9 32.6 24.6
3.233333 2 517.0 47.9 32.2 24.3
3.266667 2 517.0 47.0 32.7 24.8
3.300000 2 517.9 46.6 32.0 24.0
3.333333 2 517.8 45.9 32.1 24.1
3.366667 2 518.1 44.8 32.5 24.5
3.400000 2 518.3 44.1 32.5 24.5
3.433333 2 518.3 43.7 32.4 24.4
3.466667 2 518.8 43.1 32.1 24.1
3.500000 2 519.0 42.6 32.0 24.0
3.533333 2 518.9 41.8 32.1 24.2
3.566667 2 518.9 41.4 32.3 24.4
3.600000 2 518.9 41.1 32.2 24.2
3.633333 2 518.9 40.9 32.1 24.1
3.666667 2 518.6 40.6 32.2 24.2
3.700000 2 518.8 40.5 32.0 24.0
3.733333 2 518.1 39.8 32.8 24.8
3.766667 2 517.9 39.4 32.7 24.8
3.800000 2 517.9 39.3 32.5 24.7
3.833333 2 517.9 39.3 32.1 24.1
3.866667 2 517.2 38.9 32.6 24.7
3.900000 2 517.0 38.9 32.4 24.5
3.933333 2 516.8 38.9 32.1 24.1
3.966667 2 516.0 38.5 32.6 24.7
4.000000 2 515.9 38.7 32.3 24.3
4.033333 2 515.1 38.3 32.7 24.8
4.066667 2 514.8 38.7 32.0 24.0
4.100000 2 514.2 38.3 32.6 24.7
4.133333 2 513.1 38.1 32.7 24.8
4.166667 2 513.0 38.3 32.2 24.3
4.200000 2 512.0 38.1 32.5 24.6
4.233333 2 511.9 38.2 32.0 24.1
4.266667 2 510.9 38.1 32.2 24.3
4.300000 2 509.9 37.9 32.3 24.4
4.333333 2 508.9 37.8 32.2 24.3
4.366667 2 508.1 37.3 32.8 24.9
4.400000 2 507.1 37.2 32.7 24.8
4.433333 2 506.1 37.1 32.7 24.9
4.466667 2 505.9 37.2 32.1 24.1
4.500000 2 504.6 37.2 32.1 24.1
4.533333 2 503.9 37.2 32.2 24.2
4.566667 2 502.8 36.8 32.2 24.2
4.600000 2 501.9 36.6 32.5 24.6
4.633333 2 500.9 36.6 31.9 24.0
4.666667 2 500.0 36.5 32.3 24.4
4.700000 2 498.6 36.4 32.1 24.1
4.733333 2 497.4 36.0 32.3 24.4
4.766667 2 496.1 35.9 32.0 24.0
4.800000 2 495.1 35.6 32.4 24.5
4.833333 2 493.4 35.2 32.3 24.3
4.866667 2 493.0 35.2 32.0 24.1
4.900000 2 491.4 34.7 32.2 24.1
4.933333 2 490.7 34.5 32.0 24.2
4.966667 2 489.2 33.7 32.2 24.2
5.000000 2 488.3 33.3 32.3 24.4
5.033333 2 486.9 32.7 32.1 24.3
5.066667 2 486.2 32.4 32.0 24.1
5.100000 2 484.6 31.6 32.0 24.0
5.133333 2 483.2 30.8 31.9 23.9
5.166667 2 482.2 30.2 32.2 24.2
5.200000 2 480.7 29.5 31.9 23.9
5.233333 2 479.9 28.8 32.1 24.3
5.266667 2 478.1 28.2 32.0 24.1
5.300000 2 477.2 27.4 32.4 24.5
5.333333 2 475.6 26.7 32.2 24.3
5.366667 2 473.8 25.7 32.2 24.3
5.400000 2 473.0 25.4 31.9 24.0
5.433333 2 471.1 24.3 32.2 24.3
5.466667 2 470.1 24.0 32.1 24.1
5.500000 2 468.2 22.9 32.4 24.4
5.533333 2 467.2 22.3 32.5 24.6
5.566667 2 465.2 21.5 32.4 24.4
5.600000 2 463.1 20.6 32.6 24.6
5.633333 2 461.2 19.7 32.5 24.5
5.666667 2 460.1 19.2 32.7 24.8
5.700000 2 458.1 18.5 32.7 24.7
5.733333 2 456.1 17.6 32.6 24.6
5.766667 2 455.0 17.2 32.7 24.8
5.800000 2 453.0 16.5 32.5 24.6
5.833333 2 452.0 16.1 32.5 24.6
5.866667 2 450.1 15.6 31.8 23.9
5.900000 2 447.8 14.7 32.1 24.2
5.933333 2 446.8 14.4 32.0 24.1
5.966667 2 444.6 13.7 32.2 24.2
6.000000 2 443.7 13.4 32.0 24.1
6.033333 2 441.7 12.7 32.1 24.2
6.066667 2 440.7 12.3 32.1 24.1
6.100000 2 439.0 11.7 31.9 23.9
6.133333 2 437.0 10.9 32.0 24.0
6.166667 2 435.9 10.3 32.5 24.6
6.200000 2 434.2 9.5 32.7 24.7
6.233333 2 433.0 9.0 32.0 24.0
6.266667 2 435.0 10.0 30.0 22.0
6.300000 2 435.0 10.0 27.0 21.0
6.333333 2 434.0 8.0 28.0 23.0
6.366667 2 434.0 8.0 25.0 23.0
6.400000 2 430.0 10.0 29.0 21.0
6.433333 2 430.0 10.0 31.0 17.0
6.466667 2 429.0 8.0 32.0 19.0
6.500000 2 429.0 8.0 30.0 19.0
6.533333 2 429.0 7.0 30.0 21.0
6.566667 2 429.0 7.0 30.0 20.0
6.600000 2 427.0 6.0 32.0 23.0
6.633333 2 427.0 6.0 35.0 16.0
6.666667 2 428.0 5.0 34.0 17.0
6.700000 2 423.0 7.0 35.0 18.0
6.733333 2 423.0 4.0 38.0 21.0
6.766667 2 425.0 5.0 36.0 20.0
6.800000 2 425.0 4.0 36.0 18.0
6.833333 2 428.0 7.0 29.0 16.0
6.866667 2 428.0 4.0 29.0 20.0
6.900000 2 429.0 5.0 28.0 19.0
6.933333 2 429.0 5.0 30.0 17.0
6.966667 2 426.0 5.0 33.0 17.0
7.000000 2 426.0 5.0 34.0 15.0
7.033333 2 423.0 5.0 37.0 15.0
7.066667 2 423.0 5.0 39.0 17.0
7.100000 2 426.0 7.0 36.0 15.0
7.133333 2 426.0 7.0 36.0 16.0
7.166667 2 424.0 7.0 38.0 16.0
7.200000 2 424.0 7.0 36.0 15.0
7.233333 2 421.0 7.0 39.0 15.0
7.266667 2 421.0 7.0 38.0 17.0
7.300000 2 421.0 7.0 38.0 17.0
7.333333 2 421.0 7.0 43.0 20.0
7.366667 2 417.0 10.0 47.0 17.0
7.400000 2 417.0 10.0 45.0 20.0
7.433333 2 414.0 10.0 48.0 20.0
7.466667 2 414.0 10.0 45.0 24.0
7.500000 2 414.0 9.0 45.0 25.0
7.533333 2 417.9 11.3 39.5 22.5
7.566667 2 417.5 12.7 39.3 22.4
7.600000 2 417.1 14.4 39.3 22.3
7.633333 2 416.9 15.2 39.4 22.3
7.666667 2 416.8 16.6 39.2 22.1
7.700000 2 416.5 18.1 39.4 22.4
7.733333 2 416.5 18.7 39.5 22.5
7.766667 2 416.4 20.3 39.5 22.5
7.800000 2 416.5 21.1 39.6 22.5
7.833333 2 416.7 22.8 39.6 22.4
7.866667 2 417.2 24.5 39.6 22.4
7.900000 2 417.7 26.5 39.5 22.4
7.933333 2 418.4 28.5 39.4 22.4
7.966667 2 418.7 29.6 39.6 22.4
8.000000 2 419.4 31.9 39.8 22.6
8.033333 2 420.2 34.2 40.0 23.0
8.066667 2 420.6 35.6 40.0 22.8
8.100000 2 421.7 38.4 40.0 22.9
8.133333 2 422.1 39.8 40.1 23.0
8.166667 2 423.3 42.9 40.1 23.1
8.200000 2 424.6 46.2 40.2 23.1
8.233333 2 425.1 47.9 40.4 23.2
8.266667 2 425.5 49.7 40.8 23.4
8.300000 2 427.0 53.6 40.5 23.3
8.333333 2 428.5 57.9 40.4 23.0
8.366667 2 430.0 62.0 40.4 23.2
8.400000 2 430.6 64.2 40.7 23.5
8.433333 2 432.3 68.9 40.5 23.3
8.466667 2 432.8 71.1 40.6 23.5
8.500000 2 434.2 76.1 40.5 23.3
8.533333 2 435.0 78.7 40.5 23.3
8.566667 2 436.4 83.8 40.5 23.1
8.600000 2 437.0 86.2 40.4 23.2
8.633333 2 438.1 91.4 40.5 23.3
8.666667 2 439.2 96.9 40.5 23.1
8.700000 2 439.5 99.7 40.6 23.1
8.733333 2 440.5 105.3 40.5 23.0
8.766667 2 440.8 108.0 40.6 23.1
8.800000 2 441.6 114.0 40.6 22.9
8.833333 2 442.0 117.0 40.4 22.9
8.866667 2 442.6 123.0 40.5 23.0
8.900000 2 442.8 126.0 40.5 23.0
8.933333 2 443.4 132.1 40.5 23.0
8.966667 2 443.6 135.2 40.5 22.9
9.000000 2 443.8 141.2 40.5 23.0
9.033333 2 444.2 147.3 40.5 23.1
9.066667 2 444.3 150.4 40.4 22.9
9.100000 2 444.5 156.4 40.6 23.0
9.133333 2 444.6 162.4 40.7 23.0
9.166667 2 444.5 168.4 40.7 23.0
9.200000 2 444.5 171.3 40.8 23.2
9.233333 2 444.4 177.1 40.9 23.3
9.266667 2 444.3 183.1 40.8 23.2
9.300000 2 444.3 186.1 40.7 23.1
9.333333 2 443.9 192.1 40.7 23.3
9.366667 2 443.6 195.1 40.9 23.3
9.400000 2 443.2 201.1 40.7 23.3
9.433333 2 442.2 206.8 41.3 23.7
9.466667 2 441.9 209.8 41.0 23.6
9.500000 2 440.8 215.8 40.9 23.6
9.533333 2 439.9 221.9 40.8 23.5
9.566667 2 439.2 225.0 40.8 23.3
9.600000 2 438.2 231.2 40.5 23.1
9.633333 2 437.5 234.2 40.6 23.0
9.666667 2 436.0 240.1 40.3 22.8
9.700000 2 435.5 242.9 40.3 22.6
9.733333 2 433.7 247.9 40.6 22.9
9.766667 2 433.2 250.7 40.2 22.7
9.800000 2 431.7 255.4 40.5 23.0
9.833333 2 430.6 259.9 40.6 23.3
9.866667 2 429.9 264.3 40.5 23.3
9.900000 2 429.4 266.4 40.8 23.7
9.933333 2 429.1 270.5 40.7 23.7
9.966667 2 429.1 272.5 40.8 23.8
10.000000 2 429.4 276.4 40.9 23.9
10.033333 2 430.3 279.9 40.8 23.8
10.066667 2 431.0 281.7 40.7 23.5
10.100000 2 432.5 284.5 40.9 23.7
10.133333 2 433.5 285.8 41.0 23.6
10.166667 2 435.6 288.5 40.9 23.4
10.200000 2 436.9 289.7 40.7 23.1
10.233333 2 439.1 291.8 41.0 23.3
10.266667 2 441.5 294.0 41.0 23.0
10.300000 2 443.7 295.8 41.0 23.1
10.333333 2 444.9 296.7 40.9 23.1
10.366667 2 447.0 298.2 41.2 23.4
10.400000 2 448.0 299.1 41.2 23.4
10.433333 2 450.1 300.9 41.2 23.1
10.466667 2 451.1 301.6 41.1 23.1
10.500000 2 453.0 303.0 41.0 23.0
