0.000000 2 347.0 298.0 29.0 23.0
0.033333 2 340.6 294.1 38.3 32.0
0.066667 2 339.8 294.3 38.0 31.6
0.100000 2 339.6 294.3 38.4 31.7
0.133333 2 341.2 298.4 30.3 24.3
0.166667 2 339.4 297.8 31.1 25.6
0.200000 2 339.4 297.8 31.2 25.8
0.233333 2 337.3 297.4 32.2 26.5
0.266667 2 337.2 299.0 30.2 24.8
0.300000 2 337.2 299.0 30.3 25.0
0.333333 2 333.9 299.3 31.7 26.3
0.366667 2 333.1 298.5 31.3 26.0
0.400000 2 333.4 298.8 30.6 25.3
0.433333 2 331.4 298.9 30.5 25.1
0.466667 2 329.3 298.4 33.0 27.6
0.500000 2 328.9 298.1 33.7 28.3
0.533333 2 327.2 297.8 33.8 28.7
0.566667 2 322.3 293.9 42.1 36.6
0.600000 2 322.3 293.8 42.1 36.6
0.633333 2 323.8 299.0 33.7 27.5
0.666667 2 322.8 297.8 35.1 29.9
0.700000 2 322.9 297.9 34.7 29.6
0.733333 2 321.0 298.2 35.4 29.3
0.766667 2 319.9 298.2 35.5 29.4
0.800000 2 320.1 298.4 35.1 29.0
0.833333 2 318.0 298.1 35.2 29.5
0.866667 2 316.4 297.5 36.4 30.7
0.900000 2 316.4 297.6 36.3 30.6
0.933333 2 317.4 300.0 32.1 26.7
0.966667 2 311.8 295.7 41.9 36.8
1.000000 2 311.7 295.6 42.0 37.0
1.033333 2 310.5 295.3 41.6 37.2
1.066667 2 313.8 300.5 32.5 28.1
1.100000 2 314.0 300.8 32.1 27.6
1.133333 2 311.7 300.5 33.5 28.4
1.166667 2 308.7 298.5 37.8 32.8
1.200000 2 308.6 298.4 37.9 32.9
1.233333 2 306.3 299.4 38.7 33.0
1.266667 2 308.0 302.1 33.3 27.1
1.300000 2 308.0 302.2 33.2 27.0
1.333333 2 307.0 302.0 33.3 27.2
1.366667 2 305.7 301.8 33.9 27.7
1.400000 2 305.8 301.9 33.6 27.5
1.433333 2 304.6 301.9 32.4 27.3
1.466667 2 304.2 301.8 31.7 27.2
1.500000 2 304.2 301.8 31.6 27.1
1.533333 2 302.3 301.7 31.9 27.3
1.566667 2 301.7 301.7 32.2 27.3
1.600000 2 301.6 301.5 32.4 27.7
1.633333 2 299.8 300.8 33.2 28.9
1.666667 2 296.6 297.3 39.7 35.2
1.700000 2 296.6 297.2 39.7 35.3
1.733333 2 296.2 297.7 38.5 34.2
1.766667 2 295.1 297.2 38.0 33.8
1.800000 2 295.2 297.2 38.0 33.6
1.833333 2 297.0 299.5 32.0 27.9
1.866667 2 295.9 299.3 32.2 27.9
1.900000 2 295.9 299.2 32.3 28.0
1.933333 2 292.5 296.5 37.3 33.2
1.966667 2 295.0 298.3 32.0 27.9
2.000000 2 295.2 298.4 31.7 27.6
2.033333 2 294.4 297.8 31.3 27.1
2.066667 2 294.2 297.8 31.5 27.2
2.100000 2 294.2 297.8 31.5 27.3
2.133333 2 292.8 297.0 31.5 26.8
2.166667 2 292.7 296.8 31.6 27.0
2.200000 2 292.9 297.0 31.0 26.6
2.233333 2 293.1 296.4 30.3 25.9
2.266667 2 287.2 290.9 41.2 36.3
2.300000 2 287.2 290.9 41.1 36.2
2.333333 2 287.2 289.9 41.0 36.3
2.366667 2 291.3 293.3 32.3 27.8
2.400000 2 291.2 293.2 32.5 28.1
2.433333 2 289.9 290.4 35.0 30.6
2.466667 2 291.5 291.7 31.7 27.2
2.500000 2 291.2 291.5 32.3 27.6
2.533333 2 292.3 290.1 31.1 26.4
2.566667 2 288.3 285.2 39.7 35.2
2.600000 2 288.2 285.1 39.9 35.4
2.633333 2 288.3 283.2 39.9 35.2
2.666667 2 292.2 285.7 31.6 27.3
2.700000 2 292.2 285.7 31.6 27.3
2.733333 2 291.7 282.4 34.9 30.6
2.766667 2 288.4 278.2 42.8 37.7
2.800000 2 288.4 278.2 42.8 37.7
2.833333 2 289.2 276.0 42.9 38.1
2.866667 2 289.6 274.2 42.9 37.8
2.900000 2 289.6 274.2 42.9 37.8
2.933333 2 295.0 276.9 33.6 28.7
2.966667 2 293.9 274.2 36.5 32.0
3.000000 2 293.9 274.1 36.5 32.0
3.033333 2 296.5 273.8 33.6 28.9
3.066667 2 295.5 271.7 35.7 31.0
3.100000 2 295.7 271.8 35.5 30.8
3.133333 2 300.3 272.8 29.9 25.1
3.166667 2 300.6 273.1 29.2 24.5
3.200000 2 300.4 273.0 29.5 24.8
3.233333 2 299.7 267.4 33.9 28.7
3.266667 2 301.1 268.3 31.4 26.5
3.300000 2 300.9 268.0 31.8 26.9
3.333333 2 302.2 264.9 32.5 27.4
3.366667 2 301.1 263.3 35.0 29.8
3.400000 2 301.2 263.4 34.8 29.5
3.433333 2 302.8 263.4 33.2 28.5
3.466667 2 303.4 261.4 32.8 27.7
3.500000 2 303.4 261.3 32.9 27.8
3.533333 2 304.7 261.1 31.3 26.5
3.566667 2 302.3 257.9 37.9 34.0
3.600000 2 302.3 257.9 37.9 34.0
3.633333 2 302.2 256.7 38.2 34.3
3.666667 2 302.8 254.9 38.6 34.1
3.700000 2 302.8 254.9 38.6 34.1
3.733333 2 307.2 258.8 29.6 25.4
3.766667 2 307.1 258.8 29.5 25.3
3.800000 2 307.0 258.7 29.8 25.6
3.833333 2 307.7 258.5 28.4 23.7
3.866667 2 303.1 253.5 38.1 33.0
3.900000 2 303.1 253.5 38.1 33.0
3.933333 2 303.0 252.2 38.2 33.5
3.966667 2 306.9 256.1 29.8 24.8
4.000000 2 306.9 256.1 29.8 24.8
4.033333 2 306.8 256.0 30.0 24.9
4.066667 2 306.3 255.1 30.7 25.0
4.100000 2 306.3 255.1 30.7 25.0
4.133333 2 307.0 255.7 29.2 23.4
4.166667 2 307.0 255.1 29.0 23.1
4.200000 2 307.0 255.1 29.0 23.1
4.233333 2 305.6 253.3 31.7 25.8
4.266667 2 307.1 254.6 28.0 22.9
4.300000 2 307.1 254.6 28.0 22.9
4.333333 2 306.1 253.3 28.0 23.4
4.366667 2 305.8 252.9 29.1 24.2
4.400000 2 305.8 252.9 29.1 24.2
4.433333 2 308.1 254.6 24.2 19.4
4.466667 2 306.3 252.4 27.4 22.6
4.500000 2 306.3 252.4 27.4 22.6
4.533333 2 307.6 253.7 24.0 19.1
4.566667 2 307.1 253.2 25.0 20.0
4.600000 2 307.3 253.5 24.6 19.5
4.633333 2 306.2 251.8 26.2 21.2
4.666667 2 306.7 252.3 24.9 19.9
4.700000 2 306.2 251.9 25.8 20.9
4.733333 2 304.1 249.9 30.2 24.3
4.766667 2 305.6 251.0 26.5 21.4
4.800000 2 305.6 251.0 26.5 21.4
4.833333 2 304.1 248.8 29.0 23.8
4.866667 2 303.0 248.8 30.1 24.4
4.900000 2 303.0 248.8 30.0 24.4
4.933333 2 303.0 248.8 30.0 24.4
4.966667 2 304.5 249.5 26.5 21.5
5.000000 2 304.5 249.5 26.5 21.5
5.033333 2 301.7 247.5 31.1 26.0
5.066667 2 302.3 248.1 29.7 24.7
5.100000 2 302.3 248.1 29.7 24.7
5.133333 2 303.5 250.2 25.1 20.2
5.166667 2 299.4 247.2 32.1 26.0
5.200000 2 299.4 247.2 32.1 26.0
5.233333 2 299.6 247.4 31.6 25.5
5.266667 2 303.2 250.7 23.4 18.8
5.300000 2 302.5 250.4 24.7 19.6
5.333333 2 300.9 249.7 26.4 21.2
5.366667 2 299.1 248.5 28.9 23.6
5.400000 2 299.1 248.5 28.9 23.6
5.433333 2 299.8 249.8 26.0 21.0
5.466667 2 299.8 249.8 26.0 21.0
5.500000 2 299.8 249.8 26.0 21.0
5.533333 2 297.0 250.0 28.1 22.8
5.566667 2 297.0 250.0 28.1 22.8
5.600000 2 297.0 250.0 28.1 22.8
5.633333 2 294.6 249.4 31.2 25.2
5.666667 2 296.2 250.7 27.6 22.1
5.700000 2 296.1 250.6 27.9 22.4
5.733333 2 295.6 250.9 27.1 21.7
5.766667 2 293.7 250.6 29.2 23.2
5.800000 2 293.9 250.8 28.7 22.7
5.833333 2 292.6 250.7 28.8 23.6
5.866667 2 291.0 250.1 30.1 24.8
5.900000 2 291.0 250.1 30.1 24.8
5.933333 2 290.3 250.8 29.1 23.6
5.966667 2 289.6 251.8 28.7 22.9
6.000000 2 289.4 251.7 29.1 23.1
6.033333 2 283.3 247.5 38.2 32.4
6.066667 2 286.6 251.3 30.4 24.8
6.100000 2 286.6 251.3 30.4 24.8
6.133333 2 283.8 251.1 32.4 26.5
6.166667 2 280.8 249.1 36.8 30.8
6.200000 2 280.8 249.1 36.8 30.8
6.233333 2 280.7 250.6 34.0 28.5
6.266667 2 278.1 249.9 37.3 31.2
6.300000 2 278.2 250.1 36.8 31.0
6.333333 2 276.1 250.1 36.9 31.4
6.366667 2 273.5 248.8 39.9 34.2
6.400000 2 273.5 248.8 39.9 34.2
6.433333 2 270.2 248.6 42.8 36.1
6.466667 2 271.8 250.5 38.5 32.3
6.500000 2 271.8 250.5 38.5 32.3
6.533333 2 271.1 251.8 35.7 29.8
6.566667 2 269.4 251.6 36.8 30.6
6.600000 2 269.5 251.7 36.6 30.4
6.633333 2 266.5 252.2 37.2 30.7
6.666667 2 260.1 246.7 48.6 42.2
6.700000 2 259.7 246.3 49.5 43.2
6.733333 2 257.7 247.8 46.9 40.9
6.766667 2 260.3 250.7 40.9 34.8
6.800000 2 260.3 250.7 40.9 34.8
6.833333 2 256.5 249.2 44.3 38.0
6.866667 2 254.9 249.3 44.3 38.0
6.900000 2 254.1 248.6 46.0 39.5
6.933333 2 251.6 249.1 45.0 38.5
6.966667 2 251.0 249.4 44.4 37.9
7.000000 2 251.0 249.4 44.4 37.9
7.033333 2 251.7 251.6 38.5 31.4
7.066667 2 251.4 250.9 37.2 31.3
7.100000 2 251.4 250.9 37.2 31.3
7.133333 2 246.0 246.8 44.5 37.5
7.166667 2 245.6 246.2 43.3 36.6
7.200000 2 245.6 246.2 43.3 36.6
7.233333 2 248.4 246.6 33.4 27.8
7.266667 2 248.1 245.5 34.2 27.6
7.300000 2 248.3 245.6 33.8 27.3
7.333333 2 247.1 242.6 33.9 27.2
7.366667 2 245.6 238.8 35.1 28.7
7.400000 2 245.9 239.0 34.4 28.1
7.433333 2 246.0 235.4 34.3 27.5
7.466667 2 246.0 234.5 34.1 27.4
7.500000 2 246.2 234.7 33.8 27.0
7.533333 2 244.6 225.9 37.7 32.3
7.566667 2 247.8 227.0 32.2 26.6
7.600000 2 247.7 227.0 32.3 26.5
7.633333 2 242.8 217.6 42.7 37.3
7.666667 2 245.0 220.0 33.0 27.0
7.700000 2 244.9 219.9 33.2 27.2
7.733333 2 243.3 210.0 39.5 33.1
7.766667 2 244.7 207.9 37.3 31.0
7.800000 2 244.9 208.1 36.9 30.7
7.833333 2 248.5 205.4 31.8 26.5
7.866667 2 249.2 205.1 30.2 24.9
7.900000 2 249.2 205.1 30.2 24.9
7.933333 2 247.1 197.7 36.3 30.0
7.966667 2 249.4 196.2 32.3 26.9
8.000000 2 249.4 196.2 32.3 26.9
8.033333 2 245.7 186.4 41.4 34.9
8.066667 2 246.2 186.0 40.5 33.5
8.100000 2 246.1 185.9 40.7 33.7
8.133333 2 247.0 182.3 39.1 33.1
8.166667 2 247.7 180.8 38.1 32.2
8.200000 2 247.7 180.8 38.1 32.2
8.233333 2 245.8 175.2 43.1 36.6
8.266667 2 245.5 172.6 43.8 36.6
8.300000 2 245.5 172.6 43.8 36.6
8.333333 2 247.3 170.6 39.9 33.5
8.366667 2 250.7 171.0 33.3 27.6
8.400000 2 250.3 170.8 34.0 28.0
8.433333 2 250.2 167.1 34.0 28.0
8.466667 2 251.8 167.3 30.3 25.5
8.500000 2 251.5 166.9 31.0 26.2
8.533333 2 249.8 161.9 34.5 29.3
8.566667 2 249.7 158.6 34.8 29.5
8.600000 2 249.7 158.6 34.8 29.5
8.633333 2 253.2 158.4 26.4 21.8
8.666667 2 251.7 154.5 29.5 24.8
8.700000 2 251.7 154.5 29.5 24.8
8.733333 2 253.4 152.6 25.7 21.1
8.766667 2 251.6 148.8 29.2 24.2
8.800000 2 251.0 148.4 30.5 25.2
8.833333 2 247.7 141.1 36.4 31.4
8.866667 2 248.8 139.1 33.9 29.3
8.900000 2 248.8 139.1 33.9 29.3
8.933333 2 248.5 134.3 34.8 29.4
8.966667 2 247.8 130.7 36.3 30.7
9.000000 2 247.8 130.7 36.3 30.7
9.033333 2 252.5 128.4 25.8 21.9
9.066667 2 247.9 122.3 35.9 31.1
9.100000 2 247.9 122.3 35.9 31.1
9.133333 2 248.8 116.7 34.0 29.5
9.166667 2 255.6 120.7 20.9 17.4
9.200000 2 256.2 121.3 19.6 16.2
9.233333 2 256.3 114.5 19.6 16.2
9.266667 2 255.3 112.0 22.2 18.3
9.300000 2 255.3 112.0 22.2 18.3
9.333333 2 252.5 104.0 28.9 24.8
9.366667 2 253.3 100.9 27.3 23.4
9.400000 2 253.1 100.7 27.8 23.9
9.433333 2 255.0 96.8 25.0 20.6
9.466667 2 250.4 88.5 35.0 30.5
9.500000 2 250.4 88.5 35.0 30.5
9.533333 2 253.0 79.7 36.0 31.0
9.566667 2 252.8 77.3 35.0 29.0
9.600000 2 252.6 78.6 34.0 28.0
9.633333 2 251.0 69.1 38.0 33.0
9.666667 2 259.3 72.8 23.0 19.0
9.700000 2 259.2 73.5 23.0 19.0
9.733333 2 257.5 65.5 30.0 25.0
9.766667 2 261.7 66.7 24.0 20.0
9.800000 2 261.6 66.5 21.0 18.0
9.833333 2 262.2 59.1 22.0 19.0
9.866667 2 260.0 56.0 28.0 19.0
9.900000 2 262.2 57.5 23.0 19.0
9.933333 2 257.1 44.7 30.0 25.0
9.966667 2 264.5 43.7 24.0 20.0
10.000000 2 263.7 44.4 24.0 20.0
10.033333 2 261.0 34.0 29.0 25.0
