0.033333 2 453.0 288.0 24.0 17.0
0.066667 2 453.0 293.0 24.0 12.0
0.100000 2 453.0 293.0 24.0 18.0
0.133333 2 447.0 297.0 30.0 14.0
0.166667 2 447.0 297.0 27.0 20.0
0.200000 2 444.0 300.0 30.0 17.0
0.233333 2 444.0 300.0 28.0 24.0
0.266667 2 448.0 306.0 24.0 18.0
0.300000 2 448.0 306.0 21.0 24.0
0.333333 2 448.0 316.0 21.0 14.0
0.366667 2 448.0 316.0 20.0 18.0
0.400000 2 447.0 321.0 21.0 13.0
0.433333 2 447.0 321.0 20.0 15.0
0.466667 2 443.0 321.0 24.0 15.0
0.500000 2 443.0 321.0 25.0 24.0
0.533333 2 438.0 327.0 30.0 15.0
0.566667 2 438.0 327.0 27.0 18.0
0.600000 2 436.0 333.0 29.0 12.0
0.633333 2 436.0 333.0 25.0 16.0
0.666667 2 434.0 335.0 27.0 13.0
0.700000 2 433.0 335.0 25.0 19.0
0.733333 2 428.0 337.0 30.0 17.0
0.766667 2 428.0 337.0 29.0 16.0
0.800000 2 428.0 341.0 29.0 12.0
0.833333 2 428.0 341.0 25.0 16.0
0.866667 2 426.0 341.0 27.0 16.0
0.900000 2 426.0 341.0 28.0 19.0
0.933333 2 424.0 344.0 29.0 16.0
0.966667 2 424.0 344.0 26.0 19.0
1.000000 2 414.0 345.0 34.0 16.0
1.033333 2 415.0 345.0 33.0 18.0
1.066667 2 417.0 348.0 31.0 15.0
1.100000 2 417.0 348.0 30.0 21.0
1.133333 2 416.0 347.0 31.0 22.0
1.166667 2 416.0 346.0 25.0 19.0
1.200000 2 417.0 349.0 24.0 16.0
1.233333 2 417.0 349.0 20.0 16.0
1.266667 2 413.0 350.0 24.0 15.0
1.300000 2 413.0 350.0 23.0 15.0
1.333333 2 412.0 350.0 24.0 15.0
1.366667 2 412.0 350.0 24.0 19.0
1.400000 2 406.0 347.0 29.0 21.0
1.433333 2 406.0 347.0 27.0 24.0
1.466667 2 403.0 348.0 27.0 18.0
1.500000 2 402.0 346.0 29.0 20.0
1.533333 2 402.0 346.0 29.0 20.0
1.566667 2 402.0 346.0 27.0 20.0
1.600000 2 402.0 343.0 27.0 23.0
1.633333 2 402.0 343.0 22.0 22.0
1.666667 2 395.0 342.0 29.0 23.0
1.700000 2 395.0 342.0 30.0 24.0
1.733333 2 396.0 341.0 27.0 25.0
1.766667 2 393.0 342.0 30.0 24.0
1.800000 2 393.0 342.0 24.0 21.0
1.833333 2 390.0 341.0 27.0 22.0
1.866667 2 389.0 340.0 28.0 25.0
1.900000 2 387.0 337.0 30.0 28.0
1.933333 2 387.0 337.0 30.0 27.0
1.966667 2 380.0 333.0 37.0 30.0
2.000000 2 380.0 333.0 34.0 29.0
2.033333 2 384.0 336.0 30.0 26.0
2.066667 2 384.0 336.0 23.0 21.0
2.100000 2 384.0 336.0 24.0 21.0
2.133333 2 384.0 335.0 23.0 20.0
2.166667 2 373.0 333.0 34.0 21.0
2.200000 2 373.0 333.0 29.0 23.0
2.233333 2 372.0 331.0 30.0 25.0
2.266667 2 372.0 331.0 27.0 21.0
2.300000 2 369.0 331.0 30.0 21.0
2.333333 2 369.0 331.0 27.0 23.0
2.366667 2 368.0 331.0 27.0 20.0
2.400000 2 367.0 330.0 28.0 21.0
2.433333 2 367.0 330.0 25.0 21.0
2.466667 2 363.0 327.0 29.0 24.0
2.500000 2 363.0 327.0 21.0 18.0
2.533333 2 359.0 327.0 25.0 18.0
2.566667 2 359.0 327.0 23.0 18.0
2.600000 2 353.0 321.0 29.0 24.0
2.633333 2 353.0 321.0 23.0 22.0
2.666667 2 351.0 321.0 25.0 22.0
2.700000 2 351.0 321.0 23.0 20.0
2.733333 2 345.0 316.0 29.0 23.0
2.766667 2 345.0 316.0 23.0 21.0
2.800000 2 345.0 316.0 23.0 21.0
2.833333 2 343.0 316.0 20.0 16.0
2.866667 2 338.0 313.0 26.0 19.0
2.900000 2 338.0 313.0 21.0 17.0
2.933333 2 334.0 315.0 25.0 15.0
2.966667 2 334.0 315.0 24.0 16.0
3.000000 2 326.0 310.0 32.0 21.0
3.033333 2 326.0 310.0 29.0 20.0
3.066667 2 321.0 309.0 35.0 21.0
3.100000 2 321.0 309.0 27.0 17.0
3.133333 2 318.0 309.0 30.0 17.0
3.166667 2 319.0 309.0 23.0 17.0
3.200000 2 310.0 306.0 33.0 20.0
3.233333 2 310.0 306.0 27.0 18.0
3.266667 2 313.0 303.0 24.0 21.0
3.300000 2 313.0 303.0 24.0 20.0
3.333333 2 306.0 301.0 31.0 20.0
3.366667 2 306.0 301.0 21.0 17.0
3.400000 2 303.0 299.0 24.0 19.0
3.433333 2 303.0 299.0 18.0 14.0
3.466667 2 297.0 300.0 24.0 13.0
3.500000 2 297.0 300.0 21.0 13.0
3.533333 2 292.0 297.0 26.0 16.0
3.566667 2 292.0 297.0 20.0 13.0
3.600000 2 288.0 294.0 24.0 16.0
3.633333 2 288.0 294.0 18.0 14.0
3.666667 2 285.0 292.0 21.0 16.0
3.700000 2 285.0 292.0 21.0 17.0
3.733333 2 276.0 288.0 30.0 21.0
3.766667 2 276.0 288.0 23.0 18.0
3.800000 2 271.0 291.0 23.0 15.0
3.833333 2 271.0 291.0 19.0 12.0
3.866667 2 267.0 286.0 23.0 17.0
3.900000 2 267.0 286.0 20.0 13.0
3.933333 2 264.0 284.0 23.0 15.0
3.966667 2 264.0 284.0 21.0 15.0
4.000000 2 258.0 281.0 27.0 18.0
4.033333 2 258.0 279.0 22.0 16.0
4.066667 2 255.0 279.0 25.0 16.0
4.100000 2 255.0 279.0 21.0 15.0
4.133333 2 251.0 278.0 25.0 16.0
4.166667 2 251.0 278.0 19.0 16.0
4.200000 2 246.0 276.0 24.0 18.0
4.233333 2 246.0 276.0 23.0 14.0
4.266667 2 243.0 273.0 26.0 17.0
4.300000 2 243.0 273.0 20.0 18.0
4.333333 2 237.0 273.0 26.0 18.0
4.366667 2 237.0 273.0 24.0 15.0
4.400000 2 237.0 270.0 24.0 18.0
4.433333 2 237.0 270.0 21.0 16.0
4.466667 2 232.0 267.0 26.0 19.0
4.500000 2 232.0 267.0 23.0 20.0
4.533333 2 228.0 267.0 27.0 20.0
4.566667 2 228.0 267.0 27.0 21.0
4.600000 2 222.0 265.0 33.0 23.0
4.633333 2 222.0 265.0 28.0 22.0
4.666667 2 227.0 265.0 23.0 22.0
4.700000 2 227.0 265.0 19.0 21.0
4.733333 2 222.0 267.0 24.0 19.0
4.766667 2 221.0 267.0 25.0 18.0
4.800000 2 222.0 266.0 21.0 15.0
4.833333 2 222.0 266.0 17.0 19.0
4.866667 2 215.0 267.0 24.0 18.0
4.900000 2 216.0 267.0 23.0 19.0
4.933333 2 213.0 265.0 26.0 20.0
4.966667 2 213.0 265.0 24.0 22.0
5.000000 2 213.0 267.0 24.0 19.0
5.033333 2 213.0 267.0 29.0 21.0
5.066667 2 208.0 265.0 33.0 22.0
5.100000 2 208.0 265.0 28.0 22.0
5.133333 2 209.0 267.0 27.0 18.0
5.166667 2 209.0 267.0 25.0 24.0
5.200000 2 209.0 267.0 27.0 24.0
5.233333 2 209.0 267.0 26.0 24.0
5.266667 2 207.0 270.0 28.0 21.0
5.300000 2 207.0 270.0 24.0 19.0
5.333333 2 210.0 274.0 21.0 14.0
5.366667 2 210.0 274.0 19.0 17.0
5.400000 2 208.0 273.0 22.0 18.0
5.433333 2 208.0 273.0 20.0 17.0
5.466667 2 207.0 277.0 21.0 13.0
5.500000 2 207.0 276.0 24.0 16.0
5.533333 2 208.0 279.0 23.0 13.0
5.566667 2 207.0 278.0 21.0 15.0
5.600000 2 204.0 280.0 24.0 13.0
5.633333 2 204.0 279.0 25.0 16.0
5.666667 2 206.0 282.0 24.0 13.0
5.700000 2 205.0 282.0 23.0 14.0
5.733333 2 205.0 284.0 24.0 12.0
5.766667 2 205.0 284.0 22.0 11.0
5.800000 2 205.0 282.0 22.0 13.0
5.833333 2 205.0 281.0 25.0 19.0
5.866667 2 207.0 279.0 23.0 21.0
5.900000 2 207.0 279.0 24.0 19.0
5.933333 2 204.0 282.0 27.0 16.0
5.966667 2 204.0 282.0 24.0 18.0
6.000000 2 206.0 284.0 22.0 16.0
6.033333 2 206.0 284.0 22.0 13.0
6.066667 2 208.0 284.0 21.0 13.0
6.100000 2 208.0 284.0 20.0 18.0
6.133333 2 208.0 283.0 20.0 16.0
6.166667 2 207.0 282.0 21.0 21.0
6.200000 2 206.0 283.0 22.0 20.0
6.233333 2 205.0 283.0 23.0 17.0
6.266667 2 212.0 285.0 16.0 15.0
6.300000 2 212.0 284.0 19.0 13.0
6.333333 2 213.0 282.0 18.0 15.0
6.366667 2 213.0 282.0 23.0 19.0
6.400000 2 212.0 281.0 24.0 20.0
6.433333 2 212.0 281.0 26.0 21.0
6.466667 2 214.0 283.0 24.0 17.0
6.500000 2 213.0 282.0 26.0 18.0
6.533333 2 218.0 282.0 21.0 18.0
6.566667 2 218.0 282.0 24.0 18.0
6.600000 2 224.0 285.0 18.0 15.0
6.633333 2 224.0 285.0 20.0 15.0
6.666667 2 225.0 283.0 19.0 17.0
6.700000 2 225.0 283.0 23.0 18.0
6.733333 2 225.0 282.0 23.0 19.0
6.766667 2 225.0 282.0 26.0 18.0
6.800000 2 229.0 279.0 23.0 20.0
6.833333 2 229.0 279.0 30.0 27.0
6.866667 2 234.0 282.0 25.0 22.0
6.900000 2 234.0 282.0 28.0 21.0
6.933333 2 238.0 281.0 24.0 22.0
6.966667 2 238.0 281.0 23.0 20.0
7.000000 2 243.0 282.0 18.0 19.0
7.033333 2 243.0 282.0 24.0 19.0
7.066667 2 243.0 284.0 24.0 17.0
7.100000 2 250.0 282.0 19.0 21.0
7.133333 2 253.0 284.0 16.0 19.0
7.166667 2 252.0 283.0 21.0 17.0
7.200000 2 260.0 282.0 13.0 18.0
7.233333 2 260.0 282.0 19.0 19.0
7.266667 2 264.0 284.0 15.0 17.0
7.300000 2 264.0 284.0 19.0 18.0
7.333333 2 267.0 281.0 18.0 21.0
7.366667 2 267.0 281.0 25.0 24.0
7.400000 2 275.0 285.0 16.0 20.0
7.433333 2 274.0 285.0 20.0 20.0
7.466667 2 279.0 287.0 15.0 18.0
7.500000 2 279.0 287.0 20.0 16.0
7.533333 2 282.0 285.0 18.0 17.0
7.566667 2 282.0 285.0 24.0 18.0
7.600000 2 291.0 287.0 15.0 16.0
7.633333 2 291.0 287.0 20.0 16.0
7.666667 2 294.0 285.0 18.0 17.0
7.700000 2 293.0 284.0 25.0 20.0
7.733333 2 299.0 288.0 19.0 16.0
7.766667 2 299.0 288.0 25.0 13.0
7.800000 2 303.0 285.0 21.0 16.0
7.833333 2 303.0 285.0 26.0 17.0
7.866667 2 306.0 285.0 23.0 17.0
7.900000 2 307.0 285.0 26.0 15.0
7.933333 2 314.0 284.0 19.0 16.0
7.966667 2 314.0 284.0 22.0 16.0
8.000000 2 311.0 280.0 25.0 20.0
8.033333 2 311.0 279.0 28.0 21.0
8.066667 2 316.0 279.0 23.0 19.0
8.100000 2 316.0 279.0 26.0 18.0
8.133333 2 315.0 276.0 27.0 21.0
8.166667 2 316.0 276.0 26.0 19.0
8.200000 2 318.0 274.0 22.0 18.0
8.233333 2 318.0 274.0 25.0 20.0
8.266667 2 321.0 271.0 22.0 23.0
8.300000 2 321.0 271.0 27.0 23.0
8.333333 2 319.0 267.0 29.0 22.0
8.366667 2 319.0 267.0 33.0 26.0
8.400000 2 324.0 264.0 26.0 22.0
8.433333 2 324.0 264.0 27.0 22.0
8.466667 2 327.0 264.0 24.0 21.0
8.500000 2 327.0 263.0 24.0 19.0
8.533333 2 327.0 264.0 24.0 18.0
8.566667 2 327.0 263.0 25.0 16.0
8.600000 2 327.0 258.0 27.0 21.0
8.633333 2 327.0 258.0 24.0 18.0
8.666667 2 328.0 256.0 23.0 18.0
8.700000 2 328.0 256.0 24.0 20.0
8.733333 2 327.0 254.0 27.0 20.0
8.766667 2 327.0 254.0 27.0 19.0
8.800000 2 331.0 253.0 23.0 19.0
8.833333 2 331.0 253.0 21.0 17.0
8.866667 2 329.0 250.0 23.0 19.0
8.900000 2 330.0 250.0 26.0 16.0
8.933333 2 331.0 244.0 26.0 22.0
8.966667 2 331.0 244.0 29.0 22.0
9.000000 2 335.0 245.0 25.0 20.0
9.033333 2 335.0 245.0 23.0 17.0
9.066667 2 337.0 243.0 21.0 19.0
9.100000 2 337.0 243.0 23.0 16.0
9.133333 2 335.0 239.0 25.0 20.0
9.166667 2 335.0 239.0 25.0 15.0
9.200000 2 336.0 232.0 24.0 22.0
9.233333 2 336.0 232.0 26.0 22.0
9.266667 2 339.0 236.0 23.0 18.0
9.300000 2 340.0 236.0 26.0 17.0
9.333333 2 339.0 232.0 26.0 18.0
9.366667 2 339.0 232.0 26.0 18.0
9.400000 2 341.0 230.0 25.0 20.0
9.433333 2 341.0 230.0 25.0 12.0
9.466667 2 342.0 223.0 24.0 19.0
9.500000 2 342.0 222.0 24.0 18.0
9.533333 2 345.0 223.0 21.0 17.0
9.566667 2 345.0 223.0 24.0 15.0
9.600000 2 342.0 218.0 27.0 20.0
9.633333 2 342.0 218.0 29.0 17.0
9.666667 2 349.0 216.0 23.0 19.0
9.700000 2 350.0 216.0 24.0 16.0
9.733333 2 350.0 211.0 24.0 21.0
9.766667 2 350.0 211.0 23.0 14.0
9.800000 2 353.0 209.0 20.0 16.0
9.833333 2 353.0 209.0 21.0 16.0
9.866667 2 352.0 205.0 23.0 20.0
9.900000 2 352.0 205.0 24.0 18.0
9.933333 2 353.0 204.0 23.0 19.0
9.966667 2 353.0 204.0 23.0 15.0
10.000000 2 350.0 204.0 26.0 15.0
10.033333 2 351.0 204.0 30.0 15.0
10.066667 2 355.0 205.0 26.0 14.0
10.100000 2 355.0 205.0 26.0 12.0
10.133333 2 361.0 201.0 20.0 16.0
10.166667 2 361.0 201.0 22.0 13.0
10.200000 2 363.0 200.0 20.0 14.0
10.233333 2 363.0 200.0 22.0 14.0
10.266667 2 361.0 198.0 24.0 16.0
10.300000 2 361.0 198.0 27.0 19.0
10.333333 2 363.0 197.0 25.0 20.0
10.366667 2 363.0 197.0 27.0 16.0
10.400000 2 366.0 197.0 20.6 16.5
