0.000000 2 502.0 40.0 39.0 33.0
0.033333 2 503.0 46.2 34.2 41.1
0.066667 2 502.2 51.2 34.3 41.1
0.100000 2 500.3 60.2 34.3 41.1
0.133333 2 498.2 69.4 34.4 41.1
0.166667 2 496.9 73.6 34.4 41.2
0.200000 2 495.1 82.5 33.9 40.9
0.233333 2 494.1 86.6 34.0 40.9
0.266667 2 492.1 95.0 33.9 40.9
0.300000 2 491.2 98.8 33.7 40.6
0.333333 2 489.3 106.7 33.6 40.5
0.366667 2 487.3 113.7 33.8 40.5
0.400000 2 485.5 119.8 34.0 40.8
0.433333 2 484.4 126.5 33.6 40.3
0.466667 2 483.5 128.9 33.9 40.6
0.500000 2 482.2 134.7 33.8 40.5
0.533333 2 481.1 139.7 33.7 40.6
0.566667 2 480.1 141.8 34.5 41.1
0.600000 2 479.1 146.5 34.3 41.0
0.633333 2 476.6 157.1 34.0 40.9
0.666667 2 475.8 161.4 33.7 40.6
0.700000 2 475.0 162.9 34.4 41.1
0.733333 2 474.0 166.8 34.6 41.2
0.766667 2 473.6 168.7 34.0 40.9
0.800000 2 473.1 172.6 33.8 40.6
0.833333 2 472.0 175.6 34.5 41.0
0.866667 2 470.9 178.7 34.6 41.2
0.900000 2 470.9 180.7 33.8 40.6
0.933333 2 469.9 183.5 34.3 41.0
0.966667 2 468.8 186.7 34.5 41.2
1.000000 2 467.7 189.8 34.4 41.2
1.033333 2 466.9 193.3 34.0 40.8
1.066667 2 465.7 196.6 34.1 40.9
1.100000 2 464.8 197.9 34.4 41.1
1.133333 2 463.7 201.7 34.1 40.9
1.166667 2 462.1 205.4 34.4 40.9
1.200000 2 460.7 209.1 34.1 40.8
1.233333 2 459.7 210.8 34.0 40.8
1.266667 2 457.9 214.8 34.0 40.7
1.300000 2 456.9 216.7 34.0 40.8
1.333333 2 455.0 220.6 33.9 40.7
1.366667 2 454.0 222.6 33.8 40.5
1.400000 2 451.7 226.7 34.0 40.7
1.433333 2 449.0 230.6 34.7 41.2
1.466667 2 446.9 234.6 34.2 40.8
1.500000 2 445.5 237.2 34.1 40.8
1.533333 2 442.9 240.8 34.0 40.7
1.566667 2 441.2 243.4 34.4 40.9
1.600000 2 438.2 247.6 34.4 41.0
1.633333 2 437.0 250.5 33.8 40.6
1.666667 2 433.7 254.9 34.0 40.9
1.700000 2 430.1 260.1 34.5 41.1
1.733333 2 428.7 262.5 34.0 40.8
1.766667 2 424.8 267.9 34.3 41.1
1.800000 2 421.2 273.3 34.5 41.1
1.833333 2 417.4 278.2 34.4 41.0
1.866667 2 415.8 281.3 33.9 40.7
1.900000 2 411.6 285.7 34.3 41.1
1.933333 2 407.8 291.5 34.0 40.8
1.966667 2 403.9 295.9 34.6 41.0
2.000000 2 402.0 298.5 34.4 40.8
2.033333 2 398.6 301.8 34.7 41.4
2.066667 2 395.5 304.9 34.9 41.7
2.100000 2 393.9 306.4 34.9 41.4
2.133333 2 391.4 308.3 35.2 41.9
2.166667 2 389.8 310.5 35.3 41.9
2.200000 2 389.2 311.0 35.1 42.0
2.233333 2 388.3 312.5 35.5 42.3
2.266667 2 388.0 313.0 35.6 42.4
2.300000 2 388.2 314.0 35.5 42.3
2.333333 2 388.0 314.2 35.9 42.7
2.366667 2 389.4 315.9 35.8 42.3
2.400000 2 391.0 316.6 36.1 42.7
2.433333 2 391.8 316.6 36.4 43.1
2.466667 2 394.3 317.1 36.3 42.9
2.500000 2 397.9 317.6 35.8 42.6
2.533333 2 401.4 317.9 36.1 42.6
2.566667 2 405.3 318.1 36.1 42.5
2.600000 2 407.3 318.3 36.1 42.5
2.633333 2 411.3 317.9 35.8 42.2
2.666667 2 415.4 317.9 35.8 42.2
2.700000 2 419.4 318.1 36.1 42.5
2.733333 2 421.5 318.1 36.0 42.5
2.766667 2 425.4 318.2 36.2 42.8
2.800000 2 427.6 318.4 35.9 42.5
2.833333 2 431.4 319.0 36.2 42.7
2.866667 2 435.2 319.7 36.0 42.4
2.900000 2 437.5 320.3 36.1 42.6
2.933333 2 441.1 321.0 36.3 42.8
2.966667 2 443.1 322.0 36.2 42.7
3.000000 2 447.0 323.1 35.7 42.4
3.033333 2 450.3 324.7 36.0 42.5
3.066667 2 452.3 326.0 36.4 42.9
3.100000 2 456.2 327.7 35.6 42.3
3.133333 2 457.4 328.6 36.1 42.5
3.166667 2 461.0 331.2 35.8 42.5
3.200000 2 462.2 332.3 36.3 42.8
3.233333 2 465.3 335.6 36.2 42.6
3.266667 2 468.2 338.8 36.1 42.5
3.300000 2 469.4 340.2 36.3 42.8
3.333333 2 472.2 343.7 36.0 42.5
3.366667 2 473.0 345.1 36.4 42.9
3.400000 2 475.5 349.5 35.9 42.4
3.433333 2 477.9 353.8 35.4 42.1
3.466667 2 478.3 355.7 36.0 42.4
3.500000 2 480.2 360.3 36.2 42.7
3.533333 2 482.2 364.2 35.9 42.5
3.566667 2 483.2 367.5 35.3 42.1
3.600000 2 484.4 371.1 35.5 42.1
3.633333 2 485.6 376.7 35.7 42.2
3.666667 2 486.4 378.2 35.1 41.8
3.700000 2 488.5 384.3 32.6 39.2
3.733333 2 490.6 388.9 31.0 37.4
3.766667 2 490.7 390.7 31.8 38.3
3.800000 2 491.9 394.7 31.1 37.2
3.833333 2 491.0 407.0 35.0 18.0
3.866667 2 493.0 411.0 33.0 20.0
3.900000 2 492.0 414.0 35.0 18.0
3.933333 2 492.0 418.0 36.0 17.0
3.966667 2 492.0 418.0 35.0 19.0
4.000000 2 494.0 420.0 33.0 21.0
4.033333 2 493.0 425.0 36.0 17.0
4.066667 2 494.0 429.0 35.0 19.0
4.100000 2 494.0 433.0 38.0 18.0
4.133333 2 496.0 430.0 36.0 21.0
4.166667 2 497.0 436.0 32.0 18.0
4.200000 2 496.0 436.0 42.0 21.0
4.233333 2 499.0 441.0 38.0 20.0
4.266667 2 498.0 441.0 34.0 19.0
4.300000 2 497.0 444.0 36.0 18.0
4.333333 2 498.0 445.0 39.0 19.0
4.366667 2 498.0 447.0 39.0 17.0
4.400000 2 498.0 447.0 39.0 24.0
4.433333 2 502.0 450.0 35.0 21.0
4.466667 2 501.0 450.0 33.0 21.0
4.500000 2 503.0 453.0 31.0 18.0
4.533333 2 503.0 453.0 32.0 18.0
4.566667 2 503.0 457.0 32.0 14.0
4.600000 2 503.0 457.0 32.0 21.0
4.633333 2 503.0 460.0 32.0 18.0
4.666667 2 503.0 460.0 31.0 19.0
4.700000 2 498.0 459.0 36.0 20.0
4.733333 2 498.0 459.0 37.0 24.0
4.766667 2 498.0 462.0 37.0 21.0
4.800000 2 498.0 462.0 36.0 25.0
4.833333 2 499.0 465.0 35.0 22.0
4.866667 2 499.0 465.0 32.0 22.0
4.900000 2 498.0 468.0 33.0 19.0
4.933333 2 498.0 468.0 29.0 19.0
4.966667 2 491.0 467.0 36.0 20.0
5.000000 2 491.0 467.0 38.0 20.0
5.033333 2 490.0 465.0 39.0 22.0
5.066667 2 490.0 465.0 35.0 22.0
5.100000 2 489.0 468.0 36.0 19.0
5.133333 2 489.0 468.0 33.0 19.0
5.166667 2 485.0 471.0 37.0 16.0
5.200000 2 485.0 471.0 39.0 21.0
5.233333 2 483.0 467.0 41.0 25.0
5.266667 2 483.0 467.0 33.0 22.0
5.300000 2 476.0 468.0 40.0 21.0
5.333333 2 476.0 468.0 34.0 22.0
5.366667 2 471.0 471.0 39.0 19.0
5.400000 2 471.0 471.0 39.0 19.0
5.433333 2 465.0 467.0 45.0 23.0
5.466667 2 465.0 466.0 36.0 21.0
5.500000 2 463.0 465.0 38.0 22.0
5.533333 2 463.0 465.0 38.0 21.0
5.566667 2 462.0 465.0 39.0 21.0
5.600000 2 462.0 465.0 36.0 24.0
5.633333 2 453.0 461.0 45.0 28.0
5.666667 2 453.0 461.0 37.0 25.0
5.700000 2 453.0 461.0 37.0 25.0
5.733333 2 453.0 461.0 31.0 21.0
5.766667 2 447.0 459.0 37.0 23.0
5.800000 2 447.0 459.0 33.0 25.0
5.833333 2 442.0 463.0 38.0 21.0
5.866667 2 442.0 463.0 31.0 17.0
5.900000 2 440.0 459.0 33.0 21.0
5.933333 2 440.0 459.0 31.0 20.0
5.966667 2 438.0 456.0 33.0 23.0
6.000000 2 438.0 456.0 29.0 20.0
6.033333 2 426.0 457.0 41.0 19.0
6.066667 2 426.0 457.0 36.0 20.0
6.100000 2 421.0 449.0 41.0 28.0
6.133333 2 422.0 449.0 31.0 25.0
6.166667 2 416.0 447.0 37.0 27.0
6.200000 2 415.0 446.0 37.0 25.0
6.233333 2 411.0 442.0 40.0 29.0
6.266667 2 413.0 442.0 34.0 25.0
6.300000 2 404.0 436.0 43.0 30.0
6.333333 2 404.0 436.0 31.0 27.0
6.366667 2 399.0 431.0 36.0 32.0
6.400000 2 399.0 431.0 30.0 24.0
6.433333 2 393.0 426.0 36.0 29.0
6.466667 2 393.0 426.0 30.0 20.0
6.500000 2 385.0 420.0 38.0 26.0
6.533333 2 385.0 420.0 31.0 18.0
6.566667 2 376.0 413.0 40.0 25.0
6.600000 2 375.0 409.0 36.0 20.0
6.633333 2 362.2 394.4 49.3 37.6
6.666667 2 367.1 400.5 32.0 23.9
6.700000 2 364.8 399.1 32.9 24.2
6.733333 2 359.0 393.2 37.7 26.9
6.766667 2 355.5 387.9 38.3 27.2
6.800000 2 354.1 385.9 37.6 26.7
6.833333 2 351.3 381.0 37.5 26.6
6.866667 2 348.4 375.7 38.3 27.3
6.900000 2 347.4 373.3 37.7 26.8
6.933333 2 345.5 368.0 38.3 27.2
6.966667 2 344.5 365.2 38.2 27.2
7.000000 2 343.5 360.3 38.3 27.4
7.033333 2 343.4 355.4 37.4 26.6
7.066667 2 343.3 353.0 37.4 26.6
7.100000 2 343.4 347.3 38.0 27.1
7.133333 2 344.0 345.0 37.6 26.8
7.166667 2 345.4 339.5 37.7 26.9
7.200000 2 347.3 334.2 37.4 26.6
7.233333 2 348.4 331.6 37.7 26.9
7.266667 2 351.0 326.0 37.7 26.8
7.300000 2 353.6 320.6 38.3 27.2
7.333333 2 355.3 318.0 37.5 26.7
7.366667 2 358.3 312.4 37.7 26.9
7.400000 2 359.4 309.5 38.4 27.4
7.433333 2 363.0 304.3 37.7 26.8
7.466667 2 364.4 301.2 38.4 27.3
7.500000 2 368.0 296.2 37.7 26.8
7.533333 2 369.4 293.1 38.3 27.3
7.566667 2 373.1 288.4 37.6 26.8
7.600000 2 376.4 283.1 37.7 26.8
7.633333 2 378.2 280.5 37.7 26.9
7.666667 2 381.3 275.3 38.0 27.1
7.700000 2 384.4 270.2 38.4 27.3
7.733333 2 386.4 268.1 37.7 26.8
7.766667 2 389.4 263.3 38.0 27.0
7.800000 2 392.6 258.6 38.2 27.2
7.833333 2 394.3 256.3 37.7 26.9
7.866667 2 397.3 252.1 37.6 26.8
7.900000 2 400.2 247.4 37.7 26.9
7.933333 2 401.3 245.2 38.2 27.2
7.966667 2 404.2 241.2 37.6 26.7
8.000000 2 406.4 237.0 38.1 27.1
8.033333 2 408.6 233.1 38.1 27.1
8.066667 2 409.8 231.3 38.0 27.2
8.100000 2 411.5 227.7 38.3 27.3
8.133333 2 413.3 224.5 37.7 26.8
8.166667 2 414.3 220.9 37.8 26.9
8.200000 2 415.1 219.1 37.8 26.9
8.233333 2 415.3 215.4 37.7 26.8
8.266667 2 415.3 213.3 38.5 27.4
8.300000 2 415.5 209.5 38.5 27.4
8.333333 2 415.2 205.7 38.5 27.5
8.366667 2 415.2 203.7 38.2 27.2
8.400000 2 414.5 199.6 38.5 27.4
8.433333 2 414.2 197.2 38.0 27.1
8.466667 2 413.2 192.7 38.9 27.8
8.500000 2 413.2 191.0 37.6 26.8
8.533333 2 412.2 186.4 38.5 27.4
8.566667 2 411.8 181.7 38.0 27.1
8.600000 2 411.2 179.7 38.5 27.4
8.633333 2 410.9 175.0 37.9 27.0
8.666667 2 410.2 170.3 38.3 27.4
8.700000 2 410.2 167.9 37.6 26.8
8.733333 2 410.0 162.6 37.8 27.0
8.766667 2 410.3 157.8 38.0 27.1
8.800000 2 410.3 155.1 38.2 27.2
8.833333 2 411.4 150.1 37.7 26.8
8.866667 2 412.1 147.6 37.7 26.9
8.900000 2 413.1 142.3 37.7 26.8
8.933333 2 414.2 137.0 37.6 26.7
8.966667 2 414.9 134.6 37.9 27.0
9.000000 2 416.2 129.3 37.6 26.8
9.033333 2 417.3 127.2 37.7 26.8
9.066667 2 418.4 121.7 38.4 27.3
9.100000 2 419.4 119.7 37.9 27.0
9.133333 2 421.1 115.0 37.6 26.7
9.166667 2 422.3 110.6 37.9 27.1
9.200000 2 423.7 105.9 38.1 27.1
9.233333 2 424.5 103.8 38.5 27.4
9.266667 2 425.9 99.3 38.0 27.2
9.300000 2 426.3 97.0 38.0 27.1
9.333333 2 427.6 92.8 38.3 27.2
9.366667 2 429.2 88.1 37.7 26.8
9.400000 2 429.2 86.1 38.5 27.5
9.433333 2 430.3 81.5 38.3 27.3
9.466667 2 431.2 77.0 38.6 27.6
9.500000 2 432.4 72.9 38.5 27.4
9.533333 2 433.3 69.0 38.1 27.1
9.566667 2 434.7 61.0 38.2 27.3
9.600000 2 435.3 56.7 38.7 27.5
9.633333 2 435.1 55.0 39.0 27.9
9.666667 2 436.2 51.1 38.1 27.1
9.700000 2 436.2 50.2 38.2 27.3
9.733333 2 436.8 45.9 38.1 27.1
9.766667 2 437.3 43.1 38.1 27.1
9.800000 2 437.2 41.3 37.8 26.9
9.833333 2 437.3 38.5 38.7 27.5
9.866667 2 437.9 35.4 38.1 27.2
9.900000 2 437.8 32.3 38.2 27.3
9.933333 2 438.1 31.3 38.9 27.7
9.966667 2 438.2 28.6 38.2 27.2
10.000000 2 438.6 27.0 38.4 27.3
10.033333 2 439.1 24.4 38.1 27.2
10.066667 2 439.1 22.1 38.7 27.5
10.100000 2 439.1 21.0 38.6 27.4
10.133333 2 439.2 19.0 38.9 27.7
10.166667 2 440.1 17.9 37.9 26.9
10.200000 2 440.0 16.5 38.1 27.2
10.233333 2 440.1 15.1 38.3 27.3
10.266667 2 440.5 13.0 38.6 27.5
10.300000 2 441.0 13.0 38.0 27.0
