0.000000 2 318.0 373.2 28.9 21.7
0.033333 2 318.0 370.0 30.0 26.0
0.066667 2 323.0 375.0 25.0 21.0
0.100000 2 323.0 375.0 30.0 21.0
0.133333 2 327.0 376.0 26.0 20.0
0.166667 2 327.0 377.0 27.0 21.0
0.200000 2 328.0 376.0 26.0 22.0
0.233333 2 328.0 376.0 27.0 24.0
0.266667 2 333.0 381.0 22.0 19.0
0.300000 2 333.0 381.0 23.0 20.0
0.333333 2 333.0 382.0 30.0 23.0
0.366667 2 335.0 387.0 28.0 18.0
0.400000 2 335.0 387.0 27.0 19.0
0.433333 2 340.0 388.0 22.0 18.0
0.466667 2 340.0 388.0 24.0 20.0
0.500000 2 342.0 388.0 22.0 20.0
0.533333 2 342.0 388.0 25.0 22.0
0.566667 2 342.0 388.0 25.0 22.0
0.600000 2 342.0 388.0 27.0 21.0
0.633333 2 345.0 388.0 24.0 21.0
0.666667 2 346.0 389.0 25.0 22.0
0.700000 2 349.0 388.0 22.0 23.0
0.733333 2 349.0 388.0 26.0 18.0
0.766667 2 351.0 390.0 24.0 16.0
0.800000 2 351.0 391.0 27.0 17.0
0.833333 2 357.0 388.0 21.0 20.0
0.866667 2 357.0 388.0 22.0 17.0
0.900000 2 355.0 385.0 24.0 20.0
0.933333 2 355.0 385.0 30.0 16.0
0.966667 2 363.0 384.0 21.0 15.0
1.000000 2 360.4 382.2 25.5 18.7
1.033333 2 362.6 375.4 25.5 28.5
1.066667 2 358.5 373.0 37.8 34.3
1.100000 2 361.5 372.4 35.7 32.1
1.133333 2 362.4 371.3 36.0 32.3
1.166667 2 363.5 369.1 38.1 33.9
1.200000 2 364.1 365.4 41.4 37.1
1.233333 2 364.0 363.2 43.6 39.7
1.266667 2 368.6 363.7 38.7 34.8
1.300000 2 372.8 365.8 32.5 28.9
1.333333 2 375.2 364.0 32.1 28.2
1.366667 2 374.7 361.8 35.2 30.3
1.400000 2 375.0 356.6 39.9 35.9
1.433333 2 379.3 356.2 35.7 32.3
1.466667 2 381.0 353.8 36.7 32.3
1.500000 2 380.9 348.1 41.9 38.4
1.533333 2 384.1 349.0 37.9 34.0
1.566667 2 386.4 346.7 37.6 33.7
1.600000 2 387.5 345.2 37.7 33.8
1.633333 2 389.5 342.6 37.8 33.8
1.666667 2 390.5 341.2 37.8 33.8
1.700000 2 392.2 337.9 38.3 34.6
1.733333 2 394.1 335.1 38.0 34.4
1.766667 2 393.3 329.9 42.9 38.9
1.800000 2 396.8 331.7 36.9 33.0
1.833333 2 395.4 325.8 42.6 38.8
1.866667 2 396.2 322.5 43.1 39.2
1.900000 2 400.2 325.2 36.2 31.2
1.933333 2 401.4 322.4 35.6 31.3
1.966667 2 402.0 319.6 36.3 32.1
2.000000 2 402.7 319.0 35.1 31.1
2.033333 2 401.3 314.8 39.4 35.3
2.066667 2 402.9 316.1 36.7 31.5
2.100000 2 399.5 309.7 44.9 39.9
2.133333 2 404.3 313.6 35.8 30.6
2.166667 2 404.4 312.7 35.3 31.2
2.200000 2 403.8 312.0 36.7 32.6
2.233333 2 403.8 312.1 36.6 32.0
2.266667 2 403.2 311.4 37.9 33.3
2.300000 2 400.7 310.0 41.9 37.3
2.333333 2 402.9 312.8 37.3 32.1
2.366667 2 400.5 311.2 41.0 36.7
2.400000 2 401.7 314.0 36.5 32.4
2.433333 2 401.6 314.9 35.8 31.4
2.466667 2 401.9 316.2 34.3 29.7
2.500000 2 394.0 309.5 47.8 43.8
2.533333 2 398.3 316.2 36.2 31.5
2.566667 2 397.5 316.4 36.3 31.0
2.600000 2 392.5 312.6 42.9 38.1
2.633333 2 395.9 317.2 32.2 28.0
2.666667 2 393.1 315.3 33.8 30.0
2.700000 2 396.3 316.2 27.0 27.0
2.733333 2 389.1 313.2 34.5 30.5
2.766667 2 386.9 312.1 34.3 30.2
2.800000 2 383.7 309.4 35.5 31.4
2.833333 2 384.2 310.5 31.5 27.7
2.866667 2 381.8 308.8 31.1 27.2
2.900000 2 378.4 305.6 34.9 31.1
2.933333 2 376.4 304.6 33.4 28.9
2.966667 2 375.2 303.9 29.9 25.7
3.000000 2 366.4 294.6 44.9 41.3
3.033333 2 366.0 295.6 39.1 35.7
3.066667 2 364.4 295.7 36.1 32.1
3.100000 2 356.4 288.1 48.9 45.4
3.133333 2 358.0 291.5 39.0 35.7
3.166667 2 358.8 295.0 30.7 27.2
3.200000 2 354.0 292.5 34.1 30.3
3.233333 2 353.4 293.5 31.4 28.0
3.266667 2 352.9 296.0 26.2 21.7
3.300000 2 346.0 293.0 32.4 28.8
3.333333 2 343.8 293.0 32.8 29.1
3.366667 2 334.8 287.5 44.4 40.2
3.400000 2 335.2 290.2 39.8 35.2
3.433333 2 333.8 290.9 38.6 33.8
3.466667 2 331.6 292.0 34.8 31.0
3.500000 2 329.1 293.2 31.9 27.9
3.533333 2 327.6 293.6 31.0 26.5
3.566667 2 322.3 291.4 33.7 29.2
3.600000 2 321.5 291.6 31.1 26.9
3.633333 2 319.4 291.3 27.4 24.0
3.666667 2 313.8 287.4 31.3 27.8
3.700000 2 311.8 287.0 28.3 24.6
3.733333 2 305.8 281.4 37.9 33.2
3.766667 2 307.9 284.2 26.3 22.7
3.800000 2 301.6 278.0 36.2 32.4
3.833333 2 298.2 274.8 37.0 33.2
3.866667 2 301.1 277.9 28.5 24.6
3.900000 2 295.5 272.0 34.3 30.3
3.933333 2 297.3 273.1 25.8 22.2
3.966667 2 294.5 270.3 29.1 25.2
4.000000 2 294.0 268.5 26.0 22.3
4.033333 2 290.9 264.2 28.0 24.5
4.066667 2 285.9 259.0 35.7 31.3
4.100000 2 289.9 261.0 24.0 20.8
4.133333 2 289.1 259.3 24.3 20.8
4.166667 2 288.9 256.9 22.2 19.0
4.200000 2 287.8 253.8 22.6 19.3
4.233333 2 282.7 248.0 32.2 27.6
4.266667 2 285.4 248.5 24.9 21.5
4.300000 2 282.1 244.4 31.4 27.6
4.333333 2 282.8 243.6 28.4 24.8
4.366667 2 282.6 242.5 28.7 24.9
4.400000 2 276.6 235.0 40.4 36.4
4.433333 2 281.6 240.2 29.6 25.2
4.466667 2 282.0 239.5 28.7 24.5
4.500000 2 281.1 238.0 30.4 26.1
4.533333 2 282.7 239.2 27.1 23.0
4.566667 2 279.9 235.6 32.8 28.8
4.600000 2 282.6 238.0 27.3 23.3
4.633333 2 276.4 231.3 40.8 35.2
4.666667 2 280.8 234.2 32.2 28.3
4.700000 2 283.2 235.1 28.1 24.3
4.733333 2 282.2 232.1 31.4 27.2
4.766667 2 283.0 231.8 30.4 26.3
4.800000 2 281.9 228.3 34.1 29.4
4.833333 2 283.5 228.2 31.5 27.5
4.866667 2 287.0 228.4 25.9 22.4
4.900000 2 285.0 224.8 30.8 27.1
4.933333 2 284.3 221.0 34.4 29.8
4.966667 2 287.7 220.7 29.4 25.1
5.000000 2 289.4 220.1 27.1 23.0
5.033333 2 289.2 218.1 28.4 24.3
5.066667 2 285.6 210.5 38.3 34.1
5.100000 2 289.0 210.5 33.9 29.0
5.133333 2 290.2 209.5 32.7 28.4
5.166667 2 288.7 204.3 38.0 34.1
5.200000 2 294.9 209.0 26.8 23.0
5.233333 2 291.5 203.3 36.5 31.5
5.266667 2 294.1 204.0 32.3 28.3
5.300000 2 289.9 197.7 44.1 38.4
5.333333 2 297.6 202.6 31.0 27.0
5.366667 2 300.6 203.8 27.4 23.5
5.400000 2 302.2 204.3 25.7 22.1
5.433333 2 300.3 201.1 32.5 27.9
5.466667 2 303.5 202.1 29.1 25.5
5.500000 2 300.9 199.3 35.9 31.0
5.533333 2 306.5 203.7 25.5 21.9
5.566667 2 307.9 203.5 25.9 22.1
5.600000 2 307.9 201.6 28.7 25.1
5.633333 2 309.9 202.3 26.3 23.0
5.666667 2 308.7 199.3 31.9 27.8
5.700000 2 313.8 201.6 24.3 21.4
5.733333 2 312.6 198.2 30.0 26.2
5.766667 2 315.4 198.2 27.2 23.9
5.800000 2 314.7 194.8 31.9 27.7
5.833333 2 316.1 194.7 30.5 26.7
5.866667 2 320.8 196.0 24.4 21.0
5.900000 2 320.2 193.9 27.3 23.4
5.933333 2 319.4 189.9 31.7 28.2
5.966667 2 320.2 188.9 31.7 28.2
6.000000 2 320.4 186.0 34.7 29.8
6.033333 2 323.8 185.2 30.7 27.6
6.066667 2 324.7 184.4 30.4 27.1
6.100000 2 326.1 182.5 30.6 26.9
6.133333 2 326.8 181.3 30.7 27.5
6.166667 2 326.4 178.0 34.9 30.0
6.200000 2 333.1 181.1 23.8 20.9
6.233333 2 333.0 179.3 26.0 23.0
6.266667 2 330.2 175.8 33.1 28.8
6.300000 2 335.3 178.1 25.7 22.6
6.333333 2 334.2 175.2 30.9 26.7
6.366667 2 337.0 177.1 26.4 22.9
6.400000 2 334.5 173.3 34.4 30.1
6.433333 2 338.7 176.7 27.1 23.6
6.466667 2 336.6 173.4 34.3 30.0
6.500000 2 336.4 173.1 37.1 31.8
6.533333 2 340.4 176.1 30.7 26.5
6.566667 2 342.8 177.3 28.2 24.8
6.600000 2 340.3 174.7 34.1 30.6
6.633333 2 344.5 178.4 27.4 24.2
6.666667 2 344.1 178.1 28.9 24.7
6.700000 2 343.2 176.5 32.2 28.8
6.733333 2 343.5 176.6 32.8 28.6
6.766667 2 343.6 176.0 33.4 30.1
6.800000 2 344.4 177.1 32.5 28.0
6.833333 2 346.4 178.6 29.0 25.2
6.866667 2 348.0 180.1 26.0 22.9
6.900000 2 344.4 176.8 33.7 30.7
6.933333 2 348.5 181.3 25.4 22.3
6.966667 2 348.0 181.0 26.5 23.4
7.000000 2 346.4 180.0 29.3 26.6
7.033333 2 344.9 180.3 31.9 27.5
7.066667 2 347.1 183.2 26.0 23.0
7.100000 2 345.8 183.4 27.8 24.0
7.133333 2 345.7 184.7 26.4 23.4
7.166667 2 344.2 184.9 27.6 24.9
7.200000 2 341.3 183.6 31.6 28.9
7.233333 2 342.4 185.9 28.4 24.6
7.266667 2 342.2 187.0 26.4 23.3
7.300000 2 338.0 184.2 32.4 30.0
7.333333 2 339.9 187.7 26.0 23.6
7.366667 2 338.6 188.2 25.7 22.6
7.400000 2 338.1 188.3 25.3 22.4
7.433333 2 336.4 188.1 25.5 23.1
7.466667 2 333.0 186.5 29.5 26.7
7.500000 2 332.0 186.2 29.6 27.3
7.533333 2 328.3 184.4 33.8 31.5
7.566667 2 328.3 186.7 30.5 27.2
7.600000 2 328.3 188.6 26.9 23.8
7.633333 2 326.7 188.1 28.2 25.4
7.666667 2 324.8 188.7 28.2 25.6
7.700000 2 320.8 187.2 32.9 30.2
7.733333 2 319.9 188.9 31.1 28.1
7.766667 2 319.9 191.4 27.7 24.3
7.800000 2 318.4 192.3 27.0 24.2
7.833333 2 315.6 193.3 27.0 24.4
7.866667 2 311.8 192.3 30.8 28.1
7.900000 2 308.4 191.6 34.3 30.7
7.933333 2 309.6 195.2 28.3 24.6
7.966667 2 309.2 195.6 27.2 24.2
8.000000 2 306.7 195.3 28.9 26.1
8.033333 2 307.2 197.0 26.0 23.1
8.066667 2 302.0 193.9 33.9 30.3
8.100000 2 304.5 198.2 25.1 22.5
8.133333 2 301.7 197.3 28.2 25.0
8.166667 2 300.6 198.1 27.5 24.4
8.200000 2 300.4 199.2 26.6 22.9
8.233333 2 296.6 197.1 31.3 28.2
8.266667 2 297.8 200.2 25.9 22.7
8.300000 2 292.2 196.2 35.3 32.0
8.333333 2 295.4 200.2 27.1 24.3
8.366667 2 293.8 200.0 28.4 25.6
8.400000 2 293.1 201.6 27.2 23.5
8.433333 2 293.7 202.4 25.3 22.0
8.466667 2 289.0 199.6 32.4 29.3
8.500000 2 289.8 201.3 29.7 25.7
8.533333 2 290.5 203.5 26.3 22.5
8.566667 2 290.7 204.7 24.4 21.2
8.600000 2 286.9 202.4 30.4 27.1
8.633333 2 289.4 205.5 24.9 21.4
8.666667 2 289.3 206.4 24.0 20.5
8.700000 2 284.4 202.0 33.6 30.2
8.733333 2 287.5 206.0 26.3 22.7
8.766667 2 288.4 207.5 24.0 20.4
8.800000 2 289.3 209.0 22.1 18.9
8.833333 2 289.7 209.6 20.8 17.7
8.866667 2 288.0 208.6 24.9 21.1
8.900000 2 287.9 208.9 25.1 21.5
8.933333 2 289.5 210.6 22.7 19.4
8.966667 2 290.4 211.2 21.3 18.2
9.000000 2 289.2 209.8 25.9 22.7
9.033333 2 292.1 212.1 21.9 18.8
9.066667 2 292.3 211.6 23.1 19.9
9.100000 2 294.5 213.4 20.8 17.9
9.133333 2 293.6 211.7 24.4 21.4
9.166667 2 295.4 212.7 23.1 19.9
9.200000 2 293.0 209.9 29.4 25.6
9.233333 2 296.7 212.3 25.0 22.1
9.266667 2 298.2 213.0 23.6 20.7
9.300000 2 297.5 211.7 28.0 24.2
9.333333 2 300.6 213.4 25.1 21.5
9.366667 2 300.3 212.5 27.0 23.1
9.400000 2 302.9 213.2 24.9 22.1
9.433333 2 304.7 214.3 22.8 20.0
9.466667 2 306.5 214.6 22.8 19.8
9.500000 2 305.9 213.5 25.7 22.3
9.533333 2 306.5 212.9 28.1 24.0
9.566667 2 307.9 213.5 26.7 23.2
9.600000 2 310.5 214.5 24.7 21.4
9.633333 2 311.6 214.0 25.9 22.4
9.666667 2 313.6 215.1 23.7 20.2
9.700000 2 315.3 215.5 22.9 19.6
9.733333 2 316.3 215.9 22.0 18.8
9.766667 2 316.3 214.6 24.5 21.3
9.800000 2 318.1 215.7 22.3 19.1
9.833333 2 317.8 214.3 25.0 21.7
9.866667 2 316.7 212.0 29.3 26.0
9.900000 2 317.9 213.2 27.6 23.7
9.933333 2 319.6 213.8 25.5 22.1
9.966667 2 321.7 215.1 22.2 19.1
10.000000 2 321.2 214.0 24.6 21.3
10.033333 2 320.5 213.1 26.0 22.9
10.066667 2 323.4 215.4 21.1 18.0
10.100000 2 323.7 215.5 20.9 17.8
10.133333 2 323.0 214.4 22.8 19.6
10.166667 2 321.5 212.8 26.3 22.5
10.200000 2 321.5 212.8 26.5 22.6
10.233333 2 321.2 212.5 27.0 23.0
10.266667 2 323.1 214.1 22.4 19.2
10.300000 2 323.4 214.2 21.3 18.6
10.333333 2 322.8 213.7 22.1 19.0
10.366667 2 321.5 212.9 23.8 20.6
10.400000 2 319.6 211.3 26.7 23.5
10.433333 2 320.1 211.5 25.1 22.1
10.466667 2 321.2 213.2 21.2 18.4
10.500000 2 318.0 210.1 27.5 23.9
10.533333 2 318.5 211.1 24.4 21.1
10.566667 2 316.6 209.7 26.3 22.8
10.600000 2 317.7 210.9 22.8 19.6
10.633333 2 317.1 211.1 21.6 18.5
10.666667 2 315.9 210.5 22.6 19.5
10.700000 2 316.0 210.7 20.4 17.5
10.733333 2 311.2 207.6 26.6 22.9
10.766667 2 312.5 209.6 20.8 17.9
10.800000 2 308.2 206.5 26.1 23.1
10.833333 2 308.5 208.3 21.4 18.4
10.866667 2 308.0 209.0 20.0 17.1
10.900000 2 302.7 205.1 26.8 23.9
10.933333 2 304.0 208.0 20.0 17.0
