0.000000 2 429.1 228.7 47.8 38.6
0.033333 2 428.3 231.2 48.2 38.9
0.066667 2 426.7 236.3 48.2 39.0
0.100000 2 425.9 239.0 48.5 39.1
0.133333 2 424.7 243.8 48.3 39.1
0.166667 2 423.8 248.6 48.0 38.8
0.200000 2 422.9 252.9 48.3 39.0
0.233333 2 422.4 254.9 48.6 39.3
0.266667 2 422.1 259.2 48.5 39.1
0.300000 2 422.0 261.0 48.7 39.3
0.333333 2 422.3 264.9 48.9 39.6
0.366667 2 423.4 268.5 48.6 39.3
0.400000 2 423.9 270.2 48.6 39.2
0.433333 2 425.4 272.9 49.0 39.6
0.466667 2 426.4 274.2 48.8 39.4
0.500000 2 428.4 276.7 49.1 39.6
0.533333 2 429.5 277.9 49.0 39.3
0.566667 2 431.9 280.2 48.9 39.2
0.600000 2 434.4 282.3 48.7 39.1
0.633333 2 436.6 284.2 48.7 39.0
0.666667 2 437.7 285.1 48.7 39.0
0.700000 2 440.0 287.0 48.5 38.7
0.733333 2 441.1 287.9 48.3 38.5
0.766667 2 443.0 289.3 48.7 38.8
0.800000 2 443.7 289.8 49.1 39.2
0.833333 2 445.8 291.4 48.7 38.9
0.866667 2 446.5 291.7 49.1 39.3
0.900000 2 448.2 292.8 49.2 39.5
0.933333 2 450.0 294.0 49.0 39.1
0.966667 2 451.3 294.8 49.2 39.4
1.000000 2 452.4 295.6 48.6 38.9
1.033333 2 453.6 296.4 48.7 39.0
1.066667 2 454.5 297.0 49.0 39.2
1.100000 2 455.3 297.5 48.5 38.8
1.133333 2 455.9 297.7 49.2 39.4
1.166667 2 457.2 298.7 48.3 38.4
1.200000 2 457.2 298.6 49.2 39.4
1.233333 2 457.7 299.1 48.9 39.0
1.266667 2 458.1 299.3 48.7 38.9
1.300000 2 458.3 299.3 48.7 39.0
1.333333 2 458.6 299.5 48.5 38.8
1.366667 2 458.6 299.6 48.5 38.7
1.400000 2 458.5 299.3 48.7 39.0
1.433333 2 458.2 298.9 49.1 39.4
1.466667 2 458.0 298.7 48.9 39.1
1.500000 2 458.2 298.9 48.1 38.2
1.533333 2 457.2 297.9 49.1 39.3
1.566667 2 457.1 297.6 48.3 38.4
1.600000 2 456.3 296.7 49.2 39.3
1.633333 2 455.8 296.2 48.7 38.8
1.666667 2 455.6 295.8 48.3 38.5
1.700000 2 454.7 294.8 48.2 38.5
1.733333 2 453.8 293.7 48.3 38.5
1.766667 2 453.0 292.9 48.8 38.9
1.800000 2 452.3 291.9 48.1 38.3
1.833333 2 451.3 290.6 49.1 39.3
1.866667 2 450.5 289.4 48.6 38.9
1.900000 2 450.0 288.9 48.2 38.3
1.933333 2 448.9 286.8 48.3 38.5
1.966667 2 448.4 285.6 48.6 38.8
2.000000 2 447.4 283.7 48.8 39.0
2.033333 2 446.9 281.5 48.6 38.8
2.066667 2 446.0 278.8 49.2 39.4
2.100000 2 445.8 277.7 49.1 39.1
2.133333 2 445.7 275.5 48.8 38.8
2.166667 2 445.6 274.0 49.1 39.1
2.200000 2 445.8 271.6 48.7 38.7
2.233333 2 446.3 268.6 48.8 39.0
2.266667 2 446.4 267.0 49.1 39.2
2.300000 2 447.4 264.0 49.0 39.1
2.333333 2 448.7 260.8 48.9 38.9
2.366667 2 449.4 259.1 48.9 39.0
2.400000 2 451.3 255.8 48.6 38.7
2.433333 2 453.1 252.0 48.7 38.8
2.466667 2 454.2 250.3 48.5 38.6
2.500000 2 456.7 246.6 48.1 38.4
2.533333 2 458.0 244.9 47.9 38.1
2.566667 2 460.5 241.1 47.7 37.8
2.600000 2 462.7 237.0 47.8 38.1
2.633333 2 463.9 235.1 47.9 38.2
2.666667 2 466.1 231.1 47.8 37.9
2.700000 2 467.1 229.2 47.9 38.0
2.733333 2 469.3 225.2 48.0 38.1
2.766667 2 470.3 223.1 48.3 38.5
2.800000 2 472.2 219.3 48.3 38.4
2.833333 2 474.1 215.4 48.3 38.3
2.866667 2 475.2 213.7 48.0 38.1
2.900000 2 476.8 210.1 48.0 38.2
2.933333 2 477.4 208.1 48.5 38.7
2.966667 2 479.2 205.3 47.8 37.8
3.000000 2 479.6 203.4 48.3 38.5
3.033333 2 481.1 200.5 48.2 38.2
3.066667 2 482.2 197.8 47.9 37.9
3.100000 2 482.6 196.1 48.4 38.6
3.133333 2 483.7 193.8 48.1 38.2
3.166667 2 484.3 191.4 48.3 38.3
3.200000 2 485.1 189.3 48.2 38.2
3.233333 2 485.3 188.3 48.2 38.2
3.266667 2 485.7 186.3 48.3 38.4
3.300000 2 486.0 185.7 48.1 38.1
3.333333 2 486.5 184.2 47.7 37.7
3.366667 2 486.3 182.6 48.1 38.1
3.400000 2 486.2 181.3 48.4 38.3
3.433333 2 486.4 180.2 48.0 38.0
3.466667 2 486.1 179.3 48.2 38.0
3.500000 2 485.8 178.3 48.4 38.3
3.533333 2 485.8 178.1 47.9 38.0
3.566667 2 485.1 177.3 48.4 38.2
3.600000 2 485.1 177.3 47.9 37.8
3.633333 2 484.4 176.7 48.2 38.1
3.666667 2 483.6 176.2 48.6 38.5
3.700000 2 483.3 176.2 48.5 38.3
3.733333 2 482.6 176.1 48.5 38.4
3.766667 2 482.4 176.2 48.4 38.2
3.800000 2 481.4 176.1 48.7 38.6
3.833333 2 480.4 176.6 48.3 38.2
3.866667 2 480.2 177.0 47.8 37.6
3.900000 2 479.4 177.4 47.5 37.3
3.933333 2 478.4 177.3 48.2 38.0
3.966667 2 477.1 177.7 48.1 37.9
4.000000 2 476.5 178.0 47.9 37.7
4.033333 2 474.9 178.3 48.4 38.2
4.066667 2 474.2 178.7 48.1 37.8
4.100000 2 472.7 179.0 48.0 37.9
4.133333 2 470.8 179.5 48.3 38.0
4.166667 2 470.2 180.0 47.9 37.6
4.200000 2 468.4 180.3 48.5 38.2
4.233333 2 467.6 180.8 48.2 38.0
4.266667 2 465.4 181.4 48.5 38.3
4.300000 2 463.7 182.3 48.4 38.2
4.333333 2 463.2 182.9 47.9 37.6
4.366667 2 460.9 183.5 48.3 38.0
4.400000 2 460.2 184.3 47.8 37.6
4.433333 2 458.3 185.3 47.8 37.5
4.466667 2 457.0 185.4 48.4 38.0
4.500000 2 454.9 186.3 48.5 38.2
4.533333 2 453.0 187.2 48.8 38.4
4.566667 2 452.3 187.8 48.2 37.9
4.600000 2 450.3 188.7 48.4 38.0
4.633333 2 448.2 189.6 48.5 38.2
4.666667 2 447.4 190.0 48.7 38.5
4.700000 2 445.7 191.1 48.2 38.0
4.733333 2 444.7 191.3 48.8 38.3
4.766667 2 443.2 192.1 48.4 38.0
4.800000 2 442.3 192.2 48.9 38.6
4.833333 2 441.0 193.1 48.3 37.8
4.866667 2 440.0 193.1 48.7 38.2
4.900000 2 438.8 193.6 48.5 38.0
4.933333 2 438.0 193.7 48.7 38.1
4.966667 2 436.7 194.1 48.8 38.2
5.000000 2 435.8 193.9 49.3 38.7
5.033333 2 434.9 194.8 48.7 38.1
5.066667 2 433.7 195.0 48.8 38.2
5.100000 2 432.8 194.9 49.6 39.0
5.133333 2 432.1 195.7 48.8 38.2
5.166667 2 430.9 195.9 49.1 38.5
5.200000 2 430.1 195.8 49.8 39.0
5.233333 2 429.5 196.3 49.3 38.5
5.266667 2 428.6 196.8 49.2 38.4
5.300000 2 427.5 196.9 49.6 38.7
5.333333 2 427.1 197.1 49.6 38.7
5.366667 2 426.3 197.7 49.3 38.5
5.400000 2 425.6 197.6 49.8 39.0
5.433333 2 424.5 198.0 50.0 39.1
5.466667 2 424.0 198.2 50.1 39.3
5.500000 2 422.8 198.5 50.5 39.6
5.533333 2 422.1 199.1 50.2 39.5
5.566667 2 420.9 199.6 50.5 39.7
5.600000 2 420.0 200.0 50.5 39.9
5.633333 2 419.7 200.6 50.3 39.4
5.666667 2 418.8 201.3 50.3 39.6
5.700000 2 418.4 201.8 50.3 39.5
5.733333 2 417.6 202.4 50.1 39.4
5.766667 2 416.8 203.3 49.9 39.3
5.800000 2 415.6 203.6 50.4 39.6
5.833333 2 414.9 204.1 50.2 39.6
5.866667 2 414.6 204.3 50.1 39.5
5.900000 2 413.6 204.8 50.3 39.6
5.933333 2 412.9 204.5 50.8 40.3
5.966667 2 412.4 205.3 50.3 39.7
6.000000 2 411.7 205.4 50.7 40.0
6.033333 2 411.0 205.6 50.7 40.1
6.066667 2 410.7 206.2 50.0 39.6
6.100000 2 410.0 206.0 50.7 40.2
6.133333 2 409.5 206.4 50.2 39.6
6.166667 2 408.9 206.2 50.9 40.3
6.200000 2 408.6 206.4 50.2 39.6
6.233333 2 407.7 206.2 50.6 40.1
6.266667 2 407.7 206.3 50.2 39.7
6.300000 2 406.8 205.8 50.5 40.2
6.333333 2 406.5 205.7 50.4 39.9
6.366667 2 406.0 204.8 51.0 40.5
6.400000 2 405.4 204.1 51.3 40.7
6.433333 2 405.1 203.1 51.2 40.5
6.466667 2 405.3 202.7 51.0 40.4
6.500000 2 405.1 201.3 51.5 40.9
6.533333 2 404.9 200.6 51.7 41.0
6.566667 2 404.9 198.8 52.6 41.8
6.600000 2 405.8 197.5 52.0 41.1
6.633333 2 406.6 195.9 52.1 41.2
6.666667 2 407.8 194.0 52.2 41.3
6.700000 2 408.4 193.1 52.3 41.5
6.733333 2 409.8 191.0 52.9 42.1
6.766667 2 410.7 189.9 53.1 42.3
6.800000 2 412.9 188.0 53.0 42.2
6.833333 2 414.4 187.2 52.5 41.7
6.866667 2 416.8 184.8 52.5 41.8
6.900000 2 418.2 183.7 52.6 41.9
6.933333 2 420.8 181.2 52.8 42.2
6.966667 2 422.5 180.4 52.3 41.7
7.000000 2 425.5 178.1 52.2 41.6
7.033333 2 428.1 175.8 52.8 42.3
7.066667 2 429.6 174.9 52.5 41.9
7.100000 2 432.4 172.7 52.5 42.0
7.133333 2 433.6 171.7 52.7 42.1
7.166667 2 436.4 169.8 52.5 41.9
7.200000 2 437.5 168.7 52.8 42.2
7.233333 2 439.2 166.6 53.7 43.1
7.266667 2 440.2 165.7 53.9 43.1
7.300000 2 442.2 164.2 53.6 43.0
7.333333 2 443.7 162.7 53.9 43.1
7.366667 2 444.3 161.8 54.2 43.6
7.400000 2 445.6 160.7 54.1 43.4
7.433333 2 446.2 160.1 54.0 43.4
7.466667 2 447.0 159.2 53.9 43.4
7.500000 2 446.8 158.4 54.7 44.0
7.533333 2 447.4 158.0 54.2 43.7
7.566667 2 447.8 157.9 53.9 43.2
7.600000 2 447.5 157.3 54.3 43.6
7.633333 2 447.6 157.2 54.2 43.5
7.666667 2 446.9 156.7 54.7 44.2
7.700000 2 446.6 156.7 54.5 43.8
7.733333 2 445.7 156.6 54.9 44.2
7.766667 2 444.9 156.7 55.0 44.2
7.800000 2 444.6 156.9 54.7 43.8
7.833333 2 443.5 157.0 55.0 44.1
7.866667 2 442.6 156.9 55.6 44.5
7.900000 2 441.5 157.4 55.2 44.3
7.933333 2 440.4 158.2 55.1 44.0
7.966667 2 439.5 158.2 55.5 44.4
8.000000 2 438.1 159.0 55.4 44.2
8.033333 2 437.2 159.2 55.7 44.5
8.066667 2 435.8 160.0 55.5 44.2
8.100000 2 435.2 160.6 55.1 44.0
8.133333 2 433.3 161.2 55.6 44.3
8.166667 2 432.3 161.6 55.7 44.5
8.200000 2 430.7 162.6 55.6 44.3
8.233333 2 429.4 163.9 54.8 43.6
8.266667 2 428.2 164.2 55.5 44.0
8.300000 2 426.2 165.0 55.8 44.4
8.333333 2 424.6 166.5 55.2 43.9
8.366667 2 423.5 167.0 55.5 44.1
8.400000 2 421.8 168.6 55.0 43.7
8.433333 2 420.7 169.2 55.3 43.8
8.466667 2 418.6 170.8 55.1 43.9
8.500000 2 416.5 172.5 55.1 43.7
8.533333 2 414.9 174.4 54.3 43.0
8.566667 2 413.8 174.9 54.4 43.2
8.600000 2 411.9 176.2 54.4 43.1
8.633333 2 409.8 177.3 54.5 43.2
8.666667 2 407.9 178.2 54.6 43.3
8.700000 2 407.0 178.5 54.8 43.4
8.733333 2 405.8 179.6 53.9 42.5
8.766667 2 404.8 179.7 54.4 42.8
8.800000 2 402.8 179.2 55.4 43.9
8.833333 2 402.3 179.3 55.2 43.7
8.866667 2 401.3 178.7 55.4 44.1
8.900000 2 400.2 177.8 56.2 44.7
8.933333 2 400.2 177.6 55.8 44.4
8.966667 2 399.9 176.9 55.9 44.3
9.000000 2 398.9 175.4 57.1 45.5
9.033333 2 398.7 174.9 57.1 45.7
9.066667 2 398.2 173.7 57.7 46.3
9.100000 2 398.1 172.8 57.8 46.4
9.133333 2 398.3 172.7 57.4 46.1
9.166667 2 398.1 171.9 57.9 46.5
9.200000 2 398.2 171.6 57.7 46.3
9.233333 2 398.3 171.2 57.6 46.2
9.266667 2 398.3 171.1 57.6 46.1
9.300000 2 398.3 170.8 57.4 46.1
9.333333 2 398.3 170.6 57.4 46.1
9.366667 2 398.2 170.6 57.1 45.8
9.400000 2 398.1 170.4 57.3 45.9
9.433333 2 397.2 170.0 58.0 46.6
9.466667 2 397.2 170.2 57.5 46.0
9.500000 2 396.8 170.1 57.7 46.1
9.533333 2 396.2 170.2 57.7 46.0
9.566667 2 393.6 170.3 58.7 46.8
9.600000 2 392.4 170.7 58.9 47.0
9.633333 2 390.6 170.8 60.1 48.0
9.666667 2 389.0 171.5 60.4 48.4
9.700000 2 387.9 173.0 60.0 47.9
9.733333 2 387.1 173.5 60.2 47.9
9.766667 2 386.1 175.7 59.2 46.6
9.800000 2 384.3 177.5 59.7 46.9
9.833333 2 383.4 178.4 59.8 47.0
9.866667 2 381.8 180.8 59.8 46.9
9.900000 2 380.4 183.7 59.0 46.0
9.933333 2 378.2 185.9 59.9 47.2
9.966667 2 377.4 187.5 59.9 47.1
10.000000 2 375.2 190.3 60.4 47.5
10.033333 2 374.9 192.6 59.5 46.4
10.066667 2 373.6 196.3 58.5 45.6
10.100000 2 371.7 199.9 58.6 45.8
10.133333 2 370.8 201.9 58.6 45.7
10.166667 2 368.9 205.4 58.8 46.1
10.200000 2 367.8 207.1 59.1 46.4
10.233333 2 366.4 210.8 58.8 45.9
10.266667 2 364.7 214.2 59.2 46.4
10.300000 2 363.3 217.8 59.1 46.3
10.333333 2 362.3 221.1 59.3 46.5
10.366667 2 362.0 223.0 59.0 46.0
