0.000000 2 179.7 44.2 30.4 21.3
0.033333 2 180.1 52.7 30.0 21.4
0.066667 2 180.4 57.1 29.6 21.1
0.100000 2 180.6 65.7 29.2 20.8
0.133333 2 179.9 73.8 30.2 21.5
0.166667 2 179.5 82.3 30.5 21.6
0.200000 2 179.6 91.0 29.9 20.8
0.233333 2 179.1 99.0 29.9 21.4
0.266667 2 178.8 103.3 30.0 20.8
0.300000 2 178.6 111.3 29.2 21.1
0.333333 2 177.5 119.2 30.3 21.4
0.366667 2 177.6 123.2 29.4 20.9
0.400000 2 176.4 130.9 30.5 21.2
0.433333 2 176.1 134.6 30.0 21.7
0.466667 2 175.8 142.5 29.0 20.7
0.500000 2 174.8 146.2 30.1 20.9
0.533333 2 174.4 153.9 29.0 20.1
0.566667 2 172.8 160.5 29.8 20.9
0.600000 2 172.2 163.4 30.0 21.9
0.633333 2 171.4 170.4 29.4 21.4
0.666667 2 170.6 174.0 29.7 20.7
0.700000 2 169.5 180.1 29.8 21.1
0.733333 2 168.9 183.3 29.9 20.9
0.766667 2 167.9 188.7 29.9 21.1
0.800000 2 167.6 191.4 29.3 21.0
0.833333 2 167.1 197.0 28.7 20.0
0.866667 2 165.9 201.8 29.5 20.7
0.900000 2 165.4 203.9 30.1 21.5
0.933333 2 165.3 209.2 29.0 20.0
0.966667 2 165.1 211.1 29.6 20.3
1.000000 2 164.5 215.2 30.1 20.9
1.033333 2 164.3 217.0 30.1 21.2
1.066667 2 164.8 221.6 29.5 20.6
1.100000 2 164.8 223.3 29.9 20.9
1.133333 2 165.7 227.5 29.6 20.4
1.166667 2 166.6 231.1 30.0 20.8
1.200000 2 167.3 232.6 29.6 21.2
1.233333 2 168.9 236.7 28.9 20.3
1.266667 2 169.5 238.3 29.3 21.0
1.300000 2 171.4 241.7 29.0 20.5
1.333333 2 171.9 243.4 29.7 20.5
1.366667 2 173.9 246.0 29.8 20.7
1.400000 2 175.2 247.7 29.3 20.3
1.433333 2 177.0 249.3 29.8 21.9
1.466667 2 177.2 249.6 31.5 23.5
1.500000 2 179.8 252.0 30.7 23.3
1.533333 2 181.6 253.8 31.3 23.8
1.566667 2 182.0 254.1 32.5 24.8
1.600000 2 183.7 255.9 33.2 25.4
1.633333 2 185.0 256.9 32.6 24.8
1.666667 2 187.6 259.2 31.3 23.7
1.700000 2 189.0 259.9 32.6 24.7
1.733333 2 191.1 261.8 31.8 23.8
1.766667 2 192.2 262.5 31.4 23.3
1.800000 2 193.3 263.3 32.4 24.0
1.833333 2 195.4 264.1 31.6 24.3
1.866667 2 196.5 264.9 31.0 23.7
1.900000 2 198.0 266.4 31.0 22.9
1.933333 2 198.6 266.1 31.2 24.0
1.966667 2 199.8 267.2 31.2 23.3
2.000000 2 200.3 267.2 31.3 23.8
2.033333 2 201.0 267.1 32.2 24.9
2.066667 2 202.6 268.0 31.0 23.9
2.100000 2 202.9 268.8 31.5 22.9
2.133333 2 203.3 268.6 32.6 23.8
2.166667 2 204.3 268.9 31.3 23.7
2.200000 2 205.1 269.5 31.2 22.6
2.233333 2 205.4 269.1 31.1 23.5
2.266667 2 206.4 269.8 30.7 22.2
2.300000 2 206.4 268.8 31.4 24.0
2.333333 2 207.4 269.6 30.9 22.5
2.366667 2 207.9 269.4 31.4 22.6
2.400000 2 208.0 268.2 33.1 24.5
2.433333 2 209.0 268.4 31.9 23.6
2.466667 2 209.7 267.6 32.5 24.2
2.500000 2 209.6 266.9 33.7 25.4
2.533333 2 211.8 267.4 31.5 22.9
2.566667 2 211.3 265.5 33.8 26.0
2.600000 2 213.3 265.6 32.3 24.3
2.633333 2 212.8 263.9 34.7 26.9
2.666667 2 215.5 264.9 32.4 23.6
2.700000 2 215.8 263.4 32.9 25.3
2.733333 2 217.5 262.6 32.9 24.9
2.766667 2 218.3 262.5 33.0 24.2
2.800000 2 219.6 260.7 33.9 25.3
2.833333 2 221.5 260.9 32.1 23.6
2.866667 2 222.3 258.4 34.3 26.0
2.900000 2 225.8 258.4 31.7 23.1
2.933333 2 225.8 256.9 33.7 24.9
2.966667 2 228.1 255.1 33.6 25.0
3.000000 2 229.6 254.5 32.6 24.6
3.033333 2 232.1 252.6 32.5 24.7
3.066667 2 234.7 251.4 31.9 23.3
3.100000 2 235.5 249.6 32.9 24.9
3.133333 2 238.2 247.9 32.6 24.3
3.166667 2 240.6 245.6 32.8 24.8
3.200000 2 241.7 244.0 33.2 25.6
3.233333 2 243.7 244.1 32.3 23.7
3.266667 2 246.1 241.5 33.1 24.3
3.300000 2 248.2 238.4 34.8 26.0
3.333333 2 251.7 236.1 33.3 25.6
3.366667 2 253.1 234.9 33.7 25.6
3.400000 2 255.8 231.9 34.3 26.5
3.433333 2 258.0 231.3 32.8 25.3
3.466667 2 260.9 228.6 33.1 24.9
3.500000 2 262.6 224.7 35.5 27.5
3.533333 2 265.9 222.3 34.6 26.7
3.566667 2 268.3 222.1 32.7 24.0
3.600000 2 270.3 218.2 34.5 26.0
3.633333 2 272.9 215.0 34.3 26.4
3.666667 2 274.8 214.3 32.9 25.4
3.700000 2 277.2 211.8 32.9 24.3
3.733333 2 277.4 209.6 34.8 25.9
3.766667 2 280.0 206.4 34.2 26.4
3.800000 2 282.3 204.6 33.0 24.4
3.833333 2 282.3 202.5 35.0 25.9
3.866667 2 284.4 199.6 33.8 26.0
3.900000 2 286.3 197.8 33.0 24.5
3.933333 2 287.3 194.4 33.2 25.4
3.966667 2 288.6 192.4 32.6 24.7
4.000000 2 288.1 190.0 34.5 26.7
4.033333 2 289.8 188.3 32.4 25.0
4.066667 2 289.4 185.1 33.9 26.2
4.100000 2 290.2 183.6 32.9 24.4
4.133333 2 289.6 180.7 34.3 25.4
4.166667 2 290.4 180.0 32.4 23.8
4.200000 2 289.0 176.2 34.7 26.6
4.233333 2 289.2 173.7 33.8 25.9
4.266667 2 288.8 172.3 34.4 25.8
4.300000 2 288.0 169.4 35.1 26.3
4.333333 2 288.3 168.1 33.8 25.8
4.366667 2 287.3 165.5 34.7 25.4
4.400000 2 287.0 163.4 34.6 26.5
4.433333 2 286.2 160.8 34.8 25.6
4.466667 2 285.9 159.1 34.3 26.1
4.500000 2 285.4 156.1 33.7 25.7
4.533333 2 284.5 153.1 33.6 25.6
4.566667 2 283.3 150.9 35.5 26.8
4.600000 2 283.1 148.4 33.8 25.4
4.633333 2 282.2 145.3 33.4 25.0
4.666667 2 281.1 143.0 34.4 26.4
4.700000 2 280.4 139.9 33.6 25.7
4.733333 2 280.3 139.1 32.9 23.9
4.766667 2 278.3 134.6 34.5 25.4
4.800000 2 277.7 132.4 34.8 26.3
4.833333 2 276.7 127.4 33.2 25.1
4.866667 2 276.1 126.1 33.4 24.2
4.900000 2 274.2 121.6 34.9 25.4
4.933333 2 273.7 120.3 34.2 24.6
4.966667 2 273.3 117.2 32.8 23.4
5.000000 2 272.6 114.5 33.0 24.9
5.033333 2 271.3 112.4 34.4 25.7
5.066667 2 269.7 108.3 34.8 26.3
5.100000 2 269.5 106.2 32.6 23.4
5.133333 2 268.3 103.2 33.7 25.6
5.166667 2 266.6 99.6 34.7 25.3
5.200000 2 265.6 96.9 35.3 27.0
5.233333 2 264.4 92.0 33.7 25.6
5.266667 2 262.2 88.5 35.3 25.5
5.300000 2 261.0 84.5 34.9 26.1
5.333333 2 260.9 83.9 33.5 24.0
5.366667 2 258.8 79.0 34.6 26.4
5.400000 2 257.7 76.4 33.8 24.7
5.433333 2 257.2 75.0 33.3 24.0
5.466667 2 254.3 69.6 35.6 27.4
5.500000 2 254.3 68.8 34.3 25.7
5.533333 2 252.7 65.8 34.1 24.8
5.566667 2 250.5 60.9 35.3 27.1
5.600000 2 250.4 59.9 33.8 25.6
5.633333 2 248.4 56.7 34.5 25.1
5.666667 2 247.0 53.1 34.0 25.2
5.700000 2 246.5 51.2 33.4 25.5
5.733333 2 243.9 47.1 35.2 26.5
5.766667 2 244.0 46.8 33.4 24.0
5.800000 2 241.5 42.7 34.6 25.1
5.833333 2 240.4 39.3 33.5 25.5
5.866667 2 238.6 37.1 34.9 26.7
5.900000 2 238.6 36.0 33.3 25.5
5.933333 2 237.0 33.7 33.0 24.4
5.966667 2 235.4 31.8 34.8 25.2
6.000000 2 234.1 29.3 33.6 24.8
6.033333 2 232.4 26.3 33.4 25.2
6.066667 2 231.5 25.0 33.6 25.5
6.100000 2 228.8 22.2 35.3 26.4
6.133333 2 227.8 21.2 35.2 26.3
6.166667 2 226.4 19.9 34.8 24.9
6.200000 2 224.5 17.2 35.1 26.2
6.233333 2 223.3 15.9 35.6 26.9
6.266667 2 222.3 15.2 33.7 25.4
6.300000 2 221.3 14.5 34.5 25.4
6.333333 2 220.1 14.2 33.1 23.7
6.366667 2 218.0 12.7 35.3 25.7
6.400000 2 216.2 11.7 35.4 25.4
6.433333 2 216.2 12.1 33.2 23.8
6.466667 2 213.3 10.5 35.2 25.8
6.500000 2 212.2 10.0 33.8 25.4
6.533333 2 211.3 10.0 33.8 25.5
6.566667 2 208.8 9.2 35.0 26.4
6.600000 2 207.7 9.2 35.0 26.5
6.633333 2 207.0 9.5 34.8 25.9
6.666667 2 205.8 10.6 33.6 24.0
6.700000 2 204.0 11.2 33.2 23.8
6.733333 2 202.5 11.1 34.0 24.4
6.766667 2 201.4 12.7 32.7 22.7
6.800000 2 199.3 13.3 33.0 23.0
6.833333 2 198.2 13.4 33.5 23.6
6.866667 2 196.2 13.7 33.7 24.7
6.900000 2 194.6 14.6 33.6 24.7
6.933333 2 193.9 15.7 33.8 23.8
6.966667 2 192.0 16.0 34.2 25.5
7.000000 2 190.3 15.8 36.2 27.3
7.033333 2 189.6 17.7 34.8 25.8
7.066667 2 189.0 18.4 35.1 25.8
7.100000 2 187.8 19.4 35.2 26.4
7.133333 2 187.1 19.9 35.9 27.1
7.166667 2 187.0 21.6 34.5 26.1
7.200000 2 187.0 23.1 34.0 25.0
7.233333 2 187.1 25.2 32.9 23.8
7.266667 2 187.0 26.8 32.9 24.1
7.300000 2 186.6 27.2 33.7 25.1
7.333333 2 185.6 27.9 35.7 26.8
7.366667 2 186.6 30.2 34.4 24.6
7.400000 2 186.3 30.5 35.9 27.4
7.433333 2 187.1 32.3 34.7 25.9
7.466667 2 188.1 34.6 34.3 25.9
7.500000 2 190.0 37.6 32.5 24.1
7.533333 2 190.7 39.4 32.0 22.6
7.566667 2 192.0 41.8 31.5 22.2
7.600000 2 191.9 41.8 32.6 24.3
7.633333 2 193.5 45.1 32.5 23.1
7.666667 2 193.6 45.1 33.4 25.0
7.700000 2 195.8 49.2 33.4 24.5
7.733333 2 198.1 52.3 31.9 23.5
7.766667 2 200.4 56.4 30.5 21.0
7.800000 2 200.8 57.2 33.1 24.7
7.833333 2 202.3 59.0 32.0 23.8
7.866667 2 204.5 63.5 30.5 21.1
7.900000 2 205.2 64.4 31.1 21.6
7.933333 2 206.5 67.1 31.8 23.3
7.966667 2 207.1 68.2 32.6 23.9
8.000000 2 208.3 70.7 33.8 25.5
8.033333 2 211.1 74.8 32.2 24.1
8.066667 2 211.8 76.4 32.7 24.5
8.100000 2 213.6 79.8 33.0 24.7
8.133333 2 214.9 82.0 32.2 24.0
8.166667 2 216.8 85.7 32.4 24.1
8.200000 2 218.0 87.8 32.3 24.0
8.233333 2 219.1 90.7 33.9 25.5
8.266667 2 220.1 92.6 34.1 25.7
8.300000 2 222.1 96.5 34.2 25.8
8.333333 2 223.3 98.6 34.1 25.6
8.366667 2 225.7 103.2 33.3 24.8
8.400000 2 226.3 104.7 34.0 25.4
8.433333 2 228.1 108.7 34.1 25.3
8.466667 2 229.4 112.1 33.0 23.1
8.500000 2 230.9 115.8 33.6 23.5
8.533333 2 232.8 119.5 32.9 24.3
8.566667 2 234.5 123.7 32.9 23.7
8.600000 2 235.9 126.9 31.8 21.9
8.633333 2 237.2 130.0 32.0 23.4
8.666667 2 238.1 132.2 31.9 23.1
8.700000 2 239.6 136.6 31.6 22.7
8.733333 2 240.5 138.5 31.6 22.9
8.766667 2 241.8 143.0 31.4 21.9
8.800000 2 242.3 144.2 31.8 23.2
8.833333 2 243.1 147.8 32.6 23.6
8.866667 2 243.7 149.8 32.7 23.6
8.900000 2 245.2 153.8 32.5 23.0
8.933333 2 246.4 156.0 31.2 22.0
8.966667 2 247.5 159.6 31.5 22.8
9.000000 2 248.4 161.7 31.3 22.1
9.033333 2 248.8 164.4 32.8 24.0
9.066667 2 250.6 168.8 31.5 22.6
9.100000 2 250.8 170.8 32.0 22.3
9.133333 2 251.8 174.4 32.4 22.4
9.166667 2 253.4 177.9 31.2 22.1
9.200000 2 253.9 180.9 32.3 23.3
9.233333 2 255.2 184.8 31.8 22.6
9.266667 2 255.3 186.5 32.6 22.8
9.300000 2 256.6 190.0 31.8 22.1
9.333333 2 257.6 193.0 31.8 22.2
9.366667 2 257.7 194.1 32.6 23.0
9.400000 2 258.4 197.2 33.0 22.9
9.433333 2 259.4 198.6 31.5 22.6
9.466667 2 260.0 201.7 31.9 22.0
9.500000 2 260.3 203.9 32.8 22.7
9.533333 2 260.2 204.8 33.5 23.3
9.566667 2 261.5 207.6 32.1 22.2
9.600000 2 262.1 209.9 31.9 22.3
9.633333 2 262.3 210.5 32.0 23.1
9.666667 2 262.5 212.8 32.6 22.7
9.700000 2 262.9 213.9 32.1 22.5
9.733333 2 263.0 214.9 32.5 23.7
9.766667 2 263.4 216.5 32.3 22.5
9.800000 2 263.6 217.9 32.5 22.5
9.833333 2 263.8 218.7 32.2 22.3
9.866667 2 263.8 219.9 32.4 22.6
9.900000 2 264.1 220.2 32.1 23.3
9.933333 2 264.0 221.4 32.2 23.2
9.966667 2 263.5 221.5 33.4 24.2
10.000000 2 263.8 222.7 32.9 23.9
10.033333 2 263.2 223.1 34.1 24.7
10.066667 2 264.1 224.4 32.2 23.1
10.100000 2 263.7 225.0 32.8 23.4
10.133333 2 263.4 225.9 33.0 22.8
10.166667 2 262.9 225.9 33.9 23.6
10.200000 2 263.0 226.2 33.5 23.7
10.233333 2 263.2 226.9 32.7 22.5
10.266667 2 262.9 227.0 32.8 23.5
10.300000 2 263.1 227.5 32.1 22.6
10.333333 2 263.0 228.0 32.0 22.0
