0.000000 2 397.0 258.0 21.0 18.0
0.033333 2 397.7 258.1 20.0 17.7
0.066667 2 396.2 256.7 23.2 21.0
0.100000 2 396.0 256.2 24.3 22.0
0.133333 2 395.6 256.3 25.0 22.6
0.166667 2 396.2 256.9 24.2 21.6
0.200000 2 396.6 257.4 23.9 20.8
0.233333 2 396.5 257.2 24.1 21.0
0.266667 2 397.3 258.3 22.3 19.4
0.300000 2 398.8 259.3 19.9 17.2
0.333333 2 398.8 259.3 19.8 17.2
0.366667 2 399.3 259.4 19.4 16.9
0.400000 2 399.3 259.4 19.4 16.9
0.433333 2 399.0 259.0 20.1 17.7
0.466667 2 398.9 258.8 20.5 18.0
0.500000 2 398.2 258.0 22.0 19.5
0.533333 2 394.8 254.5 29.5 26.4
0.566667 2 393.8 253.4 31.8 28.5
0.600000 2 396.9 256.1 25.7 22.5
0.633333 2 399.2 258.0 20.9 18.1
0.666667 2 399.0 257.6 21.3 18.5
0.700000 2 395.8 253.9 28.0 25.4
0.733333 2 398.2 255.8 23.1 20.7
0.766667 2 398.2 255.3 23.1 20.8
0.800000 2 397.2 253.6 25.4 23.2
0.833333 2 397.9 253.9 23.8 21.6
0.866667 2 396.8 252.1 26.2 24.1
0.900000 2 397.9 252.8 23.9 21.8
0.933333 2 396.9 251.4 25.8 23.6
0.966667 2 398.4 252.9 22.5 19.9
1.000000 2 395.5 249.3 28.5 26.0
1.033333 2 397.3 251.2 24.5 21.6
1.066667 2 393.4 246.2 32.6 30.3
1.100000 2 398.5 251.2 21.7 19.4
1.133333 2 393.7 245.3 31.7 30.1
1.166667 2 398.5 249.9 21.3 19.9
1.200000 2 398.3 249.5 21.5 20.3
1.233333 2 396.8 247.6 24.4 23.0
1.266667 2 398.5 249.1 20.6 19.3
1.300000 2 397.3 247.7 23.0 21.5
1.333333 2 395.2 245.9 26.9 24.7
1.366667 2 398.2 248.7 20.0 18.4
1.400000 2 398.7 249.0 18.9 17.4
1.433333 2 394.9 244.6 26.5 25.3
1.466667 2 396.6 246.2 22.8 21.6
1.500000 2 397.5 247.3 20.5 19.1
1.533333 2 396.3 246.0 22.6 21.2
1.566667 2 391.7 240.9 32.2 30.8
1.600000 2 396.0 245.3 22.4 21.3
1.633333 2 396.5 245.3 21.4 20.4
1.666667 2 393.3 242.1 27.4 26.5
1.700000 2 396.1 245.0 21.1 19.7
1.733333 2 393.8 242.6 25.5 23.9
1.766667 2 395.6 243.7 21.2 20.3
1.800000 2 394.7 242.5 22.5 21.7
1.833333 2 395.3 242.8 21.0 20.0
1.866667 2 390.7 237.9 30.1 28.8
1.900000 2 395.2 242.2 20.0 19.0
1.933333 2 394.1 240.4 21.8 21.0
1.966667 2 393.0 239.2 23.5 22.5
2.000000 2 393.5 239.6 22.0 20.5
2.033333 2 391.4 236.5 26.0 25.1
2.066667 2 393.1 237.8 22.0 21.2
2.100000 2 392.7 236.9 22.4 21.8
2.133333 2 391.7 235.6 24.2 23.5
2.166667 2 392.5 236.0 22.6 21.7
2.200000 2 391.2 234.2 25.1 24.4
2.233333 2 391.4 234.3 24.3 23.3
2.266667 2 391.7 234.2 23.8 22.7
2.300000 2 388.9 230.8 29.6 28.7
2.333333 2 392.0 233.8 23.1 22.1
2.366667 2 390.4 231.3 26.8 26.0
2.400000 2 390.4 231.0 26.8 26.0
2.433333 2 392.6 232.5 22.9 22.3
2.466667 2 391.1 230.4 26.4 25.8
2.500000 2 391.7 230.5 26.0 25.1
2.533333 2 393.9 231.8 22.4 21.8
2.566667 2 392.6 229.5 26.4 25.6
2.600000 2 393.3 229.3 26.0 25.4
2.633333 2 395.4 230.3 23.0 22.4
2.666667 2 394.4 228.1 26.7 25.9
2.700000 2 397.5 229.9 22.4 21.6
2.733333 2 396.4 227.0 27.1 26.6
2.766667 2 399.8 228.8 22.2 21.8
2.800000 2 397.5 224.6 29.1 28.8
2.833333 2 401.1 226.3 24.3 24.1
2.866667 2 403.7 226.7 21.9 21.6
2.900000 2 405.2 225.8 21.5 21.4
2.933333 2 406.1 224.3 22.6 22.2
2.966667 2 405.2 220.5 27.6 27.3
3.000000 2 410.3 222.8 19.9 19.5
3.033333 2 410.4 219.6 23.1 22.7
3.066667 2 409.9 215.8 27.1 26.5
3.100000 2 412.2 214.5 25.4 24.9
3.133333 2 415.6 214.2 21.2 20.9
3.166667 2 415.1 209.9 25.2 24.7
3.200000 2 418.3 209.0 21.2 20.9
3.233333 2 419.6 206.2 21.1 20.8
3.266667 2 420.7 203.0 21.5 21.1
3.300000 2 420.7 198.8 23.7 23.2
3.333333 2 421.2 194.8 24.8 24.2
3.366667 2 423.1 192.3 22.7 22.3
3.400000 2 423.6 188.4 23.2 22.8
3.433333 2 422.0 182.2 28.1 27.7
3.466667 2 424.3 180.2 24.7 24.2
3.500000 2 426.4 177.9 21.3 21.1
3.533333 2 426.9 173.9 21.4 21.0
3.566667 2 427.5 169.9 21.3 21.0
3.600000 2 426.9 164.8 23.4 23.0
3.633333 2 426.9 160.1 24.4 24.1
3.666667 2 426.7 155.3 26.1 25.5
3.700000 2 429.6 153.6 20.8 20.4
3.733333 2 429.4 148.7 22.3 21.7
3.766667 2 429.2 143.6 23.8 23.5
3.800000 2 428.4 138.2 26.1 25.6
3.833333 2 431.0 136.2 21.6 21.1
3.866667 2 432.0 132.6 20.5 20.0
3.900000 2 431.7 127.5 22.2 21.8
3.933333 2 431.1 122.4 24.5 23.9
3.966667 2 429.6 116.2 28.8 28.1
4.000000 2 429.5 111.4 30.1 29.5
4.033333 2 431.8 108.9 26.6 26.1
4.066667 2 433.2 106.0 24.6 23.9
4.100000 2 434.5 102.6 22.9 22.4
4.133333 2 434.9 98.7 23.0 22.3
4.166667 2 435.6 94.8 22.5 21.9
4.200000 2 435.9 90.8 22.7 22.1
4.233333 2 435.5 86.2 24.3 23.5
4.266667 2 435.0 81.4 26.0 25.6
4.300000 2 437.3 79.9 21.6 21.2
4.333333 2 435.5 74.4 25.9 25.4
4.366667 2 437.4 72.9 22.6 22.0
4.400000 2 438.0 70.3 21.5 21.1
4.433333 2 436.2 65.7 25.4 24.9
4.466667 2 438.4 65.4 20.9 20.5
4.500000 2 437.9 62.7 21.9 21.5
4.533333 2 438.1 61.0 21.3 20.9
4.566667 2 437.0 58.7 23.0 22.5
4.600000 2 437.9 58.5 20.5 20.1
4.633333 2 437.3 57.5 20.7 20.3
4.666667 2 435.4 55.3 23.7 23.4
4.700000 2 436.3 56.6 20.7 20.2
4.733333 2 435.7 56.6 20.5 20.2
4.766667 2 433.6 55.5 23.4 22.9
4.800000 2 434.2 57.7 20.4 19.8
4.833333 2 433.4 58.7 20.3 19.7
4.866667 2 432.6 59.8 20.1 19.6
4.900000 2 429.2 58.6 25.3 24.8
4.933333 2 430.1 62.3 21.2 20.8
4.966667 2 429.1 64.2 21.2 20.8
5.000000 2 428.2 66.7 20.6 20.1
5.033333 2 425.2 67.0 24.4 24.0
5.066667 2 425.9 71.4 20.5 20.2
5.100000 2 423.3 72.2 23.5 23.4
5.133333 2 424.1 76.9 19.4 19.3
5.166667 2 421.3 78.0 22.5 22.4
5.200000 2 420.9 81.5 20.5 20.5
5.233333 2 420.1 84.6 19.6 19.5
5.266667 2 417.5 85.8 22.2 22.2
5.300000 2 417.1 89.3 20.2 20.2
5.333333 2 416.3 92.1 19.2 19.1
5.366667 2 411.5 90.7 26.6 26.5
5.400000 2 411.8 94.8 23.1 23.0
5.433333 2 411.9 98.4 20.0 20.0
5.466667 2 410.7 100.7 19.8 19.6
5.500000 2 409.8 103.1 18.9 18.8
5.533333 2 408.6 105.2 18.7 18.6
5.566667 2 407.2 107.0 19.0 18.9
5.600000 2 405.6 108.8 19.3 19.2
5.633333 2 402.6 108.8 22.9 22.9
5.666667 2 400.4 109.7 24.8 24.6
5.700000 2 401.5 114.1 19.6 19.3
5.733333 2 400.5 116.2 19.1 18.7
5.766667 2 397.1 115.6 23.5 23.3
5.800000 2 396.9 118.5 21.0 20.7
5.833333 2 396.3 120.7 19.7 19.4
5.866667 2 391.7 118.8 26.7 26.6
5.900000 2 394.1 124.3 19.1 18.7
5.933333 2 391.8 124.5 21.8 21.5
5.966667 2 391.4 126.5 20.8 20.6
6.000000 2 391.4 129.1 19.2 18.8
6.033333 2 387.9 127.7 25.4 25.0
6.066667 2 389.7 131.5 20.9 20.5
6.100000 2 390.2 134.0 19.7 19.3
6.133333 2 389.2 134.5 22.1 21.7
6.166667 2 389.7 136.1 22.0 21.5
6.200000 2 391.2 138.7 20.1 19.7
6.233333 2 389.9 137.7 24.7 24.5
6.266667 2 392.9 141.4 20.3 20.1
6.300000 2 394.0 142.8 20.1 19.8
6.333333 2 394.9 143.6 20.5 20.2
6.366667 2 396.2 144.8 20.0 19.7
6.400000 2 396.6 144.9 21.3 21.0
6.433333 2 395.1 142.9 26.7 26.4
6.466667 2 399.2 146.7 20.1 19.9
6.500000 2 398.4 145.4 23.7 23.6
6.533333 2 400.9 147.6 20.5 20.2
6.566667 2 399.9 145.7 24.6 24.5
6.600000 2 402.5 148.2 20.7 20.6
6.633333 2 402.9 148.0 21.6 21.5
6.666667 2 402.2 147.1 24.5 24.3
6.700000 2 405.1 149.6 19.9 20.0
6.733333 2 402.4 146.4 27.2 27.3
6.766667 2 406.1 150.1 20.8 20.7
6.800000 2 405.3 148.9 23.8 24.0
6.833333 2 407.9 151.3 20.0 20.2
6.866667 2 405.2 148.3 27.0 27.3
6.900000 2 409.5 152.6 19.4 19.7
6.933333 2 408.5 151.7 22.7 23.0
6.966667 2 408.1 151.4 24.7 24.9
7.000000 2 411.1 154.7 19.7 19.9
7.033333 2 411.7 155.5 19.6 19.8
7.066667 2 412.2 156.5 19.8 19.9
7.100000 2 412.9 157.6 19.7 19.8
7.133333 2 413.4 158.6 19.6 19.8
7.166667 2 413.5 159.3 20.6 20.7
7.200000 2 411.4 157.9 25.9 26.1
7.233333 2 414.8 162.4 20.0 20.2
7.266667 2 412.7 161.3 25.2 25.4
7.300000 2 415.3 165.0 20.9 21.1
7.333333 2 415.1 166.2 22.0 22.2
7.366667 2 413.8 166.4 25.4 25.5
7.400000 2 414.8 168.8 24.3 24.3
7.433333 2 415.8 171.4 22.7 22.7
7.466667 2 416.8 174.0 21.4 21.4
7.500000 2 417.4 176.1 20.8 20.8
7.533333 2 417.4 177.8 21.1 21.2
7.566667 2 415.0 176.7 26.8 26.8
7.600000 2 414.8 178.0 28.0 27.9
7.633333 2 418.1 182.9 21.6 21.6
7.666667 2 418.9 185.2 20.4 20.6
7.700000 2 419.1 187.1 20.5 20.7
7.733333 2 418.4 187.9 22.5 22.7
7.766667 2 416.2 187.0 27.7 28.0
7.800000 2 418.8 191.2 22.7 23.0
7.833333 2 420.0 193.9 20.8 21.2
7.866667 2 420.0 195.5 21.5 21.9
7.900000 2 418.7 195.8 24.6 24.9
7.933333 2 416.4 195.0 29.9 30.1
7.966667 2 417.0 197.4 29.2 29.1
8.000000 2 418.5 200.9 26.0 25.9
8.033333 2 420.0 203.8 23.6 23.6
8.066667 2 420.3 205.9 23.2 23.3
8.100000 2 418.8 205.9 26.7 26.7
8.133333 2 417.2 205.8 30.4 30.3
8.166667 2 419.3 209.8 26.0 26.1
8.200000 2 421.3 213.5 22.1 22.2
8.233333 2 421.7 215.6 21.3 21.5
8.266667 2 420.1 215.7 24.8 24.9
8.300000 2 419.4 216.6 26.5 26.6
8.333333 2 419.6 218.8 26.1 26.1
8.366667 2 421.9 222.9 21.3 21.3
8.400000 2 421.9 224.8 21.3 21.3
8.433333 2 421.8 226.6 21.5 21.5
8.466667 2 418.7 225.0 27.9 27.9
8.500000 2 421.3 229.6 22.4 22.4
8.533333 2 422.2 232.3 20.4 20.5
8.566667 2 421.9 234.0 20.7 20.8
8.600000 2 418.9 232.5 26.9 27.0
8.633333 2 422.0 237.4 20.3 20.6
8.666667 2 422.5 239.7 19.1 19.4
8.700000 2 420.4 239.5 23.1 23.3
8.733333 2 420.7 241.6 22.4 22.5
8.766667 2 421.9 244.8 19.3 19.4
8.800000 2 419.9 244.7 23.0 23.0
8.833333 2 420.1 246.7 22.0 22.3
8.866667 2 421.5 249.9 18.7 19.1
8.900000 2 417.6 247.5 26.5 27.1
8.933333 2 419.7 251.7 21.4 21.9
8.966667 2 419.7 253.6 20.8 21.2
9.000000 2 417.6 253.3 25.0 25.2
9.033333 2 419.3 257.0 20.5 20.9
9.066667 2 417.1 256.6 24.5 24.7
9.100000 2 419.1 260.6 19.5 19.7
9.133333 2 417.4 260.4 22.4 22.6
9.166667 2 415.7 260.6 24.8 25.0
9.200000 2 418.6 264.9 18.4 18.8
9.233333 2 418.2 266.4 17.9 18.3
9.266667 2 416.7 266.3 20.3 20.8
9.300000 2 415.6 266.4 21.9 22.6
9.333333 2 414.8 267.3 22.5 22.9
9.366667 2 413.8 267.7 23.4 24.1
9.400000 2 413.5 269.1 23.0 23.4
9.433333 2 412.5 269.5 24.0 24.5
9.466667 2 414.0 272.4 19.8 20.1
9.500000 2 413.3 273.1 20.2 20.7
9.533333 2 412.0 273.2 21.8 22.2
9.566667 2 408.6 271.0 27.7 28.1
9.600000 2 410.9 274.7 21.4 21.9
9.633333 2 411.3 276.6 19.4 19.7
9.666667 2 407.1 273.5 26.7 27.1
9.700000 2 407.8 275.7 24.0 24.3
9.733333 2 409.8 278.9 18.5 19.0
9.766667 2 405.3 275.3 26.5 27.1
9.800000 2 408.4 280.0 18.8 19.3
9.833333 2 407.1 280.1 20.0 20.3
9.866667 2 405.3 279.2 22.7 23.2
9.900000 2 406.3 281.5 19.2 19.6
9.933333 2 404.0 280.0 23.0 23.5
9.966667 2 405.2 282.3 19.6 20.1
10.000000 2 404.3 282.1 20.7 21.3
10.033333 2 404.1 282.9 20.1 20.6
10.066667 2 404.8 284.3 18.2 18.6
10.100000 2 402.3 282.2 22.8 23.2
10.133333 2 403.8 284.3 19.4 20.0
10.166667 2 404.2 285.1 18.3 18.8
10.200000 2 402.1 283.2 22.6 23.1
10.233333 2 401.7 283.2 23.4 23.9
10.266667 2 403.6 285.4 19.2 19.7
10.300000 2 404.0 286.0 18.4 18.9
10.333333 2 403.9 285.9 18.7 19.2
10.366667 2 403.8 285.8 19.1 19.6
10.400000 2 403.2 285.3 20.4 20.7
10.433333 2 403.1 285.1 20.6 21.0
