0.033333 2 462.0 275.0 21.0 20.0
0.066667 2 465.0 275.0 18.0 20.0
0.100000 2 465.0 275.0 19.0 16.0
0.133333 2 464.0 276.0 21.0 11.0
0.166667 2 464.0 272.0 21.0 15.0
0.200000 2 464.0 272.0 19.0 13.0
0.233333 2 462.0 270.0 21.0 15.0
0.266667 2 463.0 270.0 23.0 15.0
0.300000 2 460.0 265.0 26.0 20.0
0.333333 2 460.0 265.0 29.0 17.0
0.366667 2 465.0 265.0 24.0 17.0
0.400000 2 465.0 265.0 21.0 12.0
0.433333 2 463.0 262.0 23.0 15.0
0.466667 2 463.0 262.0 26.0 15.0
0.500000 2 461.0 261.0 28.0 16.0
0.533333 2 462.0 261.0 27.0 12.0
0.566667 2 462.0 258.0 27.0 15.0
0.600000 2 462.0 258.0 25.0 16.0
0.633333 2 461.0 252.0 27.0 22.0
0.666667 2 461.0 252.0 25.0 15.0
0.700000 2 464.0 251.0 22.0 16.0
0.733333 2 464.0 251.0 22.0 13.0
0.766667 2 462.0 246.0 24.0 18.0
0.800000 2 462.0 246.0 23.0 16.0
0.833333 2 461.0 247.0 24.0 15.0
0.866667 2 460.0 246.0 28.0 15.0
0.900000 2 462.0 243.0 26.0 18.0
0.933333 2 462.0 243.0 24.0 15.0
0.966667 2 463.0 239.0 23.0 20.0
1.000000 2 462.0 235.0 24.0 24.0
1.033333 2 461.0 236.0 31.0 21.0
1.066667 2 461.0 236.0 31.0 21.0
1.100000 2 461.0 236.0 30.0 20.0
1.133333 2 460.0 232.0 31.0 24.0
1.166667 2 460.0 232.0 27.0 24.0
1.200000 2 460.0 234.0 27.0 22.0
1.233333 2 460.0 234.0 32.0 23.0
1.266667 2 456.0 230.0 36.0 25.0
1.300000 2 459.0 232.0 33.0 21.0
1.333333 2 462.0 229.0 30.0 24.0
1.366667 2 462.0 229.0 29.0 22.0
1.400000 2 461.0 232.0 30.0 19.0
1.433333 2 461.0 232.0 28.0 19.0
1.466667 2 462.0 233.0 27.0 18.0
1.500000 2 462.0 233.0 26.0 16.0
1.533333 2 462.0 232.0 24.0 15.0
1.566667 2 462.0 232.0 29.0 19.0
1.600000 2 462.0 232.0 29.0 19.0
1.633333 2 462.0 232.0 24.0 19.0
1.666667 2 462.0 235.0 24.0 16.0
1.700000 2 462.0 235.0 24.0 15.0
1.733333 2 466.0 235.0 20.0 15.0
1.766667 2 466.0 235.0 22.0 15.0
1.800000 2 465.0 232.0 23.0 18.0
1.833333 2 465.0 232.0 23.0 21.0
1.866667 2 459.0 230.0 29.0 23.0
1.900000 2 460.0 230.0 32.0 22.0
1.933333 2 465.0 235.0 27.0 15.0
1.966667 2 465.0 235.0 21.0 18.0
2.000000 2 462.0 232.0 24.0 21.0
2.033333 2 462.0 232.0 28.0 21.0
2.066667 2 461.0 234.0 29.0 19.0
2.100000 2 461.0 234.0 27.0 21.0
2.133333 2 463.0 235.0 25.0 20.0
2.166667 2 463.0 235.0 23.0 19.0
2.200000 2 462.0 235.0 24.0 19.0
2.233333 2 462.0 235.0 25.0 22.0
2.266667 2 460.0 233.0 27.0 24.0
2.300000 2 460.0 233.0 24.0 23.0
2.333333 2 461.0 235.0 24.0 21.0
2.366667 2 461.0 235.0 22.0 22.0
2.400000 2 459.0 236.0 24.0 21.0
2.433333 2 459.0 236.0 23.0 23.0
2.466667 2 458.0 238.0 24.0 21.0
2.500000 2 458.0 238.0 24.0 18.0
2.533333 2 455.0 239.0 27.0 17.0
2.566667 2 455.0 239.0 22.0 18.0
2.600000 2 456.0 243.0 21.0 14.0
2.633333 2 456.0 243.0 21.0 18.0
2.666667 2 453.0 243.0 25.0 18.0
2.700000 2 453.0 243.0 24.0 20.0
2.733333 2 450.0 244.0 27.0 19.0
2.766667 2 450.0 244.0 22.0 20.0
2.800000 2 450.0 246.0 22.0 18.0
2.833333 2 450.0 246.0 18.0 18.0
2.866667 2 446.0 247.0 22.0 17.0
2.900000 2 446.0 247.0 24.0 21.0
2.933333 2 445.0 250.0 25.0 18.0
2.966667 2 445.0 250.0 18.0 17.0
3.000000 2 441.0 251.0 22.0 16.0
3.033333 2 441.0 251.0 20.0 17.0
3.066667 2 439.0 252.0 22.0 16.0
3.100000 2 439.0 252.0 17.0 20.0
3.133333 2 438.0 255.0 18.0 17.0
3.166667 2 438.0 255.0 15.0 16.0
3.200000 2 434.0 256.0 19.0 15.0
3.233333 2 434.0 256.0 19.0 16.0
3.266667 2 428.0 258.0 25.0 14.0
3.300000 2 428.0 258.0 21.0 18.0
3.333333 2 428.0 260.0 17.0 15.0
3.366667 2 425.0 261.0 20.0 14.0
3.400000 2 425.0 261.0 19.0 15.0
3.433333 2 421.0 261.0 23.0 15.0
3.466667 2 421.0 261.0 20.0 18.0
3.500000 2 416.0 263.0 25.0 16.0
3.533333 2 416.0 263.0 22.0 19.0
3.566667 2 411.0 265.0 27.0 17.0
3.600000 2 411.0 264.0 27.0 20.0
3.633333 2 410.0 268.0 28.0 16.0
3.666667 2 410.0 267.0 22.0 18.0
3.700000 2 407.0 269.0 25.0 16.0
3.733333 2 407.0 269.0 25.0 16.0
3.766667 2 407.0 271.0 25.0 14.0
3.800000 2 407.0 271.0 19.0 17.0
3.833333 2 402.0 271.0 24.0 17.0
3.866667 2 402.0 271.0 23.0 17.0
3.900000 2 401.0 276.0 24.0 12.0
3.933333 2 401.0 276.0 22.0 14.0
3.966667 2 400.0 273.0 23.0 17.0
4.000000 2 400.0 272.0 21.0 21.0
4.033333 2 401.0 273.0 20.0 20.0
4.066667 2 401.0 273.0 20.0 20.0
4.100000 2 398.0 276.0 23.0 17.0
4.133333 2 397.0 275.0 24.0 23.0
4.166667 2 399.0 282.0 22.0 16.0
4.200000 2 399.0 282.0 18.0 18.0
4.233333 2 394.0 281.0 23.0 19.0
4.266667 2 393.0 281.0 27.0 23.0
4.300000 2 391.0 282.0 29.0 23.0
4.333333 2 391.0 282.0 27.0 24.0
4.366667 2 396.0 285.0 22.0 21.0
4.400000 2 396.0 285.0 19.0 20.0
4.433333 2 396.0 288.0 19.0 17.0
4.466667 2 396.0 287.0 18.0 17.0
4.500000 2 392.0 289.0 22.0 15.0
4.533333 2 391.0 289.0 24.0 20.0
4.566667 2 391.0 291.0 24.0 18.0
4.600000 2 391.0 289.0 22.0 20.0
4.633333 2 391.0 295.0 22.0 14.0
4.666667 2 392.0 294.0 19.0 18.0
4.700000 2 388.0 294.0 23.0 18.0
4.733333 2 388.0 293.0 20.0 19.0
4.766667 2 388.0 296.0 20.0 16.0
4.800000 2 388.0 296.0 21.0 18.0
4.833333 2 385.0 297.0 24.0 17.0
4.866667 2 385.0 297.0 25.0 18.0
4.900000 2 384.0 296.0 27.0 19.0
4.933333 2 384.0 295.0 23.0 21.0
4.966667 2 384.0 298.0 24.0 18.0
5.000000 2 384.0 298.0 24.0 20.0
5.033333 2 384.0 297.0 24.0 21.0
5.066667 2 383.0 296.0 26.0 25.0
5.100000 2 384.0 300.0 26.0 21.0
5.133333 2 384.0 299.0 24.0 21.0
5.166667 2 383.0 299.0 25.0 21.0
5.200000 2 383.0 298.0 22.0 21.0
5.233333 2 384.0 299.0 22.0 20.0
5.266667 2 384.0 299.0 23.0 22.0
5.300000 2 382.0 301.0 21.0 14.0
5.333333 2 381.0 300.0 24.0 21.0
5.366667 2 382.0 299.0 23.0 22.0
5.400000 2 382.0 298.0 25.0 23.0
5.433333 2 381.0 302.0 25.0 18.0
5.466667 2 381.0 299.0 22.0 19.0
5.500000 2 386.0 303.0 17.0 15.0
5.533333 2 386.0 303.0 21.0 18.0
5.566667 2 383.0 300.0 24.0 21.0
5.600000 2 382.0 300.0 28.0 24.0
5.633333 2 384.0 303.0 25.0 21.0
5.666667 2 384.0 302.0 21.0 17.0
5.700000 2 382.0 300.0 23.0 19.0
5.733333 2 383.0 298.0 23.0 21.0
5.766667 2 387.0 301.0 19.0 16.0
5.800000 2 386.0 299.0 22.0 19.0
5.833333 2 387.0 298.0 18.0 17.0
5.866667 2 387.0 299.0 18.0 19.0
5.900000 2 386.0 298.0 20.0 18.0
5.933333 2 388.0 300.0 18.0 14.0
5.966667 2 387.0 296.0 19.0 17.0
6.000000 2 388.0 296.0 16.0 19.0
6.033333 2 382.0 295.0 26.0 20.0
6.066667 2 383.0 292.0 25.0 23.0
6.100000 2 383.0 292.0 27.0 25.0
6.133333 2 384.0 294.0 26.0 23.0
6.166667 2 383.0 294.0 26.0 21.0
6.200000 2 382.0 293.0 27.0 22.0
6.233333 2 382.0 291.0 23.0 24.0
6.266667 2 381.0 294.0 24.0 21.0
6.300000 2 381.0 292.0 24.0 17.0
6.333333 2 381.0 292.0 24.0 17.0
6.366667 2 381.0 291.0 23.0 19.0
6.400000 2 379.0 290.0 25.0 20.0
6.433333 2 379.0 289.0 24.0 19.0
6.466667 2 379.0 288.0 24.0 18.0
6.500000 2 378.0 286.0 22.0 20.0
6.533333 2 375.0 286.0 25.0 20.0
6.566667 2 375.0 286.0 24.0 21.0
6.600000 2 375.0 287.0 24.0 19.0
6.633333 2 375.0 287.0 24.0 17.0
6.666667 2 376.0 288.0 23.0 15.0
6.700000 2 375.0 287.0 22.0 17.0
6.733333 2 373.0 282.0 24.0 22.0
6.766667 2 373.0 282.0 23.0 21.0
6.800000 2 372.0 282.0 25.0 21.0
6.833333 2 372.0 282.0 23.0 20.0
6.866667 2 369.0 281.0 26.0 21.0
6.900000 2 369.0 281.0 27.0 20.0
6.933333 2 371.0 279.0 25.0 22.0
6.966667 2 371.0 279.0 19.0 17.0
7.000000 2 370.0 279.0 20.0 17.0
7.033333 2 370.0 279.0 21.0 17.0
7.066667 2 370.0 277.0 21.0 18.0
7.100000 2 370.0 277.0 22.0 19.0
7.133333 2 369.0 277.0 23.0 19.0
7.166667 2 369.0 276.0 24.0 18.0
7.200000 2 370.0 276.0 23.0 17.0
7.233333 2 369.0 275.0 21.0 15.0
7.266667 2 367.0 273.0 23.0 17.0
7.300000 2 367.0 272.0 24.0 18.0
7.333333 2 364.0 271.0 27.0 19.0
7.366667 2 363.0 268.0 24.0 21.0
7.400000 2 360.0 270.0 27.0 19.0
7.433333 2 361.0 270.0 27.0 20.0
7.466667 2 359.0 268.0 30.0 22.0
7.500000 2 359.0 267.0 30.0 23.0
7.533333 2 363.0 267.0 26.0 23.0
7.566667 2 363.0 267.0 25.0 19.0
7.600000 2 360.0 266.0 28.0 20.0
7.633333 2 360.0 266.0 30.0 22.0
7.666667 2 354.0 260.0 36.0 27.0
7.700000 2 354.0 259.0 33.0 28.0
7.733333 2 359.0 261.0 28.0 24.0
7.766667 2 359.0 261.0 30.0 25.0
7.800000 2 357.0 258.0 32.0 27.0
7.833333 2 357.0 258.0 27.0 24.0
7.866667 2 351.0 258.0 33.0 24.0
7.900000 2 354.0 257.0 31.0 25.0
7.933333 2 355.0 257.0 30.0 25.0
7.966667 2 357.0 256.0 27.0 27.0
8.000000 2 354.0 258.0 30.0 25.0
8.033333 2 354.0 258.0 27.0 22.0
8.066667 2 354.0 258.0 27.0 22.0
8.100000 2 355.0 258.0 28.0 21.0
8.133333 2 353.0 251.0 30.0 27.0
8.166667 2 352.0 250.0 26.0 27.0
8.200000 2 351.0 253.0 27.0 24.0
8.233333 2 351.0 253.0 29.0 24.0
8.266667 2 352.0 253.0 28.0 23.0
8.300000 2 351.0 253.0 26.0 20.0
8.333333 2 352.0 253.0 25.0 20.0
8.366667 2 351.0 252.0 24.0 20.0
8.400000 2 352.0 253.0 23.0 19.0
8.433333 2 352.0 252.0 25.0 18.0
8.466667 2 347.0 248.0 31.0 22.0
8.500000 2 347.0 247.0 30.0 24.0
8.533333 2 348.0 245.0 30.0 25.0
8.566667 2 345.0 247.0 33.0 23.0
8.600000 2 345.0 247.0 28.0 23.0
8.633333 2 342.0 244.0 31.0 25.0
8.666667 2 341.0 244.0 33.0 24.0
8.700000 2 348.0 247.0 27.0 21.0
8.733333 2 348.0 247.0 24.0 20.0
8.766667 2 344.0 244.0 28.0 23.0
8.800000 2 344.0 244.0 28.0 22.0
8.833333 2 347.0 244.0 25.0 22.0
8.866667 2 346.0 244.0 21.0 17.0
8.900000 2 345.0 244.0 22.0 17.0
8.933333 2 344.0 242.0 23.0 18.0
8.966667 2 340.0 241.0 28.0 19.0
9.000000 2 341.0 241.0 26.0 21.0
9.033333 2 342.0 242.0 24.0 20.0
9.066667 2 342.0 241.0 23.0 20.0
9.100000 2 342.0 239.0 23.0 22.0
9.133333 2 342.0 239.0 21.0 19.0
9.166667 2 339.0 238.0 24.0 18.0
9.200000 2 339.0 238.0 25.0 18.0
9.233333 2 338.0 236.0 25.0 19.0
9.266667 2 338.0 236.0 28.0 21.0
9.300000 2 333.0 235.0 34.0 22.0
9.333333 2 333.0 235.0 32.0 22.0
9.366667 2 336.0 232.0 29.0 24.0
9.400000 2 336.0 232.0 27.0 21.0
9.433333 2 339.0 233.0 24.0 20.0
9.466667 2 339.0 233.0 27.0 20.0
9.500000 2 338.0 231.0 28.0 22.0
9.533333 2 338.0 231.0 29.0 24.0
9.566667 2 338.0 229.0 28.0 27.0
9.600000 2 339.0 231.0 27.0 24.0
9.633333 2 339.0 231.0 22.0 18.0
9.666667 2 341.0 229.0 21.0 20.0
9.700000 2 341.0 229.0 21.0 19.0
9.733333 2 339.0 227.0 24.0 21.0
9.766667 2 339.0 227.0 26.0 18.0
9.800000 2 335.0 229.0 30.0 16.0
9.833333 2 334.0 229.0 28.0 16.0
9.866667 2 335.0 226.0 28.0 19.0
9.900000 2 335.0 226.0 28.0 20.0
9.933333 2 336.0 223.0 28.0 23.0
9.966667 2 336.0 222.0 25.0 22.0
10.000000 2 336.0 225.0 25.0 19.0
10.033333 2 336.0 225.0 24.0 16.0
10.066667 2 335.0 222.0 25.0 19.0
10.100000 2 335.0 222.0 26.0 20.0
10.133333 2 335.0 219.0 27.0 22.0
10.166667 2 335.0 219.0 28.0 22.0
10.200000 2 337.0 220.0 26.0 21.0
10.233333 2 337.0 220.0 23.0 18.0
10.266667 2 333.0 220.0 27.0 18.0
10.300000 2 333.0 220.0 28.0 17.0
