0.000000 2 226.0 231.2 30.8 20.4
0.033333 2 225.5 230.8 31.0 20.9
0.066667 2 224.5 230.6 31.5 21.3
0.100000 2 225.2 231.5 29.2 19.3
0.133333 2 223.5 230.5 31.3 21.4
0.166667 2 223.9 231.3 29.9 19.9
0.200000 2 222.5 230.4 31.3 21.4
0.233333 2 222.7 230.9 30.7 20.6
0.266667 2 222.3 231.1 30.5 20.4
0.300000 2 221.5 230.8 31.7 21.1
0.333333 2 221.2 231.0 31.7 21.0
0.366667 2 221.4 231.3 31.1 20.5
0.400000 2 221.5 231.3 30.5 20.7
0.433333 2 222.1 231.9 29.4 19.8
0.466667 2 222.1 231.9 29.3 19.7
0.500000 2 222.0 232.1 29.8 19.8
0.533333 2 221.8 231.7 30.6 20.7
0.566667 2 221.8 231.4 31.0 21.1
0.600000 2 222.5 232.3 30.1 20.0
0.633333 2 222.7 232.1 30.6 20.3
0.666667 2 222.1 231.7 32.1 21.5
0.700000 2 223.5 232.3 30.4 20.6
0.733333 2 224.0 232.4 30.8 20.8
0.766667 2 225.2 233.3 29.3 19.3
0.800000 2 225.8 233.3 29.6 19.6
0.833333 2 225.7 233.1 31.4 20.9
0.866667 2 226.7 233.5 30.6 20.3
0.900000 2 227.6 233.8 30.6 20.5
0.933333 2 227.8 234.2 31.4 20.6
0.966667 2 229.9 235.0 29.5 19.6
1.000000 2 230.1 235.0 31.7 21.0
1.033333 2 231.8 235.7 29.7 20.0
1.066667 2 232.4 235.6 31.3 21.1
1.100000 2 233.5 236.4 30.7 20.4
1.133333 2 235.5 237.0 29.9 20.0
1.166667 2 235.1 236.8 32.0 21.4
1.200000 2 237.9 237.7 30.3 20.5
1.233333 2 238.4 237.9 31.0 20.8
1.266667 2 241.2 239.3 29.3 19.6
1.300000 2 241.2 238.7 31.1 21.5
1.333333 2 243.8 240.3 29.4 19.6
1.366667 2 245.8 241.0 29.3 19.6
1.400000 2 247.6 241.2 29.8 20.2
1.433333 2 248.4 241.6 30.0 20.2
1.466667 2 250.3 242.4 29.6 19.5
1.500000 2 251.0 242.5 30.2 20.2
1.533333 2 252.1 242.5 31.5 22.2
1.566667 2 253.5 243.6 29.9 20.4
1.600000 2 255.0 244.6 30.4 20.1
1.633333 2 255.9 244.7 29.7 20.5
1.666667 2 256.7 245.3 30.7 20.3
1.700000 2 257.7 245.6 30.0 20.7
1.733333 2 258.4 246.2 30.4 21.2
1.766667 2 259.8 247.4 30.2 20.9
1.800000 2 259.8 248.1 31.0 20.7
1.833333 2 261.1 249.8 30.1 20.0
1.866667 2 261.7 250.8 30.6 20.9
1.900000 2 262.5 252.1 29.6 19.6
1.933333 2 262.8 253.4 30.1 20.8
1.966667 2 262.8 254.9 31.1 20.9
2.000000 2 262.8 255.1 31.7 22.5
2.033333 2 263.6 258.0 31.2 20.8
2.066667 2 263.8 258.8 31.2 21.0
2.100000 2 263.8 260.2 31.8 22.7
2.133333 2 264.3 261.7 31.2 21.9
2.166667 2 265.4 265.1 29.5 19.4
2.200000 2 265.3 266.3 29.9 19.7
2.233333 2 265.3 268.8 29.9 19.9
2.266667 2 265.7 270.1 29.5 19.7
2.300000 2 264.7 271.8 31.4 21.4
2.333333 2 265.3 274.9 30.2 20.5
2.366667 2 264.7 275.7 31.5 21.8
2.400000 2 265.6 278.1 29.5 19.9
2.433333 2 265.5 281.0 29.6 19.7
2.466667 2 264.5 283.0 31.2 21.2
2.500000 2 265.0 284.8 29.7 20.4
2.533333 2 264.4 287.1 30.4 21.4
2.566667 2 264.3 289.0 30.2 20.4
2.600000 2 264.3 292.1 29.4 19.9
2.633333 2 262.7 292.1 32.0 22.9
2.666667 2 263.2 296.2 29.9 19.9
2.700000 2 262.0 296.4 31.9 22.2
2.733333 2 261.4 299.7 31.8 21.7
2.766667 2 261.0 302.1 31.3 22.3
2.800000 2 260.9 304.5 30.6 20.5
2.833333 2 259.4 306.2 32.2 22.3
2.866667 2 259.9 308.6 30.2 20.3
2.900000 2 258.5 310.8 31.6 21.4
2.933333 2 258.0 313.9 30.7 20.7
2.966667 2 257.8 315.4 30.1 21.0
3.000000 2 256.9 317.0 30.8 20.6
3.033333 2 256.7 320.2 29.4 19.6
3.066667 2 255.3 322.7 30.0 20.1
3.100000 2 254.9 323.7 29.8 20.7
3.133333 2 253.7 326.4 29.8 20.9
3.166667 2 251.9 328.7 31.0 21.3
3.200000 2 251.3 329.8 31.2 21.7
3.233333 2 251.5 332.3 29.5 19.4
3.266667 2 249.5 333.8 31.1 21.0
3.300000 2 248.8 336.3 30.0 21.2
3.333333 2 247.5 338.9 29.8 20.3
3.366667 2 246.2 339.1 31.1 22.2
3.400000 2 244.2 341.2 32.4 22.5
3.433333 2 243.3 341.6 32.7 23.7
3.466667 2 242.2 344.7 32.0 21.8
3.500000 2 241.2 344.6 33.0 24.0
3.533333 2 240.0 347.3 32.2 22.0
3.566667 2 239.0 348.0 32.7 22.7
3.600000 2 238.5 350.2 30.6 21.7
3.633333 2 237.9 351.8 30.3 20.3
3.666667 2 235.2 351.4 33.4 24.0
3.700000 2 234.3 353.5 32.3 22.4
3.733333 2 233.5 355.4 31.0 21.3
3.766667 2 232.0 355.8 31.2 22.5
3.800000 2 230.9 356.4 32.5 22.5
3.833333 2 229.7 357.2 32.1 23.0
3.866667 2 229.4 358.7 31.1 22.1
3.900000 2 228.9 359.4 30.9 21.5
3.933333 2 228.5 360.4 30.0 21.2
3.966667 2 226.9 360.0 32.1 22.8
4.000000 2 226.9 361.4 30.5 20.8
4.033333 2 226.9 361.4 29.9 21.3
4.066667 2 225.6 362.1 31.1 21.1
4.100000 2 225.4 362.5 30.1 20.9
4.133333 2 225.0 362.8 29.9 20.6
4.166667 2 224.5 362.3 30.2 21.5
4.200000 2 224.0 362.8 30.5 20.7
4.233333 2 223.7 362.3 30.4 21.7
4.266667 2 223.5 362.9 29.8 20.2
4.300000 2 222.8 362.0 30.2 21.7
4.333333 2 222.4 362.5 30.2 20.8
4.366667 2 220.8 361.0 32.0 23.4
4.400000 2 220.2 361.2 32.4 22.8
4.433333 2 220.3 361.0 30.7 22.2
4.466667 2 220.0 361.9 30.5 20.6
4.500000 2 218.6 360.9 31.4 21.5
4.533333 2 217.4 360.4 31.8 21.9
4.566667 2 217.7 360.1 30.3 21.6
4.600000 2 215.6 358.6 32.3 23.6
4.633333 2 216.2 360.0 29.8 20.0
4.666667 2 213.7 357.8 32.2 23.3
4.700000 2 214.3 359.1 29.8 20.0
4.733333 2 211.6 356.6 32.3 23.6
4.766667 2 212.1 357.8 29.8 20.3
4.800000 2 209.7 356.2 31.6 22.2
4.833333 2 209.3 355.7 30.8 22.3
4.866667 2 208.0 355.6 30.0 20.5
4.900000 2 206.1 355.0 30.2 20.2
4.933333 2 204.4 353.3 32.2 22.6
4.966667 2 203.2 352.5 31.1 22.3
5.000000 2 202.9 352.6 30.0 20.8
5.033333 2 201.1 351.8 30.2 20.1
5.066667 2 199.8 350.7 31.1 21.1
5.100000 2 198.7 349.2 30.1 21.2
5.133333 2 197.0 348.6 30.6 20.4
5.166667 2 195.5 346.4 30.4 21.5
5.200000 2 194.0 345.6 32.2 21.8
5.233333 2 194.0 344.8 29.9 20.3
5.266667 2 193.4 343.9 30.0 20.2
5.300000 2 191.4 341.7 32.0 21.8
5.333333 2 191.4 340.9 30.9 21.6
5.366667 2 190.9 339.6 30.3 20.3
5.400000 2 190.7 338.6 29.8 20.9
5.433333 2 190.0 336.7 30.0 20.3
5.466667 2 189.4 334.9 30.0 20.3
5.500000 2 189.3 334.0 29.9 19.8
5.533333 2 189.0 331.7 29.8 20.4
5.566667 2 188.6 329.3 30.0 21.1
5.600000 2 187.7 327.4 31.8 22.3
5.633333 2 187.3 325.5 32.2 21.9
5.666667 2 187.6 324.8 31.3 21.0
5.700000 2 188.2 323.1 29.7 19.7
5.733333 2 187.4 320.0 31.5 21.2
5.766667 2 187.4 318.7 31.5 21.3
5.800000 2 188.2 317.1 29.6 19.8
5.833333 2 188.0 315.8 29.8 20.2
5.866667 2 187.2 312.5 31.3 21.8
5.900000 2 187.3 309.0 30.6 21.4
5.933333 2 187.1 308.4 30.6 20.5
5.966667 2 186.7 306.0 30.8 20.6
6.000000 2 186.9 303.5 29.8 20.6
6.033333 2 186.6 302.5 29.9 20.5
6.066667 2 185.7 300.1 30.7 20.5
6.100000 2 185.8 298.9 29.8 20.5
6.133333 2 185.4 297.2 29.3 19.3
6.166667 2 184.3 294.9 30.8 21.5
6.200000 2 183.6 293.1 30.9 20.6
6.233333 2 183.6 292.2 29.8 19.9
6.266667 2 182.8 290.0 29.3 19.8
6.300000 2 182.4 289.1 29.4 19.5
6.333333 2 180.5 285.9 30.9 21.1
6.366667 2 179.7 283.7 30.2 21.0
6.400000 2 179.4 283.5 29.4 19.4
6.433333 2 178.1 280.7 29.5 20.3
6.466667 2 177.3 279.9 29.7 19.6
6.500000 2 175.5 276.9 30.9 21.1
6.533333 2 174.5 274.7 30.2 21.0
6.566667 2 174.3 274.0 29.3 19.8
6.600000 2 172.0 270.8 31.1 21.5
6.633333 2 171.8 269.8 30.0 20.7
6.666667 2 170.5 267.4 30.1 20.6
6.700000 2 169.6 266.1 30.9 20.7
6.733333 2 169.4 265.2 30.0 19.9
6.766667 2 168.3 263.2 29.7 19.5
6.800000 2 166.9 260.9 31.2 21.0
6.833333 2 166.7 258.7 29.8 20.3
6.866667 2 165.8 257.2 31.1 20.7
6.900000 2 165.9 255.0 29.4 20.0
6.933333 2 165.3 253.5 30.4 20.4
6.966667 2 165.0 250.8 29.8 19.8
7.000000 2 164.7 249.0 30.1 20.5
7.033333 2 164.7 246.0 30.1 20.5
7.066667 2 165.0 244.8 29.5 20.0
7.100000 2 165.2 241.8 30.0 20.0
7.133333 2 165.9 238.7 29.7 20.3
7.166667 2 166.2 237.3 29.6 19.4
7.200000 2 167.2 234.1 29.5 19.5
7.233333 2 167.5 230.2 30.9 20.7
7.266667 2 168.5 228.6 30.1 20.2
7.300000 2 169.9 225.2 29.9 20.0
7.333333 2 171.1 221.6 30.5 20.1
7.366667 2 171.9 219.6 30.4 20.1
7.400000 2 173.6 216.0 30.3 20.7
7.433333 2 174.3 213.9 30.8 21.1
7.466667 2 176.7 210.9 29.6 19.7
7.500000 2 177.8 209.5 29.2 19.2
7.533333 2 179.4 205.8 29.9 19.7
7.566667 2 181.2 202.3 30.4 20.1
7.600000 2 182.2 200.6 30.2 19.9
7.633333 2 184.7 197.4 29.5 19.5
7.666667 2 186.7 194.3 29.5 19.7
7.700000 2 187.1 192.4 30.6 20.5
7.733333 2 189.5 189.2 30.4 20.9
7.766667 2 191.5 186.1 30.9 21.1
7.800000 2 193.1 185.2 29.7 20.0
7.833333 2 194.9 182.1 30.0 20.2
7.866667 2 196.2 181.0 29.8 19.9
7.900000 2 197.9 178.1 31.0 20.5
7.933333 2 200.3 175.6 30.4 20.2
7.966667 2 201.1 173.6 31.2 21.7
8.000000 2 204.1 172.3 29.8 19.6
8.033333 2 206.0 169.6 30.6 20.1
8.066667 2 206.9 167.8 31.4 21.5
8.100000 2 209.7 166.0 30.0 20.4
8.133333 2 211.0 165.4 29.9 19.6
8.166667 2 212.9 162.7 30.5 20.6
8.200000 2 216.1 161.1 29.2 19.6
8.233333 2 217.2 160.2 29.1 19.5
8.266667 2 218.6 157.3 31.0 20.6
8.300000 2 219.7 156.3 31.1 20.9
8.333333 2 223.2 155.2 29.1 19.5
8.366667 2 223.8 154.0 30.3 20.3
8.400000 2 225.4 151.6 31.6 21.3
8.433333 2 227.0 150.8 31.3 21.1
8.466667 2 229.5 149.4 31.0 20.6
8.500000 2 232.8 147.9 29.9 20.0
8.533333 2 233.9 147.1 30.0 19.7
8.566667 2 235.6 144.8 31.5 20.9
8.600000 2 236.7 143.6 31.8 21.6
8.633333 2 239.8 142.7 31.0 20.7
8.666667 2 240.7 142.0 31.4 20.6
8.700000 2 243.7 140.6 30.6 20.5
8.733333 2 245.1 139.8 30.6 20.5
8.766667 2 247.7 138.7 30.3 20.0
8.800000 2 249.7 136.7 31.4 20.9
8.833333 2 252.5 135.3 31.1 20.8
8.866667 2 253.6 134.6 30.9 20.8
8.900000 2 256.1 133.6 30.7 20.2
8.933333 2 257.9 131.4 31.8 21.8
8.966667 2 260.7 130.7 30.7 20.5
9.000000 2 261.3 130.0 31.5 20.7
9.033333 2 263.5 128.5 31.2 21.0
9.066667 2 265.5 127.3 31.1 21.0
9.100000 2 267.1 126.0 31.4 21.4
9.133333 2 268.8 124.9 31.7 21.6
9.166667 2 269.7 124.6 31.2 21.0
9.200000 2 271.6 123.7 30.9 20.7
9.233333 2 272.1 123.0 31.4 21.4
9.266667 2 273.6 122.2 31.4 21.0
9.300000 2 273.8 121.3 32.0 22.0
9.333333 2 275.3 120.8 31.6 21.0
9.366667 2 276.6 120.6 30.4 20.7
9.400000 2 277.4 119.8 30.9 20.8
9.433333 2 277.9 118.7 32.0 21.5
9.466667 2 278.6 118.5 31.5 21.2
9.500000 2 279.4 118.0 31.9 21.0
9.533333 2 280.6 117.3 31.4 21.2
9.566667 2 280.6 117.2 31.4 21.2
9.600000 2 281.1 116.7 32.1 21.3
9.633333 2 281.9 116.9 31.2 20.6
9.666667 2 282.7 116.7 30.6 20.1
9.700000 2 282.4 115.8 32.1 21.3
9.733333 2 282.5 115.1 32.4 22.5
9.766667 2 283.6 115.4 31.1 20.9
9.800000 2 284.1 115.7 30.6 20.2
9.833333 2 284.2 115.8 30.5 20.1
9.866667 2 283.8 114.7 31.8 22.0
9.900000 2 283.8 114.6 32.1 21.9
9.933333 2 283.8 114.6 32.3 21.9
9.966667 2 284.1 115.1 31.8 21.0
10.000000 2 283.8 114.8 32.3 21.6
10.033333 2 283.9 114.7 32.2 21.7
10.066667 2 284.0 114.9 31.9 21.4
10.100000 2 284.0 114.9 31.8 21.6
10.133333 2 284.3 115.3 30.8 21.0
10.166667 2 284.2 115.7 30.7 20.4
10.200000 2 283.7 115.6 31.4 20.9
10.233333 2 282.7 115.6 32.4 21.7
10.266667 2 282.5 115.5 32.4 22.2
10.300000 2 282.4 115.9 31.9 21.5
10.333333 2 282.3 116.5 31.4 21.1
10.366667 2 281.3 116.9 32.2 21.4
10.400000 2 281.6 117.7 30.7 20.3
10.433333 2 280.0 117.5 32.5 21.7
10.466667 2 280.1 118.7 30.8 20.3
10.500000 2 279.2 118.5 31.8 21.4
10.533333 2 278.5 118.4 32.5 22.2
10.566667 2 278.5 119.8 30.6 20.5
10.600000 2 277.8 119.7 31.5 21.0
10.633333 2 277.3 120.7 30.7 20.5
10.666667 2 276.0 121.0 32.0 21.0
