0.000000 2 328.0 228.0 31.0 22.0
0.033333 2 333.3 233.8 21.1 15.5
0.066667 2 332.0 234.7 25.3 19.3
0.100000 2 334.3 239.1 21.4 16.0
0.133333 2 334.8 241.9 22.0 15.9
0.166667 2 331.7 242.1 29.6 21.1
0.200000 2 335.5 246.5 23.2 17.4
0.233333 2 337.3 250.0 21.3 15.7
0.266667 2 337.5 252.2 22.4 16.7
0.300000 2 335.9 253.6 26.9 19.1
0.333333 2 337.2 256.5 26.3 18.8
0.366667 2 340.1 259.8 21.9 16.7
0.400000 2 341.3 263.0 21.6 15.6
0.433333 2 342.9 265.4 20.1 15.5
0.466667 2 343.8 268.1 20.3 15.1
0.500000 2 344.6 270.3 20.5 15.4
0.533333 2 345.1 271.8 21.6 16.9
0.566667 2 346.5 274.8 20.6 15.5
0.600000 2 347.7 277.2 20.3 15.1
0.633333 2 348.6 279.3 20.4 15.4
0.666667 2 348.6 280.6 22.2 17.2
0.700000 2 348.7 282.1 24.2 18.5
0.733333 2 348.9 283.8 25.7 19.4
0.766667 2 345.3 282.8 34.7 25.7
0.800000 2 348.2 286.6 30.2 22.2
0.833333 2 349.4 288.7 29.8 21.7
0.866667 2 352.7 292.4 24.5 18.1
0.900000 2 353.5 294.0 24.8 18.4
0.933333 2 352.6 295.0 28.3 20.4
0.966667 2 348.2 293.4 39.0 27.8
1.000000 2 352.7 297.7 31.3 22.3
1.033333 2 354.8 300.3 28.6 20.7
1.066667 2 355.7 301.7 28.7 21.2
1.100000 2 352.5 301.1 36.6 26.3
1.133333 2 352.7 302.4 38.0 27.4
1.166667 2 353.2 303.8 39.1 27.9
1.200000 2 357.8 308.1 30.8 22.3
1.233333 2 360.8 310.9 26.6 19.7
1.266667 2 361.7 312.3 26.6 20.3
1.300000 2 363.1 314.5 25.9 19.0
1.333333 2 363.5 315.5 26.9 20.0
1.366667 2 364.9 317.6 26.0 18.9
1.400000 2 365.1 318.5 27.4 20.2
1.433333 2 366.6 320.4 26.4 19.2
1.466667 2 366.8 321.0 28.0 21.0
1.500000 2 368.4 323.3 26.9 19.3
1.533333 2 367.0 322.9 31.5 23.2
1.566667 2 369.9 325.9 27.6 19.7
1.600000 2 367.0 324.6 35.1 25.2
1.633333 2 368.0 325.7 35.2 25.4
1.666667 2 369.1 327.2 35.0 25.0
1.700000 2 371.0 329.0 32.8 23.8
1.733333 2 373.7 331.1 28.9 21.1
1.766667 2 375.0 332.1 27.8 20.7
1.800000 2 373.7 330.9 32.1 24.2
1.833333 2 374.0 331.3 32.5 24.1
1.866667 2 383.2 337.4 22.0 16.0
1.900000 2 381.2 338.1 27.0 20.0
1.933333 2 386.8 339.3 21.0 16.0
1.966667 2 382.1 339.3 24.0 18.0
2.000000 2 383.3 338.2 26.0 19.0
2.033333 2 388.4 340.6 22.0 16.0
2.066667 2 374.6 330.6 44.6 31.4
2.100000 2 382.7 336.2 35.7 24.2
2.133333 2 381.4 335.0 33.3 23.9
2.166667 2 378.6 332.6 39.9 26.3
2.200000 2 384.3 336.6 31.2 23.1
2.233333 2 381.1 333.9 40.3 25.8
2.266667 2 384.2 335.8 33.5 25.4
2.300000 2 385.3 336.4 31.6 22.6
2.333333 2 379.5 331.7 43.4 29.5
2.366667 2 386.8 336.8 30.2 21.4
2.400000 2 387.0 336.6 30.7 21.6
2.433333 2 383.7 333.8 37.7 28.1
2.466667 2 386.6 335.6 35.6 22.6
2.500000 2 393.0 339.0 24.0 15.0
2.533333 2 393.0 339.0 27.0 15.0
2.566667 2 395.0 336.0 25.0 18.0
2.600000 2 396.0 339.0 24.0 12.0
2.633333 2 396.0 335.0 24.0 17.0
2.666667 2 396.0 333.0 26.0 18.0
2.700000 2 399.0 333.0 22.0 17.0
2.733333 2 398.0 333.0 23.0 17.0
2.766667 2 398.0 333.0 25.0 15.0
2.800000 2 399.0 332.0 24.0 16.0
2.833333 2 399.0 332.0 23.0 13.0
2.866667 2 398.0 327.0 24.0 18.0
2.900000 2 398.0 327.0 24.0 16.0
2.933333 2 399.0 325.0 23.0 18.0
2.966667 2 399.0 325.0 28.0 14.0
3.000000 2 399.0 320.0 28.0 19.0
3.033333 2 399.0 320.0 27.0 16.0
3.066667 2 399.0 318.0 27.0 18.0
3.100000 2 399.0 318.0 29.0 16.0
3.133333 2 402.0 312.0 26.0 22.0
3.166667 2 402.0 312.0 26.0 19.0
3.200000 2 398.0 311.0 30.0 20.0
3.233333 2 398.0 311.0 32.0 18.0
3.266667 2 402.0 312.0 28.0 17.0
3.300000 2 402.0 312.0 29.0 17.0
3.333333 2 400.0 305.0 31.0 24.0
3.366667 2 400.0 305.0 29.0 22.0
3.400000 2 400.0 306.0 29.0 21.0
3.433333 2 400.0 306.0 29.0 21.0
3.466667 2 403.0 304.0 26.0 23.0
3.500000 2 403.0 304.0 27.0 20.0
3.533333 2 405.0 303.0 25.0 21.0
3.566667 2 405.0 303.0 27.0 19.0
3.600000 2 405.0 302.0 27.0 20.0
3.633333 2 405.0 302.0 29.0 19.0
3.666667 2 406.0 302.0 28.0 19.0
3.700000 2 405.0 302.0 32.0 19.0
3.733333 2 403.0 302.0 34.0 18.0
3.766667 2 403.0 302.0 31.0 18.0
3.800000 2 407.0 302.0 28.0 18.0
3.833333 2 407.0 302.0 25.0 20.0
3.866667 2 407.0 303.0 25.0 18.0
3.900000 2 407.0 303.0 28.0 17.0
3.933333 2 407.0 301.0 26.8 20.5
3.966667 2 408.0 302.0 29.0 19.0
4.000000 2 405.0 303.0 31.0 18.0
4.033333 2 407.0 304.0 29.0 17.0
4.066667 2 406.0 304.0 35.0 20.0
4.100000 2 409.0 305.0 32.0 19.0
4.133333 2 409.0 305.0 31.0 19.0
4.166667 2 410.0 307.0 30.0 17.0
4.200000 2 410.0 307.0 28.0 20.0
4.233333 2 410.0 306.0 28.0 21.0
4.266667 2 410.0 306.0 31.0 22.0
4.300000 2 408.0 309.0 33.0 19.0
4.333333 2 408.0 309.0 29.0 22.0
4.366667 2 411.0 312.0 26.0 19.0
4.400000 2 411.0 312.0 27.0 18.0
4.433333 2 411.0 312.0 25.0 18.0
4.466667 2 411.0 312.0 28.0 24.0
4.500000 2 411.0 314.0 28.0 22.0
4.533333 2 411.0 313.0 27.0 21.0
4.566667 2 411.0 316.0 27.0 18.0
4.600000 2 411.0 316.0 27.0 20.0
4.633333 2 413.0 321.0 25.0 15.0
4.666667 2 413.0 321.0 27.0 18.0
4.700000 2 416.0 320.0 25.0 19.0
4.733333 2 415.0 319.0 26.0 22.0
4.766667 2 414.0 318.0 27.0 23.0
4.800000 2 414.0 318.0 25.0 22.0
4.833333 2 414.0 320.0 26.0 19.0
4.866667 2 414.0 320.0 29.0 22.0
4.900000 2 415.0 321.0 28.0 21.0
4.933333 2 415.0 321.0 27.0 20.0
4.966667 2 415.0 323.0 27.0 18.0
5.000000 2 415.0 323.0 26.0 21.0
5.033333 2 414.0 324.0 27.0 20.0
5.066667 2 414.0 324.0 25.0 19.0
5.100000 2 409.0 322.0 29.0 20.0
5.133333 2 409.0 322.0 32.0 23.0
5.166667 2 413.0 323.0 28.0 22.0
5.200000 2 413.0 323.0 27.0 20.0
5.233333 2 412.0 321.0 28.0 22.0
5.266667 2 412.0 321.0 28.0 21.0
5.300000 2 415.0 323.0 26.0 19.0
5.333333 2 414.0 322.0 27.0 22.0
5.366667 2 416.0 322.0 25.0 21.0
5.400000 2 416.0 322.0 21.0 20.0
5.433333 2 412.0 324.0 29.0 18.0
5.466667 2 410.6 323.6 31.5 15.0
5.500000 2 412.1 319.2 27.0 21.0
5.533333 2 414.3 320.0 25.5 20.2
5.566667 2 414.3 321.5 27.0 15.7
5.600000 2 411.3 317.0 30.7 22.5
5.633333 2 412.1 318.5 29.2 21.0
5.666667 2 412.1 318.5 27.7 18.7
5.700000 2 407.6 316.2 35.2 18.7
5.733333 2 412.1 314.3 25.3 23.3
5.766667 2 414.7 315.9 19.6 18.2
5.800000 2 415.4 315.7 17.9 16.6
5.833333 2 414.5 314.2 19.1 17.7
5.866667 2 413.4 312.4 21.4 19.7
5.900000 2 409.3 308.3 28.8 26.4
5.933333 2 412.4 310.0 22.2 20.4
5.966667 2 413.6 310.2 19.5 18.0
6.000000 2 413.6 309.2 19.4 17.9
6.033333 2 411.9 307.0 22.3 20.4
6.066667 2 412.2 306.2 21.8 19.6
6.100000 2 410.0 303.6 25.6 23.0
6.133333 2 413.0 305.0 19.2 17.3
6.166667 2 413.7 304.6 17.5 15.9
6.200000 2 414.0 303.7 16.7 15.1
6.233333 2 413.8 302.4 17.0 15.4
6.266667 2 412.8 300.4 18.6 16.9
6.300000 2 409.8 296.9 24.3 21.9
6.333333 2 409.1 295.2 25.3 22.7
6.366667 2 411.2 295.8 20.7 18.7
6.400000 2 411.3 294.8 20.0 18.1
6.433333 2 408.1 291.2 25.7 23.2
6.466667 2 409.6 291.5 22.5 19.8
6.500000 2 409.8 290.3 21.9 19.4
6.533333 2 412.0 291.1 16.8 14.9
6.566667 2 412.7 290.7 15.4 13.2
6.600000 2 411.6 288.6 17.2 14.7
6.633333 2 408.1 284.6 23.8 20.5
6.666667 2 411.4 285.9 16.8 14.3
6.700000 2 411.7 284.9 15.4 13.4
6.733333 2 411.7 283.6 15.2 13.0
6.766667 2 410.4 281.2 17.6 15.1
6.800000 2 409.6 279.2 18.5 16.0
6.833333 2 410.1 278.4 17.0 14.6
6.866667 2 406.2 274.1 24.1 20.7
6.900000 2 402.3 269.8 31.3 26.8
6.933333 2 404.9 270.4 25.9 22.1
6.966667 2 406.6 270.1 21.8 18.9
7.000000 2 405.9 268.3 22.7 19.7
7.033333 2 402.6 264.3 28.8 24.6
7.066667 2 405.6 265.2 21.9 19.2
7.100000 2 406.6 264.4 19.7 17.3
7.133333 2 404.0 261.1 24.2 21.0
7.166667 2 402.2 258.2 27.4 23.7
7.200000 2 405.5 259.4 20.0 17.5
7.233333 2 405.0 257.4 20.5 17.9
7.266667 2 403.2 254.6 23.0 20.2
7.300000 2 404.2 253.7 20.7 18.2
7.333333 2 403.7 251.9 21.1 18.3
7.366667 2 401.9 249.0 23.9 20.7
7.400000 2 404.1 249.0 18.8 16.5
7.433333 2 401.8 245.8 22.6 19.9
7.466667 2 401.2 244.0 23.2 20.1
7.500000 2 403.2 244.0 18.8 16.3
7.533333 2 400.9 240.9 22.4 19.4
7.566667 2 402.4 240.9 18.4 16.1
7.600000 2 400.7 238.4 20.9 18.1
7.633333 2 400.9 237.5 19.5 17.0
7.666667 2 401.6 236.6 17.7 15.5
7.700000 2 397.7 232.8 24.6 21.0
7.733333 2 399.4 232.7 20.6 18.0
7.766667 2 401.0 232.8 17.0 14.8
7.800000 2 398.5 230.0 21.2 18.3
7.833333 2 398.3 228.9 21.1 18.2
7.866667 2 399.5 228.7 17.8 15.8
7.900000 2 396.2 225.7 23.4 20.2
7.933333 2 398.6 226.5 18.1 16.0
7.966667 2 396.5 224.1 21.5 19.0
8.000000 2 393.2 220.9 27.5 23.8
8.033333 2 394.6 221.1 24.2 21.2
8.066667 2 394.8 221.2 23.0 19.6
8.100000 2 391.7 217.8 28.8 24.7
8.133333 2 394.2 219.5 22.8 19.5
8.166667 2 392.2 217.4 26.1 22.4
8.200000 2 390.5 215.6 28.8 24.7
8.233333 2 392.8 217.1 23.5 20.0
8.266667 2 390.0 214.5 28.6 24.5
8.300000 2 391.0 215.3 25.1 21.5
8.333333 2 390.6 214.7 25.4 21.8
8.366667 2 387.9 212.1 30.0 25.9
8.400000 2 389.6 213.5 25.7 21.9
8.433333 2 384.1 209.0 35.7 30.8
8.466667 2 389.3 213.2 24.3 20.8
8.500000 2 383.7 208.9 34.6 29.7
8.533333 2 389.1 213.3 22.8 19.4
8.566667 2 384.3 209.5 31.3 26.9
8.600000 2 387.8 212.3 23.8 20.4
8.633333 2 387.4 212.2 23.7 20.3
8.666667 2 386.8 212.0 24.0 20.5
8.700000 2 387.1 212.4 22.4 19.1
8.733333 2 385.1 211.2 25.3 21.7
8.766667 2 386.0 212.1 22.6 19.5
8.800000 2 382.0 209.1 30.1 25.9
8.833333 2 385.2 212.1 22.8 19.5
8.866667 2 384.0 211.4 24.6 21.0
8.900000 2 382.7 210.8 26.0 22.2
8.933333 2 383.5 211.7 23.9 20.4
8.966667 2 377.8 207.6 34.7 30.0
9.000000 2 380.1 209.7 29.4 25.3
9.033333 2 381.3 211.1 26.4 22.8
9.066667 2 376.4 207.8 35.3 30.5
9.100000 2 376.3 208.0 35.5 30.6
9.133333 2 381.5 212.6 24.5 21.3
9.166667 2 381.5 213.0 24.0 20.8
9.200000 2 380.0 212.2 26.6 23.1
9.233333 2 379.1 212.0 28.1 24.5
9.266667 2 378.4 211.8 29.5 25.5
9.300000 2 377.7 211.9 30.4 26.2
9.333333 2 377.9 212.6 29.9 25.9
9.366667 2 377.8 212.9 30.2 26.0
9.400000 2 377.5 213.2 30.8 26.4
9.433333 2 377.4 213.4 31.0 26.7
9.466667 2 377.3 213.9 31.2 26.8
9.500000 2 378.2 214.8 29.9 25.8
9.533333 2 381.6 217.8 23.6 20.4
9.566667 2 381.9 218.4 23.1 20.0
9.600000 2 381.9 218.9 23.4 20.3
9.633333 2 379.4 217.3 28.9 24.9
9.666667 2 379.4 217.6 29.6 25.5
9.700000 2 382.9 220.8 23.0 19.8
9.733333 2 382.3 220.6 24.8 21.4
9.766667 2 376.5 216.3 37.0 31.9
9.800000 2 382.5 221.3 25.9 22.4
9.833333 2 381.7 221.0 28.1 24.3
9.866667 2 381.5 221.3 29.3 25.1
9.900000 2 384.0 223.4 25.2 21.7
9.933333 2 381.0 221.1 32.3 27.9
9.966667 2 385.2 224.8 24.5 21.1
10.000000 2 383.7 224.1 28.2 24.3
10.033333 2 383.7 224.2 29.0 25.0
10.066667 2 385.9 226.5 25.3 21.8
10.100000 2 380.7 222.4 36.5 31.7
10.133333 2 381.4 223.5 35.6 30.8
10.166667 2 385.1 226.6 29.2 25.2
10.200000 2 382.4 224.7 35.1 30.4
10.233333 2 385.1 227.3 30.4 26.3
10.266667 2 386.5 228.8 28.0 24.2
10.300000 2 386.5 229.3 28.3 24.4
10.333333 2 382.0 225.9 38.1 33.1
10.366667 2 386.9 230.0 29.2 25.1
10.400000 2 386.8 230.3 29.7 25.7
10.433333 2 384.5 228.6 35.3 30.6
10.466667 2 387.1 231.0 30.5 26.3
10.500000 2 387.9 232.2 29.1 25.0
10.533333 2 388.0 232.7 29.3 25.2
10.566667 2 385.4 230.8 34.9 30.1
10.600000 2 384.3 230.2 37.6 32.5
10.633333 2 387.9 233.6 30.7 26.2
10.666667 2 388.5 234.5 29.7 25.3
10.700000 2 390.0 236.0 27.0 23.0
