0.000000 2 337.6 259.1 37.6 27.2
0.033333 2 336.1 258.6 37.2 26.7
0.066667 2 335.1 257.9 37.3 27.0
0.100000 2 333.1 256.9 37.4 27.1
0.133333 2 332.1 256.5 37.5 27.1
0.166667 2 329.1 255.4 37.6 27.1
0.200000 2 328.1 255.1 37.6 27.1
0.233333 2 326.1 254.3 37.5 27.0
0.266667 2 324.2 254.0 37.1 26.8
0.300000 2 323.2 253.6 36.9 26.5
0.333333 2 320.9 252.8 37.2 26.9
0.366667 2 319.9 252.5 37.3 26.9
0.400000 2 317.6 251.5 37.6 27.1
0.433333 2 316.5 251.1 37.7 27.2
0.466667 2 314.6 250.4 37.6 27.2
0.500000 2 313.6 249.9 37.6 27.2
0.533333 2 312.0 249.2 37.3 26.9
0.566667 2 310.3 248.0 37.7 27.1
0.600000 2 309.2 247.0 37.1 26.8
0.633333 2 307.9 245.6 37.3 26.9
0.666667 2 307.4 244.8 37.7 27.2
0.700000 2 307.1 243.8 37.1 26.8
0.733333 2 306.7 242.6 37.6 27.1
0.766667 2 306.5 241.1 37.7 27.2
0.800000 2 306.6 240.2 37.7 27.2
0.833333 2 307.2 238.8 37.5 27.0
0.866667 2 307.5 237.8 37.7 27.3
0.900000 2 308.4 235.9 37.8 27.3
0.933333 2 309.2 235.2 37.6 27.0
0.966667 2 310.8 233.5 37.5 27.0
1.000000 2 312.8 231.8 37.4 27.1
1.033333 2 314.1 230.8 37.2 26.9
1.066667 2 316.4 228.7 37.7 27.2
1.100000 2 318.1 227.9 37.1 26.8
1.133333 2 321.2 225.9 37.3 26.9
1.166667 2 322.7 224.7 37.5 27.1
1.200000 2 326.3 222.5 37.5 27.0
1.233333 2 328.2 221.3 37.4 26.9
1.266667 2 332.1 219.1 37.2 26.9
1.300000 2 334.1 217.9 37.2 26.9
1.333333 2 337.8 215.3 37.4 27.0
1.366667 2 340.1 214.1 37.1 26.8
1.400000 2 343.8 211.8 37.4 27.1
1.433333 2 345.8 210.6 37.4 27.0
1.466667 2 349.4 208.2 37.6 27.2
1.500000 2 351.4 207.0 37.5 27.0
1.533333 2 355.2 205.0 37.2 26.8
1.566667 2 358.9 202.9 37.2 27.0
1.600000 2 360.5 201.7 37.5 27.2
1.633333 2 364.1 199.9 36.9 26.7
1.666667 2 367.3 197.8 37.3 27.0
1.700000 2 369.0 197.0 37.1 26.8
1.733333 2 372.2 195.3 36.8 26.5
1.766667 2 375.3 193.3 37.1 26.7
1.800000 2 376.5 192.4 37.5 27.0
1.833333 2 379.4 190.7 37.4 27.0
1.866667 2 382.3 189.2 37.2 26.8
1.900000 2 383.4 188.4 37.4 27.0
1.933333 2 386.2 187.1 36.9 26.6
1.966667 2 388.6 185.6 37.4 27.1
2.000000 2 389.6 184.8 37.4 27.1
2.033333 2 392.3 183.9 36.8 26.4
2.066667 2 393.3 183.1 36.8 26.5
2.100000 2 395.5 181.6 37.3 26.9
2.133333 2 396.4 181.0 37.3 26.9
2.166667 2 398.4 179.7 37.3 27.0
2.200000 2 400.3 178.8 37.1 26.8
2.233333 2 401.3 178.2 37.2 26.8
2.266667 2 403.2 177.3 36.8 26.5
2.300000 2 403.8 176.6 37.2 26.9
2.333333 2 405.3 175.5 37.1 26.7
2.366667 2 406.4 175.2 36.7 26.4
2.400000 2 407.5 174.0 37.4 27.1
2.433333 2 408.4 173.6 37.1 26.8
2.466667 2 409.6 172.6 37.3 27.0
2.500000 2 411.1 171.9 36.9 26.6
2.533333 2 412.3 171.3 37.0 26.6
2.566667 2 413.3 171.0 36.7 26.4
2.600000 2 414.3 170.1 36.7 26.4
2.633333 2 415.0 169.6 37.0 26.7
2.666667 2 416.3 168.9 36.9 26.6
2.700000 2 416.9 168.3 37.2 26.8
2.733333 2 418.4 167.6 37.2 26.7
2.766667 2 418.9 167.1 37.1 26.8
2.800000 2 420.4 166.6 37.3 27.0
2.833333 2 421.3 166.2 37.1 26.8
2.866667 2 422.9 165.5 37.2 26.8
2.900000 2 423.7 165.1 37.4 27.0
2.933333 2 425.5 164.2 37.5 27.0
2.966667 2 427.4 163.6 37.2 26.8
3.000000 2 428.8 163.3 37.2 26.8
3.033333 2 431.1 162.7 36.9 26.6
3.066667 2 433.3 162.0 37.2 26.8
3.100000 2 434.5 161.5 37.4 27.0
3.133333 2 437.2 160.9 36.8 26.6
3.166667 2 439.6 160.0 37.5 27.1
3.200000 2 441.2 159.9 37.0 26.7
3.233333 2 443.7 159.1 37.4 27.1
3.266667 2 445.2 158.9 37.1 26.8
3.300000 2 447.6 158.1 37.4 27.0
3.333333 2 449.2 158.1 36.9 26.6
3.366667 2 451.5 157.4 37.5 27.0
3.400000 2 452.8 157.2 37.3 26.9
3.433333 2 455.3 156.8 36.8 26.4
3.466667 2 456.4 156.5 37.3 26.8
3.500000 2 458.7 156.0 37.3 27.0
3.533333 2 460.2 156.1 36.7 26.4
3.566667 2 462.3 156.0 36.7 26.3
3.600000 2 464.3 155.5 36.7 26.4
3.633333 2 465.3 155.3 37.1 26.7
3.666667 2 467.3 154.9 37.2 26.8
3.700000 2 468.3 154.8 37.2 26.8
3.733333 2 470.3 155.0 36.7 26.4
3.766667 2 471.2 154.8 36.7 26.4
3.800000 2 472.7 154.5 37.3 26.9
3.833333 2 473.4 154.5 37.4 26.9
3.866667 2 475.2 154.4 37.2 26.7
3.900000 2 476.7 154.3 37.3 26.9
3.933333 2 477.4 154.1 37.4 27.0
3.966667 2 479.0 154.3 37.0 26.6
4.000000 2 479.4 154.1 37.5 27.1
4.033333 2 480.7 154.1 37.3 26.9
4.066667 2 481.4 154.0 37.5 27.1
4.100000 2 482.6 154.0 37.4 27.1
4.133333 2 483.2 154.1 37.2 26.8
4.166667 2 484.2 154.3 37.3 26.9
4.200000 2 484.8 154.3 37.3 26.9
4.233333 2 485.7 154.2 37.3 26.9
4.266667 2 486.2 154.3 37.4 26.9
4.300000 2 487.2 154.5 36.8 26.4
4.333333 2 487.4 154.3 37.5 27.0
4.366667 2 488.3 154.6 37.4 26.9
4.400000 2 489.2 154.7 36.8 26.5
4.433333 2 489.6 154.4 37.5 27.1
4.466667 2 490.1 154.7 36.9 26.6
4.500000 2 490.5 154.6 37.4 27.1
4.533333 2 491.3 155.1 36.7 26.4
4.566667 2 491.3 154.9 37.3 27.0
4.600000 2 491.7 154.9 37.3 27.0
4.633333 2 492.2 155.3 37.0 26.7
4.666667 2 492.3 155.4 37.3 26.8
4.700000 2 492.6 155.4 37.3 26.9
4.733333 2 493.1 155.8 36.8 26.5
4.766667 2 493.2 156.0 36.6 26.2
4.800000 2 493.3 156.1 37.0 26.6
4.833333 2 493.3 156.5 37.2 26.7
4.866667 2 493.4 156.5 37.2 26.7
4.900000 2 493.5 156.9 37.3 26.9
4.933333 2 493.5 157.1 37.3 26.9
4.966667 2 493.5 157.4 37.3 26.8
5.000000 2 493.5 157.9 37.3 26.9
5.033333 2 493.5 157.9 37.3 26.9
5.066667 2 493.4 158.7 37.2 26.7
5.100000 2 493.4 159.1 37.2 26.8
5.133333 2 493.3 159.5 37.0 26.5
5.166667 2 493.3 160.3 36.5 26.2
5.200000 2 493.3 160.5 36.6 26.2
5.233333 2 492.7 160.9 37.2 26.9
5.266667 2 492.3 161.3 37.2 26.7
5.300000 2 492.3 162.3 36.6 26.3
5.333333 2 492.1 162.5 36.9 26.5
5.366667 2 491.5 162.8 37.5 27.0
5.400000 2 491.4 163.1 37.4 26.9
5.433333 2 491.3 163.8 37.2 26.7
5.466667 2 491.2 164.2 36.8 26.4
5.500000 2 490.7 164.7 37.3 26.9
5.533333 2 490.4 165.2 37.5 26.9
5.566667 2 490.3 165.5 37.4 26.8
5.600000 2 490.3 166.0 37.4 26.9
5.633333 2 490.3 166.3 37.3 26.8
5.666667 2 490.2 167.0 37.2 26.8
5.700000 2 490.1 167.1 37.0 26.6
5.733333 2 490.2 167.5 37.2 26.6
5.766667 2 490.3 168.0 37.3 26.8
5.800000 2 490.4 168.1 37.4 26.8
5.833333 2 490.4 168.5 37.5 26.9
5.866667 2 490.4 168.5 37.6 27.0
5.900000 2 491.2 169.3 36.9 26.5
5.933333 2 491.3 169.3 37.4 26.8
5.966667 2 491.4 169.4 37.6 27.0
6.000000 2 492.2 169.6 37.0 26.5
6.033333 2 492.9 169.8 37.2 26.8
6.066667 2 493.3 170.0 36.9 26.5
6.100000 2 494.1 169.9 36.9 26.6
6.133333 2 494.3 169.8 37.3 26.8
6.166667 2 495.3 169.8 37.3 26.9
6.200000 2 496.2 170.1 36.9 26.6
6.233333 2 496.6 169.9 37.4 27.0
6.266667 2 497.8 169.9 37.2 26.9
6.300000 2 498.2 170.1 37.1 26.7
6.333333 2 499.5 170.0 37.4 26.9
6.366667 2 500.3 170.0 36.8 26.5
6.400000 2 501.3 170.1 37.2 26.8
6.433333 2 502.2 170.2 36.7 26.5
6.466667 2 503.3 170.0 37.0 26.7
6.500000 2 504.7 169.9 37.3 26.9
6.533333 2 506.2 170.0 36.8 26.5
6.566667 2 506.8 169.8 37.3 26.9
6.600000 2 508.2 169.8 37.2 26.8
6.633333 2 509.5 169.5 37.5 27.1
6.666667 2 511.2 169.3 37.4 26.9
6.700000 2 512.0 169.5 37.1 26.7
6.733333 2 513.3 169.2 37.5 27.0
6.766667 2 515.1 169.4 36.9 26.6
6.800000 2 515.8 169.3 37.2 26.8
6.833333 2 517.3 169.0 37.4 27.0
6.866667 2 518.2 169.1 37.0 26.7
6.900000 2 519.5 168.9 37.4 27.0
6.933333 2 521.2 169.1 37.2 26.8
6.966667 2 522.0 169.2 37.0 26.7
7.000000 2 523.3 169.3 37.4 26.9
7.033333 2 524.2 169.5 36.9 26.5
7.066667 2 525.6 169.7 37.4 27.0
7.100000 2 526.2 170.0 37.3 26.9
7.133333 2 527.4 170.3 37.5 27.0
7.166667 2 528.9 170.9 37.1 26.7
7.200000 2 529.4 170.8 37.3 26.9
7.233333 2 530.4 171.2 37.4 26.9
7.266667 2 531.4 171.8 37.3 26.9
7.300000 2 531.9 172.1 37.1 26.8
7.333333 2 532.4 172.7 37.3 26.8
7.366667 2 532.6 173.2 37.3 26.9
7.400000 2 532.8 174.0 37.2 26.8
7.433333 2 532.2 175.8 36.6 26.4
7.466667 2 531.7 176.0 37.1 26.8
7.500000 2 530.6 177.2 37.2 26.8
7.533333 2 530.0 178.2 36.8 26.6
7.566667 2 528.3 179.7 37.1 26.8
7.600000 2 527.3 180.7 37.1 26.6
7.633333 2 524.9 182.8 36.9 26.6
7.666667 2 523.4 183.8 37.1 26.7
7.700000 2 520.4 186.1 37.1 26.7
7.733333 2 518.6 187.4 37.2 26.7
7.766667 2 515.0 190.1 36.9 26.6
7.800000 2 512.7 191.7 37.1 26.7
7.833333 2 508.4 194.9 36.7 26.4
7.866667 2 505.8 196.4 37.1 26.6
7.900000 2 500.6 199.7 37.2 26.7
7.933333 2 498.2 201.6 36.7 26.3
7.966667 2 492.3 204.8 36.7 26.3
8.000000 2 489.3 206.4 37.0 26.5
8.033333 2 483.4 209.4 36.8 26.3
8.066667 2 477.5 212.6 36.4 25.9
8.100000 2 474.2 213.6 36.5 25.9
8.133333 2 467.5 215.8 36.7 26.1
8.166667 2 464.4 217.0 36.2 25.6
8.200000 2 457.8 217.9 36.9 26.3
8.233333 2 451.5 218.8 37.0 26.3
8.266667 2 445.5 218.9 36.3 25.8
8.300000 2 442.5 218.7 36.3 25.8
8.333333 2 436.7 217.4 37.0 26.3
8.366667 2 434.2 216.7 36.5 25.9
8.400000 2 429.6 214.4 36.2 25.8
8.433333 2 425.3 211.3 36.4 25.9
8.466667 2 423.3 209.4 36.3 25.8
8.500000 2 419.7 204.9 36.7 26.0
8.533333 2 418.2 202.6 36.5 25.9
8.566667 2 414.9 197.3 36.7 26.2
8.600000 2 413.6 194.5 36.5 26.0
8.633333 2 410.7 188.6 36.8 26.1
8.666667 2 409.6 185.6 36.6 26.0
8.700000 2 407.1 179.3 36.6 26.0
8.733333 2 406.0 176.1 36.6 25.9
8.766667 2 403.6 169.2 36.7 26.2
8.800000 2 401.6 162.7 36.0 25.5
8.833333 2 400.7 159.4 35.9 25.3
8.866667 2 398.1 152.0 36.5 25.9
8.900000 2 395.7 145.0 36.6 26.0
8.933333 2 393.6 138.2 36.6 26.1
8.966667 2 391.5 131.7 36.2 25.6
9.000000 2 390.4 128.4 36.3 25.8
9.033333 2 387.8 122.2 36.9 26.3
9.066667 2 386.7 119.0 36.8 26.1
9.100000 2 384.6 113.4 36.2 25.7
9.133333 2 383.1 110.5 36.6 26.1
9.166667 2 380.7 105.0 36.8 26.3
9.200000 2 378.1 100.1 36.6 26.1
9.233333 2 376.8 97.5 36.9 26.3
9.266667 2 374.4 93.2 36.3 25.8
9.300000 2 372.7 90.4 37.1 26.5
9.333333 2 370.1 86.2 36.7 26.3
9.366667 2 367.5 82.3 36.4 26.0
9.400000 2 366.0 80.1 36.8 26.3
9.433333 2 364.5 78.1 36.8 26.3
9.466667 2 361.8 74.3 37.0 26.4
9.500000 2 359.3 70.6 36.5 26.0
9.533333 2 357.8 68.5 37.1 26.4
9.566667 2 355.5 64.6 36.6 26.1
9.600000 2 354.4 62.7 36.5 26.0
9.633333 2 352.0 58.6 36.9 26.3
9.666667 2 350.3 54.4 36.6 26.1
9.700000 2 349.5 52.3 36.9 26.3
9.733333 2 348.3 48.2 36.5 26.1
9.766667 2 347.7 45.9 37.0 26.3
9.800000 2 347.0 41.6 36.9 26.2
9.833333 2 347.1 39.4 36.9 26.2
9.866667 2 346.8 35.1 37.0 26.3
9.900000 2 347.1 33.1 36.8 26.0
9.933333 2 347.6 28.3 37.1 26.4
9.966667 2 348.2 26.4 36.8 26.1
10.000000 2 349.3 22.1 37.0 26.2
10.033333 2 350.8 17.5 37.3 26.4
10.066667 2 352.9 13.2 37.2 26.3
10.100000 2 354.0 11.0 37.0 26.0
