0.000000 2 27.0 190.0 31.0 27.0
0.033333 2 29.1 189.2 31.5 27.1
0.066667 2 31.3 188.4 31.9 27.3
0.100000 2 33.4 187.6 32.4 27.4
0.133333 2 35.5 186.8 32.9 27.5
0.166667 2 37.7 186.0 33.3 27.7
0.200000 2 39.8 185.2 33.8 27.8
0.233333 2 41.9 184.4 34.3 27.9
0.266667 2 44.1 183.6 34.7 28.1
0.300000 2 46.2 182.8 35.2 28.2
0.333333 2 48.3 182.0 35.7 28.3
0.366667 2 50.5 181.2 36.1 28.5
0.400000 2 52.6 180.4 36.6 28.6
0.433333 2 54.7 179.6 37.1 28.7
0.466667 2 56.9 178.8 37.5 28.9
0.500000 2 59.0 178.0 38.0 29.0
0.533333 2 58.7 177.6 38.0 29.1
0.566667 2 58.4 177.1 38.1 29.2
0.600000 2 58.1 176.7 38.1 29.3
0.633333 2 57.8 176.2 38.2 29.4
0.666667 2 57.5 175.8 38.2 29.5
0.700000 2 57.2 175.3 38.3 29.6
0.733333 2 56.9 174.9 38.3 29.7
0.766667 2 56.6 174.4 38.4 29.8
0.800000 2 56.3 174.0 38.4 29.9
0.833333 2 56.0 173.5 38.5 30.0
0.866667 2 55.7 173.1 38.5 30.1
0.900000 2 55.4 172.6 38.6 30.2
0.933333 2 55.1 172.2 38.6 30.3
0.966667 2 54.8 171.7 38.7 30.4
1.000000 2 54.5 171.3 38.7 30.5
1.033333 2 54.2 170.8 38.8 30.6
1.066667 2 53.9 170.4 38.8 30.7
1.100000 2 53.6 169.9 38.9 30.8
1.133333 2 53.3 169.5 38.9 30.9
1.166667 2 53.0 169.0 39.0 31.0
1.200000 2 51.8 168.7 39.4 31.2
1.233333 2 50.7 168.4 39.8 31.5
1.266667 2 49.5 168.1 40.2 31.7
1.300000 2 48.4 167.8 40.5 31.9
1.333333 2 47.2 167.5 40.9 32.2
1.366667 2 46.1 167.2 41.3 32.4
1.400000 2 44.9 166.8 41.7 32.6
1.433333 2 43.8 166.5 42.1 32.8
1.466667 2 42.6 166.2 42.5 33.1
1.500000 2 41.5 165.9 42.8 33.3
1.533333 2 40.3 165.6 43.2 33.5
1.566667 2 39.2 165.3 43.6 33.8
1.600000 2 38.0 165.0 44.0 34.0
1.633333 2 37.2 165.0 43.5 33.7
1.666667 2 36.4 165.0 43.1 33.5
1.700000 2 35.5 165.0 42.6 33.2
1.733333 2 34.7 165.0 42.2 32.9
1.766667 2 33.9 165.0 41.7 32.6
1.800000 2 33.1 165.0 41.3 32.4
1.833333 2 32.3 165.0 40.8 32.1
1.866667 2 31.5 165.0 40.4 31.8
1.900000 2 30.6 165.0 39.9 31.5
1.933333 2 29.8 165.0 39.5 31.3
1.966667 2 29.0 165.0 39.0 31.0
2.000000 2 28.3 165.1 38.6 30.8
2.033333 2 27.7 165.2 38.2 30.7
2.066667 2 27.0 165.3 37.7 30.5
2.100000 2 26.3 165.3 37.3 30.3
2.133333 2 25.7 165.4 36.9 30.2
2.166667 2 25.0 165.5 36.5 30.0
2.200000 2 24.3 165.6 36.1 29.8
2.233333 2 23.7 165.7 35.7 29.7
2.266667 2 23.0 165.8 35.2 29.5
2.300000 2 22.3 165.8 34.8 29.3
2.333333 2 21.7 165.9 34.4 29.2
2.366667 2 21.0 166.0 34.0 29.0
2.400000 2 20.5 166.1 33.9 29.3
2.433333 2 20.0 166.1 33.9 29.6
2.466667 2 19.5 166.2 33.8 29.9
2.500000 2 19.0 166.3 33.7 30.1
2.533333 2 18.5 166.4 33.6 30.4
2.566667 2 18.0 166.4 33.6 30.7
2.600000 2 17.5 166.5 33.5 31.0
2.633333 2 17.0 166.6 33.4 31.3
2.666667 2 16.5 166.6 33.4 31.6
2.700000 2 16.0 166.7 33.3 31.9
2.733333 2 15.5 166.8 33.2 32.1
2.766667 2 15.0 166.9 33.1 32.4
2.800000 2 14.5 166.9 33.1 32.7
2.833333 2 14.0 167.0 33.0 33.0
2.866667 2 14.0 167.0 33.4 33.3
2.900000 2 14.0 167.0 33.8 33.6
2.933333 2 14.0 167.0 34.2 33.9
2.966667 2 14.0 167.0 34.6 34.2
3.000000 2 14.0 167.0 35.0 34.5
3.033333 2 14.0 167.0 35.4 34.8
3.066667 2 14.0 167.0 35.8 35.1
3.100000 2 14.0 167.0 36.2 35.4
3.133333 2 14.0 167.0 36.6 35.7
3.166667 2 14.0 167.0 37.0 36.0
3.200000 2 16.6 167.4 36.2 35.5
3.233333 2 19.2 167.8 35.4 35.0
3.266667 2 21.8 168.2 34.6 34.5
3.300000 2 24.4 168.6 33.8 34.0
3.333333 2 27.0 169.0 33.0 33.5
3.366667 2 29.6 169.4 32.2 33.0
3.400000 2 32.2 169.8 31.4 32.5
3.433333 2 34.8 170.2 30.6 32.0
3.466667 2 37.4 170.6 29.8 31.5
3.500000 2 40.0 171.0 29.0 31.0
3.533333 2 42.5 170.8 30.8 32.5
3.566667 2 45.0 170.7 32.7 34.0
3.600000 2 47.5 170.5 34.5 35.5
3.633333 2 50.0 170.3 36.3 37.0
3.666667 2 52.5 170.2 38.2 38.5
3.700000 2 55.0 170.0 40.0 40.0
3.733333 2 59.7 170.5 39.4 39.5
3.766667 2 64.5 171.0 38.8 39.0
3.800000 2 69.2 171.5 38.1 38.5
3.833333 2 74.0 172.0 37.5 38.0
3.866667 2 78.7 172.5 36.9 37.5
3.900000 2 83.5 173.0 36.3 37.0
3.933333 2 88.2 173.5 35.6 36.5
3.966667 2 93.0 174.0 35.0 36.0
4.000000 2 99.7 174.7 33.8 35.5
4.033333 2 106.3 175.3 32.7 35.0
4.066667 2 113.0 176.0 31.5 34.5
4.100000 2 119.7 176.7 30.3 34.0
4.133333 2 126.3 177.3 29.2 33.5
4.166667 2 133.0 178.0 28.0 33.0
4.200000 2 136.8 178.3 28.2 32.8
4.233333 2 140.6 178.7 28.4 32.6
4.266667 2 144.3 179.0 28.7 32.3
4.300000 2 148.1 179.3 28.9 32.1
4.333333 2 151.9 179.7 29.1 31.9
4.366667 2 155.7 180.0 29.3 31.7
4.400000 2 159.4 180.3 29.6 31.4
4.433333 2 163.2 180.7 29.8 31.2
4.466667 2 167.0 181.0 30.0 31.0
4.500000 2 169.0 181.0 30.3 30.4
4.533333 2 171.0 181.0 30.6 29.9
4.566667 2 173.0 181.0 30.9 29.3
4.600000 2 175.0 181.0 31.1 28.7
4.633333 2 177.0 181.0 31.4 28.1
4.666667 2 179.0 181.0 31.7 27.6
4.700000 2 181.0 181.0 32.0 27.0
4.733333 2 181.3 181.0 31.8 27.4
4.766667 2 181.5 181.0 31.7 27.8
4.800000 2 181.8 181.0 31.5 28.3
4.833333 2 182.0 181.0 31.3 28.7
4.866667 2 182.3 181.0 31.2 29.1
4.900000 2 182.5 181.0 31.0 29.5
4.933333 2 182.8 181.0 30.8 29.9
4.966667 2 183.0 181.0 30.7 30.3
5.000000 2 183.3 181.0 30.5 30.8
5.033333 2 183.5 181.0 30.3 31.2
5.066667 2 183.8 181.0 30.2 31.6
5.100000 2 184.0 181.0 30.0 32.0
5.133333 2 183.4 180.8 30.5 32.1
5.166667 2 182.8 180.6 30.9 32.1
5.200000 2 182.2 180.4 31.4 32.2
5.233333 2 181.6 180.2 31.9 32.3
5.266667 2 181.0 180.0 32.3 32.3
5.300000 2 180.4 179.8 32.8 32.4
5.333333 2 179.8 179.6 33.3 32.5
5.366667 2 179.2 179.4 33.7 32.5
5.400000 2 178.6 179.2 34.2 32.6
5.433333 2 178.0 179.0 34.7 32.7
5.466667 2 177.4 178.8 35.1 32.7
5.500000 2 176.8 178.6 35.6 32.8
5.533333 2 176.2 178.4 36.1 32.9
5.566667 2 175.6 178.2 36.5 32.9
5.600000 2 175.0 178.0 37.0 33.0
5.633333 2 174.4 178.1 36.8 32.8
5.666667 2 173.7 178.1 36.7 32.7
5.700000 2 173.1 178.2 36.5 32.5
5.733333 2 172.5 178.2 36.4 32.4
5.766667 2 171.8 178.3 36.2 32.2
5.800000 2 171.2 178.3 36.1 32.1
5.833333 2 170.6 178.4 35.9 31.9
5.866667 2 169.9 178.4 35.7 31.7
5.900000 2 169.3 178.5 35.6 31.6
5.933333 2 168.7 178.5 35.4 31.4
5.966667 2 168.1 178.6 35.3 31.3
6.000000 2 167.4 178.6 35.1 31.1
6.033333 2 166.8 178.7 34.9 30.9
6.066667 2 166.2 178.7 34.8 30.8
6.100000 2 165.5 178.8 34.6 30.6
6.133333 2 164.9 178.8 34.5 30.5
6.166667 2 164.3 178.9 34.3 30.3
6.200000 2 163.6 178.9 34.2 30.2
6.233333 2 163.0 179.0 34.0 30.0
6.266667 2 162.2 179.1 34.0 30.3
6.300000 2 161.5 179.2 34.0 30.5
6.333333 2 160.7 179.3 34.0 30.8
6.366667 2 160.0 179.3 34.0 31.0
6.400000 2 159.2 179.4 34.0 31.3
6.433333 2 158.5 179.5 34.0 31.5
6.466667 2 157.7 179.6 34.0 31.8
6.500000 2 157.0 179.7 34.0 32.0
6.533333 2 156.2 179.8 34.0 32.3
6.566667 2 155.5 179.8 34.0 32.5
6.600000 2 154.7 179.9 34.0 32.8
6.633333 2 154.0 180.0 34.0 33.0
6.666667 2 153.3 180.1 34.3 33.1
6.700000 2 152.7 180.1 34.5 33.3
6.733333 2 152.0 180.2 34.8 33.4
6.766667 2 151.3 180.3 35.1 33.5
6.800000 2 150.7 180.3 35.3 33.7
6.833333 2 150.0 180.4 35.6 33.8
6.866667 2 149.3 180.5 35.9 33.9
6.900000 2 148.7 180.5 36.1 34.1
6.933333 2 148.0 180.6 36.4 34.2
6.966667 2 147.3 180.7 36.7 34.3
7.000000 2 146.7 180.7 36.9 34.5
7.033333 2 146.0 180.8 37.2 34.6
7.066667 2 145.3 180.9 37.5 34.7
7.100000 2 144.7 180.9 37.7 34.9
7.133333 2 144.0 181.0 38.0 35.0
7.166667 2 144.3 181.2 37.5 34.9
7.200000 2 144.6 181.3 37.0 34.9
7.233333 2 144.9 181.5 36.5 34.8
7.266667 2 145.2 181.6 36.0 34.8
7.300000 2 145.5 181.8 35.5 34.7
7.333333 2 145.8 181.9 35.0 34.7
7.366667 2 146.1 182.1 34.5 34.6
7.400000 2 146.4 182.2 34.0 34.6
7.433333 2 146.7 182.4 33.5 34.5
7.466667 2 147.0 182.5 33.0 34.5
7.500000 2 147.3 182.7 32.5 34.4
7.533333 2 147.6 182.8 32.0 34.4
7.566667 2 147.9 183.0 31.5 34.3
7.600000 2 148.2 183.1 31.0 34.3
7.633333 2 148.5 183.3 30.5 34.2
7.666667 2 148.8 183.4 30.0 34.2
7.700000 2 149.1 183.6 29.5 34.1
7.733333 2 149.4 183.7 29.0 34.1
7.766667 2 149.7 183.9 28.5 34.0
7.800000 2 150.0 184.0 28.0 34.0
7.833333 2 150.2 183.8 28.3 34.0
7.866667 2 150.3 183.5 28.6 34.0
7.900000 2 150.5 183.3 28.9 34.0
7.933333 2 150.6 183.1 29.2 34.0
7.966667 2 150.8 182.8 29.5 34.0
8.000000 2 150.9 182.6 29.8 34.0
8.033333 2 151.1 182.4 30.2 34.0
8.066667 2 151.2 182.2 30.5 34.0
8.100000 2 151.4 181.9 30.8 34.0
8.133333 2 151.5 181.7 31.1 34.0
8.166667 2 151.7 181.5 31.4 34.0
8.200000 2 151.8 181.2 31.7 34.0
8.233333 2 152.0 181.0 32.0 34.0
8.266667 2 152.7 181.1 31.8 34.0
8.300000 2 153.3 181.2 31.6 34.0
8.333333 2 154.0 181.3 31.3 34.0
8.366667 2 154.7 181.4 31.1 34.0
8.400000 2 155.3 181.6 30.9 34.0
8.433333 2 156.0 181.7 30.7 34.0
8.466667 2 156.7 181.8 30.4 34.0
8.500000 2 157.3 181.9 30.2 34.0
8.533333 2 158.0 182.0 30.0 34.0
8.566667 2 158.2 181.8 30.0 34.1
8.600000 2 158.5 181.7 30.0 34.2
8.633333 2 158.7 181.5 30.0 34.2
8.666667 2 158.9 181.4 30.0 34.3
8.700000 2 159.2 181.2 30.0 34.4
8.733333 2 159.4 181.1 30.0 34.5
8.766667 2 159.6 180.9 30.0 34.5
8.800000 2 159.8 180.8 30.0 34.6
8.833333 2 160.1 180.6 30.0 34.7
8.866667 2 160.3 180.5 30.0 34.8
8.900000 2 160.5 180.3 30.0 34.8
8.933333 2 160.8 180.2 30.0 34.9
8.966667 2 161.0 180.0 30.0 35.0
9.000000 2 161.0 180.4 30.1 34.5
9.033333 2 161.0 180.8 30.2 34.0
9.066667 2 161.0 181.3 30.3 33.5
9.100000 2 161.0 181.7 30.3 33.0
9.133333 2 161.0 182.1 30.4 32.5
9.166667 2 161.0 182.5 30.5 32.0
9.200000 2 161.0 182.9 30.6 31.5
9.233333 2 161.0 183.3 30.7 31.0
9.266667 2 161.0 183.8 30.8 30.5
9.300000 2 161.0 184.2 30.8 30.0
9.333333 2 161.0 184.6 30.9 29.5
9.366667 2 161.0 185.0 31.0 29.0
9.400000 2 161.0 184.4 31.0 29.8
9.433333 2 161.0 183.7 31.0 30.5
9.466667 2 161.0 183.1 31.0 31.3
9.500000 2 161.0 182.5 31.0 32.0
9.533333 2 161.0 181.9 31.0 32.8
9.566667 2 161.0 181.2 31.0 33.5
9.600000 2 161.0 180.6 31.0 34.3
9.633333 2 161.0 180.0 31.0 35.0
9.666667 2 160.2 181.0 32.0 34.8
9.700000 2 159.4 182.0 33.0 34.6
9.733333 2 158.6 183.0 34.0 34.4
9.766667 2 157.8 184.0 35.0 34.2
9.800000 2 157.0 185.0 36.0 34.0
9.833333 2 156.2 186.0 37.0 33.8
9.866667 2 155.4 187.0 38.0 33.6
9.900000 2 154.6 188.0 39.0 33.4
9.933333 2 153.8 189.0 40.0 33.2
9.966667 2 153.0 190.0 41.0 33.0
10.000000 2 153.3 193.6 40.1 33.0
10.033333 2 153.6 197.2 39.2 33.0
10.066667 2 153.9 200.8 38.3 33.0
10.100000 2 154.2 204.4 37.4 33.0
10.133333 2 154.5 208.0 36.5 33.0
10.166667 2 154.8 211.6 35.6 33.0
10.200000 2 155.1 215.2 34.7 33.0
10.233333 2 155.4 218.8 33.8 33.0
10.266667 2 155.7 222.4 32.9 33.0
10.300000 2 156.0 226.0 32.0 33.0
10.333333 2 155.7 228.1 31.7 33.1
10.366667 2 155.4 230.2 31.4 33.2
10.400000 2 155.1 232.3 31.1 33.3
10.433333 2 154.8 234.4 30.8 33.4
10.466667 2 154.5 236.5 30.5 33.5
10.500000 2 154.2 238.6 30.2 33.6
10.533333 2 153.9 240.7 29.9 33.7
10.566667 2 153.6 242.8 29.6 33.8
10.600000 2 153.3 244.9 29.3 33.9
10.633333 2 153.0 247.0 29.0 34.0
10.666667 2 155.0 247.0 27.0 34.0
10.700000 2 151.0 247.0 35.0 34.0
10.733333 2 152.0 249.0 33.0 31.0
10.766667 2 154.0 250.0 33.0 29.0
10.800000 2 154.0 250.0 31.0 29.0
10.833333 2 151.0 247.0 38.0 33.0
