0.000000 2 272.9 5.1 49.0 30.9
0.033333 2 272.8 7.4 49.0 28.6
0.066667 2 271.8 7.4 49.0 29.6
0.100000 2 271.2 8.1 49.0 28.9
0.133333 2 270.2 8.9 49.0 28.4
0.166667 2 269.9 8.9 49.0 29.8
0.200000 2 269.0 8.9 48.0 29.9
0.233333 2 269.1 8.9 47.0 30.7
0.266667 2 268.2 9.6 47.0 30.1
0.300000 2 271.6 8.8 39.0 28.8
0.333333 2 270.0 8.1 41.0 30.9
0.366667 2 268.6 8.7 41.9 31.6
0.400000 2 269.3 10.0 40.2 30.0
0.433333 2 268.3 11.0 40.3 30.0
0.466667 2 266.0 11.3 43.3 31.9
0.500000 2 267.0 12.3 40.5 30.4
0.533333 2 266.1 13.6 40.4 30.2
0.566667 2 264.8 14.8 42.1 30.6
0.600000 2 265.1 15.2 40.6 30.5
0.633333 2 265.0 17.3 40.2 29.2
0.666667 2 263.3 17.3 42.6 31.5
0.700000 2 264.3 19.0 39.6 29.1
0.733333 2 262.8 19.4 42.1 30.6
0.766667 2 262.3 19.6 42.5 31.5
0.800000 2 263.4 21.7 40.1 29.8
0.833333 2 262.1 22.5 41.6 30.2
0.866667 2 261.6 23.0 42.4 30.6
0.900000 2 261.2 23.5 43.1 31.7
0.933333 2 261.0 24.2 43.2 31.8
0.966667 2 262.0 26.2 40.8 30.1
1.000000 2 261.9 27.4 40.6 30.0
1.033333 2 261.8 28.1 40.8 30.0
1.066667 2 261.9 29.2 40.7 29.8
1.100000 2 262.0 30.1 40.5 29.7
1.133333 2 261.9 31.1 40.6 29.7
1.166667 2 261.8 31.3 40.6 29.6
1.200000 2 261.2 32.6 41.5 29.9
1.233333 2 261.2 33.7 41.6 30.0
1.266667 2 261.2 34.4 41.6 30.0
1.300000 2 261.0 35.5 41.9 30.3
1.333333 2 260.5 35.3 42.7 30.8
1.366667 2 260.4 37.0 42.9 30.8
1.400000 2 260.3 37.7 43.1 30.8
1.433333 2 260.7 39.1 42.4 30.2
1.466667 2 260.8 39.7 42.1 30.1
1.500000 2 261.0 41.1 41.9 29.8
1.533333 2 260.4 41.9 42.9 30.6
1.566667 2 260.2 42.7 43.1 31.1
1.600000 2 260.2 43.9 43.0 31.2
1.633333 2 260.9 46.0 41.0 30.2
1.666667 2 260.5 46.1 42.0 31.2
1.700000 2 260.3 47.4 42.4 31.2
1.733333 2 261.4 49.7 39.8 29.3
1.766667 2 259.6 50.6 42.5 30.4
1.800000 2 261.4 51.9 39.6 29.1
1.833333 2 261.1 53.5 40.1 28.9
1.866667 2 260.7 54.9 40.5 29.0
1.900000 2 259.9 55.4 41.3 30.5
1.933333 2 259.8 57.0 41.4 30.6
1.966667 2 260.5 58.4 39.9 29.4
2.000000 2 262.7 62.2 35.1 24.5
2.033333 2 262.6 62.9 35.2 24.4
2.066667 2 262.8 64.5 34.9 24.1
2.100000 2 262.6 66.0 34.6 22.5
2.133333 2 262.4 67.1 34.6 23.0
2.166667 2 262.3 67.9 34.7 23.4
2.200000 2 261.7 68.9 35.3 24.1
2.233333 2 261.9 70.5 35.0 23.9
2.266667 2 261.7 71.7 35.0 23.4
2.300000 2 261.6 73.5 35.1 23.2
2.333333 2 261.6 75.8 34.4 21.7
2.366667 2 261.4 76.4 34.6 21.8
2.400000 2 260.6 77.2 35.5 24.0
2.433333 2 260.6 78.8 35.3 23.8
2.466667 2 260.9 81.2 34.3 20.9
2.500000 2 260.6 82.8 34.3 21.4
2.533333 2 260.7 83.8 34.1 21.3
2.566667 2 259.8 84.6 35.0 23.6
2.600000 2 259.9 86.1 34.7 22.6
2.633333 2 260.1 89.4 33.7 20.0
2.666667 2 258.9 90.1 35.1 23.5
2.700000 2 258.9 92.8 34.4 22.1
2.733333 2 259.1 94.9 33.5 19.8
2.766667 2 258.4 96.0 34.4 22.2
2.800000 2 258.1 97.0 34.4 22.5
2.833333 2 258.2 100.2 33.6 20.4
2.866667 2 257.4 101.5 34.2 22.2
2.900000 2 257.1 103.8 34.1 21.5
2.933333 2 256.9 105.2 34.1 20.3
2.966667 2 256.1 105.8 34.7 22.5
3.000000 2 256.0 106.9 34.4 22.0
3.033333 2 256.0 109.4 34.0 19.9
3.066667 2 255.7 110.4 34.4 20.4
3.100000 2 255.5 110.7 34.3 21.1
3.133333 2 254.9 111.2 34.6 22.0
3.166667 2 255.0 111.8 34.4 22.0
3.200000 2 255.2 113.8 33.5 19.6
3.233333 2 254.9 114.6 34.0 20.1
3.266667 2 254.5 114.4 34.3 21.3
3.300000 2 254.6 114.9 34.1 20.8
3.333333 2 254.2 115.0 34.6 22.0
3.366667 2 254.2 115.4 34.5 22.0
3.400000 2 254.0 115.9 34.7 22.2
3.433333 2 254.1 116.4 34.5 22.0
3.466667 2 254.1 116.7 34.5 22.0
3.500000 2 254.0 117.0 34.7 22.1
3.533333 2 254.1 117.6 34.4 21.8
3.566667 2 254.1 117.8 34.5 22.0
3.600000 2 254.0 117.9 34.6 22.1
3.633333 2 254.0 118.3 34.6 22.2
3.666667 2 254.1 118.6 34.4 22.0
3.700000 2 254.0 118.8 34.7 22.2
3.733333 2 253.9 118.9 34.8 22.4
3.766667 2 254.0 119.2 34.7 22.3
3.800000 2 254.0 119.7 34.6 22.1
3.833333 2 254.0 119.9 34.7 22.2
3.866667 2 254.1 120.5 34.4 21.8
3.900000 2 254.1 120.8 34.3 21.7
3.933333 2 254.0 121.4 34.4 21.5
3.966667 2 254.0 122.2 34.1 20.7
4.000000 2 253.6 122.7 34.7 20.7
4.033333 2 253.3 122.6 35.3 21.4
4.066667 2 253.2 123.2 35.3 21.4
4.100000 2 253.2 123.6 35.1 21.0
4.133333 2 253.5 125.0 34.2 20.0
4.166667 2 253.3 125.2 34.2 20.4
4.200000 2 253.2 126.1 34.2 20.4
4.233333 2 253.4 126.4 33.7 20.1
4.266667 2 252.5 126.5 35.0 21.4
4.300000 2 252.7 127.1 34.7 21.3
4.333333 2 252.7 128.7 33.4 20.0
4.366667 2 252.6 128.9 33.9 20.0
4.400000 2 252.7 130.3 33.6 19.8
4.433333 2 252.8 130.7 33.4 19.8
4.466667 2 252.6 131.6 33.4 19.9
4.500000 2 252.0 132.5 34.3 20.5
4.533333 2 251.3 132.5 35.4 21.9
4.566667 2 251.8 134.9 33.7 19.7
4.600000 2 251.5 135.0 33.9 20.5
4.633333 2 251.4 136.7 33.5 19.7
4.666667 2 251.0 137.6 34.2 20.4
4.700000 2 250.0 138.0 35.7 22.1
4.733333 2 250.2 138.9 35.1 21.4
4.766667 2 250.7 141.1 34.1 20.0
4.800000 2 250.6 142.4 34.1 20.0
4.833333 2 250.4 142.8 34.3 20.9
4.866667 2 250.5 144.2 34.1 20.7
4.900000 2 250.4 144.8 34.3 20.9
4.933333 2 250.4 146.6 34.2 20.9
4.966667 2 250.6 148.5 34.0 20.2
5.000000 2 250.8 149.5 33.7 19.9
5.033333 2 250.7 151.2 33.9 19.8
5.066667 2 250.3 152.1 34.8 21.1
5.100000 2 250.3 152.5 35.5 21.8
5.133333 2 251.3 154.9 33.9 20.3
5.166667 2 251.6 155.6 33.4 20.2
5.200000 2 251.5 156.9 33.8 20.5
5.233333 2 251.7 158.0 33.9 20.0
5.266667 2 251.2 158.4 35.6 22.4
5.300000 2 251.8 159.8 34.6 20.8
5.333333 2 252.6 161.9 33.4 19.7
5.366667 2 253.0 162.9 33.2 19.4
5.400000 2 251.7 162.7 36.2 22.9
5.433333 2 251.8 163.6 36.3 23.0
5.466667 2 253.5 166.7 33.6 19.8
5.500000 2 253.7 167.6 33.6 19.8
5.533333 2 252.6 167.6 36.4 23.1
5.566667 2 252.6 168.3 36.6 23.4
5.600000 2 254.2 171.6 34.1 20.1
5.633333 2 254.0 172.3 34.3 20.1
5.666667 2 254.0 173.6 34.6 20.8
5.700000 2 254.4 175.6 34.5 20.2
5.733333 2 254.0 175.7 35.5 21.3
5.766667 2 253.6 176.6 36.6 22.9
5.800000 2 253.8 177.7 36.4 22.5
5.833333 2 255.0 180.2 34.6 20.5
5.866667 2 255.1 181.7 34.5 20.8
5.900000 2 255.4 183.3 34.2 20.5
5.933333 2 255.4 184.3 34.2 20.4
5.966667 2 255.3 185.8 34.3 20.5
6.000000 2 255.2 186.5 34.4 20.8
6.033333 2 255.5 188.3 34.2 20.2
6.066667 2 255.4 188.9 34.5 20.3
6.100000 2 255.1 190.3 35.1 20.6
6.133333 2 254.9 191.6 35.6 20.9
6.166667 2 254.4 191.9 36.9 22.1
6.200000 2 254.4 193.8 36.5 21.7
6.233333 2 254.6 194.7 35.9 21.6
6.266667 2 254.7 196.6 35.8 21.3
6.300000 2 254.9 198.5 35.6 20.8
6.333333 2 254.7 199.2 36.2 21.6
6.366667 2 254.8 201.2 35.7 20.9
6.400000 2 254.5 202.5 36.4 21.9
6.433333 2 254.4 203.3 36.7 22.3
6.466667 2 255.1 206.0 35.1 20.6
6.500000 2 254.6 206.2 36.6 22.4
6.533333 2 254.7 208.1 36.5 22.4
6.566667 2 254.7 209.2 36.5 22.4
6.600000 2 254.6 211.1 36.6 22.5
6.633333 2 254.5 212.1 36.7 22.6
6.666667 2 254.7 214.5 36.5 22.2
6.700000 2 254.7 216.2 36.6 22.5
6.733333 2 254.9 217.3 36.2 22.1
6.766667 2 255.2 219.7 35.6 21.4
6.800000 2 254.8 220.5 36.3 22.1
6.833333 2 255.2 223.3 35.1 20.6
6.866667 2 254.8 225.1 35.7 20.9
6.900000 2 254.2 225.1 36.5 22.5
6.933333 2 254.2 227.4 36.5 22.6
6.966667 2 253.9 229.5 36.6 22.3
7.000000 2 254.4 231.4 35.4 20.8
7.033333 2 253.4 232.5 36.8 22.7
7.066667 2 253.7 234.2 36.0 21.5
7.100000 2 253.3 235.9 36.0 22.2
7.133333 2 252.7 238.2 36.5 22.2
7.166667 2 252.1 240.2 36.5 22.8
7.200000 2 251.4 242.4 37.0 22.8
7.233333 2 251.6 244.1 36.0 21.6
7.266667 2 251.2 246.5 35.8 20.9
7.300000 2 250.7 247.4 35.9 21.2
7.333333 2 249.8 249.1 36.5 22.0
7.366667 2 249.2 250.7 36.2 22.5
7.400000 2 248.8 252.0 36.4 21.9
7.433333 2 248.1 253.7 36.1 22.0
7.466667 2 247.4 254.4 36.8 22.5
7.500000 2 247.0 256.7 36.1 21.5
7.533333 2 246.5 258.3 35.5 21.5
7.566667 2 245.5 258.9 36.7 22.6
7.600000 2 244.4 260.4 36.9 22.9
7.633333 2 244.8 262.2 35.5 21.1
7.666667 2 243.5 263.2 36.5 22.3
7.700000 2 243.6 264.2 35.5 21.9
7.733333 2 242.8 266.2 35.4 21.7
7.766667 2 242.5 267.1 35.5 21.5
7.800000 2 241.6 268.1 35.6 22.1
7.833333 2 241.5 269.5 35.3 20.6
7.866667 2 240.5 270.1 35.7 22.0
7.900000 2 239.8 271.4 35.8 21.4
7.933333 2 239.6 271.6 35.8 22.1
7.966667 2 238.7 272.8 36.1 21.8
8.000000 2 238.8 273.4 35.5 21.5
8.033333 2 238.3 274.1 35.6 21.6
8.066667 2 237.8 275.0 36.1 21.3
8.100000 2 237.6 274.7 35.9 22.4
8.133333 2 237.3 274.9 36.0 22.7
8.166667 2 237.2 275.1 36.1 22.8
8.200000 2 237.3 276.0 35.6 21.8
8.233333 2 237.4 276.0 35.4 21.8
8.266667 2 237.2 276.4 35.5 21.4
8.300000 2 237.5 275.6 35.7 22.9
8.333333 2 237.7 275.6 35.6 22.7
8.366667 2 238.3 276.4 35.3 20.9
8.400000 2 238.4 275.7 35.4 21.7
8.433333 2 238.8 274.9 35.4 22.5
8.466667 2 239.5 274.4 35.6 22.8
8.500000 2 239.9 274.3 35.4 22.3
8.533333 2 240.7 273.6 35.7 22.8
8.566667 2 241.1 273.8 35.8 21.7
8.600000 2 242.1 273.5 35.5 21.2
8.633333 2 243.1 272.5 35.6 21.2
8.666667 2 243.8 271.5 35.7 21.7
8.700000 2 244.2 270.3 36.3 23.3
8.733333 2 245.2 269.7 36.1 22.9
8.766667 2 246.0 270.1 36.0 21.2
8.800000 2 246.4 268.7 36.5 22.1
8.833333 2 246.9 267.4 36.8 23.7
8.866667 2 247.9 266.9 36.5 22.6
8.900000 2 247.9 265.9 37.3 23.7
8.933333 2 248.6 264.3 37.5 24.4
8.966667 2 249.6 264.6 36.8 22.0
9.000000 2 249.8 263.3 36.9 23.4
9.033333 2 250.8 263.4 35.9 21.0
9.066667 2 250.6 261.1 37.2 23.1
9.100000 2 251.0 260.3 36.7 23.3
9.133333 2 251.1 259.2 36.8 23.2
9.166667 2 251.4 258.9 36.3 22.6
9.200000 2 251.3 257.7 36.5 22.6
9.233333 2 251.1 257.0 36.9 23.0
9.266667 2 251.1 255.5 36.8 23.4
9.300000 2 250.5 254.5 37.8 24.4
9.333333 2 251.0 254.8 36.1 21.1
9.366667 2 250.5 253.3 36.3 22.1
9.400000 2 250.0 251.8 36.5 22.7
9.433333 2 249.6 251.9 36.6 21.6
9.466667 2 248.7 249.7 37.1 23.6
9.500000 2 248.8 250.2 36.3 21.7
9.533333 2 247.8 248.0 37.0 23.7
9.566667 2 247.8 248.8 36.0 21.2
9.600000 2 247.1 247.2 36.1 22.2
9.633333 2 246.1 245.9 36.2 22.6
9.666667 2 245.1 244.9 36.2 22.8
9.700000 2 244.1 243.9 36.3 23.0
9.733333 2 243.0 242.8 36.6 23.3
9.766667 2 241.9 241.9 36.7 23.1
9.800000 2 241.7 242.4 36.2 21.5
9.833333 2 240.7 241.3 36.2 21.5
9.866667 2 239.8 239.7 37.1 23.8
9.900000 2 238.8 239.1 36.9 23.4
9.933333 2 238.8 239.7 35.9 21.1
9.966667 2 237.8 238.7 35.8 21.4
10.000000 2 236.5 237.3 36.1 22.3
10.033333 2 236.3 237.3 35.8 21.7
10.066667 2 235.3 236.9 35.6 20.9
10.100000 2 233.9 235.7 36.4 21.8
10.133333 2 233.3 235.6 35.6 20.8
10.166667 2 232.2 234.0 36.6 23.3
10.200000 2 231.5 233.9 36.0 22.8
10.233333 2 230.3 232.9 36.3 23.2
10.266667 2 229.9 233.6 36.1 21.6
10.300000 2 228.8 233.2 36.2 21.8
10.333333 2 227.7 232.7 36.4 21.8
10.366667 2 227.2 231.9 36.3 23.3
10.400000 2 226.3 231.6 35.9 22.8
10.433333 2 225.3 231.5 36.0 23.1
10.466667 2 224.1 230.8 36.6 23.5
10.500000 2 224.0 232.0 36.0 21.0
