0.000000 2 448.0 160.0 25.0 22.0
0.033333 2 445.4 157.7 31.1 28.2
0.066667 2 449.1 161.2 24.5 21.6
0.100000 2 447.0 159.6 29.5 26.4
0.133333 2 448.8 161.2 26.4 23.7
0.166667 2 446.9 159.6 31.8 28.4
0.200000 2 449.7 162.3 26.2 23.5
0.233333 2 451.0 163.8 25.1 22.2
0.266667 2 450.7 163.3 26.0 23.4
0.300000 2 451.8 164.8 25.2 22.2
0.333333 2 447.6 161.3 34.8 31.1
0.366667 2 451.8 164.8 27.0 24.3
0.400000 2 448.5 162.1 34.4 31.4
0.433333 2 453.2 166.8 25.3 22.5
0.466667 2 452.9 166.6 27.3 24.5
0.500000 2 450.9 165.5 32.1 28.3
0.533333 2 453.1 167.5 27.9 24.6
0.566667 2 452.1 166.4 31.2 28.1
0.600000 2 453.6 168.1 28.8 25.4
0.633333 2 454.1 168.6 28.7 25.7
0.666667 2 455.0 169.5 27.6 24.8
0.700000 2 453.6 168.7 30.4 27.4
0.733333 2 457.3 172.2 24.2 21.5
0.766667 2 457.6 172.7 23.6 20.8
0.800000 2 455.9 171.6 27.5 24.3
0.833333 2 456.5 172.0 26.6 23.9
0.866667 2 453.0 169.5 34.1 30.4
0.900000 2 455.1 171.5 29.8 26.7
0.933333 2 456.7 173.3 26.8 23.9
0.966667 2 455.9 173.2 28.3 25.3
1.000000 2 459.0 175.9 22.8 20.1
1.033333 2 457.3 174.8 26.1 23.1
1.066667 2 458.1 176.0 24.5 21.8
1.100000 2 458.8 176.8 23.0 20.5
1.133333 2 458.0 176.4 24.8 21.9
1.166667 2 454.7 174.1 30.2 27.3
1.200000 2 456.1 175.5 27.4 24.8
1.233333 2 457.2 176.8 25.0 22.4
1.266667 2 456.4 176.9 26.0 23.0
1.300000 2 454.3 175.3 29.9 26.5
1.333333 2 454.3 175.7 29.0 26.2
1.366667 2 455.6 177.0 26.3 23.9
1.400000 2 457.1 179.1 22.6 19.9
1.433333 2 456.7 178.8 23.5 20.6
1.466667 2 456.5 178.6 23.9 21.2
1.500000 2 453.2 175.8 29.3 26.8
1.533333 2 453.4 176.2 28.8 26.1
1.566667 2 451.3 175.1 33.0 29.2
1.600000 2 451.6 175.3 32.1 28.8
1.633333 2 453.6 177.6 27.4 24.4
1.666667 2 454.0 178.1 26.6 23.5
1.700000 2 452.4 176.6 29.2 26.3
1.733333 2 452.8 177.0 28.3 25.7
1.766667 2 451.9 176.1 30.1 27.5
1.800000 2 453.0 177.1 27.9 25.4
1.833333 2 453.3 177.4 27.3 24.9
1.866667 2 453.2 177.4 27.7 24.8
1.900000 2 452.4 176.6 29.4 26.3
1.933333 2 452.1 176.4 30.2 26.7
1.966667 2 452.6 176.4 29.8 26.6
2.000000 2 452.5 176.2 30.3 26.8
2.033333 2 453.8 177.3 27.8 24.5
2.066667 2 454.8 177.5 25.8 23.4
2.100000 2 455.7 177.7 24.9 22.7
2.133333 2 455.8 177.7 24.7 22.5
2.166667 2 456.7 178.5 23.1 20.8
2.200000 2 455.2 177.0 26.6 23.4
2.233333 2 455.0 176.9 26.8 23.6
2.266667 2 452.3 174.1 32.6 29.1
2.300000 2 452.3 174.1 32.6 29.1
2.333333 2 454.0 175.3 29.3 26.2
2.366667 2 455.7 176.3 26.1 23.6
2.400000 2 455.2 175.8 27.1 24.5
2.433333 2 455.4 175.9 26.6 24.1
2.466667 2 454.5 174.9 28.6 26.1
2.500000 2 453.7 174.3 30.2 27.1
2.533333 2 453.0 173.7 31.6 28.2
2.566667 2 454.4 175.0 28.3 24.9
2.600000 2 454.4 175.1 27.8 24.6
2.633333 2 455.5 175.8 25.7 22.8
2.666667 2 454.7 174.9 27.0 24.3
2.700000 2 452.2 172.8 31.1 28.0
2.733333 2 452.7 173.4 30.0 26.8
2.766667 2 451.7 172.5 32.1 28.6
2.800000 2 452.9 173.3 29.7 26.3
2.833333 2 452.8 173.3 29.5 26.4
2.866667 2 455.3 175.4 23.9 21.1
2.900000 2 454.4 174.6 25.4 22.7
2.933333 2 454.5 174.7 25.4 22.6
2.966667 2 453.6 173.8 27.1 24.2
3.000000 2 450.5 171.0 33.1 29.4
3.033333 2 450.0 170.5 33.8 30.2
3.066667 2 451.7 171.4 30.4 27.8
3.100000 2 452.4 171.7 29.1 26.4
3.133333 2 451.8 171.3 30.3 27.1
3.166667 2 453.4 172.2 27.3 24.3
3.200000 2 453.8 172.5 26.9 23.6
3.233333 2 455.1 173.1 24.9 22.0
3.266667 2 454.2 172.1 26.7 23.5
3.300000 2 450.4 168.4 34.5 30.7
3.333333 2 452.0 169.2 32.1 28.6
3.366667 2 455.1 171.5 26.5 23.3
3.400000 2 454.1 170.0 29.2 25.8
3.433333 2 450.4 166.2 37.1 33.2
3.466667 2 455.2 169.7 28.5 25.3
3.500000 2 453.6 167.5 32.5 29.6
3.533333 2 456.2 169.4 28.2 25.1
3.566667 2 456.2 169.0 29.1 25.6
3.600000 2 454.6 167.0 32.8 29.2
3.633333 2 456.7 168.2 29.9 26.5
3.666667 2 458.9 169.7 25.5 22.8
3.700000 2 458.2 168.4 28.0 24.9
3.733333 2 457.4 167.7 29.8 26.3
3.766667 2 457.1 166.6 31.3 27.8
3.800000 2 456.6 165.9 32.2 29.1
3.833333 2 457.3 165.8 31.5 28.8
3.866667 2 458.3 166.2 30.7 27.1
3.900000 2 457.1 165.2 33.0 29.2
3.933333 2 456.7 163.4 34.6 31.1
3.966667 2 458.4 164.9 31.6 27.9
4.000000 2 460.5 165.3 28.5 25.5
4.033333 2 459.1 163.2 32.3 28.8
4.066667 2 461.0 164.8 28.4 25.1
4.100000 2 460.1 162.9 30.8 27.8
4.133333 2 462.6 164.6 25.6 22.8
4.166667 2 458.9 160.7 34.0 30.2
4.200000 2 460.3 160.3 32.2 29.1
4.233333 2 460.1 159.7 32.6 29.6
4.266667 2 461.8 160.4 29.7 27.0
4.300000 2 460.2 158.4 33.3 30.2
4.333333 2 459.8 157.3 34.7 31.1
4.366667 2 461.6 157.4 31.6 28.8
4.400000 2 463.8 158.1 27.8 25.4
4.433333 2 464.1 157.7 27.3 25.0
4.466667 2 464.8 157.4 26.4 23.5
4.500000 2 464.5 155.4 28.0 25.7
4.533333 2 464.9 155.4 27.1 25.0
4.566667 2 461.1 150.7 34.9 32.1
4.600000 2 466.2 154.4 25.4 22.7
4.633333 2 465.5 153.4 27.0 24.1
4.666667 2 467.8 153.9 22.7 20.1
4.700000 2 468.0 152.6 23.1 20.7
4.733333 2 468.2 151.7 22.7 20.4
4.766667 2 466.8 149.7 25.6 23.1
4.800000 2 463.1 145.7 33.1 30.1
4.833333 2 467.5 148.1 24.6 22.1
4.866667 2 467.3 146.6 25.1 22.5
4.900000 2 464.3 143.4 31.0 28.1
4.933333 2 467.3 144.7 24.9 22.3
4.966667 2 464.5 141.6 30.6 27.7
5.000000 2 467.1 142.6 25.6 22.9
5.033333 2 463.9 139.5 32.0 28.8
5.066667 2 462.5 137.0 35.0 31.7
5.100000 2 466.9 140.0 26.4 23.9
5.133333 2 466.8 138.9 26.7 24.1
5.166667 2 467.1 138.2 26.0 23.5
5.200000 2 461.8 133.1 36.7 33.3
5.233333 2 463.5 133.6 32.9 29.9
5.266667 2 465.6 135.2 28.6 26.1
5.300000 2 461.0 130.5 37.6 34.5
5.333333 2 466.5 135.0 26.4 24.0
5.366667 2 466.1 133.8 27.1 24.8
5.400000 2 466.4 133.9 26.3 24.2
5.433333 2 464.5 131.9 30.1 27.8
5.466667 2 465.6 132.9 26.7 24.3
5.500000 2 464.7 131.9 28.3 25.9
5.533333 2 463.9 130.7 29.7 27.2
5.566667 2 465.0 131.7 27.0 24.8
5.600000 2 464.8 131.6 27.0 24.7
5.633333 2 463.2 130.3 29.7 27.0
5.666667 2 460.3 127.6 35.2 32.1
5.700000 2 464.3 131.3 26.6 23.9
5.733333 2 463.4 130.6 28.2 25.5
5.766667 2 463.4 131.3 27.1 23.9
5.800000 2 463.6 131.4 26.4 23.7
5.833333 2 463.3 131.2 26.9 24.1
5.866667 2 462.4 130.5 28.3 25.6
5.900000 2 461.7 130.3 29.4 26.4
5.933333 2 459.9 129.2 32.5 29.1
5.966667 2 462.8 132.3 25.9 23.0
6.000000 2 463.8 133.7 23.3 20.6
6.033333 2 463.2 133.5 24.1 21.3
6.066667 2 461.9 133.0 26.7 23.7
6.100000 2 462.9 134.6 23.7 20.9
6.133333 2 461.6 133.7 26.1 23.2
6.166667 2 462.1 135.0 24.4 21.8
6.200000 2 460.3 133.9 27.8 25.0
6.233333 2 459.8 134.3 28.0 25.1
6.266667 2 460.5 135.4 26.2 23.5
6.300000 2 460.6 136.3 25.7 23.1
6.333333 2 459.6 136.0 27.5 24.7
6.366667 2 459.6 137.4 26.9 23.8
6.400000 2 456.2 134.5 33.9 30.4
6.433333 2 459.1 138.5 27.8 24.7
6.466667 2 458.0 138.4 30.0 26.8
6.500000 2 460.0 140.7 26.0 23.1
6.533333 2 459.1 140.9 27.8 24.8
6.566667 2 459.9 142.3 26.3 23.4
6.600000 2 459.4 142.9 27.5 24.7
6.633333 2 459.0 143.5 29.1 26.6
6.666667 2 459.8 145.6 28.4 25.5
6.700000 2 461.4 147.5 25.4 22.8
6.733333 2 459.5 146.8 30.7 27.9
6.766667 2 460.2 148.3 29.3 26.4
6.800000 2 461.4 150.8 27.0 24.0
6.833333 2 460.6 150.9 29.9 27.1
6.866667 2 463.0 154.0 25.0 22.5
6.900000 2 463.6 156.1 24.4 21.5
6.933333 2 463.0 156.6 25.6 22.6
6.966667 2 465.0 159.5 23.3 20.7
7.000000 2 465.1 161.6 23.2 20.6
7.033333 2 466.7 164.1 22.0 19.6
7.066667 2 463.8 162.2 27.6 24.9
7.100000 2 466.8 166.9 23.1 20.6
7.133333 2 467.1 168.9 23.4 20.7
7.166667 2 466.1 168.9 26.0 23.1
7.200000 2 468.6 173.5 21.8 19.3
7.233333 2 468.0 174.0 23.2 20.4
7.266667 2 469.3 176.9 22.6 20.0
7.300000 2 469.1 177.9 22.9 20.2
7.333333 2 463.7 175.5 34.4 30.5
7.366667 2 466.5 178.9 29.2 26.2
7.400000 2 464.9 179.4 33.9 30.3
7.433333 2 466.3 181.8 31.8 28.0
7.466667 2 469.1 186.4 26.4 23.4
7.500000 2 469.2 188.9 26.9 23.8
7.533333 2 466.6 188.5 32.2 29.1
7.566667 2 467.7 191.9 31.7 28.0
7.600000 2 467.4 192.8 32.2 28.6
7.633333 2 460.9 189.3 45.9 41.1
7.666667 2 463.7 194.3 40.6 36.6
7.700000 2 468.5 200.1 31.9 28.5
7.733333 2 468.5 201.0 31.9 28.6
7.766667 2 467.1 201.9 35.0 31.3
7.800000 2 465.4 201.7 38.4 34.3
7.833333 2 463.1 201.4 43.1 39.2
7.866667 2 467.1 206.5 36.3 32.9
7.900000 2 468.4 209.7 33.9 30.9
7.933333 2 466.9 210.3 37.4 34.1
7.966667 2 465.3 210.3 40.6 36.9
8.000000 2 460.3 207.2 50.9 46.8
8.033333 2 460.3 209.2 50.8 46.8
8.066667 2 461.8 211.5 48.1 44.1
8.100000 2 463.5 214.1 46.4 42.5
8.133333 2 463.5 215.2 46.4 42.4
8.166667 2 463.3 217.0 46.9 42.3
8.200000 2 470.9 224.8 33.0 29.2
8.233333 2 471.3 226.0 32.2 28.6
8.266667 2 465.5 222.0 45.0 40.0
8.300000 2 470.0 226.9 37.3 33.2
8.333333 2 473.4 230.4 30.8 27.1
8.366667 2 471.9 230.4 33.8 29.8
8.400000 2 473.4 231.8 31.9 28.3
8.433333 2 474.1 233.1 30.9 27.6
8.466667 2 470.4 230.9 39.1 34.5
8.500000 2 474.3 234.4 32.4 29.0
8.533333 2 472.9 233.6 35.9 31.9
8.566667 2 475.2 235.7 32.7 29.5
8.600000 2 472.4 234.2 39.3 34.7
8.633333 2 473.0 234.6 38.5 35.0
8.666667 2 469.7 231.7 46.7 42.4
8.700000 2 473.1 235.6 40.0 35.6
8.733333 2 474.4 236.5 38.8 35.2
8.766667 2 475.0 237.1 38.8 35.7
8.800000 2 477.0 239.1 35.5 32.1
8.833333 2 476.7 238.9 37.4 34.1
8.866667 2 478.7 241.1 33.8 30.5
8.900000 2 478.7 241.0 35.5 32.0
8.933333 2 479.7 241.9 34.1 30.7
8.966667 2 479.1 241.0 37.0 33.7
9.000000 2 480.3 242.5 34.8 31.5
9.033333 2 481.1 243.1 34.9 31.7
9.066667 2 475.1 238.6 47.8 42.5
9.100000 2 480.2 242.0 38.5 35.2
9.133333 2 476.6 239.9 46.9 41.4
9.166667 2 481.6 243.2 37.9 34.7
9.200000 2 477.1 240.5 47.7 42.0
9.233333 2 481.4 243.1 40.6 37.4
9.266667 2 478.2 240.3 48.2 43.5
9.300000 2 483.9 245.2 37.5 34.3
9.333333 2 478.3 240.3 49.2 45.2
9.366667 2 484.2 245.4 38.9 35.8
9.400000 2 483.7 245.1 39.8 36.7
9.433333 2 476.3 239.5 55.5 49.8
9.466667 2 481.2 243.0 46.4 42.2
9.500000 2 482.8 244.3 43.8 39.8
9.533333 2 479.1 241.2 51.6 47.1
9.566667 2 479.1 240.5 52.7 48.9
9.600000 2 481.9 243.0 47.4 44.0
9.633333 2 482.3 243.3 46.8 43.5
9.666667 2 482.4 243.5 46.7 43.1
9.700000 2 478.6 240.4 54.8 49.9
9.733333 2 478.4 240.2 55.1 50.3
9.766667 2 479.4 240.9 53.1 48.6
9.800000 2 479.2 240.8 53.4 48.8
9.833333 2 478.8 240.5 54.3 49.5
9.866667 2 480.3 241.6 51.3 47.1
9.900000 2 481.9 242.8 47.6 44.3
9.933333 2 481.6 242.7 47.8 44.0
9.966667 2 480.3 242.3 49.3 44.6
10.000000 2 480.8 242.7 48.1 43.6
10.033333 2 478.4 241.0 51.6 46.7
10.066667 2 476.0 238.4 56.4 51.5
10.100000 2 480.7 242.5 46.0 42.8
10.133333 2 475.3 238.3 56.0 51.3
10.166667 2 482.1 244.4 40.9 37.7
10.200000 2 475.3 239.5 53.5 48.1
10.233333 2 479.5 242.5 44.3 41.0
10.266667 2 479.7 243.1 42.0 38.5
10.300000 2 479.7 243.2 41.7 38.3
10.333333 2 478.5 242.0 42.1 39.0
10.366667 2 474.1 239.2 49.5 45.0
10.400000 2 473.1 238.2 50.4 46.0
10.433333 2 475.8 240.7 43.4 39.4
10.466667 2 469.7 236.3 54.3 48.3
10.500000 2 467.4 234.6 57.2 50.5
10.533333 2 470.1 236.3 50.6 45.8
10.566667 2 466.0 233.3 57.6 51.6
10.600000 2 462.4 230.9 62.9 55.5
10.633333 2 466.2 233.7 54.2 48.2
10.666667 2 463.7 230.2 57.9 53.6
