0.000000 2 397.0 288.0 30.0 18.0
0.033333 2 395.9 287.2 31.8 19.3
0.066667 2 393.4 285.9 36.1 21.8
0.100000 2 393.3 285.0 35.9 23.1
0.133333 2 395.7 286.9 30.5 18.5
0.166667 2 395.3 286.5 30.9 18.9
0.200000 2 394.0 286.3 32.5 19.5
0.233333 2 393.5 285.4 32.8 20.7
0.266667 2 390.0 283.0 39.4 25.2
0.300000 2 390.5 283.7 38.0 23.2
0.333333 2 393.4 285.4 31.1 19.1
0.366667 2 390.7 283.6 36.2 22.3
0.400000 2 389.6 282.7 37.3 23.5
0.433333 2 392.1 284.3 31.9 19.8
0.466667 2 389.2 282.6 37.0 22.6
0.500000 2 387.2 280.9 40.9 25.5
0.533333 2 389.4 282.3 36.1 21.9
0.566667 2 391.0 283.3 31.7 19.1
0.600000 2 386.0 280.3 41.2 25.0
0.633333 2 387.6 280.9 37.8 23.0
0.666667 2 389.3 281.8 34.2 20.6
0.700000 2 388.5 280.2 35.3 22.7
0.733333 2 390.5 281.5 30.8 19.0
0.766667 2 389.7 281.0 32.4 19.5
0.800000 2 390.0 280.4 31.8 19.6
0.833333 2 390.2 280.0 31.4 19.7
0.866667 2 389.1 279.0 33.4 20.6
0.900000 2 387.6 277.7 36.2 22.2
0.933333 2 387.5 276.9 36.2 22.8
0.966667 2 387.5 276.4 36.3 22.8
1.000000 2 386.6 275.0 38.0 24.5
1.033333 2 386.4 274.9 38.1 23.5
1.066667 2 389.9 276.5 30.3 18.8
1.100000 2 387.8 274.6 34.3 21.8
1.133333 2 389.9 275.7 30.1 18.2
1.166667 2 388.2 274.4 33.0 19.8
1.200000 2 386.2 272.2 36.8 23.3
1.233333 2 386.1 272.2 37.0 22.4
1.266667 2 388.1 273.0 32.0 19.6
1.300000 2 388.3 272.6 31.6 19.0
1.333333 2 387.5 271.5 32.9 20.6
1.366667 2 387.8 271.3 32.0 19.4
1.400000 2 384.6 269.5 37.7 22.7
1.433333 2 386.0 269.7 34.3 20.8
1.466667 2 384.4 267.9 37.4 23.6
1.500000 2 383.2 267.5 39.0 23.7
1.533333 2 384.5 267.6 35.7 22.4
1.566667 2 384.4 267.0 35.9 22.6
1.600000 2 384.5 266.9 34.8 22.0
1.633333 2 381.3 264.4 40.7 26.0
1.666667 2 384.6 266.5 33.0 20.7
1.700000 2 383.8 266.1 34.2 20.6
1.733333 2 381.0 263.1 39.2 25.9
1.766667 2 382.7 264.8 35.1 21.7
1.800000 2 380.4 262.6 38.7 25.4
1.833333 2 380.8 262.5 37.2 24.9
1.866667 2 380.6 262.9 36.6 23.6
1.900000 2 379.8 261.8 37.9 24.8
1.933333 2 379.1 261.0 39.0 26.2
1.966667 2 380.0 261.8 36.8 24.0
2.000000 2 380.3 262.2 36.2 23.0
2.033333 2 380.1 262.7 36.0 21.7
2.066667 2 380.9 262.7 34.2 21.2
2.100000 2 380.7 261.9 34.5 22.4
2.133333 2 380.2 261.3 35.4 23.0
2.166667 2 379.7 261.3 36.4 22.4
2.200000 2 380.5 260.7 34.9 22.8
2.233333 2 380.8 260.5 34.3 22.5
2.266667 2 380.1 260.4 36.2 22.3
2.300000 2 380.4 259.3 35.8 23.8
2.333333 2 380.3 258.2 37.2 25.2
2.366667 2 381.5 259.5 35.0 22.1
2.400000 2 380.4 257.7 38.1 25.2
2.433333 2 383.1 258.4 33.9 23.2
2.466667 2 382.6 257.7 36.2 24.3
2.500000 2 384.8 259.3 32.6 20.8
2.533333 2 380.8 254.6 41.7 29.2
2.566667 2 384.7 257.2 34.6 22.7
2.600000 2 385.8 257.1 34.4 22.9
2.633333 2 386.5 257.1 35.0 23.0
2.666667 2 384.9 254.4 40.0 27.6
2.700000 2 388.0 255.7 36.4 25.2
2.733333 2 389.0 254.9 36.5 26.2
2.766667 2 389.7 255.1 36.9 24.7
2.800000 2 390.5 254.9 37.3 25.1
2.833333 2 385.4 249.6 50.9 35.9
2.866667 2 393.6 254.5 36.9 25.6
2.900000 2 393.9 252.8 38.9 28.4
2.933333 2 390.2 248.5 49.2 36.8
2.966667 2 394.6 250.8 43.9 32.0
3.000000 2 397.8 252.4 40.3 28.6
3.033333 2 401.3 254.2 35.9 24.3
3.066667 2 402.1 252.7 37.7 26.8
3.100000 2 403.7 252.6 37.4 26.7
3.133333 2 406.1 252.6 36.0 26.4
3.166667 2 405.4 250.9 40.7 29.6
3.200000 2 407.6 251.6 39.7 27.7
3.233333 2 408.3 249.8 41.1 30.4
3.266667 2 410.8 250.5 39.2 28.8
3.300000 2 412.1 250.3 39.4 29.1
3.333333 2 415.3 251.5 37.1 26.4
3.366667 2 416.8 252.2 37.2 24.7
3.400000 2 419.3 251.6 35.6 25.1
3.433333 2 421.4 251.2 35.2 25.3
3.466667 2 421.1 250.5 39.2 26.1
3.500000 2 425.2 250.8 34.2 24.3
3.533333 2 425.6 250.6 36.8 23.8
3.566667 2 427.6 249.2 36.1 25.6
3.600000 2 429.1 250.1 35.6 22.8
3.633333 2 430.9 248.5 35.5 25.1
3.666667 2 432.4 249.0 35.2 22.7
3.700000 2 434.5 248.1 34.7 23.1
3.733333 2 436.1 247.5 33.5 23.1
3.766667 2 435.0 246.0 38.9 25.1
3.800000 2 438.8 246.1 34.2 23.1
3.833333 2 440.5 245.0 33.3 23.7
3.866667 2 440.2 243.3 36.4 25.7
3.900000 2 438.7 241.5 41.6 28.3
3.933333 2 439.0 238.9 43.6 31.8
3.966667 2 441.7 239.5 40.2 29.1
4.000000 2 441.9 238.5 42.0 29.8
4.033333 2 440.9 236.0 45.8 33.3
4.066667 2 443.5 235.9 42.8 31.8
4.100000 2 444.4 235.0 42.9 32.0
4.133333 2 444.4 234.8 44.4 31.3
4.166667 2 446.3 234.3 43.2 30.8
4.200000 2 446.3 232.3 45.1 33.3
4.233333 2 447.1 231.5 45.3 33.3
4.266667 2 448.5 232.5 43.8 30.0
4.300000 2 450.5 232.1 41.1 29.4
4.333333 2 451.4 231.1 41.3 29.8
4.366667 2 449.1 228.6 47.4 33.6
4.400000 2 450.1 227.7 47.4 33.9
4.433333 2 453.6 229.3 41.1 29.5
4.466667 2 452.8 228.6 44.6 30.0
4.500000 2 454.4 227.6 42.3 30.7
4.533333 2 454.2 226.6 43.3 31.2
4.566667 2 454.4 226.1 45.3 30.8
4.600000 2 457.4 226.9 39.8 28.1
4.633333 2 456.8 225.7 42.5 29.4
4.666667 2 457.2 225.0 42.3 29.3
4.700000 2 457.8 224.4 41.3 29.4
4.733333 2 458.3 224.9 41.8 27.4
4.766667 2 460.1 224.8 40.0 25.8
4.800000 2 459.8 224.5 40.9 26.0
4.833333 2 459.2 222.1 43.5 29.3
4.866667 2 460.3 221.7 41.4 28.7
4.900000 2 457.9 220.5 46.4 30.1
4.933333 2 458.9 219.4 45.4 30.9
4.966667 2 459.1 220.7 44.4 28.0
5.000000 2 458.6 217.5 46.2 32.6
5.033333 2 459.2 218.4 44.6 30.1
5.066667 2 311.3 291.4 34.8 32.8
5.100000 2 311.3 291.4 34.8 32.8
5.133333 2 311.3 291.4 34.8 32.8
5.166667 2 311.1 290.6 34.9 32.9
5.200000 2 310.6 290.8 34.7 32.7
5.233333 2 309.9 290.8 34.6 32.6
5.266667 2 309.9 290.5 34.5 32.5
5.300000 2 309.1 290.5 34.4 32.4
5.333333 2 308.9 289.9 34.5 32.4
5.366667 2 308.1 289.5 34.2 32.2
5.400000 2 308.1 289.3 34.2 32.2
5.433333 2 307.9 288.6 34.2 32.2
5.466667 2 307.0 288.5 34.1 32.1
5.500000 2 307.0 287.6 34.1 32.1
5.533333 2 306.1 287.2 34.0 32.0
5.566667 2 306.1 286.7 33.8 31.8
5.600000 2 306.2 286.2 33.7 31.7
5.633333 2 305.5 285.7 33.4 31.4
5.666667 2 305.2 285.5 33.0 31.0
5.700000 2 305.5 284.9 32.4 30.4
5.733333 2 304.7 284.8 32.2 30.2
5.766667 2 305.0 284.3 31.3 29.4
5.800000 2 304.5 283.6 31.4 29.5
5.833333 2 303.9 283.9 30.4 28.5
5.866667 2 303.8 283.1 30.4 28.5
5.900000 2 303.1 282.6 30.5 28.6
5.933333 2 302.7 282.2 30.7 28.8
5.966667 2 302.1 282.1 30.0 28.1
6.000000 2 301.8 281.8 30.2 28.3
6.033333 2 301.2 281.5 30.6 28.7
6.066667 2 300.5 281.1 30.2 28.3
6.100000 2 300.4 281.2 29.9 28.1
6.133333 2 299.5 280.6 30.3 28.4
6.166667 2 298.7 280.6 30.3 28.4
6.200000 2 298.6 280.3 30.4 28.5
6.233333 2 298.0 280.3 30.0 28.1
6.266667 2 297.7 280.5 29.5 27.6
6.300000 2 297.8 280.5 29.1 27.3
6.333333 2 297.0 280.5 29.1 27.2
6.366667 2 296.6 280.5 29.0 27.2
6.400000 2 296.3 280.5 29.0 27.2
6.433333 2 295.3 280.4 29.1 27.3
6.466667 2 295.1 280.3 29.4 27.5
6.500000 2 294.3 280.3 29.4 27.5
6.533333 2 293.8 280.2 29.4 27.6
6.566667 2 293.4 280.3 29.3 27.5
6.600000 2 293.0 280.3 29.3 27.5
6.633333 2 292.3 280.2 29.5 27.7
6.666667 2 291.6 280.3 29.5 27.7
6.700000 2 291.0 280.2 30.5 28.7
6.733333 2 290.2 280.3 30.5 28.6
6.766667 2 289.7 280.3 30.5 28.6
6.800000 2 289.3 280.4 30.5 28.6
6.833333 2 289.1 281.0 29.8 27.9
6.866667 2 288.5 281.3 30.1 28.2
6.900000 2 287.4 281.3 30.5 28.6
6.933333 2 287.4 281.3 30.5 28.6
6.966667 2 287.0 282.0 29.7 27.9
7.000000 2 286.2 282.3 29.9 28.0
7.033333 2 286.2 282.3 29.9 28.0
7.066667 2 285.1 282.4 30.4 28.5
7.100000 2 285.4 283.3 29.3 27.5
7.133333 2 285.4 283.3 29.3 27.5
7.166667 2 284.3 283.4 30.1 28.2
7.200000 2 283.9 283.4 30.3 28.3
7.233333 2 283.9 283.4 30.2 28.3
7.266667 2 283.5 283.8 30.0 28.0
7.300000 2 283.5 283.8 30.0 28.0
7.333333 2 283.5 283.9 29.9 28.0
7.366667 2 283.6 284.1 29.6 27.7
7.400000 2 283.6 284.1 29.6 27.7
7.433333 2 283.6 284.1 29.6 27.7
7.466667 2 284.2 284.0 29.8 27.9
7.500000 2 284.2 284.0 29.8 27.9
7.533333 2 284.7 284.1 29.6 27.7
7.566667 2 286.0 283.9 29.7 27.7
7.600000 2 286.0 283.9 29.7 27.7
7.633333 2 286.9 283.9 29.5 27.5
7.666667 2 288.7 283.8 29.5 27.5
7.700000 2 288.9 284.0 29.3 27.3
7.733333 2 289.9 283.9 28.5 26.6
7.766667 2 291.7 282.9 29.1 27.1
7.800000 2 291.7 282.9 29.1 27.1
7.833333 2 293.7 283.1 28.1 26.2
7.866667 2 296.3 281.5 28.8 26.8
7.900000 2 296.3 281.5 28.8 26.8
7.933333 2 297.1 280.9 29.0 27.1
7.966667 2 298.7 280.0 29.3 27.3
8.000000 2 300.1 279.2 29.2 27.2
8.033333 2 302.0 278.2 29.2 27.3
8.066667 2 303.9 277.3 29.2 27.2
8.100000 2 304.9 275.8 29.7 27.8
8.133333 2 306.8 274.7 29.4 27.4
8.166667 2 308.3 273.2 29.4 27.5
8.200000 2 310.3 271.7 28.8 26.9
8.233333 2 311.5 269.5 29.9 28.0
8.266667 2 313.0 267.9 29.8 27.8
8.300000 2 314.9 266.0 29.6 27.7
8.333333 2 316.3 264.1 29.6 27.7
8.366667 2 317.8 262.1 29.7 27.7
8.400000 2 319.2 259.5 30.3 28.4
8.433333 2 320.7 257.3 30.3 28.4
8.466667 2 322.9 255.6 29.1 27.2
8.500000 2 323.8 252.5 30.3 28.4
8.533333 2 325.1 250.3 30.2 28.2
8.566667 2 326.5 247.6 30.3 28.3
8.600000 2 328.1 245.3 29.9 28.0
8.633333 2 328.9 242.4 30.4 28.5
8.666667 2 331.3 240.6 29.0 27.1
8.700000 2 331.9 237.4 30.1 28.1
8.733333 2 333.1 234.7 30.0 28.0
8.766667 2 334.8 232.2 29.5 27.5
8.800000 2 336.1 229.5 29.9 27.8
8.833333 2 337.4 226.4 30.1 28.1
8.866667 2 338.8 223.5 30.3 28.3
8.900000 2 339.8 220.9 29.9 27.8
8.933333 2 341.2 218.1 29.8 27.8
8.966667 2 342.7 215.4 29.3 27.3
9.000000 2 343.4 212.6 30.1 28.0
9.033333 2 345.4 209.8 30.0 27.9
9.066667 2 347.3 207.5 29.5 27.5
9.100000 2 348.4 204.6 29.9 27.8
9.133333 2 350.3 202.2 29.4 27.4
9.166667 2 352.0 199.8 28.9 26.8
9.200000 2 353.7 197.1 29.4 27.3
9.233333 2 355.5 194.8 29.1 27.1
9.266667 2 357.2 192.0 29.5 27.4
9.300000 2 359.0 189.9 28.8 26.8
9.333333 2 360.8 187.0 29.6 27.5
9.366667 2 363.1 184.8 28.7 26.7
9.400000 2 364.7 181.9 29.6 27.5
9.433333 2 366.5 179.4 29.0 27.0
9.466667 2 369.0 176.8 28.6 26.6
9.500000 2 371.1 174.0 28.4 26.4
9.533333 2 372.9 171.0 28.5 26.5
9.566667 2 374.9 168.0 28.5 26.5
9.600000 2 376.8 164.7 28.6 26.6
9.633333 2 378.5 161.2 29.1 27.0
9.666667 2 380.7 158.0 28.7 26.6
9.700000 2 382.6 154.3 29.0 26.9
9.733333 2 384.7 151.0 28.7 26.6
9.766667 2 386.6 147.2 29.0 26.9
9.800000 2 388.7 143.6 28.7 26.7
9.833333 2 390.9 140.0 28.5 26.4
9.866667 2 392.9 136.1 28.4 26.4
9.900000 2 394.7 132.1 28.7 26.6
9.933333 2 396.6 128.1 28.7 26.7
9.966667 2 398.3 124.0 29.0 27.0
10.000000 2 399.9 119.8 29.5 27.4
10.033333 2 402.1 116.2 28.7 26.6
10.066667 2 404.1 112.2 28.4 26.4
10.100000 2 405.7 108.1 28.4 26.4
10.133333 2 407.0 103.6 29.4 27.5
10.166667 2 409.1 99.9 28.5 26.5
10.200000 2 410.8 96.0 28.2 26.3
10.233333 2 411.8 90.9 29.8 27.8
10.266667 2 413.9 87.6 28.5 26.4
10.300000 2 414.9 83.0 29.6 27.7
10.333333 2 416.9 79.6 28.5 26.5
10.366667 2 418.0 75.1 29.5 27.5
10.400000 2 420.2 72.1 27.8 25.9
10.433333 2 421.0 67.7 29.2 27.3
10.466667 2 423.0 64.3 28.5 26.5
10.500000 2 424.3 60.3 29.0 27.0
10.533333 2 426.0 57.3 28.2 26.2
10.566667 2 426.9 53.1 29.5 27.5
10.600000 2 428.9 50.2 28.3 26.3
10.633333 2 430.2 46.7 28.7 26.8
10.666667 2 431.8 43.5 28.6 26.5
10.700000 2 432.8 39.8 29.6 27.7
10.733333 2 434.8 37.3 28.6 26.5
10.766667 2 435.9 33.9 29.2 27.2
10.800000 2 437.7 31.3 28.5 26.5
10.833333 2 438.9 28.1 29.3 27.3
10.866667 2 441.0 26.0 28.0 26.0
