0.000000 2 282.0 257.0 10.0 364.0
0.000000 2 34.0 27.0 28.0 22.0
0.033333 2 281.7 257.6 13.7 363.7
0.033333 2 34.1 27.1 28.0 22.0
0.066667 2 281.3 258.2 17.3 363.4
0.066667 2 34.2 27.1 28.0 22.0
0.100000 2 281.0 258.8 21.0 363.2
0.100000 2 34.3 27.2 28.0 22.0
0.133333 2 280.7 259.4 24.7 362.9
0.133333 2 34.4 27.2 28.0 22.0
0.166667 2 280.3 260.1 28.3 362.6
0.166667 2 34.6 27.3 28.0 22.0
0.200000 2 280.0 260.7 32.0 362.3
0.200000 2 34.7 27.3 28.0 22.0
0.233333 2 279.7 261.3 35.7 362.1
0.233333 2 34.8 27.4 28.0 22.0
0.266667 2 279.3 261.9 39.3 361.8
0.266667 2 34.9 27.4 28.0 22.0
0.300000 2 279.0 262.5 43.0 361.5
0.300000 2 35.0 27.5 28.0 22.0
0.333333 2 279.2 263.1 47.2 361.2
0.333333 2 34.8 27.6 28.2 22.0
0.366667 2 279.3 263.7 51.5 360.9
0.366667 2 34.7 27.6 28.3 22.0
0.400000 2 279.5 264.3 55.8 360.7
0.400000 2 34.5 27.7 28.5 22.0
0.433333 2 279.7 264.9 60.0 360.4
0.433333 2 34.3 27.7 28.7 22.0
0.466667 2 279.8 265.6 64.2 360.1
0.466667 2 34.2 27.8 28.8 22.0
0.500000 2 280.0 266.2 68.5 359.8
0.500000 2 34.0 27.8 29.0 22.0
0.533333 2 280.2 266.8 72.8 359.6
0.533333 2 33.8 27.9 29.2 22.0
0.566667 2 280.3 267.4 77.0 359.3
0.566667 2 33.7 27.9 29.3 22.0
0.600000 2 280.5 268.0 81.2 359.0
0.600000 2 33.5 28.0 29.5 22.0
0.633333 2 280.7 268.7 85.5 358.7
0.633333 2 33.3 27.7 29.7 22.2
0.666667 2 280.8 269.4 89.8 358.4
0.666667 2 33.2 27.4 29.8 22.4
0.700000 2 281.0 270.1 94.0 358.1
0.700000 2 33.0 27.1 30.0 22.6
0.733333 2 281.7 270.8 98.2 357.8
0.733333 2 32.5 26.8 30.2 22.8
0.766667 2 282.5 271.5 102.5 357.5
0.766667 2 32.0 26.5 30.5 23.0
0.800000 2 283.2 272.2 106.7 357.2
0.800000 2 31.5 26.2 30.7 23.2
0.833333 2 284.0 272.9 111.0 356.9
0.833333 2 31.0 25.9 31.0 23.4
0.866667 2 284.7 273.6 115.2 356.6
0.866667 2 30.5 25.6 31.2 23.6
0.900000 2 285.5 274.3 119.5 356.3
0.900000 2 30.0 25.3 31.5 23.8
0.933333 2 286.2 275.0 123.7 356.0
0.933333 2 29.5 25.0 31.7 24.0
0.966667 2 287.0 275.4 128.0 355.5
0.966667 2 29.0 25.1 32.0 23.7
1.000000 2 287.4 275.8 132.1 355.0
1.000000 2 29.4 25.3 31.7 23.5
1.033333 2 287.9 276.1 136.3 354.5
1.033333 2 29.9 25.4 31.4 23.2
1.066667 2 288.3 276.5 140.4 354.0
1.066667 2 30.3 25.5 31.1 23.0
1.100000 2 288.7 276.9 144.6 353.5
1.100000 2 30.7 25.6 30.9 22.7
1.133333 2 289.1 277.3 148.7 353.0
1.133333 2 31.1 25.8 30.6 22.5
1.166667 2 289.6 277.6 152.9 352.5
1.166667 2 31.6 25.9 30.3 22.2
1.200000 2 290.0 278.0 157.0 352.0
1.200000 2 32.0 26.0 30.0 22.0
1.233333 2 291.1 277.6 161.7 351.3
1.233333 2 31.7 26.0 29.3 22.3
1.266667 2 292.3 277.1 166.4 350.7
1.266667 2 31.4 26.0 28.6 22.7
1.300000 2 293.4 276.7 171.1 350.0
1.300000 2 31.1 26.0 27.9 23.0
1.333333 2 294.6 276.2 175.9 349.3
1.333333 2 30.9 26.0 27.1 23.3
1.366667 2 295.7 275.8 180.6 348.7
1.366667 2 30.6 26.0 26.4 23.7
1.400000 2 296.9 275.3 185.3 348.0
1.400000 2 30.3 26.0 25.7 24.0
1.433333 2 298.0 274.9 190.0 347.3
1.433333 2 30.0 26.0 25.0 24.3
1.466667 2 299.6 274.4 192.4 346.7
1.466667 2 30.2 26.0 25.2 24.7
1.500000 2 301.3 274.0 194.7 346.0
1.500000 2 30.4 26.0 25.4 25.0
1.533333 2 302.9 273.3 197.1 346.0
1.533333 2 30.5 25.4 25.5 24.8
1.566667 2 304.5 272.5 199.5 346.0
1.566667 2 30.7 24.8 25.7 24.5
1.600000 2 306.2 271.8 201.8 346.0
1.600000 2 30.9 24.1 25.9 24.3
1.633333 2 307.8 271.0 204.2 346.0
1.633333 2 31.1 23.5 26.1 24.0
1.666667 2 309.5 270.3 206.5 346.0
1.666667 2 31.3 22.9 26.3 23.8
1.700000 2 311.1 269.5 208.9 346.0
1.700000 2 31.5 22.3 26.5 23.5
1.733333 2 312.7 268.8 211.3 346.0
1.733333 2 31.6 21.6 26.6 23.3
1.766667 2 314.4 268.0 213.6 346.0
1.766667 2 31.8 21.0 26.8 23.0
1.800000 2 316.0 266.2 216.0 345.5
1.800000 2 32.0 21.4 27.0 23.0
1.833333 2 317.3 264.5 217.0 345.0
1.833333 2 32.7 21.8 26.7 23.0
1.866667 2 318.7 262.7 218.0 344.5
1.866667 2 33.3 22.1 26.3 23.0
1.900000 2 320.0 261.0 219.0 344.0
1.900000 2 34.0 22.5 26.0 23.0
1.933333 2 321.3 259.2 220.0 343.5
1.933333 2 34.7 22.9 25.7 23.0
1.966667 2 322.7 257.5 221.0 343.0
1.966667 2 35.3 23.3 25.3 23.0
2.000000 2 324.0 255.7 222.0 342.5
2.000000 2 36.0 23.6 25.0 23.0
2.033333 2 325.3 254.0 223.0 342.0
2.033333 2 36.7 24.0 24.7 23.0
2.066667 2 326.7 251.5 224.0 341.3
2.066667 2 37.3 24.3 24.3 23.3
2.100000 2 328.0 249.0 225.0 340.7
2.100000 2 38.0 24.7 24.0 23.7
2.133333 2 329.8 246.5 224.6 340.0
2.133333 2 37.5 25.0 24.1 24.0
2.166667 2 331.6 244.0 224.3 339.3
2.166667 2 37.1 25.3 24.2 24.3
2.200000 2 333.5 241.5 223.9 338.7
2.200000 2 36.6 25.7 24.3 24.7
2.233333 2 335.3 239.0 223.5 338.0
2.233333 2 36.2 26.0 24.4 25.0
2.266667 2 337.1 237.7 223.2 337.9
2.266667 2 35.7 25.7 24.5 24.4
2.300000 2 338.9 236.4 222.8 337.7
2.300000 2 35.3 25.4 24.5 23.9
2.333333 2 340.7 235.1 222.5 337.6
2.333333 2 34.8 25.1 24.6 23.3
2.366667 2 342.5 233.9 222.1 337.4
2.366667 2 34.4 24.9 24.7 22.7
2.400000 2 344.4 232.6 221.7 337.3
2.400000 2 33.9 24.6 24.8 22.1
2.433333 2 346.2 231.3 221.4 337.1
2.433333 2 33.5 24.3 24.9 21.6
2.466667 2 348.0 230.0 221.0 337.0
2.466667 2 33.0 24.0 25.0 21.0
2.500000 2 348.4 228.7 220.0 336.2
2.500000 2 32.8 24.1 25.1 21.5
2.533333 2 348.7 227.5 219.1 335.5
2.533333 2 32.7 24.3 25.1 22.0
2.566667 2 349.1 226.2 218.1 334.7
2.566667 2 32.5 24.4 25.2 22.5
2.600000 2 349.4 225.0 217.2 334.0
2.600000 2 32.4 24.5 25.2 23.0
2.633333 2 349.8 223.7 216.2 333.2
2.633333 2 32.2 24.6 25.3 23.5
2.666667 2 350.1 222.5 215.3 332.5
2.666667 2 32.1 24.8 25.3 24.0
2.700000 2 350.5 221.2 214.3 331.7
2.700000 2 31.9 24.9 25.4 24.5
2.733333 2 350.8 220.0 213.4 331.0
2.733333 2 31.8 25.0 25.4 25.0
2.766667 2 351.2 219.2 212.4 330.5
2.766667 2 31.6 24.6 25.5 24.7
2.800000 2 351.5 218.5 211.5 330.0
2.800000 2 31.5 24.2 25.5 24.5
2.833333 2 351.9 217.7 210.5 329.5
2.833333 2 31.3 23.9 25.6 24.2
2.866667 2 352.2 217.0 209.6 329.0
2.866667 2 31.2 23.5 25.6 24.0
2.900000 2 352.6 216.2 208.6 328.5
2.900000 2 31.0 23.1 25.7 23.7
2.933333 2 352.9 215.5 207.7 328.0
2.933333 2 30.9 22.7 25.7 23.5
2.966667 2 353.3 214.7 206.7 327.5
2.966667 2 30.7 22.4 25.8 23.2
3.000000 2 353.6 214.0 205.8 327.0
3.000000 2 30.6 22.0 25.8 23.0
3.033333 2 354.0 213.4 204.8 326.4
3.033333 2 30.4 22.6 25.9 23.1
3.066667 2 354.3 212.9 203.9 325.9
3.066667 2 30.3 23.1 25.9 23.3
3.100000 2 354.7 212.3 202.9 325.3
3.100000 2 30.1 23.7 26.0 23.4
3.133333 2 355.0 211.7 202.0 324.7
3.133333 2 30.0 24.3 26.0 23.6
3.166667 2 354.5 211.1 200.9 324.1
3.166667 2 29.9 24.9 26.4 23.7
3.200000 2 354.0 210.6 199.9 323.6
3.200000 2 29.9 25.4 26.7 23.9
3.233333 2 353.5 210.0 198.8 323.0
3.233333 2 29.8 26.0 27.1 24.0
3.266667 2 353.0 210.1 197.7 322.4
3.266667 2 29.7 26.1 27.4 24.3
3.300000 2 352.5 210.3 196.6 321.7
3.300000 2 29.6 26.3 27.8 24.5
3.333333 2 352.0 210.4 195.6 321.1
3.333333 2 29.6 26.4 28.1 24.8
3.366667 2 351.5 210.5 194.5 320.5
3.366667 2 29.5 26.5 28.5 25.0
3.400000 2 351.0 210.6 193.4 319.9
3.400000 2 29.4 26.6 28.9 25.3
3.433333 2 350.5 210.8 192.4 319.2
3.433333 2 29.4 26.8 29.2 25.5
3.466667 2 350.0 210.9 191.3 318.6
3.466667 2 29.3 26.9 29.6 25.8
3.500000 2 349.5 211.0 190.2 318.0
3.500000 2 29.2 27.0 29.9 26.0
3.533333 2 349.0 212.0 189.1 317.3
3.533333 2 29.1 26.0 30.3 25.5
3.566667 2 348.5 213.0 188.1 316.7
3.566667 2 29.1 25.0 30.6 25.0
3.600000 2 348.0 214.0 187.0 316.0
3.600000 2 29.0 24.0 31.0 24.5
3.633333 2 348.2 215.0 186.2 315.3
3.633333 2 28.9 23.0 30.7 24.0
3.666667 2 348.5 216.0 185.5 314.7
3.666667 2 28.9 22.0 30.4 23.5
3.700000 2 348.7 217.0 184.7 314.0
3.700000 2 28.8 21.0 30.1 23.0
3.733333 2 348.9 217.2 183.9 312.8
3.733333 2 28.8 22.8 29.8 24.4
3.766667 2 349.2 217.4 183.2 311.6
3.766667 2 28.7 24.6 29.5 25.8
3.800000 2 349.4 217.6 182.4 310.4
3.800000 2 28.6 26.4 29.2 27.2
3.833333 2 349.6 217.8 181.6 309.2
3.833333 2 28.6 28.2 28.9 28.6
3.866667 2 349.9 218.0 180.9 308.0
3.866667 2 28.5 30.0 28.6 30.0
3.900000 2 350.1 219.5 180.1 309.0
3.900000 2 28.5 29.3 28.4 29.2
3.933333 2 350.4 221.0 179.4 310.0
3.933333 2 28.4 28.6 28.1 28.4
3.966667 2 350.6 222.5 178.6 311.0
3.966667 2 28.4 27.9 27.8 27.6
4.000000 2 350.8 224.0 177.8 312.0
4.000000 2 28.3 27.2 27.5 26.8
4.033333 2 351.1 225.5 177.1 313.0
4.033333 2 28.2 26.5 27.2 26.0
4.066667 2 351.3 227.0 176.3 314.0
4.066667 2 28.2 25.8 26.9 25.2
4.100000 2 351.5 228.5 175.5 315.0
4.100000 2 28.1 25.1 26.6 24.4
4.133333 2 351.8 230.0 174.8 316.0
4.133333 2 28.1 24.4 26.3 23.6
4.166667 2 352.0 231.5 174.0 317.0
4.166667 2 28.0 23.7 26.0 22.8
4.200000 2 352.8 233.0 173.1 318.0
4.200000 2 28.4 23.0 26.1 22.0
4.233333 2 353.5 234.0 172.2 319.6
4.233333 2 28.8 23.4 26.2 22.2
4.266667 2 354.2 235.0 171.2 321.1
4.266667 2 29.2 23.9 26.3 22.4
4.300000 2 355.0 236.0 170.3 322.7
4.300000 2 29.7 24.3 26.3 22.7
4.333333 2 355.8 237.0 169.4 324.2
4.333333 2 30.1 24.8 26.4 22.9
4.366667 2 356.5 238.0 168.5 325.8
4.366667 2 30.5 25.2 26.5 23.1
4.400000 2 357.2 239.0 167.6 327.3
4.400000 2 30.9 25.7 26.6 23.3
4.433333 2 358.0 240.0 166.7 328.9
4.433333 2 31.3 26.1 26.7 23.6
4.466667 2 358.8 241.0 165.7 330.4
4.466667 2 31.8 26.6 26.8 23.8
4.500000 2 359.5 242.0 164.8 332.0
4.500000 2 32.2 27.0 26.8 24.0
4.533333 2 360.2 242.8 163.9 334.2
4.533333 2 32.6 26.9 26.9 24.3
4.566667 2 361.0 243.6 163.0 336.4
4.566667 2 33.0 26.8 27.0 24.7
4.600000 2 362.0 244.3 162.6 338.7
4.600000 2 32.8 26.7 26.8 25.0
4.633333 2 363.1 245.1 162.2 340.9
4.633333 2 32.7 26.6 26.7 25.3
4.666667 2 364.1 245.9 161.7 343.1
4.666667 2 32.5 26.4 26.5 25.7
4.700000 2 365.2 246.7 161.3 345.3
4.700000 2 32.4 26.3 26.4 26.0
4.733333 2 366.2 247.4 160.9 347.6
4.733333 2 32.2 26.2 26.2 26.3
4.766667 2 367.2 248.2 160.5 349.8
4.766667 2 32.1 26.1 26.1 26.7
4.800000 2 368.3 249.0 160.0 352.0
4.800000 2 31.9 26.0 25.9 27.0
4.833333 2 369.3 249.5 159.6 354.2
4.833333 2 31.8 25.5 25.8 26.2
4.866667 2 370.3 250.0 159.2 356.4
4.866667 2 31.6 25.0 25.6 25.4
4.900000 2 371.4 250.5 158.8 358.6
4.900000 2 31.5 24.5 25.5 24.6
4.933333 2 372.4 251.0 158.3 360.8
4.933333 2 31.3 24.0 25.3 23.8
4.966667 2 373.5 251.5 157.9 363.0
4.966667 2 31.2 23.5 25.2 23.0
5.000000 2 374.5 252.0 157.5 365.2
5.000000 2 31.0 23.0 25.0 22.2
5.033333 2 375.5 252.5 157.1 367.4
5.033333 2 30.8 22.5 24.8 21.4
5.066667 2 376.6 253.0 156.7 369.6
5.066667 2 30.7 22.0 24.7 20.6
5.100000 2 377.6 253.5 156.2 371.8
5.100000 2 30.5 21.5 24.5 19.8
5.133333 2 378.7 254.0 155.8 374.0
5.133333 2 30.4 21.0 24.4 19.0
5.166667 2 379.7 254.2 155.4 374.1
5.166667 2 30.2 21.3 24.2 19.4
5.200000 2 380.7 254.3 155.0 374.2
5.200000 2 30.1 21.6 24.1 19.8
5.233333 2 381.8 254.5 154.5 374.2
5.233333 2 29.9 21.9 23.9 20.2
5.266667 2 382.8 254.6 154.1 374.3
5.266667 2 29.8 22.2 23.8 20.5
5.300000 2 383.8 254.8 153.7 374.4
5.300000 2 29.6 22.5 23.6 20.9
5.333333 2 384.9 254.9 153.3 374.5
5.333333 2 29.5 22.8 23.5 21.3
5.366667 2 385.9 255.1 152.8 374.5
5.366667 2 29.3 23.2 23.3 21.7
5.400000 2 387.0 255.2 152.4 374.6
5.400000 2 29.2 23.5 23.2 22.1
5.433333 2 388.0 255.4 152.0 374.7
5.433333 2 29.0 23.8 23.0 22.5
5.466667 2 387.6 255.5 152.0 374.8
5.466667 2 29.2 24.1 23.1 22.8
5.500000 2 387.2 255.7 152.0 374.8
5.500000 2 29.5 24.4 23.2 23.2
5.533333 2 386.8 255.8 152.0 374.9
5.533333 2 29.7 24.7 23.4 23.6
5.566667 2 386.4 256.0 152.0 375.0
5.566667 2 29.9 25.0 23.5 24.0
5.600000 2 385.9 257.2 152.0 374.8
5.600000 2 30.2 25.2 23.6 23.9
5.633333 2 385.5 258.3 152.0 374.5
5.633333 2 30.4 25.5 23.7 23.8
5.666667 2 385.1 259.5 152.0 374.3
5.666667 2 30.6 25.7 23.8 23.8
5.700000 2 384.7 260.6 152.0 374.1
5.700000 2 30.9 25.9 23.9 23.7
5.733333 2 384.3 261.8 152.0 373.8
5.733333 2 31.1 26.2 24.1 23.6
5.766667 2 383.9 262.9 152.0 373.6
5.766667 2 31.4 26.4 24.2 23.5
5.800000 2 383.5 264.1 152.0 373.4
5.800000 2 31.6 26.6 24.3 23.5
5.833333 2 383.1 265.2 152.0 373.2
5.833333 2 31.8 26.8 24.4 23.4
5.866667 2 382.6 266.4 152.0 372.9
5.866667 2 32.1 27.1 24.5 23.3
5.900000 2 382.2 267.5 152.0 372.7
5.900000 2 32.3 27.3 24.6 23.2
5.933333 2 381.8 268.7 152.0 372.5
5.933333 2 32.5 27.5 24.8 23.2
5.966667 2 381.4 269.8 152.0 372.2
5.966667 2 32.8 27.8 24.9 23.1
6.000000 2 381.0 271.0 152.0 372.0
6.000000 2 33.0 28.0 25.0 23.0
6.033333 2 379.5 272.9 151.9 371.4
6.033333 2 32.9 28.2 24.9 23.8
6.066667 2 378.1 274.8 151.8 370.8
6.066667 2 32.8 28.4 24.8 24.6
6.100000 2 376.6 276.7 151.8 370.2
6.100000 2 32.8 28.6 24.8 25.4
6.133333 2 375.2 278.6 151.7 369.6
6.133333 2 32.7 28.8 24.7 26.2
6.166667 2 373.7 280.5 151.6 369.0
6.166667 2 32.6 29.0 24.6 27.0
6.200000 2 372.2 282.4 151.5 368.4
6.200000 2 32.5 29.2 24.5 27.8
6.233333 2 370.8 284.3 151.5 367.8
6.233333 2 32.5 29.4 24.5 28.6
6.266667 2 369.3 286.2 151.4 367.2
6.266667 2 32.4 29.6 24.4 29.4
6.300000 2 367.8 288.1 151.3 366.6
6.300000 2 32.3 29.8 24.3 30.2
6.333333 2 366.4 290.0 151.2 366.0
6.333333 2 32.2 30.0 24.2 31.0
6.366667 2 364.9 292.4 151.2 366.1
6.366667 2 32.2 29.9 24.2 30.6
6.400000 2 363.5 294.8 151.1 366.2
6.400000 2 32.1 29.8 24.1 30.2
6.433333 2 362.0 297.2 151.0 366.2
6.433333 2 32.0 29.8 24.0 29.8
6.466667 2 360.0 299.5 151.2 366.3
6.466667 2 32.5 29.7 24.3 29.5
6.500000 2 358.0 301.9 151.5 366.4
6.500000 2 33.0 29.6 24.7 29.1
6.533333 2 356.0 304.3 151.8 366.5
6.533333 2 33.5 29.5 25.0 28.7
6.566667 2 354.0 306.7 152.0 366.5
6.566667 2 34.0 29.5 25.3 28.3
6.600000 2 352.0 309.1 152.2 366.6
6.600000 2 34.5 29.4 25.7 27.9
6.633333 2 350.0 311.5 152.5 366.7
6.633333 2 35.0 29.3 26.0 27.5
6.666667 2 348.0 313.8 152.8 366.8
6.666667 2 35.5 29.2 26.3 27.2
6.700000 2 346.0 316.2 153.0 366.8
6.700000 2 36.0 29.2 26.7 26.8
6.733333 2 344.0 318.6 153.2 366.9
6.733333 2 36.5 29.1 27.0 26.4
6.766667 2 342.0 321.0 153.5 367.0
6.766667 2 37.0 29.0 27.3 26.0
6.800000 2 340.0 325.1 153.8 366.9
6.800000 2 37.5 28.6 27.7 25.7
6.833333 2 338.0 329.3 154.0 366.7
6.833333 2 38.0 28.1 28.0 25.4
6.866667 2 337.1 333.4 154.9 366.6
6.866667 2 37.5 27.7 27.7 25.1
6.900000 2 336.2 337.6 155.8 366.4
6.900000 2 37.0 27.3 27.3 24.9
6.933333 2 335.3 341.7 156.8 366.3
6.933333 2 36.5 26.9 27.0 24.6
6.966667 2 334.3 345.9 157.7 366.1
6.966667 2 36.0 26.4 26.7 24.3
7.000000 2 333.4 350.0 158.6 366.0
7.000000 2 35.5 26.0 26.3 24.0
7.033333 2 332.5 353.9 159.5 365.4
7.033333 2 35.0 26.5 26.0 24.4
7.066667 2 331.6 357.7 160.4 364.8
7.066667 2 34.5 27.0 25.7 24.7
7.100000 2 330.7 361.6 161.3 364.1
7.100000 2 34.0 27.5 25.3 25.1
7.133333 2 329.8 365.5 162.3 363.5
7.133333 2 33.5 28.0 25.0 25.5
7.166667 2 328.8 369.4 163.2 362.9
7.166667 2 33.0 28.5 24.7 25.9
7.200000 2 327.9 373.2 164.1 362.3
7.200000 2 32.5 29.0 24.3 26.2
7.233333 2 327.0 377.1 165.0 361.6
7.233333 2 32.0 29.5 24.0 26.6
7.266667 2 326.1 381.0 164.4 361.0
7.266667 2 32.0 30.0 24.0 27.0
7.300000 2 325.1 385.4 163.9 361.4
7.300000 2 32.0 30.2 24.0 27.0
7.333333 2 324.2 389.8 163.3 361.8
7.333333 2 32.0 30.4 24.0 27.0
7.366667 2 323.3 394.2 162.7 362.2
7.366667 2 32.0 30.6 24.0 27.0
7.400000 2 322.4 398.6 162.1 362.6
7.400000 2 32.0 30.8 24.0 27.0
7.433333 2 321.4 403.0 161.6 363.0
7.433333 2 32.0 31.0 24.0 27.0
7.466667 2 320.5 407.4 161.0 363.4
7.466667 2 32.0 31.2 24.0 27.0
7.500000 2 319.6 411.8 160.4 363.8
7.500000 2 32.0 31.4 24.0 27.0
7.533333 2 318.6 416.2 159.9 364.2
7.533333 2 32.0 31.6 24.0 27.0
7.566667 2 317.7 420.6 159.3 364.6
7.566667 2 32.0 31.8 24.0 27.0
7.600000 2 316.8 425.0 158.7 365.0
7.600000 2 32.0 32.0 24.0 27.0
7.633333 2 315.9 429.7 158.1 366.1
7.633333 2 32.0 31.4 24.0 27.0
7.666667 2 314.9 434.5 157.6 367.2
7.666667 2 32.0 30.8 24.0 27.0
7.700000 2 314.0 439.2 157.0 368.4
7.700000 2 32.0 30.1 24.0 27.0
7.733333 2 313.6 444.0 155.2 369.5
7.733333 2 32.1 29.5 24.1 27.0
7.766667 2 313.2 448.7 153.4 370.6
7.766667 2 32.3 28.9 24.3 27.0
7.800000 2 312.8 453.5 151.6 371.7
7.800000 2 32.4 28.3 24.4 27.0
7.833333 2 312.4 458.2 149.8 372.9
7.833333 2 32.5 27.6 24.5 27.0
7.866667 2 312.0 463.0 148.0 374.0
7.866667 2 32.7 27.0 24.7 27.0
7.900000 2 311.6 467.2 146.2 375.2
7.900000 2 32.8 26.6 24.8 26.6
7.933333 2 311.2 471.4 144.4 376.4
7.933333 2 32.9 26.2 24.9 26.2
7.966667 2 310.8 475.6 142.6 377.6
7.966667 2 33.1 25.8 25.1 25.8
8.000000 2 310.4 479.8 140.8 378.8
8.000000 2 33.2 25.4 25.2 25.4
8.033333 2 310.0 484.0 139.0 380.0
8.033333 2 33.3 25.0 25.3 25.0
8.066667 2 309.6 487.0 137.2 380.7
8.066667 2 33.5 25.3 25.5 25.3
8.100000 2 309.2 490.0 135.4 381.3
8.100000 2 33.6 25.7 25.6 25.7
8.133333 2 308.8 493.0 133.6 382.0
8.133333 2 33.7 26.0 25.7 26.0
8.166667 2 308.4 496.0 131.8 382.7
8.166667 2 33.9 26.3 25.9 26.3
8.200000 2 308.0 499.0 130.0 383.3
8.200000 2 34.0 26.7 26.0 26.7
8.233333 2 308.7 502.0 125.9 384.0
8.233333 2 34.9 27.0 27.3 27.0
8.266667 2 309.4 506.6 121.7 384.8
8.266667 2 35.7 26.2 28.6 26.6
8.300000 2 310.1 511.2 117.6 385.6
8.300000 2 36.6 25.4 29.9 26.2
8.333333 2 310.9 515.8 113.4 386.4
8.333333 2 37.4 24.6 31.1 25.8
8.366667 2 311.6 520.4 109.3 387.2
8.366667 2 38.3 23.8 32.4 25.4
8.400000 2 312.3 525.0 105.1 388.0
8.400000 2 39.1 23.0 33.7 25.0
8.433333 2 313.0 526.4 101.0 387.2
8.433333 2 40.0 23.2 35.0 24.8
8.466667 2 313.4 527.8 97.7 386.4
8.466667 2 40.2 23.4 34.8 24.6
8.500000 2 313.7 529.2 94.5 385.6
8.500000 2 40.4 23.6 34.6 24.4
8.533333 2 314.1 530.6 91.2 384.8
8.533333 2 40.5 23.8 34.5 24.2
8.566667 2 314.5 532.0 87.9 384.0
8.566667 2 40.7 24.0 34.3 24.0
8.600000 2 314.8 532.0 84.6 382.0
8.600000 2 40.9 26.0 34.1 23.0
8.633333 2 315.2 532.0 81.4 379.0
8.633333 2 41.1 25.8 33.9 23.7
8.666667 2 315.5 532.0 78.1 376.0
8.666667 2 41.3 25.5 33.7 24.5
8.700000 2 315.9 532.0 74.8 373.0
8.700000 2 41.5 25.3 33.5 25.2
8.733333 2 316.3 532.0 71.5 370.0
8.733333 2 41.6 25.0 33.4 26.0
8.766667 2 316.6 532.0 68.3 367.0
8.766667 2 41.8 24.8 33.2 26.7
8.800000 2 317.0 532.0 65.0 364.0
8.800000 2 42.0 24.5 33.0 27.5
8.833333 2 317.0 532.0 61.6 361.0
8.833333 2 41.3 24.3 33.6 28.2
8.866667 2 317.0 532.0 58.2 358.0
8.866667 2 40.6 24.0 34.2 29.0
8.900000 2 317.0 530.9 54.8 353.1
8.900000 2 39.9 24.6 34.8 28.6
8.933333 2 317.0 529.7 51.4 348.3
8.933333 2 39.2 25.1 35.4 28.1
8.966667 2 317.0 528.6 48.0 343.4
8.966667 2 38.5 25.7 36.0 27.7
9.000000 2 317.0 527.4 44.6 338.6
9.000000 2 37.8 26.3 36.6 27.3
9.033333 2 317.0 526.3 41.2 333.7
9.033333 2 37.1 26.9 37.2 26.9
9.066667 2 317.0 525.1 37.8 328.9
9.066667 2 36.4 27.4 37.8 26.4
9.100000 2 317.0 524.0 34.4 324.0
9.100000 2 35.7 28.0 38.4 26.0
9.133333 2 317.0 522.8 31.0 318.4
9.133333 2 35.0 27.9 39.0 26.0
9.166667 2 315.8 521.5 29.3 312.8
9.166667 2 34.6 27.8 37.8 26.0
9.200000 2 314.5 520.3 27.6 307.1
9.200000 2 34.2 27.6 36.7 26.0
9.233333 2 313.3 519.0 25.9 301.5
9.233333 2 33.8 27.5 35.5 26.0
9.266667 2 312.1 517.8 24.2 295.9
9.266667 2 33.5 27.4 34.4 26.0
9.300000 2 310.8 516.5 22.5 290.3
9.300000 2 33.1 27.3 33.2 26.0
9.333333 2 309.6 515.3 20.8 284.6
9.333333 2 32.7 27.1 32.1 26.0
9.366667 2 308.4 514.0 19.2 279.0
9.366667 2 32.3 27.0 30.9 26.0
9.400000 2 307.2 512.9 17.5 273.6
9.400000 2 31.9 26.9 29.8 26.5
9.433333 2 305.9 511.7 15.8 268.2
9.433333 2 31.5 26.7 28.6 27.0
9.466667 2 304.7 510.6 14.1 262.9
9.466667 2 31.2 26.6 27.5 27.5
9.500000 2 303.5 509.5 12.4 257.5
9.500000 2 30.8 26.5 26.3 28.0
9.533333 2 302.2 508.4 10.7 252.1
9.533333 2 30.4 26.4 25.2 28.5
9.566667 2 301.0 507.2 9.0 246.7
9.566667 2 30.0 26.2 24.0 29.0
9.600000 2 298.7 506.1 9.0 241.4
9.600000 2 30.6 26.1 23.6 29.5
9.633333 2 296.4 505.0 9.0 236.0
9.633333 2 31.2 26.0 23.2 30.0
9.666667 2 294.1 503.7 9.0 233.6
9.666667 2 31.8 25.8 22.8 29.3
9.700000 2 291.8 502.3 9.0 231.1
9.700000 2 32.4 25.6 22.4 28.7
9.733333 2 289.5 501.0 9.0 228.7
9.733333 2 33.0 25.3 22.0 28.0
9.766667 2 287.2 499.7 9.0 226.2
9.766667 2 33.6 25.1 21.6 27.3
9.800000 2 284.9 498.3 9.0 223.8
9.800000 2 34.2 24.9 21.2 26.7
9.833333 2 282.6 497.0 9.0 221.3
9.833333 2 34.8 24.7 20.8 26.0
9.866667 2 280.3 495.7 9.0 218.9
9.866667 2 35.4 24.4 20.4 25.3
9.900000 2 278.0 494.3 9.0 216.4
9.900000 2 36.0 24.2 20.0 24.7
9.933333 2 276.5 493.0 9.0 214.0
9.933333 2 35.5 24.0 21.2 24.0
9.966667 2 275.0 491.0 9.0 212.8
9.966667 2 35.0 24.2 22.3 24.2
10.000000 2 273.5 489.0 9.0 211.6
10.000000 2 34.5 24.4 23.5 24.4
10.033333 2 272.0 487.0 9.0 210.4
10.033333 2 34.0 24.6 24.7 24.6
10.066667 2 270.5 485.0 9.0 209.2
10.066667 2 33.5 24.8 25.8 24.8
10.100000 2 269.0 483.0 9.0 208.0
10.100000 2 33.0 25.0 27.0 25.0
