0.000000 2 334.2 7.4 44.0 27.8
0.033333 2 335.2 8.1 43.9 27.4
0.066667 2 337.2 9.1 43.8 27.3
0.100000 2 339.2 10.1 43.8 27.3
0.133333 2 340.2 10.4 43.9 27.7
0.166667 2 342.4 11.3 43.9 27.8
0.200000 2 344.4 12.3 43.9 27.8
0.233333 2 345.5 13.0 43.8 27.4
0.266667 2 347.4 14.1 43.8 27.4
0.300000 2 349.4 15.1 43.8 27.5
0.333333 2 350.4 15.4 43.8 27.7
0.366667 2 352.4 16.4 43.8 27.7
0.400000 2 354.3 17.4 43.8 27.6
0.433333 2 355.4 18.1 43.7 27.3
0.466667 2 357.0 19.0 44.2 27.8
0.500000 2 358.8 20.1 44.3 28.1
0.533333 2 360.8 21.5 44.2 27.8
0.566667 2 361.4 22.0 44.4 28.4
0.600000 2 363.5 23.9 44.0 27.6
0.633333 2 365.0 25.6 44.0 27.7
0.666667 2 365.5 25.9 44.5 28.3
0.700000 2 367.3 28.1 44.0 27.9
0.733333 2 368.4 29.9 44.3 28.2
0.766667 2 369.8 32.0 44.4 28.0
0.800000 2 370.5 33.0 44.3 28.2
0.833333 2 371.8 35.2 44.3 28.0
0.866667 2 373.0 37.7 44.0 27.6
0.900000 2 373.7 38.7 44.0 27.6
0.933333 2 374.5 40.9 44.3 27.8
0.966667 2 375.2 42.1 43.9 27.5
1.000000 2 376.2 44.2 44.0 27.7
1.033333 2 377.4 46.5 43.7 27.6
1.066667 2 378.5 48.7 43.8 27.5
1.100000 2 379.0 49.7 44.0 27.5
1.133333 2 380.4 52.1 43.7 27.2
1.166667 2 381.5 53.4 44.0 27.8
1.200000 2 382.5 55.3 44.1 27.9
1.233333 2 383.6 57.1 44.4 28.2
1.266667 2 384.4 58.0 44.2 27.8
1.300000 2 385.6 59.8 44.3 27.8
1.333333 2 387.6 62.0 44.5 28.2
1.366667 2 389.4 63.9 43.7 27.3
1.400000 2 389.8 64.3 44.3 27.9
1.433333 2 391.5 65.4 44.1 27.9
1.466667 2 393.2 66.9 43.9 27.4
1.500000 2 394.6 67.7 44.3 27.8
1.533333 2 395.4 67.8 44.4 28.1
1.566667 2 397.3 69.0 44.1 27.7
1.600000 2 399.2 69.9 43.9 27.4
1.633333 2 400.1 70.1 44.2 27.9
1.666667 2 402.7 71.0 44.6 28.1
1.700000 2 403.7 71.3 44.5 28.1
1.733333 2 405.7 72.0 44.5 28.0
1.766667 2 407.0 72.2 44.2 27.9
1.800000 2 409.1 73.1 44.2 27.8
1.833333 2 411.4 73.8 44.0 27.6
1.866667 2 412.3 73.8 44.5 28.1
1.900000 2 414.5 74.3 44.5 28.2
1.933333 2 416.7 75.1 44.5 28.1
1.966667 2 418.3 75.6 44.0 27.6
2.000000 2 420.3 75.9 44.4 28.0
2.033333 2 422.6 76.8 44.4 27.7
2.066667 2 425.2 77.5 44.1 27.7
2.100000 2 426.3 77.9 44.1 27.6
2.133333 2 428.6 78.5 44.5 27.9
2.166667 2 430.9 79.3 44.3 27.9
2.200000 2 432.3 80.0 43.9 27.3
2.233333 2 434.5 80.6 44.4 27.9
2.266667 2 437.0 81.5 44.2 27.7
2.300000 2 438.0 82.0 44.3 27.6
2.333333 2 440.2 82.9 44.5 27.9
2.366667 2 442.2 83.8 44.9 28.2
2.400000 2 444.5 84.8 44.8 28.1
2.433333 2 445.8 85.5 44.4 27.9
2.466667 2 448.2 86.7 44.1 27.6
2.500000 2 450.2 87.9 44.4 27.7
2.533333 2 451.1 88.0 44.6 28.3
2.566667 2 453.3 89.4 44.4 28.0
2.600000 2 455.4 90.4 44.6 28.1
2.633333 2 456.2 90.8 45.0 28.5
2.666667 2 458.3 92.0 44.8 28.4
2.700000 2 459.3 92.8 44.8 27.9
2.733333 2 461.3 93.8 44.8 28.0
2.766667 2 463.3 94.8 44.8 28.0
2.800000 2 465.3 95.8 44.8 27.9
2.833333 2 467.3 96.8 44.7 27.9
2.866667 2 468.3 97.0 44.8 28.4
2.900000 2 470.3 98.0 44.8 28.4
2.933333 2 472.2 98.9 44.7 28.3
2.966667 2 473.3 100.0 44.4 27.7
3.000000 2 475.3 101.0 44.4 27.6
3.033333 2 477.1 102.0 44.5 27.9
3.066667 2 477.8 102.7 44.5 27.9
3.100000 2 479.7 103.8 44.6 27.9
3.133333 2 481.3 104.8 45.0 28.3
3.166667 2 482.3 105.8 44.3 27.7
3.200000 2 484.0 106.9 44.6 27.9
3.233333 2 485.3 107.9 45.0 28.5
3.266667 2 487.2 109.8 44.2 27.5
3.300000 2 487.8 109.9 44.8 28.2
3.333333 2 489.3 111.6 44.4 27.8
3.366667 2 490.5 112.9 44.9 28.0
3.400000 2 491.4 113.5 44.5 27.9
3.433333 2 492.2 114.8 45.0 28.3
3.466667 2 493.5 116.0 44.9 28.3
3.500000 2 494.2 116.8 45.1 28.4
3.533333 2 495.3 118.0 44.9 28.5
3.566667 2 496.3 119.8 44.8 27.9
3.600000 2 497.2 120.8 45.1 28.6
3.633333 2 498.4 122.6 44.4 27.8
3.666667 2 498.7 123.2 44.7 28.2
3.700000 2 499.5 124.7 44.7 27.9
3.733333 2 499.8 125.4 44.5 27.9
3.766667 2 500.4 126.9 44.9 28.2
3.800000 2 501.3 128.5 44.4 27.9
3.833333 2 501.4 129.4 44.7 28.0
3.866667 2 502.0 131.2 44.5 28.0
3.900000 2 502.2 132.9 44.7 28.2
3.933333 2 502.5 134.9 44.8 28.3
3.966667 2 502.6 136.2 44.7 28.2
4.000000 2 503.2 138.9 44.4 27.8
4.033333 2 503.1 139.9 44.6 28.2
4.066667 2 503.2 143.0 44.7 28.4
4.100000 2 503.4 146.4 44.5 28.0
4.133333 2 503.3 150.1 44.7 28.3
4.166667 2 503.3 152.1 44.7 28.3
4.200000 2 503.3 156.6 44.3 27.8
4.233333 2 503.3 158.9 44.6 28.2
4.266667 2 503.4 164.1 43.9 27.4
4.300000 2 502.9 171.6 44.2 27.7
4.333333 2 502.2 176.9 44.7 28.3
4.366667 2 502.1 183.0 44.1 27.4
4.400000 2 501.6 188.9 44.2 27.6
4.433333 2 501.5 192.0 44.1 27.6
4.466667 2 500.8 198.1 44.3 27.6
4.500000 2 500.5 204.6 43.9 27.5
4.533333 2 499.8 207.8 44.3 27.7
4.566667 2 499.3 214.1 44.2 28.0
4.600000 2 498.6 220.9 44.2 27.5
4.633333 2 498.5 224.0 43.7 27.3
4.666667 2 497.4 230.0 44.3 28.0
4.700000 2 496.6 236.1 44.5 28.1
4.733333 2 496.3 239.2 44.1 28.0
4.766667 2 495.5 245.0 44.6 28.1
4.800000 2 494.8 250.8 44.4 27.7
4.833333 2 494.4 256.1 43.9 27.3
4.866667 2 493.7 260.8 44.2 27.5
4.900000 2 493.5 263.1 43.9 27.3
4.933333 2 492.7 266.8 44.4 27.8
4.966667 2 492.5 270.7 44.0 27.6
5.000000 2 492.2 272.2 44.2 27.9
5.033333 2 491.7 275.4 44.4 27.9
5.066667 2 491.3 277.9 44.7 28.3
5.100000 2 491.3 279.4 44.2 27.9
5.133333 2 491.2 281.2 44.4 28.1
5.166667 2 491.1 282.0 44.5 28.2
5.200000 2 491.2 283.1 44.5 28.2
5.233333 2 491.3 283.7 44.9 28.2
5.266667 2 492.0 284.0 44.5 28.2
5.300000 2 492.1 283.8 44.6 28.1
5.333333 2 493.1 283.8 44.2 27.6
5.366667 2 493.8 282.8 44.6 27.9
5.400000 2 494.1 282.0 44.8 28.5
5.433333 2 495.1 280.7 44.8 28.2
5.466667 2 495.6 279.9 44.9 28.3
5.500000 2 496.7 277.9 44.8 28.2
5.533333 2 498.0 275.9 44.7 28.3
5.566667 2 498.6 274.5 44.8 28.0
5.600000 2 499.7 272.0 44.8 28.4
5.633333 2 501.1 269.4 44.6 28.1
5.666667 2 502.1 265.7 45.3 28.7
5.700000 2 502.7 264.7 44.6 27.8
5.733333 2 504.0 260.9 44.7 28.2
5.766667 2 505.3 257.5 44.7 28.1
5.800000 2 505.5 255.6 44.8 27.9
5.833333 2 506.9 251.9 44.7 28.1
5.866667 2 507.4 249.8 45.1 28.3
5.900000 2 508.9 246.0 44.8 28.4
5.933333 2 510.0 241.7 44.9 28.6
5.966667 2 510.4 239.8 45.1 28.7
6.000000 2 511.6 235.7 45.0 28.5
6.033333 2 513.0 231.7 44.7 28.3
6.066667 2 513.5 229.5 44.7 28.2
6.100000 2 514.6 225.7 44.7 28.1
6.133333 2 515.7 221.4 44.6 28.1
6.166667 2 516.1 219.1 44.6 28.4
6.200000 2 517.0 214.8 44.6 28.3
6.233333 2 518.0 210.7 44.2 27.7
6.266667 2 518.3 208.8 44.3 27.9
6.300000 2 518.7 204.2 44.7 28.3
6.333333 2 519.3 200.0 44.8 28.5
6.366667 2 519.3 198.0 45.0 28.6
6.400000 2 520.1 194.3 44.4 28.1
6.433333 2 520.3 190.6 44.4 28.0
6.466667 2 520.2 186.7 45.0 28.7
6.500000 2 520.6 183.7 44.5 27.9
6.533333 2 520.5 180.2 44.7 28.3
6.566667 2 520.4 178.8 44.9 28.3
6.600000 2 520.3 175.7 44.9 28.5
6.633333 2 520.1 173.0 44.6 28.4
6.666667 2 520.1 172.0 44.4 27.9
6.700000 2 519.9 169.9 44.3 27.6
6.733333 2 519.3 167.2 44.6 28.3
6.766667 2 518.9 165.9 44.3 27.6
6.800000 2 518.1 163.9 44.6 28.4
6.833333 2 517.6 162.9 44.4 27.7
6.866667 2 516.7 162.0 44.7 28.2
6.900000 2 516.5 161.6 44.4 27.9
6.933333 2 515.4 161.0 44.9 28.4
6.966667 2 514.5 160.9 44.8 28.1
7.000000 2 514.3 160.8 44.4 27.9
7.033333 2 513.3 160.9 44.5 27.9
7.066667 2 512.2 161.0 44.2 27.6
7.100000 2 510.9 161.6 44.3 27.7
7.133333 2 510.4 162.0 43.9 27.3
7.166667 2 509.0 162.8 44.2 27.6
7.200000 2 508.2 163.1 44.2 27.7
7.233333 2 506.9 164.7 44.2 27.6
7.266667 2 505.3 166.0 44.3 27.9
7.300000 2 503.6 167.7 44.3 27.7
7.333333 2 502.7 168.9 44.5 27.8
7.366667 2 500.9 171.0 44.3 27.6
7.400000 2 499.4 174.1 44.0 27.4
7.433333 2 498.3 174.9 44.5 28.1
7.466667 2 496.4 178.5 44.4 27.9
7.500000 2 494.5 181.8 44.3 27.7
7.533333 2 493.5 183.7 44.3 27.7
7.566667 2 491.3 187.0 44.7 28.4
7.600000 2 489.4 190.9 44.2 27.7
7.633333 2 487.3 194.9 44.2 27.6
7.666667 2 485.2 198.9 44.2 27.6
7.700000 2 484.0 200.9 44.5 28.0
7.733333 2 481.6 204.9 44.8 28.4
7.766667 2 479.3 209.0 45.0 28.5
7.800000 2 478.3 211.7 44.7 28.0
7.833333 2 476.0 215.8 44.8 28.5
7.866667 2 473.9 220.9 44.6 28.0
7.900000 2 472.4 222.8 45.0 28.4
7.933333 2 470.2 227.7 44.9 28.3
7.966667 2 468.3 232.8 44.2 27.6
8.000000 2 465.6 237.0 44.8 28.4
8.033333 2 464.5 239.8 44.7 27.8
8.066667 2 462.1 243.9 44.8 28.4
8.100000 2 460.0 249.0 44.4 27.6
8.133333 2 457.2 252.9 45.0 28.5
8.166667 2 456.1 254.9 44.7 28.4
8.200000 2 454.1 259.3 44.4 28.0
8.233333 2 451.5 263.1 44.8 28.2
8.266667 2 449.2 267.0 44.5 28.1
8.300000 2 446.9 271.1 44.6 28.1
8.333333 2 445.6 273.0 44.7 27.9
8.366667 2 443.3 276.9 44.5 28.0
8.400000 2 441.0 281.0 44.3 27.6
8.433333 2 438.2 283.9 44.9 28.4
8.466667 2 437.3 286.3 44.5 28.1
8.500000 2 434.7 289.8 44.5 27.8
8.533333 2 432.4 293.7 44.1 27.6
8.566667 2 429.6 297.5 44.6 27.8
8.600000 2 427.1 300.9 44.6 28.0
8.633333 2 424.8 304.7 44.5 27.7
8.666667 2 423.1 306.1 44.9 28.5
8.700000 2 420.6 309.9 44.8 28.0
8.733333 2 418.0 312.8 45.0 28.6
8.766667 2 416.5 314.6 44.8 27.9
8.800000 2 414.2 317.8 44.6 27.9
8.833333 2 411.2 319.7 45.4 28.8
8.866667 2 408.9 322.7 45.1 28.6
8.900000 2 407.8 323.9 45.1 28.7
8.933333 2 405.2 326.6 45.3 28.4
8.966667 2 403.2 329.5 45.0 28.2
9.000000 2 402.2 330.5 44.9 28.2
9.033333 2 400.2 333.5 44.9 28.1
9.066667 2 398.0 335.7 45.0 28.2
9.100000 2 397.3 337.3 44.9 28.3
9.133333 2 395.3 339.7 44.8 27.9
9.166667 2 393.1 341.7 45.4 28.7
9.200000 2 391.8 344.6 44.7 27.9
9.233333 2 391.1 345.6 44.6 27.9
9.266667 2 388.8 348.7 45.1 28.4
9.300000 2 388.0 349.6 45.2 28.5
9.333333 2 387.1 351.6 44.9 28.2
9.366667 2 386.0 353.1 45.1 28.6
9.400000 2 385.0 354.3 45.3 28.5
9.433333 2 384.4 355.4 45.2 28.4
9.466667 2 384.0 356.3 45.4 28.6
9.500000 2 384.0 356.4 45.5 28.6
9.533333 2 383.8 356.5 45.8 29.2
9.566667 2 384.4 356.5 45.5 28.7
9.600000 2 384.7 356.4 45.9 29.3
9.633333 2 385.7 356.5 45.2 28.4
9.666667 2 386.8 356.7 45.0 28.2
9.700000 2 387.2 356.1 45.3 28.5
9.733333 2 389.3 355.7 45.2 28.3
9.766667 2 390.0 355.8 45.4 28.7
9.800000 2 391.8 355.4 44.8 28.1
9.833333 2 392.5 355.5 45.1 28.2
9.866667 2 394.2 354.9 45.2 28.4
9.900000 2 396.0 355.5 44.8 28.0
9.933333 2 396.6 355.3 45.0 28.1
9.966667 2 398.0 355.3 45.6 28.9
10.000000 2 400.0 356.0 45.0 28.0
