0.000000 2 318.0 280.0 29.0 20.0
0.033333 2 316.3 277.4 33.9 24.2
0.066667 2 317.5 277.9 31.8 22.4
0.100000 2 317.9 277.1 32.6 23.0
0.133333 2 320.9 277.7 27.5 20.1
0.166667 2 320.4 277.4 29.3 20.5
0.200000 2 321.4 276.5 28.5 21.2
0.233333 2 321.2 276.1 30.5 21.2
0.266667 2 321.9 275.9 29.3 21.4
0.300000 2 322.8 275.7 29.3 20.3
0.333333 2 323.1 275.2 30.2 20.9
0.366667 2 323.4 274.5 30.2 22.2
0.400000 2 323.2 273.9 32.2 22.8
0.433333 2 325.2 274.7 29.8 20.7
0.466667 2 325.9 274.5 29.1 20.4
0.500000 2 325.9 274.0 30.7 21.5
0.533333 2 326.8 273.1 29.6 22.8
0.566667 2 326.8 273.0 31.3 22.9
0.600000 2 328.2 273.3 29.3 21.9
0.633333 2 330.5 274.3 26.4 19.4
0.666667 2 330.4 274.1 28.1 19.7
0.700000 2 330.9 273.7 29.2 20.2
0.733333 2 330.6 272.0 31.7 23.1
0.766667 2 332.3 272.5 29.0 22.1
0.800000 2 332.0 271.6 32.1 23.5
0.833333 2 333.7 272.0 31.3 22.4
0.866667 2 336.4 273.2 26.9 19.6
0.900000 2 336.3 272.4 29.7 20.6
0.933333 2 338.1 271.9 28.8 21.4
0.966667 2 336.8 270.4 33.1 24.1
1.000000 2 340.5 271.5 28.2 21.3
1.033333 2 341.7 272.0 27.6 19.9
1.066667 2 342.1 271.3 30.0 20.9
1.100000 2 344.1 270.2 29.4 22.5
1.133333 2 346.3 270.3 28.6 21.8
1.166667 2 347.4 270.5 30.0 20.8
1.200000 2 349.3 270.8 28.4 20.2
1.233333 2 350.3 269.7 30.2 21.8
1.266667 2 349.7 268.2 32.9 24.3
1.300000 2 352.7 269.0 30.7 22.3
1.333333 2 354.1 269.4 30.1 21.3
1.366667 2 356.7 268.4 30.9 22.5
1.400000 2 357.9 268.4 30.9 22.5
1.433333 2 359.0 267.1 32.6 24.6
1.466667 2 363.9 268.6 27.3 21.0
1.500000 2 366.2 268.8 27.0 20.5
1.533333 2 365.8 268.2 30.8 21.8
1.566667 2 369.7 268.8 27.6 20.1
1.600000 2 372.2 268.5 27.2 20.4
1.633333 2 372.1 268.0 30.1 21.4
1.666667 2 375.3 267.2 28.5 22.7
1.700000 2 376.2 267.1 29.3 22.9
1.733333 2 377.8 266.8 31.1 23.5
1.766667 2 380.2 266.3 31.6 24.4
1.800000 2 380.8 266.2 32.7 24.6
1.833333 2 385.1 266.6 29.2 23.7
1.866667 2 385.4 266.4 31.2 23.8
1.900000 2 389.2 266.6 29.1 23.5
1.933333 2 391.6 266.5 29.8 23.7
1.966667 2 392.5 266.4 31.1 23.9
2.000000 2 396.3 266.6 28.7 23.3
2.033333 2 396.7 266.4 31.2 23.9
2.066667 2 399.5 266.4 31.1 23.8
2.100000 2 401.7 266.5 29.4 23.5
2.133333 2 406.5 266.7 28.3 23.2
2.166667 2 408.2 267.4 28.5 22.3
2.200000 2 411.1 267.4 28.7 22.3
2.233333 2 414.3 267.5 28.2 22.2
2.266667 2 416.4 267.9 27.0 21.4
2.300000 2 420.0 268.7 25.7 19.9
2.333333 2 423.4 269.3 25.1 19.1
2.366667 2 425.9 269.5 23.5 18.6
2.400000 2 428.3 269.1 24.8 20.0
2.433333 2 429.3 268.9 26.2 20.5
2.466667 2 432.0 268.3 27.0 21.8
2.500000 2 431.9 267.4 30.7 24.1
2.533333 2 437.2 269.6 26.3 20.2
2.566667 2 438.5 269.6 27.1 20.2
2.600000 2 442.2 270.1 26.3 19.8
2.633333 2 444.7 269.0 27.6 22.4
2.666667 2 445.0 268.8 30.1 23.4
2.700000 2 449.9 271.2 26.3 19.1
2.733333 2 451.9 270.5 28.5 21.4
2.766667 2 453.4 269.6 28.3 23.3
2.800000 2 457.5 271.8 25.8 19.9
2.833333 2 460.0 271.6 26.8 20.8
2.866667 2 462.4 272.0 27.2 21.3
2.900000 2 464.2 273.2 26.3 19.2
2.933333 2 465.2 271.1 28.6 24.5
2.966667 2 468.9 273.6 25.7 20.6
3.000000 2 469.6 272.8 28.5 23.5
3.033333 2 470.8 273.2 28.2 22.6
3.066667 2 472.1 273.4 28.7 24.0
3.100000 2 473.4 274.5 28.9 24.0
3.133333 2 474.6 276.5 28.9 22.0
3.166667 2 476.4 277.7 26.1 20.4
3.200000 2 476.6 279.1 27.4 19.8
3.233333 2 476.4 278.4 28.5 24.0
3.266667 2 477.6 280.7 26.7 20.3
3.300000 2 477.3 281.8 27.4 20.5
3.333333 2 476.2 281.7 29.3 23.5
3.366667 2 476.3 282.4 28.6 24.0
3.400000 2 476.9 284.2 27.2 21.7
3.433333 2 475.2 284.1 29.0 24.5
3.466667 2 475.5 286.9 27.6 20.4
3.500000 2 474.2 287.1 28.5 22.3
3.533333 2 474.7 288.7 26.4 20.3
3.566667 2 473.2 289.1 26.9 22.1
3.600000 2 470.8 290.9 29.0 21.3
3.633333 2 470.9 290.9 27.6 22.7
3.666667 2 468.5 292.7 29.5 21.6
3.700000 2 468.1 293.9 28.4 20.5
3.733333 2 466.4 294.2 28.1 22.7
3.766667 2 466.6 295.8 26.0 20.6
3.800000 2 463.7 296.0 27.9 22.8
3.833333 2 464.2 298.2 24.9 19.3
3.866667 2 460.4 298.7 28.0 21.0
3.900000 2 458.5 300.6 27.9 19.9
3.933333 2 456.1 301.9 28.0 19.5
3.966667 2 455.2 303.5 25.0 19.0
4.000000 2 452.8 303.1 27.4 20.8
4.033333 2 449.1 303.6 30.2 21.7
4.066667 2 449.7 305.5 26.9 18.6
4.100000 2 447.7 306.7 25.5 18.4
4.133333 2 444.1 306.3 28.2 19.7
4.166667 2 442.9 305.6 27.8 21.6
4.200000 2 442.0 306.9 25.3 19.4
4.233333 2 440.2 307.2 26.4 19.0
4.266667 2 438.4 307.5 24.9 18.5
4.300000 2 437.3 307.6 25.0 18.4
4.333333 2 435.0 307.1 25.3 19.2
4.366667 2 430.5 305.8 29.6 21.5
4.400000 2 430.1 305.7 28.5 21.0
4.433333 2 429.0 306.2 26.1 19.1
4.466667 2 427.9 305.4 25.6 20.3
4.500000 2 426.7 305.3 24.2 18.8
4.533333 2 425.1 304.6 25.7 20.0
4.566667 2 424.1 304.7 23.4 18.1
4.600000 2 422.0 303.2 25.8 20.7
4.633333 2 420.8 303.1 23.9 19.1
4.666667 2 418.6 301.9 26.7 20.8
4.700000 2 416.3 301.3 27.4 20.5
4.733333 2 414.6 301.2 27.2 19.2
4.766667 2 412.7 299.6 29.2 21.5
4.800000 2 413.0 299.8 25.1 19.4
4.833333 2 412.2 299.6 24.5 18.8
4.866667 2 409.8 297.9 25.9 20.8
4.900000 2 406.9 296.7 28.9 21.4
4.933333 2 407.4 297.4 24.2 18.3
4.966667 2 406.8 296.9 23.8 18.3
5.000000 2 403.8 295.8 26.7 18.5
5.033333 2 402.9 294.0 25.5 20.4
5.066667 2 400.6 293.4 26.8 19.7
5.100000 2 400.7 293.6 23.6 16.9
5.133333 2 398.8 292.2 24.5 17.0
5.166667 2 398.0 290.9 25.0 18.7
5.200000 2 397.2 290.7 23.4 16.6
5.233333 2 394.3 288.7 27.7 19.3
5.266667 2 395.1 288.6 23.6 16.9
5.300000 2 394.1 287.8 22.8 16.0
5.333333 2 393.2 286.6 23.0 16.8
5.366667 2 392.1 285.8 22.9 16.0
5.400000 2 390.6 284.1 24.3 18.3
5.433333 2 390.6 283.9 22.1 15.9
5.466667 2 388.5 282.3 24.5 18.3
5.500000 2 388.0 281.4 23.4 17.4
5.533333 2 386.4 280.9 25.2 17.4
5.566667 2 385.0 278.8 25.6 19.1
5.600000 2 382.1 276.6 30.4 22.2
5.633333 2 382.4 277.0 27.2 19.0
5.666667 2 380.6 275.3 29.5 21.4
5.700000 2 379.7 274.1 29.4 21.2
5.733333 2 381.3 275.0 25.0 18.3
5.766667 2 380.6 274.3 24.0 17.1
5.800000 2 377.6 272.3 29.2 20.4
5.833333 2 376.6 270.7 29.2 20.8
5.866667 2 375.5 269.1 29.5 21.4
5.900000 2 376.3 269.9 26.3 18.3
5.933333 2 375.0 268.3 26.8 19.0
5.966667 2 373.7 266.9 27.4 19.0
6.000000 2 372.4 265.2 28.0 19.8
6.033333 2 372.7 264.5 26.3 19.5
6.066667 2 372.3 264.1 25.3 18.1
6.100000 2 370.0 262.3 28.7 20.1
6.133333 2 369.3 261.2 28.3 19.9
6.166667 2 369.6 260.7 26.5 19.6
6.200000 2 369.6 260.3 24.6 17.4
6.233333 2 367.4 257.7 27.0 19.6
6.266667 2 367.7 257.8 25.6 17.8
6.300000 2 366.2 256.0 26.7 19.0
6.333333 2 366.1 255.1 24.9 17.2
6.366667 2 364.4 252.8 26.2 18.9
6.400000 2 362.3 250.9 30.0 21.4
6.433333 2 363.2 250.4 26.7 18.9
6.466667 2 362.4 248.9 26.3 18.7
6.500000 2 360.4 247.0 29.8 21.0
6.533333 2 359.4 244.8 29.9 21.9
6.566667 2 359.7 244.7 27.5 19.1
6.600000 2 358.9 243.5 28.4 19.7
6.633333 2 357.5 240.9 29.6 21.3
6.666667 2 359.0 241.6 26.0 18.4
6.700000 2 357.9 240.0 26.1 18.4
6.733333 2 358.1 239.4 25.4 18.1
6.766667 2 357.8 238.4 23.9 16.6
6.800000 2 356.4 235.4 24.8 17.3
6.833333 2 353.7 232.3 29.4 21.6
6.866667 2 354.2 231.6 26.8 19.3
6.900000 2 353.9 230.5 27.3 19.7
6.933333 2 352.0 228.7 30.4 21.4
6.966667 2 352.6 227.5 27.7 19.6
7.000000 2 353.0 225.9 25.8 18.3
7.033333 2 353.1 225.2 25.1 17.7
7.066667 2 350.1 220.4 30.2 22.8
7.100000 2 350.1 219.3 28.7 20.1
7.133333 2 348.5 216.1 31.8 23.9
7.166667 2 351.1 216.5 25.3 18.1
7.200000 2 349.2 214.1 28.6 20.2
7.233333 2 347.2 209.8 32.1 23.5
7.266667 2 349.9 210.8 25.9 18.5
7.300000 2 350.4 208.4 24.5 17.1
7.333333 2 349.7 206.3 25.8 18.3
7.366667 2 347.0 201.7 30.4 21.8
7.400000 2 347.8 198.9 28.6 20.4
7.433333 2 347.5 197.4 29.1 20.2
7.466667 2 348.8 195.2 26.1 18.5
7.500000 2 348.6 192.5 25.9 17.9
7.533333 2 348.7 190.4 25.7 18.7
7.566667 2 348.9 187.5 25.5 18.5
7.600000 2 348.9 186.4 25.4 17.6
7.633333 2 348.6 182.4 26.0 19.0
7.666667 2 348.2 178.9 26.7 19.5
7.700000 2 347.6 177.2 27.7 19.9
7.733333 2 346.2 172.5 30.2 22.8
7.766667 2 346.5 171.8 29.4 21.2
7.800000 2 346.6 168.8 29.4 21.0
7.833333 2 346.7 165.9 29.1 20.8
7.866667 2 346.4 163.6 29.7 22.5
7.900000 2 346.8 161.1 28.7 21.6
7.933333 2 347.2 160.6 27.8 19.6
7.966667 2 347.0 157.4 28.2 21.0
8.000000 2 347.1 156.4 28.0 20.4
8.033333 2 348.3 155.5 25.5 17.6
8.066667 2 348.5 152.8 24.8 17.6
8.100000 2 348.5 150.6 24.8 17.6
8.133333 2 349.1 149.9 23.4 16.3
8.166667 2 348.6 147.8 23.9 16.6
8.200000 2 347.8 145.2 25.5 17.8
8.233333 2 345.2 141.4 30.3 21.9
8.266667 2 345.9 140.3 28.3 21.0
8.300000 2 346.7 140.1 26.6 19.2
8.333333 2 348.0 139.6 23.5 16.5
8.366667 2 347.8 138.8 23.9 16.7
8.400000 2 345.7 135.6 27.6 20.0
8.433333 2 343.8 132.6 31.0 23.0
8.466667 2 344.2 132.7 30.0 21.4
8.500000 2 347.0 133.6 23.3 16.4
8.533333 2 344.5 130.8 27.9 19.3
8.566667 2 342.4 127.6 31.8 24.5
8.600000 2 344.8 129.2 26.3 18.6
8.633333 2 345.9 129.6 23.7 16.6
8.666667 2 342.3 125.4 30.1 22.6
8.700000 2 342.8 125.6 28.6 20.9
8.733333 2 344.1 126.0 24.8 17.7
8.766667 2 342.0 124.0 28.9 20.6
8.800000 2 343.9 124.7 23.9 16.6
8.833333 2 340.7 120.8 29.4 22.1
8.866667 2 340.4 120.5 29.6 21.5
8.900000 2 342.7 121.4 23.9 17.0
8.933333 2 340.8 119.7 27.3 19.2
8.966667 2 342.5 119.9 22.5 15.8
9.000000 2 338.9 115.9 28.9 21.5
9.033333 2 341.4 117.1 22.6 15.9
9.066667 2 341.1 116.1 23.0 16.0
9.100000 2 338.2 112.4 27.8 20.8
9.133333 2 338.4 111.8 26.2 18.8
9.166667 2 338.9 111.1 23.7 16.7
9.200000 2 335.8 106.8 29.1 22.2
9.233333 2 337.4 107.7 25.1 18.4
9.266667 2 335.2 104.6 28.5 21.2
9.300000 2 336.2 105.2 25.6 18.2
9.333333 2 334.0 101.9 28.4 20.9
9.366667 2 333.6 99.6 27.7 20.9
9.400000 2 332.6 97.2 27.6 21.5
9.433333 2 334.9 98.6 21.8 16.3
9.466667 2 333.1 95.7 23.6 17.1
9.500000 2 331.2 91.8 25.7 19.6
9.533333 2 328.2 86.9 29.9 23.7
9.566667 2 331.5 89.2 22.4 15.9
9.600000 2 330.3 85.4 22.8 17.0
9.633333 2 329.6 82.4 22.3 16.0
9.666667 2 325.1 76.7 30.5 24.1
9.700000 2 324.6 73.4 29.6 23.1
9.733333 2 326.6 74.1 24.7 18.2
9.766667 2 325.9 70.5 24.1 17.6
9.800000 2 322.3 65.8 30.1 23.1
9.833333 2 321.5 61.6 29.8 23.2
9.866667 2 323.8 62.0 24.3 18.2
9.900000 2 323.0 57.6 23.8 18.4
9.933333 2 321.9 53.5 23.8 17.9
9.966667 2 318.3 48.3 30.2 23.7
10.000000 2 317.5 43.7 29.9 23.7
10.033333 2 316.4 38.8 30.1 24.1
10.066667 2 319.2 39.7 23.3 17.5
