0.000000 2 384.0 224.0 27.0 23.0
0.033333 2 384.7 224.3 26.8 23.3
0.066667 2 385.3 224.7 26.7 23.7
0.100000 2 386.0 225.0 26.5 24.0
0.133333 2 386.7 225.3 26.3 24.3
0.166667 2 387.3 225.7 26.2 24.7
0.200000 2 388.0 226.0 26.0 25.0
0.233333 2 388.3 226.7 26.1 24.8
0.266667 2 388.5 227.3 26.2 24.6
0.300000 2 388.8 228.0 26.3 24.3
0.333333 2 389.0 228.7 26.4 24.1
0.366667 2 389.3 229.3 26.6 23.9
0.400000 2 389.5 230.0 26.7 23.7
0.433333 2 389.8 230.7 26.8 23.4
0.466667 2 390.0 231.3 26.9 23.2
0.500000 2 390.3 232.0 27.0 23.0
0.533333 2 390.4 232.4 27.1 23.2
0.566667 2 390.5 232.8 27.1 23.4
0.600000 2 390.6 233.1 27.2 23.6
0.633333 2 390.7 233.5 27.2 23.7
0.666667 2 390.8 233.9 27.3 23.9
0.700000 2 390.9 234.3 27.4 24.1
0.733333 2 391.0 234.6 27.4 24.3
0.766667 2 391.1 235.0 27.5 24.5
0.800000 2 391.2 235.4 27.6 24.7
0.833333 2 391.3 235.8 27.6 24.9
0.866667 2 391.5 236.1 27.7 25.1
0.900000 2 391.6 236.5 27.7 25.2
0.933333 2 391.7 236.9 27.8 25.4
0.966667 2 391.8 237.3 27.9 25.6
1.000000 2 391.9 237.6 27.9 25.8
1.033333 2 392.0 238.0 28.0 26.0
1.066667 2 391.8 238.0 28.2 26.1
1.100000 2 391.5 238.0 28.5 26.2
1.133333 2 391.3 238.0 28.7 26.2
1.166667 2 391.1 238.0 28.9 26.3
1.200000 2 390.8 238.0 29.2 26.4
1.233333 2 390.6 238.0 29.4 26.5
1.266667 2 390.4 238.0 29.6 26.5
1.300000 2 390.2 238.0 29.8 26.6
1.333333 2 389.9 238.0 30.1 26.7
1.366667 2 389.7 238.0 30.3 26.8
1.400000 2 389.5 238.0 30.5 26.8
1.433333 2 389.2 238.0 30.8 26.9
1.466667 2 389.0 238.0 31.0 27.0
1.500000 2 388.6 238.0 31.1 26.8
1.533333 2 388.1 238.0 31.2 26.6
1.566667 2 387.7 238.0 31.3 26.3
1.600000 2 387.2 238.0 31.4 26.1
1.633333 2 386.8 238.0 31.6 25.9
1.666667 2 386.3 238.0 31.7 25.7
1.700000 2 385.9 238.0 31.8 25.4
1.733333 2 385.4 238.0 31.9 25.2
1.766667 2 385.0 238.0 32.0 25.0
1.800000 2 385.3 237.6 31.1 24.9
1.833333 2 385.7 237.1 30.2 24.8
1.866667 2 386.0 236.7 29.3 24.7
1.900000 2 386.3 236.2 28.4 24.6
1.933333 2 386.7 235.8 27.6 24.4
1.966667 2 387.0 235.3 26.7 24.3
2.000000 2 387.3 234.9 25.8 24.2
2.033333 2 387.7 234.4 24.9 24.1
2.066667 2 388.0 234.0 24.0 24.0
2.100000 2 387.6 233.6 24.7 24.2
2.133333 2 387.2 233.2 25.4 24.4
2.166667 2 386.8 232.8 26.1 24.6
2.200000 2 386.4 232.4 26.8 24.8
2.233333 2 386.0 232.0 27.5 25.0
2.266667 2 385.6 231.6 28.2 25.2
2.300000 2 385.2 231.2 28.9 25.4
2.333333 2 384.8 230.8 29.6 25.6
2.366667 2 384.4 230.4 30.3 25.8
2.400000 2 384.0 230.0 31.0 26.0
2.433333 2 384.5 229.5 30.6 25.9
2.466667 2 385.1 229.1 30.3 25.8
2.500000 2 385.6 228.6 29.9 25.7
2.533333 2 386.2 228.2 29.5 25.6
2.566667 2 386.7 227.7 29.2 25.5
2.600000 2 387.3 227.3 28.8 25.5
2.633333 2 387.8 226.8 28.5 25.4
2.666667 2 388.4 226.4 28.1 25.3
2.700000 2 388.9 225.9 27.7 25.2
2.733333 2 389.5 225.5 27.4 25.1
2.766667 2 390.0 225.0 27.0 25.0
2.800000 2 389.9 224.6 27.2 24.9
2.833333 2 389.9 224.3 27.4 24.9
2.866667 2 389.8 223.9 27.6 24.8
2.900000 2 389.7 223.6 27.9 24.7
2.933333 2 389.6 223.2 28.1 24.6
2.966667 2 389.6 222.9 28.3 24.6
3.000000 2 389.5 222.5 28.5 24.5
3.033333 2 389.4 222.1 28.7 24.4
3.066667 2 389.4 221.8 28.9 24.4
3.100000 2 389.3 221.4 29.1 24.3
3.133333 2 389.2 221.1 29.4 24.2
3.166667 2 389.1 220.7 29.6 24.1
3.200000 2 389.1 220.4 29.8 24.1
3.233333 2 389.0 220.0 30.0 24.0
3.266667 2 389.2 219.7 29.9 24.0
3.300000 2 389.4 219.5 29.8 24.0
3.333333 2 389.5 219.2 29.7 24.0
3.366667 2 389.7 218.9 29.6 24.0
3.400000 2 389.9 218.6 29.5 24.0
3.433333 2 390.1 218.4 29.5 24.0
3.466667 2 390.3 218.1 29.4 24.0
3.500000 2 390.5 217.8 29.3 24.0
3.533333 2 390.6 217.5 29.2 24.0
3.566667 2 390.8 217.3 29.1 24.0
3.600000 2 391.0 217.0 29.0 24.0
3.633333 2 390.9 216.7 28.6 23.7
3.666667 2 390.8 216.4 28.2 23.4
3.700000 2 390.7 216.1 27.8 23.1
3.733333 2 390.6 215.8 27.4 22.8
3.766667 2 390.5 215.5 27.0 22.5
3.800000 2 390.4 215.2 26.6 22.2
3.833333 2 390.3 214.9 26.2 21.9
3.866667 2 390.2 214.6 25.8 21.6
3.900000 2 390.1 214.3 25.4 21.3
3.933333 2 390.0 214.0 25.0 21.0
3.966667 2 389.7 213.6 25.1 21.1
4.000000 2 389.3 213.1 25.2 21.2
4.033333 2 389.0 212.7 25.3 21.3
4.066667 2 388.7 212.2 25.4 21.4
4.100000 2 388.3 211.8 25.6 21.6
4.133333 2 388.0 211.3 25.7 21.7
4.166667 2 387.7 210.9 25.8 21.8
4.200000 2 387.3 210.4 25.9 21.9
4.233333 2 387.0 210.0 26.0 22.0
4.266667 2 386.5 209.5 26.5 22.1
4.300000 2 385.9 208.9 26.9 22.3
4.333333 2 385.4 208.4 27.4 22.4
4.366667 2 384.9 207.9 27.9 22.5
4.400000 2 384.3 207.3 28.3 22.7
4.433333 2 383.8 206.8 28.8 22.8
4.466667 2 383.3 206.3 29.3 22.9
4.500000 2 382.7 205.7 29.7 23.1
4.533333 2 382.2 205.2 30.2 23.2
4.566667 2 381.7 204.7 30.7 23.3
4.600000 2 381.1 204.1 31.1 23.5
4.633333 2 380.6 203.6 31.6 23.6
4.666667 2 380.1 203.1 32.1 23.7
4.700000 2 379.5 202.5 32.5 23.9
4.733333 2 379.0 202.0 33.0 24.0
4.766667 2 378.8 202.1 32.5 23.9
4.800000 2 378.5 202.1 31.9 23.9
4.833333 2 378.3 202.2 31.4 23.8
4.866667 2 378.1 202.2 30.9 23.8
4.900000 2 377.8 202.3 30.4 23.7
4.933333 2 377.6 202.4 29.8 23.6
4.966667 2 377.4 202.4 29.3 23.6
5.000000 2 377.1 202.5 28.8 23.5
5.033333 2 376.9 202.5 28.2 23.5
5.066667 2 376.6 202.6 27.7 23.4
5.100000 2 376.4 202.6 27.2 23.4
5.133333 2 376.2 202.7 26.6 23.3
5.166667 2 375.9 202.8 26.1 23.2
5.200000 2 375.7 202.8 25.6 23.2
5.233333 2 375.5 202.9 25.1 23.1
5.266667 2 375.2 202.9 24.5 23.1
5.300000 2 375.0 203.0 24.0 23.0
5.333333 2 374.5 203.0 24.2 23.3
5.366667 2 374.1 203.0 24.3 23.6
5.400000 2 373.6 203.0 24.5 23.9
5.433333 2 373.2 203.0 24.6 24.2
5.466667 2 372.7 203.0 24.8 24.5
5.500000 2 372.2 203.0 24.9 24.8
5.533333 2 371.8 203.0 25.1 25.2
5.566667 2 371.3 203.0 25.2 25.5
5.600000 2 370.8 203.0 25.4 25.8
5.633333 2 370.4 203.0 25.5 26.1
5.666667 2 369.9 203.0 25.7 26.4
5.700000 2 369.5 203.0 25.8 26.7
5.733333 2 369.0 203.0 26.0 27.0
5.766667 2 369.3 203.3 25.9 26.8
5.800000 2 369.5 203.7 25.9 26.6
5.833333 2 369.8 204.0 25.8 26.4
5.866667 2 370.1 204.3 25.7 26.2
5.900000 2 370.3 204.7 25.7 26.0
5.933333 2 370.6 205.0 25.6 25.8
5.966667 2 370.9 205.3 25.5 25.6
6.000000 2 371.1 205.7 25.5 25.4
6.033333 2 371.4 206.0 25.4 25.2
6.066667 2 371.7 206.3 25.3 25.0
6.100000 2 371.9 206.7 25.3 24.8
6.133333 2 372.2 207.0 25.2 24.6
6.166667 2 372.5 207.3 25.1 24.4
6.200000 2 372.7 207.7 25.1 24.2
6.233333 2 373.0 208.0 25.0 24.0
6.266667 2 373.2 208.4 25.0 23.8
6.300000 2 373.5 208.8 25.0 23.5
6.333333 2 373.7 209.2 25.0 23.3
6.366667 2 373.9 209.5 25.0 23.1
6.400000 2 374.2 209.9 25.0 22.8
6.433333 2 374.4 210.3 25.0 22.6
6.466667 2 374.6 210.7 25.0 22.4
6.500000 2 374.8 211.1 25.0 22.2
6.533333 2 375.1 211.5 25.0 21.9
6.566667 2 375.3 211.8 25.0 21.7
6.600000 2 375.5 212.2 25.0 21.5
6.633333 2 375.8 212.6 25.0 21.2
6.666667 2 376.0 213.0 25.0 21.0
6.700000 2 376.1 213.3 25.2 21.4
6.733333 2 376.2 213.5 25.4 21.7
6.766667 2 376.3 213.8 25.5 22.1
6.800000 2 376.4 214.1 25.7 22.5
6.833333 2 376.5 214.4 25.9 22.8
6.866667 2 376.5 214.6 26.1 23.2
6.900000 2 376.6 214.9 26.3 23.5
6.933333 2 376.7 215.2 26.5 23.9
6.966667 2 376.8 215.5 26.6 24.3
7.000000 2 376.9 215.7 26.8 24.6
7.033333 2 377.0 216.0 27.0 25.0
7.066667 2 377.0 216.6 27.5 24.9
7.100000 2 377.0 217.2 28.0 24.8
7.133333 2 377.0 217.8 28.5 24.7
7.166667 2 377.0 218.4 29.0 24.6
7.200000 2 377.0 219.0 29.5 24.5
7.233333 2 377.0 219.6 30.0 24.4
7.266667 2 377.0 220.2 30.5 24.3
7.300000 2 377.0 220.8 31.0 24.2
7.333333 2 377.0 221.4 31.5 24.1
7.366667 2 377.0 222.0 32.0 24.0
7.400000 2 377.9 222.6 31.3 23.7
7.433333 2 378.8 223.2 30.6 23.4
7.466667 2 379.7 223.8 29.9 23.1
7.500000 2 380.6 224.4 29.2 22.8
7.533333 2 381.5 225.0 28.5 22.5
7.566667 2 382.4 225.6 27.8 22.2
7.600000 2 383.3 226.2 27.1 21.9
7.633333 2 384.2 226.8 26.4 21.6
7.666667 2 385.1 227.4 25.7 21.3
7.700000 2 386.0 228.0 25.0 21.0
7.733333 2 386.0 228.2 25.1 21.2
7.766667 2 386.0 228.5 25.2 21.3
7.800000 2 386.0 228.7 25.2 21.5
7.833333 2 386.0 228.9 25.3 21.6
7.866667 2 386.0 229.2 25.4 21.8
7.900000 2 386.0 229.4 25.5 21.9
7.933333 2 386.0 229.6 25.5 22.1
7.966667 2 386.0 229.8 25.6 22.2
8.000000 2 386.0 230.1 25.7 22.4
8.033333 2 386.0 230.3 25.8 22.5
8.066667 2 386.0 230.5 25.8 22.7
8.100000 2 386.0 230.8 25.9 22.8
8.133333 2 386.0 231.0 26.0 23.0
8.166667 2 386.2 231.7 26.1 23.2
8.200000 2 386.4 232.4 26.2 23.4
8.233333 2 386.6 233.1 26.3 23.6
8.266667 2 386.8 233.8 26.4 23.8
8.300000 2 387.0 234.5 26.5 24.0
8.333333 2 387.2 235.2 26.6 24.2
8.366667 2 387.4 235.9 26.7 24.4
8.400000 2 387.6 236.6 26.8 24.6
8.433333 2 387.8 237.3 26.9 24.8
8.466667 2 388.0 238.0 27.0 25.0
8.500000 2 388.5 238.6 26.5 24.7
8.533333 2 388.9 239.3 26.1 24.5
8.566667 2 389.4 239.9 25.6 24.2
8.600000 2 389.8 240.5 25.2 23.9
8.633333 2 390.3 241.2 24.7 23.6
8.666667 2 390.7 241.8 24.3 23.4
8.700000 2 391.2 242.5 23.8 23.1
8.733333 2 391.6 243.1 23.4 22.8
8.766667 2 392.1 243.7 22.9 22.5
8.800000 2 392.5 244.4 22.5 22.3
8.833333 2 393.0 245.0 22.0 22.0
8.866667 2 393.1 245.6 22.2 22.0
8.900000 2 393.2 246.2 22.3 22.0
8.933333 2 393.2 246.8 22.5 22.0
8.966667 2 393.3 247.5 22.6 22.0
9.000000 2 393.4 248.1 22.8 22.0
9.033333 2 393.5 248.7 22.9 22.0
9.066667 2 393.5 249.3 23.1 22.0
9.100000 2 393.6 249.9 23.2 22.0
9.133333 2 393.7 250.5 23.4 22.0
9.166667 2 393.8 251.2 23.5 22.0
9.200000 2 393.8 251.8 23.7 22.0
9.233333 2 393.9 252.4 23.8 22.0
9.266667 2 394.0 253.0 24.0 22.0
9.300000 2 394.0 253.4 24.2 21.8
9.333333 2 394.0 253.8 24.4 21.6
9.366667 2 394.0 254.2 24.6 21.4
9.400000 2 394.0 254.6 24.8 21.2
9.433333 2 394.0 255.0 25.0 21.0
9.466667 2 394.1 255.2 25.0 21.0
9.500000 2 394.1 255.4 25.0 21.0
9.533333 2 394.2 255.6 25.0 21.0
9.566667 2 394.3 255.8 25.0 21.0
9.600000 2 394.3 256.0 25.0 21.0
9.633333 2 394.4 256.2 25.0 21.0
9.666667 2 394.5 256.4 25.0 21.0
9.700000 2 394.5 256.6 25.0 21.0
9.733333 2 394.6 256.8 25.0 21.0
9.766667 2 394.7 257.0 25.0 21.0
9.800000 2 394.7 257.2 25.0 21.0
9.833333 2 394.8 257.4 25.0 21.0
9.866667 2 394.9 257.6 25.0 21.0
9.900000 2 394.9 257.8 25.0 21.0
9.933333 2 395.0 258.0 25.0 21.0
9.966667 2 395.2 258.0 25.0 20.8
10.000000 2 395.3 258.0 25.0 20.7
10.033333 2 395.5 258.0 25.0 20.5
10.066667 2 395.7 258.0 25.0 20.3
10.100000 2 395.8 258.0 25.0 20.2
10.133333 2 396.0 258.0 25.0 20.0
10.166667 2 396.2 258.0 25.0 19.8
10.200000 2 396.3 258.0 25.0 19.7
10.233333 2 396.5 258.0 25.0 19.5
10.266667 2 396.7 258.0 25.0 19.3
10.300000 2 396.8 258.0 25.0 19.2
10.333333 2 397.0 258.0 25.0 19.0
10.366667 2 397.2 258.0 25.0 18.8
10.400000 2 397.3 258.0 25.0 18.7
10.433333 2 397.5 258.0 25.0 18.5
10.466667 2 397.7 258.0 25.0 18.3
10.500000 2 397.8 258.0 25.0 18.2
10.533333 2 398.0 258.0 25.0 18.0
10.566667 2 397.9 257.5 25.1 18.0
10.600000 2 397.8 257.1 25.2 18.0
10.633333 2 397.7 256.6 25.3 18.0
10.666667 2 397.6 256.2 25.4 18.0
10.700000 2 397.5 255.7 25.5 18.0
10.733333 2 397.5 255.3 25.5 18.0
10.766667 2 397.4 254.8 25.6 18.0
10.800000 2 397.3 254.4 25.7 18.0
10.833333 2 397.2 253.9 25.8 18.0
10.866667 2 397.1 253.5 25.9 18.0
10.900000 2 397.0 253.0 26.0 18.0
