0.000000 2 396.1 229.8 39.8 35.5
0.033333 2 395.8 229.4 40.3 35.9
0.066667 2 395.9 229.4 40.1 35.7
0.100000 2 396.2 229.6 39.1 34.8
0.133333 2 396.3 229.7 38.9 34.6
0.166667 2 396.1 229.3 38.9 34.8
0.200000 2 395.7 228.9 39.7 35.4
0.233333 2 394.8 228.1 40.8 36.4
0.266667 2 394.8 228.0 40.8 36.5
0.300000 2 395.1 228.1 40.3 36.0
0.333333 2 395.1 228.5 39.4 35.1
0.366667 2 395.3 228.5 38.8 34.6
0.400000 2 394.7 227.9 39.6 35.3
0.433333 2 394.6 227.6 39.9 35.6
0.466667 2 393.9 227.2 40.6 36.2
0.500000 2 394.0 227.5 39.7 35.3
0.533333 2 393.9 227.6 39.6 35.3
0.566667 2 393.5 227.2 39.8 35.5
0.600000 2 393.1 227.2 39.8 35.6
0.633333 2 393.3 227.4 38.8 34.7
0.666667 2 392.7 227.2 39.4 35.2
0.700000 2 392.2 227.0 39.6 35.5
0.733333 2 392.0 226.9 39.5 35.3
0.766667 2 391.2 226.4 40.3 36.1
0.800000 2 391.0 226.7 39.7 35.5
0.833333 2 390.5 226.5 40.0 35.7
0.866667 2 389.8 226.3 40.3 36.0
0.900000 2 389.4 226.4 40.1 35.8
0.933333 2 388.9 226.6 39.7 35.3
0.966667 2 387.7 226.1 40.7 36.4
1.000000 2 387.1 226.2 40.5 36.2
1.033333 2 386.9 226.6 39.6 35.3
1.066667 2 385.7 226.1 40.6 36.3
1.100000 2 384.8 226.1 40.7 36.4
1.133333 2 383.8 226.2 40.7 36.4
1.166667 2 383.1 226.2 40.5 36.2
1.200000 2 381.8 226.2 40.8 36.5
1.233333 2 380.9 226.7 40.1 36.0
1.266667 2 380.4 227.6 38.8 34.5
1.300000 2 379.6 227.9 38.4 34.2
1.333333 2 377.8 227.7 39.3 35.0
1.366667 2 376.2 227.7 39.7 35.4
1.400000 2 375.6 228.4 38.5 34.2
1.433333 2 374.8 228.9 37.6 33.5
1.466667 2 373.2 228.9 38.2 34.0
1.500000 2 371.7 228.9 38.7 34.4
1.533333 2 370.7 229.3 38.4 34.0
1.566667 2 369.3 229.6 38.2 34.0
1.600000 2 368.2 229.9 37.8 33.7
1.633333 2 367.0 230.1 37.8 33.6
1.666667 2 365.5 230.2 38.1 33.8
1.700000 2 364.1 230.3 38.5 34.2
1.733333 2 363.9 231.2 37.1 32.8
1.766667 2 363.1 231.7 36.9 32.6
1.800000 2 361.8 231.7 37.5 33.1
1.833333 2 361.1 232.2 37.0 32.6
1.866667 2 360.1 232.1 38.1 33.7
1.900000 2 359.2 232.2 38.2 33.8
1.933333 2 359.4 233.4 36.8 32.4
1.966667 2 359.1 233.9 37.0 32.5
2.000000 2 357.9 233.3 38.2 33.8
2.033333 2 358.4 234.6 36.8 32.5
2.066667 2 358.0 234.6 37.2 32.8
2.100000 2 357.7 234.9 37.5 33.2
2.133333 2 357.9 235.3 37.1 32.9
2.166667 2 357.8 235.7 37.4 33.0
2.200000 2 358.1 236.1 36.9 32.5
2.233333 2 358.7 236.7 36.1 31.8
2.266667 2 358.1 236.1 38.2 33.9
2.300000 2 358.3 236.3 38.1 33.7
2.333333 2 359.2 237.0 37.9 33.6
2.366667 2 360.1 237.8 36.9 32.4
2.400000 2 360.2 237.6 38.0 33.4
2.433333 2 361.7 238.7 36.4 32.0
2.466667 2 362.5 239.2 36.2 31.7
2.500000 2 363.0 239.1 37.0 32.4
2.533333 2 364.8 240.3 35.6 30.9
2.566667 2 364.8 239.6 37.0 32.4
2.600000 2 366.6 240.8 35.9 31.2
2.633333 2 368.0 241.4 35.2 30.5
2.666667 2 368.8 241.1 36.7 32.0
2.700000 2 370.5 242.0 35.9 31.1
2.733333 2 372.2 242.6 35.4 30.7
2.766667 2 373.2 242.4 36.3 31.5
2.800000 2 375.1 243.2 35.6 30.9
2.833333 2 376.1 243.2 36.2 31.5
2.866667 2 377.5 243.0 37.3 32.5
2.900000 2 379.6 243.8 36.2 31.4
2.933333 2 381.2 243.9 36.5 31.8
2.966667 2 382.7 243.7 37.0 32.3
3.000000 2 384.4 244.0 36.2 31.5
3.033333 2 385.5 243.1 37.4 32.6
3.066667 2 387.1 243.1 36.6 31.9
3.100000 2 388.7 243.2 35.6 30.9
3.133333 2 390.0 242.8 35.3 30.6
3.166667 2 390.8 242.0 35.6 31.0
3.200000 2 391.0 241.0 36.5 31.8
3.233333 2 391.8 240.2 36.4 31.7
3.266667 2 392.0 240.2 36.2 31.5
3.300000 2 392.3 239.6 36.2 31.6
3.333333 2 392.6 239.4 35.6 31.0
3.366667 2 392.6 238.9 35.4 30.9
3.400000 2 392.8 238.4 34.8 30.3
3.433333 2 392.9 238.5 33.9 29.3
3.466667 2 392.7 237.6 33.8 29.2
3.500000 2 391.8 236.5 34.7 30.2
3.533333 2 391.9 236.4 33.6 29.1
3.566667 2 390.4 234.6 35.6 31.0
3.600000 2 389.7 234.0 35.3 30.7
3.633333 2 389.7 233.8 34.2 29.6
3.666667 2 388.7 232.4 35.2 30.7
3.700000 2 388.2 231.9 34.6 30.1
3.733333 2 387.3 231.0 35.1 30.5
3.766667 2 386.1 229.6 36.0 31.4
3.800000 2 385.8 229.2 35.4 30.7
3.833333 2 385.4 228.7 34.6 30.0
3.866667 2 384.3 227.6 35.4 30.7
3.900000 2 383.3 226.6 36.0 31.3
3.933333 2 383.0 226.3 35.1 30.4
3.966667 2 382.4 226.0 34.4 29.7
4.000000 2 381.4 224.6 35.6 30.9
4.033333 2 380.9 224.1 35.3 30.6
4.066667 2 380.7 223.8 34.6 30.0
4.100000 2 379.6 222.7 35.3 30.6
4.133333 2 378.8 222.0 35.4 30.7
4.166667 2 378.8 221.7 35.0 30.4
4.200000 2 378.2 221.1 34.9 30.2
4.233333 2 378.3 221.0 34.3 29.6
4.266667 2 377.6 220.3 34.4 29.7
4.300000 2 376.7 219.4 34.8 30.1
4.333333 2 376.7 219.4 34.0 29.3
4.366667 2 375.8 218.2 35.0 30.3
4.400000 2 375.6 218.1 34.0 29.3
4.433333 2 374.9 217.2 35.0 30.3
4.466667 2 374.9 217.1 34.0 29.3
4.500000 2 374.1 216.3 34.8 30.0
4.533333 2 374.1 216.1 34.3 29.5
4.566667 2 373.8 215.4 34.8 29.9
4.600000 2 373.3 214.8 34.9 30.2
4.633333 2 372.8 214.3 35.1 30.3
4.666667 2 372.7 213.9 35.2 30.4
4.700000 2 372.8 213.7 35.1 30.3
4.733333 2 372.5 213.0 35.4 30.5
4.766667 2 372.6 212.7 35.3 30.5
4.800000 2 372.7 212.4 35.1 30.4
4.833333 2 372.5 211.8 35.5 30.6
4.866667 2 372.6 211.5 35.3 30.6
4.900000 2 372.3 210.8 35.7 30.9
4.933333 2 372.3 210.3 35.7 31.0
4.966667 2 372.0 209.6 36.1 31.3
5.000000 2 372.0 209.2 35.9 31.2
5.033333 2 371.9 208.6 36.1 31.3
5.066667 2 371.9 208.2 35.8 31.2
5.100000 2 371.6 207.5 36.1 31.4
5.133333 2 371.4 207.4 35.8 31.1
5.166667 2 371.2 206.6 36.2 31.3
5.200000 2 370.7 206.2 36.1 31.5
5.233333 2 370.8 205.5 36.4 31.6
5.266667 2 370.8 205.2 36.0 31.4
5.300000 2 370.6 204.6 36.4 31.7
5.333333 2 370.1 204.3 36.0 31.2
5.366667 2 369.8 203.6 36.4 31.6
5.400000 2 369.7 203.2 36.1 31.4
5.433333 2 369.1 202.8 36.2 31.3
5.466667 2 368.7 202.3 36.2 31.5
5.500000 2 368.4 202.0 35.9 31.1
5.533333 2 367.6 201.3 36.2 31.5
5.566667 2 367.3 201.1 35.8 31.0
5.600000 2 366.7 200.3 36.2 31.6
5.633333 2 366.4 200.2 35.7 31.0
5.666667 2 365.6 199.3 35.9 31.3
5.700000 2 364.8 198.8 36.2 31.5
5.733333 2 364.6 198.4 36.1 31.4
5.766667 2 363.7 198.0 36.0 31.4
5.800000 2 362.7 197.3 36.3 31.6
5.833333 2 362.6 197.0 35.8 31.2
5.866667 2 361.6 196.4 36.0 31.3
5.900000 2 360.9 196.0 35.9 31.3
5.933333 2 360.2 195.5 35.9 31.1
5.966667 2 359.7 195.0 35.9 31.3
6.000000 2 359.0 194.3 35.9 31.2
6.033333 2 358.2 193.9 36.0 31.1
6.066667 2 357.7 193.6 35.5 30.8
6.100000 2 357.2 193.0 35.9 31.0
6.133333 2 356.7 192.6 35.4 30.7
6.166667 2 356.5 192.4 35.3 30.5
6.200000 2 355.6 191.6 35.9 31.1
6.233333 2 355.6 191.6 35.3 30.5
6.266667 2 355.1 190.8 36.0 31.1
6.300000 2 355.1 190.5 35.8 31.0
6.333333 2 355.3 190.3 35.4 30.7
6.366667 2 355.1 189.6 35.9 31.1
6.400000 2 355.3 189.4 35.4 30.7
6.433333 2 355.4 188.8 35.6 30.8
6.466667 2 355.8 188.5 35.0 30.3
6.500000 2 355.9 187.6 35.4 30.8
6.533333 2 356.0 186.7 35.6 30.9
6.566667 2 356.9 186.1 35.2 30.4
6.600000 2 357.1 185.3 35.1 30.3
6.633333 2 357.7 184.5 34.8 29.9
6.666667 2 357.9 183.6 34.7 29.8
6.700000 2 358.1 182.7 34.6 29.7
6.733333 2 358.5 181.5 35.0 30.1
6.766667 2 358.8 180.2 35.2 30.2
6.800000 2 359.2 179.0 35.3 30.4
6.833333 2 359.5 177.9 34.9 30.1
6.866667 2 359.9 176.9 34.6 29.6
6.900000 2 360.4 175.6 34.9 30.1
6.933333 2 360.6 174.3 35.2 30.2
6.966667 2 361.0 172.9 35.4 30.6
7.000000 2 361.4 171.8 35.2 30.3
7.033333 2 362.1 170.8 34.8 29.9
7.066667 2 362.1 169.4 35.1 30.2
7.100000 2 362.2 167.7 36.1 31.2
7.133333 2 362.3 166.7 36.1 31.1
7.166667 2 363.2 165.9 35.3 30.4
7.200000 2 363.3 164.7 35.7 30.7
7.233333 2 364.0 164.0 35.2 30.2
7.266667 2 363.9 163.0 35.4 30.4
7.300000 2 364.2 162.2 35.4 30.5
7.333333 2 364.7 161.5 35.2 30.3
7.366667 2 365.0 160.7 35.5 30.6
7.400000 2 365.1 160.0 35.6 30.6
7.433333 2 365.4 159.3 35.6 30.7
7.466667 2 365.6 158.8 35.7 30.6
7.500000 2 366.0 158.5 35.2 30.4
7.533333 2 365.9 157.8 35.7 30.8
7.566667 2 366.2 157.5 35.4 30.5
7.600000 2 366.1 156.6 36.3 31.3
7.633333 2 366.6 156.6 35.5 30.5
7.666667 2 367.0 156.6 35.1 30.1
7.700000 2 367.0 155.8 35.6 30.7
7.733333 2 367.2 155.7 35.3 30.4
7.766667 2 367.2 155.3 35.9 30.9
7.800000 2 367.2 155.0 36.1 31.1
7.833333 2 367.5 155.2 35.8 30.8
7.866667 2 367.9 155.6 35.0 30.0
7.900000 2 367.9 155.6 35.5 30.6
7.933333 2 368.0 155.8 35.9 30.9
7.966667 2 368.6 156.8 35.1 30.1
8.000000 2 368.6 157.3 35.4 30.4
8.033333 2 368.8 158.0 35.4 30.5
8.066667 2 368.9 158.6 35.7 30.9
8.100000 2 369.5 159.8 35.1 30.1
8.133333 2 369.9 160.8 35.0 30.1
8.166667 2 370.2 161.4 35.4 30.7
8.200000 2 370.6 162.3 35.4 30.4
8.233333 2 370.9 162.9 35.5 30.7
8.266667 2 371.5 163.8 35.2 30.2
8.300000 2 372.0 164.4 35.1 30.3
8.333333 2 372.5 164.9 35.1 30.1
8.366667 2 372.9 165.2 35.2 30.2
8.400000 2 373.3 165.1 35.3 30.3
8.433333 2 373.9 165.2 35.2 30.2
8.466667 2 374.3 164.9 35.4 30.4
8.500000 2 375.0 164.9 34.9 30.0
8.533333 2 375.3 164.2 35.4 30.4
8.566667 2 376.0 163.9 35.0 30.0
8.600000 2 376.0 162.9 35.5 30.7
8.633333 2 376.5 162.2 35.6 30.6
8.666667 2 377.1 161.2 35.4 30.6
8.700000 2 377.4 160.1 35.8 30.7
8.733333 2 377.9 158.9 35.5 30.6
8.766667 2 378.2 157.7 35.4 30.5
8.800000 2 378.7 156.6 35.2 30.2
8.833333 2 379.0 154.8 35.5 30.7
8.866667 2 379.5 153.8 35.2 30.2
8.900000 2 379.9 152.5 35.2 30.2
8.933333 2 380.0 150.9 35.6 30.7
8.966667 2 380.5 149.8 35.3 30.2
9.000000 2 380.9 148.6 35.1 30.2
9.033333 2 381.1 147.2 35.5 30.6
9.066667 2 381.5 146.0 35.6 30.5
9.100000 2 381.8 144.7 35.7 30.9
9.133333 2 382.6 143.8 35.6 30.6
9.166667 2 383.1 142.8 35.7 30.8
9.200000 2 383.7 141.8 35.8 31.0
9.233333 2 384.8 141.4 35.1 30.2
9.266667 2 385.9 140.9 34.9 30.0
9.300000 2 386.9 140.1 35.0 30.0
9.333333 2 387.9 138.8 36.0 31.1
9.366667 2 389.8 138.5 35.1 30.2
9.400000 2 391.6 137.8 35.0 30.0
9.433333 2 393.4 136.9 35.2 30.3
9.466667 2 395.4 135.9 35.5 30.6
9.500000 2 398.0 135.1 35.0 30.0
9.533333 2 400.7 133.8 35.1 30.2
9.566667 2 403.7 132.5 35.1 30.2
9.600000 2 406.8 130.9 35.0 30.1
9.633333 2 410.2 128.9 34.8 30.0
9.666667 2 413.5 126.3 35.3 30.4
9.700000 2 417.2 123.8 34.8 30.0
9.733333 2 420.9 120.8 34.9 29.9
9.766667 2 424.4 117.1 35.4 30.4
9.800000 2 428.6 113.8 34.7 29.7
9.833333 2 432.5 109.7 34.8 29.9
9.866667 2 436.4 105.0 35.6 30.6
9.900000 2 441.0 100.8 34.8 29.9
9.933333 2 445.5 95.8 34.9 30.0
9.966667 2 450.0 90.4 35.1 30.2
10.000000 2 455.0 84.9 34.9 30.0
10.033333 2 460.0 79.0 35.0 30.0
