0.000000 2 339.1 334.2 25.0 17.0
0.033333 2 337.7 333.3 27.0 18.0
0.066667 2 335.2 332.0 30.0 21.0
0.100000 2 336.7 334.3 30.0 21.0
0.133333 2 335.2 333.5 30.0 21.0
0.166667 2 336.9 332.1 30.0 21.0
0.200000 2 336.0 332.5 30.0 21.0
0.233333 2 336.8 330.2 30.0 21.0
0.266667 2 336.0 330.3 30.0 21.0
0.300000 2 336.7 330.3 30.0 21.0
0.333333 2 336.5 331.3 31.0 21.0
0.366667 2 339.7 334.0 25.0 16.0
0.400000 2 338.5 334.2 25.0 16.0
0.433333 2 338.0 332.8 30.0 20.0
0.466667 2 338.2 332.3 30.0 19.0
0.500000 2 336.5 331.3 32.0 22.0
0.533333 2 337.6 329.4 30.0 21.0
0.566667 2 337.4 330.0 30.0 21.0
0.600000 2 339.4 332.1 27.0 17.0
0.633333 2 339.0 327.4 30.0 21.0
0.666667 2 338.9 327.2 31.0 21.0
0.700000 2 338.8 328.5 30.0 20.0
0.733333 2 342.0 328.9 27.0 18.0
0.766667 2 341.2 329.6 27.0 18.0
0.800000 2 340.8 329.6 27.0 17.0
0.833333 2 344.0 326.9 27.0 18.0
0.866667 2 344.0 329.1 27.0 18.0
0.900000 2 341.7 326.4 29.0 18.0
0.933333 2 343.5 327.8 29.0 18.0
0.966667 2 342.8 326.3 29.0 18.0
1.000000 2 342.8 323.3 34.0 24.0
1.033333 2 342.9 326.6 29.0 19.0
1.066667 2 343.1 321.7 32.0 22.0
1.100000 2 345.8 323.2 30.0 20.0
1.133333 2 344.7 321.0 33.0 24.0
1.166667 2 344.4 322.3 31.0 20.0
1.200000 2 347.1 321.7 29.0 20.0
1.233333 2 347.8 319.6 30.0 20.0
1.266667 2 346.6 323.1 29.0 20.0
1.300000 2 349.7 321.9 29.0 19.0
1.333333 2 348.6 320.5 30.0 20.0
1.366667 2 349.0 318.1 30.0 21.0
1.400000 2 348.1 317.6 31.0 22.0
1.433333 2 350.1 318.2 30.0 20.0
1.466667 2 348.3 315.6 34.0 24.0
1.500000 2 350.3 319.2 29.0 19.0
1.533333 2 347.9 313.2 36.0 25.0
1.566667 2 352.1 316.8 28.0 18.0
1.600000 2 350.7 313.6 32.0 22.0
1.633333 2 352.3 317.1 28.0 18.0
1.666667 2 350.4 313.6 33.0 22.0
1.700000 2 349.7 312.2 35.0 23.0
1.733333 2 351.7 311.1 31.0 21.0
1.766667 2 353.2 311.5 30.0 20.0
1.800000 2 350.7 305.3 33.8 24.0
1.833333 2 352.7 306.9 30.3 19.7
1.866667 2 351.5 305.4 32.8 21.3
1.900000 2 350.8 303.2 34.4 24.5
1.933333 2 351.1 302.6 34.0 24.3
1.966667 2 350.6 302.7 35.3 22.8
2.000000 2 351.0 301.5 34.5 23.8
2.033333 2 351.4 300.8 33.8 23.8
2.066667 2 350.7 300.6 35.2 23.1
2.100000 2 352.0 300.2 32.6 22.6
2.133333 2 352.5 299.8 31.7 21.9
2.166667 2 351.7 299.1 33.5 22.0
2.200000 2 352.5 298.4 31.8 22.0
2.233333 2 353.9 298.8 29.1 19.7
2.266667 2 352.5 297.2 32.0 21.7
2.300000 2 353.9 297.7 29.1 19.5
2.333333 2 354.7 297.5 27.7 18.4
2.366667 2 352.2 294.4 32.5 23.5
2.400000 2 355.2 296.7 26.7 17.6
2.433333 2 355.3 296.3 26.6 17.0
2.466667 2 353.2 293.0 31.0 22.4
2.500000 2 355.4 294.8 26.8 17.3
2.533333 2 354.7 293.0 28.5 19.1
2.566667 2 352.1 289.9 33.5 24.4
2.600000 2 352.1 289.2 34.3 24.0
2.633333 2 354.0 290.2 30.5 20.6
2.666667 2 354.0 289.9 30.6 19.8
2.700000 2 352.2 287.2 34.1 23.7
2.733333 2 354.2 288.7 30.2 19.4
2.766667 2 354.1 287.5 30.3 20.4
2.800000 2 352.9 286.0 32.5 22.1
2.833333 2 354.8 287.0 29.2 18.8
2.866667 2 355.4 286.3 28.0 18.6
2.900000 2 355.8 285.8 27.5 18.1
2.933333 2 353.5 282.8 31.9 22.9
2.966667 2 356.2 284.8 26.6 17.3
3.000000 2 356.2 284.2 26.6 17.1
3.033333 2 354.1 281.5 30.7 21.6
3.066667 2 355.6 282.4 27.8 18.1
3.100000 2 355.3 281.2 28.8 19.3
3.133333 2 353.0 278.0 33.7 24.4
3.166667 2 355.2 279.5 29.3 19.8
3.200000 2 355.2 279.0 29.3 19.7
3.233333 2 353.0 276.0 34.2 24.3
3.266667 2 356.4 278.4 28.0 18.2
3.300000 2 355.9 277.1 28.9 19.4
3.333333 2 352.8 273.4 34.9 25.5
3.366667 2 356.7 276.5 27.3 18.0
3.400000 2 357.6 276.0 26.3 17.3
3.433333 2 355.2 272.7 31.3 22.7
3.466667 2 357.5 274.5 26.6 17.9
3.500000 2 357.9 274.2 25.9 16.8
3.533333 2 354.2 269.8 33.5 24.6
3.566667 2 358.1 272.5 27.0 18.0
3.600000 2 358.2 271.9 26.8 17.7
3.633333 2 356.9 269.5 29.7 20.9
3.666667 2 356.5 268.3 30.6 22.0
3.700000 2 357.2 268.6 29.8 19.8
3.733333 2 357.4 268.0 29.7 19.6
3.766667 2 355.7 265.6 33.2 23.1
3.800000 2 356.8 266.1 30.9 20.3
3.833333 2 357.5 265.8 29.6 19.6
3.866667 2 358.9 265.8 27.4 17.7
3.900000 2 358.0 264.1 29.1 19.7
3.933333 2 356.9 262.0 31.5 22.4
3.966667 2 357.7 262.1 30.0 20.5
4.000000 2 358.6 262.2 28.2 18.6
4.033333 2 358.7 261.4 28.3 18.1
4.066667 2 358.3 260.4 29.2 18.9
4.100000 2 357.5 258.7 30.7 20.5
4.133333 2 356.7 257.2 32.5 22.2
4.166667 2 356.7 256.3 32.6 21.9
4.200000 2 357.9 256.4 30.3 20.2
4.233333 2 357.2 254.8 31.6 21.4
4.266667 2 356.8 253.3 32.8 22.6
4.300000 2 356.8 253.0 32.7 21.7
4.333333 2 357.1 252.3 32.1 21.2
4.366667 2 357.1 251.3 32.3 21.4
4.400000 2 357.0 250.3 32.4 21.4
4.433333 2 357.0 249.4 32.5 21.2
4.466667 2 356.7 248.4 32.9 21.4
4.500000 2 356.8 247.4 32.8 21.3
4.533333 2 356.6 246.3 33.1 21.7
4.566667 2 356.7 245.0 32.8 22.1
4.600000 2 357.8 244.4 30.9 21.2
4.633333 2 357.4 243.4 31.7 21.3
4.666667 2 357.3 241.1 31.8 23.3
4.700000 2 357.3 239.7 31.7 23.8
4.733333 2 357.3 238.6 31.8 23.8
4.766667 2 357.4 237.7 31.8 23.3
4.800000 2 357.5 237.2 31.7 21.7
4.833333 2 357.3 235.2 31.9 23.3
4.866667 2 357.6 233.8 31.4 23.6
4.900000 2 357.5 232.5 31.7 23.7
4.933333 2 357.5 232.1 31.5 22.1
4.966667 2 357.2 229.5 32.0 24.3
5.000000 2 358.8 230.3 28.2 20.1
5.033333 2 358.1 228.9 29.8 20.3
5.066667 2 358.1 226.4 29.8 22.4
5.100000 2 358.3 226.3 29.4 19.6
5.133333 2 358.2 223.6 29.8 22.1
5.166667 2 358.3 223.1 29.8 20.0
5.200000 2 358.2 220.4 30.1 22.1
5.233333 2 361.1 221.2 24.6 17.1
5.266667 2 360.8 220.0 25.1 16.5
5.300000 2 361.6 218.7 23.7 16.1
5.333333 2 360.7 216.0 25.9 18.4
5.366667 2 362.6 216.1 22.4 14.7
5.400000 2 362.3 213.9 23.0 15.5
5.433333 2 361.9 212.2 24.1 15.5
5.466667 2 361.5 210.1 24.9 16.3
5.500000 2 361.5 208.2 24.9 16.0
5.533333 2 361.0 205.5 26.5 17.6
5.566667 2 360.9 203.4 26.7 17.9
5.600000 2 360.9 201.5 26.6 17.7
5.633333 2 361.1 199.9 26.0 16.8
5.666667 2 359.8 196.2 28.7 19.8
5.700000 2 360.7 194.6 27.3 18.9
5.733333 2 362.4 193.8 24.0 15.8
5.766667 2 362.1 191.2 24.4 16.6
5.800000 2 361.3 188.8 25.9 17.0
5.833333 2 360.2 184.9 28.2 19.8
5.866667 2 359.3 181.7 29.9 21.6
5.900000 2 359.5 180.6 29.4 19.4
5.933333 2 359.4 177.4 29.3 20.7
5.966667 2 361.6 177.5 24.3 16.0
6.000000 2 360.8 174.1 25.8 17.7
6.033333 2 362.0 173.0 23.1 15.1
6.066667 2 359.1 168.3 28.5 19.7
6.100000 2 358.3 165.1 29.8 21.2
6.133333 2 359.6 164.4 26.7 18.0
6.166667 2 359.8 162.0 25.8 18.2
6.200000 2 361.4 161.2 22.3 14.8
6.233333 2 359.0 157.1 26.8 18.7
6.266667 2 358.0 155.1 28.0 18.2
6.300000 2 358.2 152.5 27.0 19.2
6.333333 2 359.8 152.2 23.4 15.4
6.366667 2 356.6 147.5 29.4 20.6
6.400000 2 357.6 146.8 26.7 18.1
6.433333 2 359.4 146.4 22.7 14.8
6.466667 2 357.9 143.5 24.9 16.6
6.500000 2 356.2 141.2 27.8 17.9
6.533333 2 358.6 141.1 22.2 14.5
6.566667 2 358.3 139.1 22.5 14.9
6.600000 2 355.6 135.7 27.2 18.3
6.633333 2 357.7 136.1 22.2 14.5
6.666667 2 357.7 134.8 21.6 14.1
6.700000 2 354.8 131.3 26.7 18.1
6.733333 2 356.6 131.6 22.3 14.4
6.766667 2 354.7 128.8 25.2 17.6
6.800000 2 353.2 126.9 27.8 18.8
6.833333 2 354.5 126.7 24.1 16.7
6.866667 2 353.7 125.1 25.4 17.4
6.900000 2 354.3 125.2 23.0 15.1
6.933333 2 353.6 123.7 23.7 15.9
6.966667 2 351.2 121.0 27.8 19.4
7.000000 2 353.7 122.7 21.9 14.0
7.033333 2 349.9 119.7 28.7 18.7
7.066667 2 352.3 120.6 22.8 15.4
7.100000 2 349.3 117.7 28.0 19.8
7.133333 2 349.8 117.7 25.9 18.7
7.166667 2 348.8 117.1 26.9 19.0
7.200000 2 348.9 116.9 25.6 18.4
7.233333 2 347.9 116.7 26.7 18.2
7.266667 2 349.9 118.5 21.6 14.1
7.300000 2 346.8 116.2 27.0 18.3
7.333333 2 348.3 117.6 22.8 15.4
7.366667 2 345.3 116.0 27.8 18.5
7.400000 2 346.8 117.4 23.4 15.8
7.433333 2 345.5 117.3 24.8 15.9
7.466667 2 344.5 116.6 25.5 17.7
7.500000 2 346.2 119.0 21.1 13.5
7.533333 2 342.1 117.0 28.0 18.1
7.566667 2 345.2 119.9 20.7 13.3
7.600000 2 341.7 118.2 26.5 17.6
7.633333 2 341.2 118.5 26.3 18.3
7.666667 2 342.6 121.2 22.1 14.3
7.700000 2 338.8 119.9 28.7 18.4
7.733333 2 340.1 121.7 24.5 16.2
7.766667 2 340.0 123.0 23.6 15.5
7.800000 2 336.7 121.6 28.9 20.2
7.833333 2 338.1 124.6 24.7 16.4
7.866667 2 337.7 125.7 24.4 16.1
7.900000 2 334.3 125.5 29.8 19.2
7.933333 2 336.5 128.2 24.1 16.1
7.966667 2 335.7 129.5 24.3 16.2
8.000000 2 332.8 129.7 29.0 18.7
8.033333 2 335.3 133.2 22.6 14.6
8.066667 2 332.5 133.0 26.6 18.1
8.100000 2 332.4 134.7 25.9 17.8
8.133333 2 332.8 137.5 24.1 15.7
8.166667 2 328.9 137.2 30.5 19.9
8.200000 2 331.3 141.0 24.2 15.7
8.233333 2 329.2 141.6 27.4 18.5
8.266667 2 330.1 144.6 24.7 16.3
8.300000 2 328.8 146.1 26.1 17.5
8.333333 2 328.0 148.2 26.8 17.7
8.366667 2 327.1 149.8 27.6 18.7
8.400000 2 327.4 152.7 26.0 17.3
8.433333 2 325.1 153.0 29.9 21.2
8.466667 2 328.0 158.3 23.0 14.9
8.500000 2 324.2 158.4 30.3 19.4
8.533333 2 324.9 160.8 28.1 19.5
8.566667 2 326.9 165.2 23.6 15.4
8.600000 2 325.4 166.7 26.0 17.3
8.633333 2 322.4 166.7 31.8 22.2
8.666667 2 322.0 169.1 32.3 22.6
8.700000 2 322.3 171.8 31.5 22.1
8.733333 2 322.9 174.9 30.2 21.2
8.766667 2 323.1 178.5 29.7 19.1
8.800000 2 323.0 180.3 29.9 20.9
8.833333 2 321.3 181.4 33.6 24.0
8.866667 2 320.2 184.0 36.0 24.3
8.900000 2 323.1 188.2 30.6 21.3
8.933333 2 326.3 193.2 24.5 16.9
8.966667 2 323.6 193.5 30.7 21.8
9.000000 2 323.2 195.9 32.4 22.9
9.033333 2 326.9 201.7 25.7 17.0
9.066667 2 323.0 201.3 34.3 23.4
9.100000 2 327.8 207.3 25.5 17.1
9.133333 2 323.9 206.4 34.3 24.7
9.166667 2 328.4 212.8 26.3 17.9
9.200000 2 324.2 211.2 36.0 26.8
9.233333 2 328.5 217.5 28.6 20.0
9.266667 2 325.2 217.5 36.2 25.5
9.300000 2 329.7 224.2 28.1 18.0
9.333333 2 329.8 226.6 29.5 19.1
9.366667 2 327.1 225.4 36.2 26.8
9.400000 2 332.1 232.2 27.2 18.8
9.433333 2 329.5 232.2 33.7 24.4
9.466667 2 332.8 237.9 27.9 18.4
9.500000 2 334.2 241.0 26.7 17.7
9.533333 2 330.9 240.0 34.3 25.0
9.566667 2 334.3 245.5 29.1 19.5
9.600000 2 336.6 248.9 26.3 17.8
9.633333 2 336.7 250.9 27.6 19.3
9.666667 2 334.8 252.4 32.6 21.4
9.700000 2 336.1 254.3 32.0 22.8
9.733333 2 339.8 259.9 25.9 16.6
9.766667 2 340.8 261.9 25.8 17.7
9.800000 2 341.8 264.9 25.7 16.6
9.833333 2 343.2 267.0 24.8 17.3
9.866667 2 343.6 269.5 26.0 17.1
9.900000 2 345.0 272.0 25.0 16.7
9.933333 2 345.7 273.6 25.6 17.9
9.966667 2 347.0 276.1 25.1 17.3
10.000000 2 348.0 279.0 25.0 16.0
