0.000000 2 418.0 321.0 39.0 24.0
0.033333 2 416.6 318.2 39.0 24.2
0.066667 2 415.0 315.5 39.3 24.2
0.100000 2 413.6 312.6 39.2 24.5
0.133333 2 412.2 310.2 39.2 24.2
0.166667 2 410.7 307.5 39.1 24.3
0.200000 2 409.1 304.8 39.4 24.4
0.233333 2 407.8 302.2 39.0 24.2
0.266667 2 406.0 299.5 39.3 24.2
0.300000 2 404.4 296.6 39.3 24.5
0.333333 2 402.8 294.1 39.2 24.2
0.366667 2 401.0 291.3 39.4 24.3
0.400000 2 399.4 288.5 39.2 24.3
0.433333 2 397.6 285.5 39.2 24.5
0.466667 2 395.7 282.7 39.3 24.4
0.500000 2 393.9 279.7 39.4 24.3
0.533333 2 392.1 276.8 39.4 24.4
0.566667 2 390.1 273.7 39.3 24.4
0.600000 2 388.3 270.6 39.3 24.4
0.633333 2 386.4 267.5 39.1 24.3
0.666667 2 384.4 264.5 39.1 24.3
0.700000 2 382.5 261.4 38.9 24.1
0.733333 2 380.3 258.4 39.0 24.0
0.766667 2 378.3 255.3 39.1 24.0
0.800000 2 376.2 252.4 39.1 24.1
0.833333 2 374.0 249.6 39.2 24.1
0.866667 2 371.8 246.8 39.2 24.3
0.900000 2 369.9 244.3 38.9 24.0
0.933333 2 367.7 241.6 39.1 24.4
0.966667 2 365.8 239.2 38.8 24.1
1.000000 2 363.6 236.7 39.1 24.5
1.033333 2 361.6 234.5 38.9 24.3
1.066667 2 359.7 232.2 38.9 24.2
1.100000 2 357.5 229.9 39.2 24.4
1.133333 2 355.4 227.7 39.3 24.5
1.166667 2 353.4 225.7 39.3 24.5
1.200000 2 351.4 223.8 39.3 24.5
1.233333 2 349.3 222.2 39.2 24.3
1.266667 2 347.3 220.4 39.3 24.4
1.300000 2 345.2 218.7 39.5 24.6
1.333333 2 343.3 217.4 39.3 24.3
1.366667 2 341.2 216.0 39.4 24.4
1.400000 2 339.2 214.7 39.5 24.6
1.433333 2 337.3 213.5 39.4 24.6
1.466667 2 335.4 212.5 39.4 24.6
1.500000 2 333.6 211.5 39.4 24.5
1.533333 2 331.8 210.5 39.7 24.6
1.566667 2 330.2 209.6 39.5 24.6
1.600000 2 328.7 209.0 39.6 24.4
1.633333 2 327.5 208.3 39.2 24.4
1.666667 2 326.2 207.5 39.6 24.6
1.700000 2 325.2 206.8 39.5 24.6
1.733333 2 324.5 206.3 39.1 24.3
1.766667 2 323.7 205.6 39.8 24.6
1.800000 2 323.6 205.1 39.1 24.3
1.833333 2 323.4 204.5 39.3 24.5
1.866667 2 323.7 204.1 39.2 24.3
1.900000 2 323.9 203.6 39.7 24.6
1.933333 2 324.8 203.4 39.4 24.3
1.966667 2 325.7 203.0 39.5 24.4
2.000000 2 326.9 202.7 39.7 24.6
2.033333 2 328.7 202.5 39.5 24.5
2.066667 2 330.6 202.4 39.3 24.4
2.100000 2 332.7 202.3 39.3 24.3
2.133333 2 335.0 202.0 39.6 24.5
2.166667 2 337.6 201.9 39.5 24.5
2.200000 2 340.4 201.7 39.4 24.6
2.233333 2 343.5 201.6 39.4 24.6
2.266667 2 346.6 201.5 39.5 24.4
2.300000 2 350.0 201.3 39.6 24.4
2.333333 2 353.7 201.3 39.2 24.2
2.366667 2 357.0 200.9 39.7 24.5
2.400000 2 360.7 200.8 39.8 24.5
2.433333 2 364.5 200.6 39.6 24.6
2.466667 2 368.2 200.4 39.6 24.6
2.500000 2 372.1 200.3 39.5 24.4
2.533333 2 375.7 200.1 39.6 24.5
2.566667 2 379.5 199.9 39.6 24.6
2.600000 2 383.2 199.8 39.6 24.7
2.633333 2 386.8 199.7 39.8 24.6
2.666667 2 390.4 199.5 39.6 24.7
2.700000 2 393.9 199.6 39.8 24.6
2.733333 2 397.4 199.5 39.6 24.7
2.766667 2 400.7 199.8 39.7 24.5
2.800000 2 404.1 200.1 39.6 24.4
2.833333 2 407.3 200.3 39.5 24.6
2.866667 2 410.4 200.5 39.6 24.8
2.900000 2 413.5 201.2 39.4 24.5
2.933333 2 416.4 201.6 39.6 24.8
2.966667 2 419.4 202.3 39.4 24.6
3.000000 2 422.3 203.0 39.5 24.5
3.033333 2 425.1 203.7 39.6 24.6
3.066667 2 427.9 204.6 39.6 24.6
3.100000 2 430.6 205.6 39.5 24.6
3.133333 2 433.3 206.5 39.5 24.6
3.166667 2 435.8 207.7 39.6 24.5
3.200000 2 438.4 208.7 39.4 24.6
3.233333 2 441.0 210.2 39.4 24.3
3.266667 2 443.4 211.4 39.3 24.5
3.300000 2 445.7 212.8 39.5 24.5
3.333333 2 448.1 214.4 39.3 24.2
3.366667 2 450.3 215.7 39.5 24.6
3.400000 2 452.6 217.4 39.3 24.5
3.433333 2 454.8 219.3 39.2 24.2
3.466667 2 456.7 220.9 39.4 24.4
3.500000 2 458.7 222.7 39.5 24.5
3.533333 2 460.7 224.6 39.5 24.5
3.566667 2 462.7 226.6 39.4 24.5
3.600000 2 464.5 228.5 39.3 24.6
3.633333 2 466.3 230.6 39.4 24.5
3.666667 2 468.0 232.9 39.4 24.3
3.700000 2 469.7 235.1 39.2 24.4
3.733333 2 471.1 237.4 39.3 24.2
3.766667 2 472.4 239.4 39.4 24.7
3.800000 2 473.6 241.8 39.4 24.6
3.833333 2 474.7 244.2 39.2 24.5
3.866667 2 475.5 246.4 39.3 24.7
3.900000 2 476.3 249.0 39.2 24.4
3.933333 2 477.0 251.5 39.0 24.2
3.966667 2 477.7 253.9 38.8 24.4
4.000000 2 478.2 256.6 38.6 24.1
4.033333 2 478.8 259.2 38.4 23.9
4.066667 2 479.2 261.7 38.2 24.1
4.100000 2 479.7 264.7 37.9 23.3
4.133333 2 479.9 267.1 38.0 23.7
4.166667 2 480.4 269.8 37.4 23.3
4.200000 2 480.6 272.4 37.3 23.3
4.233333 2 480.9 275.0 37.2 23.0
4.266667 2 481.0 277.3 37.6 23.2
4.300000 2 481.5 279.9 36.8 22.8
4.333333 2 481.6 281.9 37.1 23.6
4.366667 2 482.2 284.6 36.1 22.9
4.400000 2 482.9 287.3 35.0 22.0
4.433333 2 482.6 289.1 35.7 22.8
4.466667 2 482.4 290.8 36.3 23.7
4.500000 2 482.6 292.9 36.1 23.7
4.533333 2 483.0 294.9 35.4 23.2
4.566667 2 483.8 297.1 34.1 22.1
4.600000 2 488.0 308.0 31.0 16.0
4.633333 2 491.0 310.0 26.0 14.0
4.666667 2 490.0 309.0 27.0 18.0
4.700000 2 488.0 315.0 31.0 13.0
4.733333 2 492.0 315.0 27.0 15.0
4.766667 2 489.0 319.0 31.0 14.0
4.800000 2 489.0 319.0 28.0 16.0
4.833333 2 490.0 323.0 29.0 13.0
4.866667 2 489.0 323.0 33.0 14.0
4.900000 2 489.0 324.0 33.0 15.0
4.933333 2 490.0 327.0 31.0 14.0
4.966667 2 491.0 329.0 33.0 12.0
5.000000 2 492.0 326.0 30.0 19.0
5.033333 2 492.0 327.0 29.0 21.0
5.066667 2 488.0 332.0 31.0 16.0
5.100000 2 488.0 330.0 29.0 18.0
5.133333 2 489.0 330.0 30.0 21.0
5.166667 2 488.0 333.0 32.0 18.0
5.200000 2 488.0 334.0 30.0 17.0
5.233333 2 489.0 337.0 31.0 17.0
5.266667 2 489.0 339.0 28.0 15.0
5.300000 2 489.0 337.0 26.0 17.0
5.333333 2 489.0 340.0 27.0 15.0
5.366667 2 490.0 341.0 26.0 15.0
5.400000 2 487.0 342.0 27.0 12.0
5.433333 2 486.0 342.0 27.0 15.0
5.466667 2 487.0 343.0 29.0 13.0
5.500000 2 486.0 339.0 27.0 19.0
5.533333 2 485.0 343.0 27.0 13.0
5.566667 2 484.0 344.0 24.0 13.0
5.600000 2 483.0 343.0 25.0 14.0
5.633333 2 482.0 343.0 25.0 15.0
5.666667 2 481.0 343.0 26.0 15.0
5.700000 2 481.0 343.0 25.0 16.0
5.733333 2 483.0 344.0 23.0 15.0
5.766667 2 477.3 344.0 29.7 16.0
5.800000 2 474.0 345.0 33.0 15.0
5.833333 2 474.0 347.0 33.0 13.0
5.866667 2 471.0 345.0 36.0 15.0
5.900000 2 471.0 345.0 32.0 15.0
5.933333 2 471.0 345.0 32.0 15.0
5.966667 2 471.0 342.0 30.0 17.0
6.000000 2 470.0 342.0 31.0 17.0
6.033333 2 470.0 342.0 29.0 18.0
6.066667 2 467.0 342.0 32.0 18.0
6.100000 2 467.0 342.0 31.0 14.0
6.133333 2 462.0 339.0 36.0 17.0
6.166667 2 462.0 337.0 36.0 23.0
6.200000 2 460.0 337.0 38.0 23.0
6.233333 2 460.0 337.0 35.0 22.0
6.266667 2 462.0 336.0 33.0 23.0
6.300000 2 462.0 336.0 30.0 22.0
6.333333 2 461.0 336.0 31.0 22.0
6.366667 2 461.0 336.0 30.0 20.0
6.400000 2 455.0 331.0 36.0 25.0
6.433333 2 455.0 331.0 33.0 23.0
6.466667 2 457.0 331.0 32.0 23.0
6.500000 2 457.0 331.0 29.0 20.0
6.533333 2 456.0 327.0 30.0 24.0
6.566667 2 456.0 327.0 26.0 20.0
6.600000 2 454.0 328.0 28.0 19.0
6.633333 2 454.0 328.0 27.0 17.0
6.666667 2 451.0 326.0 30.0 19.0
6.700000 2 451.0 326.0 29.0 18.0
6.733333 2 450.0 322.0 30.0 22.0
6.766667 2 450.0 322.0 28.8 18.0
6.800000 2 452.0 322.0 24.0 18.0
6.833333 2 450.0 322.0 24.0 16.0
6.866667 2 450.0 322.0 23.0 14.0
6.900000 2 444.0 317.0 29.0 19.0
6.933333 2 444.0 317.0 32.0 19.0
6.966667 2 445.0 314.0 31.0 22.0
7.000000 2 445.0 314.0 28.0 19.0
7.033333 2 446.0 315.0 27.0 18.0
7.066667 2 446.0 315.0 27.0 15.0
7.100000 2 444.0 311.0 29.0 19.0
7.133333 2 444.0 311.0 25.0 16.0
7.166667 2 442.0 308.0 27.0 19.0
7.200000 2 442.0 308.0 28.0 19.0
7.233333 2 441.0 306.0 29.0 21.0
7.266667 2 441.0 306.0 26.0 16.0
7.300000 2 439.0 304.0 28.0 18.0
7.333333 2 439.0 304.0 33.0 18.0
7.366667 2 438.0 300.0 34.0 22.0
7.400000 2 438.0 300.0 29.0 17.0
7.433333 2 438.0 296.0 29.0 21.0
7.466667 2 438.0 296.0 33.0 19.0
7.500000 2 438.0 293.0 33.0 22.0
7.533333 2 438.0 293.0 26.0 19.0
7.566667 2 433.0 293.0 33.8 18.7
7.600000 2 432.6 291.4 28.8 16.4
7.633333 2 431.6 290.0 29.4 16.5
7.666667 2 431.3 288.6 29.0 16.3
7.700000 2 430.5 287.3 29.4 16.3
7.733333 2 429.7 285.8 29.6 16.6
7.766667 2 429.5 284.5 28.9 16.4
7.800000 2 428.5 283.1 29.7 16.5
7.833333 2 428.2 281.8 29.0 16.2
7.866667 2 427.6 280.4 28.9 16.4
7.900000 2 426.8 279.2 29.5 16.3
7.933333 2 426.6 277.8 28.7 16.2
7.966667 2 425.5 276.4 29.6 16.5
8.000000 2 425.6 275.4 28.6 16.1
8.033333 2 424.6 273.9 29.6 16.5
8.066667 2 424.7 272.9 28.5 16.1
8.100000 2 423.7 271.5 29.6 16.4
8.133333 2 423.7 270.4 28.6 16.1
8.166667 2 423.1 269.4 29.1 16.1
8.200000 2 422.9 268.2 28.5 15.8
8.233333 2 422.5 266.9 28.6 16.0
8.266667 2 421.6 265.6 29.4 16.3
8.300000 2 421.5 264.5 28.6 16.2
8.333333 2 420.6 263.5 29.4 16.3
8.366667 2 420.8 262.4 28.4 15.9
8.400000 2 419.7 261.2 29.4 16.4
8.433333 2 419.5 260.5 28.6 16.0
8.466667 2 418.8 259.5 28.8 15.9
8.500000 2 418.3 258.5 28.8 15.9
8.533333 2 417.8 257.5 28.4 15.9
8.566667 2 416.6 256.3 29.4 16.4
8.600000 2 416.4 255.6 28.7 16.0
8.633333 2 415.8 254.7 28.3 15.9
8.666667 2 414.8 254.0 28.7 15.9
8.700000 2 413.6 252.7 29.5 16.7
8.733333 2 413.2 252.2 28.9 16.1
8.766667 2 412.7 251.5 28.3 15.8
8.800000 2 411.7 250.7 28.5 16.1
8.833333 2 410.8 250.0 28.7 15.9
8.866667 2 409.6 248.7 29.5 16.7
8.900000 2 408.7 248.2 29.4 16.4
8.933333 2 407.9 247.5 29.2 16.1
8.966667 2 407.1 246.7 29.0 16.1
9.000000 2 406.1 245.9 29.0 16.3
9.033333 2 405.4 245.5 28.7 15.9
9.066667 2 404.6 244.6 28.6 16.1
9.100000 2 403.8 244.2 28.4 15.7
9.133333 2 402.8 243.5 28.4 15.7
9.166667 2 401.6 242.7 29.0 16.1
9.200000 2 400.4 241.6 29.9 17.0
9.233333 2 399.9 241.4 29.4 16.3
9.266667 2 399.4 240.9 28.7 15.9
9.300000 2 398.6 240.0 29.0 16.4
9.333333 2 397.5 239.3 29.8 16.5
9.366667 2 397.5 239.0 28.8 16.2
9.400000 2 396.4 238.1 29.9 16.6
9.433333 2 396.6 237.8 28.5 15.8
9.466667 2 395.4 236.6 30.0 17.1
9.500000 2 395.6 236.6 29.0 16.1
9.533333 2 395.0 235.8 29.3 16.2
9.566667 2 394.4 234.8 30.0 16.9
9.600000 2 394.5 234.5 29.4 16.3
9.633333 2 394.6 233.9 28.8 16.1
9.666667 2 394.8 233.5 28.5 15.7
9.700000 2 394.6 232.7 28.8 16.1
9.733333 2 394.7 232.1 28.5 15.8
9.766667 2 394.7 231.5 28.5 15.7
9.800000 2 394.6 230.6 28.7 16.0
9.833333 2 394.7 230.0 28.6 15.8
9.866667 2 394.7 229.1 28.7 16.1
9.900000 2 394.6 228.5 28.7 16.0
9.933333 2 394.7 227.8 28.7 16.0
9.966667 2 394.7 227.0 28.9 16.1
