0.033333 2 317.0 339.0 21.0 18.0
0.066667 2 315.0 338.0 23.0 19.0
0.100000 2 315.0 338.0 24.0 14.0
0.133333 2 312.0 334.0 27.0 18.0
0.166667 2 312.0 334.0 24.0 16.0
0.200000 2 313.0 330.0 23.0 20.0
0.233333 2 313.0 330.0 26.0 14.0
0.266667 2 312.0 326.0 27.0 18.0
0.300000 2 312.0 326.0 27.0 16.0
0.333333 2 313.0 321.0 26.0 19.0
0.366667 2 312.0 321.0 25.0 15.0
0.400000 2 314.0 318.0 23.0 18.0
0.433333 2 314.0 318.0 25.0 14.0
0.466667 2 312.0 314.0 27.0 18.0
0.500000 2 312.0 314.0 25.0 13.0
0.533333 2 312.0 310.0 25.0 17.0
0.566667 2 312.0 310.0 23.0 14.0
0.600000 2 312.0 306.0 23.0 18.0
0.633333 2 312.0 306.0 23.0 12.0
0.666667 2 310.0 300.0 25.0 18.0
0.700000 2 314.0 299.0 23.0 13.0
0.733333 2 312.0 296.0 25.0 16.0
0.766667 2 312.0 296.0 24.0 12.0
0.800000 2 314.0 290.0 22.0 18.0
0.833333 2 314.0 290.0 22.0 11.0
0.866667 2 310.0 285.0 26.0 16.0
0.900000 2 310.0 285.0 29.0 14.0
0.933333 2 310.0 276.0 29.0 23.0
0.966667 2 310.0 276.0 26.0 16.0
1.000000 2 313.0 271.0 23.0 21.0
1.033333 2 313.0 271.0 23.0 15.0
1.066667 2 310.0 264.0 26.0 22.0
1.100000 2 310.0 264.0 26.0 17.0
1.133333 2 309.0 256.0 27.0 25.0
1.166667 2 309.0 256.0 27.0 17.0
1.200000 2 312.0 252.0 24.0 21.0
1.233333 2 312.0 252.0 24.0 16.0
1.266667 2 308.0 246.0 28.0 22.0
1.300000 2 308.0 246.0 29.0 15.0
1.333333 2 310.0 238.0 27.0 23.0
1.366667 2 310.0 238.0 26.0 13.0
1.400000 2 308.0 226.0 28.0 25.0
1.433333 2 308.0 226.0 28.0 20.0
1.466667 2 310.0 219.0 26.0 27.0
1.500000 2 310.0 219.0 29.0 20.0
1.533333 2 310.0 214.0 29.0 24.0
1.566667 2 310.0 214.0 23.0 18.0
1.600000 2 309.0 207.0 24.0 25.0
1.633333 2 309.0 207.0 25.0 16.0
1.666667 2 309.0 202.0 25.0 21.0
1.700000 2 309.0 202.0 26.0 15.0
1.733333 2 309.0 193.0 26.0 24.0
1.766667 2 309.0 193.0 30.0 18.0
1.800000 2 312.0 188.0 27.0 23.0
1.833333 2 312.0 188.0 21.0 17.0
1.866667 2 309.0 185.0 24.0 20.0
1.900000 2 309.0 185.0 27.0 17.0
1.933333 2 308.0 181.0 28.0 21.0
1.966667 2 308.0 181.0 28.0 19.0
2.000000 2 306.0 177.0 30.0 23.0
2.033333 2 306.0 177.0 27.0 19.0
2.066667 2 309.0 176.0 24.0 20.0
2.100000 2 309.0 176.0 27.0 16.0
2.133333 2 307.0 173.0 29.0 19.0
2.166667 2 307.0 173.0 25.0 14.0
2.200000 2 306.0 169.0 26.0 18.0
2.233333 2 306.0 169.0 30.0 18.0
2.266667 2 307.0 166.0 26.0 21.0
2.300000 2 309.0 163.0 24.0 24.0
2.333333 2 304.0 165.0 29.0 22.0
2.366667 2 304.0 165.0 29.0 22.0
2.400000 2 301.0 160.0 32.0 27.0
2.433333 2 301.0 160.0 35.0 26.0
2.466667 2 303.0 162.0 33.0 24.0
2.500000 2 303.0 162.0 32.0 20.0
2.533333 2 304.0 161.0 31.0 21.0
2.566667 2 304.0 161.0 30.0 22.0
2.600000 2 302.0 162.0 32.0 21.0
2.633333 2 302.0 162.0 35.0 21.0
2.666667 2 300.0 159.0 37.0 24.0
2.700000 2 300.0 159.0 35.0 24.0
2.733333 2 301.0 160.0 34.0 23.0
2.766667 2 301.0 160.0 33.0 24.0
2.800000 2 302.0 159.0 32.0 25.0
2.833333 2 302.0 159.0 32.0 22.0
2.866667 2 303.0 163.0 31.0 18.0
2.900000 2 303.0 163.0 33.0 19.0
2.933333 2 298.0 161.0 35.0 21.0
2.966667 2 294.0 161.0 39.0 21.0
3.000000 2 294.0 161.0 45.0 26.0
3.033333 2 298.0 163.0 41.0 24.0
3.066667 2 298.0 163.0 33.0 20.0
3.100000 2 300.0 164.0 31.0 19.0
3.133333 2 300.0 164.0 27.0 19.0
3.166667 2 300.0 165.0 27.0 18.0
3.200000 2 300.0 165.0 29.0 19.0
3.233333 2 301.0 164.0 28.0 20.0
3.266667 2 301.0 163.0 31.0 21.0
3.300000 2 299.0 165.0 33.0 19.0
3.333333 2 299.0 165.0 29.0 21.0
3.366667 2 300.0 167.0 27.0 16.0
3.400000 2 300.0 166.0 28.0 17.0
3.433333 2 300.0 166.0 31.0 19.0
3.466667 2 297.0 166.0 34.0 19.0
3.500000 2 297.0 166.0 35.0 21.0
3.533333 2 297.0 166.0 35.0 21.0
3.566667 2 297.0 164.0 37.0 23.0
3.600000 2 291.0 164.0 43.0 23.0
3.633333 2 291.0 163.0 38.0 24.0
3.666667 2 297.0 169.0 32.0 18.0
3.700000 2 297.0 169.0 31.0 24.0
3.733333 2 294.0 169.0 34.0 24.0
3.766667 2 294.0 169.0 36.0 21.0
3.800000 2 294.0 167.0 36.0 23.0
3.833333 2 294.0 167.0 38.0 23.0
3.866667 2 296.0 168.0 36.0 22.0
3.900000 2 296.0 168.0 34.0 21.0
3.933333 2 297.0 170.0 33.0 19.0
3.966667 2 297.0 170.0 31.0 22.0
4.000000 2 294.0 169.0 34.0 23.0
4.033333 2 294.0 169.0 36.0 23.0
4.066667 2 295.0 170.0 35.0 22.0
4.100000 2 295.0 170.0 32.0 22.0
4.133333 2 295.0 172.0 32.0 20.0
4.166667 2 295.0 172.0 35.0 20.0
4.200000 2 295.0 172.0 35.0 20.0
4.233333 2 295.0 172.0 32.0 18.0
4.266667 2 295.0 171.0 32.0 19.0
4.300000 2 287.7 164.3 46.3 33.2
4.333333 2 288.1 164.1 45.8 33.9
4.366667 2 289.1 165.0 43.8 32.2
4.400000 2 288.9 164.9 44.1 32.4
4.433333 2 289.4 165.3 43.3 31.8
4.466667 2 289.5 165.4 43.0 31.8
4.500000 2 288.3 163.9 45.6 34.8
4.533333 2 283.6 159.9 55.2 43.2
4.566667 2 277.3 154.3 68.0 54.9
4.600000 2 274.3 151.9 74.1 60.1
4.633333 2 274.7 152.3 73.5 59.2
4.666667 2 280.7 158.1 61.7 47.3
4.700000 2 280.7 158.4 61.8 46.9
4.733333 2 285.1 163.9 53.2 35.6
4.766667 2 288.4 166.9 46.7 29.5
4.800000 2 287.1 165.2 49.9 33.0
4.833333 2 291.4 169.1 41.2 25.5
4.866667 2 293.7 170.4 36.3 23.1
4.900000 2 294.3 170.1 35.1 23.7
4.933333 2 293.9 169.9 36.0 24.4
4.966667 2 293.8 169.8 36.2 24.7
5.000000 2 293.0 169.1 38.2 26.3
5.033333 2 291.8 168.8 40.7 27.3
5.066667 2 289.4 166.7 45.9 31.8
5.100000 2 285.8 165.0 53.4 35.8
5.133333 2 290.0 168.3 45.5 28.8
5.166667 2 293.0 170.5 39.8 24.3
5.200000 2 295.6 172.3 34.9 20.8
5.233333 2 295.5 172.2 35.0 21.1
5.266667 2 294.7 171.7 36.9 22.3
5.300000 2 291.7 168.9 43.6 28.2
5.333333 2 293.0 170.4 41.3 25.0
5.366667 2 290.4 166.8 47.1 31.7
5.400000 2 296.4 170.6 34.9 23.3
5.433333 2 298.1 172.2 31.8 19.9
5.466667 2 298.1 172.2 31.9 20.0
5.500000 2 292.4 167.0 43.7 30.4
5.533333 2 290.8 166.8 47.8 30.5
5.566667 2 290.7 162.7 48.7 37.6
5.600000 2 296.1 167.5 37.7 27.4
5.633333 2 298.7 169.8 32.6 22.2
5.666667 2 293.8 164.6 43.2 32.1
5.700000 2 292.4 165.4 46.5 30.0
5.733333 2 295.9 164.5 40.2 30.3
5.766667 2 294.9 162.8 42.6 33.0
5.800000 2 294.3 164.2 44.6 29.5
5.833333 2 298.0 164.3 37.8 27.6
5.866667 2 292.7 158.8 50.0 37.6
5.900000 2 301.0 164.2 34.0 25.0
5.933333 2 298.7 162.4 40.0 27.5
5.966667 2 298.4 159.9 42.0 31.4
6.000000 2 303.2 162.8 33.7 24.0
6.033333 2 299.4 157.2 44.0 34.5
6.066667 2 305.4 162.4 33.8 22.9
6.100000 2 300.0 156.5 47.4 34.3
6.133333 2 305.1 160.5 39.2 25.3
6.166667 2 308.3 160.6 35.6 24.5
6.200000 2 304.2 156.0 46.6 33.0
6.233333 2 308.4 158.1 41.0 28.5
6.266667 2 312.5 160.1 35.1 23.9
6.300000 2 312.2 160.0 38.3 24.3
6.333333 2 309.9 158.7 45.6 27.6
6.366667 2 311.5 157.9 44.6 29.3
6.400000 2 314.0 158.9 41.7 27.6
6.433333 2 316.3 161.4 38.8 23.3
6.466667 2 312.4 157.8 48.3 31.2
6.500000 2 317.1 160.2 40.3 26.8
6.533333 2 319.1 163.0 37.3 22.4
6.566667 2 317.6 161.1 41.4 27.1
6.600000 2 316.3 160.9 44.8 28.9
6.633333 2 322.4 165.8 32.8 20.3
6.666667 2 322.7 166.4 32.7 20.9
6.700000 2 321.5 166.8 35.2 21.8
6.733333 2 319.0 166.0 40.7 25.9
6.766667 2 316.9 164.5 45.3 31.3
6.800000 2 323.5 171.3 32.4 19.6
6.833333 2 320.4 167.4 39.3 29.9
6.866667 2 324.6 173.9 31.2 19.8
6.900000 2 323.1 173.3 35.5 24.0
6.933333 2 325.1 176.7 32.2 20.4
6.966667 2 325.2 177.1 33.4 23.3
7.000000 2 323.7 178.1 38.1 25.4
7.033333 2 322.3 179.2 42.6 27.3
7.066667 2 324.5 181.2 40.4 27.2
7.100000 2 327.5 184.5 36.7 24.7
7.133333 2 329.7 187.7 34.4 22.9
7.166667 2 326.2 184.4 44.4 34.1
7.200000 2 330.7 191.2 37.4 25.3
7.233333 2 331.6 193.7 37.5 25.1
7.266667 2 334.4 197.4 33.7 22.7
7.300000 2 332.2 195.9 40.1 30.8
7.333333 2 337.7 203.0 30.3 21.9
7.366667 2 333.9 203.6 39.4 26.5
7.400000 2 335.3 204.4 37.6 29.6
7.433333 2 337.6 210.0 33.5 23.9
7.466667 2 334.9 208.7 40.1 31.6
7.500000 2 338.6 214.2 33.0 25.6
7.533333 2 337.5 216.0 35.6 27.3
7.566667 2 337.8 219.5 35.2 25.1
7.600000 2 332.2 216.3 47.1 36.4
7.633333 2 335.6 222.8 40.0 27.9
7.666667 2 336.8 226.2 37.4 25.2
7.700000 2 338.5 228.2 33.8 24.7
7.733333 2 335.8 226.5 39.1 31.8
7.766667 2 341.0 233.4 27.8 21.0
7.800000 2 337.9 232.4 33.8 26.2
7.833333 2 336.2 234.3 36.7 25.6
7.866667 2 336.6 234.3 35.1 28.3
7.900000 2 338.9 238.7 29.7 22.0
7.933333 2 337.9 240.0 30.7 21.7
7.966667 2 339.0 241.7 27.7 20.2
8.000000 2 335.3 241.4 34.1 23.0
8.033333 2 336.8 241.8 30.2 23.5
8.066667 2 331.7 238.3 39.6 32.0
8.100000 2 337.0 244.5 27.5 20.7
8.133333 2 333.1 241.4 34.4 28.0
8.166667 2 334.6 244.7 30.2 22.3
8.200000 2 334.3 244.3 29.7 23.4
8.233333 2 329.3 240.3 39.0 32.0
8.266667 2 328.9 240.3 38.9 32.1
8.300000 2 329.3 240.4 37.6 31.8
8.333333 2 332.7 244.2 30.2 23.7
8.366667 2 333.9 245.1 27.8 21.3
8.400000 2 330.7 240.9 34.8 28.9
8.433333 2 334.0 244.6 28.5 20.6
8.466667 2 330.5 239.4 36.9 29.9
8.500000 2 332.4 242.4 34.1 22.8
8.533333 2 335.3 243.0 30.0 19.9
8.566667 2 334.4 240.8 34.2 22.8
8.600000 2 338.3 240.9 28.7 20.3
8.633333 2 340.9 240.8 26.3 18.4
8.666667 2 341.8 239.3 27.9 19.1
8.700000 2 338.7 235.4 37.6 24.7
8.733333 2 343.9 235.8 30.7 20.6
8.766667 2 347.9 235.3 26.3 18.5
8.800000 2 350.5 234.3 24.9 17.3
8.833333 2 351.4 231.5 27.1 19.4
8.866667 2 352.6 228.8 28.7 21.2
8.900000 2 354.9 227.2 28.0 20.4
8.933333 2 355.4 223.9 30.8 23.0
8.966667 2 357.3 222.2 30.7 21.8
9.000000 2 356.9 219.0 35.1 23.8
9.033333 2 361.7 217.5 28.9 21.5
9.066667 2 365.4 216.9 24.8 17.6
9.100000 2 364.9 213.0 28.7 20.2
9.133333 2 365.6 208.7 30.4 23.3
9.166667 2 368.9 208.0 26.2 19.1
9.200000 2 368.5 204.4 29.7 20.7
9.233333 2 369.3 200.8 30.5 21.8
9.266667 2 371.4 197.9 28.5 21.3
9.300000 2 369.9 192.0 34.0 26.8
9.333333 2 372.6 190.9 30.2 22.4
9.366667 2 374.3 188.7 28.6 20.5
9.400000 2 374.5 185.6 30.1 20.8
9.433333 2 374.6 182.3 31.7 21.5
9.466667 2 376.6 179.6 29.3 21.2
9.500000 2 379.7 178.3 24.7 18.4
9.533333 2 381.5 176.6 22.5 16.7
9.566667 2 380.7 173.3 25.8 18.8
9.600000 2 380.9 171.2 26.7 19.2
9.633333 2 383.4 170.2 23.1 17.3
9.666667 2 381.9 166.4 27.9 22.0
9.700000 2 383.7 166.6 25.9 18.8
9.733333 2 383.1 164.7 28.6 20.5
9.766667 2 384.5 163.7 27.1 20.8
9.800000 2 386.3 164.1 25.2 18.9
9.833333 2 383.2 160.5 33.1 25.8
9.866667 2 385.1 161.4 30.4 23.8
9.900000 2 389.7 164.9 22.4 17.1
9.933333 2 390.8 165.4 21.8 16.9
9.966667 2 389.7 165.1 25.6 19.3
10.000000 2 391.7 167.0 23.0 17.3
10.033333 2 393.4 168.5 20.9 16.5
10.066667 2 391.0 166.7 27.4 22.9
10.100000 2 393.0 170.0 24.6 19.5
10.133333 2 395.2 173.1 21.4 17.1
10.166667 2 395.0 174.5 23.3 18.6
10.200000 2 391.7 173.1 31.4 26.3
10.233333 2 396.9 179.6 22.1 18.4
10.266667 2 397.8 182.6 21.8 18.2
10.300000 2 396.5 184.2 25.7 21.0
10.333333 2 398.7 188.6 22.5 18.6
10.366667 2 396.9 190.0 27.3 22.7
10.400000 2 399.2 195.2 23.8 19.6
10.433333 2 401.3 200.6 20.7 16.3
10.466667 2 400.5 204.1 23.6 17.5
10.500000 2 400.6 207.3 24.7 19.6
10.533333 2 401.7 212.8 23.7 17.6
10.566667 2 400.2 214.8 27.9 22.8
10.600000 2 403.2 222.1 22.9 17.8
10.633333 2 403.0 226.3 24.2 19.4
10.666667 2 403.8 232.0 23.7 18.8
10.700000 2 405.1 238.2 22.0 17.2
10.733333 2 404.4 242.9 24.5 19.2
10.766667 2 403.3 247.0 27.6 22.4
