0.000000 2 394.0 30.0 35.0 29.0
0.033333 2 393.4 33.3 35.1 29.1
0.066667 2 392.0 39.5 35.5 29.7
0.100000 2 391.3 46.2 34.8 29.0
0.133333 2 390.2 51.6 35.1 29.3
0.166667 2 390.3 54.9 34.5 28.6
0.200000 2 390.2 60.8 33.4 27.7
0.233333 2 389.5 62.8 34.6 28.9
0.266667 2 389.9 67.7 33.5 27.9
0.300000 2 389.9 69.8 33.7 28.1
0.333333 2 390.4 73.8 33.8 28.2
0.366667 2 390.9 76.0 33.4 27.7
0.400000 2 391.7 79.1 34.3 28.5
0.433333 2 392.6 80.9 33.8 28.1
0.466667 2 394.3 84.3 34.2 28.5
0.500000 2 395.4 85.8 34.1 28.3
0.533333 2 397.9 88.8 34.2 28.5
0.566667 2 399.6 90.4 34.0 28.2
0.600000 2 402.9 92.6 34.4 28.8
0.633333 2 406.6 94.8 34.9 29.2
0.666667 2 408.6 95.5 35.3 29.6
0.700000 2 414.0 97.4 34.5 28.9
0.733333 2 416.6 98.0 34.5 28.6
0.766667 2 421.3 98.1 36.2 30.4
0.800000 2 427.2 100.4 34.8 29.0
0.833333 2 432.3 100.9 35.7 29.8
0.866667 2 435.1 101.5 35.7 29.7
0.900000 2 440.3 101.8 36.2 30.2
0.933333 2 445.8 102.5 35.6 29.6
0.966667 2 448.4 102.5 35.9 30.0
1.000000 2 453.6 102.9 35.4 29.6
1.033333 2 456.0 103.3 35.5 29.6
1.066667 2 460.7 103.8 35.4 29.5
1.100000 2 463.2 104.4 34.8 28.9
1.133333 2 467.6 105.3 34.7 28.7
1.166667 2 469.1 105.2 35.8 29.8
1.200000 2 472.9 106.3 35.7 29.7
1.233333 2 476.2 107.2 36.4 30.4
1.266667 2 477.7 107.7 36.9 30.9
1.300000 2 480.6 109.5 37.0 31.0
1.333333 2 484.0 112.3 35.6 29.6
1.366667 2 484.7 112.8 36.8 30.8
1.400000 2 486.9 115.4 36.7 30.8
1.433333 2 489.1 118.9 35.6 29.5
1.466667 2 489.5 120.3 36.2 30.0
1.500000 2 490.6 123.4 36.3 30.2
1.533333 2 490.9 125.2 36.5 30.4
1.566667 2 491.5 129.3 36.1 30.0
1.600000 2 491.6 133.7 35.8 29.7
1.633333 2 491.2 135.7 36.3 30.3
1.666667 2 490.4 140.1 36.3 30.2
1.700000 2 490.1 142.9 35.5 29.4
1.733333 2 488.0 146.9 36.9 30.9
1.766667 2 486.0 151.6 36.8 30.7
1.800000 2 484.9 153.9 37.1 31.0
1.833333 2 482.6 158.3 37.1 31.1
1.866667 2 480.1 162.7 37.1 30.8
1.900000 2 477.2 166.2 37.6 31.4
1.933333 2 476.0 168.6 37.2 30.9
1.966667 2 473.0 171.6 38.5 32.4
2.000000 2 471.9 173.5 38.3 32.1
2.033333 2 469.9 177.6 37.7 31.3
2.066667 2 468.9 179.3 37.6 31.2
2.100000 2 466.9 181.7 38.0 31.7
2.133333 2 466.1 182.8 38.6 32.3
2.166667 2 464.9 184.7 38.7 32.5
2.200000 2 464.8 187.8 37.7 31.4
2.233333 2 464.4 188.6 38.2 31.9
2.266667 2 464.2 190.8 38.5 32.3
2.300000 2 464.7 192.3 37.9 31.5
2.333333 2 465.1 194.1 38.6 32.5
2.366667 2 465.9 195.8 37.7 31.4
2.400000 2 466.8 197.7 38.7 32.6
2.433333 2 468.9 200.7 37.6 31.3
2.466667 2 469.5 201.8 38.0 31.8
2.500000 2 471.3 204.0 38.4 32.2
2.533333 2 473.2 206.8 38.7 32.7
2.566667 2 474.3 208.0 38.6 32.6
2.600000 2 476.4 210.8 38.6 32.7
2.633333 2 477.6 212.7 38.2 32.3
2.666667 2 479.0 215.2 39.0 33.3
2.700000 2 480.6 218.4 39.5 33.7
2.733333 2 481.5 219.9 39.5 33.9
2.766667 2 482.9 223.2 39.4 33.7
2.800000 2 484.3 226.4 39.4 33.7
2.833333 2 485.7 229.6 39.1 33.6
2.866667 2 486.7 231.8 38.2 32.5
2.900000 2 487.7 234.5 38.3 32.8
2.933333 2 488.9 238.4 37.8 32.3
2.966667 2 488.9 239.5 38.8 33.5
3.000000 2 489.9 242.7 38.4 33.1
3.033333 2 490.7 244.6 37.6 32.5
3.066667 2 491.4 247.4 37.7 32.7
3.100000 2 491.9 249.0 37.7 32.4
3.133333 2 492.3 251.6 38.4 33.1
3.166667 2 493.4 253.8 36.9 31.7
3.200000 2 493.9 256.5 37.4 32.3
3.233333 2 494.1 258.4 38.6 33.3
3.266667 2 494.8 260.8 38.4 33.1
3.300000 2 495.2 263.0 38.4 33.2
3.333333 2 496.1 264.7 37.4 32.1
3.366667 2 496.1 266.4 38.7 33.5
3.400000 2 496.9 268.8 38.1 32.7
3.433333 2 496.9 269.5 38.8 33.5
3.466667 2 497.6 271.9 38.1 32.7
3.500000 2 498.0 273.7 38.5 33.3
3.533333 2 498.2 274.6 38.6 33.3
3.566667 2 499.0 277.0 37.7 32.3
3.600000 2 499.0 277.4 38.4 33.2
3.633333 2 499.9 279.4 37.6 32.4
3.666667 2 499.9 280.6 38.5 33.2
3.700000 2 500.2 281.5 38.1 33.0
3.733333 2 500.3 282.9 38.2 33.0
3.766667 2 500.6 283.8 38.0 32.8
3.800000 2 501.1 285.4 37.4 32.1
3.833333 2 501.1 286.8 37.7 32.4
3.866667 2 501.2 287.3 37.7 32.5
3.900000 2 501.2 288.5 37.7 32.5
3.933333 2 501.0 289.8 37.7 32.4
3.966667 2 501.0 290.2 37.8 32.5
4.000000 2 500.6 291.3 37.9 32.7
4.033333 2 500.1 291.5 38.7 33.4
4.066667 2 500.0 292.9 38.5 33.3
4.100000 2 499.8 293.5 38.6 33.3
4.133333 2 499.5 294.9 38.3 33.0
4.166667 2 499.0 295.4 38.6 33.3
4.200000 2 498.9 297.2 37.9 32.6
4.233333 2 498.3 297.5 38.3 33.2
4.266667 2 497.7 298.9 38.1 32.9
4.300000 2 497.2 299.8 38.2 33.1
4.333333 2 496.4 301.5 37.9 32.9
4.366667 2 495.2 302.8 38.5 33.4
4.400000 2 494.8 304.1 37.8 32.7
4.433333 2 493.5 305.9 38.1 33.0
4.466667 2 493.1 307.1 37.6 32.6
4.500000 2 491.8 308.8 37.8 32.8
4.533333 2 491.3 310.2 37.2 32.2
4.566667 2 489.4 312.0 37.7 32.9
4.600000 2 488.7 312.9 37.7 32.8
4.633333 2 487.2 315.4 37.0 32.0
4.666667 2 486.4 316.4 36.8 31.8
4.700000 2 484.8 318.0 36.2 31.4
4.733333 2 483.4 318.3 37.0 32.0
4.766667 2 481.7 319.6 36.8 32.0
4.800000 2 480.6 319.9 37.0 32.2
4.833333 2 478.8 321.0 37.0 32.1
4.866667 2 477.7 321.2 37.4 32.4
4.900000 2 476.8 322.5 35.8 30.9
4.933333 2 474.5 321.9 37.3 32.4
4.966667 2 473.7 322.0 37.4 32.4
5.000000 2 472.5 322.1 37.2 32.1
5.033333 2 471.8 322.4 36.3 31.2
5.066667 2 471.2 322.1 36.3 31.5
5.100000 2 469.9 321.2 37.2 32.2
5.133333 2 469.7 321.1 36.8 31.9
5.166667 2 468.6 320.0 37.4 32.4
5.200000 2 468.4 319.4 36.6 31.5
5.233333 2 468.2 318.9 36.5 31.7
5.266667 2 467.6 317.6 36.6 31.6
5.300000 2 467.7 317.3 35.9 31.1
5.333333 2 466.5 315.1 37.5 32.6
5.366667 2 467.0 314.6 35.5 30.6
5.400000 2 466.2 313.1 36.7 31.8
5.433333 2 465.6 311.2 37.3 32.4
5.466667 2 465.9 310.3 35.7 30.8
5.500000 2 465.4 309.1 36.1 31.3
5.533333 2 464.7 307.5 36.4 31.4
5.566667 2 464.3 306.7 36.5 31.5
5.600000 2 464.0 305.1 36.4 31.6
5.633333 2 463.6 304.5 36.4 31.4
5.666667 2 463.1 303.0 36.4 31.6
5.700000 2 462.9 302.3 35.7 30.8
5.733333 2 461.9 301.1 37.0 32.0
5.766667 2 461.3 300.4 36.7 31.7
5.800000 2 461.0 299.9 36.6 31.8
5.833333 2 460.7 299.9 36.2 31.2
5.866667 2 459.9 299.0 36.1 31.3
5.900000 2 459.3 299.0 36.3 31.5
5.933333 2 458.3 298.6 36.6 31.6
5.966667 2 457.5 298.8 36.2 31.3
6.000000 2 456.5 298.7 36.2 31.3
6.033333 2 455.7 299.4 35.6 30.8
6.066667 2 454.3 299.6 36.3 31.4
6.100000 2 454.4 300.7 34.7 29.9
6.133333 2 453.3 301.5 35.0 30.1
6.166667 2 452.5 301.5 35.5 30.8
6.200000 2 451.5 302.5 35.3 30.7
6.233333 2 450.7 303.0 35.6 30.7
6.266667 2 449.5 304.1 35.6 30.8
6.300000 2 448.7 305.5 35.3 30.5
6.333333 2 448.3 306.3 34.8 29.8
6.366667 2 447.6 308.2 34.3 29.3
6.400000 2 446.7 308.3 35.5 30.6
6.433333 2 446.6 310.2 34.2 29.2
6.466667 2 445.4 310.9 35.8 30.8
6.500000 2 445.7 311.8 35.0 30.2
6.533333 2 445.4 312.8 35.7 30.7
6.566667 2 445.7 313.6 35.1 30.3
6.600000 2 446.7 315.1 34.1 29.1
6.633333 2 447.1 315.7 34.8 29.9
6.666667 2 447.6 316.3 34.4 29.3
6.700000 2 448.8 317.1 34.7 29.8
6.733333 2 449.8 317.3 35.2 30.2
6.766667 2 451.0 317.8 34.7 29.9
6.800000 2 452.8 318.0 34.7 29.9
6.833333 2 454.5 318.0 35.2 30.3
6.866667 2 455.6 318.0 35.0 30.2
6.900000 2 457.9 318.1 34.4 29.7
6.933333 2 460.0 317.8 34.7 30.0
6.966667 2 461.4 317.0 35.6 30.7
7.000000 2 463.5 316.8 35.6 30.7
7.033333 2 465.7 316.4 35.1 30.4
7.066667 2 466.5 316.2 35.5 30.7
7.100000 2 468.7 316.0 34.7 29.9
7.133333 2 470.6 316.1 34.0 29.2
7.166667 2 471.6 314.8 35.5 30.7
7.200000 2 472.8 314.8 34.7 30.1
7.233333 2 474.2 314.7 34.6 29.7
7.266667 2 476.2 314.7 33.1 28.3
7.300000 2 476.8 313.7 34.7 30.0
7.333333 2 477.7 314.0 34.0 29.0
7.366667 2 478.8 313.7 34.1 29.1
7.400000 2 478.9 312.9 34.9 30.2
7.433333 2 479.9 312.6 34.9 30.1
7.466667 2 480.7 313.0 34.0 29.0
7.500000 2 480.8 312.0 35.4 30.4
7.533333 2 482.1 312.8 33.4 28.5
7.566667 2 482.0 312.0 34.7 29.9
7.600000 2 482.7 311.8 34.3 29.3
7.633333 2 482.2 310.9 35.9 30.9
7.666667 2 482.9 310.8 35.1 30.3
7.700000 2 483.6 311.2 34.0 29.2
7.733333 2 483.5 310.3 34.9 29.8
7.766667 2 483.5 310.1 34.9 30.0
7.800000 2 483.8 309.7 35.0 30.2
7.833333 2 483.5 309.2 35.5 30.7
7.866667 2 484.0 309.0 35.0 30.1
7.900000 2 484.1 308.6 34.9 30.1
7.933333 2 484.3 308.7 34.6 29.6
7.966667 2 484.7 308.5 33.9 28.9
8.000000 2 484.8 308.3 33.6 28.6
8.033333 2 484.5 307.6 34.3 29.2
8.066667 2 485.0 307.7 33.4 28.4
8.100000 2 484.7 307.1 33.9 28.8
8.133333 2 484.3 306.4 34.6 29.5
8.166667 2 484.6 306.4 34.0 29.1
8.200000 2 483.8 305.2 35.4 30.4
8.233333 2 483.8 305.0 35.4 30.4
8.266667 2 484.2 304.8 34.6 29.8
8.300000 2 483.6 304.0 35.6 30.7
8.333333 2 484.0 303.9 34.8 30.0
8.366667 2 483.9 303.5 35.0 30.2
8.400000 2 483.9 302.9 34.9 30.1
8.433333 2 483.8 302.7 34.8 30.0
8.466667 2 483.7 302.0 34.8 30.0
8.500000 2 483.5 301.5 34.7 29.7
8.533333 2 483.6 301.1 34.6 29.7
8.566667 2 483.7 300.2 34.3 29.4
8.600000 2 483.5 299.7 34.6 29.6
8.633333 2 483.7 298.3 34.1 29.3
8.666667 2 483.0 296.4 35.1 30.3
8.700000 2 482.9 294.6 35.1 30.5
8.733333 2 482.5 293.5 36.0 31.1
8.766667 2 482.0 291.3 36.7 31.7
8.800000 2 481.9 290.4 36.7 31.7
8.833333 2 482.1 289.0 35.6 30.6
8.866667 2 482.2 288.0 35.2 30.1
8.900000 2 481.4 285.4 35.8 31.1
8.933333 2 481.3 283.2 35.7 30.9
8.966667 2 481.4 281.1 34.6 29.6
9.000000 2 480.8 279.4 35.4 30.7
9.033333 2 480.4 276.6 35.4 30.7
9.066667 2 479.9 273.8 35.4 30.5
9.100000 2 479.3 270.4 35.8 31.0
9.133333 2 479.0 268.8 36.0 31.0
9.166667 2 478.4 265.4 36.2 31.3
9.200000 2 477.9 263.6 36.5 31.6
9.233333 2 477.4 260.8 36.3 31.2
9.266667 2 477.4 258.0 34.9 29.9
9.300000 2 476.2 254.1 36.0 31.3
9.333333 2 476.2 253.0 35.3 30.2
9.366667 2 475.4 249.5 35.8 31.0
9.400000 2 475.1 246.8 34.8 30.0
9.433333 2 474.4 244.7 35.8 30.9
9.466667 2 473.8 241.7 35.4 30.6
9.500000 2 473.4 240.3 35.3 30.4
9.533333 2 472.6 237.1 35.6 30.7
9.566667 2 472.6 236.4 34.7 29.7
9.600000 2 471.4 233.2 35.1 30.1
9.633333 2 471.0 231.7 34.9 30.2
9.666667 2 470.1 229.2 35.1 30.2
9.700000 2 469.4 228.2 35.3 30.3
9.733333 2 468.7 225.9 34.8 30.1
9.766667 2 468.9 225.3 33.6 28.8
9.800000 2 467.0 222.1 35.2 30.3
9.833333 2 466.4 221.2 35.4 30.6
9.866667 2 465.3 218.7 35.5 30.8
9.900000 2 464.3 217.7 36.2 31.3
9.933333 2 462.5 213.6 35.9 31.1
9.966667 2 461.9 212.0 35.4 30.4
10.000000 2 461.3 210.5 36.0 31.2
10.033333 2 460.5 208.6 35.8 30.9
10.066667 2 460.2 207.6 36.0 31.1
10.100000 2 459.9 206.0 35.6 30.4
10.133333 2 459.4 203.8 36.1 31.1
10.166667 2 459.3 202.8 36.1 31.1
10.200000 2 459.9 201.5 35.2 30.4
10.233333 2 460.4 200.8 34.6 29.6
10.266667 2 460.5 198.7 34.9 30.0
10.300000 2 460.9 197.6 35.0 30.2
10.333333 2 461.6 196.1 34.5 29.6
10.366667 2 461.6 194.6 35.1 30.4
