0.000000 2 124.9 22.9 75.8 39.2
0.033333 2 124.4 24.2 76.4 39.5
0.066667 2 123.3 26.0 77.0 40.5
0.100000 2 122.5 27.1 77.6 41.3
0.133333 2 121.7 28.8 78.3 42.4
0.166667 2 121.0 30.6 78.9 43.3
0.200000 2 120.2 31.4 79.7 44.2
0.233333 2 120.2 33.4 79.5 44.1
0.266667 2 120.3 34.7 78.8 43.4
0.300000 2 120.7 37.0 78.2 42.3
0.333333 2 120.6 38.9 78.6 41.7
0.366667 2 121.0 40.7 78.4 41.1
0.400000 2 121.6 42.2 78.1 40.8
0.433333 2 121.8 43.3 78.7 41.3
0.466667 2 122.3 43.8 78.3 41.2
0.500000 2 123.2 45.6 79.0 41.8
0.533333 2 123.9 47.0 79.2 42.3
0.566667 2 124.2 47.6 79.6 42.6
0.600000 2 125.3 49.6 79.2 42.7
0.633333 2 125.6 50.4 79.5 43.2
0.666667 2 126.9 52.9 78.9 42.7
0.700000 2 127.0 54.1 79.7 42.9
0.733333 2 128.0 57.0 80.0 42.4
0.766667 2 129.2 60.0 80.2 42.3
0.800000 2 129.6 61.3 80.6 42.3
0.833333 2 130.8 64.3 80.8 42.5
0.866667 2 131.8 67.1 81.4 43.4
0.900000 2 132.9 70.2 81.8 44.0
0.933333 2 134.2 73.5 81.9 44.3
0.966667 2 134.9 75.1 82.0 44.5
1.000000 2 136.3 78.5 82.2 44.6
1.033333 2 136.6 79.9 83.0 45.6
1.066667 2 138.1 83.3 83.5 45.8
1.100000 2 138.6 84.8 84.0 46.4
1.133333 2 140.0 88.1 84.7 46.9
1.166667 2 141.7 91.6 84.9 47.0
1.200000 2 142.5 93.3 85.1 47.2
1.233333 2 144.1 96.3 86.2 47.7
1.266667 2 146.3 99.9 86.2 47.8
1.300000 2 148.4 102.8 86.6 48.6
1.333333 2 149.4 104.4 87.2 48.8
1.366667 2 151.9 107.3 87.5 49.7
1.400000 2 153.0 108.8 87.8 50.0
1.433333 2 157.3 113.2 88.5 50.7
1.466667 2 158.7 115.0 88.7 50.3
1.500000 2 162.3 118.2 88.3 50.0
1.533333 2 164.1 120.2 88.2 49.2
1.566667 2 168.2 124.1 87.4 47.5
1.600000 2 172.3 127.9 86.7 46.1
1.633333 2 174.2 129.5 86.7 45.9
1.666667 2 178.5 133.6 85.9 44.5
1.700000 2 182.8 137.1 85.5 43.9
1.733333 2 189.1 142.2 85.7 43.5
1.766667 2 191.1 143.9 85.6 43.6
1.800000 2 195.7 147.3 85.4 43.8
1.833333 2 199.6 150.3 86.5 44.7
1.866667 2 202.3 152.5 85.5 43.8
1.900000 2 207.0 156.5 85.7 43.0
1.933333 2 209.4 158.6 85.6 42.4
1.966667 2 214.9 163.6 84.3 39.8
2.000000 2 217.4 165.6 84.4 39.3
2.033333 2 223.1 170.7 83.0 36.8
2.066667 2 225.7 172.9 82.6 36.2
2.100000 2 230.2 176.1 83.4 37.6
2.133333 2 235.0 179.8 83.3 38.8
2.166667 2 237.2 182.0 83.8 38.8
2.200000 2 241.6 185.9 84.2 39.8
2.233333 2 243.9 188.2 84.0 40.0
2.266667 2 247.9 192.7 84.7 40.5
2.300000 2 250.0 195.1 85.0 40.5
2.333333 2 254.0 199.9 85.4 40.8
2.366667 2 257.9 205.0 85.5 41.0
2.400000 2 260.2 207.9 85.1 40.7
2.433333 2 263.9 213.0 85.6 41.1
2.466667 2 267.7 218.7 85.6 40.9
2.500000 2 269.2 221.8 85.9 40.3
2.533333 2 273.1 228.3 85.3 38.8
2.566667 2 275.2 231.5 84.9 38.3
2.600000 2 279.1 238.1 84.3 36.7
2.633333 2 280.4 240.4 85.2 38.0
2.666667 2 283.6 246.1 85.7 38.6
2.700000 2 286.8 252.1 86.4 38.6
2.733333 2 288.8 255.8 85.9 37.6
2.766667 2 292.2 261.8 86.2 37.5
2.800000 2 293.5 264.0 87.1 39.0
2.833333 2 296.7 269.7 87.4 38.9
2.866667 2 297.9 271.9 88.3 40.0
2.900000 2 301.6 277.9 87.7 39.0
2.933333 2 302.9 280.2 88.4 39.3
2.966667 2 306.3 285.8 88.0 38.4
3.000000 2 309.4 290.3 88.5 39.4
3.033333 2 310.7 292.9 88.8 39.2
3.066667 2 313.9 297.7 89.0 39.4
3.100000 2 315.3 300.1 89.4 39.4
3.133333 2 318.5 304.8 89.4 38.9
3.166667 2 320.0 307.2 89.6 38.9
3.200000 2 323.3 311.5 89.4 39.0
3.233333 2 324.8 313.3 89.9 39.7
3.266667 2 327.6 317.4 90.4 40.3
3.300000 2 330.7 321.4 90.4 40.3
3.333333 2 332.5 323.4 90.4 40.3
3.366667 2 335.8 327.6 89.9 39.4
3.400000 2 337.1 329.4 90.3 39.7
3.433333 2 340.3 333.0 90.3 39.2
3.466667 2 343.2 335.8 90.8 40.3
3.500000 2 346.6 338.8 90.5 40.4
3.533333 2 349.7 341.4 91.0 40.7
3.566667 2 351.7 342.9 90.5 40.4
3.600000 2 354.7 344.9 91.1 40.9
3.633333 2 356.8 346.5 90.5 40.2
3.666667 2 360.2 348.2 90.8 40.8
3.700000 2 363.7 350.2 90.7 40.8
3.733333 2 365.7 351.1 90.6 40.4
3.766667 2 369.4 353.2 90.4 39.8
3.800000 2 373.1 354.6 90.4 39.9
3.833333 2 375.1 355.5 90.4 39.5
3.866667 2 379.0 357.0 90.0 39.0
3.900000 2 381.0 360.0 92.0 36.0
3.933333 2 386.0 363.0 96.0 34.0
3.966667 2 385.0 363.0 92.0 32.0
4.000000 2 393.0 361.0 87.0 38.0
4.033333 2 401.0 366.0 86.0 32.0
4.066667 2 406.0 364.0 80.0 35.0
4.100000 2 411.0 365.0 72.0 37.0
4.133333 2 414.0 367.0 69.0 38.0
4.166667 2 417.0 363.0 76.0 43.0
4.200000 2 423.0 369.0 67.0 37.0
4.233333 2 423.0 366.0 75.0 45.0
4.266667 2 425.0 366.0 75.0 44.0
4.300000 2 426.0 369.0 74.0 41.0
4.333333 2 426.0 369.0 76.0 47.0
4.366667 2 431.0 361.0 71.0 55.0
4.400000 2 431.0 361.0 70.0 56.0
4.433333 2 435.0 372.0 66.0 45.0
4.466667 2 435.0 372.0 66.0 51.0
4.500000 2 438.0 377.0 63.0 46.0
4.533333 2 438.0 377.0 66.0 46.0
4.566667 2 434.0 378.0 70.0 45.0
4.600000 2 434.0 378.0 66.0 47.0
4.633333 2 438.0 380.0 62.0 45.0
4.666667 2 438.0 380.0 63.0 52.0
4.700000 2 436.0 387.0 65.0 45.0
4.733333 2 436.0 387.0 62.0 45.0
4.766667 2 429.0 389.0 69.0 43.0
4.800000 2 429.0 388.0 75.0 50.0
4.833333 2 431.0 390.0 73.0 48.0
4.866667 2 431.0 390.0 67.0 54.0
4.900000 2 430.0 390.0 68.0 54.0
4.933333 2 430.0 390.0 63.0 54.0
4.966667 2 428.0 399.0 65.0 45.0
5.000000 2 428.0 399.0 67.0 51.0
5.033333 2 419.0 400.0 76.0 50.0
5.066667 2 419.0 400.0 73.0 50.0
5.100000 2 417.0 404.0 75.0 46.0
5.133333 2 417.0 404.0 76.0 51.0
5.166667 2 415.0 410.0 77.0 45.0
5.200000 2 415.0 410.0 68.0 46.0
5.233333 2 411.0 419.0 72.0 37.0
5.266667 2 411.0 419.0 64.0 40.0
5.300000 2 408.0 424.0 67.0 35.0
5.333333 2 408.0 424.0 63.0 39.0
5.366667 2 403.0 427.0 68.0 36.0
5.400000 2 403.0 427.0 65.0 35.0
5.433333 2 395.0 432.0 73.0 30.0
5.466667 2 395.0 432.0 64.0 35.0
5.500000 2 394.0 431.0 66.0 34.0
5.533333 2 394.0 431.0 62.0 35.0
5.566667 2 390.0 432.0 66.0 34.0
5.600000 2 390.0 432.0 61.0 36.0
5.633333 2 384.0 435.0 67.0 33.0
5.666667 2 384.0 435.0 66.0 33.0
5.700000 2 386.0 430.0 62.0 38.0
5.733333 2 386.0 430.0 55.0 34.0
5.766667 2 377.0 431.0 65.0 33.0
5.800000 2 377.0 431.0 62.0 31.0
5.833333 2 379.0 426.0 60.0 36.0
5.866667 2 379.0 426.0 60.0 35.0
5.900000 2 372.0 424.0 67.0 37.0
5.933333 2 372.0 424.0 61.0 34.0
5.966667 2 372.0 424.0 61.0 34.0
6.000000 2 372.0 424.0 63.0 35.0
6.033333 2 369.0 417.0 66.0 42.0
6.066667 2 369.0 417.0 66.0 39.0
6.100000 2 369.0 414.0 66.0 42.0
6.133333 2 369.0 414.0 60.0 33.0
6.166667 2 368.0 405.0 61.0 42.0
6.200000 2 368.0 405.0 64.0 36.0
6.233333 2 364.0 402.0 68.0 39.0
6.266667 2 365.0 402.0 70.0 32.0
6.300000 2 368.0 393.0 67.0 41.0
6.333333 2 368.0 393.0 66.0 34.0
6.366667 2 366.0 387.0 68.0 40.0
6.400000 2 369.0 389.0 69.0 30.0
6.433333 2 369.0 378.0 69.0 41.0
6.466667 2 369.0 378.0 67.0 36.0
6.500000 2 369.0 370.0 67.0 44.0
6.533333 2 369.0 370.0 69.0 36.0
6.566667 2 359.1 354.4 84.0 51.0
6.600000 2 357.1 354.4 83.9 51.5
6.633333 2 357.6 352.1 83.9 51.5
6.666667 2 358.4 347.5 83.4 51.4
6.700000 2 359.6 345.7 82.9 50.5
6.733333 2 360.4 341.3 83.1 51.1
6.766667 2 361.5 337.1 82.6 50.8
6.800000 2 362.9 335.4 81.3 50.1
6.833333 2 363.7 331.1 81.3 50.4
6.866667 2 365.3 327.6 80.4 49.7
6.900000 2 366.1 325.8 79.7 49.1
6.933333 2 367.6 322.3 78.6 48.4
6.966667 2 368.0 320.3 79.0 48.8
7.000000 2 368.6 316.1 79.2 49.1
7.033333 2 369.2 314.5 78.9 48.9
7.066667 2 370.4 311.2 78.5 48.6
7.100000 2 371.6 307.5 77.8 48.7
7.133333 2 372.3 306.0 77.5 48.2
7.166667 2 373.1 301.9 77.4 48.7
7.200000 2 374.2 301.1 76.1 47.4
7.233333 2 375.3 297.8 75.7 47.4
7.266667 2 375.6 296.1 75.6 47.2
7.300000 2 376.9 293.5 74.8 46.4
7.333333 2 378.0 290.3 74.1 46.1
7.366667 2 378.5 289.1 74.0 45.7
7.400000 2 379.8 287.0 73.2 44.7
7.433333 2 380.5 285.9 72.4 43.9
7.466667 2 381.3 283.3 71.9 43.7
7.500000 2 382.2 282.4 71.2 43.2
7.533333 2 383.1 280.3 70.5 42.4
7.566667 2 383.8 278.7 69.7 41.7
7.600000 2 384.5 278.1 69.1 41.0
7.633333 2 384.8 275.3 69.2 41.3
7.666667 2 385.0 275.0 68.6 40.5
7.700000 2 385.4 274.0 67.9 39.4
7.733333 2 385.8 272.9 67.4 39.1
7.766667 2 385.9 273.1 66.4 37.7
7.800000 2 385.9 272.2 65.8 37.1
7.833333 2 385.8 271.7 65.5 37.2
7.866667 2 385.8 271.2 64.2 36.3
7.900000 2 385.3 270.8 63.5 36.0
7.933333 2 385.1 270.9 63.6 36.3
7.966667 2 383.8 269.8 64.0 37.2
8.000000 2 383.2 270.0 63.1 36.9
8.033333 2 382.3 269.6 63.6 37.6
8.066667 2 381.4 269.6 63.1 37.8
8.100000 2 380.9 269.8 63.1 37.6
8.133333 2 379.7 269.7 63.2 38.0
8.166667 2 379.0 270.9 62.0 37.1
8.200000 2 378.3 270.7 62.4 37.4
8.233333 2 377.0 271.3 62.4 37.4
8.266667 2 376.1 271.9 62.3 37.4
8.300000 2 375.6 272.5 62.0 36.9
8.333333 2 374.2 272.6 62.1 37.0
8.366667 2 373.4 272.6 62.4 37.1
8.400000 2 371.7 272.5 62.9 37.2
8.433333 2 370.4 272.2 62.2 36.5
8.466667 2 369.2 271.6 61.7 35.7
8.500000 2 368.7 270.9 61.0 35.1
8.533333 2 367.3 269.7 60.2 34.2
8.566667 2 366.0 267.7 59.3 33.7
8.600000 2 364.9 266.6 59.4 33.9
8.633333 2 363.1 264.2 59.2 33.9
8.666667 2 361.0 261.1 59.2 34.4
8.700000 2 360.1 259.9 58.9 34.5
8.733333 2 358.0 256.7 59.0 34.9
8.766667 2 356.8 255.2 59.0 35.0
8.800000 2 354.9 252.0 58.9 35.1
8.833333 2 353.0 248.8 58.6 35.1
8.866667 2 352.3 247.4 57.9 34.3
8.900000 2 351.6 245.8 57.7 34.2
8.933333 2 349.7 242.1 57.5 34.2
8.966667 2 347.8 238.6 57.1 33.6
9.000000 2 347.3 236.7 56.9 33.4
9.033333 2 345.5 232.7 56.6 33.3
9.066667 2 344.7 230.9 56.3 32.7
9.100000 2 343.1 226.6 56.0 32.5
9.133333 2 341.2 221.8 55.9 32.6
9.166667 2 340.3 219.6 55.8 32.4
9.200000 2 338.9 215.1 55.5 32.4
9.233333 2 337.8 212.5 55.7 32.5
9.266667 2 336.3 208.1 55.6 32.4
9.300000 2 335.7 206.1 55.0 31.8
9.333333 2 334.3 201.4 54.8 31.5
9.366667 2 333.2 197.2 54.3 31.0
9.400000 2 332.1 192.7 53.9 30.7
9.433333 2 331.3 190.6 53.9 30.5
9.466667 2 330.1 185.8 53.7 30.6
9.500000 2 328.9 181.3 53.8 30.7
9.533333 2 328.1 178.9 53.8 30.5
9.566667 2 327.0 174.3 53.6 30.4
9.600000 2 326.5 172.1 53.6 30.3
9.633333 2 325.5 167.4 53.3 30.0
9.666667 2 324.4 162.2 53.5 30.5
9.700000 2 323.6 157.0 53.6 30.8
9.733333 2 323.6 155.2 52.6 29.6
9.766667 2 322.8 150.2 52.7 29.9
9.800000 2 322.1 145.3 53.1 30.2
9.833333 2 322.0 140.9 52.3 29.4
9.866667 2 321.6 136.1 52.3 29.3
9.900000 2 321.3 133.6 52.5 29.5
9.933333 2 321.3 128.9 52.0 29.1
9.966667 2 321.2 126.8 52.1 29.1
10.000000 2 321.0 122.0 52.0 29.0
