0.033333 2 348.0 227.0 24.0 16.0
0.066667 2 347.0 227.0 25.0 16.0
0.100000 2 347.0 227.0 22.0 17.0
0.133333 2 347.0 226.0 22.0 18.0
0.166667 2 347.0 226.0 25.0 17.0
0.200000 2 347.0 226.0 25.0 17.0
0.233333 2 347.0 226.0 28.0 16.0
0.266667 2 348.0 224.0 27.0 18.0
0.300000 2 348.0 224.0 28.0 18.0
0.333333 2 351.0 223.0 25.0 19.0
0.366667 2 351.0 223.0 27.0 17.0
0.400000 2 351.0 222.0 27.0 18.0
0.433333 2 351.0 222.0 24.0 18.0
0.466667 2 351.0 222.0 24.0 18.0
0.500000 2 351.0 222.0 29.0 17.0
0.533333 2 354.0 217.0 26.0 22.0
0.566667 2 354.0 217.0 25.0 23.0
0.600000 2 354.0 220.0 25.0 20.0
0.633333 2 354.0 220.0 26.0 19.0
0.666667 2 357.0 223.0 23.0 16.0
0.700000 2 357.0 223.0 23.0 15.0
0.733333 2 357.0 219.0 23.0 19.0
0.766667 2 357.0 219.0 25.0 19.0
0.800000 2 357.0 217.0 25.0 21.0
0.833333 2 357.0 217.0 23.0 19.0
0.866667 2 356.0 217.0 24.0 19.0
0.900000 2 356.0 216.0 25.0 21.0
0.933333 2 358.0 217.0 23.0 20.0
0.966667 2 358.0 217.0 23.0 20.0
1.000000 2 356.0 214.0 25.0 23.0
1.033333 2 356.0 214.0 28.0 23.0
1.066667 2 356.0 214.0 28.0 23.0
1.100000 2 356.0 214.0 24.0 17.0
1.133333 2 354.0 213.0 26.0 18.0
1.166667 2 354.0 213.0 27.0 21.0
1.200000 2 355.0 213.0 26.0 21.0
1.233333 2 355.0 213.0 24.0 20.0
1.266667 2 355.0 214.0 24.0 19.0
1.300000 2 355.0 214.0 26.0 18.0
1.333333 2 356.0 213.0 25.0 19.0
1.366667 2 356.0 213.0 20.0 17.0
1.400000 2 355.0 213.0 21.0 17.0
1.433333 2 355.0 213.0 25.0 19.0
1.466667 2 355.0 209.0 25.0 23.0
1.500000 2 355.0 209.0 23.0 22.0
1.533333 2 352.0 208.0 26.0 23.0
1.566667 2 352.0 208.0 24.0 21.0
1.600000 2 354.0 211.0 22.0 18.0
1.633333 2 354.0 211.0 21.0 17.0
1.666667 2 354.0 210.0 21.0 18.0
1.700000 2 354.0 210.0 21.0 18.0
1.733333 2 351.0 208.0 24.0 20.0
1.766667 2 351.0 208.0 22.0 20.0
1.800000 2 350.0 208.0 23.0 20.0
1.833333 2 350.0 208.0 24.0 21.0
1.866667 2 347.0 205.0 27.0 24.0
1.900000 2 347.0 205.0 30.0 24.0
1.933333 2 349.0 208.0 28.0 21.0
1.966667 2 349.0 208.0 29.0 21.0
2.000000 2 348.0 208.0 30.0 21.0
2.033333 2 348.0 208.0 27.0 21.0
2.066667 2 347.0 208.0 28.0 21.0
2.100000 2 347.0 208.0 26.0 20.0
2.133333 2 345.0 207.0 27.0 19.0
2.166667 2 345.0 207.0 29.0 23.0
2.200000 2 345.0 206.0 29.0 24.0
2.233333 2 345.0 206.0 30.0 23.0
2.266667 2 343.0 208.0 32.0 21.0
2.300000 2 343.0 208.0 31.0 22.0
2.333333 2 345.0 209.0 29.0 21.0
2.366667 2 345.0 209.0 26.0 20.0
2.400000 2 341.0 209.0 30.0 20.0
2.433333 2 341.0 209.0 36.0 24.0
2.466667 2 345.0 209.0 32.0 24.0
2.500000 2 345.0 209.0 26.0 26.0
2.533333 2 344.0 211.0 27.0 24.0
2.566667 2 344.0 211.0 25.0 20.0
2.600000 2 345.0 212.0 25.0 19.0
2.633333 2 345.0 212.0 24.0 21.0
2.666667 2 340.0 212.0 29.0 21.0
2.700000 2 340.0 211.0 33.0 27.0
2.733333 2 341.0 215.0 32.0 23.0
2.766667 2 340.0 214.0 28.0 20.0
2.800000 2 339.0 214.0 29.0 20.0
2.833333 2 339.0 214.0 34.0 24.0
2.866667 2 339.0 220.0 35.0 18.0
2.900000 2 339.0 220.0 26.0 17.0
2.933333 2 342.0 219.0 23.0 18.0
2.966667 2 342.0 219.0 22.0 19.0
3.000000 2 340.0 222.0 24.0 16.0
3.033333 2 339.0 221.0 26.0 20.0
3.066667 2 339.0 221.0 27.0 20.0
3.100000 2 339.0 220.0 30.0 22.0
3.133333 2 339.0 221.0 30.0 21.0
3.166667 2 339.0 221.0 27.0 26.0
3.200000 2 336.0 223.0 28.0 20.0
3.233333 2 342.0 222.0 24.0 24.0
3.266667 2 339.0 226.0 27.0 20.0
3.300000 2 339.0 226.0 24.0 21.0
3.333333 2 339.0 228.0 24.0 19.0
3.366667 2 339.0 228.0 25.0 21.0
3.400000 2 340.0 230.0 24.0 20.0
3.433333 2 336.0 229.0 28.0 21.0
3.466667 2 336.0 229.0 27.0 24.0
3.500000 2 336.0 231.0 27.0 22.0
3.533333 2 336.0 231.0 27.0 25.0
3.566667 2 339.0 234.0 25.0 22.0
3.600000 2 339.0 234.0 20.0 24.0
3.633333 2 337.0 238.0 22.0 20.0
3.666667 2 337.0 238.0 26.0 17.0
3.700000 2 338.0 240.0 25.0 15.0
3.733333 2 338.0 239.0 22.0 22.0
3.766667 2 336.0 239.0 25.0 22.0
3.800000 2 336.0 239.0 28.0 22.0
3.833333 2 337.0 244.0 29.0 17.0
3.866667 2 336.0 244.0 29.0 21.0
3.900000 2 336.0 249.0 29.0 16.0
3.933333 2 336.0 248.0 27.0 18.0
3.966667 2 333.0 248.0 30.0 18.0
4.000000 2 332.0 248.0 32.0 25.0
4.033333 2 335.0 254.0 29.0 19.0
4.066667 2 335.0 253.0 28.0 19.0
4.100000 2 336.0 256.0 27.0 16.0
4.133333 2 335.0 255.0 30.0 23.0
4.166667 2 336.0 261.0 29.0 17.0
4.200000 2 335.0 259.0 28.0 20.0
4.233333 2 336.0 264.0 27.0 15.0
4.266667 2 336.0 262.0 23.0 20.0
4.300000 2 330.0 264.0 29.0 18.0
4.333333 2 332.0 261.0 31.0 25.0
4.366667 2 335.0 267.0 28.0 18.0
4.400000 2 335.0 266.0 28.0 25.0
4.433333 2 337.0 271.0 26.0 20.0
4.466667 2 337.0 270.0 22.0 24.0
4.500000 2 335.0 275.0 24.0 19.0
4.533333 2 334.0 273.0 25.0 23.0
4.566667 2 333.0 274.0 27.0 22.0
4.600000 2 333.0 272.0 28.0 27.0
4.633333 2 335.0 279.0 26.0 20.0
4.666667 2 335.0 278.0 27.0 24.0
4.700000 2 338.0 282.0 25.0 19.0
4.733333 2 338.0 282.0 22.0 23.0
4.766667 2 333.0 288.0 28.0 17.0
4.800000 2 333.0 285.0 27.0 23.0
4.833333 2 335.0 288.0 25.0 20.0
4.866667 2 335.0 287.0 25.0 22.0
4.900000 2 339.0 292.0 21.0 17.0
4.933333 2 339.0 291.0 20.0 21.0
4.966667 2 337.0 295.0 22.0 17.0
5.000000 2 337.0 295.0 21.0 20.0
5.033333 2 337.0 297.0 21.0 18.0
5.066667 2 337.0 297.0 21.0 21.0
5.100000 2 338.0 297.0 21.0 21.0
5.133333 2 338.0 296.0 24.0 25.0
5.166667 2 338.0 303.0 24.0 18.0
5.200000 2 337.0 302.0 21.0 19.0
5.233333 2 339.0 306.0 20.0 15.0
5.266667 2 339.0 306.0 24.0 19.0
5.300000 2 339.0 308.0 24.0 16.0
5.333333 2 339.0 308.0 22.0 19.0
5.366667 2 339.0 306.0 22.0 21.0
5.400000 2 339.0 306.0 22.0 24.0
5.433333 2 339.0 308.0 23.0 22.0
5.466667 2 339.0 306.0 24.0 24.0
5.500000 2 338.0 309.0 25.0 19.0
5.533333 2 337.0 308.0 26.0 22.0
5.566667 2 338.0 309.0 25.0 19.0
5.600000 2 338.0 308.0 27.0 23.0
5.633333 2 339.0 312.0 27.0 19.0
5.666667 2 339.0 309.0 24.0 21.0
5.700000 2 336.0 309.0 27.0 21.0
5.733333 2 336.0 309.0 30.0 22.0
5.766667 2 338.0 310.0 28.0 21.0
5.800000 2 338.0 310.0 22.0 21.0
5.833333 2 337.0 308.0 24.0 22.0
5.866667 2 337.0 308.0 25.0 21.0
5.900000 2 341.0 309.0 21.0 20.0
5.933333 2 341.0 308.0 22.0 21.0
5.966667 2 338.0 308.0 25.0 21.0
6.000000 2 338.0 308.0 22.0 18.0
6.033333 2 340.0 306.0 23.0 20.0
6.066667 2 340.0 306.0 26.0 21.0
6.100000 2 341.0 303.0 25.0 24.0
6.133333 2 341.0 302.0 22.0 25.0
6.166667 2 337.0 305.0 26.0 22.0
6.200000 2 337.0 305.0 29.0 19.0
6.233333 2 338.0 299.0 29.0 25.0
6.266667 2 338.0 298.0 31.0 23.0
6.300000 2 340.0 300.0 26.0 21.0
6.333333 2 340.0 300.0 26.0 21.0
6.366667 2 340.0 300.0 28.0 18.0
6.400000 2 340.0 297.0 28.0 21.0
6.433333 2 340.0 297.0 28.0 25.0
6.466667 2 340.0 300.0 29.0 21.0
6.500000 2 343.0 299.0 22.0 13.0
6.533333 2 341.0 294.0 24.0 18.0
6.566667 2 342.0 293.0 27.0 19.0
6.600000 2 345.0 291.0 25.0 21.0
6.633333 2 345.0 291.0 25.0 17.0
6.666667 2 346.0 289.0 25.0 19.0
6.700000 2 345.0 288.0 25.0 17.0
6.733333 2 346.0 288.0 24.0 17.0
6.766667 2 346.0 288.0 20.0 15.0
6.800000 2 348.0 284.0 19.0 19.0
6.833333 2 348.0 282.0 24.0 19.0
6.866667 2 345.0 283.0 27.0 18.0
6.900000 2 345.0 282.0 21.0 16.0
6.933333 2 346.0 276.0 22.0 22.0
6.966667 2 346.0 275.0 29.0 19.0
7.000000 2 348.0 276.0 27.0 18.0
7.033333 2 348.0 276.0 21.0 16.0
7.066667 2 348.0 273.0 21.0 19.0
7.100000 2 348.0 273.0 26.0 17.0
7.133333 2 347.0 269.0 27.0 21.0
7.166667 2 347.0 269.0 25.0 21.0
7.200000 2 343.0 266.0 29.0 24.0
7.233333 2 343.0 266.0 30.0 19.0
7.266667 2 350.0 264.0 24.0 21.0
7.300000 2 350.0 264.0 22.0 16.0
7.333333 2 351.0 264.0 21.0 16.0
7.366667 2 351.0 264.0 23.0 15.0
7.400000 2 349.0 257.0 25.0 22.0
7.433333 2 349.0 257.0 26.0 19.0
7.466667 2 348.0 253.0 27.0 23.0
7.500000 2 348.0 253.0 30.0 21.0
7.533333 2 348.0 250.0 30.0 24.0
7.566667 2 348.0 250.0 30.0 20.0
7.600000 2 351.0 249.0 27.0 21.0
7.633333 2 351.0 249.0 25.0 17.0
7.666667 2 352.0 244.0 24.0 22.0
7.700000 2 352.0 244.0 25.0 17.0
7.733333 2 354.0 242.0 23.0 19.0
7.766667 2 354.0 242.0 22.0 16.0
7.800000 2 355.0 238.0 23.0 20.0
7.833333 2 354.0 238.0 25.0 18.0
7.866667 2 355.0 233.0 24.0 22.0
7.900000 2 355.0 233.0 25.0 21.0
7.933333 2 354.0 232.0 26.0 22.0
7.966667 2 354.0 232.0 23.0 17.0
8.000000 2 359.0 228.0 18.0 21.0
8.033333 2 359.0 228.0 21.0 15.0
8.066667 2 354.0 222.0 26.0 21.0
8.100000 2 354.0 222.0 27.0 17.0
8.133333 2 356.0 217.0 25.0 22.0
8.166667 2 356.0 217.0 22.0 18.0
8.200000 2 360.0 216.0 18.0 19.0
8.233333 2 360.0 216.0 21.0 17.0
8.266667 2 356.0 211.0 25.0 22.0
8.300000 2 356.0 211.0 24.0 17.0
8.333333 2 354.0 204.0 27.0 24.0
8.366667 2 354.0 204.0 26.0 24.0
8.400000 2 354.0 201.0 26.0 25.0
8.433333 2 354.0 201.0 24.0 21.0
8.466667 2 356.0 199.0 22.0 23.0
8.500000 2 356.0 199.0 19.0 18.0
8.533333 2 351.0 195.0 25.0 22.0
8.566667 2 351.0 195.0 21.0 18.0
8.600000 2 357.0 190.0 15.0 23.0
8.633333 2 357.0 190.0 16.0 18.0
8.666667 2 351.0 188.0 22.0 20.0
8.700000 2 351.0 188.0 21.0 16.0
8.733333 2 349.0 183.0 23.0 21.0
8.766667 2 349.0 183.0 22.0 18.0
8.800000 2 348.0 178.0 23.0 23.0
8.833333 2 348.0 178.0 21.0 21.0
8.866667 2 345.0 174.0 24.0 25.0
8.900000 2 345.0 174.0 23.0 21.0
8.933333 2 343.0 171.0 24.0 22.0
8.966667 2 343.0 171.0 22.0 19.0
9.000000 2 342.0 166.0 23.0 24.0
9.033333 2 342.0 166.0 18.0 19.0
9.066667 2 340.0 163.0 20.0 22.0
9.100000 2 340.0 163.0 23.0 18.0
9.133333 2 336.0 159.0 27.0 22.0
9.166667 2 336.0 159.0 27.0 19.0
9.200000 2 335.0 153.0 28.0 25.0
9.233333 2 335.0 153.0 25.0 19.0
9.266667 2 333.0 152.0 27.0 20.0
9.300000 2 333.0 152.0 23.0 17.0
9.333333 2 332.0 147.0 23.0 21.0
9.366667 2 332.0 147.0 22.0 13.0
9.400000 2 330.0 142.0 24.0 18.0
9.433333 2 329.0 142.0 27.0 18.0
9.466667 2 327.0 136.0 28.0 23.0
9.500000 2 327.0 136.0 24.0 19.0
9.533333 2 327.0 134.0 24.0 20.0
9.566667 2 327.0 134.0 23.0 16.0
9.600000 2 326.0 125.0 24.0 25.0
9.633333 2 326.0 125.0 22.0 20.0
9.666667 2 323.0 122.0 25.0 23.0
9.700000 2 323.0 122.0 26.0 20.0
9.733333 2 321.0 118.0 27.0 24.0
9.766667 2 321.0 118.0 24.0 18.0
9.800000 2 321.0 114.0 24.0 22.0
9.833333 2 321.0 114.0 24.0 19.0
9.866667 2 321.0 110.0 24.0 21.0
9.900000 2 321.0 109.0 21.0 16.0
9.933333 2 316.0 107.0 26.0 18.0
9.966667 2 316.0 107.0 27.0 20.0
10.000000 2 315.0 103.0 28.0 23.0
10.033333 2 315.0 103.0 27.0 19.0
10.066667 2 316.0 101.0 26.0 21.0
10.100000 2 316.0 101.0 21.0 17.0
10.133333 2 315.0 100.0 22.0 18.0
10.166667 2 315.0 100.0 21.0 15.0
10.200000 2 312.0 97.0 24.0 18.0
10.233333 2 312.0 97.0 26.0 15.0
10.266667 2 314.0 91.0 22.0 19.0
10.300000 2 314.0 91.0 19.0 21.0
10.333333 2 312.0 91.0 21.0 21.0
10.366667 2 312.0 91.0 21.0 19.0
10.400000 2 307.0 85.0 26.0 25.0
10.433333 2 312.0 88.0 24.0 24.0
10.466667 2 306.0 85.0 30.0 27.0
10.500000 2 306.0 85.0 27.0 20.0
10.533333 2 306.4 83.1 26.6 21.9
