0.000000 2 198.4 230.0 35.6 30.0
0.033333 2 192.0 229.0 42.0 31.0
0.066667 2 192.0 229.0 37.0 31.0
0.100000 2 195.0 230.0 34.0 30.0
0.133333 2 195.0 230.0 37.0 29.0
0.166667 2 194.0 235.0 38.0 24.0
0.200000 2 194.0 235.0 37.0 26.0
0.233333 2 194.0 236.0 37.0 25.0
0.266667 2 194.0 236.0 31.0 24.0
0.300000 2 193.0 235.0 32.0 25.0
0.333333 2 193.0 235.0 33.0 26.0
0.366667 2 192.0 238.0 34.0 23.0
0.400000 2 192.0 238.0 32.0 23.0
0.433333 2 194.0 241.0 30.0 20.0
0.466667 2 194.0 241.0 23.0 21.0
0.500000 2 195.0 242.0 22.0 20.0
0.533333 2 188.0 238.0 31.0 29.0
0.566667 2 188.0 238.0 30.0 27.0
0.600000 2 187.0 241.0 34.0 26.0
0.633333 2 191.0 244.0 30.0 23.0
0.666667 2 189.0 246.0 29.0 20.0
0.700000 2 189.0 246.0 29.0 21.0
0.733333 2 186.0 245.0 32.0 22.0
0.766667 2 186.0 245.0 32.0 25.0
0.800000 2 186.0 250.0 32.0 20.0
0.833333 2 184.0 250.0 35.0 23.0
0.866667 2 184.0 250.0 35.0 23.0
0.900000 2 185.9 245.3 28.6 27.0
0.933333 2 185.9 245.3 28.5 26.9
0.966667 2 184.8 246.5 28.0 26.4
1.000000 2 184.8 246.6 28.0 26.4
1.033333 2 184.7 247.1 27.5 25.9
1.066667 2 184.8 247.2 27.6 26.0
1.100000 2 184.3 247.2 27.8 26.2
1.133333 2 184.3 247.2 27.9 26.3
1.166667 2 183.6 247.5 27.5 25.8
1.200000 2 183.4 247.3 27.7 26.1
1.233333 2 183.3 247.3 27.8 26.1
1.266667 2 183.2 247.7 26.9 25.3
1.300000 2 183.2 247.7 26.9 25.3
1.333333 2 182.2 246.8 28.1 26.5
1.366667 2 182.0 246.7 28.3 26.7
1.400000 2 182.3 246.1 27.8 26.1
1.433333 2 182.2 246.2 27.7 26.1
1.466667 2 181.9 245.9 27.2 25.4
1.500000 2 181.8 245.8 27.3 25.5
1.533333 2 181.7 245.5 27.1 25.4
1.566667 2 181.3 244.9 27.6 26.0
1.600000 2 181.3 244.9 27.4 25.8
1.633333 2 180.6 244.7 27.4 25.7
1.666667 2 180.8 244.8 27.2 25.5
1.700000 2 180.1 243.8 27.7 26.0
1.733333 2 180.3 243.9 26.8 25.1
1.766667 2 180.3 244.0 26.5 24.8
1.800000 2 180.2 243.8 26.6 24.9
1.833333 2 179.2 242.5 27.8 26.1
1.866667 2 179.5 242.7 26.9 25.3
1.900000 2 179.5 243.0 26.4 24.7
1.933333 2 179.4 242.9 26.4 24.7
1.966667 2 178.9 242.5 27.0 25.2
2.000000 2 178.4 242.2 27.3 25.6
2.033333 2 178.5 242.2 27.0 25.3
2.066667 2 178.1 242.6 26.6 24.7
2.100000 2 178.3 243.2 26.1 24.3
2.133333 2 177.7 243.0 27.0 25.2
2.166667 2 177.5 243.5 26.8 25.1
2.200000 2 177.3 244.3 26.5 24.6
2.233333 2 177.0 244.2 26.8 24.9
2.266667 2 176.8 245.2 26.6 24.8
2.300000 2 176.8 245.2 26.6 24.8
2.333333 2 176.7 246.5 25.8 24.0
2.366667 2 176.4 247.1 25.9 24.1
2.400000 2 176.2 247.1 26.2 24.4
2.433333 2 175.7 247.7 26.7 24.9
2.466667 2 175.7 247.9 26.3 24.5
2.500000 2 175.7 248.7 26.4 24.7
2.533333 2 175.5 249.2 25.8 24.0
2.566667 2 175.2 249.4 26.5 24.6
2.600000 2 175.2 249.7 26.5 24.6
2.633333 2 174.9 250.5 26.8 25.0
2.666667 2 175.1 250.6 26.5 24.7
2.700000 2 174.8 250.4 26.9 25.1
2.733333 2 175.3 251.0 26.1 24.3
2.766667 2 175.2 251.6 26.6 24.7
2.800000 2 175.3 251.4 26.7 24.9
2.833333 2 175.9 251.8 26.6 24.8
2.866667 2 176.7 252.1 26.0 24.2
2.900000 2 176.8 252.2 25.9 24.1
2.933333 2 177.5 252.3 25.8 24.0
2.966667 2 178.0 252.1 26.2 24.4
3.000000 2 178.3 252.4 25.9 24.1
3.033333 2 179.4 252.4 25.8 24.0
3.066667 2 180.1 252.0 26.1 24.3
3.100000 2 180.4 252.0 25.9 24.0
3.133333 2 181.4 251.5 26.5 24.6
3.166667 2 181.4 251.3 26.7 24.9
3.200000 2 183.0 251.5 25.6 23.9
3.233333 2 183.1 251.4 25.7 24.0
3.266667 2 183.7 250.4 26.8 25.0
3.300000 2 184.0 250.5 26.6 24.8
3.333333 2 185.0 250.6 26.5 24.7
3.366667 2 185.4 250.2 26.6 24.9
3.400000 2 186.5 249.9 26.2 24.5
3.433333 2 186.5 249.7 26.6 25.0
3.466667 2 187.2 248.9 27.1 25.4
3.500000 2 187.3 248.5 27.7 26.0
3.533333 2 188.3 248.7 27.3 25.7
3.566667 2 188.2 248.4 28.0 26.3
3.600000 2 189.4 249.0 26.6 24.8
3.633333 2 190.0 248.9 26.8 25.0
3.666667 2 190.3 248.4 27.4 25.8
3.700000 2 191.0 248.7 26.9 25.1
3.733333 2 191.3 249.0 26.7 24.9
3.766667 2 191.2 248.3 27.9 26.2
3.800000 2 192.3 248.8 27.2 25.5
3.833333 2 192.0 248.6 27.9 26.3
3.866667 2 193.0 249.7 26.9 25.0
3.900000 2 193.1 249.6 26.9 25.1
3.933333 2 192.9 249.7 27.9 26.2
3.966667 2 192.8 249.7 28.3 26.6
4.000000 2 193.4 250.7 28.2 26.3
4.033333 2 194.0 251.4 27.3 25.6
4.066667 2 193.6 251.5 28.8 27.2
4.100000 2 193.3 251.9 29.7 27.9
4.133333 2 194.0 252.9 28.4 26.7
4.166667 2 194.6 254.4 27.6 25.7
4.200000 2 194.6 254.9 28.4 25.8
4.233333 2 194.3 256.1 28.8 25.7
4.266667 2 194.9 257.2 27.9 24.7
4.300000 2 194.8 258.2 28.5 25.3
4.333333 2 194.9 259.2 28.6 25.5
4.366667 2 195.2 260.1 28.2 25.1
4.400000 2 195.1 261.3 28.4 25.3
4.433333 2 195.5 263.1 27.6 24.5
4.466667 2 195.4 263.4 28.2 25.1
4.500000 2 195.5 264.6 28.1 25.0
4.533333 2 195.9 266.1 27.5 24.4
4.566667 2 196.0 266.4 27.6 24.4
4.600000 2 195.9 267.3 27.9 24.7
4.633333 2 195.8 267.4 28.2 25.0
4.666667 2 196.1 268.3 28.4 25.2
4.700000 2 196.4 268.6 28.2 25.1
4.733333 2 196.9 269.4 28.3 25.1
4.766667 2 197.8 270.3 27.2 24.1
4.800000 2 198.2 270.4 27.2 24.1
4.833333 2 198.6 270.5 27.3 24.2
4.866667 2 198.5 270.3 28.2 25.0
4.900000 2 199.5 270.3 28.1 24.9
4.933333 2 199.8 270.3 27.9 24.8
4.966667 2 200.9 270.2 27.5 24.3
5.000000 2 201.5 270.3 27.3 24.2
5.033333 2 201.9 270.1 27.7 24.5
5.066667 2 202.2 269.1 28.9 25.8
5.100000 2 203.9 269.3 27.5 24.3
5.133333 2 204.6 269.0 27.9 24.7
5.166667 2 205.8 268.3 27.7 24.6
5.200000 2 206.6 268.2 27.6 24.4
5.233333 2 207.4 267.2 28.2 25.1
5.266667 2 208.5 267.1 27.6 24.5
5.300000 2 209.5 266.2 28.3 25.1
5.333333 2 210.9 265.2 28.8 25.6
5.366667 2 211.7 265.2 28.3 25.1
5.400000 2 212.8 265.0 27.7 24.6
5.433333 2 213.9 264.2 28.6 25.5
5.466667 2 215.1 264.2 27.9 24.8
5.500000 2 215.8 263.1 28.7 25.6
5.533333 2 216.9 263.1 28.2 25.0
5.566667 2 217.9 262.1 28.7 25.6
5.600000 2 219.1 261.4 28.6 25.5
5.633333 2 219.6 261.1 28.7 25.6
5.666667 2 220.4 260.1 28.9 25.8
5.700000 2 221.9 260.0 27.7 24.6
5.733333 2 222.0 259.2 28.8 25.7
5.766667 2 223.4 259.0 27.8 24.7
5.800000 2 224.1 258.2 28.1 25.1
5.833333 2 224.5 257.1 28.8 25.7
5.866667 2 225.3 256.2 28.8 25.7
5.900000 2 225.5 256.1 28.8 25.7
5.933333 2 226.9 256.0 27.8 24.7
5.966667 2 226.8 255.1 28.9 25.8
6.000000 2 228.0 254.9 27.8 24.8
6.033333 2 228.6 254.2 27.8 24.7
6.066667 2 228.8 253.2 28.6 25.5
6.100000 2 229.4 253.2 28.0 24.9
6.133333 2 229.3 252.2 28.6 25.5
6.166667 2 230.3 252.0 27.7 24.7
6.200000 2 230.3 251.1 28.6 25.5
6.233333 2 230.6 251.1 27.9 24.9
6.266667 2 230.9 250.1 28.4 25.3
6.300000 2 230.9 250.1 28.3 25.3
6.333333 2 231.4 249.2 27.9 24.8
6.366667 2 231.6 249.2 27.8 24.8
6.400000 2 231.5 248.5 28.3 25.3
6.433333 2 231.6 248.2 28.2 25.2
6.466667 2 231.8 248.1 27.8 24.7
6.500000 2 231.9 247.6 28.3 25.2
6.533333 2 232.0 247.1 28.2 25.1
6.566667 2 231.9 247.1 28.3 25.3
6.600000 2 231.8 246.2 28.7 25.6
6.633333 2 231.8 246.2 28.7 25.6
6.666667 2 231.9 246.2 28.5 25.5
6.700000 2 232.1 246.2 28.2 25.1
6.733333 2 232.0 246.1 28.2 25.1
6.766667 2 231.8 245.6 28.2 25.2
6.800000 2 231.9 245.8 27.9 24.9
6.833333 2 231.9 245.7 28.0 24.9
6.866667 2 231.7 245.3 27.9 24.8
6.900000 2 231.7 245.3 27.8 24.7
6.933333 2 231.7 245.3 27.8 24.8
6.966667 2 231.8 245.2 27.3 24.2
7.000000 2 231.3 244.9 27.8 24.7
7.033333 2 231.6 244.4 27.6 24.5
7.066667 2 231.6 244.4 27.1 24.1
7.100000 2 231.3 243.5 27.9 24.9
7.133333 2 231.6 243.4 27.7 24.6
7.166667 2 231.8 243.4 27.1 24.1
7.200000 2 231.3 242.5 28.1 25.0
7.233333 2 231.7 242.3 27.2 24.2
7.266667 2 231.5 241.8 27.8 24.7
7.300000 2 231.7 241.4 27.3 24.2
7.333333 2 231.3 240.5 28.1 25.1
7.366667 2 231.8 240.3 27.2 24.2
7.400000 2 231.7 239.8 27.9 24.8
7.433333 2 231.8 238.9 27.7 24.7
7.466667 2 231.7 238.4 28.1 25.0
7.500000 2 232.2 238.3 27.2 24.2
7.533333 2 231.8 237.3 27.9 24.9
7.566667 2 232.0 237.0 27.6 24.6
7.600000 2 232.1 236.2 27.5 24.5
7.633333 2 231.9 235.8 27.8 24.8
7.666667 2 232.1 235.1 27.6 24.7
7.700000 2 231.8 234.4 28.3 25.3
7.733333 2 232.1 233.9 27.6 24.7
7.766667 2 231.9 233.2 28.1 25.2
7.800000 2 232.2 233.3 27.5 24.5
7.833333 2 231.8 232.3 28.3 25.3
7.866667 2 231.9 232.3 27.8 24.8
7.900000 2 231.9 232.3 27.7 24.7
7.933333 2 232.1 232.4 27.0 24.0
7.966667 2 231.7 231.7 27.9 24.9
8.000000 2 231.3 231.3 28.2 25.2
8.033333 2 231.4 231.3 28.2 25.2
8.066667 2 231.4 231.3 27.7 24.7
8.100000 2 231.4 231.3 27.7 24.6
8.133333 2 231.5 231.3 27.3 24.3
8.166667 2 231.2 231.3 27.3 24.3
8.200000 2 231.0 231.2 27.4 24.3
8.233333 2 230.9 231.3 27.1 24.1
8.266667 2 230.6 231.2 27.4 24.4
8.300000 2 230.5 231.0 27.6 24.5
8.333333 2 229.7 230.5 28.2 25.2
8.366667 2 229.6 230.3 28.5 25.5
8.400000 2 229.4 230.4 28.3 25.3
8.433333 2 229.3 230.4 28.3 25.3
8.466667 2 229.3 230.2 28.2 25.2
8.500000 2 229.0 230.3 28.1 25.1
8.533333 2 229.0 230.3 28.0 25.0
8.566667 2 228.6 230.3 28.1 25.1
8.600000 2 228.6 230.3 27.9 24.9
8.633333 2 228.4 230.3 27.9 24.9
8.666667 2 228.2 230.3 27.9 24.9
8.700000 2 227.9 230.3 28.0 25.1
8.733333 2 227.7 230.3 28.0 25.0
8.766667 2 227.6 230.4 28.0 25.0
8.800000 2 227.2 230.4 28.2 25.2
8.833333 2 227.1 230.4 28.2 25.1
8.866667 2 226.8 230.4 28.3 25.3
8.900000 2 226.7 230.4 28.2 25.2
8.933333 2 226.4 230.4 28.3 25.2
8.966667 2 226.4 230.4 28.3 25.2
9.000000 2 226.2 230.3 28.1 25.0
9.033333 2 225.8 230.4 28.0 25.0
9.066667 2 225.8 230.3 27.8 24.8
9.100000 2 225.5 230.4 28.0 24.9
9.133333 2 224.9 230.4 28.2 25.1
9.166667 2 225.0 230.3 28.0 25.0
9.200000 2 224.4 230.4 28.0 25.0
9.233333 2 224.4 230.4 27.9 24.9
9.266667 2 223.7 230.5 28.0 25.0
9.300000 2 223.3 230.6 28.0 24.9
9.333333 2 223.1 230.7 27.9 24.9
9.366667 2 222.7 230.9 27.5 24.5
9.400000 2 222.7 231.2 27.0 24.0
9.433333 2 222.1 231.3 26.9 23.9
9.466667 2 221.8 231.2 27.0 24.0
9.500000 2 221.1 231.3 26.9 23.9
9.533333 2 221.1 231.7 26.4 23.4
9.566667 2 220.2 231.7 26.5 23.5
9.600000 2 219.9 231.7 26.5 23.5
9.633333 2 219.1 231.6 27.0 24.0
9.666667 2 218.5 231.5 27.1 24.1
9.700000 2 217.5 231.4 27.6 24.6
9.733333 2 216.9 231.4 27.8 24.7
9.766667 2 216.0 231.4 28.2 25.1
9.800000 2 215.5 231.5 28.1 25.1
9.833333 2 215.3 232.2 27.2 24.2
9.866667 2 214.7 232.5 27.0 24.0
9.900000 2 213.7 232.5 27.2 24.2
9.933333 2 213.2 232.6 27.3 24.3
9.966667 2 212.9 232.7 26.7 23.7
10.000000 2 212.5 232.6 26.7 23.7
10.033333 2 211.9 232.5 26.7 23.7
10.066667 2 211.0 231.7 27.5 24.4
10.100000 2 210.9 231.8 27.3 24.3
10.133333 2 211.0 231.5 26.6 23.5
10.166667 2 210.4 230.0 27.3 24.3
10.200000 2 210.4 229.6 26.9 23.9
10.233333 2 210.7 228.8 27.0 24.0
10.266667 2 210.7 228.0 27.2 24.1
10.300000 2 211.1 226.8 26.9 23.9
10.333333 2 212.0 225.6 26.5 23.4
10.366667 2 212.7 223.9 26.4 23.4
10.400000 2 213.3 223.0 26.2 23.2
10.433333 2 214.3 221.0 26.1 23.1
10.466667 2 215.0 220.0 26.0 23.0
