0.000000 2 435.3 8.9 45.0 35.7
0.033333 2 434.3 11.9 49.0 40.5
0.066667 2 434.6 10.6 48.9 44.4
0.100000 2 436.2 17.6 46.6 42.0
0.133333 2 436.2 20.4 46.9 42.4
0.166667 2 436.6 26.2 46.7 42.4
0.200000 2 436.6 32.2 46.8 42.6
0.233333 2 436.4 35.1 47.1 42.8
0.266667 2 436.4 41.4 46.6 42.2
0.300000 2 436.0 44.1 47.5 43.0
0.333333 2 436.2 50.9 46.4 41.4
0.366667 2 435.7 53.8 47.1 42.1
0.400000 2 435.0 59.4 47.8 43.2
0.433333 2 435.8 63.5 45.9 41.4
0.466667 2 435.4 70.2 45.4 40.7
0.500000 2 434.8 77.1 44.9 39.9
0.533333 2 434.9 80.5 44.3 39.6
0.566667 2 433.4 86.3 46.0 40.9
0.600000 2 432.5 88.9 46.9 42.4
0.633333 2 431.7 95.6 46.5 42.0
0.666667 2 430.0 101.3 47.7 43.1
0.700000 2 429.3 107.9 47.0 42.4
0.733333 2 429.0 111.4 46.1 41.3
0.766667 2 427.3 116.9 46.9 42.2
0.800000 2 426.3 123.5 46.0 40.8
0.833333 2 425.3 126.2 46.4 41.4
0.866667 2 423.1 131.3 47.8 43.0
0.900000 2 422.7 134.7 46.8 41.9
0.933333 2 422.6 138.4 45.3 40.2
0.966667 2 420.1 142.9 47.0 42.1
1.000000 2 419.3 149.0 45.3 40.6
1.033333 2 417.8 154.5 44.6 39.7
1.066667 2 415.9 156.0 46.8 41.6
1.100000 2 414.9 161.2 45.3 40.5
1.133333 2 413.0 162.5 47.5 42.8
1.166667 2 413.2 168.8 44.0 39.1
1.200000 2 412.3 170.8 44.2 39.3
1.233333 2 409.3 173.5 47.5 42.6
1.266667 2 409.1 176.2 46.4 41.2
1.300000 2 407.6 179.9 46.9 42.0
1.333333 2 406.3 183.7 47.3 42.5
1.366667 2 406.2 186.2 46.3 41.1
1.400000 2 405.3 189.8 46.7 41.7
1.433333 2 405.1 193.7 45.7 41.0
1.466667 2 404.4 195.4 46.2 41.1
1.500000 2 404.4 199.3 45.4 40.4
1.533333 2 403.0 201.3 47.6 42.9
1.566667 2 403.0 204.7 47.4 42.6
1.600000 2 403.2 207.9 47.1 42.3
1.633333 2 403.1 209.3 47.3 42.5
1.666667 2 403.7 212.7 46.5 41.8
1.700000 2 404.7 216.4 45.1 40.1
1.733333 2 404.6 218.2 46.6 41.8
1.766667 2 405.6 220.4 45.1 40.1
1.800000 2 405.6 222.0 46.9 42.0
1.833333 2 407.4 224.8 44.1 39.0
1.866667 2 407.1 226.2 46.5 41.3
1.900000 2 409.3 229.7 44.2 39.1
1.933333 2 409.2 230.8 46.8 41.9
1.966667 2 409.9 232.1 46.6 41.5
2.000000 2 412.0 235.1 45.1 40.0
2.033333 2 413.1 236.7 44.1 39.2
2.066667 2 414.5 238.8 44.1 39.2
2.100000 2 414.6 239.7 46.6 41.9
2.133333 2 415.7 241.1 45.9 41.0
2.166667 2 417.0 242.9 45.9 41.3
2.200000 2 418.0 244.1 45.4 40.8
2.233333 2 419.4 245.7 44.0 39.1
2.266667 2 419.1 245.6 47.1 42.3
2.300000 2 421.1 247.7 45.6 41.1
2.333333 2 421.2 248.1 46.5 41.5
2.366667 2 422.6 249.3 46.3 41.7
2.400000 2 423.5 250.3 45.4 40.5
2.433333 2 425.0 251.7 44.5 39.6
2.466667 2 425.7 252.0 45.1 40.3
2.500000 2 426.3 252.3 44.8 40.3
2.533333 2 426.4 252.2 46.1 41.1
2.566667 2 427.1 252.3 46.2 41.2
2.600000 2 427.4 252.3 46.4 41.6
2.633333 2 428.5 252.7 45.6 40.6
2.666667 2 428.0 251.3 47.8 43.2
2.700000 2 428.9 252.0 46.5 41.6
2.733333 2 430.2 252.0 45.2 40.8
2.766667 2 430.2 251.2 46.2 41.2
2.800000 2 430.9 251.2 45.4 40.7
2.833333 2 430.9 249.9 46.5 41.7
2.866667 2 432.5 250.9 43.8 38.9
2.900000 2 432.4 249.0 45.2 40.7
2.933333 2 431.8 247.9 46.7 41.8
2.966667 2 432.3 246.7 46.7 42.0
3.000000 2 434.1 246.8 44.1 39.2
3.033333 2 433.5 245.5 45.6 40.5
3.066667 2 434.5 244.1 44.7 40.2
3.100000 2 435.0 243.8 44.1 39.3
3.133333 2 434.5 241.0 46.3 41.5
3.166667 2 434.5 239.8 46.8 42.1
3.200000 2 435.9 239.2 44.8 39.7
3.233333 2 435.8 236.3 46.2 41.4
3.266667 2 436.6 236.0 45.0 40.1
3.300000 2 436.6 233.5 46.0 41.0
3.333333 2 436.5 231.9 46.7 41.9
3.366667 2 437.7 230.7 45.2 40.0
3.400000 2 439.0 228.9 43.7 39.0
3.433333 2 439.3 227.9 43.5 38.7
3.466667 2 438.9 224.9 45.1 40.0
3.500000 2 438.8 223.2 45.9 41.1
3.533333 2 440.4 222.1 43.2 38.5
3.566667 2 440.1 220.5 44.2 39.0
3.600000 2 440.2 218.0 44.4 39.2
3.633333 2 441.0 217.3 43.2 38.4
3.666667 2 439.9 213.3 46.1 41.1
3.700000 2 440.1 212.3 45.6 40.7
3.733333 2 440.8 210.4 44.5 39.5
3.766667 2 440.8 207.8 44.6 39.5
3.800000 2 441.5 207.4 43.0 38.0
3.833333 2 441.5 206.2 43.0 38.1
3.866667 2 440.4 202.7 45.0 40.1
3.900000 2 440.6 200.5 44.1 39.2
3.933333 2 440.1 198.9 45.0 39.8
3.966667 2 440.8 197.6 42.8 37.7
4.000000 2 441.1 196.8 42.0 36.9
4.033333 2 439.3 193.0 44.6 39.4
4.066667 2 439.5 192.4 43.6 38.4
4.100000 2 438.9 189.6 43.9 38.9
4.133333 2 438.5 188.6 43.8 38.5
4.166667 2 438.7 186.8 42.2 37.3
4.200000 2 437.9 185.2 42.9 37.9
4.233333 2 436.7 182.2 44.2 39.1
4.266667 2 436.8 181.4 43.0 38.0
4.300000 2 435.9 178.7 43.7 38.7
4.333333 2 435.3 177.4 44.1 38.8
4.366667 2 435.6 175.4 42.5 37.6
4.400000 2 434.5 172.3 43.4 38.4
4.433333 2 435.2 172.0 41.6 36.5
4.466667 2 435.0 169.2 41.2 36.3
4.500000 2 433.8 166.9 43.3 38.2
4.533333 2 433.6 163.9 43.5 38.4
4.566667 2 433.1 162.2 44.2 38.9
4.600000 2 433.1 159.2 44.3 39.0
4.633333 2 433.6 156.4 43.6 38.4
4.666667 2 433.9 153.2 43.9 39.0
4.700000 2 434.9 150.6 42.8 37.7
4.733333 2 434.8 148.5 43.7 38.7
4.766667 2 436.1 145.7 42.3 37.3
4.800000 2 436.5 141.8 43.3 38.0
4.833333 2 437.0 139.8 43.3 38.3
4.866667 2 438.2 136.6 42.9 37.9
4.900000 2 438.1 134.5 43.9 38.7
4.933333 2 440.4 132.2 41.3 36.3
4.966667 2 440.6 130.2 41.8 36.7
5.000000 2 441.1 126.3 42.7 37.6
5.033333 2 442.0 125.0 41.7 36.8
5.066667 2 442.1 120.8 43.4 38.5
5.100000 2 442.8 117.5 43.7 38.6
5.133333 2 444.6 117.4 40.9 35.9
5.166667 2 444.6 113.5 42.2 37.4
5.200000 2 444.4 111.6 43.3 38.1
5.233333 2 445.0 108.9 42.9 37.7
5.266667 2 445.2 105.7 43.5 38.5
5.300000 2 446.1 103.5 42.3 37.4
5.333333 2 446.0 102.1 42.9 37.8
5.366667 2 445.9 100.5 43.5 38.5
5.400000 2 447.1 99.0 41.4 36.6
5.433333 2 446.0 95.4 43.8 38.9
5.466667 2 446.2 94.6 43.4 38.4
5.500000 2 446.9 93.0 41.8 36.9
5.533333 2 447.1 92.1 41.3 36.4
5.566667 2 446.5 89.6 42.1 37.1
5.600000 2 445.5 86.7 43.6 38.5
5.633333 2 445.5 85.8 43.3 38.1
5.666667 2 446.0 84.0 42.0 37.1
5.700000 2 445.9 83.1 41.9 37.0
5.733333 2 446.2 81.3 40.7 35.8
5.766667 2 445.2 79.2 42.5 37.4
5.800000 2 445.4 77.0 41.8 37.0
5.833333 2 445.0 74.3 42.4 37.4
5.866667 2 444.8 73.0 42.7 37.5
5.900000 2 446.0 71.8 39.9 35.0
5.933333 2 445.1 69.7 41.7 36.7
5.966667 2 445.7 67.7 40.4 35.6
6.000000 2 444.6 64.2 42.5 37.7
6.033333 2 444.2 62.6 43.2 38.3
6.066667 2 445.4 61.5 40.5 35.7
6.100000 2 445.1 60.0 41.2 36.4
6.133333 2 444.2 56.9 42.9 38.0
6.166667 2 444.1 54.8 43.1 38.1
6.200000 2 444.2 53.9 43.0 38.0
6.233333 2 444.1 51.9 43.1 38.1
6.266667 2 444.9 50.8 41.6 36.7
6.300000 2 445.3 50.4 40.8 36.0
6.333333 2 444.0 47.6 43.5 38.5
6.366667 2 444.6 46.9 42.2 37.3
6.400000 2 445.5 46.6 40.4 35.6
6.433333 2 444.1 44.7 43.3 38.3
6.466667 2 444.2 43.8 43.1 38.1
6.500000 2 445.2 44.5 40.9 36.1
6.533333 2 444.1 43.0 42.7 37.6
6.566667 2 444.5 43.1 42.0 37.0
6.600000 2 444.4 42.7 41.9 37.1
6.633333 2 444.1 42.5 42.1 37.3
6.666667 2 443.8 42.2 42.7 37.7
6.700000 2 444.3 43.1 41.0 36.2
6.733333 2 444.6 43.5 40.2 35.5
6.766667 2 443.8 43.3 41.4 36.5
6.800000 2 443.3 43.8 41.5 36.5
6.833333 2 443.6 44.6 40.4 35.7
6.866667 2 442.2 44.4 42.3 37.4
6.900000 2 441.2 44.5 43.4 38.6
6.933333 2 441.1 46.0 42.6 37.5
6.966667 2 440.2 46.5 43.3 38.5
7.000000 2 441.6 48.8 39.9 35.1
7.033333 2 440.3 49.1 41.5 36.7
7.066667 2 439.9 50.1 41.6 36.8
7.100000 2 439.9 50.8 41.5 36.6
7.133333 2 439.4 51.6 42.0 37.2
7.166667 2 438.6 51.6 43.5 38.4
7.200000 2 438.9 53.2 42.7 37.7
7.233333 2 439.2 54.7 41.9 37.1
7.266667 2 438.6 54.7 43.4 38.3
7.300000 2 438.8 55.6 43.1 38.0
7.333333 2 439.6 57.2 42.4 37.5
7.366667 2 439.7 58.0 42.4 37.4
7.400000 2 441.0 59.9 41.2 36.3
7.433333 2 440.7 59.9 42.5 37.6
7.466667 2 442.7 62.7 40.0 35.2
7.500000 2 441.8 62.2 42.7 37.8
7.533333 2 442.7 63.6 43.0 38.0
7.566667 2 444.2 65.9 42.0 37.2
7.600000 2 445.9 67.5 40.3 35.4
7.633333 2 446.0 68.5 42.2 37.4
7.666667 2 447.6 70.3 40.7 35.8
7.700000 2 447.9 71.0 42.8 37.9
7.733333 2 450.9 74.6 39.9 35.1
7.766667 2 451.8 75.7 39.7 34.9
7.800000 2 452.5 77.0 41.7 37.0
7.833333 2 453.0 78.0 42.2 37.3
7.866667 2 454.9 80.3 42.0 37.1
7.900000 2 456.9 82.7 39.7 35.0
7.933333 2 458.6 84.9 40.1 35.3
7.966667 2 458.8 85.5 41.5 36.5
8.000000 2 460.8 88.0 41.1 36.4
8.033333 2 462.6 90.2 41.3 36.6
8.066667 2 463.2 91.0 42.0 37.1
8.100000 2 465.1 93.3 42.1 36.9
8.133333 2 467.1 95.8 41.4 36.7
8.166667 2 468.3 97.0 41.0 36.3
8.200000 2 469.9 99.3 41.0 36.3
8.233333 2 470.4 100.1 41.5 36.7
8.266667 2 472.5 102.4 40.5 35.9
8.300000 2 473.2 103.5 40.6 35.8
8.333333 2 475.0 105.8 40.0 35.1
8.366667 2 475.4 106.9 41.6 36.9
8.400000 2 477.2 109.4 40.5 35.7
8.433333 2 478.0 111.0 41.3 36.4
8.466667 2 478.2 111.8 43.1 38.2
8.500000 2 478.8 113.0 42.8 37.8
8.533333 2 479.9 115.1 42.4 37.3
8.566667 2 480.2 116.0 42.5 37.4
8.600000 2 481.2 117.9 41.9 37.1
8.633333 2 482.6 120.5 40.5 35.7
8.666667 2 482.8 122.0 41.3 36.5
8.700000 2 483.5 123.4 40.7 35.9
8.733333 2 482.6 123.9 43.2 38.2
8.766667 2 482.7 124.9 43.2 38.2
8.800000 2 483.3 126.9 42.7 37.7
8.833333 2 484.1 129.2 41.5 36.7
8.866667 2 485.0 131.8 40.0 35.1
8.900000 2 484.9 132.5 40.3 35.4
8.933333 2 483.8 133.2 42.5 37.6
8.966667 2 484.1 135.2 41.7 36.8
9.000000 2 483.8 135.9 42.1 37.4
9.033333 2 484.7 138.7 40.1 35.5
9.066667 2 484.5 139.5 40.3 35.6
9.100000 2 483.6 140.9 41.3 36.6
9.133333 2 483.0 141.2 42.3 37.3
9.166667 2 482.5 142.7 42.8 38.0
9.200000 2 483.3 145.8 40.5 35.6
9.233333 2 482.8 146.4 40.9 36.2
9.266667 2 482.8 148.7 40.3 35.6
9.300000 2 482.7 149.6 40.3 35.7
9.333333 2 481.9 151.2 40.9 36.2
9.366667 2 482.1 153.8 39.8 34.9
9.400000 2 481.1 153.7 41.6 36.9
9.433333 2 481.2 156.2 40.8 36.0
9.466667 2 480.5 156.4 42.2 37.3
9.500000 2 480.2 158.5 42.1 37.1
9.533333 2 480.4 160.8 41.7 36.7
9.566667 2 480.6 163.0 41.1 36.3
9.600000 2 480.9 164.4 40.6 35.8
9.633333 2 480.6 166.3 41.1 36.3
9.666667 2 480.3 167.1 41.8 36.9
9.700000 2 480.3 169.2 42.3 37.2
9.733333 2 480.4 170.3 42.3 37.3
9.766667 2 481.7 173.4 40.3 35.7
9.800000 2 481.7 175.4 40.8 36.0
9.833333 2 481.6 176.2 41.2 36.4
9.866667 2 481.4 177.7 42.9 38.2
9.900000 2 482.7 180.9 41.3 36.4
9.933333 2 484.1 183.7 40.1 35.3
9.966667 2 484.7 184.9 39.7 35.0
10.000000 2 484.9 186.3 41.5 36.6
10.033333 2 484.9 187.1 42.4 37.3
10.066667 2 487.0 190.0 41.0 36.0
