0.000000 2 383.0 354.0 52.0 25.0
0.033333 2 382.0 354.9 52.2 25.3
0.066667 2 381.5 356.1 51.8 25.2
0.100000 2 381.2 356.9 52.0 25.4
0.133333 2 381.3 357.1 51.9 25.3
0.166667 2 381.5 357.7 51.5 25.0
0.200000 2 381.9 357.5 51.4 24.7
0.233333 2 382.1 357.5 52.0 25.4
0.266667 2 383.0 357.2 51.6 25.1
0.300000 2 384.0 357.0 51.7 25.7
0.333333 2 384.5 356.6 51.8 25.7
0.366667 2 386.5 355.6 51.8 26.5
0.400000 2 387.4 355.9 51.8 26.6
0.433333 2 389.2 355.8 51.0 25.4
0.466667 2 390.0 355.9 50.9 25.5
0.500000 2 391.9 355.3 50.8 26.0
0.533333 2 393.6 355.9 50.5 25.3
0.566667 2 394.1 355.5 51.0 25.7
0.600000 2 395.6 355.6 51.3 26.3
0.633333 2 397.0 355.2 52.0 27.8
0.666667 2 398.9 355.8 51.3 26.9
0.700000 2 399.9 356.5 51.0 26.2
0.733333 2 401.2 356.4 51.5 27.6
0.766667 2 402.2 357.5 50.8 26.3
0.800000 2 403.4 357.5 51.5 27.4
0.833333 2 404.4 358.0 52.0 28.2
0.866667 2 405.6 359.1 50.6 26.4
0.900000 2 406.5 359.8 51.4 27.0
0.933333 2 407.4 360.4 51.8 27.6
0.966667 2 408.8 361.9 51.4 26.9
1.000000 2 409.5 362.9 51.9 27.6
1.033333 2 409.8 362.8 52.3 28.8
1.066667 2 410.8 364.8 51.7 27.8
1.100000 2 411.0 365.0 52.2 28.5
1.133333 2 412.4 367.3 51.0 26.8
1.166667 2 412.6 368.3 51.3 26.8
1.200000 2 412.9 369.3 51.3 26.7
1.233333 2 413.6 370.4 50.8 26.4
1.266667 2 413.4 371.0 51.8 27.7
1.300000 2 413.5 371.8 51.5 27.3
1.333333 2 413.8 373.1 51.3 27.0
1.366667 2 414.0 374.1 51.2 27.4
1.400000 2 413.7 374.6 51.4 27.4
1.433333 2 413.7 376.1 51.1 26.8
1.466667 2 413.3 376.3 51.4 27.8
1.500000 2 413.4 377.4 50.8 26.5
1.533333 2 412.4 377.6 51.5 27.2
1.566667 2 412.3 378.6 50.8 26.1
1.600000 2 411.3 378.4 51.9 26.9
1.633333 2 410.4 378.1 52.3 28.0
1.666667 2 410.0 379.2 51.5 26.6
1.700000 2 408.7 378.4 52.5 27.8
1.733333 2 407.9 378.8 52.7 27.4
1.766667 2 407.0 378.8 52.4 27.1
1.800000 2 405.4 378.2 53.4 28.3
1.833333 2 404.5 378.0 53.6 28.8
1.866667 2 403.1 377.5 54.0 29.5
1.900000 2 401.2 376.7 54.6 30.4
1.933333 2 400.4 376.7 54.8 30.5
1.966667 2 398.3 375.6 55.7 31.0
2.000000 2 396.9 375.9 54.9 29.4
2.033333 2 394.9 375.0 55.3 29.3
2.066667 2 392.3 373.2 56.7 30.3
2.100000 2 391.4 372.8 56.5 29.7
2.133333 2 388.9 370.3 57.5 31.4
2.166667 2 386.2 367.9 58.5 32.6
2.200000 2 384.7 366.8 59.0 32.7
2.233333 2 381.9 364.1 60.2 34.0
2.266667 2 379.8 362.0 60.0 33.5
2.300000 2 378.1 360.0 58.7 32.7
2.333333 2 377.0 358.5 58.5 32.6
2.366667 2 374.0 355.2 59.9 33.8
2.400000 2 372.0 352.7 58.9 32.8
2.433333 2 371.3 351.7 58.1 31.8
2.466667 2 368.1 347.7 59.7 32.6
2.500000 2 366.5 345.2 58.2 30.6
2.533333 2 363.4 341.1 59.9 31.3
2.566667 2 362.5 338.8 60.0 31.6
2.600000 2 360.2 335.1 60.5 31.2
2.633333 2 359.2 331.7 58.7 29.3
2.666667 2 357.5 328.6 61.0 31.3
2.700000 2 357.1 324.9 59.6 29.7
2.733333 2 356.9 320.6 58.7 28.7
2.766667 2 356.3 315.5 59.9 29.7
2.800000 2 355.3 311.7 62.3 32.0
2.833333 2 356.8 307.4 61.4 31.4
2.866667 2 358.5 302.5 61.4 31.3
2.900000 2 359.9 299.8 60.6 31.4
2.933333 2 362.6 295.2 61.2 30.6
2.966667 2 365.8 290.2 61.5 30.3
3.000000 2 367.7 287.3 61.4 30.9
3.033333 2 371.9 282.8 61.7 29.7
3.066667 2 376.2 277.2 62.6 30.8
3.100000 2 380.6 270.3 64.0 34.4
3.133333 2 382.7 267.1 64.6 35.6
3.166667 2 388.5 262.1 63.6 36.5
3.200000 2 392.4 255.4 66.2 41.0
3.233333 2 397.1 250.0 66.7 43.3
3.266667 2 398.7 247.3 68.5 45.5
3.300000 2 403.9 243.6 67.4 45.6
3.333333 2 409.1 241.4 65.5 44.1
3.366667 2 411.0 239.6 65.5 44.8
3.400000 2 414.7 237.7 65.3 44.4
3.433333 2 418.0 236.3 64.8 44.1
3.466667 2 419.9 234.6 65.9 44.7
3.500000 2 421.2 234.6 65.3 44.3
3.533333 2 422.9 234.0 64.6 44.4
3.566667 2 424.2 234.6 64.1 43.7
3.600000 2 424.8 235.1 63.7 43.0
3.633333 2 424.5 235.2 63.9 43.7
3.666667 2 424.1 236.3 63.9 42.7
3.700000 2 423.1 237.5 64.0 42.6
3.733333 2 422.7 238.8 63.1 41.6
3.766667 2 419.5 240.4 64.4 43.0
3.800000 2 418.5 241.2 64.8 43.1
3.833333 2 416.4 243.2 64.7 42.8
3.866667 2 414.3 244.9 64.0 42.8
3.900000 2 413.0 245.6 64.5 42.9
3.933333 2 410.3 247.8 65.1 41.7
3.966667 2 409.1 247.9 65.0 42.4
4.000000 2 406.6 249.1 65.0 42.2
4.033333 2 404.6 250.4 64.6 41.0
4.066667 2 403.8 250.5 64.2 40.8
4.100000 2 402.3 251.2 63.5 39.3
4.133333 2 402.0 251.6 60.8 36.6
4.166667 2 402.1 251.4 58.8 34.6
4.200000 2 401.5 249.4 59.1 34.4
4.233333 2 401.6 248.1 59.1 34.7
4.266667 2 402.1 244.6 59.6 35.3
4.300000 2 404.2 241.5 58.6 34.2
4.333333 2 405.8 236.0 60.3 36.4
4.366667 2 408.6 230.7 60.9 37.0
4.400000 2 411.1 228.3 60.2 36.1
4.433333 2 415.4 222.3 60.1 36.6
4.466667 2 419.9 215.5 60.7 38.2
4.500000 2 421.9 211.0 61.7 40.3
4.533333 2 427.0 204.9 61.5 40.1
4.566667 2 432.3 198.3 61.6 40.1
4.600000 2 434.9 195.0 62.0 40.5
4.633333 2 440.8 188.7 61.2 39.7
4.666667 2 442.9 184.8 62.0 40.9
4.700000 2 448.1 178.4 61.9 41.1
4.733333 2 453.3 172.4 61.5 40.8
4.766667 2 455.4 169.1 61.9 41.9
4.800000 2 460.0 163.6 62.0 42.3
4.833333 2 465.1 159.6 60.8 41.4
4.866667 2 469.1 155.6 60.4 41.2
4.900000 2 472.8 152.9 59.4 40.5
4.933333 2 474.4 151.7 59.6 40.5
4.966667 2 477.2 149.9 59.0 40.1
5.000000 2 478.3 149.2 58.9 40.1
5.033333 2 480.1 149.1 58.4 39.0
5.066667 2 480.5 148.8 58.9 39.4
5.100000 2 480.4 148.8 59.3 40.2
5.133333 2 481.0 150.2 58.0 38.5
5.166667 2 479.7 151.3 58.1 38.8
5.200000 2 477.7 153.4 58.5 39.0
5.233333 2 476.5 154.2 58.7 39.0
5.266667 2 472.2 158.2 58.6 38.6
5.300000 2 470.0 159.3 59.1 39.6
5.333333 2 464.7 164.5 58.4 38.2
5.366667 2 462.4 165.5 59.1 39.4
5.400000 2 458.2 168.5 58.8 39.4
5.433333 2 453.7 171.5 58.5 39.2
5.466667 2 452.0 173.8 57.5 37.6
5.500000 2 447.0 176.1 58.0 38.2
5.533333 2 442.5 178.8 58.0 38.6
5.566667 2 438.2 180.8 58.1 38.5
5.600000 2 436.4 182.0 57.9 38.3
5.633333 2 433.3 184.0 57.1 36.9
5.666667 2 430.3 185.1 57.1 36.8
5.700000 2 428.9 184.9 57.7 38.0
5.733333 2 426.8 184.7 57.8 38.6
5.766667 2 426.1 184.9 57.9 38.5
5.800000 2 425.4 184.9 57.3 37.7
5.833333 2 424.8 183.7 57.6 38.4
5.866667 2 425.2 182.3 57.5 38.2
5.900000 2 425.9 181.7 57.2 37.8
5.933333 2 427.2 179.5 57.1 38.2
5.966667 2 428.6 176.7 57.6 38.9
6.000000 2 429.6 175.6 57.6 38.9
6.033333 2 431.6 172.8 57.6 39.0
6.066667 2 433.1 171.5 57.3 38.9
6.100000 2 435.1 168.4 57.9 39.4
6.133333 2 437.3 165.4 58.1 39.5
6.166667 2 438.8 164.5 57.1 38.1
6.200000 2 441.3 161.6 57.0 38.2
6.233333 2 443.3 158.4 57.5 38.8
6.266667 2 444.4 157.5 57.2 38.3
6.300000 2 446.3 154.4 57.5 38.9
6.333333 2 447.2 153.4 57.3 38.8
6.366667 2 449.3 151.2 57.0 38.4
6.400000 2 450.6 148.5 57.8 39.5
6.433333 2 452.1 146.5 57.7 39.4
6.466667 2 452.6 145.5 57.7 39.5
6.500000 2 454.4 144.6 56.7 37.9
6.533333 2 455.0 142.3 57.4 39.1
6.566667 2 455.2 141.7 57.5 39.3
6.600000 2 455.7 140.1 57.8 39.9
6.633333 2 456.2 139.1 57.9 40.0
6.666667 2 456.6 139.4 57.2 38.5
6.700000 2 456.3 138.1 58.0 40.0
6.733333 2 456.6 138.1 57.2 38.7
6.766667 2 456.3 137.3 57.4 39.1
6.800000 2 455.7 137.3 57.4 39.0
6.833333 2 455.4 136.9 56.9 38.8
6.866667 2 455.0 136.7 57.3 39.2
6.900000 2 454.1 136.5 57.2 39.4
6.933333 2 453.3 136.5 57.1 39.3
6.966667 2 452.6 136.3 57.7 39.7
7.000000 2 451.5 136.5 57.5 39.5
7.033333 2 450.7 137.3 56.6 38.3
7.066667 2 449.4 137.1 56.6 38.5
7.100000 2 448.7 137.2 56.6 38.3
7.133333 2 447.3 137.2 56.6 38.3
7.166667 2 446.1 138.0 55.7 37.1
7.200000 2 445.2 137.8 56.2 37.5
7.233333 2 443.4 137.6 56.2 37.6
7.266667 2 442.0 137.8 56.0 37.4
7.300000 2 439.7 136.6 57.3 39.2
7.333333 2 438.9 137.0 56.9 38.6
7.366667 2 437.2 136.9 56.8 38.7
7.400000 2 435.6 137.0 56.7 38.6
7.433333 2 434.5 136.6 56.9 39.0
7.466667 2 432.6 136.5 57.2 39.2
7.500000 2 430.7 136.5 57.1 38.8
7.533333 2 429.2 136.9 56.3 37.4
7.566667 2 428.2 136.9 56.3 37.4
7.600000 2 426.2 136.1 56.8 38.4
7.633333 2 424.0 135.6 57.1 39.1
7.666667 2 422.8 135.5 57.3 39.2
7.700000 2 421.0 135.6 57.0 38.6
7.733333 2 419.4 136.0 56.2 37.2
7.766667 2 417.5 136.3 55.9 36.7
7.800000 2 415.1 136.1 56.1 37.3
7.833333 2 414.4 136.4 55.7 36.6
7.866667 2 412.2 136.6 55.8 37.2
7.900000 2 410.5 137.2 55.1 36.4
7.933333 2 409.6 137.6 54.9 36.0
7.966667 2 407.1 137.7 55.5 37.1
8.000000 2 405.3 138.4 55.4 36.8
8.033333 2 403.6 139.6 54.8 35.9
8.066667 2 402.1 139.3 55.7 37.3
8.100000 2 400.4 140.7 54.9 36.0
8.133333 2 399.1 140.8 55.6 37.0
8.166667 2 397.2 141.9 55.5 36.9
8.200000 2 395.5 143.2 55.4 36.5
8.233333 2 394.2 143.2 56.3 37.5
8.266667 2 392.6 144.2 56.0 37.5
8.300000 2 391.0 145.6 55.8 37.3
8.333333 2 390.4 146.4 55.7 36.7
8.366667 2 388.7 147.4 56.0 37.6
8.400000 2 387.4 149.1 55.8 36.7
8.433333 2 386.6 149.3 56.2 37.7
8.466667 2 385.5 150.9 56.0 36.9
8.500000 2 384.5 152.5 55.7 36.1
8.533333 2 384.0 152.8 55.8 37.0
8.566667 2 383.2 154.7 55.0 35.8
8.600000 2 381.8 155.3 55.9 37.3
8.633333 2 381.5 156.5 55.5 36.1
8.666667 2 380.0 157.3 56.5 37.6
8.700000 2 379.4 159.2 55.6 36.4
8.733333 2 378.4 160.7 55.4 36.4
8.766667 2 378.0 161.8 55.1 35.5
8.800000 2 376.3 162.4 56.3 37.4
8.833333 2 375.5 164.3 55.7 36.2
8.866667 2 374.7 166.0 54.7 35.1
8.900000 2 373.3 166.9 55.1 35.6
8.933333 2 372.2 166.7 56.0 37.0
8.966667 2 371.2 168.0 55.4 36.4
9.000000 2 369.5 168.7 56.0 37.0
9.033333 2 369.7 170.1 54.2 34.7
9.066667 2 367.6 169.9 55.7 36.7
9.100000 2 366.8 171.4 54.1 34.4
9.133333 2 364.3 170.6 56.0 37.0
9.166667 2 364.0 171.1 55.2 36.3
9.200000 2 363.0 172.5 53.9 34.2
9.233333 2 360.8 171.9 55.1 35.6
9.266667 2 359.9 171.9 55.2 35.8
9.300000 2 358.5 172.1 54.8 35.4
9.333333 2 357.0 172.3 54.2 34.6
9.366667 2 355.9 172.3 54.3 34.7
9.400000 2 353.4 170.6 56.1 37.1
9.433333 2 352.0 171.0 55.1 35.6
9.466667 2 350.6 170.9 54.3 34.8
9.500000 2 348.9 170.4 54.1 34.3
9.533333 2 346.5 168.8 55.4 36.3
9.566667 2 345.9 168.9 54.8 35.1
9.600000 2 344.3 168.2 54.5 34.9
9.633333 2 343.2 167.0 55.0 36.1
9.666667 2 341.6 166.0 54.9 36.0
9.700000 2 340.2 165.1 54.8 35.4
9.733333 2 339.0 164.2 54.5 34.7
9.766667 2 337.9 163.0 55.2 36.1
9.800000 2 337.1 162.3 54.3 34.6
9.833333 2 336.4 161.1 54.6 35.6
9.866667 2 335.3 160.3 54.4 34.6
9.900000 2 333.9 158.0 55.2 36.1
9.933333 2 333.5 157.1 54.1 34.7
9.966667 2 333.2 156.2 53.8 34.4
10.000000 2 332.2 154.1 54.7 35.4
