0.000000 2 497.0 280.0 32.0 21.0
0.033333 2 491.5 284.4 29.5 19.4
0.066667 2 488.7 286.6 28.6 18.8
0.100000 2 481.0 288.7 30.6 20.4
0.133333 2 473.2 290.6 33.4 21.9
0.166667 2 469.2 291.2 35.3 23.2
0.200000 2 465.9 295.3 28.6 19.1
0.233333 2 462.0 295.6 30.5 20.4
0.266667 2 454.8 296.4 33.5 22.4
0.300000 2 454.4 298.5 28.0 19.2
0.333333 2 449.3 300.2 27.1 18.1
0.366667 2 447.5 301.4 25.2 17.0
0.400000 2 438.0 299.4 33.5 22.8
0.433333 2 437.0 302.7 25.2 16.7
0.466667 2 433.7 302.4 26.8 17.7
0.500000 2 429.9 302.9 24.3 16.7
0.533333 2 424.6 303.8 20.5 14.0
0.566667 2 419.9 301.9 25.7 17.6
0.600000 2 412.8 300.9 26.1 17.8
0.633333 2 407.3 298.7 32.9 22.0
0.666667 2 404.8 299.1 28.8 19.4
0.700000 2 402.1 298.3 29.8 20.1
0.733333 2 396.0 296.0 33.7 23.1
0.766667 2 395.7 296.4 29.6 21.1
0.800000 2 392.7 296.7 26.9 18.7
0.833333 2 389.1 296.1 25.9 17.8
0.866667 2 385.7 295.3 28.5 18.9
0.900000 2 382.1 294.8 27.5 18.1
0.933333 2 379.5 293.9 28.6 18.9
0.966667 2 374.0 292.1 31.5 20.7
1.000000 2 368.0 289.9 35.7 23.6
1.033333 2 369.4 291.8 28.7 18.8
1.066667 2 365.5 290.7 28.6 19.0
1.100000 2 361.5 288.9 33.0 22.0
1.133333 2 356.4 286.5 35.8 24.6
1.166667 2 353.5 285.7 34.9 24.1
1.200000 2 352.2 285.2 31.4 22.3
1.233333 2 348.3 282.8 36.1 26.3
1.266667 2 345.1 281.6 37.6 26.5
1.300000 2 345.0 280.7 35.1 26.5
1.333333 2 343.8 279.7 33.5 25.5
1.366667 2 343.1 279.2 33.0 24.4
1.400000 2 341.9 277.5 32.2 23.8
1.433333 2 341.1 275.7 31.7 23.3
1.466667 2 338.9 272.3 34.8 27.9
1.500000 2 339.2 271.7 32.7 25.1
1.533333 2 338.9 270.8 32.3 24.4
1.566667 2 333.8 264.9 41.4 31.8
1.600000 2 337.3 265.9 33.4 24.9
1.633333 2 337.1 264.6 33.4 24.8
1.666667 2 333.9 260.0 38.9 30.0
1.700000 2 335.9 259.8 34.1 25.2
1.733333 2 335.7 258.7 34.1 25.4
1.766667 2 334.5 255.6 35.6 27.3
1.800000 2 334.7 254.3 34.3 25.5
1.833333 2 334.5 253.2 34.1 25.7
1.866667 2 333.4 250.8 35.5 26.6
1.900000 2 334.4 250.8 33.0 24.6
1.933333 2 332.1 247.1 36.6 28.3
1.966667 2 333.0 247.7 34.0 25.4
2.000000 2 330.6 244.5 37.5 29.1
2.033333 2 332.4 245.0 32.5 24.5
2.066667 2 326.2 239.7 44.4 34.3
2.100000 2 331.5 242.9 32.2 24.5
2.133333 2 329.3 241.0 35.6 26.9
2.166667 2 328.7 239.9 35.3 27.1
2.200000 2 327.3 239.0 37.3 27.7
2.233333 2 324.9 236.2 40.8 31.1
2.266667 2 329.9 240.0 30.1 22.3
2.300000 2 328.4 238.2 31.6 23.9
2.333333 2 326.3 236.7 35.2 25.8
2.366667 2 323.7 233.6 39.5 30.2
2.400000 2 327.3 236.4 31.4 23.4
2.433333 2 326.7 235.1 31.9 23.9
2.466667 2 324.3 232.9 36.9 27.5
2.500000 2 324.8 232.0 35.5 27.1
2.533333 2 324.1 230.8 36.7 28.2
2.566667 2 323.3 229.3 38.8 29.2
2.600000 2 327.3 231.9 31.1 22.4
2.633333 2 326.5 229.5 33.5 25.1
2.666667 2 327.5 229.0 32.8 24.1
2.700000 2 327.9 227.5 33.8 25.2
2.733333 2 328.1 226.3 34.2 26.0
2.766667 2 329.0 225.6 34.2 25.5
2.800000 2 330.0 224.2 34.5 26.0
2.833333 2 326.9 221.7 42.1 30.6
2.866667 2 329.3 221.3 39.0 29.4
2.900000 2 331.4 221.3 36.9 27.5
2.933333 2 329.6 218.5 41.5 32.2
2.966667 2 329.2 216.4 44.5 34.7
3.000000 2 333.7 219.4 36.3 27.5
3.033333 2 335.0 218.6 35.8 27.3
3.066667 2 330.9 214.9 44.7 33.7
3.100000 2 331.7 213.9 45.2 34.3
3.133333 2 335.0 215.5 39.3 29.9
3.166667 2 334.1 212.9 43.0 33.5
3.200000 2 337.7 215.4 36.5 27.6
3.233333 2 338.6 214.5 36.5 27.5
3.266667 2 336.8 212.8 40.6 30.6
3.300000 2 339.3 213.1 37.1 28.2
3.333333 2 335.3 209.9 45.7 34.1
3.366667 2 339.9 211.8 38.1 28.8
3.400000 2 338.6 208.7 41.5 33.5
3.433333 2 337.1 207.7 46.3 34.5
3.466667 2 340.4 208.9 40.3 31.3
3.500000 2 337.1 205.1 48.9 37.7
3.533333 2 341.6 208.3 40.9 30.8
3.566667 2 342.5 207.1 39.9 32.4
3.600000 2 343.1 206.6 41.2 32.1
3.633333 2 344.8 206.4 40.6 31.4
3.666667 2 346.9 205.8 39.4 31.5
3.700000 2 347.6 205.2 39.8 32.2
3.733333 2 346.1 202.1 46.9 37.5
3.766667 2 350.1 203.4 40.6 33.9
3.800000 2 350.3 202.6 44.9 34.4
3.833333 2 355.1 204.7 37.1 29.1
3.866667 2 355.4 202.5 41.6 32.4
3.900000 2 357.6 202.1 39.5 32.4
3.933333 2 361.1 202.5 38.0 29.9
3.966667 2 361.6 200.8 42.8 32.0
4.000000 2 364.2 199.7 43.2 32.6
4.033333 2 367.1 198.4 43.0 33.4
4.066667 2 372.4 200.6 35.4 27.5
4.100000 2 372.6 198.1 41.2 31.1
4.133333 2 376.3 199.0 36.8 28.2
4.166667 2 379.7 198.3 36.1 27.5
4.200000 2 376.4 194.1 45.9 35.7
4.233333 2 380.5 194.0 44.4 33.7
4.266667 2 386.2 196.3 35.8 28.0
4.300000 2 388.8 194.4 37.4 29.8
4.333333 2 393.1 194.7 35.5 27.2
4.366667 2 393.7 193.3 37.9 29.6
4.400000 2 397.3 192.3 37.8 29.6
4.433333 2 402.4 192.9 35.0 26.5
4.466667 2 405.7 191.4 35.8 27.8
4.500000 2 403.6 188.2 43.9 33.9
4.533333 2 407.4 186.7 43.8 34.7
4.566667 2 412.8 187.8 40.7 30.6
4.600000 2 413.1 186.6 44.0 32.3
4.633333 2 416.7 185.9 44.6 31.8
4.666667 2 420.4 184.8 44.8 32.7
4.700000 2 427.1 185.7 39.2 29.0
4.733333 2 428.6 183.9 43.4 31.7
4.766667 2 431.4 182.7 45.3 32.6
4.800000 2 434.1 182.8 43.1 31.7
4.833333 2 437.3 182.4 43.3 31.3
4.866667 2 436.3 180.3 48.4 35.2
4.900000 2 442.4 182.2 42.0 30.6
4.933333 2 445.0 183.0 39.7 28.6
4.966667 2 446.8 182.2 41.8 30.2
5.000000 2 448.6 182.5 41.0 29.3
5.033333 2 449.8 181.3 43.7 31.6
5.066667 2 453.6 183.6 38.4 27.3
5.100000 2 456.3 184.0 37.6 26.6
5.133333 2 455.7 182.6 42.9 30.4
5.166667 2 459.0 183.6 40.5 29.1
5.200000 2 461.2 184.7 38.0 27.0
5.233333 2 461.1 184.0 42.0 29.3
5.266667 2 460.8 183.4 44.6 31.0
5.300000 2 463.2 183.8 42.5 30.9
5.333333 2 466.3 185.9 37.5 26.8
5.366667 2 461.4 182.5 50.6 35.2
5.400000 2 464.1 183.5 46.7 32.6
5.433333 2 467.6 184.9 43.1 29.6
5.466667 2 465.9 183.3 47.9 32.9
5.500000 2 470.6 185.5 40.7 27.5
5.533333 2 469.1 183.2 46.9 31.7
5.566667 2 468.1 181.5 51.5 34.9
5.600000 2 474.4 184.3 41.1 27.9
5.633333 2 474.8 184.3 41.3 27.8
5.666667 2 473.9 181.8 45.2 31.4
5.700000 2 477.7 184.1 38.9 26.2
5.733333 2 475.9 181.9 44.8 29.9
5.766667 2 476.5 181.0 44.7 31.0
5.800000 2 475.6 179.0 48.5 33.5
5.833333 2 480.4 182.1 39.4 26.2
5.866667 2 481.2 180.9 39.7 26.6
5.900000 2 478.1 177.1 47.4 32.6
5.933333 2 482.2 179.2 39.9 26.6
5.966667 2 480.3 175.7 45.2 31.2
6.000000 2 482.4 176.8 41.4 27.5
6.033333 2 482.0 174.3 44.0 29.7
6.066667 2 485.1 175.7 37.9 25.2
6.100000 2 479.9 170.5 50.3 33.2
6.133333 2 484.9 172.8 40.5 26.8
6.166667 2 480.2 168.0 51.3 33.8
6.200000 2 485.4 169.9 41.4 27.2
6.233333 2 485.5 168.2 41.8 27.5
6.266667 2 485.9 165.9 42.8 28.2
6.300000 2 483.1 161.5 49.1 32.9
6.333333 2 487.8 162.1 40.6 27.1
6.366667 2 490.5 162.7 35.3 23.3
6.400000 2 486.7 156.9 43.6 31.0
6.433333 2 489.7 156.8 39.0 26.3
6.466667 2 487.4 152.5 44.1 30.4
6.500000 2 489.4 152.5 40.9 28.1
6.533333 2 491.3 151.2 37.8 26.1
6.566667 2 490.0 147.6 41.7 29.1
6.600000 2 492.7 147.6 36.6 25.1
6.633333 2 489.9 142.8 43.3 30.8
6.666667 2 493.3 143.6 37.3 25.5
6.700000 2 492.9 142.7 38.1 25.7
6.733333 2 490.4 138.5 44.4 30.9
6.766667 2 491.7 137.6 42.0 29.7
6.800000 2 491.3 136.5 42.8 30.1
6.833333 2 493.1 136.7 39.4 27.2
6.866667 2 492.5 135.1 40.4 28.1
6.900000 2 492.5 134.4 40.3 28.1
6.933333 2 491.6 133.1 42.2 29.0
6.966667 2 491.8 132.7 41.6 29.0
7.000000 2 493.2 132.9 38.4 26.3
7.033333 2 492.2 132.3 40.5 26.9
7.066667 2 492.4 131.3 39.9 26.8
7.100000 2 494.8 132.9 34.3 22.9
7.133333 2 490.2 129.4 42.9 29.1
7.166667 2 493.1 130.6 36.5 25.4
7.200000 2 492.7 130.6 36.9 24.5
7.233333 2 492.0 130.2 37.6 24.8
7.266667 2 492.1 130.0 36.3 23.8
7.300000 2 493.0 129.7 33.7 23.2
7.333333 2 489.7 127.0 39.8 28.4
7.366667 2 490.5 128.2 37.3 24.9
7.400000 2 491.6 128.4 34.5 23.7
7.433333 2 489.7 127.6 37.2 24.5
7.466667 2 488.3 126.5 39.0 26.2
7.500000 2 492.0 129.1 29.9 19.7
7.533333 2 486.4 125.3 40.3 27.1
7.566667 2 490.9 128.1 30.5 20.0
7.600000 2 487.2 125.5 36.5 25.1
7.633333 2 490.3 127.3 29.4 19.5
7.666667 2 484.1 122.9 41.1 28.1
7.700000 2 488.2 126.0 31.4 20.6
7.733333 2 485.0 123.5 36.7 24.3
7.766667 2 485.5 123.6 35.3 24.0
7.800000 2 485.6 123.8 33.4 22.3
7.833333 2 485.7 123.7 32.2 21.2
7.866667 2 483.3 121.6 34.2 23.1
7.900000 2 484.2 122.1 31.9 21.4
7.933333 2 482.8 120.9 33.9 22.6
7.966667 2 480.0 118.6 38.3 26.4
8.000000 2 482.3 120.4 33.1 21.9
8.033333 2 478.6 117.5 39.7 26.6
8.066667 2 478.6 117.3 38.9 26.8
8.100000 2 478.3 116.6 38.8 27.0
8.133333 2 478.5 117.2 37.5 25.1
8.166667 2 479.1 117.1 35.2 24.3
8.200000 2 479.8 118.3 32.2 21.3
8.233333 2 474.9 114.6 41.9 28.5
8.266667 2 475.4 115.6 39.0 26.1
8.300000 2 473.7 114.0 42.1 29.3
8.333333 2 473.9 114.5 39.5 28.1
8.366667 2 475.9 116.1 34.6 24.3
8.400000 2 474.0 115.7 36.7 25.4
8.433333 2 475.0 117.0 34.0 22.9
8.466667 2 472.5 116.5 36.9 24.3
8.500000 2 471.2 115.9 38.5 25.5
8.533333 2 468.2 114.4 42.9 29.2
8.566667 2 471.8 117.5 34.2 22.9
8.600000 2 470.2 117.3 35.3 24.0
8.633333 2 465.1 115.0 43.5 30.0
8.666667 2 467.1 117.2 37.2 25.9
8.700000 2 464.6 117.6 39.7 26.4
8.733333 2 463.0 116.5 41.3 29.3
8.766667 2 461.5 116.7 42.4 29.8
8.800000 2 464.1 120.8 33.8 23.0
8.833333 2 457.6 117.0 46.0 31.7
8.866667 2 461.3 121.0 35.3 24.3
8.900000 2 455.8 118.5 44.0 31.4
8.933333 2 457.1 121.2 39.7 26.8
8.966667 2 456.7 122.5 37.3 25.7
9.000000 2 453.8 121.5 42.0 28.9
9.033333 2 453.7 123.7 39.0 26.0
9.066667 2 451.3 123.4 40.9 28.3
9.100000 2 452.6 125.5 36.5 25.3
9.133333 2 452.3 127.8 33.8 22.5
9.166667 2 447.8 124.9 41.8 29.2
9.200000 2 451.0 129.7 31.8 20.9
9.233333 2 448.9 129.4 34.8 23.0
9.266667 2 446.7 129.7 36.5 24.3
9.300000 2 443.2 129.3 40.6 27.0
9.333333 2 443.3 129.7 38.9 27.3
9.366667 2 443.9 132.3 35.0 23.8
9.400000 2 440.3 130.7 40.8 27.8
9.433333 2 439.3 131.7 40.8 27.8
9.466667 2 442.5 134.8 33.0 22.2
9.500000 2 441.8 136.0 32.7 21.8
9.533333 2 437.6 133.9 39.0 27.6
9.566667 2 438.6 135.8 36.4 25.0
9.600000 2 440.1 138.6 31.9 21.1
9.633333 2 434.3 134.8 42.8 29.6
9.666667 2 438.3 138.9 33.8 22.9
9.700000 2 436.5 138.8 36.8 24.1
9.733333 2 434.7 138.4 39.6 26.3
9.766667 2 437.8 141.2 32.6 22.2
9.800000 2 437.5 142.1 32.8 21.9
9.833333 2 433.3 139.2 40.7 28.7
9.866667 2 433.1 139.7 41.1 29.2
9.900000 2 432.5 139.9 42.4 29.4
9.933333 2 434.8 142.3 37.3 25.7
9.966667 2 431.6 140.9 44.0 30.2
10.000000 2 433.3 142.1 40.3 28.2
10.033333 2 431.5 141.4 44.6 31.4
10.066667 2 432.5 142.6 42.6 29.8
10.100000 2 431.8 142.8 44.4 29.8
10.133333 2 435.8 146.1 36.2 24.1
10.166667 2 434.9 146.0 38.1 25.0
10.200000 2 435.3 146.6 37.3 24.7
10.233333 2 436.8 147.5 34.6 23.2
10.266667 2 433.3 145.2 42.4 29.1
10.300000 2 434.4 146.6 40.2 27.0
10.333333 2 431.8 145.0 46.0 31.4
10.366667 2 430.6 144.7 48.6 32.5
10.400000 2 437.0 149.2 36.3 24.4
10.433333 2 433.6 147.2 43.7 29.3
10.466667 2 436.9 149.8 36.9 24.6
10.500000 2 431.7 146.8 48.2 32.4
10.533333 2 434.9 149.1 42.1 27.8
10.566667 2 436.8 150.5 38.2 25.8
10.600000 2 434.2 148.0 44.3 31.5
10.633333 2 438.0 152.1 36.6 24.2
10.666667 2 435.4 150.1 42.3 29.0
10.700000 2 434.1 149.6 45.3 31.3
10.733333 2 437.6 152.7 38.7 25.5
10.766667 2 437.3 152.5 39.8 26.8
10.800000 2 439.3 154.4 35.9 23.6
10.833333 2 433.7 150.4 48.2 33.6
10.866667 2 438.9 154.3 38.1 25.8
10.900000 2 436.2 153.0 44.7 29.6
10.933333 2 433.7 150.4 49.8 35.9
