0.000000 2 460.0 314.0 31.0 31.0
0.033333 2 459.5 315.2 31.6 31.6
0.066667 2 459.4 316.0 31.7 31.7
0.100000 2 462.3 320.7 25.2 25.2
0.133333 2 463.0 323.1 23.7 23.7
0.166667 2 460.3 322.3 28.6 28.6
0.200000 2 459.8 322.6 29.4 29.4
0.233333 2 457.5 322.1 33.6 33.6
0.266667 2 462.0 328.1 23.8 23.8
0.300000 2 462.2 329.1 23.3 23.3
0.333333 2 462.4 330.6 22.5 22.5
0.366667 2 459.6 329.3 27.7 27.7
0.400000 2 458.6 328.7 29.7 29.7
0.433333 2 459.5 330.9 27.4 27.4
0.466667 2 462.3 334.4 21.1 21.1
0.500000 2 462.2 335.4 21.1 21.1
0.533333 2 459.9 334.3 25.3 25.3
0.566667 2 455.1 330.5 34.6 34.6
0.600000 2 460.3 336.9 23.3 23.3
0.633333 2 460.8 338.8 21.8 21.8
0.666667 2 458.9 337.5 25.4 25.4
0.700000 2 456.6 336.8 29.9 29.9
0.733333 2 453.0 334.5 36.7 36.7
0.766667 2 457.0 339.4 28.0 28.0
0.800000 2 457.8 341.8 25.7 25.7
0.833333 2 453.3 339.0 34.4 34.4
0.866667 2 457.0 344.0 26.0 26.0
0.900000 2 457.8 346.3 24.2 24.2
0.933333 2 458.4 348.7 22.8 22.8
0.966667 2 457.3 348.6 24.7 24.7
1.000000 2 457.1 350.2 25.1 25.1
1.033333 2 452.0 347.0 35.0 35.0
1.066667 2 453.8 350.3 30.8 30.8
1.100000 2 454.2 352.5 29.9 29.9
1.133333 2 453.8 353.3 30.5 30.5
1.166667 2 455.5 357.0 27.1 27.1
1.200000 2 457.1 359.7 23.5 23.5
1.233333 2 457.0 361.5 23.7 23.7
1.266667 2 457.1 363.7 23.4 23.4
1.300000 2 457.5 366.6 22.5 22.5
1.333333 2 456.6 366.9 24.0 24.0
1.366667 2 456.7 369.3 23.7 23.7
1.400000 2 457.3 370.6 22.8 22.8
1.433333 2 456.8 372.3 23.6 23.6
1.466667 2 456.9 374.2 23.5 23.5
1.500000 2 456.9 375.2 23.5 23.5
1.533333 2 457.0 376.9 23.2 23.2
1.566667 2 456.6 377.9 24.0 24.0
1.600000 2 456.9 379.0 23.5 23.5
1.633333 2 456.4 379.7 24.4 24.4
1.666667 2 456.1 380.1 25.0 25.0
1.700000 2 455.5 381.0 26.2 26.2
1.733333 2 450.9 377.0 35.1 35.1
1.766667 2 454.7 381.6 26.7 26.7
1.800000 2 454.4 381.3 27.4 27.4
1.833333 2 454.8 381.7 26.7 26.7
1.866667 2 455.0 382.1 25.9 25.9
1.900000 2 455.6 382.8 24.7 24.7
1.933333 2 454.4 381.9 26.4 26.4
1.966667 2 454.8 382.2 25.5 25.5
2.000000 2 451.8 379.2 31.0 31.0
2.033333 2 451.9 378.6 30.9 30.9
2.066667 2 455.2 381.8 23.8 23.8
2.100000 2 457.2 383.1 19.2 19.2
2.133333 2 457.1 383.0 19.1 19.1
2.166667 2 452.4 377.7 27.9 27.9
2.200000 2 452.7 377.6 26.9 26.9
2.233333 2 455.8 379.7 20.1 20.1
2.266667 2 455.2 378.2 20.8 20.8
2.300000 2 450.7 372.9 29.4 29.4
2.333333 2 452.4 373.9 25.5 25.5
2.366667 2 454.1 374.8 21.5 21.5
2.400000 2 454.1 374.3 21.2 21.2
2.433333 2 454.2 373.1 21.2 21.2
2.466667 2 449.1 367.0 30.7 30.7
2.500000 2 448.9 366.4 31.0 31.0
2.533333 2 452.4 368.7 23.1 23.1
2.566667 2 453.0 368.4 21.3 21.3
2.600000 2 452.9 367.3 21.6 21.6
2.633333 2 452.2 365.6 22.7 22.7
2.666667 2 450.7 362.7 25.7 25.7
2.700000 2 450.5 361.3 26.0 26.0
2.733333 2 447.5 357.8 31.7 31.7
2.766667 2 447.6 356.3 31.3 31.3
2.800000 2 448.6 356.5 29.2 29.2
2.833333 2 450.5 357.1 25.3 25.3
2.866667 2 450.4 355.3 25.4 25.4
2.900000 2 450.2 354.2 25.8 25.8
2.933333 2 450.1 352.6 26.0 26.0
2.966667 2 449.9 350.1 27.2 27.2
3.000000 2 452.8 351.3 21.6 21.6
3.033333 2 453.2 350.4 21.0 21.0
3.066667 2 453.2 348.6 21.0 21.0
3.100000 2 452.9 346.8 22.0 22.0
3.133333 2 451.1 342.8 26.2 26.2
3.166667 2 450.9 341.6 26.6 26.6
3.200000 2 452.8 341.0 23.5 23.5
3.233333 2 453.1 340.0 23.2 23.2
3.266667 2 451.3 335.8 27.9 27.9
3.300000 2 453.9 335.5 23.8 23.8
3.333333 2 454.0 334.4 23.5 23.5
3.366667 2 454.1 332.3 23.7 23.7
3.400000 2 454.1 331.3 23.7 23.7
3.433333 2 454.3 328.8 24.4 24.4
3.466667 2 454.5 326.2 25.5 25.5
3.500000 2 454.8 325.7 24.6 24.6
3.533333 2 457.0 324.7 21.8 21.8
3.566667 2 456.5 323.1 23.0 23.0
3.600000 2 456.4 321.0 23.1 23.1
3.633333 2 456.1 318.4 23.9 23.9
3.666667 2 456.1 316.4 23.8 23.8
3.700000 2 457.5 315.1 22.5 22.5
3.733333 2 458.1 314.3 21.2 21.2
3.766667 2 457.6 312.2 22.3 22.3
3.800000 2 457.5 311.4 22.2 22.2
3.833333 2 456.4 308.9 24.0 24.0
3.866667 2 456.3 307.1 24.2 24.2
3.900000 2 456.2 305.7 24.2 24.2
3.933333 2 455.9 304.7 24.7 24.7
3.966667 2 457.2 305.1 20.9 20.9
4.000000 2 456.7 303.4 21.9 21.9
4.033333 2 456.7 302.3 21.5 21.5
4.066667 2 456.6 300.9 21.6 21.6
4.100000 2 455.6 299.4 23.4 23.4
4.133333 2 455.0 298.1 24.2 24.2
4.166667 2 455.0 297.5 24.3 24.3
4.200000 2 456.4 298.1 20.7 20.7
4.233333 2 456.6 298.0 20.2 20.2
4.266667 2 456.9 296.9 19.6 19.6
4.300000 2 456.6 296.8 19.8 19.8
4.333333 2 455.9 294.6 21.3 21.3
4.366667 2 455.7 293.2 22.6 22.6
4.400000 2 456.2 293.4 21.5 21.5
4.433333 2 455.7 292.5 21.7 21.7
4.466667 2 455.4 291.8 21.8 21.8
4.500000 2 455.2 290.9 21.8 21.8
4.533333 2 455.6 291.4 20.8 20.8
4.566667 2 455.4 290.2 20.5 20.5
4.600000 2 455.4 289.9 20.5 20.5
4.633333 2 453.3 287.3 23.7 23.7
4.666667 2 453.7 287.8 22.7 22.7
4.700000 2 455.1 288.2 19.3 19.3
4.733333 2 453.6 287.4 20.8 20.8
4.766667 2 453.9 286.9 19.6 19.6
4.800000 2 451.9 284.5 22.6 22.6
4.833333 2 452.6 284.8 20.5 20.5
4.866667 2 452.3 284.1 20.5 20.5
4.900000 2 452.1 284.3 19.1 19.1
4.933333 2 450.6 282.7 21.5 21.5
4.966667 2 451.3 283.4 18.5 18.5
5.000000 2 450.1 281.9 20.5 20.5
5.033333 2 449.2 281.4 20.2 20.2
5.066667 2 448.4 280.8 20.0 20.0
5.100000 2 448.1 281.0 19.4 19.4
5.133333 2 446.9 280.1 19.9 19.9
5.166667 2 445.9 279.5 19.6 19.6
5.200000 2 444.6 279.4 19.7 19.7
5.233333 2 443.2 278.0 22.0 22.0
5.266667 2 443.5 279.5 18.5 18.5
5.300000 2 442.1 278.7 18.9 18.9
5.333333 2 440.8 277.6 21.1 21.1
5.366667 2 440.6 278.7 18.4 18.4
5.400000 2 439.7 278.7 18.3 18.3
5.433333 2 437.4 276.8 21.6 21.6
5.466667 2 437.0 277.6 19.8 19.8
5.500000 2 436.0 277.1 20.7 20.7
5.533333 2 434.3 276.3 21.6 21.6
5.566667 2 433.1 275.0 22.1 22.1
5.600000 2 434.0 276.4 19.2 19.2
5.633333 2 432.0 275.2 19.6 19.6
5.666667 2 430.1 273.8 22.0 22.0
5.700000 2 429.5 273.3 20.4 20.4
5.733333 2 428.3 271.8 20.9 20.9
5.766667 2 427.5 270.4 21.6 21.6
5.800000 2 426.4 268.6 21.8 21.8
5.833333 2 425.7 267.0 23.0 23.0
5.866667 2 424.4 264.7 23.7 23.7
5.900000 2 423.9 263.4 22.1 22.1
5.933333 2 424.2 262.8 21.5 21.5
5.966667 2 423.2 259.6 22.1 22.1
6.000000 2 422.3 258.1 21.4 21.4
6.033333 2 418.8 253.3 26.7 26.7
6.066667 2 418.8 252.1 25.1 25.1
6.100000 2 417.9 250.3 26.2 26.2
6.133333 2 416.7 247.8 27.2 27.2
6.166667 2 417.8 248.8 23.6 23.6
6.200000 2 416.9 247.2 23.6 23.6
6.233333 2 414.4 244.4 27.6 27.6
6.266667 2 414.3 243.6 26.0 26.0
6.300000 2 412.7 241.6 27.0 27.0
6.333333 2 413.7 242.7 23.6 23.6
6.366667 2 412.5 241.3 23.8 23.8
6.400000 2 412.1 240.4 22.6 22.6
6.433333 2 410.7 239.5 23.8 23.8
6.466667 2 409.6 238.6 23.6 23.6
6.500000 2 409.8 237.9 23.2 23.2
6.533333 2 408.3 236.8 23.9 23.9
6.566667 2 407.4 236.2 23.1 23.1
6.600000 2 406.6 235.7 22.8 22.8
6.633333 2 406.1 236.1 21.6 21.6
6.666667 2 404.5 235.2 21.7 21.7
6.700000 2 401.6 233.0 24.9 24.9
6.733333 2 401.1 232.6 23.8 23.8
6.766667 2 400.7 232.8 22.4 22.4
6.800000 2 399.7 232.3 21.6 21.6
6.833333 2 398.7 232.3 21.3 21.3
6.866667 2 394.4 227.7 27.4 27.4
6.900000 2 395.0 228.6 23.0 23.0
6.933333 2 394.2 228.3 22.7 22.7
6.966667 2 392.0 225.7 24.7 24.7
7.000000 2 390.2 224.0 25.5 25.5
7.033333 2 389.5 222.7 24.0 24.0
7.066667 2 389.3 221.7 24.2 24.2
7.100000 2 387.6 220.2 23.7 23.7
7.133333 2 386.4 218.6 25.1 25.1
7.166667 2 385.8 217.1 23.9 23.9
7.200000 2 384.5 215.4 25.5 25.5
7.233333 2 384.1 213.8 24.3 24.3
7.266667 2 381.5 210.3 26.9 26.9
7.300000 2 382.2 210.3 24.6 24.6
7.333333 2 379.9 206.9 27.0 27.0
7.366667 2 377.7 204.1 30.7 30.7
7.400000 2 377.9 202.6 28.3 28.3
7.433333 2 378.4 201.8 25.7 25.7
7.466667 2 377.9 199.8 26.5 26.5
7.500000 2 376.6 197.6 27.0 27.0
7.533333 2 375.4 195.5 27.3 27.3
7.566667 2 375.5 194.9 26.6 26.6
7.600000 2 373.7 192.0 28.3 28.3
7.633333 2 371.0 188.8 31.2 31.2
7.666667 2 371.7 188.7 29.8 29.8
7.700000 2 370.0 187.0 29.8 29.8
7.733333 2 369.7 186.4 29.6 29.6
7.766667 2 368.5 184.4 30.0 30.0
7.800000 2 368.2 183.0 29.2 29.2
7.833333 2 367.5 182.6 28.6 28.6
7.866667 2 366.2 181.2 28.9 28.9
7.900000 2 364.8 180.0 27.9 27.9
7.933333 2 363.1 177.6 31.4 31.4
7.966667 2 360.7 174.8 33.2 33.2
8.000000 2 360.2 174.0 31.5 31.5
8.033333 2 359.4 172.9 31.7 31.7
8.066667 2 358.0 170.0 31.4 31.4
8.100000 2 357.6 168.9 30.1 30.1
8.133333 2 355.5 166.2 33.5 33.5
8.166667 2 354.4 164.5 33.1 33.1
8.200000 2 355.4 164.5 30.8 30.8
8.233333 2 354.2 162.2 31.2 31.2
8.266667 2 352.4 159.5 34.1 34.1
8.300000 2 351.8 157.9 33.4 33.4
8.333333 2 349.2 154.4 38.0 38.0
8.366667 2 348.9 153.1 36.6 36.6
8.400000 2 351.1 154.5 31.1 31.1
8.433333 2 349.4 151.6 33.0 33.0
8.466667 2 347.2 148.1 36.1 36.1
8.500000 2 347.6 146.0 34.7 34.7
8.533333 2 347.2 143.1 33.6 33.6
8.566667 2 347.9 143.3 31.6 31.6
8.600000 2 345.0 138.4 36.1 36.1
8.633333 2 345.5 137.3 33.7 33.7
8.666667 2 344.7 135.1 35.3 35.3
8.700000 2 343.4 131.8 37.3 37.3
8.733333 2 345.2 132.3 33.3 33.3
8.766667 2 345.4 129.8 32.7 32.7
8.800000 2 345.0 127.1 33.2 33.2
8.833333 2 345.4 126.0 32.3 32.3
8.866667 2 344.6 124.0 31.9 31.9
8.900000 2 344.5 122.8 32.2 32.2
8.933333 2 344.4 119.7 32.3 32.3
8.966667 2 344.4 118.7 32.3 32.3
9.000000 2 343.7 116.8 32.3 32.3
9.033333 2 342.9 113.6 33.2 33.2
9.066667 2 342.2 112.3 34.7 34.7
9.100000 2 343.5 110.9 32.1 32.1
9.133333 2 342.1 108.9 34.0 34.0
9.166667 2 343.1 107.1 31.6 31.6
9.200000 2 342.9 106.3 31.5 31.5
9.233333 2 340.6 102.0 35.5 35.5
9.266667 2 341.1 100.9 33.7 33.7
9.300000 2 341.7 99.9 32.4 32.4
9.333333 2 342.5 98.9 30.7 30.7
9.366667 2 342.1 96.7 31.3 31.3
9.400000 2 341.2 95.1 32.6 32.6
9.433333 2 340.6 92.7 33.7 33.7
9.466667 2 340.7 91.8 33.5 33.5
9.500000 2 341.4 90.7 32.2 32.2
9.533333 2 341.2 89.6 32.4 32.4
9.566667 2 341.1 87.7 32.7 32.7
9.600000 2 341.0 85.7 32.9 32.9
9.633333 2 340.6 84.9 33.7 33.7
9.666667 2 341.9 84.5 31.1 31.1
9.700000 2 342.8 84.1 29.7 29.7
9.733333 2 342.8 83.1 29.8 29.8
9.766667 2 340.6 79.5 35.3 35.3
9.800000 2 341.1 79.1 34.1 34.1
9.833333 2 340.4 77.8 35.5 35.5
9.866667 2 343.8 79.4 29.5 29.5
9.900000 2 343.7 78.8 29.8 29.8
9.933333 2 341.7 75.3 34.9 34.9
9.966667 2 342.8 75.1 33.3 33.3
10.000000 2 342.2 74.3 34.4 34.4
10.033333 2 343.3 73.9 33.7 33.7
10.066667 2 343.5 73.6 33.3 33.3
10.100000 2 344.7 73.6 31.6 31.6
10.133333 2 343.9 72.1 34.5 34.5
10.166667 2 346.8 73.7 29.9 29.9
10.200000 2 345.5 72.1 32.9 32.9
10.233333 2 345.5 72.1 32.9 32.9
10.266667 2 345.0 70.9 34.7 34.7
10.300000 2 347.2 71.9 31.6 31.6
10.333333 2 347.9 72.1 31.1 31.1
10.366667 2 348.2 72.0 31.5 31.5
10.400000 2 348.2 72.0 31.5 31.5
10.433333 2 348.6 71.9 31.7 31.7
10.466667 2 348.9 72.1 31.2 31.2
10.500000 2 349.4 72.2 31.2 31.2
10.533333 2 350.0 72.3 30.9 30.9
10.566667 2 350.2 72.8 30.7 30.7
10.600000 2 350.4 73.0 30.3 30.3
10.633333 2 350.7 74.0 29.7 29.7
10.666667 2 349.8 72.5 33.2 33.2
