0.000000 2 515.0 391.0 71.0 38.0
0.033333 2 514.3 388.3 70.6 37.9
0.066667 2 514.1 386.7 70.9 38.2
0.100000 2 513.4 384.0 70.9 38.1
0.133333 2 512.8 382.4 71.1 38.4
0.166667 2 512.2 379.6 71.2 38.4
0.200000 2 511.0 376.1 71.7 39.3
0.233333 2 510.1 372.9 71.4 39.1
0.266667 2 510.0 371.2 71.2 39.3
0.300000 2 509.0 367.7 71.1 39.3
0.333333 2 507.7 364.0 71.4 39.8
0.366667 2 506.8 359.7 71.2 40.0
0.400000 2 506.5 357.9 71.2 40.2
0.433333 2 505.5 353.7 71.1 40.0
0.466667 2 504.6 349.3 71.0 40.2
0.500000 2 504.5 347.5 70.6 39.9
0.533333 2 503.8 343.6 70.4 39.6
0.566667 2 502.6 339.2 70.7 40.1
0.600000 2 502.5 337.4 70.3 39.2
0.633333 2 501.7 333.3 70.3 39.3
0.666667 2 501.0 331.0 70.6 39.3
0.700000 2 500.6 327.3 69.8 38.4
0.733333 2 500.3 325.3 69.6 38.2
0.766667 2 499.6 321.3 69.4 37.6
0.800000 2 499.5 319.4 69.0 37.2
0.833333 2 498.7 315.4 69.0 37.0
0.866667 2 497.9 311.1 69.0 37.0
0.900000 2 497.0 306.6 69.3 37.4
0.933333 2 496.2 304.3 69.9 37.9
0.966667 2 495.2 299.6 70.3 38.9
1.000000 2 494.7 297.3 70.4 39.2
1.033333 2 493.5 292.7 71.1 40.1
1.066667 2 492.7 288.3 70.7 40.3
1.100000 2 492.1 286.2 70.9 40.4
1.133333 2 491.3 282.2 70.5 39.9
1.166667 2 490.6 280.2 70.5 39.8
1.200000 2 489.4 275.7 70.5 39.9
1.233333 2 488.2 271.2 70.2 39.6
1.266667 2 487.1 266.9 70.1 39.3
1.300000 2 486.5 264.4 69.6 39.0
1.333333 2 485.5 260.2 69.0 37.9
1.366667 2 484.8 257.7 68.7 37.6
1.400000 2 483.4 252.7 68.6 37.3
1.433333 2 482.9 250.0 68.2 36.9
1.466667 2 481.4 244.7 68.2 36.8
1.500000 2 480.6 241.4 68.2 37.1
1.533333 2 479.3 236.2 67.8 36.5
1.566667 2 477.8 230.4 67.8 36.5
1.600000 2 477.3 227.9 67.2 36.0
1.633333 2 475.7 221.6 67.3 36.4
1.666667 2 474.0 215.4 67.7 37.0
1.700000 2 473.5 212.3 67.2 36.7
1.733333 2 472.0 205.8 67.3 37.0
1.766667 2 471.4 202.9 67.0 36.7
1.800000 2 470.1 196.5 67.0 36.9
1.833333 2 469.2 190.7 66.3 36.1
1.866667 2 468.7 188.0 65.9 35.6
1.900000 2 467.6 181.8 66.0 35.9
1.933333 2 467.3 179.2 65.5 35.3
1.966667 2 466.3 173.5 65.4 35.0
2.000000 2 465.3 167.8 65.5 35.3
2.033333 2 464.8 164.9 65.6 35.6
2.066667 2 463.9 159.7 65.8 36.1
2.100000 2 462.9 154.4 66.3 36.6
2.133333 2 462.7 152.2 66.2 36.7
2.166667 2 461.9 147.5 66.6 37.4
2.200000 2 461.9 145.5 66.5 37.3
2.233333 2 461.3 141.9 66.5 37.0
2.266667 2 460.7 137.7 66.9 37.4
2.300000 2 460.5 135.9 67.1 37.4
2.333333 2 459.9 132.1 67.2 37.7
2.366667 2 460.0 130.2 67.1 37.7
2.400000 2 459.4 125.3 67.4 37.9
2.433333 2 459.4 123.8 67.5 37.9
2.466667 2 459.0 120.5 67.8 38.4
2.500000 2 459.1 117.7 67.8 38.5
2.533333 2 459.2 116.5 67.6 38.4
2.566667 2 459.3 114.4 67.5 38.3
2.600000 2 459.6 112.5 67.2 38.1
2.633333 2 459.7 111.7 67.1 38.0
2.666667 2 459.7 110.4 67.3 38.1
2.700000 2 459.9 109.4 67.6 38.3
2.733333 2 460.0 108.4 68.0 38.5
2.766667 2 460.1 108.6 67.8 38.0
2.800000 2 460.4 108.3 67.9 37.9
2.833333 2 460.6 108.6 67.8 37.6
2.866667 2 460.8 108.5 67.9 37.5
2.900000 2 460.9 108.7 68.3 37.8
2.933333 2 461.2 109.2 68.3 37.8
2.966667 2 460.9 109.5 68.7 38.0
3.000000 2 461.4 110.2 68.6 37.9
3.033333 2 461.6 110.8 68.6 37.8
3.066667 2 461.5 112.0 68.7 38.0
3.100000 2 461.8 112.2 69.1 38.3
3.133333 2 462.0 112.9 69.3 38.5
3.166667 2 461.9 113.1 69.4 38.8
3.200000 2 462.0 113.8 69.6 39.2
3.233333 2 462.0 114.1 69.7 39.5
3.266667 2 462.0 114.6 69.8 39.6
3.300000 2 461.9 114.8 69.9 39.8
3.333333 2 461.8 115.3 69.9 39.6
3.366667 2 461.9 115.4 69.6 39.4
3.400000 2 462.2 115.9 69.0 38.9
3.433333 2 462.1 116.1 68.6 38.4
3.466667 2 462.4 116.7 68.1 37.7
3.500000 2 462.5 116.9 67.9 37.2
3.533333 2 462.5 116.9 67.7 37.2
3.566667 2 462.7 117.5 67.4 36.7
3.600000 2 462.5 117.0 67.9 37.4
3.633333 2 462.4 117.0 68.0 37.7
3.666667 2 462.8 116.8 67.8 37.7
3.700000 2 462.9 117.0 67.8 37.8
3.733333 2 462.9 116.6 67.9 38.0
3.766667 2 463.0 116.8 67.9 38.2
3.800000 2 463.2 116.2 68.1 38.5
3.833333 2 463.2 116.4 68.1 38.3
3.866667 2 463.7 115.9 68.3 38.5
3.900000 2 463.6 115.6 68.7 39.1
3.933333 2 464.0 115.6 68.8 39.4
3.966667 2 464.1 115.5 68.8 39.6
4.000000 2 464.3 115.5 69.3 40.3
4.033333 2 464.6 115.5 69.6 40.8
4.066667 2 464.9 115.7 70.0 41.4
4.100000 2 465.4 116.3 70.0 41.5
4.133333 2 465.6 116.9 70.5 42.0
4.166667 2 466.0 117.6 70.3 41.7
4.200000 2 466.4 118.2 70.8 42.1
4.233333 2 466.6 118.8 70.8 42.2
4.266667 2 466.9 119.5 71.1 42.6
4.300000 2 467.2 120.4 71.2 42.7
4.333333 2 467.5 121.5 71.1 42.6
4.366667 2 467.5 121.9 71.5 42.9
4.400000 2 467.7 122.8 71.5 42.8
4.433333 2 468.1 123.5 71.4 42.7
4.466667 2 468.5 124.5 71.2 42.5
4.500000 2 468.3 124.8 71.7 42.9
4.533333 2 468.7 125.7 71.6 42.8
4.566667 2 469.0 126.9 71.6 43.0
4.600000 2 469.2 127.1 71.4 42.6
4.633333 2 469.5 128.0 71.4 42.9
4.666667 2 469.5 128.1 71.5 43.1
4.700000 2 470.0 129.1 71.4 43.0
4.733333 2 470.2 129.5 72.1 44.0
4.766667 2 469.9 129.4 72.6 44.6
4.800000 2 470.5 130.2 72.6 44.7
4.833333 2 470.6 130.6 72.4 44.8
4.866667 2 471.0 131.1 72.5 44.8
4.900000 2 471.5 131.9 72.3 44.5
4.933333 2 472.0 132.6 72.4 44.8
4.966667 2 472.3 132.7 72.6 45.1
5.000000 2 472.3 133.1 72.7 45.1
5.033333 2 472.7 133.3 72.8 45.3
5.066667 2 472.8 133.6 72.7 45.1
5.100000 2 473.1 133.2 73.1 45.8
5.133333 2 473.7 133.4 73.4 46.1
5.166667 2 473.8 133.5 73.2 46.3
5.200000 2 474.1 133.4 73.5 46.7
5.233333 2 474.8 134.0 73.6 46.5
5.266667 2 474.8 133.5 74.0 47.3
5.300000 2 475.2 133.5 74.4 47.9
5.333333 2 475.7 132.8 74.5 48.2
5.366667 2 476.1 133.1 74.4 48.4
5.400000 2 476.7 132.9 74.3 48.1
5.433333 2 477.1 132.8 74.6 48.8
5.466667 2 477.4 132.4 74.9 48.9
5.500000 2 477.9 132.7 75.2 49.4
5.533333 2 478.0 132.2 75.9 50.2
5.566667 2 478.7 132.7 75.4 49.7
5.600000 2 479.3 132.7 75.4 49.6
5.633333 2 479.8 133.1 75.6 50.0
5.666667 2 480.4 132.7 76.3 50.9
5.700000 2 480.5 133.0 76.6 51.5
5.733333 2 480.9 132.7 77.0 51.8
5.766667 2 481.6 133.4 77.0 51.7
5.800000 2 483.0 134.1 76.2 50.9
5.833333 2 483.3 134.0 76.0 51.1
5.866667 2 484.6 134.4 75.2 50.7
5.900000 2 485.2 134.4 74.8 50.8
5.933333 2 486.4 135.1 73.9 50.0
5.966667 2 486.6 135.2 74.1 50.1
6.000000 2 487.3 135.1 74.2 50.8
6.033333 2 487.5 134.9 74.6 51.8
6.066667 2 488.2 135.3 74.6 52.4
6.100000 2 488.9 136.1 74.5 52.4
6.133333 2 489.2 136.8 74.5 52.3
6.166667 2 489.6 137.6 75.1 52.8
6.200000 2 489.8 138.0 75.5 53.8
6.233333 2 490.4 139.2 75.7 54.1
6.266667 2 491.2 140.5 75.4 54.1
6.300000 2 491.8 142.3 75.4 54.1
6.333333 2 491.9 143.1 76.1 55.0
6.366667 2 492.9 145.6 76.2 54.9
6.400000 2 493.6 148.4 76.5 54.9
6.433333 2 493.3 148.6 77.7 56.6
6.466667 2 494.1 151.4 78.3 57.3
6.500000 2 494.8 154.4 78.5 57.1
6.533333 2 495.2 157.3 79.3 58.0
6.566667 2 495.6 159.2 79.5 57.9
6.600000 2 495.8 162.4 80.8 59.3
6.633333 2 496.0 165.7 81.6 60.1
6.666667 2 496.3 167.1 82.1 60.9
6.700000 2 496.4 170.4 82.7 61.2
6.733333 2 496.4 173.5 83.3 61.9
6.766667 2 497.1 176.5 83.2 61.8
6.800000 2 497.1 177.9 83.3 61.8
6.833333 2 497.2 180.9 83.1 61.6
6.866667 2 497.9 182.2 82.8 61.7
6.900000 2 497.9 184.7 82.8 61.6
6.933333 2 497.8 186.2 82.9 61.6
6.966667 2 497.8 188.3 82.9 61.8
7.000000 2 497.7 190.9 82.5 61.6
7.033333 2 498.0 192.3 81.9 60.9
7.066667 2 497.9 194.8 81.6 60.7
7.100000 2 497.8 196.0 81.9 60.8
7.133333 2 497.4 198.1 82.0 61.0
7.166667 2 497.2 199.1 82.1 61.1
7.200000 2 496.7 201.0 82.1 61.4
7.233333 2 496.4 203.0 82.1 61.5
7.266667 2 496.0 203.4 82.3 61.8
7.300000 2 495.5 205.1 82.0 61.6
7.333333 2 495.2 205.7 82.1 61.7
7.366667 2 494.7 207.1 81.9 61.7
7.400000 2 494.1 207.9 81.6 61.3
7.433333 2 494.0 208.8 81.2 61.2
7.466667 2 493.3 209.7 81.0 61.1
7.500000 2 492.6 210.9 80.7 61.0
7.533333 2 492.2 211.2 80.7 60.8
7.566667 2 491.5 212.7 80.3 60.4
7.600000 2 490.9 213.6 79.9 59.8
7.633333 2 490.8 214.1 79.6 59.7
7.666667 2 490.2 215.2 78.7 58.5
7.700000 2 489.7 215.4 78.1 57.7
7.733333 2 489.2 215.6 78.1 57.6
7.766667 2 488.8 216.2 77.1 56.3
7.800000 2 488.7 216.2 77.2 56.4
7.833333 2 488.3 216.0 76.8 55.8
7.866667 2 488.5 216.5 75.8 54.8
7.900000 2 488.3 215.5 75.7 54.5
7.933333 2 488.2 214.8 75.8 54.8
7.966667 2 488.4 214.2 75.8 55.1
8.000000 2 488.7 213.4 75.7 54.9
8.033333 2 488.7 212.7 75.9 55.7
8.066667 2 489.2 211.6 76.3 56.5
8.100000 2 489.4 211.1 76.4 56.7
8.133333 2 489.7 209.6 77.2 58.1
8.166667 2 490.5 208.3 77.5 58.9
8.200000 2 491.0 207.9 77.4 58.7
8.233333 2 491.7 206.8 78.0 59.9
8.266667 2 492.6 205.3 78.2 60.5
8.300000 2 493.6 204.6 78.2 60.5
8.333333 2 494.1 203.7 78.2 60.8
8.366667 2 495.1 202.7 78.5 61.7
8.400000 2 495.7 201.4 79.2 63.1
8.433333 2 496.4 200.1 79.5 63.8
8.466667 2 496.7 199.6 79.8 64.6
8.500000 2 497.2 198.1 80.4 66.2
8.533333 2 497.5 197.9 80.5 66.7
8.566667 2 498.1 197.0 80.8 67.7
8.600000 2 498.5 196.9 80.9 68.6
8.633333 2 498.4 196.3 81.0 69.1
8.666667 2 498.7 196.6 80.8 69.4
8.700000 2 498.5 196.5 80.9 69.8
8.733333 2 498.5 197.4 80.6 69.7
8.766667 2 498.0 197.8 80.5 70.0
8.800000 2 497.3 198.7 80.5 69.9
8.833333 2 496.6 199.2 80.8 70.2
8.866667 2 495.4 200.3 80.7 70.6
8.900000 2 494.8 200.6 80.7 71.1
8.933333 2 493.1 201.7 80.9 71.9
8.966667 2 491.3 203.7 80.9 72.4
9.000000 2 490.4 204.4 80.6 72.6
9.033333 2 488.0 206.4 80.7 73.2
9.066667 2 486.9 207.7 80.1 72.7
9.100000 2 483.9 210.4 80.4 73.0
9.133333 2 480.7 212.7 81.0 73.9
9.166667 2 477.4 215.2 80.7 73.9
9.200000 2 475.7 216.6 80.8 74.3
9.233333 2 472.3 219.8 80.6 74.5
9.266667 2 468.6 224.0 80.1 74.0
9.300000 2 464.2 227.2 80.3 74.3
9.333333 2 461.9 229.1 80.7 75.1
9.366667 2 457.3 232.7 80.7 75.6
9.400000 2 455.0 234.6 80.5 75.6
9.433333 2 450.3 239.3 80.4 75.7
9.466667 2 445.1 243.2 81.0 76.6
9.500000 2 442.4 245.8 80.7 76.7
9.533333 2 437.2 250.6 80.5 76.6
9.566667 2 431.8 255.7 80.4 76.7
9.600000 2 428.7 258.5 80.6 76.7
9.633333 2 422.8 263.5 80.9 77.5
9.666667 2 419.3 266.0 81.2 78.3
9.700000 2 413.6 272.0 80.6 77.6
9.733333 2 407.4 278.2 80.6 77.5
9.766667 2 403.8 280.9 80.9 77.8
9.800000 2 397.6 287.7 80.3 77.5
9.833333 2 391.3 294.2 80.1 77.0
9.866667 2 388.0 297.8 79.6 76.3
9.900000 2 382.1 305.6 78.4 74.2
9.933333 2 375.7 312.7 77.5 73.0
9.966667 2 372.3 316.5 77.1 72.4
10.000000 2 365.7 323.7 76.5 71.1
10.033333 2 359.2 331.1 76.0 70.0
10.066667 2 355.7 333.8 75.9 69.9
10.100000 2 349.2 340.9 75.0 68.6
10.133333 2 345.7 343.3 75.0 68.6
10.166667 2 339.3 349.6 74.3 67.7
10.200000 2 332.7 354.5 74.0 67.5
10.233333 2 329.3 357.2 74.1 67.5
10.266667 2 343.5 369.2 43.2 49.8
10.300000 2 334.1 377.5 40.7 44.5
10.333333 2 331.9 379.4 40.6 46.2
10.366667 2 324.4 385.5 37.2 42.4
10.400000 2 315.0 397.0 45.0 29.0
10.433333 2 310.0 400.0 46.0 28.0
10.466667 2 307.0 402.0 41.0 27.0
10.500000 2 306.0 406.0 42.0 26.0
10.533333 2 298.0 408.0 44.0 23.0
10.566667 2 298.0 408.0 41.0 22.0
10.600000 2 286.0 407.0 47.0 24.0
10.633333 2 284.0 409.0 40.0 24.0
10.666667 2 279.0 408.0 40.0 24.0
10.700000 2 275.0 410.0 40.0 23.0
10.733333 2 269.0 407.0 45.0 27.0
10.766667 2 264.0 407.0 41.0 25.0
10.800000 2 261.0 405.0 44.0 27.0
10.833333 2 258.0 406.0 42.0 28.0
10.866667 2 253.0 402.0 44.0 30.0
10.900000 2 248.0 402.0 49.0 31.0
