0.000000 2 302.0 253.0 33.0 31.0
0.033333 2 299.5 244.6 34.0 32.0
0.066667 2 298.5 241.1 35.0 33.0
0.100000 2 299.5 236.3 31.7 29.8
0.133333 2 299.8 233.6 31.2 29.3
0.166667 2 299.9 230.7 30.5 28.7
0.200000 2 299.0 223.4 32.3 30.6
0.233333 2 299.5 217.3 31.5 29.7
0.266667 2 298.2 212.2 34.8 32.9
0.300000 2 298.6 205.3 34.8 32.9
0.333333 2 300.2 203.0 32.0 30.3
0.366667 2 300.2 195.3 33.6 31.6
0.400000 2 300.4 191.6 33.5 31.7
0.433333 2 301.7 184.8 33.2 31.4
0.466667 2 301.7 180.9 34.1 32.1
0.500000 2 304.0 174.9 32.3 30.5
0.533333 2 304.2 170.4 33.8 31.9
0.566667 2 306.3 164.3 33.4 31.5
0.600000 2 307.9 161.0 32.8 31.0
0.633333 2 310.2 154.4 33.3 31.3
0.666667 2 313.0 148.0 33.7 31.7
0.700000 2 317.5 142.8 31.9 30.1
0.733333 2 321.2 136.7 32.9 31.0
0.766667 2 323.0 133.4 33.6 31.7
0.800000 2 328.0 128.2 33.0 31.2
0.833333 2 333.0 122.8 32.9 31.1
0.866667 2 334.8 119.0 34.7 32.9
0.900000 2 340.2 114.2 33.9 32.2
0.933333 2 342.2 111.2 35.1 33.1
0.966667 2 346.9 105.4 36.3 34.4
1.000000 2 350.9 104.4 32.9 31.1
1.033333 2 357.9 97.0 32.8 31.0
1.066667 2 361.1 90.6 35.5 33.5
1.100000 2 363.3 88.3 35.2 33.3
1.133333 2 368.1 84.2 33.6 31.6
1.166667 2 369.0 80.3 36.1 34.2
1.200000 2 372.8 75.7 36.1 34.1
1.233333 2 378.5 68.5 34.7 32.7
1.266667 2 383.3 64.5 31.7 29.9
1.300000 2 385.0 58.1 33.9 32.1
1.333333 2 387.3 52.4 34.9 33.0
1.366667 2 390.7 47.3 33.4 31.6
1.400000 2 391.2 44.0 34.8 32.9
1.433333 2 395.1 39.4 32.0 30.1
1.466667 2 397.3 33.9 31.6 29.7
1.500000 2 399.3 27.9 31.8 29.9
1.533333 2 565.0 208.0 64.0 38.0
1.566667 2 561.3 206.1 64.2 38.4
1.600000 2 558.0 204.5 63.6 38.2
1.633333 2 553.4 201.8 63.3 38.1
1.666667 2 552.1 201.1 63.0 37.8
1.700000 2 549.0 199.5 63.0 38.1
1.733333 2 546.3 198.3 62.6 37.7
1.766667 2 543.8 196.9 62.4 37.5
1.800000 2 541.1 195.2 62.7 37.9
1.833333 2 538.6 193.7 62.4 37.7
1.866667 2 537.7 192.8 62.3 37.6
1.900000 2 535.5 191.0 62.4 37.6
1.933333 2 534.0 189.8 62.7 37.9
1.966667 2 532.6 187.8 62.1 37.5
2.000000 2 531.0 185.5 62.1 37.5
2.033333 2 530.1 184.4 61.9 37.4
2.066667 2 528.9 182.2 61.5 37.1
2.100000 2 527.9 180.7 61.8 37.5
2.133333 2 527.1 178.4 61.2 37.0
2.166667 2 526.6 177.2 61.1 36.9
2.200000 2 525.7 174.7 60.8 36.5
2.233333 2 525.2 173.4 60.9 36.8
2.266667 2 524.6 170.9 60.5 36.3
2.300000 2 524.1 168.4 60.1 35.9
2.333333 2 523.9 166.8 60.3 36.1
2.366667 2 523.5 163.6 60.2 36.2
2.400000 2 523.4 160.5 60.0 35.8
2.433333 2 523.6 158.9 59.7 35.5
2.466667 2 523.5 155.0 59.9 35.8
2.500000 2 523.7 153.0 60.0 36.0
2.533333 2 524.1 148.9 59.9 36.3
2.566667 2 524.4 146.9 59.7 36.0
2.600000 2 525.4 142.7 58.9 35.5
2.633333 2 526.1 138.2 59.0 35.7
2.666667 2 526.4 135.8 59.2 35.8
2.700000 2 527.4 131.2 59.1 36.0
2.733333 2 527.7 129.0 59.3 36.0
2.766667 2 528.7 124.1 59.4 36.3
2.800000 2 529.2 121.9 59.5 36.4
2.833333 2 530.4 117.2 59.2 36.2
2.866667 2 531.7 112.6 59.1 36.0
2.900000 2 532.1 110.2 59.0 36.0
2.933333 2 533.9 105.8 58.6 35.8
2.966667 2 535.4 101.5 58.7 35.9
3.000000 2 536.2 99.5 58.2 35.5
3.033333 2 538.0 95.6 58.2 35.7
3.066667 2 539.7 91.8 58.3 35.8
3.100000 2 540.4 90.1 58.3 35.9
3.133333 2 542.4 86.9 58.5 36.1
3.166667 2 544.4 83.9 58.5 36.1
3.200000 2 546.3 81.6 58.3 36.0
3.233333 2 548.3 79.5 58.4 36.1
3.266667 2 549.6 78.5 58.3 36.1
3.300000 2 551.6 76.7 58.3 36.2
3.333333 2 552.7 75.8 58.4 36.2
3.366667 2 555.0 74.7 58.3 36.2
3.400000 2 556.3 74.0 58.0 36.2
3.433333 2 558.6 73.0 58.3 36.7
3.466667 2 559.5 72.5 58.3 36.7
3.500000 2 561.6 72.0 58.7 37.2
3.533333 2 563.8 71.5 58.9 37.5
3.566667 2 565.8 71.6 58.9 37.6
3.600000 2 567.6 72.0 59.6 38.2
3.633333 2 569.7 72.6 59.4 38.4
3.666667 2 570.6 73.2 59.5 38.4
3.700000 2 572.5 74.1 59.6 38.8
3.733333 2 574.3 75.4 59.7 39.2
3.766667 2 575.1 76.4 59.7 39.3
3.800000 2 576.7 78.2 52.7 39.0
3.833333 2 577.6 79.6 50.4 39.0
3.866667 2 579.3 82.0 53.2 38.0
3.900000 2 580.2 84.7 51.5 39.0
3.933333 2 581.4 87.5 51.8 39.0
3.966667 2 582.0 89.0 49.7 38.0
4.000000 2 582.7 92.5 52.0 38.0
4.033333 2 583.6 95.6 51.1 38.0
4.066667 2 583.8 97.5 52.4 38.0
4.100000 2 584.4 100.9 49.6 38.0
4.133333 2 584.6 102.7 48.6 38.0
4.166667 2 584.9 106.4 51.3 38.0
4.200000 2 585.3 108.5 51.0 38.0
4.233333 2 585.3 112.1 50.2 38.0
4.266667 2 585.4 116.1 47.9 37.0
4.300000 2 583.5 120.5 54.0 37.0
4.333333 2 585.8 122.4 51.1 37.0
4.366667 2 585.8 124.5 50.4 36.0
4.400000 2 585.8 128.3 48.2 36.0
4.433333 2 585.7 130.4 48.2 36.0
4.466667 2 585.7 134.4 50.6 36.0
4.500000 2 585.6 138.2 50.6 36.0
4.533333 2 585.7 140.1 49.0 35.0
4.566667 2 585.6 143.7 51.4 35.0
4.600000 2 585.2 145.4 48.0 35.0
4.633333 2 585.4 149.0 50.8 35.0
4.666667 2 585.5 152.3 51.5 35.0
4.700000 2 585.3 153.8 50.9 35.0
4.733333 2 585.3 156.8 49.4 35.0
4.766667 2 585.4 159.9 48.6 35.0
4.800000 2 585.3 162.6 50.2 35.0
4.833333 2 585.2 165.1 47.3 35.0
4.866667 2 585.2 166.5 49.6 35.0
4.900000 2 585.0 168.7 50.5 36.0
4.933333 2 584.8 169.9 48.4 36.0
4.966667 2 584.6 172.1 47.9 36.0
5.000000 2 584.5 173.2 49.5 36.0
5.033333 2 584.2 175.3 48.3 36.0
5.066667 2 583.7 177.4 49.5 37.0
5.100000 2 583.3 178.4 49.9 37.0
5.133333 2 582.7 180.4 49.8 37.0
5.166667 2 582.0 182.4 49.7 37.0
5.200000 2 581.6 183.2 52.4 37.0
5.233333 2 580.8 185.2 50.9 37.0
5.266667 2 580.2 185.9 49.3 37.0
5.300000 2 579.2 187.5 51.1 37.0
5.333333 2 578.8 188.4 55.5 37.0
5.366667 2 577.6 189.8 55.5 37.1
5.400000 2 576.3 191.2 55.5 37.1
5.433333 2 575.7 191.8 55.3 37.0
5.466667 2 574.3 193.1 55.3 37.0
5.500000 2 573.6 193.7 55.0 36.8
5.533333 2 572.1 194.9 54.9 36.6
5.566667 2 570.3 195.8 55.1 36.7
5.600000 2 569.5 196.5 55.0 36.4
5.633333 2 567.9 197.5 54.8 36.2
5.666667 2 566.1 198.2 54.6 36.1
5.700000 2 565.4 198.5 54.6 36.0
5.733333 2 563.8 199.2 54.3 35.7
5.766667 2 562.8 199.4 54.4 35.7
5.800000 2 561.3 199.9 54.0 35.3
5.833333 2 559.7 200.3 53.9 35.0
5.866667 2 559.0 200.5 53.7 34.8
5.900000 2 557.9 200.6 53.3 34.4
5.933333 2 557.2 200.7 53.2 34.3
5.966667 2 556.0 200.6 53.0 33.9
6.000000 2 555.6 200.5 52.9 33.8
6.033333 2 554.7 200.3 52.7 33.6
6.066667 2 553.8 199.8 52.9 33.8
6.100000 2 553.0 199.3 53.0 34.0
6.133333 2 552.8 198.9 53.0 34.1
6.166667 2 552.2 198.1 53.2 34.4
6.200000 2 551.7 197.4 53.2 34.4
6.233333 2 551.7 197.0 53.1 34.4
6.266667 2 551.1 195.8 53.1 34.4
6.300000 2 551.0 194.8 52.9 34.3
6.333333 2 550.9 194.3 52.9 34.4
6.366667 2 550.7 193.2 53.0 34.5
6.400000 2 550.6 192.0 53.3 34.9
6.433333 2 550.5 191.0 53.3 35.0
6.466667 2 550.4 190.5 53.2 35.0
6.500000 2 550.3 189.5 53.3 35.2
6.533333 2 550.1 188.6 53.2 35.4
6.566667 2 550.0 188.2 53.4 35.5
6.600000 2 549.6 187.6 53.5 35.7
6.633333 2 549.2 187.2 53.5 35.8
6.666667 2 548.9 187.0 53.5 35.9
6.700000 2 548.4 186.8 53.5 35.9
6.733333 2 548.0 186.8 53.4 35.9
6.766667 2 547.2 186.8 53.5 36.0
6.800000 2 546.2 186.8 53.5 36.0
6.833333 2 545.7 186.8 53.4 36.0
6.866667 2 544.6 186.9 53.4 36.0
6.900000 2 543.3 187.2 53.3 36.0
6.933333 2 541.9 187.4 53.1 35.9
6.966667 2 540.2 187.7 53.2 35.9
7.000000 2 537.5 188.0 53.1 35.8
7.033333 2 536.5 188.0 53.2 35.9
7.066667 2 534.5 188.2 53.2 35.8
7.100000 2 532.5 188.3 53.1 35.8
7.133333 2 531.5 188.3 53.1 35.8
7.166667 2 529.2 188.2 53.0 35.6
7.200000 2 527.1 187.8 52.7 35.5
7.233333 2 524.6 187.3 52.7 35.4
7.266667 2 522.2 186.8 52.6 35.4
7.300000 2 521.1 186.3 52.5 35.3
7.333333 2 517.4 185.2 52.4 35.1
7.366667 2 515.0 184.3 52.3 35.0
7.400000 2 513.5 183.4 52.5 35.2
7.433333 2 510.9 182.4 52.3 34.9
7.466667 2 509.7 181.7 52.3 35.0
7.500000 2 507.0 180.5 52.2 34.9
7.533333 2 504.4 179.0 52.2 34.9
7.566667 2 503.0 178.3 52.2 34.8
7.600000 2 500.4 176.9 52.0 34.5
7.633333 2 498.0 175.2 51.9 34.4
7.666667 2 495.5 173.6 51.8 34.3
7.700000 2 494.3 172.7 51.7 34.1
7.733333 2 491.8 171.0 51.7 34.1
7.766667 2 489.2 169.0 51.7 34.1
7.800000 2 486.9 167.3 51.6 34.0
7.833333 2 485.7 166.1 51.5 33.9
7.866667 2 483.4 164.3 51.5 33.9
7.900000 2 481.4 162.3 51.4 33.9
7.933333 2 479.1 160.1 51.4 33.9
7.966667 2 478.0 159.2 51.4 33.9
8.000000 2 475.9 156.9 51.3 33.8
8.033333 2 473.7 154.8 51.3 33.7
8.066667 2 472.7 153.6 51.3 33.8
8.100000 2 470.7 151.4 51.2 33.7
8.133333 2 468.4 149.0 51.3 33.7
8.166667 2 466.6 146.7 51.3 33.8
8.200000 2 465.9 145.4 51.3 33.8
8.233333 2 464.0 143.1 51.3 33.7
8.266667 2 462.3 140.7 51.2 33.6
8.300000 2 461.3 139.3 51.2 33.7
8.333333 2 459.7 136.7 51.1 33.7
8.366667 2 459.0 135.5 51.1 33.7
8.400000 2 457.4 132.8 51.1 33.6
8.433333 2 456.5 131.4 51.1 33.7
8.466667 2 455.0 128.7 51.2 33.7
8.500000 2 454.3 127.3 51.1 33.7
8.533333 2 452.8 124.6 51.2 33.7
8.566667 2 451.5 121.5 51.2 33.7
8.600000 2 450.7 120.3 51.1 33.7
8.633333 2 449.5 117.2 51.2 33.8
8.666667 2 448.9 116.1 51.1 33.7
8.700000 2 447.8 113.1 51.2 33.7
8.733333 2 447.3 111.9 51.1 33.7
8.766667 2 446.1 108.9 51.2 33.8
8.800000 2 445.3 106.1 51.2 33.8
8.833333 2 444.8 104.6 51.3 33.8
8.866667 2 443.8 101.8 51.3 34.0
8.900000 2 443.5 100.4 51.3 34.1
8.933333 2 442.7 97.6 51.4 34.1
8.966667 2 442.5 96.1 51.6 34.3
9.000000 2 441.7 93.5 51.6 34.3
9.033333 2 441.4 91.9 51.6 34.3
9.066667 2 440.6 89.0 51.8 34.6
9.100000 2 440.5 87.5 51.7 34.5
9.133333 2 439.6 84.8 51.9 34.8
9.166667 2 439.2 81.9 51.9 34.9
9.200000 2 439.0 80.5 51.8 34.8
9.233333 2 438.4 77.4 51.9 35.0
9.266667 2 438.3 75.8 52.0 35.0
9.300000 2 437.9 72.8 51.9 35.1
9.333333 2 437.3 69.5 51.9 35.1
9.366667 2 437.1 68.0 52.1 35.1
9.400000 2 436.7 64.5 52.1 35.3
9.433333 2 436.3 61.3 51.9 35.1
9.466667 2 436.0 58.0 52.0 35.2
9.500000 2 435.5 54.3 52.0 35.2
9.533333 2 435.4 52.7 52.1 35.3
9.566667 2 434.9 49.0 52.0 35.2
9.600000 2 434.5 47.3 52.0 35.2
9.633333 2 434.1 43.4 52.0 35.2
9.666667 2 434.1 41.3 52.1 35.3
9.700000 2 433.6 37.4 51.8 34.9
9.733333 2 433.5 35.3 51.9 35.1
9.766667 2 432.9 31.4 52.4 35.3
9.800000 2 432.7 29.5 52.4 35.2
9.833333 2 432.6 26.1 51.9 34.7
9.866667 2 432.2 22.5 51.8 34.5
9.900000 2 432.0 19.0 51.5 34.3
9.933333 2 431.9 15.9 51.5 34.1
9.966667 2 432.0 14.2 51.2 33.7
10.000000 2 431.9 19.4 51.0 24.9
10.033333 2 431.9 15.6 50.0 26.9
10.066667 2 431.9 14.9 50.0 25.0
10.100000 2 432.0 11.9 51.0 26.2
10.133333 2 432.2 8.9 51.0 26.7
