0.033333 2 280.7 329.4 39.6 32.7
0.066667 2 281.0 330.3 38.2 30.0
0.100000 2 280.0 330.3 39.3 29.5
0.133333 2 279.4 330.5 39.8 28.3
0.166667 2 279.6 330.6 38.7 27.3
0.200000 2 278.9 330.2 39.1 27.4
0.233333 2 278.3 330.0 39.6 26.9
0.266667 2 278.3 329.5 38.5 27.0
0.300000 2 277.3 328.9 39.8 27.1
0.333333 2 277.7 328.8 38.0 26.3
0.366667 2 276.4 327.8 39.9 27.3
0.400000 2 276.8 327.6 38.5 26.8
0.433333 2 276.2 326.8 38.7 26.9
0.466667 2 275.3 326.3 39.5 26.7
0.500000 2 275.6 325.8 38.0 26.4
0.533333 2 274.9 324.9 38.6 26.9
0.566667 2 274.3 324.3 39.5 26.5
0.600000 2 273.9 323.3 39.1 26.9
0.633333 2 274.0 322.8 38.1 26.4
0.666667 2 273.6 321.9 38.0 26.5
0.700000 2 272.8 320.8 38.8 27.0
0.733333 2 272.3 320.3 39.2 26.3
0.766667 2 271.8 319.1 39.5 27.1
0.800000 2 271.5 318.1 39.5 27.2
0.833333 2 271.5 317.6 38.8 26.4
0.866667 2 270.9 316.3 39.2 27.1
0.900000 2 270.4 315.2 39.4 27.2
0.933333 2 270.2 314.4 39.2 26.7
0.966667 2 269.7 313.2 39.3 27.3
1.000000 2 269.3 312.0 39.6 27.1
1.033333 2 269.0 311.0 39.4 27.0
1.066667 2 268.7 309.8 39.2 27.2
1.100000 2 268.8 309.0 38.4 26.7
1.133333 2 268.4 306.9 39.4 27.1
1.166667 2 267.8 306.3 38.9 27.1
1.200000 2 267.6 304.3 39.2 27.0
1.233333 2 266.8 303.9 39.3 27.0
1.266667 2 267.5 302.6 38.5 26.5
1.300000 2 266.5 301.2 38.4 26.4
1.333333 2 266.7 300.2 38.6 26.4
1.366667 2 266.4 298.1 38.8 26.6
1.400000 2 265.8 297.1 38.9 26.8
1.433333 2 265.6 295.6 38.6 26.4
1.466667 2 265.2 294.8 38.2 26.7
1.500000 2 264.4 292.9 38.5 26.8
1.533333 2 263.8 292.0 37.9 26.0
1.566667 2 263.5 289.9 38.0 26.5
1.600000 2 262.0 289.4 39.1 26.7
1.633333 2 261.9 287.4 38.9 26.8
1.666667 2 260.9 286.0 39.2 26.8
1.700000 2 260.9 284.0 39.2 26.8
1.733333 2 260.5 283.9 38.0 26.4
1.766667 2 260.2 281.8 38.2 26.6
1.800000 2 258.5 280.1 39.7 27.0
1.833333 2 258.9 279.1 38.3 26.3
1.866667 2 258.1 277.8 38.2 26.6
1.900000 2 257.4 275.4 39.4 26.5
1.933333 2 256.0 274.4 39.3 26.5
1.966667 2 256.3 272.9 38.0 26.5
2.000000 2 255.5 272.0 37.8 26.3
2.033333 2 254.5 270.1 39.1 26.5
2.066667 2 254.3 268.8 38.1 26.5
2.100000 2 252.9 267.1 39.6 27.0
2.133333 2 252.8 266.0 38.1 25.9
2.166667 2 251.4 264.1 39.7 27.0
2.200000 2 251.4 262.9 38.1 26.3
2.233333 2 250.3 261.2 39.2 26.4
2.266667 2 250.0 260.0 38.2 26.3
2.300000 2 248.4 258.0 39.7 27.1
2.333333 2 248.4 256.8 37.9 26.5
2.366667 2 247.1 255.5 39.3 26.3
2.400000 2 247.1 254.3 37.6 25.6
2.433333 2 245.4 252.2 39.6 26.8
2.466667 2 245.4 250.8 38.1 26.5
2.500000 2 244.3 249.2 39.4 26.5
2.533333 2 244.0 247.6 38.6 26.6
2.566667 2 243.7 246.3 38.1 25.9
2.600000 2 242.5 244.2 39.6 27.0
2.633333 2 242.5 243.0 38.4 26.5
2.666667 2 241.6 241.0 39.6 27.0
2.700000 2 241.8 239.7 38.7 26.6
2.733333 2 241.4 238.1 39.1 26.4
2.766667 2 241.0 236.4 39.6 26.4
2.800000 2 241.5 234.9 38.5 26.1
2.833333 2 241.3 233.2 39.2 26.3
2.866667 2 241.5 231.2 39.4 26.8
2.900000 2 241.8 229.2 39.3 27.1
2.933333 2 242.4 227.7 38.6 26.9
2.966667 2 242.6 226.0 39.5 27.4
3.000000 2 243.6 224.9 38.5 26.7
3.033333 2 243.7 223.2 39.2 27.4
3.066667 2 244.2 221.4 39.3 27.0
3.100000 2 244.9 219.5 39.1 27.5
3.133333 2 245.4 217.6 39.2 27.2
3.166667 2 245.7 215.5 39.3 27.5
3.200000 2 246.1 213.9 39.9 27.1
3.233333 2 246.2 211.6 40.6 27.9
3.266667 2 247.0 210.0 40.0 27.0
3.300000 2 247.3 207.8 40.2 27.6
3.333333 2 248.1 206.3 39.8 26.7
3.366667 2 248.4 204.2 39.6 27.2
3.400000 2 248.7 202.0 40.1 27.7
3.433333 2 249.7 200.4 39.0 27.3
3.466667 2 250.0 198.4 39.1 27.5
3.500000 2 250.0 196.7 40.2 27.4
3.533333 2 250.0 194.7 40.9 27.9
3.566667 2 250.9 193.2 39.5 27.6
3.600000 2 250.8 191.7 40.6 27.5
3.633333 2 251.8 190.3 39.2 27.5
3.666667 2 251.4 188.9 40.7 27.7
3.700000 2 252.3 187.8 39.5 27.0
3.733333 2 253.0 186.6 38.7 27.1
3.766667 2 253.2 185.6 38.8 27.1
3.800000 2 253.7 184.8 38.6 26.6
3.833333 2 253.9 183.8 38.7 26.8
3.866667 2 253.6 182.8 40.0 27.2
3.900000 2 254.2 182.5 39.6 26.5
3.933333 2 254.9 181.8 38.5 26.7
3.966667 2 254.4 181.1 40.1 27.1
4.000000 2 254.9 181.0 39.6 26.8
4.033333 2 255.8 180.9 38.5 26.3
4.066667 2 255.7 180.6 39.1 26.6
4.100000 2 255.8 180.6 39.3 26.5
4.133333 2 256.2 180.8 39.0 26.1
4.166667 2 256.8 181.2 38.2 25.5
4.200000 2 257.0 181.2 38.1 25.9
4.233333 2 256.6 181.2 39.5 26.6
4.266667 2 257.2 181.7 38.5 26.4
4.300000 2 256.9 182.2 39.7 26.5
4.333333 2 257.9 183.4 37.8 25.3
4.366667 2 257.4 183.9 39.1 25.5
4.400000 2 257.5 184.3 39.3 26.1
4.433333 2 258.0 185.1 38.8 26.5
4.466667 2 258.1 186.1 38.9 26.4
4.500000 2 258.7 187.5 38.2 25.5
4.533333 2 258.6 188.5 38.7 25.6
4.566667 2 258.2 189.3 39.8 26.2
4.600000 2 258.5 190.6 39.5 26.2
4.633333 2 259.2 191.9 38.2 26.2
4.666667 2 259.1 193.1 38.7 26.4
4.700000 2 259.0 194.6 39.1 26.5
4.733333 2 259.4 196.1 38.6 26.3
4.766667 2 259.4 198.1 38.7 25.5
4.800000 2 259.1 199.6 39.7 25.8
4.833333 2 259.7 201.5 38.3 25.5
4.866667 2 259.7 203.1 38.5 25.7
4.900000 2 259.9 205.1 38.4 25.6
4.933333 2 259.8 206.6 39.1 26.2
4.966667 2 259.7 208.4 39.4 26.5
5.000000 2 260.0 210.7 38.9 26.1
5.033333 2 260.4 212.9 38.1 26.1
5.066667 2 260.8 215.0 37.3 25.9
5.100000 2 261.0 217.3 37.0 25.8
5.133333 2 260.5 219.4 38.1 26.0
5.166667 2 261.8 223.1 35.3 23.5
5.200000 2 262.0 225.7 34.9 23.0
5.233333 2 262.8 229.5 33.3 20.1
5.266667 2 263.3 231.9 32.0 19.9
5.300000 2 262.7 234.1 33.3 20.1
5.333333 2 262.2 236.5 33.9 20.2
5.366667 2 262.2 239.4 33.8 19.8
5.400000 2 262.7 242.2 32.6 19.6
5.433333 2 263.2 245.8 31.3 18.2
5.466667 2 263.2 248.7 31.3 18.3
5.500000 2 263.1 251.7 31.5 18.5
5.533333 2 263.1 254.5 31.6 18.7
5.566667 2 263.1 257.9 31.3 18.2
5.600000 2 262.8 260.7 32.2 18.8
5.633333 2 262.6 263.4 32.9 19.5
5.666667 2 262.7 266.6 32.5 18.9
5.700000 2 262.3 269.3 33.5 19.8
5.733333 2 261.9 271.9 34.5 20.6
5.766667 2 261.6 274.7 35.2 21.2
5.800000 2 261.6 277.7 35.4 21.4
5.833333 2 261.7 280.7 35.4 21.3
5.866667 2 262.2 284.2 34.5 20.3
5.900000 2 262.9 287.4 33.3 19.6
5.933333 2 263.5 290.4 31.9 19.1
5.966667 2 263.1 293.0 32.9 19.4
6.000000 2 262.8 295.4 33.4 19.7
6.033333 2 262.9 297.6 33.1 20.4
6.066667 2 262.5 300.0 34.0 20.4
6.100000 2 262.1 301.9 34.5 21.5
6.133333 2 262.2 304.3 34.2 21.7
6.166667 2 261.6 306.4 35.5 21.9
6.200000 2 262.0 309.0 34.3 21.6
6.233333 2 262.3 311.3 33.6 21.3
6.266667 2 262.2 313.4 33.9 21.4
6.300000 2 262.0 315.4 34.2 21.5
6.333333 2 262.2 317.3 33.9 21.5
6.366667 2 262.5 319.4 33.6 21.2
6.400000 2 262.6 321.4 33.5 20.9
6.433333 2 263.0 324.0 33.0 19.0
6.466667 2 265.0 329.0 28.0 15.0
6.500000 2 265.0 330.0 32.0 17.0
6.533333 2 265.0 333.0 32.0 14.0
6.566667 2 265.0 333.0 29.0 20.0
6.600000 2 267.0 336.0 27.0 17.0
6.633333 2 267.0 336.0 26.0 15.0
6.666667 2 267.0 339.0 26.0 12.0
6.700000 2 267.0 339.0 25.0 15.0
6.733333 2 266.0 339.0 26.0 15.0
6.766667 2 266.0 339.0 28.0 17.0
6.800000 2 270.0 344.0 24.0 12.0
6.833333 2 270.0 344.0 23.0 14.0
6.866667 2 269.0 345.0 24.0 13.0
6.900000 2 269.0 345.0 25.0 14.0
6.933333 2 270.0 345.0 24.0 14.0
6.966667 2 270.0 345.0 24.0 15.0
7.000000 2 273.0 348.0 21.0 12.0
7.033333 2 273.0 348.0 20.0 12.0
7.066667 2 271.0 349.0 22.0 11.0
7.100000 2 271.0 349.0 21.0 12.0
7.133333 2 272.0 347.0 20.0 14.0
7.166667 2 273.0 347.0 23.0 15.0
7.200000 2 271.0 349.0 29.0 13.0
7.233333 2 270.0 348.0 30.0 13.0
7.266667 2 270.0 348.0 28.0 14.0
7.300000 2 270.0 348.0 27.0 14.0
7.333333 2 271.0 347.0 26.0 16.0
7.366667 2 272.0 346.0 28.0 17.0
7.400000 2 271.0 348.0 26.0 14.0
7.433333 2 271.0 350.0 29.0 12.0
7.466667 2 270.0 350.0 33.0 13.0
7.500000 2 275.0 349.0 26.0 12.0
7.533333 2 272.0 348.0 30.0 14.0
7.566667 2 272.0 348.0 34.0 12.4
7.600000 2 273.0 345.0 33.0 16.9
7.633333 2 271.0 344.0 36.0 17.9
7.666667 2 271.0 345.0 33.0 15.4
7.700000 2 275.0 345.0 31.0 18.0
7.733333 2 275.0 345.0 32.0 17.0
7.766667 2 279.0 347.0 28.0 15.0
7.800000 2 279.0 347.0 27.0 13.0
7.833333 2 280.0 346.0 24.0 14.0
7.866667 2 280.0 346.0 28.0 13.0
7.900000 2 279.0 343.0 30.0 16.0
7.933333 2 285.0 343.0 24.0 16.0
7.966667 2 285.0 343.0 29.0 16.0
8.000000 2 285.0 341.0 29.0 18.0
8.033333 2 285.0 341.0 36.0 21.0
8.066667 2 287.0 338.0 34.0 24.0
8.100000 2 287.0 338.0 34.0 19.0
8.133333 2 288.0 340.0 33.0 17.0
8.166667 2 288.0 340.0 37.0 16.0
8.200000 2 293.0 336.0 32.0 20.0
8.233333 2 293.0 336.0 33.0 17.0
8.266667 2 297.0 336.0 29.0 17.0
8.300000 2 297.0 336.0 34.0 16.0
8.333333 2 301.0 333.0 30.0 19.0
8.366667 2 300.9 329.7 37.0 21.4
8.400000 2 303.8 329.0 35.7 20.9
8.433333 2 306.1 329.5 35.6 17.8
8.466667 2 308.6 328.1 35.3 18.7
8.500000 2 310.4 325.8 36.5 21.1
8.533333 2 310.4 324.5 41.7 21.5
8.566667 2 312.1 321.1 43.1 26.5
8.600000 2 313.9 320.5 44.5 25.4
8.633333 2 321.4 321.7 34.1 20.3
8.666667 2 323.2 321.1 35.7 18.7
8.700000 2 323.3 317.0 41.0 24.6
8.733333 2 329.3 317.6 34.1 20.5
8.766667 2 332.0 318.0 34.0 17.0
8.800000 2 336.0 316.0 30.0 22.0
8.833333 2 336.0 316.0 37.0 21.0
8.866667 2 348.0 312.0 25.0 25.0
8.900000 2 348.0 312.0 28.0 17.0
8.933333 2 355.0 312.0 21.0 17.0
8.966667 2 355.0 312.0 26.0 12.0
9.000000 2 360.0 309.0 21.0 15.0
9.033333 2 360.0 309.0 27.0 12.0
9.066667 2 362.0 303.0 25.0 18.0
9.100000 2 363.0 303.0 26.0 18.0
9.133333 2 366.0 300.0 23.0 21.0
9.166667 2 366.0 300.0 28.0 14.0
9.200000 2 371.0 297.0 23.0 17.0
9.233333 2 375.0 294.0 23.0 20.0
9.266667 2 374.0 293.0 25.0 18.0
9.300000 2 375.0 288.0 24.0 23.0
9.333333 2 376.0 290.0 28.0 18.0
9.366667 2 382.0 285.0 22.0 23.0
9.400000 2 382.0 285.0 23.0 18.0
9.433333 2 382.0 282.0 27.0 21.0
9.466667 2 386.0 276.0 26.0 27.0
9.500000 2 386.0 276.0 32.0 23.0
9.533333 2 391.0 270.0 27.0 29.0
9.566667 2 391.0 270.0 26.0 22.0
9.600000 2 394.0 268.0 23.0 24.0
9.633333 2 394.0 268.0 25.0 20.0
9.666667 2 395.0 264.0 24.0 24.0
9.700000 2 395.0 264.0 24.0 22.0
9.733333 2 394.0 256.0 25.0 30.0
9.766667 2 394.0 256.0 26.0 25.0
9.800000 2 397.0 257.0 23.0 24.0
9.833333 2 396.0 255.0 25.0 22.0
9.866667 2 393.0 251.0 27.0 25.0
9.900000 2 396.0 252.0 24.0 22.0
9.933333 2 395.0 247.0 23.0 24.0
9.966667 2 389.6 245.1 31.5 24.2
10.000000 2 387.7 242.0 33.6 26.3
10.033333 2 386.6 239.2 33.8 27.7
10.066667 2 387.3 239.2 30.1 23.7
10.100000 2 385.1 236.3 31.7 25.6
10.133333 2 384.0 234.9 31.5 24.2
10.166667 2 383.1 233.1 30.0 24.1
10.200000 2 379.4 229.0 34.6 28.0
10.233333 2 380.3 229.8 29.0 22.6
10.266667 2 377.8 227.0 30.1 24.3
10.300000 2 371.9 221.5 38.0 32.2
10.333333 2 365.5 215.5 46.9 40.8
10.366667 2 369.2 219.5 34.9 29.0
10.400000 2 370.0 221.0 29.0 22.0
