0.000000 2 469.0 206.0 28.0 19.0
0.033333 2 468.0 205.2 30.0 21.0
0.066667 2 468.4 205.6 29.3 20.0
0.100000 2 468.2 205.0 29.9 21.2
0.133333 2 466.8 203.0 32.8 25.4
0.166667 2 467.0 203.0 32.6 25.4
0.200000 2 471.3 205.7 24.8 18.6
0.233333 2 470.8 205.4 26.1 18.9
0.266667 2 468.5 203.2 32.0 23.0
0.300000 2 471.3 204.7 26.5 19.4
0.333333 2 470.8 203.8 28.6 19.8
0.366667 2 472.6 203.5 25.9 19.1
0.400000 2 471.9 202.9 27.8 19.5
0.433333 2 471.5 201.0 29.3 21.9
0.466667 2 471.7 200.2 29.3 22.4
0.500000 2 473.7 201.5 26.3 18.2
0.533333 2 474.4 200.5 25.3 19.1
0.566667 2 474.7 199.5 25.6 19.3
0.600000 2 474.3 199.5 26.9 18.4
0.633333 2 474.2 198.0 27.8 19.4
0.666667 2 471.9 194.3 32.9 25.1
0.700000 2 475.5 196.2 25.9 19.9
0.733333 2 477.2 196.9 22.8 16.5
0.766667 2 476.6 196.4 24.4 16.8
0.800000 2 476.6 195.3 24.3 16.9
0.833333 2 477.3 194.8 22.9 16.3
0.866667 2 476.0 193.8 25.7 17.5
0.900000 2 475.5 192.5 26.7 18.2
0.933333 2 477.3 193.0 22.9 16.2
0.966667 2 475.0 190.1 26.9 20.4
1.000000 2 472.2 187.6 32.0 24.2
1.033333 2 474.5 188.6 27.1 20.9
1.066667 2 475.9 189.9 23.8 16.7
1.100000 2 475.5 189.2 24.6 17.2
1.133333 2 473.3 186.9 27.6 19.5
1.166667 2 475.6 188.1 22.3 16.1
1.200000 2 469.8 182.8 33.1 25.7
1.233333 2 472.2 184.1 27.8 21.9
1.266667 2 472.6 185.4 26.2 18.3
1.300000 2 470.6 182.6 29.4 23.4
1.333333 2 471.5 184.4 26.7 18.5
1.366667 2 471.9 183.7 25.3 19.0
1.400000 2 470.4 183.4 26.9 18.6
1.433333 2 469.7 181.7 27.6 21.3
1.466667 2 470.3 183.1 24.7 17.6
1.500000 2 470.5 183.0 22.8 16.3
1.533333 2 468.6 181.5 25.6 19.3
1.566667 2 468.0 181.9 25.6 17.7
1.600000 2 464.6 178.7 31.2 23.9
1.633333 2 465.1 179.0 28.1 22.3
1.666667 2 466.7 181.3 24.0 17.2
1.700000 2 464.4 180.1 27.1 19.3
1.733333 2 462.8 178.9 29.5 21.7
1.766667 2 463.6 179.9 25.9 19.0
1.800000 2 462.6 178.9 26.8 20.7
1.833333 2 460.6 177.6 28.9 23.1
1.866667 2 457.9 176.0 32.4 26.0
1.900000 2 460.6 179.3 26.2 19.3
1.933333 2 459.7 179.3 26.3 19.2
1.966667 2 457.6 177.3 29.6 23.6
2.000000 2 458.3 178.9 26.8 20.2
2.033333 2 455.2 175.9 31.9 26.7
2.066667 2 456.1 177.8 28.7 22.8
2.100000 2 457.0 179.4 25.8 19.7
2.133333 2 452.3 176.4 33.6 27.0
2.166667 2 454.8 179.2 28.2 21.3
2.200000 2 452.0 177.0 32.1 26.8
2.233333 2 453.6 179.8 28.6 21.6
2.266667 2 450.7 177.6 32.9 27.7
2.300000 2 452.2 180.2 29.6 22.7
2.333333 2 453.4 182.1 26.5 20.2
2.366667 2 451.8 181.9 28.3 22.5
2.400000 2 452.0 183.7 27.6 20.3
2.433333 2 451.8 183.8 27.5 21.1
2.466667 2 448.9 181.8 32.7 27.2
2.500000 2 448.3 182.3 33.7 27.0
2.533333 2 451.4 187.1 26.8 19.5
2.566667 2 452.2 187.9 25.2 18.7
2.600000 2 451.2 188.8 26.9 19.5
2.633333 2 451.0 189.9 27.5 19.8
2.666667 2 452.4 191.9 24.6 18.1
2.700000 2 451.2 192.0 27.1 19.4
2.733333 2 451.8 193.6 25.6 19.3
2.766667 2 451.6 194.2 26.3 19.4
2.800000 2 451.8 195.9 26.1 19.1
2.833333 2 451.4 196.6 27.1 20.6
2.866667 2 450.2 197.0 29.9 23.1
2.900000 2 450.3 198.0 30.0 23.9
2.933333 2 451.9 200.7 27.5 19.9
2.966667 2 453.5 202.8 24.5 18.3
3.000000 2 452.5 203.1 26.4 18.8
3.033333 2 453.7 204.9 24.2 17.9
3.066667 2 453.4 205.2 25.0 18.3
3.100000 2 452.9 206.3 25.9 18.4
3.133333 2 452.4 207.0 26.9 19.2
3.166667 2 453.7 207.9 23.8 18.1
3.200000 2 452.5 208.1 26.4 19.5
3.233333 2 453.1 208.5 24.9 19.2
3.266667 2 449.2 206.0 31.9 26.2
3.300000 2 450.6 208.1 29.0 22.6
3.333333 2 450.4 209.6 28.8 20.5
3.366667 2 451.8 210.1 25.5 19.9
3.400000 2 449.1 208.0 30.5 24.8
3.433333 2 448.3 207.7 31.6 25.6
3.466667 2 449.2 210.2 29.1 20.8
3.500000 2 445.8 207.1 35.2 27.6
3.533333 2 447.8 209.5 30.5 22.4
3.566667 2 449.2 210.3 27.1 20.3
3.600000 2 449.2 209.5 26.7 21.2
3.633333 2 445.4 206.3 33.4 27.5
3.666667 2 446.4 208.0 31.5 23.5
3.700000 2 448.8 209.0 26.0 20.2
3.733333 2 447.0 208.1 29.3 21.2
3.766667 2 446.1 205.6 30.5 25.3
3.800000 2 444.4 203.8 33.3 27.5
3.833333 2 446.4 205.3 29.1 23.6
3.866667 2 446.6 204.8 28.6 23.0
3.900000 2 446.9 205.2 27.9 21.4
3.933333 2 447.0 204.2 27.8 21.4
3.966667 2 447.2 203.4 27.3 21.6
4.000000 2 444.4 200.2 33.4 26.9
4.033333 2 442.2 197.2 37.9 31.3
4.066667 2 444.6 198.7 33.9 26.4
4.100000 2 448.1 200.5 27.1 21.4
4.133333 2 446.5 197.4 30.9 25.9
4.166667 2 444.3 195.3 35.7 29.6
4.200000 2 448.1 198.0 29.3 21.8
4.233333 2 448.1 197.3 29.6 22.4
4.266667 2 450.0 196.4 27.3 21.3
4.300000 2 449.2 196.2 29.4 21.2
4.333333 2 446.5 191.9 35.9 28.1
4.366667 2 449.0 194.2 31.2 23.0
4.400000 2 449.1 192.5 32.0 24.9
4.433333 2 450.8 192.7 29.4 23.3
4.466667 2 452.7 193.9 26.2 20.4
4.500000 2 448.9 190.4 34.6 26.9
4.533333 2 449.3 189.6 33.9 27.7
4.566667 2 454.1 193.6 25.1 18.9
4.600000 2 450.3 189.8 33.8 26.2
4.633333 2 449.9 189.3 34.7 27.4
4.666667 2 452.4 191.5 30.4 22.7
4.700000 2 454.3 193.0 26.9 19.6
4.733333 2 455.6 193.9 24.3 18.3
4.766667 2 455.0 193.1 25.7 19.9
4.800000 2 454.6 193.1 26.7 20.5
4.833333 2 453.2 191.9 29.8 24.3
4.866667 2 451.2 191.3 33.9 27.0
4.900000 2 452.5 192.2 31.4 26.3
4.933333 2 452.0 192.4 32.7 26.4
4.966667 2 453.3 193.9 30.1 24.6
5.000000 2 453.5 195.3 29.9 22.8
5.033333 2 453.9 195.7 28.8 23.4
5.066667 2 452.8 195.5 30.8 24.8
5.100000 2 452.7 196.1 31.1 25.0
5.133333 2 453.1 197.3 30.4 24.5
5.166667 2 453.1 197.7 30.2 24.5
5.200000 2 452.6 198.6 31.1 24.5
5.233333 2 453.7 199.2 28.7 23.9
5.266667 2 453.0 199.9 30.4 24.0
5.300000 2 456.1 202.7 23.8 18.9
5.333333 2 455.4 203.4 25.1 18.9
5.366667 2 456.1 203.8 23.5 18.5
5.400000 2 455.5 204.8 24.9 17.6
5.433333 2 456.1 205.3 23.5 16.8
5.466667 2 457.0 206.1 21.5 16.1
5.500000 2 455.7 205.7 24.4 17.5
5.533333 2 455.6 206.0 24.5 17.5
5.566667 2 456.5 206.5 22.5 16.9
5.600000 2 456.6 206.7 22.2 16.8
5.633333 2 455.7 206.7 24.2 17.4
5.666667 2 455.9 206.9 23.8 17.0
5.700000 2 455.5 206.7 24.6 17.5
5.733333 2 455.7 206.9 24.3 17.1
5.766667 2 455.5 206.6 24.7 17.7
5.800000 2 455.7 206.4 24.4 17.9
5.833333 2 455.2 205.0 25.4 20.4
5.866667 2 453.4 202.9 29.1 24.3
5.900000 2 451.6 201.5 33.0 26.9
5.933333 2 454.3 203.8 28.6 21.6
5.966667 2 455.5 203.7 26.0 20.6
6.000000 2 453.4 201.5 31.4 24.7
6.033333 2 452.6 199.7 32.8 27.7
6.066667 2 454.4 200.8 29.9 24.4
6.100000 2 456.6 202.7 26.2 19.6
6.133333 2 456.7 201.9 26.3 19.9
6.166667 2 454.1 198.7 32.5 25.9
6.200000 2 457.7 201.2 25.7 19.3
6.233333 2 457.4 200.8 26.6 19.5
6.266667 2 455.6 197.3 30.8 25.4
6.300000 2 456.2 196.8 30.2 25.2
6.333333 2 458.3 198.6 27.1 20.1
6.366667 2 458.4 197.2 26.9 22.2
6.400000 2 459.3 196.7 26.3 21.2
6.433333 2 460.9 197.7 23.5 18.5
6.466667 2 458.3 193.2 29.6 25.9
6.500000 2 462.2 195.9 23.0 18.6
6.533333 2 458.9 191.1 30.3 26.6
6.566667 2 461.3 193.3 26.5 20.9
6.600000 2 461.7 191.9 26.4 22.3
6.633333 2 464.2 192.9 22.7 18.1
6.666667 2 461.1 189.7 29.9 24.1
6.700000 2 463.7 191.0 25.8 19.4
6.733333 2 465.7 191.3 21.9 17.5
6.766667 2 464.3 188.2 26.1 21.7
6.800000 2 465.0 189.3 25.3 18.5
6.833333 2 463.6 186.3 28.8 23.1
6.866667 2 465.8 186.9 25.3 20.7
6.900000 2 466.4 186.1 24.9 20.3
6.933333 2 463.2 182.8 31.8 26.2
6.966667 2 467.2 185.2 25.2 19.1
7.000000 2 466.4 182.6 27.9 22.8
7.033333 2 467.1 182.6 26.8 21.5
7.066667 2 467.8 182.4 26.0 20.1
7.100000 2 465.7 179.3 30.5 26.0
7.133333 2 468.4 180.6 26.2 21.2
7.166667 2 468.5 180.6 26.5 20.6
7.200000 2 464.5 175.1 35.3 30.7
7.233333 2 465.9 176.5 32.9 27.0
7.266667 2 469.5 178.7 26.5 21.2
7.300000 2 468.8 177.6 28.0 23.1
7.333333 2 463.8 172.7 38.8 32.3
7.366667 2 465.3 173.5 36.0 30.3
7.400000 2 469.3 176.4 28.5 23.5
7.433333 2 469.0 175.8 29.8 24.5
7.466667 2 463.9 171.1 40.4 33.9
7.500000 2 464.1 171.0 40.3 33.8
7.533333 2 465.0 172.0 38.7 31.8
7.566667 2 469.4 175.2 30.4 24.5
7.600000 2 469.4 174.9 30.9 25.2
7.633333 2 466.5 171.7 37.0 31.9
7.666667 2 466.3 171.5 37.5 32.2
7.700000 2 467.3 172.9 36.2 29.7
7.733333 2 468.3 174.0 34.5 27.9
7.766667 2 469.1 174.8 33.0 26.3
7.800000 2 470.9 175.7 29.6 24.7
7.833333 2 470.9 175.6 29.8 25.0
7.866667 2 470.6 175.7 30.4 25.4
7.900000 2 466.5 172.4 39.2 33.0
7.933333 2 467.3 172.7 37.3 33.2
7.966667 2 466.2 171.9 39.6 35.3
8.000000 2 466.4 172.3 39.6 34.6
8.033333 2 465.1 171.9 42.4 36.6
8.066667 2 468.1 174.3 36.6 32.4
8.100000 2 469.5 175.9 33.8 29.2
8.133333 2 469.2 176.8 34.8 28.2
8.166667 2 469.4 176.7 34.4 28.6
8.200000 2 469.9 177.6 33.4 28.0
8.233333 2 469.3 176.9 35.0 30.5
8.266667 2 468.2 176.9 37.2 31.7
8.300000 2 467.3 176.7 39.1 32.4
8.333333 2 468.2 177.1 37.5 32.1
8.366667 2 468.3 177.3 37.2 32.7
8.400000 2 466.0 176.0 42.0 35.9
8.433333 2 466.8 176.1 40.4 36.7
8.466667 2 465.9 176.6 42.5 37.1
8.500000 2 466.9 177.4 40.3 36.4
8.533333 2 465.5 177.1 43.3 37.8
8.566667 2 466.9 178.1 40.4 36.7
8.600000 2 465.5 178.4 43.4 37.5
8.633333 2 466.2 178.7 41.9 37.1
8.666667 2 466.0 180.0 42.3 36.3
8.700000 2 467.0 180.4 40.5 35.5
8.733333 2 466.3 181.2 42.0 35.5
8.766667 2 469.1 183.4 36.4 31.9
8.800000 2 467.8 183.6 39.1 32.6
8.833333 2 466.8 183.5 41.0 34.8
8.866667 2 467.7 184.1 39.0 34.0
8.900000 2 466.9 184.7 40.8 34.5
8.933333 2 466.8 184.6 40.9 34.6
8.966667 2 466.6 185.4 41.4 35.1
9.000000 2 467.7 186.5 39.4 33.0
9.033333 2 468.9 187.8 36.9 31.8
9.066667 2 469.0 188.0 36.6 32.6
9.100000 2 469.2 188.2 36.1 32.3
9.133333 2 468.6 188.7 37.4 32.8
9.166667 2 467.8 188.3 38.6 34.5
9.200000 2 467.5 188.6 39.1 35.4
9.233333 2 467.7 188.8 38.6 35.2
9.266667 2 467.8 188.8 38.5 35.1
9.300000 2 467.7 190.0 38.4 34.4
9.333333 2 468.1 190.3 37.6 33.8
9.366667 2 468.7 190.9 36.3 32.7
9.400000 2 469.7 191.9 34.2 30.7
9.433333 2 471.0 194.8 31.5 26.4
9.466667 2 471.1 194.9 31.2 26.1
9.500000 2 471.7 195.1 30.1 26.1
9.533333 2 471.7 195.2 29.9 26.0
9.566667 2 470.9 194.8 31.0 27.1
9.600000 2 470.9 194.8 31.0 27.1
9.633333 2 470.7 194.7 31.4 27.4
9.666667 2 468.9 194.1 35.1 29.2
9.700000 2 469.1 195.5 33.4 26.5
9.733333 2 469.1 195.5 33.4 26.5
9.766667 2 470.4 196.3 30.5 25.9
9.800000 2 470.0 196.0 31.0 26.4
9.833333 2 466.2 192.4 37.4 33.8
9.866667 2 466.4 192.6 37.1 33.5
9.900000 2 468.1 194.6 33.5 29.1
9.933333 2 469.2 196.2 30.5 26.0
9.966667 2 469.2 196.3 30.4 25.7
10.000000 2 467.7 194.9 32.9 28.6
10.033333 2 467.6 194.9 32.7 28.5
10.066667 2 467.9 195.3 32.1 27.6
10.100000 2 470.1 197.8 27.1 22.2
10.133333 2 466.3 194.5 33.8 29.2
10.166667 2 465.2 194.0 36.0 29.9
10.200000 2 468.1 197.1 29.3 23.5
10.233333 2 466.3 195.7 32.4 26.4
10.266667 2 464.7 194.3 35.0 29.4
10.300000 2 465.4 195.5 33.1 26.5
10.333333 2 466.5 196.8 30.6 23.9
10.366667 2 466.0 196.5 31.3 24.6
10.400000 2 462.9 193.5 36.4 30.4
10.433333 2 464.7 194.7 32.4 27.7
10.466667 2 466.2 196.7 29.0 23.5
10.500000 2 464.7 195.5 31.6 26.1
