0.000000 2 283.0 291.0 22.0 19.0
0.033333 2 282.0 292.5 21.7 19.3
0.066667 2 280.4 293.5 23.0 20.0
0.100000 2 274.1 288.6 34.5 31.9
0.133333 2 273.3 290.4 34.1 31.2
0.166667 2 271.6 290.9 35.5 33.0
0.200000 2 271.8 293.5 33.4 30.5
0.233333 2 276.5 299.9 22.4 19.7
0.266667 2 275.8 301.7 21.8 19.2
0.300000 2 274.5 302.3 23.2 20.3
0.333333 2 274.9 305.0 20.1 17.5
0.366667 2 269.2 301.2 30.4 27.7
0.400000 2 273.4 307.1 20.7 18.0
0.433333 2 273.4 308.7 19.1 16.6
0.466667 2 271.8 309.0 20.3 17.6
0.500000 2 270.4 308.8 22.8 19.7
0.533333 2 266.3 305.4 30.1 27.5
0.566667 2 269.1 309.0 24.0 21.0
0.600000 2 265.5 306.3 30.3 26.8
0.633333 2 267.2 308.3 25.9 23.5
0.666667 2 267.7 308.9 24.6 22.2
0.700000 2 266.5 308.1 26.2 23.8
0.733333 2 265.3 307.1 28.4 26.1
0.766667 2 263.9 305.7 31.2 28.9
0.800000 2 264.6 306.3 29.9 27.3
0.833333 2 263.2 304.7 32.8 30.0
0.866667 2 262.8 304.0 33.4 31.0
0.900000 2 262.0 303.0 35.1 32.6
0.933333 2 262.8 303.7 33.6 31.2
0.966667 2 264.5 305.1 30.5 27.8
1.000000 2 264.9 305.4 30.0 26.7
1.033333 2 264.6 305.1 30.7 27.3
1.066667 2 263.8 303.6 32.6 29.8
1.100000 2 261.6 301.3 37.4 34.5
1.133333 2 258.8 298.3 43.3 40.4
1.166667 2 258.6 298.0 43.7 40.5
1.200000 2 261.0 299.8 39.0 35.9
1.233333 2 265.0 302.7 31.6 28.5
1.266667 2 264.0 301.6 33.4 30.2
1.300000 2 258.6 296.2 43.7 40.4
1.333333 2 258.5 296.1 44.1 40.2
1.366667 2 263.4 300.0 33.4 30.4
1.400000 2 261.8 298.0 35.7 32.9
1.433333 2 261.9 297.9 34.5 31.4
1.466667 2 262.1 297.5 33.3 30.2
1.500000 2 262.7 297.3 30.4 27.9
1.533333 2 257.5 292.0 39.9 36.1
1.566667 2 253.7 287.6 45.5 42.1
1.600000 2 252.6 285.9 45.8 42.0
1.633333 2 251.7 284.3 45.8 41.9
1.666667 2 250.6 282.3 45.7 42.0
1.700000 2 252.2 282.7 40.7 37.5
1.733333 2 256.5 285.2 30.8 27.7
1.766667 2 255.8 283.3 30.5 27.4
1.800000 2 248.7 275.2 43.8 40.4
1.833333 2 255.4 280.0 29.1 26.2
1.866667 2 255.4 279.0 29.1 26.3
1.900000 2 255.4 277.0 29.1 26.3
1.933333 2 254.9 274.8 30.1 27.2
1.966667 2 249.9 268.4 41.0 37.1
2.000000 2 255.9 271.5 30.0 26.9
2.033333 2 256.5 269.7 30.6 27.6
2.066667 2 257.5 268.1 30.7 27.6
2.100000 2 258.5 266.3 31.0 28.1
2.133333 2 256.8 261.9 37.8 34.8
2.166667 2 254.8 257.5 45.2 41.7
2.200000 2 256.6 256.3 45.7 41.6
2.233333 2 260.0 256.4 43.3 39.9
2.266667 2 268.0 260.7 32.0 29.0
2.300000 2 270.9 260.3 31.9 28.5
2.333333 2 273.6 259.4 32.5 29.3
2.366667 2 276.9 259.0 31.9 28.9
2.400000 2 279.1 257.7 34.0 30.8
2.433333 2 276.9 252.0 45.0 41.6
2.466667 2 283.1 254.1 39.4 35.7
2.500000 2 289.6 256.4 32.6 29.6
2.533333 2 282.7 248.2 49.7 45.8
2.566667 2 292.7 253.5 36.6 32.8
2.600000 2 296.4 253.3 34.9 31.7
2.633333 2 299.5 252.5 34.6 31.5
2.666667 2 298.1 247.6 43.0 39.7
2.700000 2 302.9 250.7 36.0 32.5
2.733333 2 302.1 246.5 43.0 39.6
2.766667 2 307.7 248.8 36.3 33.3
2.800000 2 310.0 248.1 35.9 32.9
2.833333 2 311.8 247.3 36.4 32.9
2.866667 2 312.2 245.6 39.0 36.0
2.900000 2 309.5 240.6 48.3 45.0
2.933333 2 316.3 245.1 37.1 34.4
2.966667 2 310.8 238.2 51.4 47.9
3.000000 2 316.6 241.8 42.0 39.3
3.033333 2 320.3 244.0 37.0 34.3
3.066667 2 312.4 236.2 54.0 50.6
3.100000 2 322.7 244.5 36.4 33.8
3.133333 2 314.9 236.9 52.9 49.7
3.166667 2 321.8 243.2 40.7 37.4
3.200000 2 324.6 245.4 36.5 33.8
3.233333 2 322.8 243.9 41.9 38.6
3.266667 2 317.7 239.2 53.5 49.9
3.300000 2 326.3 247.3 37.1 34.3
3.333333 2 317.9 239.8 55.3 51.3
3.366667 2 327.3 248.3 37.0 34.3
3.400000 2 327.0 247.8 38.1 35.3
3.433333 2 321.0 242.4 50.8 47.3
3.466667 2 319.1 240.5 54.8 51.2
3.500000 2 324.2 244.7 44.9 41.8
3.533333 2 323.8 244.1 45.9 42.4
3.566667 2 324.0 243.5 45.2 42.1
3.600000 2 322.8 242.1 47.8 43.8
3.633333 2 320.8 239.5 51.7 48.0
3.666667 2 323.7 241.6 45.2 41.9
3.700000 2 323.5 241.3 45.6 42.0
3.733333 2 326.2 243.1 39.6 36.5
3.766667 2 324.8 241.1 41.9 38.7
3.800000 2 318.5 234.7 54.0 50.5
3.833333 2 323.4 238.7 43.6 40.3
3.866667 2 323.3 238.2 43.0 39.6
3.900000 2 318.1 232.2 52.3 49.1
3.933333 2 321.8 234.7 44.6 41.7
3.966667 2 323.7 235.6 40.3 37.6
4.000000 2 318.7 230.1 49.9 46.6
4.033333 2 315.2 226.1 56.5 53.5
4.066667 2 320.1 229.9 46.1 43.3
4.100000 2 320.3 229.6 44.7 41.8
4.133333 2 318.5 227.0 48.3 45.2
4.166667 2 314.1 222.5 56.6 53.0
4.200000 2 322.2 229.8 39.8 37.1
4.233333 2 322.8 230.3 38.5 35.8
4.266667 2 321.5 229.4 40.5 37.7
4.300000 2 314.9 224.0 53.3 50.2
4.333333 2 311.3 221.4 60.2 57.2
4.366667 2 316.1 227.0 50.2 47.1
4.400000 2 316.6 228.8 49.3 46.0
4.433333 2 317.9 231.7 46.6 43.1
4.466667 2 318.6 233.1 45.1 41.6
4.500000 2 319.8 236.0 42.4 39.3
4.533333 2 319.8 237.8 42.3 39.1
4.566667 2 319.7 239.6 42.6 39.0
4.600000 2 320.1 241.4 41.7 38.5
4.633333 2 320.0 242.9 42.2 38.4
4.666667 2 316.9 240.8 48.6 44.8
4.700000 2 317.7 241.9 46.8 43.7
4.733333 2 315.7 240.7 51.0 47.8
4.766667 2 313.3 239.0 56.6 53.0
4.800000 2 317.1 243.3 49.2 45.5
4.833333 2 322.2 248.8 39.5 36.1
4.866667 2 321.8 249.4 40.1 36.8
4.900000 2 320.8 249.4 42.0 38.7
4.933333 2 317.8 247.8 47.7 44.4
4.966667 2 317.3 248.4 48.7 45.3
5.000000 2 313.9 246.0 55.1 51.8
5.033333 2 319.4 252.4 43.3 40.4
5.066667 2 315.6 250.5 49.8 46.8
5.100000 2 318.9 255.4 42.0 38.8
5.133333 2 313.7 252.3 51.3 47.8
5.166667 2 314.2 254.4 48.8 45.5
5.200000 2 316.3 257.8 42.9 40.0
5.233333 2 316.8 259.7 40.3 36.8
5.266667 2 315.4 259.1 41.6 38.2
5.300000 2 313.1 257.9 44.1 40.8
5.333333 2 308.7 253.6 51.1 48.1
5.366667 2 307.8 252.8 50.9 47.8
5.400000 2 304.9 249.9 55.0 51.6
5.433333 2 312.6 256.5 37.1 32.9
5.466667 2 303.8 247.7 53.1 49.7
5.500000 2 303.5 246.8 51.7 48.3
5.533333 2 304.7 247.3 47.5 43.6
5.566667 2 308.6 250.5 37.0 33.8
5.600000 2 301.0 243.2 50.6 47.4
5.633333 2 304.6 246.4 41.2 38.0
5.666667 2 307.2 248.6 33.8 30.1
5.700000 2 303.5 245.3 38.6 35.0
5.733333 2 299.1 241.1 44.4 41.2
5.766667 2 302.4 244.9 35.4 31.7
5.800000 2 301.2 244.1 35.3 32.1
5.833333 2 299.5 244.3 35.0 31.2
5.866667 2 295.1 241.3 41.4 37.5
5.900000 2 292.7 239.9 43.9 40.8
5.933333 2 292.4 241.0 42.5 39.5
5.966667 2 291.2 241.7 42.8 39.9
6.000000 2 293.9 245.4 36.5 33.1
6.033333 2 287.6 241.3 47.3 44.5
6.066667 2 288.2 245.5 44.0 40.9
6.100000 2 291.5 250.0 36.6 33.5
6.133333 2 284.9 246.1 48.8 45.9
6.166667 2 291.3 255.0 35.4 32.9
6.200000 2 289.6 256.5 38.1 35.4
6.233333 2 285.7 254.2 45.6 43.1
6.266667 2 283.7 255.8 49.5 46.5
6.300000 2 282.8 258.3 51.1 48.4
6.333333 2 282.5 261.8 52.0 48.8
6.366667 2 282.9 265.8 51.0 48.3
6.400000 2 284.9 271.8 47.1 44.2
6.433333 2 286.1 277.3 44.8 41.8
6.466667 2 292.0 287.2 33.5 30.8
6.500000 2 292.6 290.2 32.4 29.3
6.533333 2 291.8 294.0 34.7 31.9
6.566667 2 292.3 299.1 34.6 32.2
6.600000 2 287.9 299.8 44.7 42.2
6.633333 2 295.8 312.1 30.3 28.1
6.666667 2 296.5 317.7 30.8 28.7
6.700000 2 288.4 312.7 47.8 45.5
6.733333 2 289.7 318.9 47.4 44.8
6.766667 2 298.6 332.0 32.2 29.7
6.800000 2 301.1 339.4 29.4 27.0
6.833333 2 297.7 340.9 38.8 36.5
6.866667 2 295.8 343.9 45.2 42.7
6.900000 2 304.8 357.4 29.6 27.7
6.933333 2 307.8 365.2 25.9 24.0
6.966667 2 307.5 369.8 28.9 27.0
7.000000 2 303.3 370.8 40.1 37.8
7.033333 2 311.9 383.8 26.1 23.7
7.066667 2 307.5 384.4 37.8 35.6
7.100000 2 311.7 393.5 32.8 30.4
7.133333 2 316.2 402.3 27.3 25.5
7.166667 2 319.3 410.2 24.9 22.9
7.200000 2 319.1 415.9 32.2 27.7
7.233333 2 321.4 417.4 27.7 29.2
7.266667 2 321.0 426.0 31.0 23.0
7.300000 2 324.0 430.0 32.0 29.0
7.333333 2 326.0 443.0 30.0 19.0
7.366667 2 262.0 482.0 33.0 19.0
7.400000 2 268.0 477.0 23.0 20.0
7.433333 2 270.0 477.0 22.0 19.0
7.466667 2 268.0 477.0 26.0 18.0
7.500000 2 268.0 473.0 32.0 22.0
7.533333 2 271.0 474.0 25.0 24.0
7.566667 2 269.0 473.0 30.0 19.0
7.600000 2 274.0 473.0 23.0 16.0
7.633333 2 273.0 471.0 24.0 21.0
7.666667 2 274.0 470.0 29.0 21.0
7.700000 2 279.0 471.0 20.0 18.0
7.733333 2 277.0 472.0 24.0 17.0
7.766667 2 276.0 468.0 30.0 24.0
7.800000 2 277.0 468.0 30.0 19.0
7.833333 2 280.9 467.6 24.1 19.4
7.866667 2 284.0 466.0 28.0 20.0
7.900000 2 281.0 466.0 29.0 23.0
7.933333 2 282.0 465.0 25.0 23.0
7.966667 2 276.0 462.0 40.0 24.0
8.000000 2 288.0 466.0 25.0 14.0
8.033333 2 289.0 462.0 24.0 17.0
8.066667 2 293.0 460.0 25.0 19.0
8.100000 2 293.0 455.0 25.0 24.0
8.133333 2 287.0 454.0 32.0 27.0
8.166667 2 291.0 455.0 32.0 23.0
8.200000 2 293.0 453.0 30.0 20.0
8.233333 2 297.0 451.0 23.0 19.0
8.266667 2 297.0 451.0 29.0 17.0
8.300000 2 300.0 446.0 25.0 22.0
8.333333 2 299.0 444.0 28.0 25.0
8.366667 2 298.0 447.0 29.0 21.0
8.400000 2 300.0 441.0 28.0 20.0
8.433333 2 303.0 438.0 24.0 24.0
8.466667 2 300.0 435.0 30.0 24.0
8.500000 2 304.0 435.0 26.0 22.0
8.533333 2 305.0 435.0 21.0 22.0
8.566667 2 304.0 435.0 29.0 23.0
8.600000 2 304.0 429.0 25.0 21.0
8.633333 2 303.0 430.0 29.0 23.0
8.666667 2 309.0 429.0 21.0 17.0
8.700000 2 309.0 424.0 19.0 17.0
8.733333 2 308.0 424.0 23.0 21.0
8.766667 2 311.0 423.0 18.0 15.0
8.800000 2 309.0 417.0 24.0 24.0
8.833333 2 307.0 415.0 25.0 20.0
8.866667 2 308.0 416.0 24.0 20.0
8.900000 2 310.0 412.0 23.0 16.0
8.933333 2 310.0 409.0 21.0 23.0
8.966667 2 308.0 404.0 28.0 25.0
9.000000 2 312.0 408.0 18.0 19.0
9.033333 2 309.0 403.0 27.0 23.0
9.066667 2 311.0 405.0 23.0 18.0
9.100000 2 309.0 399.0 25.0 22.0
9.133333 2 309.0 399.0 26.0 22.0
9.166667 2 312.0 403.0 22.0 18.0
9.200000 2 311.0 399.0 24.0 17.0
9.233333 2 312.0 396.0 21.0 19.0
9.266667 2 308.6 395.7 29.2 20.2
9.300000 2 306.0 390.0 27.0 21.0
9.333333 2 306.0 390.0 29.0 24.0
9.366667 2 306.0 387.0 29.0 29.0
9.400000 2 308.0 387.0 22.0 21.0
9.433333 2 304.9 387.0 27.0 25.0
9.466667 2 305.0 387.0 26.0 21.0
9.500000 2 307.0 390.0 26.0 17.0
9.533333 2 306.0 387.0 28.0 23.0
9.566667 2 303.0 384.0 24.0 22.0
9.600000 2 305.0 379.0 27.0 29.0
9.633333 2 303.0 384.0 25.0 19.0
9.666667 2 301.0 378.0 26.0 26.0
9.700000 2 295.0 378.0 32.0 24.0
9.733333 2 297.0 378.0 33.0 27.0
9.766667 2 294.0 373.0 36.0 32.0
9.800000 2 298.0 375.0 25.0 27.0
9.833333 2 294.0 375.0 28.0 24.0
9.866667 2 289.0 371.0 32.0 29.0
9.900000 2 288.0 363.0 33.0 40.0
9.933333 2 282.0 364.0 48.0 38.0
9.966667 2 286.0 369.0 30.0 22.0
10.000000 2 280.0 359.0 36.0 34.0
10.033333 2 286.0 362.0 26.0 25.0
10.066667 2 282.0 363.0 33.0 25.0
10.100000 2 277.0 360.0 32.0 27.0
10.133333 2 280.0 358.0 30.0 29.0
