0.000000 2 595.4 217.0 35.6 23.0
0.033333 2 591.8 216.8 36.0 23.4
0.066667 2 590.1 216.5 36.1 23.7
0.100000 2 586.8 216.1 36.3 23.8
0.133333 2 583.8 215.4 36.3 23.9
0.166667 2 580.8 215.1 35.9 23.2
0.200000 2 579.9 214.7 35.4 23.1
0.233333 2 576.9 213.9 35.5 23.0
0.266667 2 575.7 213.3 35.4 23.1
0.300000 2 572.9 212.4 35.8 23.2
0.333333 2 570.6 211.0 35.5 23.3
0.366667 2 569.3 210.3 35.9 23.5
0.400000 2 566.9 208.9 36.0 23.3
0.433333 2 565.9 208.1 36.3 23.8
0.466667 2 563.8 206.4 36.4 23.9
0.500000 2 562.4 205.0 35.7 23.2
0.533333 2 561.7 204.2 35.4 23.2
0.566667 2 559.9 202.4 35.7 23.1
0.600000 2 559.0 200.8 35.1 22.9
0.633333 2 557.9 199.5 35.7 23.3
0.666667 2 557.0 197.8 35.0 22.7
0.700000 2 556.0 195.8 35.0 22.7
0.733333 2 554.5 193.4 35.5 23.0
0.766667 2 554.0 192.5 35.5 22.9
0.800000 2 553.0 190.5 35.6 23.2
0.833333 2 552.7 189.6 35.3 22.9
0.866667 2 551.6 187.9 35.3 22.8
0.900000 2 550.3 185.8 36.0 23.6
0.933333 2 549.8 185.2 35.8 23.4
0.966667 2 548.7 183.7 35.9 23.4
1.000000 2 547.9 183.0 36.1 23.5
1.033333 2 546.8 181.9 36.2 23.6
1.066667 2 545.6 180.9 36.0 23.7
1.100000 2 545.0 180.7 35.9 23.3
1.133333 2 543.7 179.7 35.7 23.4
1.166667 2 542.1 179.1 36.1 23.5
1.200000 2 540.6 178.7 36.0 23.8
1.233333 2 539.7 178.7 36.0 23.6
1.266667 2 538.0 178.8 35.9 23.3
1.300000 2 537.1 178.8 35.9 23.2
1.333333 2 535.3 178.8 35.8 23.3
1.366667 2 534.3 178.8 35.8 23.3
1.400000 2 532.0 178.9 36.1 23.5
1.433333 2 530.0 179.5 35.7 23.0
1.466667 2 529.0 179.6 35.7 23.2
1.500000 2 526.6 179.7 35.7 23.6
1.533333 2 523.9 180.1 36.0 23.4
1.566667 2 523.0 180.5 35.4 22.9
1.600000 2 520.4 180.8 35.5 23.0
1.633333 2 517.8 181.1 35.8 23.5
1.666667 2 516.6 181.1 35.6 23.5
1.700000 2 513.7 181.7 35.9 23.5
1.733333 2 511.0 182.3 35.8 23.2
1.766667 2 510.1 182.9 35.2 22.7
1.800000 2 506.9 183.1 35.9 23.4
1.833333 2 504.0 183.8 36.0 23.4
1.866667 2 501.5 184.8 35.5 23.0
1.900000 2 498.6 185.7 35.3 22.8
1.933333 2 496.7 185.8 36.1 23.7
1.966667 2 493.7 186.7 36.1 23.7
2.000000 2 490.9 187.7 35.9 23.4
2.033333 2 487.8 188.6 35.5 23.4
2.066667 2 484.9 189.5 35.2 23.1
2.100000 2 481.4 190.3 35.7 23.3
2.133333 2 477.9 191.0 36.2 23.7
2.166667 2 476.6 191.7 35.5 23.2
2.200000 2 473.1 192.3 35.9 23.4
2.233333 2 471.6 192.5 35.9 23.9
2.266667 2 468.5 193.7 35.4 23.0
2.300000 2 466.5 193.6 36.0 24.0
2.333333 2 463.5 194.7 35.4 23.0
2.366667 2 461.5 194.5 35.9 23.9
2.400000 2 458.6 195.6 35.4 23.1
2.433333 2 456.6 195.6 36.0 24.0
2.466667 2 453.4 196.8 35.5 22.9
2.500000 2 450.0 197.5 35.6 23.1
2.533333 2 448.2 197.7 35.7 23.2
2.566667 2 444.8 198.2 35.8 23.5
2.600000 2 439.9 199.7 35.2 22.9
2.633333 2 437.8 199.7 36.0 23.5
2.666667 2 434.3 200.6 36.0 23.7
2.700000 2 432.6 200.8 35.9 23.8
2.733333 2 428.9 202.2 36.0 23.4
2.766667 2 425.4 202.9 35.9 23.6
2.800000 2 424.1 203.8 35.1 22.7
2.833333 2 419.9 204.6 35.8 23.3
2.866667 2 416.2 205.5 35.8 23.4
2.900000 2 414.1 205.9 36.1 23.6
2.933333 2 410.5 206.8 35.9 23.7
2.966667 2 406.4 207.7 35.9 23.7
3.000000 2 404.8 208.6 35.3 23.0
3.033333 2 400.6 209.2 35.6 23.4
3.066667 2 398.2 209.7 35.9 23.3
3.100000 2 394.2 210.6 35.9 23.3
3.133333 2 391.9 210.9 36.1 23.3
3.166667 2 387.9 211.7 35.5 23.1
3.200000 2 385.5 211.9 35.7 23.3
3.233333 2 381.0 212.1 36.3 23.8
3.266667 2 376.7 213.0 35.8 23.3
3.300000 2 374.1 213.1 36.2 23.5
3.333333 2 369.6 212.9 36.5 24.0
3.366667 2 365.3 213.7 35.9 23.4
3.400000 2 362.7 213.5 36.5 23.9
3.433333 2 357.9 214.0 36.5 24.1
3.466667 2 353.6 214.6 35.4 23.0
3.500000 2 348.8 215.2 35.7 23.2
3.533333 2 346.7 215.2 35.6 23.3
3.566667 2 341.8 216.0 35.9 23.3
3.600000 2 339.7 216.2 35.6 23.4
3.633333 2 334.9 216.8 35.7 23.2
3.666667 2 330.0 217.6 35.6 23.1
3.700000 2 325.1 217.7 35.9 23.4
3.733333 2 320.8 218.0 35.5 23.3
3.766667 2 318.4 218.0 35.7 23.2
3.800000 2 314.0 217.7 35.3 22.9
3.833333 2 311.7 217.6 35.3 22.9
3.866667 2 307.0 216.4 36.0 23.6
3.900000 2 303.0 215.6 35.9 23.5
3.933333 2 299.0 214.1 35.8 23.1
3.966667 2 297.0 213.3 35.9 23.3
4.000000 2 293.9 211.3 35.3 23.1
4.033333 2 291.9 210.2 35.6 23.1
4.066667 2 289.1 207.9 34.9 22.7
4.100000 2 285.9 205.0 35.3 23.0
4.133333 2 284.5 203.3 35.5 23.0
4.166667 2 282.0 200.4 35.5 23.0
4.200000 2 279.9 197.2 35.5 23.2
4.233333 2 278.9 195.2 35.5 23.2
4.266667 2 277.3 192.0 34.9 22.6
4.300000 2 275.0 188.0 35.8 23.4
4.333333 2 274.2 186.1 35.8 23.4
4.366667 2 273.0 182.2 35.6 23.3
4.400000 2 272.0 178.7 34.8 22.7
4.433333 2 271.0 176.3 35.2 23.1
4.466667 2 270.3 174.7 35.1 22.7
4.500000 2 269.3 171.0 34.8 22.5
4.533333 2 267.9 166.8 35.5 23.4
4.566667 2 267.2 164.9 35.8 23.3
4.600000 2 265.8 159.0 35.5 23.4
4.633333 2 265.2 157.6 35.3 22.8
4.666667 2 264.0 153.1 35.9 23.3
4.700000 2 263.2 149.5 35.8 23.3
4.733333 2 262.7 147.2 35.5 23.4
4.766667 2 261.6 143.7 35.6 23.6
4.800000 2 261.2 141.9 35.9 23.4
4.833333 2 260.3 138.6 35.6 23.1
4.866667 2 259.5 134.8 35.8 23.7
4.900000 2 258.9 133.1 35.8 23.5
4.933333 2 258.1 129.9 35.7 23.1
4.966667 2 257.8 127.9 35.8 23.5
5.000000 2 257.5 124.4 35.5 23.1
5.033333 2 257.0 122.9 35.8 23.2
5.066667 2 256.8 119.3 35.3 23.2
5.100000 2 255.9 115.9 35.9 23.4
5.133333 2 256.1 114.6 35.2 22.8
5.166667 2 255.6 111.0 35.6 23.5
5.200000 2 255.7 109.9 35.2 22.7
5.233333 2 255.0 106.4 35.9 23.5
5.266667 2 255.0 103.7 35.2 22.8
5.300000 2 254.8 101.8 35.5 23.3
5.333333 2 254.6 98.8 35.6 23.5
5.366667 2 254.7 94.8 35.3 22.9
5.400000 2 254.3 93.0 35.8 23.4
5.433333 2 254.7 90.8 35.4 23.1
5.466667 2 254.5 88.0 35.7 23.5
5.500000 2 254.5 86.9 35.7 23.6
5.533333 2 254.8 84.8 35.2 22.9
5.566667 2 255.0 82.7 35.0 22.8
5.600000 2 255.0 81.5 35.4 23.0
5.633333 2 255.1 79.5 35.7 23.0
5.666667 2 255.2 78.4 35.7 23.1
5.700000 2 255.6 76.3 35.4 23.3
5.733333 2 255.9 75.3 35.4 23.3
5.766667 2 256.1 73.7 35.6 23.1
5.800000 2 256.2 72.7 35.9 23.6
5.833333 2 256.8 71.1 35.6 23.6
5.866667 2 257.4 69.7 35.7 23.6
5.900000 2 257.5 68.9 35.7 23.7
5.933333 2 258.2 67.9 35.6 23.1
5.966667 2 258.5 67.0 35.7 23.5
6.000000 2 259.1 65.8 35.9 23.4
6.033333 2 260.0 64.9 35.2 22.8
6.066667 2 259.9 64.0 36.0 23.5
6.100000 2 260.7 63.0 35.9 23.5
6.133333 2 261.0 62.8 35.8 23.2
6.166667 2 261.9 61.9 36.1 23.5
6.200000 2 263.0 61.8 35.0 22.8
6.233333 2 263.2 60.8 35.9 23.4
6.266667 2 263.9 60.9 35.1 22.8
6.300000 2 264.2 60.0 35.8 23.3
6.333333 2 264.5 59.8 35.6 23.4
6.366667 2 265.6 59.5 35.4 23.0
6.400000 2 266.0 58.9 35.9 23.4
6.433333 2 266.7 58.8 35.6 23.5
6.466667 2 267.9 58.7 35.0 22.7
6.500000 2 268.9 58.7 35.0 22.7
6.533333 2 269.5 57.8 35.7 23.5
6.566667 2 271.2 57.4 35.6 23.0
6.600000 2 271.8 57.2 35.5 23.3
6.633333 2 272.9 56.9 35.6 23.2
6.666667 2 273.9 56.9 34.9 22.6
6.700000 2 274.8 56.1 35.5 23.3
6.733333 2 275.4 56.1 35.7 23.3
6.766667 2 276.7 55.8 35.3 23.1
6.800000 2 278.1 55.9 35.5 22.9
6.833333 2 278.9 55.1 35.6 23.3
6.866667 2 280.0 55.4 35.6 23.1
6.900000 2 281.6 55.3 35.5 23.3
6.933333 2 282.9 54.8 36.0 23.5
6.966667 2 283.7 54.9 35.6 23.5
7.000000 2 285.4 54.8 35.7 23.4
7.033333 2 285.9 54.9 35.8 23.4
7.066667 2 288.0 55.0 35.5 23.2
7.100000 2 290.0 55.0 35.0 22.9
7.133333 2 291.6 55.1 35.3 23.1
7.166667 2 292.6 55.0 35.3 23.1
7.200000 2 294.4 55.0 35.5 23.2
7.233333 2 295.4 55.4 35.4 23.0
7.266667 2 297.4 55.4 35.5 23.0
7.300000 2 299.8 55.5 35.1 22.9
7.333333 2 300.6 55.4 35.3 23.0
7.366667 2 303.3 56.0 34.7 22.4
7.400000 2 305.4 55.9 35.4 23.0
7.433333 2 306.7 55.9 35.2 22.9
7.466667 2 309.1 55.7 35.3 22.9
7.500000 2 310.4 55.7 35.4 22.9
7.533333 2 313.2 55.7 35.3 22.8
7.566667 2 314.3 55.2 35.7 23.3
7.600000 2 317.1 55.0 35.9 23.4
7.633333 2 320.3 54.8 35.6 23.1
7.666667 2 322.1 54.9 35.2 22.7
7.700000 2 325.2 54.8 35.3 22.9
7.733333 2 328.1 54.3 35.5 23.1
7.766667 2 331.3 54.2 35.5 23.2
7.800000 2 332.8 53.9 35.3 23.4
7.833333 2 335.9 53.9 35.5 23.4
7.866667 2 337.2 54.1 35.6 23.2
7.900000 2 340.5 54.0 35.4 23.0
7.933333 2 343.8 54.0 35.1 22.7
7.966667 2 345.0 53.7 35.5 23.2
8.000000 2 348.0 53.5 35.4 22.9
8.033333 2 350.9 53.0 35.6 23.1
8.066667 2 352.0 52.3 36.2 24.0
8.100000 2 355.0 52.1 36.2 23.9
8.133333 2 357.0 52.1 35.2 22.8
8.166667 2 360.1 52.1 35.0 22.7
8.200000 2 362.9 50.8 35.1 23.0
8.233333 2 365.9 50.3 35.1 22.8
8.266667 2 366.9 49.1 36.2 24.1
8.300000 2 370.0 49.2 35.4 22.9
8.333333 2 370.9 48.4 36.2 23.9
8.366667 2 373.9 47.7 36.1 23.5
8.400000 2 377.0 47.4 35.1 22.8
8.433333 2 378.0 46.8 36.0 23.4
8.466667 2 381.0 46.5 34.9 22.7
8.500000 2 382.1 46.0 35.3 22.9
8.533333 2 383.8 45.0 36.4 24.5
8.566667 2 384.9 44.9 36.0 23.5
8.600000 2 388.1 44.7 34.8 22.9
8.633333 2 390.0 44.1 34.9 22.8
8.666667 2 390.4 44.1 35.4 22.9
8.700000 2 392.2 43.3 35.7 23.2
8.733333 2 393.0 43.3 35.6 23.2
8.766667 2 395.1 43.1 34.8 22.7
8.800000 2 396.1 43.2 34.6 22.4
8.833333 2 397.4 42.8 34.4 22.3
8.866667 2 398.2 42.4 35.1 22.8
8.900000 2 398.7 42.1 35.2 23.0
8.933333 2 399.4 42.0 35.3 22.9
8.966667 2 400.6 42.1 35.2 22.8
9.000000 2 401.4 42.1 35.4 22.9
9.033333 2 401.5 42.1 35.4 23.0
9.066667 2 402.0 42.1 35.3 23.1
9.100000 2 402.8 42.6 35.0 22.6
9.133333 2 402.7 42.6 35.1 22.7
9.166667 2 402.6 43.0 35.4 23.0
9.200000 2 402.9 43.1 35.3 23.2
9.233333 2 402.7 43.8 35.3 23.0
9.266667 2 402.0 44.1 36.0 23.7
9.300000 2 402.0 44.3 36.2 24.0
9.333333 2 402.1 45.5 35.0 22.8
9.366667 2 401.1 46.0 35.9 23.2
9.400000 2 400.9 46.1 35.4 23.3
9.433333 2 400.0 47.1 35.9 23.3
9.466667 2 399.7 47.7 35.2 23.0
9.500000 2 399.1 48.0 35.3 22.9
9.533333 2 397.9 48.3 35.8 23.5
9.566667 2 396.9 48.9 36.0 23.4
9.600000 2 396.9 49.1 35.3 23.2
9.633333 2 396.1 49.7 34.7 22.5
9.666667 2 394.9 49.8 35.7 23.3
9.700000 2 394.1 50.4 35.4 22.9
9.733333 2 393.3 51.1 34.4 22.3
9.766667 2 391.7 51.1 35.2 22.8
9.800000 2 391.1 51.2 35.5 22.9
9.833333 2 390.0 51.2 35.1 23.1
9.866667 2 389.6 51.3 35.3 22.9
9.900000 2 388.1 51.2 35.8 23.2
9.933333 2 387.6 51.3 35.3 22.9
9.966667 2 386.2 51.1 35.7 23.1
10.000000 2 384.9 50.7 35.9 23.5
10.033333 2 384.3 50.3 35.7 23.4
10.066667 2 383.6 50.1 35.3 22.9
10.100000 2 383.1 50.3 35.0 22.6
10.133333 2 381.9 49.6 35.1 23.1
10.166667 2 381.0 48.9 35.0 22.8
10.200000 2 379.9 48.6 35.5 23.4
