0.000000 2 465.0 263.0 22.0 14.0
0.033333 2 461.4 259.7 26.7 18.8
0.066667 2 462.1 259.6 24.8 17.0
0.100000 2 462.1 259.6 24.8 17.0
0.133333 2 460.8 259.4 22.7 15.5
0.166667 2 458.1 255.9 27.6 21.5
0.200000 2 458.0 255.8 27.7 21.5
0.233333 2 458.9 257.0 23.2 17.1
0.266667 2 457.6 256.4 23.7 16.9
0.300000 2 457.4 256.2 24.2 17.3
0.333333 2 454.0 252.2 28.0 22.2
0.366667 2 455.6 255.1 22.9 15.8
0.400000 2 455.6 255.1 22.9 16.0
0.433333 2 453.8 252.6 23.6 17.7
0.466667 2 453.2 252.4 23.6 17.4
0.500000 2 453.2 252.3 23.6 17.6
0.533333 2 449.8 248.2 28.5 22.7
0.566667 2 451.9 250.0 22.4 16.8
0.600000 2 452.0 250.1 22.1 16.6
0.633333 2 450.1 248.3 23.8 17.2
0.666667 2 450.4 248.6 21.3 14.6
0.700000 2 450.4 248.6 21.3 14.6
0.733333 2 445.9 243.0 28.1 21.8
0.766667 2 449.1 246.0 20.1 14.1
0.800000 2 449.1 246.0 20.1 14.1
0.833333 2 447.9 243.9 20.6 13.9
0.866667 2 447.0 242.3 21.9 16.4
0.900000 2 446.9 242.1 22.2 16.7
0.933333 2 445.8 239.7 22.5 17.1
0.966667 2 442.6 236.4 28.7 22.9
1.000000 2 442.6 236.4 28.7 22.9
1.033333 2 443.7 237.1 24.7 19.1
1.066667 2 443.8 237.5 23.1 16.9
1.100000 2 443.8 237.5 23.2 17.0
1.133333 2 442.9 236.7 22.9 16.5
1.166667 2 443.3 237.4 21.6 15.0
1.200000 2 443.4 237.4 21.5 15.0
1.233333 2 442.4 236.4 21.6 15.1
1.266667 2 441.6 234.6 22.9 17.5
1.300000 2 441.5 234.5 23.0 17.7
1.333333 2 438.0 231.7 28.2 23.0
1.366667 2 437.7 231.3 28.8 23.7
1.400000 2 437.7 231.3 28.9 23.8
1.433333 2 440.3 235.0 21.5 16.1
1.466667 2 437.8 233.0 25.8 20.3
1.500000 2 437.8 233.0 25.8 20.3
1.533333 2 436.2 231.9 27.7 22.5
1.566667 2 438.3 235.2 21.9 15.5
1.600000 2 438.3 235.2 21.9 15.5
1.633333 2 434.4 230.9 29.5 24.4
1.666667 2 437.8 235.4 21.1 15.8
1.700000 2 437.8 235.4 21.1 15.8
1.733333 2 433.8 232.6 28.6 22.7
1.766667 2 436.2 235.7 22.4 16.6
1.800000 2 436.4 236.0 21.9 16.2
1.833333 2 433.3 233.4 27.6 22.2
1.866667 2 432.5 233.0 29.2 23.4
1.900000 2 432.5 233.0 29.2 23.4
1.933333 2 436.3 238.0 19.9 14.3
1.966667 2 436.3 238.6 19.8 13.9
2.000000 2 436.3 238.6 19.8 13.9
2.033333 2 435.0 238.0 21.9 16.5
2.066667 2 434.7 237.7 22.5 17.1
2.100000 2 434.8 237.9 22.3 16.9
2.133333 2 432.5 236.8 26.6 20.7
2.166667 2 432.6 238.0 26.4 20.5
2.200000 2 432.8 238.2 25.9 20.1
2.233333 2 434.9 241.7 20.9 14.2
2.266667 2 434.9 242.8 20.6 14.0
2.300000 2 434.9 242.8 20.6 14.0
2.333333 2 435.2 244.0 20.1 13.6
2.366667 2 434.5 242.4 22.0 16.3
2.400000 2 434.4 242.4 22.2 16.4
2.433333 2 433.8 243.3 23.6 17.1
2.466667 2 434.1 243.6 22.8 17.4
2.500000 2 434.0 243.4 23.1 17.7
2.533333 2 433.4 243.6 25.2 18.8
2.566667 2 435.6 245.5 20.8 15.4
2.600000 2 435.6 245.5 20.8 15.4
2.633333 2 434.4 243.3 25.3 20.0
2.666667 2 434.1 243.1 25.9 20.7
2.700000 2 434.1 243.1 25.9 20.7
2.733333 2 435.1 244.2 23.9 18.5
2.766667 2 436.4 245.5 21.8 16.1
2.800000 2 436.4 245.6 21.7 16.0
2.833333 2 436.7 245.6 21.3 15.7
2.866667 2 436.6 245.3 21.7 16.2
2.900000 2 435.7 244.2 23.9 18.3
2.933333 2 437.9 244.9 20.4 15.0
2.966667 2 438.1 245.0 20.1 14.7
3.000000 2 438.0 244.9 20.2 14.9
3.033333 2 438.0 243.7 20.5 15.2
3.066667 2 434.4 238.5 29.4 23.8
3.100000 2 434.4 238.5 29.4 23.8
3.133333 2 434.8 237.8 28.6 23.0
3.166667 2 435.5 238.1 27.2 21.3
3.200000 2 435.9 238.4 26.5 20.6
3.233333 2 437.1 238.5 24.2 18.3
3.266667 2 437.5 238.5 23.3 17.2
3.300000 2 437.5 238.5 23.3 17.2
3.333333 2 435.5 234.2 28.9 22.8
3.366667 2 435.0 233.2 30.2 23.6
3.400000 2 435.0 233.2 30.2 23.6
3.433333 2 439.3 235.2 21.9 16.1
3.466667 2 439.0 234.3 22.6 16.6
3.500000 2 439.0 234.3 22.6 16.6
3.533333 2 437.9 231.8 26.4 20.0
3.566667 2 440.1 233.6 22.1 14.9
3.600000 2 440.1 233.6 22.1 14.9
3.633333 2 437.1 228.4 29.9 23.7
3.666667 2 437.1 228.4 29.9 23.6
3.700000 2 437.1 228.4 29.9 23.6
3.733333 2 441.2 232.4 22.1 14.9
3.766667 2 439.7 230.3 25.9 19.0
3.800000 2 439.7 230.3 25.9 19.0
3.833333 2 442.6 232.4 20.9 14.4
3.866667 2 442.7 232.3 20.6 14.4
3.900000 2 442.7 232.3 20.6 14.4
3.933333 2 440.6 229.5 26.2 20.0
3.966667 2 440.5 229.7 26.4 20.0
4.000000 2 440.1 229.2 27.4 21.1
4.033333 2 440.8 230.1 26.6 20.4
4.066667 2 443.7 233.2 20.5 14.3
4.100000 2 443.7 233.2 20.5 14.3
4.133333 2 443.5 233.9 20.9 14.7
4.166667 2 444.2 234.6 19.9 13.7
4.200000 2 444.1 234.7 20.0 13.7
4.233333 2 441.1 231.8 27.6 21.1
4.266667 2 444.4 236.0 21.1 14.1
4.300000 2 444.5 236.0 21.0 14.0
4.333333 2 445.1 236.4 20.4 14.1
4.366667 2 445.0 237.3 20.5 13.7
4.400000 2 445.1 237.4 20.3 13.5
4.433333 2 444.7 237.6 22.4 14.8
4.466667 2 446.6 239.1 18.7 12.1
4.500000 2 446.6 239.1 18.7 12.1
4.533333 2 446.6 239.3 20.5 14.2
4.566667 2 446.5 239.8 20.8 14.3
4.600000 2 446.5 239.8 20.8 14.3
4.633333 2 444.9 238.1 25.8 19.2
4.666667 2 447.6 241.3 20.4 13.7
4.700000 2 447.6 241.3 20.4 13.7
4.733333 2 448.2 242.4 21.2 14.5
4.766667 2 448.2 242.4 21.2 14.5
4.800000 2 448.2 242.4 21.2 14.5
4.833333 2 447.3 242.2 25.2 17.8
4.866667 2 450.7 245.6 18.9 12.1
4.900000 2 450.6 245.6 19.0 12.1
4.933333 2 451.0 246.1 19.8 13.1
4.966667 2 451.1 246.5 20.3 13.4
5.000000 2 451.1 246.5 20.3 13.4
5.033333 2 452.3 247.9 19.5 12.6
5.066667 2 452.3 247.9 19.4 12.5
5.100000 2 452.3 247.9 19.4 12.5
5.133333 2 452.9 249.6 20.2 13.0
5.166667 2 453.3 250.2 19.7 12.9
5.200000 2 453.3 250.3 19.6 12.7
5.233333 2 450.9 248.4 26.1 19.1
5.266667 2 453.6 252.2 21.3 13.7
5.300000 2 453.6 252.2 21.3 13.7
5.333333 2 451.5 251.3 26.4 19.3
5.366667 2 453.4 253.8 23.2 16.9
5.400000 2 453.4 253.8 23.2 16.9
5.433333 2 454.8 257.2 20.7 14.3
5.466667 2 453.3 256.5 24.6 17.3
5.500000 2 453.3 256.5 24.6 17.3
5.533333 2 452.5 258.1 26.7 20.6
5.566667 2 452.6 260.4 26.4 19.5
5.600000 2 452.6 260.4 26.4 19.5
5.633333 2 454.8 265.9 21.1 13.8
5.666667 2 455.2 268.3 20.2 13.0
5.700000 2 455.2 268.4 20.1 12.9
5.733333 2 453.0 269.6 23.8 17.4
5.766667 2 452.9 270.4 24.2 17.8
5.800000 2 452.9 270.4 24.2 17.8
5.833333 2 452.2 273.0 24.9 18.4
5.866667 2 453.8 277.0 20.8 13.8
5.900000 2 453.8 277.0 20.8 13.8
5.933333 2 451.8 278.6 23.8 17.3
5.966667 2 451.6 278.7 24.3 17.8
6.000000 2 451.5 278.5 24.5 18.2
6.033333 2 453.1 283.0 20.5 13.6
6.066667 2 453.6 285.5 18.7 12.2
6.100000 2 453.7 285.4 18.5 12.2
6.133333 2 452.7 287.9 19.0 12.6
6.166667 2 452.7 289.0 18.9 12.4
6.200000 2 452.7 289.0 18.9 12.4
6.233333 2 451.4 290.5 20.8 13.3
6.266667 2 449.5 289.5 24.7 17.4
6.300000 2 449.5 289.5 24.7 17.4
6.333333 2 452.1 293.8 17.7 11.4
6.366667 2 450.3 292.7 20.9 14.7
6.400000 2 450.3 292.7 20.9 14.7
6.433333 2 450.3 293.9 21.1 14.4
6.466667 2 449.1 294.1 23.6 15.8
6.500000 2 449.1 294.1 23.6 15.8
6.533333 2 450.3 296.6 19.7 13.0
6.566667 2 450.5 297.4 19.3 12.6
6.600000 2 450.5 297.4 19.3 12.6
6.633333 2 450.6 298.0 19.1 13.0
6.666667 2 450.4 298.4 19.2 12.6
6.700000 2 450.2 298.3 19.5 12.9
6.733333 2 448.8 297.2 22.3 16.4
6.766667 2 446.8 295.8 26.2 19.9
6.800000 2 446.8 295.9 26.1 19.7
6.833333 2 449.0 299.1 20.6 14.6
6.866667 2 448.7 300.2 20.6 13.4
6.900000 2 448.7 300.3 20.5 13.3
6.933333 2 446.0 297.3 26.1 20.1
6.966667 2 446.2 297.5 25.6 19.6
7.000000 2 446.2 297.4 25.7 19.8
7.033333 2 447.5 299.5 21.7 15.7
7.066667 2 447.3 299.9 21.8 15.5
7.100000 2 447.3 299.9 21.8 15.5
7.133333 2 444.5 297.2 27.1 20.9
7.166667 2 444.5 297.6 27.0 20.5
7.200000 2 444.6 297.6 26.8 20.4
7.233333 2 446.3 300.0 22.0 15.5
7.266667 2 446.1 300.3 22.1 15.2
7.300000 2 446.1 300.3 22.1 15.2
7.333333 2 445.2 300.4 22.0 15.0
7.366667 2 445.5 299.7 21.5 15.6
7.400000 2 445.5 299.7 21.5 15.6
7.433333 2 444.7 298.8 22.7 17.0
7.466667 2 444.2 299.2 22.1 16.3
7.500000 2 444.2 299.2 22.1 16.3
7.533333 2 443.8 298.9 22.5 16.7
7.566667 2 441.8 297.1 26.4 20.0
7.600000 2 441.8 297.1 26.4 20.0
7.633333 2 441.0 297.3 25.9 19.2
7.666667 2 440.6 296.1 26.7 19.8
7.700000 2 440.6 296.1 26.7 19.7
7.733333 2 440.6 295.0 26.6 20.3
7.766667 2 441.6 296.2 24.0 17.9
7.800000 2 441.9 296.6 23.3 17.2
7.833333 2 442.2 296.2 21.7 16.1
7.866667 2 440.4 293.7 25.2 19.5
7.900000 2 440.4 293.7 25.2 19.6
7.933333 2 438.4 291.9 27.7 21.8
7.966667 2 438.8 292.6 25.0 19.7
8.000000 2 438.8 292.6 25.0 19.7
8.033333 2 437.4 292.0 26.2 20.1
8.066667 2 437.5 291.1 25.8 20.2
8.100000 2 437.5 291.1 25.8 20.1
8.133333 2 436.2 289.6 27.0 21.5
8.166667 2 433.5 288.3 29.5 23.8
8.200000 2 433.5 288.3 29.5 23.8
8.233333 2 432.0 287.3 29.6 23.3
8.266667 2 431.3 286.5 29.1 23.8
8.300000 2 431.3 286.5 29.1 23.8
8.333333 2 427.8 283.7 32.9 27.5
8.366667 2 430.3 286.7 26.3 21.4
8.400000 2 430.3 286.7 26.3 21.4
8.433333 2 428.2 284.7 26.5 21.4
8.466667 2 427.1 284.8 26.6 21.4
8.500000 2 427.1 284.8 26.6 21.4
8.533333 2 423.2 282.2 29.3 23.9
8.566667 2 424.2 282.2 26.8 22.0
8.600000 2 424.2 282.2 26.8 22.0
8.633333 2 421.2 281.3 26.7 21.6
8.666667 2 420.0 280.0 27.1 22.1
8.700000 2 420.0 280.0 27.1 22.1
8.733333 2 417.9 279.0 27.0 21.6
8.766667 2 415.6 276.3 30.7 26.1
8.800000 2 415.6 276.3 30.7 26.1
8.833333 2 414.1 274.5 30.7 25.9
8.866667 2 412.7 274.0 29.3 24.4
8.900000 2 412.5 273.7 29.9 24.9
8.933333 2 406.7 268.1 37.5 31.9
8.966667 2 409.4 270.2 31.0 26.0
9.000000 2 409.4 270.2 31.0 26.0
9.033333 2 404.8 265.5 37.1 32.2
9.066667 2 403.8 264.8 37.1 31.9
9.100000 2 403.8 264.8 37.1 31.9
9.133333 2 406.3 267.7 28.2 22.7
9.166667 2 405.4 266.5 28.4 23.0
9.200000 2 405.5 266.7 28.0 22.7
9.233333 2 400.3 261.9 35.6 30.1
9.266667 2 401.7 263.6 30.0 24.7
9.300000 2 401.8 263.7 29.8 24.6
9.333333 2 400.9 262.3 29.3 24.5
9.366667 2 399.8 262.1 29.7 24.8
9.400000 2 399.8 262.1 29.7 24.8
9.433333 2 393.4 256.1 38.5 34.4
9.466667 2 396.2 259.8 31.1 26.4
9.500000 2 396.5 260.0 30.7 25.9
9.533333 2 394.5 259.3 30.5 26.1
9.566667 2 392.1 257.7 33.0 29.0
9.600000 2 392.1 257.7 33.0 29.0
9.633333 2 389.7 257.2 33.9 30.0
9.666667 2 386.2 255.0 38.6 34.7
9.700000 2 386.2 255.0 38.6 34.7
9.733333 2 386.7 258.1 32.5 28.8
9.766667 2 384.5 257.0 35.3 31.4
9.800000 2 384.5 257.0 35.3 31.4
9.833333 2 384.0 261.4 29.4 24.8
9.866667 2 379.1 257.2 38.8 33.9
9.900000 2 379.1 257.2 38.8 33.9
9.933333 2 380.8 262.7 30.1 25.3
9.966667 2 377.4 262.1 33.3 28.6
10.000000 2 377.4 262.1 33.3 28.6
10.033333 2 375.9 265.0 31.1 25.8
