0.000000 2 68.0 293.0 18.0 20.0
0.033333 2 67.4 294.0 18.0 20.1
0.066667 2 66.8 295.0 18.0 20.1
0.100000 2 66.1 296.0 18.0 20.2
0.133333 2 65.5 297.0 18.0 20.2
0.166667 2 64.9 298.0 18.0 20.3
0.200000 2 64.3 299.0 18.0 20.4
0.233333 2 63.6 300.0 18.0 20.4
0.266667 2 63.0 301.0 18.0 20.5
0.300000 2 62.4 302.0 18.0 20.6
0.333333 2 61.8 303.0 18.0 20.6
0.366667 2 61.1 304.0 18.0 20.7
0.400000 2 60.5 305.0 18.0 20.7
0.433333 2 59.9 306.0 18.0 20.8
0.466667 2 59.3 307.0 18.0 20.9
0.500000 2 58.6 308.0 18.0 20.9
0.533333 2 58.0 309.0 18.0 21.0
0.566667 2 57.8 309.7 18.0 21.0
0.600000 2 57.7 310.4 18.1 21.1
0.633333 2 57.5 311.1 18.1 21.1
0.666667 2 57.3 311.8 18.2 21.2
0.700000 2 57.1 312.5 18.2 21.2
0.733333 2 57.0 313.2 18.3 21.3
0.766667 2 56.8 313.9 18.3 21.3
0.800000 2 56.6 314.6 18.3 21.3
0.833333 2 56.4 315.3 18.4 21.4
0.866667 2 56.3 316.0 18.4 21.4
0.900000 2 56.1 316.7 18.5 21.5
0.933333 2 55.9 317.3 18.5 21.5
0.966667 2 55.7 318.0 18.6 21.6
1.000000 2 55.6 318.7 18.6 21.6
1.033333 2 55.4 319.4 18.7 21.7
1.066667 2 55.2 320.1 18.7 21.7
1.100000 2 55.0 320.8 18.7 21.7
1.133333 2 54.9 321.5 18.8 21.8
1.166667 2 54.7 322.2 18.8 21.8
1.200000 2 54.5 322.9 18.9 21.9
1.233333 2 54.3 323.6 18.9 21.9
1.266667 2 54.2 324.3 19.0 22.0
1.300000 2 54.0 325.0 19.0 22.0
1.333333 2 54.2 325.6 19.2 22.2
1.366667 2 54.4 326.3 19.3 22.3
1.400000 2 54.6 326.9 19.5 22.5
1.433333 2 54.8 327.5 19.6 22.6
1.466667 2 55.1 328.2 19.8 22.8
1.500000 2 55.3 328.8 19.9 22.9
1.533333 2 55.5 329.4 20.1 23.1
1.566667 2 55.7 330.1 20.3 23.3
1.600000 2 55.9 330.7 20.4 23.4
1.633333 2 56.1 331.3 20.6 23.6
1.666667 2 56.3 331.9 20.7 23.7
1.700000 2 56.5 332.6 20.9 23.9
1.733333 2 56.7 333.2 21.1 24.1
1.766667 2 56.9 333.8 21.2 24.2
1.800000 2 57.2 334.5 21.4 24.4
1.833333 2 57.4 335.1 21.5 24.5
1.866667 2 57.6 335.7 21.7 24.7
1.900000 2 57.8 336.4 21.8 24.8
1.933333 2 58.0 337.0 22.0 25.0
1.966667 2 58.5 337.8 21.9 24.6
2.000000 2 59.1 338.6 21.8 24.3
2.033333 2 59.6 339.5 21.6 23.9
2.066667 2 60.1 340.3 21.5 23.6
2.100000 2 60.6 341.1 21.4 23.2
2.133333 2 61.2 341.9 21.3 22.9
2.166667 2 61.7 342.8 21.2 22.5
2.200000 2 62.2 343.6 21.1 22.2
2.233333 2 62.8 344.4 20.9 21.8
2.266667 2 63.3 345.2 20.8 21.5
2.300000 2 63.8 346.1 20.7 21.1
2.333333 2 64.4 346.9 20.6 20.8
2.366667 2 64.9 347.7 20.5 20.4
2.400000 2 65.4 348.5 20.4 20.1
2.433333 2 65.9 349.4 20.2 19.7
2.466667 2 66.5 350.2 20.1 19.4
2.500000 2 67.0 351.0 20.0 19.0
2.533333 2 67.7 351.6 19.9 18.9
2.566667 2 68.4 352.1 19.8 18.8
2.600000 2 69.1 352.7 19.6 18.6
2.633333 2 69.7 353.2 19.5 18.5
2.666667 2 70.4 353.8 19.4 18.4
2.700000 2 71.1 354.4 19.3 18.3
2.733333 2 71.8 354.9 19.1 18.1
2.766667 2 72.5 355.5 19.0 18.0
2.800000 2 73.2 356.1 18.9 17.9
2.833333 2 73.9 356.6 18.8 17.8
2.866667 2 74.6 357.2 18.6 17.6
2.900000 2 75.2 357.7 18.5 17.5
2.933333 2 75.9 358.3 18.4 17.4
2.966667 2 76.6 358.9 18.3 17.3
3.000000 2 77.3 359.4 18.1 17.1
3.033333 2 78.0 360.0 18.0 17.0
3.066667 2 78.7 360.5 18.2 17.1
3.100000 2 79.4 360.9 18.4 17.2
3.133333 2 80.1 361.4 18.6 17.3
3.166667 2 80.7 361.9 18.8 17.4
3.200000 2 81.4 362.4 19.1 17.5
3.233333 2 82.1 362.8 19.3 17.6
3.266667 2 82.8 363.3 19.5 17.7
3.300000 2 83.5 363.8 19.7 17.8
3.333333 2 84.2 364.3 19.9 17.9
3.366667 2 84.8 364.7 20.1 18.1
3.400000 2 85.5 365.2 20.3 18.2
3.433333 2 86.2 365.7 20.5 18.3
3.466667 2 86.9 366.2 20.7 18.4
3.500000 2 87.6 366.6 20.9 18.5
3.533333 2 88.3 367.1 21.2 18.6
3.566667 2 88.9 367.6 21.4 18.7
3.600000 2 89.6 368.1 21.6 18.8
3.633333 2 90.3 368.5 21.8 18.9
3.666667 2 91.0 369.0 22.0 19.0
3.700000 2 92.6 369.4 21.6 18.9
3.733333 2 94.1 369.9 21.1 18.8
3.766667 2 95.7 370.3 20.7 18.7
3.800000 2 97.2 370.8 20.2 18.6
3.833333 2 98.8 371.2 19.8 18.4
3.866667 2 100.3 371.7 19.3 18.3
3.900000 2 101.9 372.1 18.9 18.2
3.933333 2 103.4 372.6 18.4 18.1
3.966667 2 105.0 373.0 18.0 18.0
4.000000 2 106.1 373.4 18.3 17.9
4.033333 2 107.3 373.9 18.6 17.7
4.066667 2 108.4 374.3 18.9 17.6
4.100000 2 109.6 374.7 19.1 17.4
4.133333 2 110.7 375.1 19.4 17.3
4.166667 2 111.9 375.6 19.7 17.1
4.200000 2 113.0 376.0 20.0 17.0
4.233333 2 114.3 376.4 19.9 17.0
4.266667 2 115.6 376.7 19.7 17.0
4.300000 2 116.9 377.1 19.6 17.0
4.333333 2 118.1 377.4 19.4 17.0
4.366667 2 119.4 377.8 19.3 17.0
4.400000 2 120.7 378.1 19.1 17.0
4.433333 2 122.0 378.5 19.0 17.0
4.466667 2 123.3 378.9 18.9 17.0
4.500000 2 124.6 379.2 18.7 17.0
4.533333 2 125.9 379.6 18.6 17.0
4.566667 2 127.1 379.9 18.4 17.0
4.600000 2 128.4 380.3 18.3 17.0
4.633333 2 129.7 380.6 18.1 17.0
4.666667 2 131.0 381.0 18.0 17.0
4.700000 2 131.5 381.2 17.9 16.9
4.733333 2 132.0 381.5 17.8 16.8
4.766667 2 132.5 381.7 17.7 16.7
4.800000 2 133.0 382.0 17.6 16.6
4.833333 2 133.4 382.2 17.5 16.5
4.866667 2 133.9 382.5 17.4 16.4
4.900000 2 134.4 382.7 17.3 16.3
4.933333 2 134.9 383.0 17.2 16.2
4.966667 2 135.4 383.2 17.1 16.1
5.000000 2 135.9 383.4 17.0 16.0
5.033333 2 136.4 383.7 16.9 15.9
5.066667 2 136.9 383.9 16.8 15.8
5.100000 2 137.3 384.2 16.7 15.7
5.133333 2 137.8 384.4 16.6 15.6
5.166667 2 138.3 384.7 16.5 15.5
5.200000 2 138.8 384.9 16.4 15.4
5.233333 2 139.3 385.1 16.3 15.3
5.266667 2 139.8 385.4 16.2 15.2
5.300000 2 140.3 385.6 16.1 15.1
5.333333 2 140.8 385.9 16.0 15.0
5.366667 2 141.2 386.1 16.0 15.0
5.400000 2 141.7 386.4 15.9 14.9
5.433333 2 142.2 386.6 15.8 14.8
5.466667 2 142.7 386.9 15.7 14.7
5.500000 2 143.2 387.1 15.6 14.6
5.533333 2 143.7 387.3 15.5 14.5
5.566667 2 144.2 387.6 15.4 14.4
5.600000 2 144.7 387.8 15.3 14.3
5.633333 2 145.1 388.1 15.2 14.2
5.666667 2 145.6 388.3 15.1 14.1
5.700000 2 146.1 388.6 15.0 14.0
5.733333 2 146.6 388.8 14.9 13.9
5.766667 2 147.1 389.0 14.8 13.8
5.800000 2 147.6 389.3 14.7 13.7
5.833333 2 148.1 389.5 14.6 13.6
5.866667 2 148.6 389.8 14.5 13.5
5.900000 2 149.0 390.0 14.4 13.4
5.933333 2 149.5 390.3 14.3 13.3
5.966667 2 150.0 390.5 14.2 13.2
6.000000 2 150.5 390.8 14.1 13.1
6.033333 2 151.0 391.0 14.0 13.0
6.066667 2 151.2 391.1 14.0 13.0
6.100000 2 151.5 391.1 14.0 12.9
6.133333 2 151.7 391.2 13.9 12.9
6.166667 2 152.0 391.3 13.9 12.8
6.200000 2 152.2 391.4 13.9 12.8
6.233333 2 152.5 391.4 13.9 12.7
6.266667 2 152.7 391.5 13.8 12.7
6.300000 2 153.0 391.6 13.8 12.6
6.333333 2 153.2 391.7 13.8 12.6
6.366667 2 153.5 391.7 13.8 12.5
6.400000 2 153.7 391.8 13.7 12.5
6.433333 2 154.0 391.9 13.7 12.4
6.466667 2 154.2 392.0 13.7 12.4
6.500000 2 154.5 392.0 13.7 12.3
6.533333 2 154.7 392.1 13.6 12.3
6.566667 2 155.0 392.2 13.6 12.2
6.600000 2 155.2 392.3 13.6 12.2
6.633333 2 155.5 392.3 13.6 12.1
6.666667 2 155.7 392.4 13.5 12.1
6.700000 2 156.0 392.5 13.5 12.0
6.733333 2 156.2 392.6 13.5 12.0
6.766667 2 156.5 392.6 13.5 11.9
6.800000 2 156.7 392.7 13.4 11.9
6.833333 2 157.0 392.8 13.4 11.8
6.866667 2 157.2 392.9 13.4 11.8
6.900000 2 157.5 392.9 13.4 11.7
6.933333 2 157.7 393.0 13.3 11.7
6.966667 2 158.0 393.1 13.3 11.6
7.000000 2 158.2 393.2 13.3 11.6
7.033333 2 158.5 393.2 13.3 11.5
7.066667 2 158.7 393.3 13.2 11.5
7.100000 2 159.0 393.4 13.2 11.4
7.133333 2 159.2 393.5 13.2 11.4
7.166667 2 159.5 393.5 13.2 11.3
7.200000 2 159.7 393.6 13.1 11.3
7.233333 2 160.0 393.7 13.1 11.2
7.266667 2 160.2 393.8 13.1 11.2
7.300000 2 160.5 393.8 13.1 11.1
7.333333 2 160.7 393.9 13.0 11.1
7.366667 2 161.0 394.0 13.0 11.0
7.400000 2 161.4 394.0 13.1 11.1
7.433333 2 161.8 394.0 13.1 11.2
7.466667 2 162.2 394.0 13.2 11.3
7.500000 2 162.6 394.0 13.3 11.4
7.533333 2 163.0 394.0 13.4 11.5
7.566667 2 163.4 394.0 13.4 11.6
7.600000 2 163.8 394.0 13.5 11.8
7.633333 2 164.1 394.0 13.6 11.9
7.666667 2 164.5 394.0 13.6 12.0
7.700000 2 164.9 394.0 13.7 12.1
7.733333 2 165.3 394.0 13.8 12.2
7.766667 2 165.7 394.0 13.9 12.3
7.800000 2 166.1 394.0 13.9 12.4
7.833333 2 166.5 394.0 14.0 12.5
7.866667 2 166.9 394.0 14.1 12.6
7.900000 2 167.3 394.0 14.1 12.7
7.933333 2 167.7 394.0 14.2 12.8
7.966667 2 168.1 394.0 14.3 12.9
8.000000 2 168.5 394.0 14.4 13.0
8.033333 2 168.9 394.0 14.4 13.1
8.066667 2 169.3 394.0 14.5 13.3
8.100000 2 169.6 394.0 14.6 13.4
8.133333 2 170.0 394.0 14.6 13.5
8.166667 2 170.4 394.0 14.7 13.6
8.200000 2 170.8 394.0 14.8 13.7
8.233333 2 171.2 394.0 14.9 13.8
8.266667 2 171.6 394.0 14.9 13.9
8.300000 2 172.0 394.0 15.0 14.0
8.333333 2 172.7 394.0 15.0 14.0
8.366667 2 173.4 394.0 15.0 14.1
8.400000 2 174.2 393.9 14.9 14.1
8.433333 2 174.9 393.9 14.9 14.1
8.466667 2 175.6 393.9 14.9 14.2
8.500000 2 176.3 393.9 14.9 14.2
8.533333 2 177.1 393.9 14.9 14.3
8.566667 2 177.8 393.9 14.9 14.3
8.600000 2 178.5 393.8 14.8 14.3
8.633333 2 179.2 393.8 14.8 14.4
8.666667 2 179.9 393.8 14.8 14.4
8.700000 2 180.7 393.8 14.8 14.4
8.733333 2 181.4 393.8 14.8 14.5
8.766667 2 182.1 393.7 14.7 14.5
8.800000 2 182.8 393.7 14.7 14.6
8.833333 2 183.6 393.7 14.7 14.6
8.866667 2 184.3 393.7 14.7 14.6
8.900000 2 185.0 393.7 14.7 14.7
8.933333 2 185.7 393.6 14.6 14.7
8.966667 2 186.4 393.6 14.6 14.7
9.000000 2 187.2 393.6 14.6 14.8
9.033333 2 187.9 393.6 14.6 14.8
9.066667 2 188.6 393.6 14.6 14.9
9.100000 2 189.3 393.6 14.6 14.9
9.133333 2 190.1 393.5 14.5 14.9
9.166667 2 190.8 393.5 14.5 15.0
9.200000 2 191.5 393.5 14.5 15.0
9.233333 2 192.2 393.5 14.5 15.0
9.266667 2 192.9 393.5 14.5 15.1
9.300000 2 193.7 393.4 14.4 15.1
9.333333 2 194.4 393.4 14.4 15.1
9.366667 2 195.1 393.4 14.4 15.2
9.400000 2 195.8 393.4 14.4 15.2
9.433333 2 196.6 393.4 14.4 15.3
9.466667 2 197.3 393.4 14.4 15.3
9.500000 2 198.0 393.3 14.3 15.3
9.533333 2 198.7 393.3 14.3 15.4
9.566667 2 199.4 393.3 14.3 15.4
9.600000 2 200.2 393.3 14.3 15.4
9.633333 2 200.9 393.3 14.3 15.5
9.666667 2 201.6 393.2 14.2 15.5
9.700000 2 202.3 393.2 14.2 15.6
9.733333 2 203.1 393.2 14.2 15.6
9.766667 2 203.8 393.2 14.2 15.6
9.800000 2 204.5 393.2 14.2 15.7
9.833333 2 205.2 393.1 14.1 15.7
9.866667 2 205.9 393.1 14.1 15.7
9.900000 2 206.7 393.1 14.1 15.8
9.933333 2 207.4 393.1 14.1 15.8
9.966667 2 208.1 393.1 14.1 15.9
10.000000 2 208.8 393.1 14.1 15.9
10.033333 2 209.6 393.0 14.0 15.9
10.066667 2 210.3 393.0 14.0 16.0
10.100000 2 211.0 393.0 14.0 16.0
