0.000000 2 306.0 20.0 42.0 32.0
0.033333 2 307.1 23.5 42.4 32.4
0.066667 2 309.8 30.9 42.1 32.1
0.100000 2 310.6 34.4 42.4 32.4
0.133333 2 312.3 41.8 42.5 32.5
0.166667 2 313.1 45.6 42.2 32.2
0.200000 2 314.1 52.7 42.4 32.4
0.233333 2 314.5 56.3 42.5 32.4
0.266667 2 315.0 63.4 42.3 32.2
0.300000 2 315.0 66.9 42.3 32.4
0.333333 2 315.1 73.8 42.0 32.0
0.366667 2 314.7 77.0 42.2 32.2
0.400000 2 314.1 83.7 42.0 32.1
0.433333 2 313.5 86.7 42.3 32.3
0.466667 2 311.9 92.8 42.8 32.8
0.500000 2 310.4 99.1 42.6 32.5
0.533333 2 308.5 105.1 42.7 32.6
0.566667 2 306.6 111.1 42.6 32.5
0.600000 2 305.6 114.1 42.6 32.6
0.633333 2 304.6 117.0 42.6 32.5
0.666667 2 302.8 122.9 42.2 32.2
0.700000 2 301.9 125.6 42.3 32.2
0.733333 2 299.9 131.0 42.3 32.3
0.766667 2 297.9 135.8 43.0 32.9
0.800000 2 297.5 138.7 42.4 32.3
0.833333 2 296.0 143.7 42.3 32.3
0.866667 2 294.9 145.6 43.0 33.0
0.900000 2 293.9 150.5 42.7 32.7
0.933333 2 292.8 156.9 42.3 32.2
0.966667 2 292.0 160.6 42.4 32.5
1.000000 2 291.8 162.3 42.5 32.4
1.033333 2 291.3 165.5 42.6 32.6
1.066667 2 291.1 166.8 42.9 32.9
1.100000 2 290.9 169.5 42.9 32.9
1.133333 2 290.9 170.6 43.0 33.0
1.166667 2 291.2 172.8 42.7 32.7
1.200000 2 291.7 174.8 42.3 32.2
1.233333 2 292.0 175.6 42.2 32.2
1.266667 2 292.7 177.1 42.5 32.4
1.300000 2 293.5 177.7 42.4 32.4
1.333333 2 294.0 178.2 42.9 32.9
1.366667 2 294.9 178.5 42.9 33.0
1.400000 2 295.6 179.0 42.5 32.5
1.433333 2 296.9 179.5 42.3 32.2
1.466667 2 297.3 179.6 42.6 32.6
1.500000 2 298.6 180.3 42.5 32.5
1.533333 2 299.9 180.8 42.6 32.6
1.566667 2 300.7 181.3 42.5 32.4
1.600000 2 302.2 182.0 42.8 32.6
1.633333 2 303.9 183.1 42.5 32.4
1.666667 2 304.9 183.6 42.2 32.2
1.700000 2 307.3 184.7 42.6 32.5
1.733333 2 309.0 185.4 42.7 32.7
1.766667 2 309.9 185.6 42.8 32.8
1.800000 2 311.9 186.4 42.6 32.5
1.833333 2 313.9 186.3 42.7 32.7
1.866667 2 314.9 186.4 42.6 32.5
1.900000 2 316.8 185.7 42.6 32.6
1.933333 2 317.7 185.0 42.8 32.8
1.966667 2 319.8 183.6 42.7 32.8
2.000000 2 320.8 182.6 42.7 32.8
2.033333 2 322.7 180.2 42.8 32.8
2.066667 2 324.8 177.5 42.6 32.6
2.100000 2 325.6 175.9 42.9 32.8
2.133333 2 327.6 172.9 42.8 32.7
2.166667 2 328.5 171.2 42.7 32.6
2.200000 2 330.3 167.6 42.7 32.7
2.233333 2 331.1 165.5 42.9 32.9
2.266667 2 332.7 161.4 43.0 33.1
2.300000 2 333.7 159.7 42.6 32.6
2.333333 2 335.2 155.2 42.8 32.8
2.366667 2 336.6 151.1 42.8 32.7
2.400000 2 337.4 149.1 42.8 32.7
2.433333 2 338.6 145.4 42.5 32.5
2.466667 2 338.8 143.4 43.2 33.2
2.500000 2 339.7 140.6 43.3 33.3
2.533333 2 340.7 138.8 42.8 32.8
2.566667 2 341.2 137.4 42.8 32.8
2.600000 2 341.6 136.9 42.6 32.6
2.633333 2 341.7 136.8 42.7 32.7
2.666667 2 341.7 137.2 42.7 32.6
2.700000 2 341.7 137.8 42.5 32.5
2.733333 2 340.8 138.8 43.3 33.3
2.766667 2 340.6 139.6 43.1 33.2
2.800000 2 339.6 141.6 43.5 33.5
2.833333 2 339.5 143.0 42.7 32.6
2.866667 2 338.2 145.2 42.8 32.8
2.900000 2 337.7 146.7 42.3 32.4
2.933333 2 335.6 148.5 43.4 33.4
2.966667 2 333.7 150.9 43.2 33.3
3.000000 2 332.8 152.2 43.0 33.1
3.033333 2 330.9 154.6 42.4 32.4
3.066667 2 329.8 155.8 42.3 32.3
3.100000 2 326.6 156.7 43.4 33.4
3.133333 2 324.0 158.6 43.1 33.1
3.166667 2 322.9 159.6 42.5 32.6
3.200000 2 319.7 160.6 43.0 33.0
3.233333 2 318.7 161.6 42.3 32.2
3.266667 2 315.6 162.3 42.5 32.4
3.300000 2 313.8 162.4 42.9 33.0
3.333333 2 310.9 162.6 42.6 32.6
3.366667 2 309.4 162.6 42.5 32.5
3.400000 2 305.8 161.6 43.2 33.2
3.433333 2 302.8 160.4 42.8 32.9
3.466667 2 301.3 159.7 42.6 32.6
3.500000 2 298.4 157.7 42.5 32.5
3.533333 2 296.9 156.6 42.4 32.4
3.566667 2 293.7 153.6 43.1 33.1
3.600000 2 291.1 150.7 42.9 32.9
3.633333 2 289.8 149.2 42.8 32.8
3.666667 2 287.5 146.0 42.5 32.4
3.700000 2 285.8 143.8 43.2 33.2
3.733333 2 283.9 140.6 42.3 32.3
3.766667 2 282.8 138.7 42.2 32.2
3.800000 2 280.4 135.0 42.7 32.6
3.833333 2 279.5 133.5 42.4 32.4
3.866667 2 277.4 130.5 42.5 32.5
3.900000 2 276.2 129.1 42.8 32.8
3.933333 2 274.2 127.0 42.9 32.8
3.966667 2 273.4 126.2 42.7 32.6
4.000000 2 271.6 125.3 42.5 32.4
4.033333 2 270.7 124.9 42.4 32.4
4.066667 2 268.8 124.8 42.3 32.3
4.100000 2 266.7 124.9 42.9 32.9
4.133333 2 265.9 125.3 42.8 32.9
4.166667 2 264.5 126.8 42.4 32.4
4.200000 2 262.7 128.1 42.5 32.5
4.233333 2 261.7 128.8 43.1 33.1
4.266667 2 260.7 131.0 42.3 32.3
4.300000 2 259.0 132.3 42.8 32.9
4.333333 2 258.6 133.3 42.4 32.3
4.366667 2 257.5 134.2 42.5 32.4
4.400000 2 256.5 135.0 42.5 32.5
4.433333 2 255.7 135.0 42.5 32.5
4.466667 2 255.0 134.5 43.0 33.1
4.500000 2 254.8 133.9 42.4 32.4
4.533333 2 254.8 133.4 42.4 32.3
4.566667 2 254.7 131.9 42.4 32.4
4.600000 2 254.6 129.9 42.4 32.4
4.633333 2 254.6 128.9 42.4 32.4
4.666667 2 254.6 126.1 42.6 32.5
4.700000 2 254.9 124.6 42.4 32.5
4.733333 2 254.9 121.1 43.0 33.1
4.766667 2 255.7 117.8 42.4 32.4
4.800000 2 255.7 113.5 43.2 33.2
4.833333 2 256.0 111.4 42.9 33.0
4.866667 2 256.8 107.5 42.4 32.4
4.900000 2 256.7 104.8 43.2 33.2
4.933333 2 257.6 100.7 42.4 32.4
4.966667 2 257.7 98.1 42.7 32.7
5.000000 2 258.5 93.3 42.6 32.5
5.033333 2 258.8 88.0 43.0 33.0
5.066667 2 259.2 85.6 42.7 32.8
5.100000 2 259.8 80.6 42.9 33.0
5.133333 2 260.1 78.3 42.8 32.9
5.166667 2 260.7 73.8 42.8 32.8
5.200000 2 260.9 71.7 43.1 33.2
5.233333 2 261.8 68.3 42.5 32.5
5.266667 2 262.3 65.2 42.7 32.6
5.300000 2 262.6 63.9 42.5 32.5
5.333333 2 262.9 62.5 42.6 32.7
5.366667 2 263.4 60.6 42.5 32.5
5.400000 2 263.6 59.9 42.5 32.5
5.433333 2 263.9 58.5 42.6 32.7
5.466667 2 263.9 57.8 43.1 33.1
5.500000 2 264.4 57.6 42.5 32.6
5.533333 2 264.4 57.0 42.7 32.7
5.566667 2 264.3 57.0 42.7 32.7
5.600000 2 264.4 56.7 42.5 32.6
5.633333 2 264.0 56.5 42.8 33.0
5.666667 2 263.9 56.6 42.3 32.4
5.700000 2 262.8 55.8 43.1 33.2
5.733333 2 262.8 55.9 42.5 32.5
5.766667 2 261.8 55.1 42.6 32.7
5.800000 2 261.2 54.7 42.7 32.9
5.833333 2 259.9 53.6 42.9 33.0
5.866667 2 258.7 52.8 42.3 32.4
5.900000 2 257.8 51.9 42.7 32.7
5.933333 2 256.3 50.5 42.5 32.6
5.966667 2 255.3 49.8 42.6 32.7
6.000000 2 253.4 48.0 42.6 32.6
6.033333 2 252.3 46.8 42.7 32.7
6.066667 2 249.9 44.5 42.8 32.9
6.100000 2 247.7 42.0 42.4 32.4
6.133333 2 244.9 39.5 42.5 32.6
6.166667 2 243.7 38.3 42.4 32.4
6.200000 2 240.9 35.8 42.2 32.3
6.233333 2 237.8 33.6 42.1 32.2
6.266667 2 235.9 32.4 42.6 32.7
6.300000 2 232.8 30.9 42.4 32.4
6.333333 2 229.3 29.2 42.7 32.7
6.366667 2 225.8 28.2 42.7 32.7
6.400000 2 222.1 27.1 42.9 32.9
6.433333 2 220.5 27.0 42.7 32.7
6.466667 2 216.8 26.2 42.9 33.1
6.500000 2 215.1 26.0 43.0 33.0
6.533333 2 211.7 25.8 43.0 33.0
6.566667 2 208.7 25.9 42.4 32.5
6.600000 2 206.9 25.5 42.9 33.1
6.633333 2 203.9 25.5 42.8 32.9
6.666667 2 202.8 25.8 42.3 32.4
6.700000 2 200.0 25.5 42.8 33.0
6.733333 2 198.9 25.5 42.8 33.0
6.766667 2 197.0 25.5 42.8 32.9
6.800000 2 195.9 25.8 42.1 32.2
6.833333 2 194.9 25.7 42.1 32.2
6.866667 2 193.9 25.0 43.0 33.1
6.900000 2 193.9 24.9 43.1 33.1
6.933333 2 194.5 25.0 42.5 32.5
6.966667 2 195.4 24.9 42.6 32.6
7.000000 2 195.8 24.7 42.7 32.8
7.033333 2 197.8 24.9 42.3 32.4
7.066667 2 198.7 24.8 42.2 32.3
7.100000 2 200.9 24.6 42.5 32.6
7.133333 2 202.0 24.3 42.9 33.0
7.166667 2 204.9 24.2 42.9 33.0
7.200000 2 208.3 24.2 42.7 32.7
7.233333 2 211.8 24.3 42.4 32.5
7.266667 2 213.8 24.5 42.2 32.2
7.300000 2 217.8 24.6 42.2 32.2
7.333333 2 219.8 24.6 42.1 32.1
7.366667 2 224.0 24.7 42.2 32.3
7.400000 2 225.9 24.5 42.7 32.8
7.433333 2 230.6 25.2 42.4 32.4
7.466667 2 232.9 25.4 42.3 32.4
7.500000 2 237.8 26.0 42.2 32.2
7.533333 2 239.9 26.1 42.6 32.6
7.566667 2 244.8 26.9 42.6 32.6
7.600000 2 249.7 28.1 42.5 32.4
7.633333 2 254.7 29.5 42.2 32.2
7.666667 2 259.4 31.0 42.6 32.6
7.700000 2 262.0 31.8 42.3 32.4
7.733333 2 266.9 33.9 42.3 32.4
7.766667 2 269.1 34.8 42.9 32.9
7.800000 2 274.1 37.1 42.8 32.8
7.833333 2 279.3 39.5 42.5 32.6
7.866667 2 281.9 40.7 42.6 32.7
7.900000 2 286.9 42.6 42.9 33.0
7.933333 2 289.8 43.9 42.4 32.4
7.966667 2 294.9 45.5 42.7 32.8
8.000000 2 300.5 47.6 42.4 32.5
8.033333 2 302.8 48.1 42.8 32.9
8.066667 2 308.5 49.8 42.4 32.4
8.100000 2 311.0 50.3 42.8 32.9
8.133333 2 316.8 51.8 42.3 32.4
8.166667 2 321.8 52.7 43.1 33.1
8.200000 2 327.6 54.0 42.5 32.5
8.233333 2 330.3 54.5 42.5 32.6
8.266667 2 335.8 55.7 42.2 32.3
8.300000 2 340.9 56.6 42.4 32.6
8.333333 2 343.6 57.1 42.6 32.5
8.366667 2 348.7 58.2 42.6 32.5
8.400000 2 350.9 58.6 42.8 32.9
8.433333 2 353.7 59.5 42.3 32.3
8.466667 2 358.6 60.7 42.3 32.4
8.500000 2 360.7 61.1 42.6 32.6
8.533333 2 365.4 62.5 42.4 32.5
8.566667 2 367.6 63.1 42.6 32.5
8.600000 2 371.9 64.6 42.5 32.6
8.633333 2 373.8 65.1 42.8 32.8
8.666667 2 377.9 66.7 42.8 32.9
8.700000 2 381.9 68.6 42.4 32.4
8.733333 2 383.7 69.3 42.5 32.4
8.766667 2 387.0 70.6 42.9 33.0
8.800000 2 389.0 71.6 42.4 32.5
8.833333 2 391.9 73.1 42.8 32.9
8.866667 2 394.9 74.7 42.8 32.9
8.900000 2 396.3 75.6 42.5 32.6
8.933333 2 398.9 77.3 42.5 32.5
8.966667 2 399.8 77.8 42.8 32.8
9.000000 2 402.0 79.3 42.8 32.9
9.033333 2 402.8 80.0 43.0 33.0
9.066667 2 404.9 81.7 42.3 32.3
9.100000 2 405.6 82.7 42.3 32.3
9.133333 2 406.8 84.0 42.8 32.8
9.166667 2 407.8 85.8 42.8 32.8
9.200000 2 408.6 86.9 42.4 32.4
9.233333 2 409.2 88.5 42.6 32.7
9.266667 2 409.9 90.5 42.7 32.9
9.300000 2 410.1 91.3 42.8 32.9
9.333333 2 410.7 93.4 42.4 32.4
9.366667 2 410.8 94.4 42.4 32.4
9.400000 2 410.8 96.2 42.6 32.6
9.433333 2 410.7 97.2 42.6 32.6
9.466667 2 410.7 99.0 42.7 32.7
9.500000 2 410.5 100.1 42.6 32.6
9.533333 2 410.3 101.7 42.7 32.8
9.566667 2 410.1 102.5 42.8 33.0
9.600000 2 409.8 104.7 42.4 32.6
9.633333 2 409.8 105.7 42.3 32.4
9.666667 2 409.1 107.3 42.8 32.9
9.700000 2 408.9 108.3 42.6 32.7
9.733333 2 408.7 110.5 42.4 32.4
9.766667 2 408.4 111.3 42.6 32.6
9.800000 2 407.8 113.2 42.8 32.8
9.833333 2 407.8 114.3 42.5 32.5
9.866667 2 407.0 116.0 43.0 33.0
9.900000 2 406.9 116.9 43.0 33.0
9.933333 2 406.7 119.2 42.5 32.4
9.966667 2 406.4 120.1 42.6 32.5
10.000000 2 405.8 121.9 42.9 32.9
10.033333 2 405.4 124.1 42.6 32.5
10.066667 2 405.1 124.8 42.9 32.9
10.100000 2 404.7 127.0 42.6 32.6
10.133333 2 404.5 128.0 42.6 32.6
10.166667 2 403.9 129.7 42.5 32.6
10.200000 2 403.5 131.5 42.4 32.5
10.233333 2 403.0 132.3 42.8 33.0
