0.000000 2 302.0 166.0 32.0 24.0
0.033333 2 301.9 166.8 32.2 24.2
0.066667 2 302.0 168.2 32.4 24.5
0.100000 2 302.4 170.2 31.7 24.0
0.133333 2 302.2 170.9 32.1 24.3
0.166667 2 302.2 172.8 32.3 24.4
0.200000 2 302.2 173.8 32.3 24.3
0.233333 2 301.9 174.5 32.8 24.7
0.266667 2 301.8 176.4 33.0 24.8
0.300000 2 301.8 177.3 33.0 24.8
0.333333 2 301.8 179.2 32.7 24.7
0.366667 2 301.8 181.3 32.7 24.6
0.400000 2 301.8 182.3 32.7 24.5
0.433333 2 301.3 183.9 33.2 25.4
0.466667 2 301.4 185.0 33.1 25.2
0.500000 2 301.2 186.7 33.4 25.7
0.533333 2 300.9 188.4 33.9 26.4
0.566667 2 300.7 190.3 34.0 26.7
0.600000 2 300.7 191.3 33.8 26.5
0.633333 2 300.7 193.5 33.7 26.2
0.666667 2 300.7 196.1 33.4 25.5
0.700000 2 300.7 197.1 33.3 25.3
0.733333 2 300.8 199.2 33.1 25.0
0.766667 2 300.8 200.3 33.1 24.9
0.800000 2 301.0 202.9 32.2 24.2
0.833333 2 300.9 203.9 32.2 24.2
0.866667 2 301.0 206.2 31.9 24.2
0.900000 2 300.5 206.8 32.4 25.2
0.933333 2 299.7 208.3 33.9 26.6
0.966667 2 300.2 212.7 32.4 24.6
1.000000 2 300.6 214.4 31.4 23.6
1.033333 2 300.1 216.3 32.4 24.3
1.066667 2 299.8 217.3 32.7 24.7
1.100000 2 300.2 220.2 31.7 23.9
1.133333 2 300.0 222.2 31.9 24.2
1.166667 2 299.2 222.6 33.3 25.8
1.200000 2 298.8 224.9 33.5 26.2
1.233333 2 298.6 227.3 33.9 26.6
1.266667 2 298.6 229.5 34.0 26.7
1.300000 2 299.6 232.3 31.4 23.7
1.333333 2 299.3 234.5 31.7 23.8
1.366667 2 298.6 235.3 32.9 25.0
1.400000 2 298.8 237.8 32.0 24.8
1.433333 2 298.4 238.7 32.7 25.5
1.466667 2 297.7 240.5 33.8 26.5
1.500000 2 297.9 241.9 33.3 26.1
1.533333 2 297.9 244.3 32.8 25.3
1.566667 2 298.0 245.5 32.6 25.1
1.600000 2 297.8 247.3 32.8 25.2
1.633333 2 298.4 249.1 31.7 24.3
1.666667 2 298.5 251.1 31.7 24.3
1.700000 2 298.5 253.1 31.6 24.2
1.733333 2 298.1 254.4 32.5 25.1
1.766667 2 298.1 255.4 32.5 25.1
1.800000 2 298.1 257.1 32.6 25.1
1.833333 2 298.2 257.8 32.9 25.9
1.866667 2 298.9 260.0 31.5 24.6
1.900000 2 299.2 262.2 31.4 24.2
1.933333 2 299.7 263.7 31.1 23.5
1.966667 2 299.4 264.4 31.8 24.1
2.000000 2 299.9 265.8 31.6 24.6
2.033333 2 299.4 266.2 32.5 25.4
2.066667 2 300.7 268.7 30.9 23.2
2.100000 2 300.0 269.5 32.5 24.6
2.133333 2 300.1 269.8 32.8 25.5
2.166667 2 300.6 271.5 32.2 25.2
2.200000 2 301.0 273.2 32.0 24.5
2.233333 2 301.8 274.7 30.8 23.2
2.266667 2 300.7 274.6 33.6 26.3
2.300000 2 301.3 275.6 33.1 25.9
2.333333 2 302.1 278.1 31.6 24.4
2.366667 2 301.8 279.2 32.9 25.3
2.400000 2 302.7 280.7 32.0 25.1
2.433333 2 302.6 281.4 32.5 25.3
2.466667 2 302.6 283.0 32.8 25.2
2.500000 2 303.3 284.3 31.6 24.1
2.533333 2 303.3 286.1 31.6 24.1
2.566667 2 302.8 286.0 32.9 25.3
2.600000 2 303.5 288.0 31.7 24.4
2.633333 2 303.0 288.3 32.7 25.2
2.666667 2 303.3 290.1 32.1 24.6
2.700000 2 303.2 290.5 32.7 25.6
2.733333 2 303.4 293.1 31.7 24.1
2.766667 2 302.7 293.8 33.3 25.6
2.800000 2 302.7 296.1 32.9 25.1
2.833333 2 303.1 297.2 32.1 24.4
2.866667 2 302.0 298.0 33.5 26.7
2.900000 2 301.3 299.1 34.5 27.8
2.933333 2 301.8 301.2 33.1 25.5
2.966667 2 301.0 302.6 33.8 26.4
3.000000 2 300.7 303.3 34.2 27.1
3.033333 2 300.4 305.3 34.1 26.9
3.066667 2 300.7 307.1 33.1 25.3
3.100000 2 299.6 308.4 33.8 26.6
3.133333 2 299.8 311.0 32.4 24.8
3.166667 2 298.8 310.9 33.9 27.1
3.200000 2 298.9 314.0 32.6 24.9
3.233333 2 299.2 315.1 32.0 24.3
3.266667 2 298.0 316.5 32.7 25.6
3.300000 2 298.1 318.0 32.0 24.4
3.333333 2 297.1 319.5 32.6 25.4
3.366667 2 296.8 320.7 32.4 25.0
3.400000 2 295.9 322.1 33.2 26.3
3.433333 2 295.7 324.6 32.6 25.3
3.466667 2 295.0 325.4 32.8 25.7
3.500000 2 293.3 326.7 34.6 27.7
3.533333 2 293.3 327.8 34.4 27.5
3.566667 2 292.2 329.9 34.7 27.7
3.600000 2 291.8 332.6 33.9 26.9
3.633333 2 291.5 333.4 34.0 27.1
3.666667 2 291.0 335.7 33.8 26.5
3.700000 2 290.7 336.7 33.6 26.6
3.733333 2 290.0 339.4 33.1 26.0
3.766667 2 289.1 341.5 33.6 26.3
3.800000 2 287.8 343.4 34.0 27.0
3.833333 2 287.4 344.0 34.5 27.8
3.866667 2 286.4 346.1 34.5 27.7
3.900000 2 286.5 347.5 33.9 26.8
3.933333 2 285.9 350.8 32.4 25.1
3.966667 2 285.0 351.0 33.3 26.7
4.000000 2 284.3 353.4 33.3 26.1
4.033333 2 282.6 354.7 34.3 27.6
4.066667 2 282.4 355.9 34.1 27.3
4.100000 2 281.4 358.2 33.8 26.7
4.133333 2 282.0 366.0 30.0 18.0
4.166667 2 280.0 368.0 32.0 16.0
4.200000 2 280.0 368.0 31.0 20.0
4.233333 2 277.0 371.0 34.0 17.0
4.266667 2 277.0 371.0 33.0 19.0
4.300000 2 276.0 374.0 34.0 16.0
4.333333 2 276.0 374.0 33.0 17.0
4.366667 2 278.0 375.0 31.0 16.0
4.400000 2 278.0 375.0 30.0 21.0
4.433333 2 276.0 378.0 32.0 19.0
4.466667 2 276.0 378.0 28.0 18.0
4.500000 2 274.0 377.0 30.0 19.0
4.533333 2 274.0 377.0 26.0 27.0
4.566667 2 269.0 387.0 31.0 17.0
4.600000 2 269.0 387.0 26.0 15.0
4.633333 2 268.0 386.0 27.0 16.0
4.666667 2 268.0 386.0 26.0 18.0
4.700000 2 264.0 385.0 30.0 19.0
4.733333 2 264.0 385.0 30.0 21.0
4.766667 2 265.0 387.0 29.0 19.0
4.800000 2 265.0 387.0 25.0 18.0
4.833333 2 261.0 390.0 29.0 15.0
4.866667 2 261.0 390.0 27.0 18.0
4.900000 2 257.0 392.0 31.0 16.0
4.933333 2 257.0 392.0 28.0 16.0
4.966667 2 254.0 396.0 31.0 12.0
5.000000 2 254.0 396.0 29.0 13.0
5.033333 2 252.0 395.0 31.0 14.0
5.066667 2 252.0 395.0 33.0 16.0
5.100000 2 251.0 394.0 34.0 17.0
5.133333 2 251.0 394.0 29.0 16.0
5.166667 2 248.0 396.0 32.0 14.0
5.200000 2 248.0 396.0 26.0 18.0
5.233333 2 246.0 398.0 28.0 16.0
5.266667 2 246.0 398.0 25.0 15.0
5.300000 2 245.0 399.0 26.0 14.0
5.333333 2 245.0 399.0 27.0 15.0
5.366667 2 243.0 397.0 29.0 17.0
5.400000 2 243.0 397.0 24.0 15.0
5.433333 2 243.0 397.0 24.0 15.0
5.466667 2 243.0 397.0 26.0 17.0
5.500000 2 239.0 396.0 30.0 18.0
5.533333 2 239.0 396.0 25.0 17.0
5.566667 2 241.0 399.0 23.0 14.0
5.600000 2 241.0 399.0 23.0 15.0
5.633333 2 239.0 399.0 25.0 15.0
5.666667 2 239.0 399.0 25.0 17.0
5.700000 2 240.0 398.0 24.0 18.0
5.733333 2 240.0 398.0 24.0 17.0
5.766667 2 238.0 399.0 26.0 16.0
5.800000 2 238.0 399.0 25.0 16.0
5.833333 2 240.0 399.0 23.0 16.0
5.866667 2 240.0 399.0 24.0 17.0
5.900000 2 237.0 396.0 27.0 20.0
5.933333 2 237.0 396.0 27.0 18.0
5.966667 2 237.0 395.0 27.0 19.0
6.000000 2 237.0 395.0 27.0 19.0
6.033333 2 237.0 395.0 27.0 19.0
6.066667 2 237.0 395.0 27.0 16.0
6.100000 2 237.0 394.0 27.0 17.0
6.133333 2 237.0 394.0 27.0 17.0
6.166667 2 239.0 395.0 25.0 16.0
6.200000 2 239.0 395.0 22.0 15.0
6.233333 2 234.0 390.0 27.0 20.0
6.266667 2 234.0 390.0 33.0 19.0
6.300000 2 235.0 393.0 32.0 16.0
6.333333 2 234.0 393.0 30.0 15.0
6.366667 2 235.0 387.0 29.0 21.0
6.400000 2 235.0 387.0 31.0 19.0
6.433333 2 238.0 391.0 28.0 15.0
6.466667 2 238.0 391.0 21.0 17.0
6.500000 2 238.0 390.0 21.0 18.0
6.533333 2 238.0 390.0 21.0 15.0
6.566667 2 236.0 386.0 23.0 19.0
6.600000 2 236.0 385.0 27.0 19.0
6.633333 2 232.0 383.0 31.0 21.0
6.666667 2 232.0 383.0 33.0 24.0
6.700000 2 234.0 382.0 31.0 25.0
6.733333 2 234.0 382.0 31.0 22.0
6.766667 2 234.0 381.0 31.0 23.0
6.800000 2 234.0 381.0 27.0 21.0
6.833333 2 236.0 383.0 25.0 19.0
6.866667 2 236.0 383.0 25.0 16.0
6.900000 2 234.0 380.0 27.0 19.0
6.933333 2 234.0 380.0 32.0 22.0
6.966667 2 235.0 378.0 31.0 24.0
7.000000 2 235.0 378.0 30.0 21.0
7.033333 2 239.0 380.0 26.0 19.0
7.066667 2 239.0 380.0 25.0 19.0
7.100000 2 236.0 375.0 28.0 24.0
7.133333 2 236.0 375.0 34.0 21.0
7.166667 2 237.0 374.0 33.0 22.0
7.200000 2 237.0 374.0 33.0 20.0
7.233333 2 234.0 371.0 36.0 23.0
7.266667 2 233.0 371.0 40.0 22.0
7.300000 2 237.0 366.0 36.0 27.0
7.333333 2 237.0 366.0 30.0 27.0
7.366667 2 240.0 369.0 27.0 24.0
7.400000 2 240.0 369.0 31.0 21.0
7.433333 2 237.0 365.0 36.0 25.0
7.466667 2 244.0 368.0 25.0 21.0
7.500000 2 238.0 366.0 31.0 23.0
7.533333 2 238.0 366.0 31.0 18.0
7.566667 2 237.0 363.0 32.0 21.0
7.600000 2 237.0 362.0 36.0 25.0
7.633333 2 238.0 358.0 35.0 29.0
7.666667 2 238.0 358.0 35.0 28.0
7.700000 2 243.0 359.0 30.0 27.0
7.733333 2 243.0 359.0 27.0 22.0
7.766667 2 244.0 357.0 26.0 24.0
7.800000 2 244.0 357.0 28.0 19.0
7.833333 2 243.0 354.0 30.0 22.0
7.866667 2 245.7 353.7 27.7 24.0
7.900000 2 244.2 351.5 27.0 25.5
7.933333 2 247.2 350.7 22.5 27.7
7.966667 2 243.4 351.5 28.5 21.7
8.000000 2 236.0 345.7 44.7 34.3
8.033333 2 234.9 344.2 47.3 36.3
8.066667 2 230.4 340.2 57.6 42.6
8.100000 2 234.4 341.3 49.6 38.1
8.133333 2 232.9 339.1 54.0 40.7
8.166667 2 231.0 337.4 58.0 42.8
8.200000 2 242.3 344.0 36.0 26.8
8.233333 2 232.6 336.9 56.9 40.6
8.266667 2 243.2 342.3 36.0 26.7
8.300000 2 232.9 334.2 58.2 42.2
8.333333 2 238.8 337.1 47.8 34.0
8.366667 2 241.9 336.9 42.9 31.7
8.400000 2 233.8 330.5 60.2 44.1
8.433333 2 244.6 336.7 40.8 28.4
8.466667 2 243.4 333.3 45.2 32.4
8.500000 2 247.2 335.5 38.4 26.7
8.533333 2 242.3 329.9 51.4 35.6
8.566667 2 251.3 334.9 33.9 23.7
8.600000 2 247.5 330.1 44.3 30.9
8.633333 2 247.2 327.6 47.4 33.2
8.666667 2 252.9 330.4 36.6 25.7
8.700000 2 250.0 326.2 45.9 32.1
8.733333 2 252.9 326.9 41.0 29.1
8.766667 2 252.2 323.9 45.4 32.0
8.800000 2 255.0 324.8 41.0 29.0
8.833333 2 257.0 323.2 39.8 28.7
8.866667 2 256.0 321.6 42.9 30.9
8.900000 2 257.6 320.1 42.6 30.4
8.933333 2 256.8 317.6 46.0 34.1
8.966667 2 256.3 315.4 48.9 35.6
9.000000 2 261.8 317.2 40.0 29.2
9.033333 2 263.5 316.8 37.3 28.0
9.066667 2 264.1 315.0 38.6 28.9
9.100000 2 266.0 314.8 35.8 27.5
9.133333 2 262.6 310.8 44.4 33.2
9.166667 2 267.8 313.2 34.6 26.5
9.200000 2 269.0 311.9 33.9 25.9
9.233333 2 266.1 308.9 40.6 30.5
9.266667 2 268.9 309.5 35.9 27.5
9.300000 2 268.8 308.9 36.8 27.2
9.333333 2 269.9 307.3 36.3 27.0
9.366667 2 268.0 305.0 40.6 29.9
9.400000 2 267.3 303.6 43.2 31.2
9.433333 2 270.2 304.0 37.7 28.2
9.466667 2 260.1 296.4 60.1 41.5
9.500000 2 270.1 301.1 40.1 28.8
9.533333 2 270.5 300.9 39.3 28.0
9.566667 2 268.7 298.5 43.3 30.6
9.600000 2 265.0 294.5 52.2 36.3
9.633333 2 270.3 297.4 41.7 28.8
9.666667 2 272.3 297.3 37.8 26.2
9.700000 2 263.4 289.6 57.2 39.6
9.733333 2 263.9 289.3 56.3 38.8
9.766667 2 273.4 293.9 37.7 26.1
9.800000 2 271.8 291.0 41.5 29.3
9.833333 2 267.8 287.4 50.4 35.3
9.866667 2 276.3 291.6 33.4 23.2
9.900000 2 276.5 291.0 33.5 23.2
9.933333 2 274.8 288.0 37.5 26.4
9.966667 2 275.1 287.6 37.3 26.1
10.000000 2 281.1 290.0 25.2 17.8
10.033333 2 281.6 288.8 24.7 17.2
10.066667 2 278.9 285.6 31.4 22.0
10.100000 2 280.7 285.3 27.6 19.6
10.133333 2 284.4 287.0 21.0 14.5
10.166667 2 283.6 284.5 23.1 16.1
10.200000 2 282.8 283.2 24.8 17.4
10.233333 2 285.2 283.0 21.1 15.0
10.266667 2 285.8 281.4 20.1 14.4
10.300000 2 282.0 277.0 29.0 20.0
10.333333 2 281.0 276.0 35.0 22.0
