0.000000 2 475.0 102.0 29.0 30.0
0.033333 2 474.9 101.8 28.9 30.0
0.066667 2 474.9 101.6 28.8 29.9
0.100000 2 474.8 101.5 28.8 29.9
0.133333 2 474.8 101.3 28.7 29.9
0.166667 2 474.7 101.1 28.6 29.9
0.200000 2 474.7 100.9 28.5 29.8
0.233333 2 474.6 100.7 28.5 29.8
0.266667 2 474.6 100.6 28.4 29.8
0.300000 2 474.5 100.4 28.3 29.8
0.333333 2 474.5 100.2 28.2 29.7
0.366667 2 474.4 100.0 28.2 29.7
0.400000 2 474.4 99.8 28.1 29.7
0.433333 2 474.3 99.7 28.0 29.7
0.466667 2 474.3 99.5 27.9 29.6
0.500000 2 474.2 99.3 27.8 29.6
0.533333 2 474.2 99.1 27.8 29.6
0.566667 2 474.1 98.9 27.7 29.6
0.600000 2 474.1 98.8 27.6 29.5
0.633333 2 474.0 98.6 27.5 29.5
0.666667 2 474.0 98.4 27.5 29.5
0.700000 2 473.9 98.2 27.4 29.5
0.733333 2 473.9 98.1 27.3 29.4
0.766667 2 473.8 97.9 27.2 29.4
0.800000 2 473.8 97.7 27.2 29.4
0.833333 2 473.7 97.5 27.1 29.4
0.866667 2 473.7 97.3 27.0 29.3
0.900000 2 473.6 97.2 26.9 29.3
0.933333 2 473.6 97.0 26.8 29.3
0.966667 2 473.5 96.8 26.8 29.3
1.000000 2 473.5 96.6 26.7 29.2
1.033333 2 473.4 96.4 26.6 29.2
1.066667 2 473.4 96.3 26.5 29.2
1.100000 2 473.3 96.1 26.5 29.2
1.133333 2 473.3 95.9 26.4 29.1
1.166667 2 473.2 95.7 26.3 29.1
1.200000 2 473.2 95.5 26.2 29.1
1.233333 2 473.1 95.4 26.2 29.1
1.266667 2 473.1 95.2 26.1 29.0
1.300000 2 473.0 95.0 26.0 29.0
1.333333 2 473.0 94.8 26.2 29.0
1.366667 2 472.9 94.5 26.5 29.1
1.400000 2 472.9 94.3 26.7 29.1
1.433333 2 472.9 94.1 26.9 29.1
1.466667 2 472.8 93.8 27.2 29.2
1.500000 2 472.8 93.6 27.4 29.2
1.533333 2 472.8 93.4 27.6 29.2
1.566667 2 472.7 93.1 27.9 29.3
1.600000 2 472.7 92.9 28.1 29.3
1.633333 2 472.7 92.7 28.3 29.3
1.666667 2 472.6 92.4 28.6 29.4
1.700000 2 472.6 92.2 28.8 29.4
1.733333 2 472.6 92.0 29.0 29.4
1.766667 2 472.5 91.7 29.3 29.5
1.800000 2 472.5 91.5 29.5 29.5
1.833333 2 472.5 91.3 29.7 29.5
1.866667 2 472.4 91.0 30.0 29.6
1.900000 2 472.4 90.8 30.2 29.6
1.933333 2 472.4 90.6 30.4 29.6
1.966667 2 472.3 90.3 30.7 29.7
2.000000 2 472.3 90.1 30.9 29.7
2.033333 2 472.3 89.9 31.1 29.7
2.066667 2 472.2 89.6 31.4 29.8
2.100000 2 472.2 89.4 31.6 29.8
2.133333 2 472.2 89.2 31.8 29.8
2.166667 2 472.1 88.9 32.1 29.9
2.200000 2 472.1 88.7 32.3 29.9
2.233333 2 472.1 88.5 32.5 29.9
2.266667 2 472.0 88.2 32.8 30.0
2.300000 2 472.0 88.0 33.0 30.0
2.333333 2 472.0 88.0 32.7 29.9
2.366667 2 472.1 87.9 32.4 29.8
2.400000 2 472.1 87.9 32.1 29.7
2.433333 2 472.2 87.8 31.9 29.6
2.466667 2 472.2 87.8 31.6 29.5
2.500000 2 472.3 87.7 31.3 29.4
2.533333 2 472.3 87.7 31.0 29.3
2.566667 2 472.4 87.6 30.7 29.2
2.600000 2 472.4 87.6 30.4 29.1
2.633333 2 472.5 87.5 30.1 29.0
2.666667 2 472.5 87.5 29.9 29.0
2.700000 2 472.6 87.4 29.6 28.9
2.733333 2 472.6 87.4 29.3 28.8
2.766667 2 472.7 87.3 29.0 28.7
2.800000 2 472.7 87.3 28.7 28.6
2.833333 2 472.8 87.2 28.4 28.5
2.866667 2 472.8 87.2 28.1 28.4
2.900000 2 472.9 87.1 27.9 28.3
2.933333 2 472.9 87.1 27.6 28.2
2.966667 2 473.0 87.0 27.3 28.1
3.000000 2 473.0 87.0 27.0 28.0
3.033333 2 472.7 86.8 27.7 28.2
3.066667 2 472.4 86.5 28.4 28.3
3.100000 2 472.1 86.3 29.1 28.5
3.133333 2 471.8 86.1 29.8 28.6
3.166667 2 471.5 85.8 30.5 28.8
3.200000 2 471.2 85.6 31.2 28.9
3.233333 2 470.8 85.4 31.8 29.1
3.266667 2 470.5 85.2 32.5 29.2
3.300000 2 470.2 84.9 33.2 29.4
3.333333 2 469.9 84.7 33.9 29.5
3.366667 2 469.6 84.5 34.6 29.7
3.400000 2 469.3 84.2 35.3 29.8
3.433333 2 469.0 84.0 36.0 30.0
3.466667 2 469.1 83.9 35.6 30.0
3.500000 2 469.2 83.8 35.3 30.0
3.533333 2 469.3 83.7 34.9 30.0
3.566667 2 469.4 83.6 34.6 30.0
3.600000 2 469.5 83.5 34.2 30.0
3.633333 2 469.6 83.4 33.9 30.0
3.666667 2 469.7 83.3 33.5 30.0
3.700000 2 469.8 83.2 33.2 30.0
3.733333 2 469.9 83.1 32.8 30.0
3.766667 2 470.0 83.0 32.5 30.0
3.800000 2 470.1 82.9 32.1 30.0
3.833333 2 470.2 82.8 31.8 30.0
3.866667 2 470.3 82.7 31.4 30.0
3.900000 2 470.4 82.6 31.1 30.0
3.933333 2 470.5 82.5 30.7 30.0
3.966667 2 470.6 82.4 30.4 30.0
4.000000 2 470.7 82.3 30.0 30.0
4.033333 2 470.8 82.2 29.7 30.0
4.066667 2 470.9 82.1 29.3 30.0
4.100000 2 471.0 82.0 29.0 30.0
4.133333 2 471.1 81.8 28.8 30.3
4.166667 2 471.2 81.7 28.7 30.5
4.200000 2 471.3 81.5 28.5 30.8
4.233333 2 471.3 81.3 28.3 31.0
4.266667 2 471.4 81.2 28.2 31.3
4.300000 2 471.5 81.0 28.0 31.5
4.333333 2 471.6 80.8 27.8 31.8
4.366667 2 471.7 80.7 27.7 32.0
4.400000 2 471.8 80.5 27.5 32.3
4.433333 2 471.8 80.3 27.3 32.5
4.466667 2 471.9 80.2 27.2 32.8
4.500000 2 472.0 80.0 27.0 33.0
4.533333 2 471.7 79.9 27.5 33.0
4.566667 2 471.4 79.8 28.0 33.0
4.600000 2 471.1 79.7 28.5 33.0
4.633333 2 470.8 79.6 29.0 33.0
4.666667 2 470.5 79.5 29.5 33.0
4.700000 2 470.2 79.4 30.0 33.0
4.733333 2 469.9 79.3 30.5 33.0
4.766667 2 469.6 79.2 31.0 33.0
4.800000 2 469.3 79.1 31.5 33.0
4.833333 2 469.0 79.0 32.0 33.0
4.866667 2 467.8 79.8 31.9 32.9
4.900000 2 466.6 80.6 31.7 32.7
4.933333 2 465.4 81.4 31.6 32.6
4.966667 2 464.1 82.1 31.4 32.4
5.000000 2 462.9 82.9 31.3 32.3
5.033333 2 461.7 83.7 31.1 32.1
5.066667 2 460.5 84.5 31.0 32.0
5.100000 2 459.3 85.3 30.9 31.9
5.133333 2 458.1 86.1 30.7 31.7
5.166667 2 456.9 86.9 30.6 31.6
5.200000 2 455.6 87.6 30.4 31.4
5.233333 2 454.4 88.4 30.3 31.3
5.266667 2 453.2 89.2 30.1 31.1
5.300000 2 452.0 90.0 30.0 31.0
5.333333 2 448.8 91.3 29.9 31.1
5.366667 2 445.6 92.6 29.9 31.2
5.400000 2 442.4 93.9 29.8 31.3
5.433333 2 439.2 95.3 29.8 31.4
5.466667 2 435.9 96.6 29.7 31.5
5.500000 2 432.7 97.9 29.7 31.6
5.533333 2 429.5 99.2 29.6 31.7
5.566667 2 426.3 100.5 29.6 31.8
5.600000 2 423.1 101.8 29.5 31.9
5.633333 2 419.9 103.2 29.5 32.1
5.666667 2 416.7 104.5 29.4 32.2
5.700000 2 413.5 105.8 29.4 32.3
5.733333 2 410.3 107.1 29.3 32.4
5.766667 2 407.1 108.4 29.3 32.5
5.800000 2 403.8 109.7 29.2 32.6
5.833333 2 400.6 111.1 29.2 32.7
5.866667 2 397.4 112.4 29.1 32.8
5.900000 2 394.2 113.7 29.1 32.9
5.933333 2 391.0 115.0 29.0 33.0
5.966667 2 387.5 116.8 28.6 32.8
6.000000 2 383.9 118.6 28.2 32.6
6.033333 2 380.4 120.4 27.8 32.4
6.066667 2 376.9 122.2 27.4 32.2
6.100000 2 373.3 124.0 27.0 32.0
6.133333 2 369.8 125.8 26.6 31.8
6.166667 2 366.3 127.6 26.2 31.6
6.200000 2 362.7 129.4 25.8 31.4
6.233333 2 359.2 131.2 25.4 31.2
6.266667 2 355.7 133.0 25.0 31.0
6.300000 2 352.1 134.8 24.6 30.8
6.333333 2 348.6 136.6 24.2 30.6
6.366667 2 345.1 138.4 23.8 30.4
6.400000 2 341.5 140.2 23.4 30.2
6.433333 2 338.0 142.0 23.0 30.0
6.466667 2 334.6 143.5 23.2 29.9
6.500000 2 331.3 145.0 23.4 29.9
6.533333 2 327.9 146.5 23.6 29.8
6.566667 2 324.5 148.0 23.7 29.8
6.600000 2 321.1 149.5 23.9 29.7
6.633333 2 317.8 151.0 24.1 29.6
6.666667 2 314.4 152.5 24.3 29.6
6.700000 2 311.0 154.0 24.5 29.5
6.733333 2 307.6 155.5 24.7 29.4
6.766667 2 304.3 157.0 24.9 29.4
6.800000 2 300.9 158.5 25.1 29.3
6.833333 2 297.5 160.0 25.2 29.3
6.866667 2 294.1 161.5 25.4 29.2
6.900000 2 290.8 163.0 25.6 29.1
6.933333 2 287.4 164.5 25.8 29.1
6.966667 2 284.0 166.0 26.0 29.0
7.000000 2 280.4 167.4 25.7 28.9
7.033333 2 276.8 168.8 25.4 28.8
7.066667 2 273.2 170.2 25.1 28.6
7.100000 2 269.6 171.6 24.8 28.5
7.133333 2 266.1 173.1 24.5 28.4
7.166667 2 262.5 174.5 24.2 28.3
7.200000 2 258.9 175.9 23.9 28.2
7.233333 2 255.3 177.3 23.6 28.1
7.266667 2 251.7 178.7 23.4 27.9
7.300000 2 248.1 180.1 23.1 27.8
7.333333 2 244.5 181.5 22.8 27.7
7.366667 2 240.9 182.9 22.5 27.6
7.400000 2 237.4 184.4 22.2 27.5
7.433333 2 233.8 185.8 21.9 27.4
7.466667 2 230.2 187.2 21.6 27.2
7.500000 2 226.6 188.6 21.3 27.1
7.533333 2 223.0 190.0 21.0 27.0
7.566667 2 219.5 191.6 21.0 27.0
7.600000 2 216.0 193.1 21.0 27.0
7.633333 2 212.5 194.7 21.0 27.0
7.666667 2 209.0 196.2 21.0 27.0
7.700000 2 205.5 197.8 21.0 27.0
7.733333 2 202.0 199.4 21.0 27.0
7.766667 2 198.5 200.9 21.0 27.0
7.800000 2 195.0 202.5 21.0 27.0
7.833333 2 191.5 204.1 21.0 27.0
7.866667 2 188.0 205.6 21.0 27.0
7.900000 2 184.5 207.2 21.0 27.0
7.933333 2 181.0 208.7 21.0 27.0
7.966667 2 177.5 210.3 21.0 27.0
8.000000 2 174.0 211.9 21.0 27.0
8.033333 2 170.5 213.4 21.0 27.0
8.066667 2 167.0 215.0 21.0 27.0
8.100000 2 164.3 216.6 21.2 26.8
8.133333 2 161.7 218.2 21.4 26.7
8.166667 2 159.0 219.8 21.7 26.5
8.200000 2 156.3 221.4 21.9 26.3
8.233333 2 153.7 223.1 22.1 26.2
8.266667 2 151.0 224.7 22.3 26.0
8.300000 2 148.3 226.3 22.6 25.8
8.333333 2 145.7 227.9 22.8 25.7
8.366667 2 143.0 229.5 23.0 25.5
8.400000 2 140.3 231.1 23.2 25.3
8.433333 2 137.7 232.7 23.4 25.2
8.466667 2 135.0 234.3 23.7 25.0
8.500000 2 132.3 235.9 23.9 24.8
8.533333 2 129.7 237.6 24.1 24.7
8.566667 2 127.0 239.2 24.3 24.5
8.600000 2 124.3 240.8 24.6 24.3
8.633333 2 121.7 242.4 24.8 24.2
8.666667 2 119.0 244.0 25.0 24.0
8.700000 2 117.4 245.4 24.9 23.9
8.733333 2 115.9 246.8 24.7 23.7
8.766667 2 114.3 248.2 24.6 23.6
8.800000 2 112.7 249.6 24.5 23.5
8.833333 2 111.2 251.0 24.3 23.3
8.866667 2 109.6 252.3 24.2 23.2
8.900000 2 108.0 253.7 24.1 23.1
8.933333 2 106.5 255.1 24.0 23.0
8.966667 2 104.9 256.5 23.8 22.8
9.000000 2 103.3 257.9 23.7 22.7
9.033333 2 101.8 259.3 23.6 22.6
9.066667 2 100.2 260.7 23.4 22.4
9.100000 2 98.7 262.1 23.3 22.3
9.133333 2 97.1 263.5 23.2 22.2
9.166667 2 95.5 264.9 23.0 22.0
9.200000 2 94.0 266.3 22.9 21.9
9.233333 2 92.4 267.7 22.8 21.8
9.266667 2 90.8 269.0 22.7 21.7
9.300000 2 89.3 270.4 22.5 21.5
9.333333 2 87.7 271.8 22.4 21.4
9.366667 2 86.1 273.2 22.3 21.3
9.400000 2 84.6 274.6 22.1 21.1
9.433333 2 83.0 276.0 22.0 21.0
9.466667 2 81.8 277.3 22.0 21.0
9.500000 2 80.6 278.6 22.0 21.0
9.533333 2 79.4 279.9 22.0 21.0
9.566667 2 78.3 281.2 22.0 21.0
9.600000 2 77.1 282.6 22.0 21.0
9.633333 2 75.9 283.9 22.0 21.0
9.666667 2 74.7 285.2 22.0 21.0
9.700000 2 73.5 286.5 22.0 21.0
9.733333 2 72.3 287.8 22.0 21.0
9.766667 2 71.1 289.1 22.0 21.0
9.800000 2 69.9 290.4 22.0 21.0
9.833333 2 68.8 291.7 22.0 21.0
9.866667 2 67.6 293.1 22.0 21.0
9.900000 2 66.4 294.4 22.0 21.0
9.933333 2 65.2 295.7 22.0 21.0
9.966667 2 64.0 297.0 22.0 21.0
