0.033333 2 214.0 312.0 40.0 24.0
0.066667 2 213.7 308.5 40.0 24.1
0.100000 2 213.5 305.1 40.0 24.1
0.133333 2 213.4 302.0 39.7 23.9
0.166667 2 213.2 298.6 39.8 23.9
0.200000 2 212.8 295.2 40.0 24.1
0.233333 2 212.6 292.3 39.9 24.0
0.266667 2 212.4 289.3 39.8 24.0
0.300000 2 212.2 286.5 39.8 24.0
0.333333 2 211.9 283.8 39.8 23.9
0.366667 2 211.7 281.2 39.7 23.8
0.400000 2 211.6 278.9 39.5 23.7
0.433333 2 211.4 276.4 39.5 23.7
0.466667 2 211.0 274.1 39.7 23.9
0.500000 2 210.9 272.0 39.6 23.8
0.533333 2 210.8 270.1 39.5 23.8
0.566667 2 210.7 268.2 39.4 23.7
0.600000 2 210.7 266.5 39.3 23.7
0.633333 2 210.6 264.8 39.2 23.7
0.666667 2 210.7 263.2 39.3 23.7
0.700000 2 210.8 261.7 39.2 23.7
0.733333 2 211.0 260.2 39.2 23.7
0.766667 2 211.3 258.8 39.3 23.8
0.800000 2 211.7 257.5 39.2 23.7
0.833333 2 212.1 256.2 39.3 23.7
0.866667 2 212.7 255.1 39.2 23.7
0.900000 2 213.3 254.0 39.3 23.8
0.933333 2 214.0 253.1 39.1 23.6
0.966667 2 214.7 252.1 39.2 23.7
1.000000 2 215.6 251.2 39.2 23.7
1.033333 2 216.5 250.3 39.2 23.7
1.066667 2 217.5 249.4 39.2 23.6
1.100000 2 218.6 248.7 39.1 23.5
1.133333 2 219.7 248.0 39.0 23.5
1.166667 2 220.9 247.2 39.0 23.5
1.200000 2 222.2 246.5 39.1 23.5
1.233333 2 223.6 245.9 39.0 23.5
1.266667 2 225.1 245.3 38.9 23.4
1.300000 2 226.6 244.7 38.9 23.5
1.333333 2 228.3 244.2 38.8 23.4
1.366667 2 230.1 243.7 38.8 23.4
1.400000 2 232.0 243.2 38.8 23.4
1.433333 2 234.0 242.8 38.8 23.4
1.466667 2 236.0 242.4 38.8 23.5
1.500000 2 238.3 242.2 38.6 23.3
1.533333 2 240.6 241.9 38.6 23.3
1.566667 2 242.9 241.7 38.8 23.4
1.600000 2 245.4 241.6 38.6 23.3
1.633333 2 247.8 241.4 38.8 23.4
1.666667 2 250.6 241.4 38.6 23.2
1.700000 2 253.3 241.4 38.6 23.2
1.733333 2 256.0 241.4 38.7 23.3
1.766667 2 258.8 241.4 38.8 23.4
1.800000 2 261.7 241.6 38.8 23.3
1.833333 2 264.8 241.8 38.7 23.3
1.866667 2 267.8 241.9 38.6 23.2
1.900000 2 270.8 242.1 38.7 23.2
1.933333 2 274.0 242.2 38.7 23.2
1.966667 2 277.0 242.2 38.7 23.3
2.000000 2 280.2 242.3 38.8 23.4
2.033333 2 283.3 242.3 38.8 23.4
2.066667 2 286.2 242.3 38.7 23.4
2.100000 2 289.1 242.3 38.8 23.5
2.133333 2 291.8 242.3 38.9 23.5
2.166667 2 294.5 242.2 39.0 23.6
2.200000 2 297.1 242.3 38.9 23.6
2.233333 2 299.6 242.3 39.1 23.7
2.266667 2 302.0 242.4 39.0 23.7
2.300000 2 304.2 242.4 39.2 24.0
2.333333 2 306.2 242.6 39.2 23.9
2.366667 2 308.1 242.9 39.0 23.8
2.400000 2 309.6 243.1 39.2 23.8
2.433333 2 311.0 243.4 39.2 24.1
2.466667 2 312.3 243.9 39.1 23.9
2.500000 2 313.2 244.3 39.2 24.0
2.533333 2 314.1 244.8 39.0 23.8
2.566667 2 314.8 245.3 39.1 23.8
2.600000 2 315.4 246.0 38.9 23.7
2.633333 2 315.5 246.4 39.2 23.9
2.666667 2 315.7 247.2 39.0 23.6
2.700000 2 315.6 247.7 39.0 23.7
2.733333 2 315.6 248.3 39.0 23.7
2.766667 2 315.5 249.0 38.9 23.6
2.800000 2 315.4 249.5 39.0 23.8
2.833333 2 315.4 250.1 38.8 23.6
2.866667 2 315.3 250.5 38.9 23.8
2.900000 2 315.2 251.3 38.7 23.5
2.933333 2 315.0 251.8 38.9 23.6
2.966667 2 314.9 252.4 39.0 23.6
3.000000 2 314.8 253.0 38.9 23.6
3.033333 2 314.6 253.6 39.1 23.8
3.066667 2 314.6 254.3 39.0 23.6
3.100000 2 314.6 255.0 38.9 23.6
3.133333 2 314.4 255.6 39.0 23.8
3.166667 2 314.3 256.4 38.9 23.7
3.200000 2 314.3 257.1 38.8 23.6
3.233333 2 314.2 258.0 38.8 23.6
3.266667 2 314.0 258.6 39.1 23.8
3.300000 2 313.9 259.5 39.1 23.8
3.333333 2 313.8 260.4 39.0 23.7
3.366667 2 313.8 261.3 39.0 23.6
3.400000 2 313.7 262.2 39.0 23.6
3.433333 2 313.7 263.1 38.9 23.6
3.466667 2 313.7 264.0 39.0 23.6
3.500000 2 313.6 264.8 39.0 23.7
3.533333 2 313.6 265.8 39.0 23.7
3.566667 2 313.6 266.8 39.0 23.7
3.600000 2 313.5 267.8 39.0 23.7
3.633333 2 313.4 268.9 38.9 23.6
3.666667 2 313.4 269.9 38.9 23.6
3.700000 2 313.4 270.8 38.9 23.6
3.733333 2 313.3 271.8 38.9 23.6
3.766667 2 313.2 272.9 38.8 23.6
3.800000 2 313.0 273.9 38.9 23.6
3.833333 2 313.1 274.9 38.4 23.5
3.866667 2 313.0 275.8 38.3 23.5
3.900000 2 313.0 276.6 38.2 23.5
3.933333 2 312.8 277.5 38.1 23.4
3.966667 2 312.6 278.3 38.2 23.3
4.000000 2 312.3 278.9 38.3 23.5
4.033333 2 312.1 279.5 38.2 23.4
4.066667 2 311.9 280.1 38.2 23.4
4.100000 2 311.4 280.6 38.3 23.5
4.133333 2 311.2 281.2 38.2 23.3
4.166667 2 310.9 281.6 38.3 23.5
4.200000 2 310.8 282.2 38.2 23.3
4.233333 2 310.6 282.6 38.3 23.4
4.266667 2 310.2 283.0 38.3 23.4
4.300000 2 310.0 283.3 38.3 23.4
4.333333 2 309.5 283.6 38.4 23.5
4.366667 2 309.1 284.0 38.4 23.5
4.400000 2 308.6 284.3 38.2 23.3
4.433333 2 308.0 284.5 38.3 23.4
4.466667 2 307.5 284.7 38.2 23.4
4.500000 2 307.0 285.1 37.9 23.2
4.533333 2 306.4 285.4 37.8 23.1
4.566667 2 305.9 285.5 37.8 23.1
4.600000 2 305.3 285.6 37.7 23.1
4.633333 2 304.5 285.6 37.7 23.1
4.666667 2 304.0 285.7 37.7 23.1
4.700000 2 303.3 285.5 37.7 23.1
4.733333 2 302.5 285.4 37.7 23.1
4.766667 2 301.6 285.3 37.7 23.1
4.800000 2 300.7 285.1 37.8 23.2
4.833333 2 299.7 284.7 38.0 23.3
4.866667 2 298.9 284.5 38.0 23.2
4.900000 2 298.0 284.2 38.1 23.3
4.933333 2 297.1 283.8 38.4 23.5
4.966667 2 296.1 283.5 38.4 23.4
5.000000 2 295.2 283.3 38.3 23.4
5.033333 2 294.2 282.9 38.5 23.5
5.066667 2 293.2 282.5 38.6 23.7
5.100000 2 292.3 282.3 38.6 23.6
5.133333 2 291.3 282.1 38.6 23.6
5.166667 2 290.1 281.6 38.8 23.9
5.200000 2 289.2 281.4 38.6 23.7
5.233333 2 288.3 281.0 38.6 23.6
5.266667 2 287.4 280.6 38.8 23.7
5.300000 2 286.4 280.3 38.6 23.5
5.333333 2 285.6 279.9 38.8 23.6
5.366667 2 284.6 279.6 38.8 23.6
5.400000 2 283.7 279.3 38.8 23.5
5.433333 2 282.8 278.8 38.9 23.6
5.466667 2 281.8 278.5 38.9 23.6
5.500000 2 280.9 278.2 38.9 23.6
5.533333 2 280.3 278.2 38.1 23.4
5.566667 2 279.3 277.8 38.2 23.5
5.600000 2 278.5 277.8 38.0 23.4
5.633333 2 277.6 277.5 38.0 23.3
5.666667 2 276.6 277.6 37.9 23.4
5.700000 2 275.6 277.6 37.9 23.2
5.733333 2 274.6 277.5 37.6 23.1
5.766667 2 273.7 277.5 37.4 22.8
5.800000 2 272.8 277.6 37.3 22.8
5.833333 2 271.8 277.5 37.3 22.8
5.866667 2 270.8 277.5 37.4 22.8
5.900000 2 269.9 277.5 37.4 22.9
5.933333 2 268.9 277.5 37.4 22.9
5.966667 2 268.0 277.3 37.4 22.9
6.000000 2 267.1 277.1 37.5 23.0
6.033333 2 266.2 277.1 37.7 23.1
6.066667 2 265.2 277.0 37.7 23.3
6.100000 2 264.2 277.0 37.8 23.5
6.133333 2 263.2 276.9 38.0 23.6
6.166667 2 262.3 277.0 37.9 23.6
6.200000 2 261.4 277.3 37.9 23.6
6.233333 2 260.4 277.5 37.9 23.6
6.266667 2 259.6 277.8 37.8 23.6
6.300000 2 258.6 278.3 37.7 23.4
6.333333 2 257.6 278.7 37.8 23.5
6.366667 2 256.7 279.3 37.6 23.3
6.400000 2 255.7 279.8 37.7 23.4
6.433333 2 254.6 280.3 37.7 23.4
6.466667 2 253.5 280.7 37.9 23.5
6.500000 2 252.5 281.5 37.8 23.5
6.533333 2 251.3 282.0 38.0 23.6
6.566667 2 249.9 282.8 38.3 23.9
6.600000 2 248.7 283.4 38.4 24.0
6.633333 2 247.4 284.1 38.6 24.1
6.666667 2 246.2 285.1 38.7 24.3
6.700000 2 244.8 286.0 38.7 24.3
6.733333 2 243.4 286.9 39.1 24.6
6.766667 2 241.7 288.0 39.3 24.9
6.800000 2 240.2 289.1 39.4 25.1
6.833333 2 238.6 290.2 39.5 25.1
6.866667 2 237.0 291.6 39.5 25.0
6.900000 2 235.0 292.8 39.7 25.2
6.933333 2 233.1 294.1 39.9 25.5
6.966667 2 231.2 295.6 39.8 25.3
7.000000 2 229.1 297.0 39.9 25.5
7.033333 2 227.0 298.6 39.8 25.3
7.066667 2 224.6 300.1 40.1 25.5
7.100000 2 222.2 301.8 40.0 25.5
7.133333 2 219.9 303.8 39.6 24.9
7.166667 2 217.4 305.4 39.5 24.8
7.200000 2 215.4 307.2 38.7 23.9
7.233333 2 213.0 309.0 38.1 23.5
7.266667 2 210.7 310.8 37.5 22.9
7.300000 2 208.4 312.5 37.0 22.5
7.333333 2 205.9 314.1 36.8 22.3
7.366667 2 203.5 315.8 36.6 22.1
7.400000 2 201.3 317.6 36.2 21.8
7.433333 2 199.1 319.3 36.2 21.7
7.466667 2 196.7 321.1 36.4 21.9
7.500000 2 194.6 323.1 36.3 21.8
7.533333 2 192.7 325.3 36.3 21.8
7.566667 2 190.4 326.2 36.9 23.3
7.600000 2 189.2 326.1 36.8 25.0
7.633333 2 186.4 332.3 36.0 25.0
7.666667 2 185.0 333.6 38.0 26.0
7.700000 2 182.5 334.2 39.0 27.0
7.733333 2 177.0 345.0 39.0 18.0
7.766667 2 177.0 343.0 39.0 20.0
7.800000 2 177.0 343.0 36.0 25.0
7.833333 2 175.0 351.0 38.0 17.0
7.866667 2 175.0 351.0 35.0 24.0
7.900000 2 170.0 357.0 40.0 18.0
7.933333 2 170.0 357.0 33.0 21.0
7.966667 2 170.0 360.0 32.0 17.0
8.000000 2 170.0 360.0 29.0 24.0
8.033333 2 165.0 369.0 34.0 15.0
8.066667 2 165.0 369.0 30.0 22.0
8.100000 2 161.0 372.0 34.0 19.0
8.133333 2 161.0 372.0 31.0 22.0
8.166667 2 158.0 378.0 34.0 16.0
8.200000 2 158.0 378.0 31.0 21.0
8.233333 2 157.0 387.0 29.0 12.0
8.266667 2 157.0 387.0 32.0 18.0
8.300000 2 154.0 389.0 35.0 16.0
8.333333 2 154.0 389.0 28.0 21.0
8.366667 2 150.0 394.0 32.0 16.0
8.400000 2 150.0 394.0 30.0 20.0
8.433333 2 148.0 398.0 33.0 16.0
8.466667 2 148.0 398.0 27.0 16.0
8.500000 2 143.0 400.0 32.0 14.0
8.533333 2 143.0 400.0 31.0 18.0
8.566667 2 139.0 399.0 35.0 19.0
8.600000 2 139.0 399.0 30.0 20.0
8.633333 2 138.0 400.0 31.0 20.0
8.666667 2 138.0 399.0 26.0 17.0
8.700000 2 136.0 399.0 28.0 17.0
8.733333 2 136.0 399.0 29.0 20.0
8.766667 2 134.0 398.0 31.0 21.0
8.800000 2 133.0 397.0 29.0 18.0
8.833333 2 135.0 396.0 27.0 19.0
8.866667 2 135.0 396.0 28.0 16.0
8.900000 2 132.0 392.0 31.0 20.0
8.933333 2 132.0 392.0 27.0 14.0
8.966667 2 129.0 388.0 30.0 18.0
9.000000 2 129.0 388.0 30.0 14.0
9.033333 2 124.0 381.0 35.0 21.0
9.066667 2 124.0 381.0 32.0 17.0
9.100000 2 120.0 377.0 36.0 21.0
9.133333 2 120.0 377.0 31.0 15.0
9.166667 2 119.0 370.0 32.0 22.0
9.200000 2 120.0 370.0 28.0 14.0
9.233333 2 115.0 363.0 33.0 21.0
9.266667 2 115.0 363.0 32.0 15.0
9.300000 2 114.0 354.0 33.0 24.0
9.333333 2 114.0 354.0 30.0 18.0
9.366667 2 107.0 345.0 37.0 27.0
9.400000 2 107.0 345.0 34.0 18.0
9.433333 2 110.0 339.0 31.0 24.0
9.466667 2 110.0 332.7 29.0 22.3
9.500000 2 102.0 327.0 36.0 22.0
9.533333 2 103.0 324.0 29.0 25.0
9.566667 2 96.0 319.0 35.0 23.0
9.600000 2 93.0 314.0 34.0 25.0
9.633333 2 92.0 310.0 32.0 23.0
9.666667 2 87.0 303.0 36.0 28.0
9.700000 2 87.0 303.0 32.0 21.0
9.733333 2 80.0 295.0 39.0 29.0
9.766667 2 80.0 295.0 31.0 17.0
9.800000 2 74.0 285.0 37.0 27.0
9.833333 2 74.0 285.0 32.0 17.0
9.866667 2 68.0 276.0 38.0 26.0
9.900000 2 68.0 276.0 30.0 13.0
9.933333 2 59.0 264.0 39.0 25.0
9.966667 2 59.0 264.0 34.0 17.0
10.000000 2 53.0 252.0 40.0 29.0
10.033333 2 53.0 252.0 35.0 21.0
10.066667 2 46.0 239.0 43.0 32.0
10.100000 2 46.0 239.0 38.0 23.0
10.133333 2 40.0 223.0 37.0 33.0
10.166667 2 38.0 221.0 37.0 29.0
10.200000 2 36.0 211.0 39.0 39.0
10.233333 2 35.0 211.0 38.0 23.0
10.266667 2 34.0 196.0 39.0 38.0
10.300000 2 34.0 196.0 39.0 26.0
10.333333 2 35.0 184.0 38.0 38.0
10.366667 2 35.0 184.0 38.0 26.0
10.400000 2 35.0 172.0 38.0 38.0
10.433333 2 35.0 172.0 40.0 27.0
10.466667 2 36.0 155.0 39.0 44.0
10.500000 2 36.0 155.0 42.0 26.0
10.533333 2 37.0 142.0 41.0 39.0
10.566667 2 37.0 142.0 43.0 26.0
10.600000 2 40.0 127.0 40.0 41.0
10.633333 2 40.0 127.0 43.0 22.0
10.666667 2 40.0 114.0 44.0 35.0
10.700000 2 40.0 108.6 48.0 23.4
10.733333 2 43.0 99.0 46.0 27.0
10.766667 2 47.8 88.3 41.2 37.7
