0.000000 2 289.7 302.2 44.3 29.3
0.033333 2 288.9 300.1 45.0 30.0
0.066667 2 288.8 296.9 44.2 29.1
0.100000 2 288.6 295.0 44.3 29.3
0.133333 2 288.2 291.1 44.0 28.7
0.166667 2 287.9 289.0 44.1 28.9
0.200000 2 287.1 283.9 45.1 30.1
0.233333 2 287.6 282.1 44.1 29.1
0.266667 2 287.2 277.2 44.0 28.7
0.300000 2 286.5 274.0 45.4 30.2
0.333333 2 286.8 269.1 44.8 29.5
0.366667 2 286.5 266.1 45.4 30.1
0.400000 2 287.1 260.9 44.3 29.0
0.433333 2 287.4 255.1 44.2 29.1
0.466667 2 287.5 252.0 44.1 29.1
0.500000 2 287.6 245.7 44.6 29.3
0.533333 2 287.5 242.3 45.6 29.8
0.566667 2 288.1 236.0 45.1 29.7
0.600000 2 288.3 232.6 45.3 30.0
0.633333 2 288.9 226.0 45.5 30.0
0.666667 2 289.3 218.9 45.7 30.1
0.700000 2 289.7 212.3 45.6 30.2
0.733333 2 289.7 209.0 46.1 30.3
0.766667 2 290.2 202.2 45.9 30.5
0.800000 2 290.5 196.0 46.1 30.2
0.833333 2 290.9 192.5 45.8 30.4
0.866667 2 291.3 186.2 45.9 30.5
0.900000 2 291.6 183.3 45.7 30.3
0.933333 2 291.6 177.0 46.3 30.6
0.966667 2 291.7 170.9 46.5 30.7
1.000000 2 292.0 168.1 46.2 30.7
1.033333 2 292.5 162.4 45.8 30.5
1.066667 2 292.8 156.7 46.3 30.5
1.100000 2 292.8 154.0 46.3 30.7
1.133333 2 292.9 148.7 46.5 30.6
1.166667 2 293.1 146.2 46.1 30.7
1.200000 2 293.5 141.2 46.1 30.7
1.233333 2 293.8 136.4 46.2 30.7
1.266667 2 293.9 132.0 46.4 30.7
1.300000 2 294.0 130.0 46.3 30.6
1.333333 2 294.2 125.9 46.3 30.4
1.366667 2 294.5 123.9 46.3 30.5
1.400000 2 294.9 120.3 46.0 30.6
1.433333 2 294.9 118.4 46.0 30.6
1.466667 2 295.0 115.4 46.0 30.6
1.500000 2 295.0 112.3 46.0 30.6
1.533333 2 295.1 110.8 46.2 30.4
1.566667 2 295.4 108.2 45.9 30.5
1.600000 2 295.5 105.9 46.0 30.2
1.633333 2 295.6 103.5 45.8 30.5
1.666667 2 295.7 101.6 46.0 30.5
1.700000 2 295.4 100.9 46.3 30.4
1.733333 2 295.7 99.3 46.0 30.6
1.766667 2 295.6 98.0 46.3 30.3
1.800000 2 295.7 97.2 46.1 30.6
1.833333 2 295.7 96.1 46.3 30.6
1.866667 2 295.8 95.4 46.1 30.6
1.900000 2 295.7 95.1 46.2 30.5
1.933333 2 295.7 94.8 46.2 30.3
1.966667 2 295.7 94.9 46.0 30.1
2.000000 2 295.9 94.8 45.5 30.0
2.033333 2 295.8 94.5 45.5 30.2
2.066667 2 295.8 94.5 45.5 30.1
2.100000 2 295.5 95.0 45.7 30.0
2.133333 2 295.2 95.1 46.1 30.2
2.166667 2 295.4 95.4 45.8 30.4
2.200000 2 295.1 96.0 46.1 30.1
2.233333 2 295.1 96.2 46.1 30.4
2.266667 2 294.8 97.1 46.2 30.4
2.300000 2 294.9 97.4 45.9 30.5
2.333333 2 294.7 98.5 45.6 30.3
2.366667 2 294.5 99.1 45.9 30.0
2.400000 2 294.2 100.1 46.2 30.2
2.433333 2 294.2 100.7 45.8 30.3
2.466667 2 293.9 102.0 45.6 29.9
2.500000 2 294.0 102.4 45.4 30.1
2.533333 2 293.3 103.9 45.6 30.0
2.566667 2 293.0 105.3 45.7 30.1
2.600000 2 293.0 106.2 45.4 29.7
2.633333 2 292.4 107.4 45.4 30.2
2.666667 2 292.2 108.8 45.4 30.1
2.700000 2 292.1 109.7 45.0 29.8
2.733333 2 291.2 111.3 45.4 30.1
2.766667 2 291.1 112.2 45.5 29.9
2.800000 2 290.4 113.7 45.3 30.0
2.833333 2 290.4 114.6 45.3 30.1
2.866667 2 289.9 116.3 45.4 29.8
2.900000 2 289.3 118.0 45.5 29.9
2.933333 2 289.1 119.5 45.0 29.9
2.966667 2 288.1 121.4 45.2 30.0
3.000000 2 288.1 123.3 45.4 29.9
3.033333 2 287.1 125.2 45.5 30.1
3.066667 2 286.8 127.3 45.1 29.6
3.100000 2 286.7 128.1 45.1 29.7
3.133333 2 286.0 129.8 44.9 29.8
3.166667 2 285.4 131.6 45.3 30.2
3.200000 2 284.6 133.9 45.0 29.9
3.233333 2 284.4 134.5 44.9 30.0
3.266667 2 283.9 136.7 44.7 29.8
3.300000 2 283.9 137.7 44.6 29.7
3.333333 2 283.2 139.9 44.2 29.3
3.366667 2 282.6 142.1 43.9 28.9
3.400000 2 282.1 142.8 44.3 29.3
3.433333 2 281.4 144.7 44.4 29.2
3.466667 2 280.8 146.5 44.8 29.4
3.500000 2 280.6 146.9 44.9 29.8
3.533333 2 280.5 149.4 44.0 28.9
3.566667 2 279.5 150.6 44.8 29.8
3.600000 2 279.5 151.7 44.5 29.4
3.633333 2 279.0 153.7 44.6 29.2
3.666667 2 279.0 154.5 44.5 29.0
3.700000 2 278.6 155.9 44.4 29.3
3.733333 2 278.5 156.7 44.6 29.3
3.766667 2 277.7 158.4 44.8 29.2
3.800000 2 277.7 158.8 44.5 29.5
3.833333 2 277.7 161.2 43.7 28.8
3.866667 2 277.0 162.7 44.4 29.0
3.900000 2 276.8 163.1 44.5 29.4
3.933333 2 276.7 165.1 43.9 29.0
3.966667 2 276.1 165.8 44.2 29.2
4.000000 2 275.8 167.4 44.5 29.2
4.033333 2 275.8 169.2 43.5 28.5
4.066667 2 275.7 170.1 43.6 28.4
4.100000 2 275.0 171.1 44.3 29.2
4.133333 2 274.8 171.8 44.5 29.4
4.166667 2 274.7 173.9 44.1 28.7
4.200000 2 274.8 174.3 43.9 28.8
4.233333 2 274.5 175.8 43.7 28.5
4.266667 2 273.8 177.0 44.2 29.2
4.300000 2 273.8 178.4 44.0 28.8
4.333333 2 273.9 179.5 43.4 28.3
4.366667 2 273.7 180.7 43.4 28.2
4.400000 2 273.3 181.0 43.9 28.8
4.433333 2 272.7 182.0 44.6 29.4
4.466667 2 272.6 183.6 43.9 28.7
4.500000 2 272.7 184.6 43.5 28.4
4.533333 2 272.1 185.2 44.3 29.1
4.566667 2 271.9 185.7 44.5 29.1
4.600000 2 271.5 186.6 44.7 29.2
4.633333 2 271.5 187.7 44.6 29.1
4.666667 2 271.6 188.3 44.2 29.0
4.700000 2 271.2 189.2 44.2 29.0
4.733333 2 270.9 189.7 44.5 29.0
4.766667 2 270.6 190.6 44.7 29.3
4.800000 2 270.7 190.8 44.5 29.4
4.833333 2 270.6 191.8 44.6 29.4
4.866667 2 270.5 192.7 44.3 28.9
4.900000 2 270.6 193.6 44.0 28.7
4.933333 2 270.6 194.3 43.5 28.4
4.966667 2 269.9 194.7 44.6 29.1
5.000000 2 269.8 194.8 44.5 29.4
5.033333 2 269.6 195.7 44.7 29.4
5.066667 2 269.5 196.5 44.3 28.9
5.100000 2 269.4 197.5 44.2 28.9
5.133333 2 269.1 198.6 44.3 28.9
5.166667 2 268.7 198.9 44.4 29.4
5.200000 2 268.7 200.3 43.5 28.5
5.233333 2 269.0 201.4 42.5 28.3
5.266667 2 268.3 201.9 43.2 28.9
5.300000 2 268.1 202.3 43.4 29.2
5.333333 2 268.2 203.5 42.4 28.6
5.366667 2 267.4 203.8 43.3 28.7
5.400000 2 267.1 204.3 43.1 29.4
5.433333 2 265.9 205.4 44.3 29.5
5.466667 2 264.9 205.1 45.2 30.9
5.500000 2 266.3 207.9 41.8 27.2
5.533333 2 265.4 208.7 42.3 27.7
5.566667 2 265.1 209.0 42.7 27.8
5.600000 2 264.6 209.9 42.7 28.2
5.633333 2 265.5 211.1 40.5 27.1
5.666667 2 265.1 212.2 40.4 26.7
5.700000 2 264.1 211.9 41.8 28.4
5.733333 2 263.5 213.1 41.8 28.0
5.766667 2 262.9 214.6 41.1 27.4
5.800000 2 262.7 215.7 40.9 27.3
5.833333 2 262.2 215.9 41.4 28.0
5.866667 2 261.5 217.1 41.6 27.9
5.900000 2 260.9 217.9 41.8 28.5
5.933333 2 261.1 219.0 40.7 27.0
5.966667 2 260.5 219.9 40.7 27.4
6.000000 2 260.1 221.0 40.8 27.0
6.033333 2 259.5 221.1 41.6 27.8
6.066667 2 259.1 221.9 41.5 28.1
6.100000 2 258.9 223.1 41.2 27.4
6.133333 2 258.5 223.4 41.4 27.7
6.166667 2 258.0 224.0 41.8 28.4
6.200000 2 258.4 225.0 40.7 27.2
6.233333 2 258.1 225.6 41.2 27.5
6.266667 2 257.6 226.1 41.7 27.7
6.300000 2 258.0 227.2 40.9 27.0
6.333333 2 258.0 228.1 40.7 26.8
6.366667 2 257.8 228.3 41.1 27.2
6.400000 2 257.8 229.3 41.1 27.2
6.433333 2 257.8 229.6 41.3 27.3
6.466667 2 257.7 230.2 41.5 27.5
6.500000 2 257.8 230.3 41.6 27.8
6.533333 2 258.1 231.1 41.5 27.9
6.566667 2 259.0 232.2 39.9 26.4
6.600000 2 259.0 233.1 40.1 26.4
6.633333 2 259.3 233.4 39.9 26.0
6.666667 2 259.1 234.1 40.2 26.1
6.700000 2 259.4 234.9 39.6 25.8
6.733333 2 259.7 235.8 39.3 25.6
6.766667 2 260.0 236.5 39.2 25.7
6.800000 2 260.0 236.9 39.2 25.7
6.833333 2 260.0 237.6 39.1 25.7
6.866667 2 260.0 237.8 39.1 25.7
6.900000 2 260.1 238.9 39.0 25.6
6.933333 2 259.8 239.7 39.1 25.4
6.966667 2 259.7 240.9 39.1 25.5
7.000000 2 259.6 241.6 39.3 25.6
7.033333 2 259.4 242.7 39.1 25.5
7.066667 2 258.6 243.8 40.0 26.6
7.100000 2 258.4 244.9 39.9 26.2
7.133333 2 257.9 247.0 40.0 26.3
7.166667 2 257.7 249.6 39.2 25.5
7.200000 2 257.4 250.6 39.4 25.8
7.233333 2 257.2 251.8 39.1 25.5
7.266667 2 256.2 254.6 39.3 25.6
7.300000 2 255.6 255.8 39.4 25.7
7.333333 2 254.7 258.8 39.4 25.7
7.366667 2 253.5 261.6 39.5 25.9
7.400000 2 252.9 263.2 39.8 26.0
7.433333 2 251.9 266.3 39.6 25.9
7.466667 2 251.0 268.0 40.0 26.0
7.500000 2 251.0 268.0 37.0 31.0
7.533333 2 251.0 271.0 37.0 28.0
7.566667 2 250.0 279.0 33.0 19.0
7.600000 2 250.0 279.0 32.0 24.0
7.633333 2 252.0 284.0 30.0 19.0
7.666667 2 245.5 277.1 37.7 32.5
7.700000 2 240.1 276.3 45.2 39.2
7.733333 2 244.0 283.0 35.5 28.0
7.766667 2 243.0 285.7 33.2 26.8
7.800000 2 241.5 286.0 34.4 28.0
7.833333 2 240.8 288.3 32.0 26.0
7.866667 2 235.4 284.7 40.6 34.5
7.900000 2 237.8 289.4 32.1 25.9
7.933333 2 235.5 289.2 32.4 26.3
7.966667 2 232.0 287.7 35.3 28.7
8.000000 2 230.5 287.4 34.1 27.4
8.033333 2 225.0 283.6 40.9 32.8
8.066667 2 224.2 282.8 39.9 32.6
8.100000 2 225.5 284.0 35.0 28.5
8.133333 2 218.8 277.0 43.7 38.1
8.166667 2 218.3 275.8 40.6 34.6
8.200000 2 219.0 276.1 37.3 31.1
8.233333 2 218.4 275.2 36.3 29.9
8.266667 2 214.4 270.7 40.1 32.1
8.300000 2 211.5 266.3 41.4 33.7
8.333333 2 210.2 263.7 41.8 34.8
8.366667 2 207.2 258.4 43.1 37.4
8.400000 2 205.8 255.9 43.8 38.0
8.433333 2 206.3 255.2 40.6 35.1
8.466667 2 205.6 252.1 38.0 32.1
8.500000 2 202.6 248.1 41.8 35.4
8.533333 2 203.2 247.2 36.4 28.1
8.566667 2 202.1 242.7 34.0 27.2
8.600000 2 199.2 236.5 35.0 29.6
8.633333 2 193.4 229.6 44.5 39.0
8.666667 2 191.3 224.9 44.1 38.3
8.700000 2 194.2 226.4 36.3 30.2
8.733333 2 190.1 219.7 39.8 33.9
8.766667 2 190.2 218.1 37.3 32.1
8.800000 2 189.9 214.9 33.4 28.5
8.833333 2 183.8 208.0 43.2 38.0
8.866667 2 183.9 205.7 37.9 32.8
8.900000 2 183.9 203.2 33.2 28.1
8.933333 2 177.5 195.2 40.8 35.3
8.966667 2 179.5 195.5 34.4 29.7
9.000000 2 175.1 190.1 38.4 31.9
9.033333 2 173.6 187.0 38.5 33.4
9.066667 2 173.9 186.0 32.8 26.5
9.100000 2 169.5 180.2 38.6 33.7
9.133333 2 169.7 179.0 32.9 26.9
9.166667 2 168.5 176.4 32.2 27.8
9.200000 2 166.2 172.9 31.3 26.5
9.233333 2 164.5 170.5 32.0 27.3
9.266667 2 160.9 165.6 33.3 29.0
9.300000 2 160.6 165.5 31.4 25.3
9.333333 2 157.4 161.3 31.9 26.1
9.366667 2 151.9 155.4 39.6 34.7
9.400000 2 152.5 155.2 32.6 27.8
9.433333 2 152.1 154.7 30.8 25.1
9.466667 2 148.1 150.4 32.7 27.3
9.500000 2 145.8 148.2 31.4 25.9
9.533333 2 141.0 144.0 34.6 28.2
9.566667 2 137.5 139.9 38.2 33.6
9.600000 2 140.1 143.2 30.5 24.1
9.633333 2 135.3 138.4 34.2 28.3
9.666667 2 128.5 132.4 41.8 35.2
9.700000 2 130.1 133.3 35.3 30.4
9.733333 2 130.4 134.2 32.1 26.1
9.766667 2 123.9 128.3 39.0 33.5
9.800000 2 122.7 127.4 38.7 32.7
9.833333 2 123.8 129.3 30.8 23.9
9.866667 2 121.8 126.5 32.3 27.0
9.900000 2 118.3 124.3 33.8 26.6
9.933333 2 119.4 124.6 29.0 23.6
9.966667 2 114.9 119.7 33.5 28.3
10.000000 2 111.6 116.9 35.8 29.7
10.033333 2 113.7 118.5 29.7 23.8
10.066667 2 109.1 113.7 34.8 28.5
10.100000 2 106.7 111.2 37.7 31.5
10.133333 2 110.3 113.2 26.9 21.9
10.166667 2 107.5 110.5 31.2 25.0
10.200000 2 103.4 105.3 36.3 30.9
10.233333 2 106.7 107.8 28.5 23.2
10.266667 2 103.7 103.2 32.1 27.4
10.300000 2 101.5 101.6 35.8 28.4
10.333333 2 103.6 101.8 29.2 22.5
