0.000000 2 299.0 510.0 12.0 254.0
0.000000 2 37.0 25.0 23.0 28.0
0.033333 2 297.2 508.4 11.8 250.0
0.033333 2 36.9 25.4 22.9 28.3
0.066667 2 295.3 506.9 11.7 246.0
0.066667 2 36.8 25.9 22.8 28.6
0.100000 2 293.5 505.3 11.5 242.0
0.100000 2 36.8 26.3 22.8 28.9
0.133333 2 291.6 503.7 11.4 238.0
0.133333 2 36.7 26.7 22.7 29.1
0.166667 2 289.8 502.1 11.2 234.0
0.166667 2 36.6 27.1 22.6 29.4
0.200000 2 287.9 500.6 11.1 230.0
0.200000 2 36.5 27.6 22.5 29.7
0.233333 2 286.1 499.0 10.9 226.0
0.233333 2 36.5 28.0 22.5 30.0
0.266667 2 284.2 497.7 10.8 224.0
0.266667 2 36.4 27.6 22.4 29.8
0.300000 2 282.4 496.3 10.6 222.0
0.300000 2 36.3 27.1 22.3 29.6
0.333333 2 280.5 495.0 10.5 220.0
0.333333 2 36.2 26.7 22.2 29.3
0.366667 2 278.7 493.7 10.3 218.0
0.366667 2 36.2 26.2 22.2 29.1
0.400000 2 276.8 492.3 10.2 216.0
0.400000 2 36.1 25.8 22.1 28.9
0.433333 2 275.0 491.0 10.0 214.0
0.433333 2 36.0 25.3 22.0 28.7
0.466667 2 273.5 489.7 10.2 212.0
0.466667 2 36.0 24.9 23.0 28.4
0.500000 2 272.0 488.3 10.3 210.0
0.500000 2 36.0 24.4 24.0 28.2
0.533333 2 270.5 487.0 10.5 208.0
0.533333 2 36.0 24.0 25.0 28.0
0.566667 2 269.0 484.4 10.7 207.9
0.566667 2 36.0 24.4 26.0 27.8
0.600000 2 267.5 481.9 10.8 207.8
0.600000 2 36.0 24.9 27.0 27.6
0.633333 2 266.0 479.3 11.0 207.7
0.633333 2 36.0 25.3 28.0 27.3
0.666667 2 265.0 476.8 12.3 207.6
0.666667 2 35.5 25.8 28.2 27.1
0.700000 2 264.0 474.2 13.7 207.4
0.700000 2 35.0 26.2 28.3 26.9
0.733333 2 263.0 471.7 15.0 207.3
0.733333 2 34.5 26.7 28.5 26.7
0.766667 2 262.0 469.1 16.3 207.2
0.766667 2 34.0 27.1 28.7 26.4
0.800000 2 261.0 466.6 17.7 207.1
0.800000 2 33.5 27.6 28.8 26.2
0.833333 2 260.0 464.0 19.0 207.0
0.833333 2 33.0 28.0 29.0 26.0
0.866667 2 259.5 459.7 21.5 208.3
0.866667 2 33.2 28.0 28.7 26.4
0.900000 2 259.0 455.4 24.0 209.6
0.900000 2 33.3 28.0 28.3 26.8
0.933333 2 258.5 451.1 26.5 210.9
0.933333 2 33.5 28.0 28.0 27.2
0.966667 2 258.0 446.8 29.0 212.2
0.966667 2 33.7 28.0 27.7 27.6
1.000000 2 257.5 442.5 31.5 213.5
1.000000 2 33.8 28.0 27.3 28.0
1.033333 2 257.0 438.2 34.0 214.8
1.033333 2 34.0 28.0 27.0 28.4
1.066667 2 256.4 433.9 36.7 216.1
1.066667 2 34.7 28.0 27.7 28.8
1.100000 2 255.9 429.6 39.4 217.4
1.100000 2 35.4 28.0 28.4 29.2
1.133333 2 255.3 425.3 42.1 218.7
1.133333 2 36.1 28.0 29.1 29.6
1.166667 2 254.7 421.0 44.9 220.0
1.166667 2 36.9 28.0 29.9 30.0
1.200000 2 254.1 416.8 47.6 224.2
1.200000 2 37.6 27.8 30.6 29.6
1.233333 2 253.6 412.6 50.3 228.4
1.233333 2 38.3 27.6 31.3 29.2
1.266667 2 253.0 408.4 53.0 232.6
1.266667 2 39.0 27.4 32.0 28.8
1.300000 2 253.1 404.2 56.1 236.8
1.300000 2 38.6 27.2 31.4 28.4
1.333333 2 253.3 400.0 59.3 241.0
1.333333 2 38.1 27.0 30.9 28.0
1.366667 2 253.4 393.7 62.4 242.7
1.366667 2 37.7 27.6 30.3 28.7
1.400000 2 253.6 387.4 65.6 244.4
1.400000 2 37.3 28.1 29.7 29.4
1.433333 2 253.7 381.1 68.7 246.1
1.433333 2 36.9 28.7 29.1 30.1
1.466667 2 253.9 374.9 71.9 247.9
1.466667 2 36.4 29.3 28.6 30.9
1.500000 2 254.0 368.6 75.0 249.6
1.500000 2 36.0 29.9 28.0 31.6
1.533333 2 254.4 362.3 77.7 251.3
1.533333 2 36.0 30.4 28.9 32.3
1.566667 2 254.7 356.0 80.5 253.0
1.566667 2 36.0 31.0 29.7 33.0
1.600000 2 255.1 349.2 83.2 254.3
1.600000 2 36.0 30.7 30.6 32.0
1.633333 2 255.5 342.5 86.0 255.5
1.633333 2 36.0 30.5 31.5 31.0
1.666667 2 255.9 335.7 88.7 256.8
1.666667 2 36.0 30.2 32.4 30.0
1.700000 2 256.2 329.0 91.5 258.0
1.700000 2 36.0 30.0 33.2 29.0
1.733333 2 256.6 322.2 94.2 259.3
1.733333 2 36.0 29.7 34.1 28.0
1.766667 2 257.0 315.5 97.0 260.5
1.766667 2 36.0 29.5 35.0 27.0
1.800000 2 257.4 308.7 100.9 261.8
1.800000 2 36.0 29.2 34.6 26.0
1.833333 2 257.9 302.0 104.7 263.0
1.833333 2 36.0 29.0 34.1 25.0
1.866667 2 258.3 295.0 108.6 263.1
1.866667 2 36.0 29.0 33.7 25.4
1.900000 2 258.7 288.0 112.4 263.3
1.900000 2 36.0 29.0 33.3 25.9
1.933333 2 259.1 281.0 116.3 263.4
1.933333 2 36.0 29.0 32.9 26.3
1.966667 2 259.6 274.0 120.1 263.6
1.966667 2 36.0 29.0 32.4 26.7
2.000000 2 260.0 267.0 124.0 263.7
2.000000 2 36.0 29.0 32.0 27.1
2.033333 2 261.0 260.0 127.9 263.9
2.033333 2 35.7 29.0 31.7 27.6
2.066667 2 262.0 253.0 131.7 264.0
2.066667 2 35.4 29.0 31.4 28.0
2.100000 2 263.0 243.7 135.6 264.9
2.100000 2 35.1 29.9 31.1 28.1
2.133333 2 264.0 234.4 139.4 265.7
2.133333 2 34.9 30.7 30.9 28.3
2.166667 2 265.0 225.1 143.3 266.6
2.166667 2 34.6 31.6 30.6 28.4
2.200000 2 266.0 215.9 147.1 267.4
2.200000 2 34.3 32.4 30.3 28.6
2.233333 2 267.0 206.6 151.0 268.3
2.233333 2 34.0 33.3 30.0 28.7
2.266667 2 268.8 197.3 154.8 269.1
2.266667 2 33.8 34.1 30.3 28.9
2.300000 2 270.7 188.0 158.7 270.0
2.300000 2 33.7 35.0 30.7 29.0
2.333333 2 272.5 182.4 162.5 271.0
2.333333 2 33.5 34.0 31.0 28.8
2.366667 2 274.3 176.8 166.3 272.0
2.366667 2 33.3 33.0 31.3 28.6
2.400000 2 276.2 171.2 170.2 273.0
2.400000 2 33.2 32.0 31.7 28.4
2.433333 2 278.0 165.6 174.0 274.0
2.433333 2 33.0 31.0 32.0 28.2
2.466667 2 279.7 160.0 177.8 275.0
2.466667 2 33.3 30.0 31.8 28.0
2.500000 2 281.3 154.7 181.7 275.7
2.500000 2 33.7 30.3 31.7 28.3
2.533333 2 283.0 149.3 185.5 276.3
2.533333 2 34.0 30.7 31.5 28.7
2.566667 2 284.7 144.0 189.3 277.0
2.566667 2 34.3 31.0 31.3 29.0
2.600000 2 286.3 138.7 193.2 277.7
2.600000 2 34.7 31.3 31.2 29.3
2.633333 2 288.0 133.3 197.0 278.3
2.633333 2 35.0 31.7 31.0 29.7
2.666667 2 289.3 128.0 200.2 279.0
2.666667 2 35.2 32.0 30.8 30.0
2.700000 2 290.7 122.7 203.3 279.9
2.700000 2 35.3 31.9 30.7 30.1
2.733333 2 292.0 117.4 206.5 280.7
2.733333 2 35.5 31.7 30.5 30.3
2.766667 2 293.3 112.1 209.7 281.6
2.766667 2 35.7 31.6 30.3 30.4
2.800000 2 294.7 106.9 212.8 282.4
2.800000 2 35.8 31.4 30.2 30.6
2.833333 2 296.0 101.6 216.0 283.3
2.833333 2 36.0 31.3 30.0 30.7
2.866667 2 296.9 96.3 217.7 284.1
2.866667 2 36.3 31.1 30.3 30.9
2.900000 2 297.7 91.0 219.4 285.0
2.900000 2 36.6 31.0 30.6 31.0
2.933333 2 298.6 87.2 221.1 286.2
2.933333 2 36.9 30.6 30.9 30.2
2.966667 2 299.4 83.4 222.9 287.4
2.966667 2 37.1 30.2 31.1 29.4
3.000000 2 300.3 79.6 224.6 288.6
3.000000 2 37.4 29.8 31.4 28.6
3.033333 2 301.1 75.8 226.3 289.8
3.033333 2 37.7 29.4 31.7 27.8
3.066667 2 302.0 72.0 228.0 291.0
3.066667 2 38.0 29.0 32.0 27.0
3.100000 2 302.4 69.3 228.9 291.9
3.100000 2 37.6 29.4 31.5 27.1
3.133333 2 302.8 66.6 229.8 292.7
3.133333 2 37.2 29.9 31.1 27.3
3.166667 2 303.2 63.9 230.8 293.6
3.166667 2 36.8 30.3 30.6 27.4
3.200000 2 303.5 61.1 231.7 294.4
3.200000 2 36.5 30.7 30.2 27.6
3.233333 2 303.9 58.4 232.6 295.3
3.233333 2 36.1 31.1 29.7 27.7
3.266667 2 304.3 55.7 233.5 296.1
3.266667 2 35.7 31.6 29.2 27.9
3.300000 2 304.7 53.0 234.5 297.0
3.300000 2 35.3 32.0 28.8 28.0
3.333333 2 305.1 52.0 235.4 298.0
3.333333 2 34.9 31.6 28.3 27.4
3.366667 2 305.5 51.0 236.3 299.0
3.366667 2 34.5 31.1 27.8 26.9
3.400000 2 305.8 50.0 237.2 300.0
3.400000 2 34.2 30.7 27.4 26.3
3.433333 2 306.2 49.0 238.2 301.0
3.433333 2 33.8 30.3 26.9 25.7
3.466667 2 306.6 48.0 239.1 302.0
3.466667 2 33.4 29.9 26.5 25.1
3.500000 2 307.0 47.0 240.0 303.0
3.500000 2 33.0 29.4 26.0 24.6
3.533333 2 307.9 46.0 239.5 304.0
3.533333 2 33.2 29.0 26.5 24.0
3.566667 2 308.8 46.0 239.1 304.6
3.566667 2 33.4 28.9 27.1 24.6
3.600000 2 309.7 46.0 238.6 305.1
3.600000 2 33.5 28.7 27.6 25.1
3.633333 2 310.6 46.0 238.2 305.7
3.633333 2 33.7 28.6 28.2 25.7
3.666667 2 311.5 46.0 237.7 306.3
3.666667 2 33.9 28.4 28.7 26.3
3.700000 2 312.5 46.0 237.3 306.9
3.700000 2 34.1 28.3 29.3 26.9
3.733333 2 313.4 46.0 236.8 307.4
3.733333 2 34.3 28.1 29.8 27.4
3.766667 2 314.3 46.0 236.4 308.0
3.766667 2 34.5 28.0 30.4 28.0
3.800000 2 315.2 47.1 235.9 308.6
3.800000 2 34.6 27.7 30.9 27.9
3.833333 2 316.1 48.2 235.5 309.3
3.833333 2 34.8 27.5 31.5 27.8
3.866667 2 317.0 49.3 235.0 309.9
3.866667 2 35.0 27.2 32.0 27.7
3.900000 2 318.1 50.4 235.0 310.5
3.900000 2 34.7 26.9 31.7 27.6
3.933333 2 319.3 51.5 235.0 311.2
3.933333 2 34.4 26.6 31.4 27.5
3.966667 2 320.4 52.5 235.0 311.8
3.966667 2 34.1 26.4 31.1 27.5
4.000000 2 321.6 53.6 235.0 312.5
4.000000 2 33.9 26.1 30.9 27.4
4.033333 2 322.7 54.7 235.0 313.1
4.033333 2 33.6 25.8 30.6 27.3
4.066667 2 323.9 55.8 235.0 313.7
4.066667 2 33.3 25.5 30.3 27.2
4.100000 2 325.0 56.9 235.0 314.4
4.100000 2 33.0 25.3 30.0 27.1
4.133333 2 326.0 58.0 234.5 315.0
4.133333 2 33.5 25.0 29.8 27.0
4.166667 2 327.0 60.0 234.0 316.2
4.166667 2 34.0 24.6 29.7 26.4
4.200000 2 328.0 62.0 233.5 317.4
4.200000 2 34.5 24.2 29.5 25.8
4.233333 2 329.0 64.0 233.0 318.6
4.233333 2 35.0 23.8 29.3 25.2
4.266667 2 330.0 66.0 232.5 319.8
4.266667 2 35.5 23.4 29.2 24.6
4.300000 2 331.0 68.0 232.0 321.0
4.300000 2 36.0 23.0 29.0 24.0
4.333333 2 333.1 70.4 231.4 321.9
4.333333 2 35.7 23.4 28.7 23.6
4.366667 2 335.2 72.7 230.8 322.7
4.366667 2 35.4 23.7 28.4 23.3
4.400000 2 337.3 75.1 230.2 323.6
4.400000 2 35.1 24.1 28.1 22.9
4.433333 2 339.4 77.5 229.6 324.5
4.433333 2 34.8 24.5 27.8 22.5
4.466667 2 341.5 79.9 229.0 325.4
4.466667 2 34.5 24.9 27.5 22.1
4.500000 2 343.6 82.2 228.4 326.2
4.500000 2 34.2 25.2 27.2 21.8
4.533333 2 345.7 84.6 227.8 327.1
4.533333 2 33.9 25.6 26.9 21.4
4.566667 2 347.8 87.0 227.2 328.0
4.566667 2 33.6 26.0 26.6 21.0
4.600000 2 349.9 89.4 226.6 328.8
4.600000 2 33.3 25.5 26.3 21.0
4.633333 2 352.0 91.8 226.0 329.5
4.633333 2 33.0 25.0 26.0 21.0
4.666667 2 352.8 94.1 224.6 330.3
4.666667 2 32.7 24.5 25.9 21.0
4.700000 2 353.5 96.5 223.2 331.0
4.700000 2 32.4 24.0 25.8 21.0
4.733333 2 354.3 98.9 221.8 331.8
4.733333 2 32.1 23.5 25.8 21.0
4.766667 2 355.1 101.3 220.5 332.5
4.766667 2 31.8 23.0 25.7 21.0
4.800000 2 355.8 103.6 219.1 333.3
4.800000 2 31.5 22.5 25.6 21.0
4.833333 2 356.6 106.0 217.7 334.0
4.833333 2 31.2 22.0 25.5 21.0
4.866667 2 357.4 106.7 216.3 334.3
4.866667 2 30.8 22.7 25.5 21.3
4.900000 2 358.2 107.3 214.9 334.7
4.900000 2 30.5 23.3 25.4 21.7
4.933333 2 358.9 108.0 213.5 335.0
4.933333 2 30.2 24.0 25.3 22.0
4.966667 2 359.7 108.7 212.2 335.3
4.966667 2 29.9 24.7 25.2 22.3
5.000000 2 360.5 109.3 210.8 335.7
5.000000 2 29.6 25.3 25.2 22.7
5.033333 2 361.2 110.0 209.4 336.0
5.033333 2 29.3 26.0 25.1 23.0
5.066667 2 362.0 110.8 208.0 336.0
5.066667 2 29.0 25.6 25.0 23.0
5.100000 2 361.3 111.5 206.1 336.0
5.100000 2 29.1 25.2 25.1 23.0
5.133333 2 360.6 112.3 204.1 336.0
5.133333 2 29.3 24.9 25.3 23.0
5.166667 2 359.9 113.0 202.2 336.0
5.166667 2 29.4 24.5 25.4 23.0
5.200000 2 359.1 113.8 200.3 336.0
5.200000 2 29.6 24.1 25.6 23.0
5.233333 2 358.4 114.5 198.4 336.0
5.233333 2 29.7 23.7 25.7 23.0
5.266667 2 357.7 115.3 196.4 336.0
5.266667 2 29.9 23.4 25.9 23.0
5.300000 2 357.0 116.0 194.5 336.0
5.300000 2 30.0 23.0 26.0 23.0
5.333333 2 356.3 116.1 192.6 332.7
5.333333 2 30.1 23.4 26.1 23.7
5.366667 2 355.6 116.3 190.6 329.4
5.366667 2 30.3 23.9 26.3 24.4
5.400000 2 354.9 116.4 188.7 326.1
5.400000 2 30.4 24.3 26.4 25.1
5.433333 2 354.1 116.6 186.8 322.9
5.433333 2 30.6 24.7 26.6 25.9
5.466667 2 353.4 116.7 184.9 319.6
5.466667 2 30.7 25.1 26.7 26.6
5.500000 2 352.7 116.9 182.9 316.3
5.500000 2 30.9 25.6 26.9 27.3
5.533333 2 352.0 117.0 181.0 313.0
5.533333 2 31.0 26.0 27.0 28.0
5.566667 2 351.7 117.4 179.7 308.6
5.566667 2 30.7 26.4 27.2 29.2
5.600000 2 351.5 117.8 178.5 304.2
5.600000 2 30.5 26.8 27.3 30.4
5.633333 2 351.2 118.2 177.2 299.8
5.633333 2 30.2 27.2 27.5 31.6
5.666667 2 351.0 118.6 176.0 295.4
5.666667 2 30.0 27.6 27.7 32.8
5.700000 2 350.7 119.0 174.7 291.0
5.700000 2 29.7 28.0 27.8 34.0
5.733333 2 350.5 119.5 173.5 287.5
5.733333 2 29.5 27.5 28.0 32.2
5.766667 2 350.2 120.0 172.2 284.0
5.766667 2 29.2 27.0 28.2 30.3
5.800000 2 350.0 120.5 171.0 280.5
5.800000 2 29.0 26.5 28.3 28.5
5.833333 2 349.7 121.0 169.7 277.0
5.833333 2 28.7 26.0 28.5 26.7
5.866667 2 349.5 121.5 168.5 273.5
5.866667 2 28.5 25.5 28.7 24.8
5.900000 2 349.2 122.0 167.2 270.0
5.900000 2 28.2 25.0 28.8 23.0
5.933333 2 349.0 122.0 166.0 265.6
5.933333 2 28.0 25.8 29.0 23.2
5.966667 2 348.7 122.0 166.3 261.2
5.966667 2 28.2 26.6 28.7 23.4
6.000000 2 348.4 122.0 166.6 256.8
6.000000 2 28.5 27.4 28.4 23.6
6.033333 2 348.1 122.0 166.9 252.4
6.033333 2 28.7 28.2 28.1 23.8
6.066667 2 347.8 122.0 167.2 248.0
6.066667 2 28.9 29.0 27.8 24.0
6.100000 2 347.5 122.5 167.5 245.5
6.100000 2 29.2 28.3 27.5 23.8
6.133333 2 347.2 123.0 167.8 243.0
6.133333 2 29.4 27.7 27.2 23.7
6.166667 2 346.8 123.5 168.2 240.5
6.166667 2 29.6 27.0 26.8 23.5
6.200000 2 346.5 124.0 168.5 238.0
6.200000 2 29.8 26.3 26.5 23.3
6.233333 2 346.2 124.5 168.8 235.5
6.233333 2 30.1 25.7 26.2 23.2
6.266667 2 345.9 125.0 169.1 233.0
6.266667 2 30.3 25.0 25.9 23.0
6.300000 2 345.6 124.9 169.4 232.3
6.300000 2 30.5 25.0 25.6 22.7
6.333333 2 345.3 124.7 169.7 231.6
6.333333 2 30.8 25.0 25.3 22.4
6.366667 2 345.0 124.6 170.0 230.9
6.366667 2 31.0 25.0 25.0 22.1
6.400000 2 345.2 124.4 171.0 230.1
6.400000 2 31.0 25.0 24.8 21.9
6.433333 2 345.3 124.3 172.1 229.4
6.433333 2 30.9 25.0 24.6 21.6
6.466667 2 345.5 124.1 173.1 228.7
6.466667 2 30.9 25.0 24.3 21.3
6.500000 2 345.7 124.0 174.2 228.0
6.500000 2 30.8 25.0 24.1 21.0
6.533333 2 345.9 123.6 175.2 227.4
6.533333 2 30.8 25.6 23.9 21.7
6.566667 2 346.0 123.3 176.3 226.8
6.566667 2 30.7 26.2 23.7 22.5
6.600000 2 346.2 122.9 177.3 226.1
6.600000 2 30.7 26.9 23.5 23.2
6.633333 2 346.4 122.5 178.3 225.5
6.633333 2 30.7 27.5 23.3 24.0
6.666667 2 346.6 122.1 179.4 224.9
6.666667 2 30.6 28.1 23.0 24.7
6.700000 2 346.7 121.8 180.4 224.3
6.700000 2 30.6 28.7 22.8 25.5
6.733333 2 346.9 121.4 181.5 223.6
6.733333 2 30.5 29.4 22.6 26.2
6.766667 2 347.1 121.0 182.5 223.0
6.766667 2 30.5 30.0 22.4 27.0
6.800000 2 347.3 121.1 183.6 223.1
6.800000 2 30.4 29.6 22.2 26.4
6.833333 2 347.4 121.3 184.6 223.3
6.833333 2 30.4 29.2 22.0 25.7
6.866667 2 347.6 121.4 185.7 223.4
6.866667 2 30.3 28.9 21.7 25.1
6.900000 2 347.8 121.5 186.7 223.5
6.900000 2 30.3 28.5 21.5 24.5
6.933333 2 348.0 121.6 187.7 223.6
6.933333 2 30.3 28.1 21.3 23.9
6.966667 2 348.1 121.8 188.8 223.8
6.966667 2 30.2 27.7 21.1 23.2
7.000000 2 348.3 121.9 189.8 223.9
7.000000 2 30.2 27.4 20.9 22.6
7.033333 2 348.5 122.0 190.9 224.0
7.033333 2 30.1 27.0 20.7 22.0
7.066667 2 348.7 121.7 191.9 222.9
7.066667 2 30.1 27.3 20.4 22.0
7.100000 2 348.8 121.4 193.0 221.7
7.100000 2 30.0 27.6 20.2 22.0
7.133333 2 349.0 121.1 194.0 220.6
7.133333 2 30.0 27.9 20.0 22.0
7.166667 2 348.9 120.9 194.8 219.4
7.166667 2 30.7 28.1 20.0 22.0
7.200000 2 348.9 120.6 195.6 218.3
7.200000 2 31.3 28.4 20.0 22.0
7.233333 2 348.8 120.3 196.4 217.1
7.233333 2 32.0 28.7 20.0 22.0
7.266667 2 348.7 120.0 197.2 216.0
7.266667 2 32.7 29.0 20.0 22.0
7.300000 2 348.7 119.8 198.0 213.7
7.300000 2 33.3 28.8 20.0 22.5
7.333333 2 348.6 119.7 198.8 211.3
7.333333 2 34.0 28.7 20.0 23.0
7.366667 2 348.5 119.5 199.6 209.0
7.366667 2 34.7 28.5 20.0 23.5
7.400000 2 348.5 119.3 200.4 206.7
7.400000 2 35.3 28.3 20.0 24.0
7.433333 2 348.4 119.2 201.2 204.3
7.433333 2 36.0 28.2 20.0 24.5
7.466667 2 348.3 119.0 202.0 202.0
7.466667 2 36.7 28.0 20.0 25.0
7.500000 2 348.3 119.4 202.8 198.4
7.500000 2 37.3 27.6 20.0 25.4
7.533333 2 348.2 119.8 203.6 194.8
7.533333 2 38.0 27.2 20.0 25.8
7.566667 2 348.1 120.2 204.4 191.2
7.566667 2 38.7 26.8 20.0 26.2
7.600000 2 348.1 120.6 205.2 187.6
7.600000 2 39.3 26.4 20.0 26.6
7.633333 2 348.0 121.0 206.0 184.0
7.633333 2 40.0 26.0 20.0 27.0
7.666667 2 347.9 121.0 206.1 180.6
7.666667 2 39.6 26.0 20.2 27.4
7.700000 2 347.8 121.0 206.2 177.2
7.700000 2 39.3 26.0 20.4 27.8
7.733333 2 347.7 121.0 206.3 173.8
7.733333 2 38.9 26.0 20.6 28.2
7.766667 2 347.6 121.0 206.4 170.4
7.766667 2 38.5 26.0 20.8 28.6
7.800000 2 347.5 121.0 206.5 167.0
7.800000 2 38.2 26.0 21.1 29.0
7.833333 2 347.4 121.2 206.6 164.7
7.833333 2 37.8 26.2 21.3 28.3
7.866667 2 347.3 121.3 206.7 162.3
7.866667 2 37.4 26.3 21.5 27.7
7.900000 2 347.2 121.5 206.8 160.0
7.900000 2 37.1 26.5 21.7 27.0
7.933333 2 347.1 121.7 206.9 157.7
7.933333 2 36.7 26.7 21.9 26.3
7.966667 2 346.9 121.8 207.1 155.3
7.966667 2 36.3 26.8 22.1 25.7
8.000000 2 346.8 122.0 207.2 153.0
8.000000 2 35.9 27.0 22.3 25.0
8.033333 2 346.7 122.3 207.3 151.3
8.033333 2 35.6 26.5 22.5 24.7
8.066667 2 346.6 122.7 207.4 149.7
8.066667 2 35.2 26.0 22.7 24.3
8.100000 2 346.5 123.0 207.5 148.0
8.100000 2 34.8 25.5 22.9 24.0
8.133333 2 346.4 123.3 207.6 146.3
8.133333 2 34.5 25.0 23.2 23.7
8.166667 2 346.3 123.7 207.7 144.7
8.166667 2 34.1 24.5 23.4 23.3
8.200000 2 346.2 124.0 207.8 143.0
8.200000 2 33.7 24.0 23.6 23.0
8.233333 2 346.1 123.7 207.9 142.7
8.233333 2 33.4 24.3 23.8 22.3
8.266667 2 346.0 123.3 208.0 142.3
8.266667 2 33.0 24.7 24.0 21.7
8.300000 2 346.3 123.0 208.0 142.0
8.300000 2 32.8 25.0 24.3 21.0
8.333333 2 346.5 122.7 208.0 141.7
8.333333 2 32.6 25.3 24.5 20.3
8.366667 2 346.8 122.3 208.0 141.3
8.366667 2 32.5 25.7 24.8 19.7
8.400000 2 347.1 122.0 208.0 141.0
8.400000 2 32.3 26.0 25.1 19.0
8.433333 2 347.4 122.0 208.0 140.6
8.433333 2 32.1 25.8 25.4 19.1
8.466667 2 347.6 122.0 208.0 140.1
8.466667 2 31.9 25.6 25.6 19.2
8.500000 2 347.9 122.0 208.0 139.7
8.500000 2 31.7 25.3 25.9 19.3
8.533333 2 348.2 122.0 208.0 139.2
8.533333 2 31.5 25.1 26.2 19.4
8.566667 2 348.5 122.0 208.0 138.8
8.566667 2 31.4 24.9 26.5 19.6
8.600000 2 348.7 122.0 208.0 138.3
8.600000 2 31.2 24.7 26.7 19.7
8.633333 2 349.0 122.0 208.0 137.9
8.633333 2 31.0 24.4 27.0 19.8
8.666667 2 349.7 122.0 207.6 137.4
8.666667 2 31.0 24.2 27.1 19.9
8.700000 2 350.5 122.0 207.2 137.0
8.700000 2 31.0 24.0 27.3 20.0
8.733333 2 351.2 121.7 206.8 136.8
8.733333 2 31.0 24.0 27.4 20.2
8.766667 2 351.9 121.5 206.4 136.6
8.766667 2 31.0 24.0 27.5 20.4
8.800000 2 352.7 121.2 206.0 136.4
8.800000 2 31.0 24.0 27.7 20.6
8.833333 2 353.4 120.9 205.6 136.2
8.833333 2 31.0 24.0 27.8 20.8
8.866667 2 354.1 120.7 205.2 136.0
8.866667 2 31.0 24.0 27.9 21.0
8.900000 2 354.9 120.4 204.8 135.8
8.900000 2 31.0 24.0 28.1 21.2
8.933333 2 355.6 120.1 204.4 135.6
8.933333 2 31.0 24.0 28.2 21.4
8.966667 2 356.3 119.9 204.0 135.4
8.966667 2 31.0 24.0 28.3 21.6
9.000000 2 357.1 119.6 203.6 135.2
9.000000 2 31.0 24.0 28.5 21.8
9.033333 2 357.8 119.3 203.2 135.0
9.033333 2 31.0 24.0 28.6 22.0
9.066667 2 358.5 119.1 202.8 134.8
9.066667 2 31.0 24.0 28.7 22.2
9.100000 2 359.3 118.8 202.4 134.6
9.100000 2 31.0 24.0 28.9 22.4
9.133333 2 360.0 118.5 202.0 134.4
9.133333 2 31.0 24.0 29.0 22.6
9.166667 2 361.2 118.3 201.3 134.2
9.166667 2 30.6 24.0 28.6 22.8
9.200000 2 362.4 118.0 200.5 134.0
9.200000 2 30.3 24.0 28.3 23.0
9.233333 2 363.5 117.9 199.8 133.8
9.233333 2 29.9 24.0 27.9 23.0
9.266667 2 364.7 117.8 199.1 133.6
9.266667 2 29.5 24.1 27.5 23.1
9.300000 2 365.9 117.7 198.4 133.3
9.300000 2 29.2 24.1 27.2 23.1
9.333333 2 367.1 117.7 197.6 133.1
9.333333 2 28.8 24.2 26.8 23.2
9.366667 2 368.3 117.6 196.9 132.9
9.366667 2 28.5 24.2 26.5 23.2
9.400000 2 369.5 117.5 196.2 132.7
9.400000 2 28.1 24.3 26.1 23.3
9.433333 2 370.6 117.4 195.5 132.5
9.433333 2 27.7 24.3 25.7 23.3
9.466667 2 371.8 117.3 194.7 132.3
9.466667 2 27.4 24.3 25.4 23.3
9.500000 2 373.0 117.2 194.0 132.0
9.500000 2 27.0 24.4 25.0 23.4
9.533333 2 373.6 117.1 192.6 131.8
9.533333 2 27.2 24.4 24.9 23.4
9.566667 2 374.3 117.0 191.3 131.6
9.566667 2 27.4 24.5 24.7 23.5
9.600000 2 374.9 117.0 189.9 131.4
9.600000 2 27.6 24.5 24.6 23.5
9.633333 2 375.6 116.9 188.6 131.2
9.633333 2 27.9 24.6 24.4 23.6
9.666667 2 376.2 116.8 187.2 131.0
9.666667 2 28.1 24.6 24.3 23.6
9.700000 2 376.9 116.7 185.9 130.7
9.700000 2 28.3 24.7 24.1 23.7
9.733333 2 377.5 116.6 184.5 130.5
9.733333 2 28.5 24.7 24.0 23.7
9.766667 2 378.1 116.5 183.1 130.3
9.766667 2 28.7 24.7 23.9 23.7
9.800000 2 378.8 116.4 181.8 130.1
9.800000 2 28.9 24.8 23.7 23.8
9.833333 2 379.4 116.3 180.4 129.9
9.833333 2 29.1 24.8 23.6 23.8
9.866667 2 380.1 116.3 179.1 129.7
9.866667 2 29.4 24.9 23.4 23.9
9.900000 2 380.7 116.2 177.7 129.4
9.900000 2 29.6 24.9 23.3 23.9
9.933333 2 381.4 116.1 176.4 129.2
9.933333 2 29.8 25.0 23.1 24.0
9.966667 2 382.0 116.0 175.0 129.0
9.966667 2 30.0 25.0 23.0 24.0
