0.033333 2 324.0 402.0 61.0 34.0
0.066667 2 327.0 397.0 60.0 36.0
0.100000 2 325.0 392.0 65.0 38.0
0.133333 2 331.0 390.0 56.0 33.0
0.166667 2 336.0 389.0 56.0 35.0
0.200000 2 337.0 389.0 56.0 30.0
0.233333 2 342.0 386.0 53.0 28.0
0.266667 2 339.0 385.0 60.0 29.0
0.300000 2 347.0 382.0 51.0 29.0
0.333333 2 345.0 378.0 57.0 31.0
0.366667 2 348.0 375.0 58.0 30.0
0.400000 2 348.0 375.0 60.0 28.0
0.433333 2 354.0 371.0 54.0 32.0
0.466667 2 354.0 369.0 57.0 25.0
0.500000 2 357.0 366.0 54.0 28.0
0.533333 2 357.0 366.0 57.0 24.0
0.566667 2 363.0 361.0 51.0 29.0
0.600000 2 363.0 361.0 54.0 26.0
0.633333 2 364.0 356.0 53.0 31.0
0.666667 2 364.0 356.0 53.0 22.0
0.700000 2 366.0 349.0 51.0 29.0
0.733333 2 366.0 349.0 58.0 26.0
0.766667 2 375.0 345.0 49.0 30.0
0.800000 2 375.0 345.0 48.0 23.0
0.833333 2 375.0 341.0 48.0 27.0
0.866667 2 375.0 341.0 51.0 21.0
0.900000 2 378.0 336.0 48.0 26.0
0.933333 2 379.0 336.0 51.0 22.0
0.966667 2 382.0 330.0 48.0 28.0
1.000000 2 382.0 330.0 50.0 26.0
1.033333 2 386.0 322.0 46.0 34.0
1.066667 2 386.0 322.0 47.0 29.0
1.100000 2 383.0 318.0 50.0 33.0
1.133333 2 384.0 319.0 51.0 27.0
1.166667 2 393.0 316.0 42.0 30.0
1.200000 2 393.0 316.0 43.0 28.0
1.233333 2 397.0 312.0 39.0 32.0
1.266667 2 397.0 312.0 44.0 31.0
1.300000 2 400.0 309.0 41.0 34.0
1.333333 2 400.0 309.0 42.0 30.0
1.366667 2 403.0 308.0 39.0 31.0
1.400000 2 403.0 308.0 41.0 28.0
1.433333 2 405.0 303.0 39.0 33.0
1.466667 2 405.0 303.0 41.0 35.0
1.500000 2 405.0 306.0 41.0 32.0
1.533333 2 405.0 306.0 40.0 27.0
1.566667 2 408.0 306.0 37.0 27.0
1.600000 2 408.0 306.0 39.0 30.0
1.633333 2 411.0 302.0 36.0 33.0
1.666667 2 411.0 302.0 41.0 31.0
1.700000 2 414.0 301.0 38.0 32.0
1.733333 2 414.0 301.0 42.0 32.0
1.766667 2 419.0 304.0 37.0 29.0
1.800000 2 419.0 304.0 33.0 26.0
1.833333 2 422.0 306.0 30.0 24.0
1.866667 2 422.0 306.0 35.0 27.0
1.900000 2 414.0 305.0 43.0 28.0
1.933333 2 414.0 304.0 46.0 29.0
1.966667 2 417.0 307.0 43.0 26.0
2.000000 2 417.0 307.0 42.0 29.0
2.033333 2 420.0 309.0 39.0 27.0
2.066667 2 420.0 309.0 36.0 21.0
2.100000 2 425.0 309.0 31.0 21.0
2.133333 2 425.0 309.0 31.0 20.0
2.166667 2 420.0 306.0 36.0 23.0
2.200000 2 420.0 306.0 42.0 24.0
2.233333 2 423.0 306.0 39.0 24.0
2.266667 2 423.0 306.0 33.0 18.0
2.300000 2 426.0 304.0 30.0 20.0
2.333333 2 426.0 304.0 30.0 17.0
2.366667 2 428.0 302.0 28.0 19.0
2.400000 2 428.0 302.0 31.0 16.0
2.433333 2 426.0 299.0 33.0 19.0
2.466667 2 426.0 299.0 36.0 19.0
2.500000 2 426.0 295.0 36.0 23.0
2.533333 2 426.0 295.0 33.0 19.0
2.566667 2 427.0 294.0 32.0 20.0
2.600000 2 427.0 294.0 30.0 17.0
2.633333 2 429.0 293.0 28.0 18.0
2.666667 2 429.0 293.0 28.0 15.0
2.700000 2 429.0 291.0 28.0 17.0
2.733333 2 429.0 291.0 28.0 17.0
2.766667 2 426.0 288.0 31.0 20.0
2.800000 2 426.0 288.0 32.0 17.0
2.833333 2 425.0 282.0 33.0 23.0
2.866667 2 425.0 282.0 31.0 23.0
2.900000 2 429.0 280.0 27.0 25.0
2.933333 2 429.0 280.0 27.0 17.0
2.966667 2 430.0 278.0 26.0 19.0
3.000000 2 430.0 278.0 29.0 18.0
3.033333 2 432.0 278.0 27.0 18.0
3.066667 2 432.0 278.0 25.0 15.0
3.100000 2 432.0 276.0 25.0 17.0
3.133333 2 432.0 276.0 24.0 15.0
3.166667 2 427.0 273.0 29.0 18.0
3.200000 2 427.0 273.0 32.0 19.0
3.233333 2 429.0 272.0 30.0 20.0
3.266667 2 429.1 265.6 28.0 20.0
3.300000 2 429.0 264.2 28.0 20.0
3.333333 2 429.2 263.2 28.0 20.0
3.366667 2 429.4 262.1 27.0 19.0
3.400000 2 429.2 260.7 28.0 20.0
3.433333 2 428.9 259.2 29.0 20.0
3.466667 2 428.8 258.0 29.0 20.0
3.500000 2 429.1 257.0 28.0 20.0
3.533333 2 429.2 256.0 28.0 20.0
3.566667 2 429.3 254.8 28.0 20.0
3.600000 2 428.9 253.2 29.0 20.0
3.633333 2 428.8 252.0 29.0 20.0
3.666667 2 429.0 251.0 29.0 20.0
3.700000 2 429.4 250.2 28.0 19.0
3.733333 2 429.0 253.0 28.0 16.0
3.766667 2 429.9 248.6 27.0 18.0
3.800000 2 429.9 247.5 27.0 18.0
3.833333 2 429.8 246.2 28.0 19.0
3.866667 2 429.7 244.9 28.0 19.0
3.900000 2 429.7 243.8 28.0 19.0
3.933333 2 430.1 243.2 27.0 18.0
3.966667 2 430.0 242.1 27.0 18.0
4.000000 2 430.0 241.0 28.0 19.0
4.033333 2 433.0 244.0 23.0 16.0
4.066667 2 433.0 242.9 23.0 16.2
4.100000 2 432.6 241.5 23.9 16.8
4.133333 2 432.5 240.3 24.2 17.2
4.166667 2 432.1 238.8 24.9 17.9
4.200000 2 432.0 237.6 25.1 18.3
4.233333 2 431.3 235.6 26.7 20.0
4.266667 2 433.3 236.6 22.4 15.7
4.300000 2 433.4 235.4 22.3 15.7
4.333333 2 433.4 234.4 22.5 15.8
4.366667 2 431.8 231.7 25.6 18.7
4.400000 2 431.5 230.0 26.5 19.9
4.433333 2 429.7 226.9 30.0 23.3
4.466667 2 430.5 226.8 28.3 21.4
4.500000 2 432.9 228.0 23.4 16.7
4.533333 2 433.0 227.3 22.8 16.1
4.566667 2 429.7 222.4 29.9 22.7
4.600000 2 431.5 222.8 26.2 19.4
4.633333 2 433.8 223.8 21.1 15.5
4.666667 2 433.8 222.6 21.1 15.6
4.700000 2 432.0 220.0 25.0 17.0
4.733333 2 430.0 219.0 27.0 18.0
4.766667 2 430.0 219.0 26.0 13.0
4.800000 2 432.0 216.0 24.0 16.0
4.833333 2 431.0 215.0 25.0 17.0
4.866667 2 431.0 214.0 25.0 18.0
4.900000 2 431.0 214.0 25.0 15.0
4.933333 2 432.0 211.0 24.0 18.0
4.966667 2 433.0 211.0 23.0 15.0
5.000000 2 433.0 207.0 23.0 19.0
5.033333 2 433.0 206.0 24.0 17.0
5.066667 2 432.0 205.0 25.0 18.0
5.100000 2 432.0 205.0 27.0 18.0
5.133333 2 431.0 204.0 28.0 19.0
5.166667 2 431.0 204.0 28.0 18.0
5.200000 2 429.0 202.0 30.0 20.0
5.233333 2 429.0 202.0 26.0 16.0
5.266667 2 430.0 202.0 25.0 16.0
5.300000 2 430.0 202.0 26.0 17.0
5.333333 2 430.0 199.0 26.0 20.0
5.366667 2 430.0 199.0 26.0 19.0
5.400000 2 431.0 198.0 25.0 20.0
5.433333 2 434.0 198.0 19.0 20.0
5.466667 2 432.0 201.0 21.0 17.0
5.500000 2 432.0 200.0 23.0 17.0
5.533333 2 430.0 200.0 25.0 17.0
5.566667 2 430.0 200.0 27.0 15.0
5.600000 2 429.0 201.0 28.0 13.0
5.633333 2 429.0 201.0 28.0 18.0
5.666667 2 432.0 199.0 25.0 20.0
5.700000 2 432.0 199.0 21.0 21.0
5.733333 2 431.0 199.0 22.0 21.0
5.766667 2 431.0 199.0 26.0 24.0
5.800000 2 432.0 200.0 25.0 20.0
5.833333 2 432.0 200.0 24.0 25.0
5.866667 2 432.0 202.0 24.0 22.0
5.900000 2 432.0 202.0 27.0 24.0
5.933333 2 429.0 202.0 30.0 21.0
5.966667 2 430.0 202.0 29.0 21.0
6.000000 2 431.0 206.0 28.0 17.0
6.033333 2 432.0 205.0 27.0 21.0
6.066667 2 431.0 208.0 28.0 18.0
6.100000 2 431.0 208.0 26.0 21.0
6.133333 2 429.0 210.0 27.0 19.0
6.166667 2 429.0 209.0 29.0 22.0
6.200000 2 434.0 214.0 24.0 17.0
6.233333 2 430.0 216.0 24.0 15.0
6.266667 2 432.0 214.0 24.0 16.0
6.300000 2 429.0 217.0 27.0 13.0
6.333333 2 429.0 217.0 29.0 19.0
6.366667 2 431.0 219.0 27.0 17.0
6.400000 2 430.0 218.0 29.0 21.0
6.433333 2 432.0 223.0 28.0 17.0
6.466667 2 432.0 221.0 24.0 20.0
6.500000 2 426.0 224.0 30.0 17.0
6.533333 2 427.0 221.0 32.0 23.0
6.566667 2 432.0 229.0 27.0 15.0
6.600000 2 432.0 229.0 27.0 18.0
6.633333 2 432.0 231.0 27.0 16.0
6.666667 2 432.0 231.0 24.0 17.0
6.700000 2 432.0 235.0 24.0 13.0
6.733333 2 432.0 234.0 25.0 17.0
6.766667 2 430.0 237.0 27.0 14.0
6.800000 2 430.0 237.0 29.0 19.0
6.833333 2 429.0 238.0 30.0 20.0
6.866667 2 429.0 241.0 28.0 17.0
6.900000 2 429.0 241.0 25.0 21.0
6.933333 2 430.0 244.0 23.0 17.0
6.966667 2 432.0 248.0 23.0 15.0
7.000000 2 434.0 247.0 20.0 20.0
7.033333 2 429.0 247.0 25.0 23.0
7.066667 2 430.0 249.0 25.0 22.0
7.100000 2 429.0 251.0 24.0 22.0
7.133333 2 434.0 253.0 19.0 20.0
7.166667 2 430.0 257.0 21.0 20.0
7.200000 2 432.0 258.0 20.0 18.0
7.233333 2 428.0 259.0 22.0 20.0
7.266667 2 428.0 260.0 22.0 19.0
7.300000 2 423.0 263.0 25.0 22.0
7.333333 2 420.0 267.0 28.0 18.0
7.366667 2 420.0 267.0 27.0 21.0
7.400000 2 419.0 266.0 28.0 22.0
7.433333 2 419.0 265.0 25.0 27.0
7.466667 2 419.0 277.0 25.0 15.0
7.500000 2 419.0 277.0 25.0 15.0
7.533333 2 418.0 282.0 26.0 15.0
7.566667 2 420.0 283.0 20.0 15.0
7.600000 2 420.0 283.0 20.0 15.0
7.633333 2 420.0 283.0 17.0 20.0
7.666667 2 414.0 291.0 23.0 12.0
7.700000 2 414.0 290.0 21.0 13.0
7.733333 2 412.0 292.0 23.0 16.0
7.766667 2 410.0 297.0 24.0 12.0
7.800000 2 408.0 295.0 27.0 15.0
7.833333 2 410.0 297.0 20.0 18.0
7.866667 2 406.0 301.0 21.0 14.0
7.900000 2 407.0 303.0 22.0 13.0
7.933333 2 405.0 305.0 18.0 15.0
7.966667 2 405.0 306.0 18.0 16.0
8.000000 2 404.0 307.0 21.0 14.0
8.033333 2 404.0 309.0 18.0 16.0
8.066667 2 400.0 311.0 20.0 15.0
8.100000 2 399.0 312.0 22.0 13.0
8.133333 2 398.0 313.0 24.0 17.0
8.166667 2 397.0 315.0 23.0 15.0
8.200000 2 399.0 318.0 18.0 11.0
8.233333 2 393.0 315.0 24.0 16.0
8.266667 2 397.0 318.0 22.0 15.0
8.300000 2 395.0 321.0 19.0 12.0
8.333333 2 394.0 322.0 17.0 12.0
8.366667 2 390.0 323.0 18.0 12.0
8.400000 2 391.0 324.0 21.0 13.0
8.433333 2 390.0 324.0 14.0 15.0
8.466667 2 387.0 325.0 21.0 13.0
8.500000 2 387.0 324.0 20.0 15.0
8.533333 2 382.0 323.0 23.0 16.0
8.566667 2 384.0 326.0 20.0 15.0
8.600000 2 384.0 327.0 18.0 13.0
8.633333 2 384.0 329.0 21.0 12.0
8.666667 2 381.0 329.0 21.0 14.0
8.700000 2 381.0 330.0 15.0 14.0
8.733333 2 378.0 330.0 21.0 14.0
8.766667 2 375.0 330.0 21.0 15.0
8.800000 2 372.0 330.0 25.0 15.0
8.833333 2 373.0 333.0 22.0 12.0
8.866667 2 372.0 333.0 19.0 16.0
8.900000 2 372.0 332.0 18.0 13.0
8.933333 2 369.0 328.0 21.0 21.0
8.966667 2 365.0 332.0 24.0 16.0
9.000000 2 361.0 333.0 24.0 15.0
9.033333 2 361.0 333.0 24.0 15.0
9.066667 2 363.0 334.0 20.0 16.0
9.100000 2 360.0 334.0 19.0 14.0
9.133333 2 359.0 334.0 17.0 15.0
9.166667 2 356.0 333.0 21.0 18.0
9.200000 2 353.0 337.0 24.0 14.0
9.233333 2 353.0 337.0 20.0 14.0
9.266667 2 350.0 334.0 23.0 17.0
9.300000 2 350.0 334.0 16.0 17.0
9.333333 2 346.0 332.0 20.0 19.0
9.366667 2 346.0 332.0 21.0 22.0
9.400000 2 342.0 336.0 25.0 18.0
9.433333 2 342.0 336.0 18.0 15.0
9.466667 2 336.0 336.0 24.0 15.0
9.500000 2 336.0 335.0 22.0 16.0
9.533333 2 332.0 335.0 26.0 16.0
9.566667 2 331.0 334.0 20.0 17.0
9.600000 2 327.0 335.0 24.0 16.0
9.633333 2 327.0 335.0 19.0 16.0
9.666667 2 322.0 335.0 24.0 16.0
9.700000 2 322.0 335.0 19.0 16.0
9.733333 2 320.0 332.0 22.0 19.0
9.766667 2 320.0 332.0 22.0 20.0
9.800000 2 310.0 336.0 32.0 16.0
9.833333 2 310.0 336.0 23.0 15.0
9.866667 2 311.0 336.0 22.0 15.0
9.900000 2 311.0 336.0 19.0 15.0
9.933333 2 302.0 335.0 28.0 16.0
9.966667 2 302.0 335.0 21.0 15.0
10.000000 2 297.0 335.0 26.0 15.0
10.033333 2 296.0 335.0 25.0 16.0
