0.000000 2 218.0 312.0 21.0 24.0
0.033333 2 217.3 311.0 22.0 24.0
0.066667 2 216.7 310.0 23.0 24.0
0.100000 2 216.0 309.0 24.0 24.0
0.133333 2 216.1 309.0 23.8 24.1
0.166667 2 216.1 309.0 23.7 24.1
0.200000 2 216.2 309.0 23.5 24.2
0.233333 2 216.2 309.0 23.3 24.2
0.266667 2 216.3 309.0 23.2 24.3
0.300000 2 216.3 309.0 23.0 24.3
0.333333 2 216.4 309.0 22.8 24.4
0.366667 2 216.4 309.0 22.7 24.4
0.400000 2 216.5 309.0 22.5 24.5
0.433333 2 216.6 309.0 22.3 24.6
0.466667 2 216.6 309.0 22.2 24.6
0.500000 2 216.7 309.0 22.0 24.7
0.533333 2 216.7 309.0 21.8 24.7
0.566667 2 216.8 309.0 21.7 24.8
0.600000 2 216.8 309.0 21.5 24.8
0.633333 2 216.9 309.0 21.3 24.9
0.666667 2 216.9 309.0 21.2 24.9
0.700000 2 217.0 309.0 21.0 25.0
0.733333 2 216.9 309.0 21.1 25.1
0.766667 2 216.8 309.0 21.2 25.1
0.800000 2 216.6 309.0 21.4 25.2
0.833333 2 216.5 309.0 21.5 25.2
0.866667 2 216.4 309.0 21.6 25.3
0.900000 2 216.3 309.0 21.7 25.4
0.933333 2 216.1 309.0 21.9 25.4
0.966667 2 216.0 309.0 22.0 25.5
1.000000 2 215.9 309.0 22.1 25.6
1.033333 2 215.8 309.0 22.2 25.6
1.066667 2 215.6 309.0 22.4 25.7
1.100000 2 215.5 309.0 22.5 25.7
1.133333 2 215.4 309.0 22.6 25.8
1.166667 2 215.3 309.0 22.7 25.9
1.200000 2 215.1 309.0 22.9 25.9
1.233333 2 215.0 309.0 23.0 26.0
1.266667 2 215.1 309.0 22.8 25.8
1.300000 2 215.2 309.0 22.7 25.7
1.333333 2 215.3 309.0 22.5 25.5
1.366667 2 215.4 309.0 22.3 25.3
1.400000 2 215.6 309.0 22.2 25.2
1.433333 2 215.7 309.0 22.0 25.0
1.466667 2 215.8 309.0 21.8 24.8
1.500000 2 215.9 309.0 21.7 24.7
1.533333 2 216.0 309.0 21.5 24.5
1.566667 2 216.1 309.0 21.3 24.3
1.600000 2 216.2 309.0 21.2 24.2
1.633333 2 216.3 309.0 21.0 24.0
1.666667 2 216.4 309.0 20.8 23.8
1.700000 2 216.6 309.0 20.7 23.7
1.733333 2 216.7 309.0 20.5 23.5
1.766667 2 216.8 309.0 20.3 23.3
1.800000 2 216.9 309.0 20.2 23.2
1.833333 2 217.0 309.0 20.0 23.0
1.866667 2 217.1 309.2 20.1 22.8
1.900000 2 217.2 309.3 20.2 22.5
1.933333 2 217.2 309.5 20.2 22.3
1.966667 2 217.3 309.6 20.3 22.1
2.000000 2 217.4 309.8 20.4 21.8
2.033333 2 217.5 309.9 20.5 21.6
2.066667 2 217.5 310.1 20.5 21.4
2.100000 2 217.6 310.2 20.6 21.2
2.133333 2 217.7 310.4 20.7 20.9
2.166667 2 217.8 310.5 20.8 20.7
2.200000 2 217.8 310.7 20.8 20.5
2.233333 2 217.9 310.8 20.9 20.2
2.266667 2 218.0 311.0 21.0 20.0
2.300000 2 218.1 310.9 20.9 20.0
2.333333 2 218.2 310.8 20.8 20.0
2.366667 2 218.3 310.7 20.7 20.0
2.400000 2 218.4 310.6 20.6 20.0
2.433333 2 218.5 310.5 20.5 20.0
2.466667 2 218.5 310.5 20.5 20.0
2.500000 2 218.6 310.4 20.4 20.0
2.533333 2 218.7 310.3 20.3 20.0
2.566667 2 218.8 310.2 20.2 20.0
2.600000 2 218.9 310.1 20.1 20.0
2.633333 2 219.0 310.0 20.0 20.0
2.666667 2 218.9 309.9 20.1 20.2
2.700000 2 218.8 309.8 20.2 20.5
2.733333 2 218.8 309.7 20.3 20.8
2.766667 2 218.7 309.7 20.3 21.0
2.800000 2 218.6 309.6 20.4 21.2
2.833333 2 218.5 309.5 20.5 21.5
2.866667 2 218.4 309.4 20.6 21.8
2.900000 2 218.3 309.3 20.7 22.0
2.933333 2 218.3 309.2 20.8 22.2
2.966667 2 218.2 309.2 20.8 22.5
3.000000 2 218.1 309.1 20.9 22.8
3.033333 2 218.0 309.0 21.0 23.0
3.066667 2 218.2 308.7 21.0 23.1
3.100000 2 218.4 308.5 21.0 23.2
3.133333 2 218.5 308.2 21.0 23.3
3.166667 2 218.7 307.9 21.0 23.4
3.200000 2 218.9 307.6 21.0 23.5
3.233333 2 219.1 307.4 21.0 23.5
3.266667 2 219.3 307.1 21.0 23.6
3.300000 2 219.5 306.8 21.0 23.7
3.333333 2 219.6 306.5 21.0 23.8
3.366667 2 219.8 306.3 21.0 23.9
3.400000 2 220.0 306.0 21.0 24.0
3.433333 2 219.8 306.2 21.3 23.8
3.466667 2 219.7 306.5 21.7 23.7
3.500000 2 219.5 306.8 22.0 23.5
3.533333 2 219.3 307.0 22.3 23.3
3.566667 2 219.2 307.2 22.7 23.2
3.600000 2 219.0 307.5 23.0 23.0
3.633333 2 218.8 307.8 23.3 22.8
3.666667 2 218.7 308.0 23.7 22.7
3.700000 2 218.5 308.2 24.0 22.5
3.733333 2 218.3 308.5 24.3 22.3
3.766667 2 218.2 308.8 24.7 22.2
3.800000 2 218.0 309.0 25.0 22.0
3.833333 2 218.3 309.0 24.5 21.8
3.866667 2 218.6 309.0 24.1 21.7
3.900000 2 218.9 309.0 23.6 21.5
3.933333 2 219.2 309.0 23.2 21.4
3.966667 2 219.5 309.0 22.7 21.2
4.000000 2 219.8 309.0 22.2 21.1
4.033333 2 220.2 309.0 21.8 20.9
4.066667 2 220.5 309.0 21.3 20.8
4.100000 2 220.8 309.0 20.8 20.6
4.133333 2 221.1 309.0 20.4 20.5
4.166667 2 221.4 309.0 19.9 20.3
4.200000 2 221.7 309.0 19.5 20.2
4.233333 2 222.0 309.0 19.0 20.0
4.266667 2 222.0 309.0 19.0 20.1
4.300000 2 221.9 309.0 18.9 20.2
4.333333 2 221.9 309.0 18.9 20.3
4.366667 2 221.8 309.0 18.8 20.4
4.400000 2 221.8 309.0 18.8 20.5
4.433333 2 221.7 309.0 18.7 20.6
4.466667 2 221.7 309.0 18.7 20.7
4.500000 2 221.6 309.0 18.6 20.8
4.533333 2 221.6 309.0 18.6 20.9
4.566667 2 221.5 309.0 18.5 21.0
4.600000 2 221.5 309.0 18.5 21.0
4.633333 2 221.4 309.0 18.4 21.1
4.666667 2 221.4 309.0 18.4 21.2
4.700000 2 221.3 309.0 18.3 21.3
4.733333 2 221.3 309.0 18.3 21.4
4.766667 2 221.2 309.0 18.2 21.5
4.800000 2 221.2 309.0 18.2 21.6
4.833333 2 221.1 309.0 18.1 21.7
4.866667 2 221.1 309.0 18.1 21.8
4.900000 2 221.0 309.0 18.0 21.9
4.933333 2 221.0 309.0 18.0 22.0
4.966667 2 220.8 308.9 18.3 22.0
5.000000 2 220.7 308.9 18.6 22.0
5.033333 2 220.5 308.8 18.9 22.0
5.066667 2 220.4 308.8 19.2 22.0
5.100000 2 220.2 308.7 19.5 22.0
5.133333 2 220.1 308.7 19.8 22.0
5.166667 2 219.9 308.6 20.1 22.0
5.200000 2 219.8 308.6 20.4 22.0
5.233333 2 219.6 308.5 20.7 22.0
5.266667 2 219.5 308.5 21.0 22.0
5.300000 2 219.3 308.4 21.3 22.0
5.333333 2 219.2 308.4 21.6 22.0
5.366667 2 219.0 308.3 21.9 22.0
5.400000 2 218.9 308.3 22.2 22.0
5.433333 2 218.7 308.2 22.5 22.0
5.466667 2 218.6 308.2 22.8 22.0
5.500000 2 218.4 308.1 23.1 22.0
5.533333 2 218.3 308.1 23.4 22.0
5.566667 2 218.1 308.0 23.7 22.0
5.600000 2 218.0 308.0 24.0 22.0
5.633333 2 217.9 307.8 23.8 22.2
5.666667 2 217.8 307.5 23.7 22.5
5.700000 2 217.8 307.2 23.5 22.8
5.733333 2 217.7 307.0 23.3 23.0
5.766667 2 217.6 306.8 23.2 23.2
5.800000 2 217.5 306.5 23.0 23.5
5.833333 2 217.4 306.2 22.8 23.8
5.866667 2 217.3 306.0 22.7 24.0
5.900000 2 217.3 305.8 22.5 24.2
5.933333 2 217.2 305.5 22.3 24.5
5.966667 2 217.1 305.2 22.2 24.8
6.000000 2 217.0 305.0 22.0 25.0
6.033333 2 216.9 305.1 21.9 24.7
6.066667 2 216.8 305.1 21.9 24.4
6.100000 2 216.6 305.2 21.8 24.1
6.133333 2 216.5 305.2 21.8 23.8
6.166667 2 216.4 305.3 21.7 23.4
6.200000 2 216.3 305.4 21.6 23.1
6.233333 2 216.1 305.4 21.6 22.8
6.266667 2 216.0 305.5 21.5 22.5
6.300000 2 215.9 305.6 21.4 22.2
6.333333 2 215.8 305.6 21.4 21.9
6.366667 2 215.6 305.7 21.3 21.6
6.400000 2 215.5 305.7 21.3 21.3
6.433333 2 215.4 305.8 21.2 20.9
6.466667 2 215.3 305.9 21.1 20.6
6.500000 2 215.1 305.9 21.1 20.3
6.533333 2 215.0 306.0 21.0 20.0
6.566667 2 214.6 305.6 20.9 20.3
6.600000 2 214.3 305.3 20.9 20.6
6.633333 2 213.9 304.9 20.8 20.9
6.666667 2 213.6 304.6 20.7 21.1
6.700000 2 213.2 304.2 20.6 21.4
6.733333 2 212.9 303.9 20.6 21.7
6.766667 2 212.5 303.5 20.5 22.0
6.800000 2 212.1 303.1 20.4 22.3
6.833333 2 211.8 302.8 20.4 22.6
6.866667 2 211.4 302.4 20.3 22.9
6.900000 2 211.1 302.1 20.2 23.1
6.933333 2 210.7 301.7 20.1 23.4
6.966667 2 210.4 301.4 20.1 23.7
7.000000 2 210.0 301.0 20.0 24.0
7.033333 2 209.6 301.0 19.9 23.9
7.066667 2 209.2 301.0 19.8 23.8
7.100000 2 208.8 301.0 19.7 23.7
7.133333 2 208.4 301.0 19.6 23.6
7.166667 2 208.0 301.0 19.5 23.5
7.200000 2 207.6 301.0 19.4 23.4
7.233333 2 207.2 301.0 19.3 23.3
7.266667 2 206.8 301.0 19.2 23.2
7.300000 2 206.4 301.0 19.1 23.1
7.333333 2 206.0 301.0 19.0 23.0
7.366667 2 205.6 300.9 19.3 23.1
7.400000 2 205.1 300.7 19.6 23.3
7.433333 2 204.7 300.6 19.9 23.4
7.466667 2 204.3 300.4 20.1 23.6
7.500000 2 203.9 300.3 20.4 23.7
7.533333 2 203.4 300.1 20.7 23.9
7.566667 2 203.0 300.0 21.0 24.0
7.600000 2 202.4 299.7 21.1 23.9
7.633333 2 201.7 299.5 21.3 23.7
7.666667 2 201.1 299.2 21.4 23.6
7.700000 2 200.5 299.0 21.5 23.5
7.733333 2 199.9 298.7 21.6 23.4
7.766667 2 199.2 298.5 21.8 23.2
7.800000 2 198.6 298.2 21.9 23.1
7.833333 2 198.0 298.0 22.0 23.0
7.866667 2 197.5 297.9 22.1 22.9
7.900000 2 196.9 297.8 22.2 22.8
7.933333 2 196.4 297.7 22.3 22.7
7.966667 2 195.8 297.6 22.4 22.6
8.000000 2 195.3 297.5 22.5 22.5
8.033333 2 194.7 297.5 22.5 22.5
8.066667 2 194.2 297.4 22.6 22.4
8.100000 2 193.6 297.3 22.7 22.3
8.133333 2 193.1 297.2 22.8 22.2
8.166667 2 192.5 297.1 22.9 22.1
8.200000 2 192.0 297.0 23.0 22.0
8.233333 2 191.4 296.9 23.1 21.8
8.266667 2 190.9 296.8 23.2 21.6
8.300000 2 190.3 296.7 23.3 21.3
8.333333 2 189.8 296.6 23.4 21.1
8.366667 2 189.2 296.4 23.6 20.9
8.400000 2 188.7 296.3 23.7 20.7
8.433333 2 188.1 296.2 23.8 20.4
8.466667 2 187.6 296.1 23.9 20.2
8.500000 2 187.0 296.0 24.0 20.0
8.533333 2 186.5 295.8 23.5 19.9
8.566667 2 185.9 295.6 23.1 19.8
8.600000 2 185.4 295.5 22.6 19.7
8.633333 2 184.8 295.3 22.2 19.6
8.666667 2 184.3 295.1 21.7 19.5
8.700000 2 183.7 294.9 21.3 19.5
8.733333 2 183.2 294.7 20.8 19.4
8.766667 2 182.6 294.5 20.4 19.3
8.800000 2 182.1 294.4 19.9 19.2
8.833333 2 181.5 294.2 19.5 19.1
8.866667 2 181.0 294.0 19.0 19.0
8.900000 2 180.2 293.6 19.1 19.1
8.933333 2 179.4 293.2 19.2 19.2
8.966667 2 178.6 292.8 19.3 19.3
9.000000 2 177.8 292.4 19.4 19.4
9.033333 2 177.0 292.0 19.5 19.5
9.066667 2 176.2 291.6 19.6 19.6
9.100000 2 175.4 291.2 19.7 19.7
9.133333 2 174.6 290.8 19.8 19.8
9.166667 2 173.8 290.4 19.9 19.9
9.200000 2 173.0 290.0 20.0 20.0
9.233333 2 172.3 289.8 19.8 19.8
9.266667 2 171.7 289.6 19.6 19.6
9.300000 2 171.0 289.3 19.3 19.3
9.333333 2 170.3 289.1 19.1 19.1
9.366667 2 169.7 288.9 18.9 18.9
9.400000 2 169.0 288.7 18.7 18.7
9.433333 2 168.3 288.4 18.4 18.4
9.466667 2 167.7 288.2 18.2 18.2
9.500000 2 167.0 288.0 18.0 18.0
9.533333 2 166.1 287.6 18.5 18.4
9.566667 2 165.2 287.3 18.9 18.7
9.600000 2 164.3 286.9 19.4 19.1
9.633333 2 163.4 286.5 19.8 19.5
9.666667 2 162.5 286.2 20.3 19.8
9.700000 2 161.5 285.8 20.7 20.2
9.733333 2 160.6 285.5 21.2 20.5
9.766667 2 159.7 285.1 21.6 20.9
9.800000 2 158.8 284.7 22.1 21.3
9.833333 2 157.9 284.4 22.5 21.6
9.866667 2 157.0 284.0 23.0 22.0
9.900000 2 156.5 283.4 22.9 21.9
9.933333 2 156.0 282.8 22.8 21.8
9.966667 2 155.5 282.2 22.7 21.7
10.000000 2 155.0 281.6 22.6 21.6
10.033333 2 154.5 281.0 22.5 21.5
10.066667 2 154.0 280.4 22.4 21.4
10.100000 2 153.5 279.8 22.3 21.3
10.133333 2 153.0 279.2 22.2 21.2
10.166667 2 152.5 278.6 22.1 21.1
10.200000 2 152.0 278.0 22.0 21.0
10.233333 2 151.7 278.0 21.8 20.8
10.266667 2 151.3 278.0 21.6 20.6
10.300000 2 151.0 278.0 21.3 20.3
10.333333 2 150.7 278.0 21.1 20.1
10.366667 2 150.3 278.0 20.9 19.9
10.400000 2 150.0 278.0 20.7 19.7
10.433333 2 149.7 278.0 20.4 19.4
10.466667 2 149.3 278.0 20.2 19.2
10.500000 2 149.0 278.0 20.0 19.0
