0.000000 2 486.0 329.0 22.0 24.0
0.033333 2 487.0 328.3 21.9 23.9
0.066667 2 488.0 327.6 21.7 23.7
0.100000 2 489.0 326.9 21.6 23.6
0.133333 2 490.0 326.1 21.4 23.4
0.166667 2 491.0 325.4 21.3 23.3
0.200000 2 492.0 324.7 21.1 23.1
0.233333 2 493.0 324.0 21.0 23.0
0.266667 2 492.4 323.4 21.2 23.1
0.300000 2 491.7 322.7 21.4 23.1
0.333333 2 491.1 322.1 21.6 23.2
0.366667 2 490.4 321.4 21.9 23.3
0.400000 2 489.8 320.8 22.1 23.4
0.433333 2 489.1 320.1 22.3 23.4
0.466667 2 488.5 319.5 22.5 23.5
0.500000 2 487.9 318.9 22.7 23.6
0.533333 2 487.2 318.2 22.9 23.6
0.566667 2 486.6 317.6 23.1 23.7
0.600000 2 485.9 316.9 23.4 23.8
0.633333 2 485.3 316.3 23.6 23.9
0.666667 2 484.6 315.6 23.8 23.9
0.700000 2 484.0 315.0 24.0 24.0
0.733333 2 482.4 314.3 23.9 24.0
0.766667 2 480.8 313.6 23.8 24.0
0.800000 2 479.2 312.9 23.8 24.0
0.833333 2 477.5 312.2 23.7 24.0
0.866667 2 475.9 311.5 23.6 24.0
0.900000 2 474.3 310.8 23.5 24.0
0.933333 2 472.7 310.2 23.5 24.0
0.966667 2 471.1 309.5 23.4 24.0
1.000000 2 469.5 308.8 23.3 24.0
1.033333 2 467.8 308.1 23.2 24.0
1.066667 2 466.2 307.4 23.2 24.0
1.100000 2 464.6 306.7 23.1 24.0
1.133333 2 463.0 306.0 23.0 24.0
1.166667 2 460.3 305.4 23.1 24.0
1.200000 2 457.6 304.8 23.2 24.0
1.233333 2 454.9 304.2 23.3 24.0
1.266667 2 452.2 303.6 23.4 24.0
1.300000 2 449.5 303.0 23.5 24.0
1.333333 2 446.8 302.4 23.6 24.0
1.366667 2 444.1 301.8 23.7 24.0
1.400000 2 441.4 301.2 23.8 24.0
1.433333 2 438.7 300.6 23.9 24.0
1.466667 2 436.0 300.0 24.0 24.0
1.500000 2 433.5 299.5 23.7 24.0
1.533333 2 431.1 298.9 23.5 24.0
1.566667 2 428.6 298.4 23.2 24.0
1.600000 2 426.2 297.8 22.9 24.0
1.633333 2 423.7 297.3 22.6 24.0
1.666667 2 421.3 296.7 22.4 24.0
1.700000 2 418.8 296.2 22.1 24.0
1.733333 2 416.4 295.6 21.8 24.0
1.766667 2 413.9 295.1 21.5 24.0
1.800000 2 411.5 294.5 21.3 24.0
1.833333 2 409.0 294.0 21.0 24.0
1.866667 2 406.7 293.0 21.0 24.4
1.900000 2 404.3 292.0 21.0 24.9
1.933333 2 402.0 291.0 21.0 25.3
1.966667 2 399.7 290.0 21.0 25.8
2.000000 2 397.3 289.0 21.0 26.2
2.033333 2 395.0 288.0 21.0 26.7
2.066667 2 392.7 287.0 21.0 27.1
2.100000 2 390.3 286.0 21.0 27.6
2.133333 2 388.0 285.0 21.0 28.0
2.166667 2 386.5 284.5 21.1 27.6
2.200000 2 385.1 283.9 21.2 27.3
2.233333 2 383.6 283.4 21.3 26.9
2.266667 2 382.2 282.8 21.4 26.5
2.300000 2 380.7 282.3 21.5 26.2
2.333333 2 379.3 281.7 21.5 25.8
2.366667 2 377.8 281.2 21.6 25.5
2.400000 2 376.4 280.6 21.7 25.1
2.433333 2 374.9 280.1 21.8 24.7
2.466667 2 373.5 279.5 21.9 24.4
2.500000 2 372.0 279.0 22.0 24.0
2.533333 2 371.1 278.1 22.0 24.1
2.566667 2 370.3 277.3 22.0 24.3
2.600000 2 369.4 276.4 22.0 24.4
2.633333 2 368.6 275.6 22.0 24.6
2.666667 2 367.7 274.7 22.0 24.7
2.700000 2 366.9 273.9 22.0 24.9
2.733333 2 366.0 273.0 22.0 25.0
2.766667 2 365.4 271.9 22.1 25.3
2.800000 2 364.7 270.7 22.3 25.5
2.833333 2 364.1 269.6 22.4 25.8
2.866667 2 363.5 268.5 22.5 26.0
2.900000 2 362.9 267.4 22.6 26.3
2.933333 2 362.2 266.2 22.8 26.5
2.966667 2 361.6 265.1 22.9 26.8
3.000000 2 361.0 264.0 23.0 27.0
3.033333 2 361.0 262.9 23.0 27.1
3.066667 2 361.0 261.8 23.0 27.2
3.100000 2 361.0 260.7 23.0 27.3
3.133333 2 361.0 259.6 23.0 27.4
3.166667 2 361.0 258.5 23.0 27.5
3.200000 2 361.0 257.4 23.0 27.6
3.233333 2 361.0 256.3 23.0 27.7
3.266667 2 361.0 255.2 23.0 27.8
3.300000 2 361.0 254.1 23.0 27.9
3.333333 2 361.0 253.0 23.0 28.0
3.366667 2 361.8 252.0 23.1 27.8
3.400000 2 362.5 251.0 23.2 27.7
3.433333 2 363.3 250.0 23.3 27.5
3.466667 2 364.0 249.0 23.3 27.3
3.500000 2 364.8 248.0 23.4 27.2
3.533333 2 365.5 247.0 23.5 27.0
3.566667 2 366.3 246.0 23.6 26.8
3.600000 2 367.0 245.0 23.7 26.7
3.633333 2 367.8 244.0 23.8 26.5
3.666667 2 368.5 243.0 23.8 26.3
3.700000 2 369.3 242.0 23.9 26.2
3.733333 2 370.0 241.0 24.0 26.0
3.766667 2 371.6 239.7 23.7 26.0
3.800000 2 373.1 238.4 23.4 26.0
3.833333 2 374.7 237.1 23.1 26.0
3.866667 2 376.3 235.9 22.9 26.0
3.900000 2 377.9 234.6 22.6 26.0
3.933333 2 379.4 233.3 22.3 26.0
3.966667 2 381.0 232.0 22.0 26.0
4.000000 2 382.4 230.9 22.3 25.6
4.033333 2 383.8 229.7 22.5 25.2
4.066667 2 385.1 228.6 22.8 24.9
4.100000 2 386.5 227.5 23.0 24.5
4.133333 2 387.9 226.4 23.3 24.1
4.166667 2 389.3 225.2 23.5 23.7
4.200000 2 390.6 224.1 23.8 23.4
4.233333 2 392.0 223.0 24.0 23.0
4.266667 2 394.0 221.4 24.2 23.4
4.300000 2 396.0 219.9 24.4 23.9
4.333333 2 398.0 218.3 24.7 24.3
4.366667 2 400.0 216.8 24.9 24.8
4.400000 2 402.0 215.2 25.1 25.2
4.433333 2 404.0 213.7 25.3 25.7
4.466667 2 406.0 212.1 25.6 26.1
4.500000 2 408.0 210.6 25.8 26.6
4.533333 2 410.0 209.0 26.0 27.0
4.566667 2 412.1 207.5 25.8 27.1
4.600000 2 414.2 205.9 25.6 27.2
4.633333 2 416.3 204.4 25.5 27.3
4.666667 2 418.4 202.8 25.3 27.4
4.700000 2 420.5 201.3 25.1 27.5
4.733333 2 422.5 199.7 24.9 27.5
4.766667 2 424.6 198.2 24.7 27.6
4.800000 2 426.7 196.6 24.5 27.7
4.833333 2 428.8 195.1 24.4 27.8
4.866667 2 430.9 193.5 24.2 27.9
4.900000 2 433.0 192.0 24.0 28.0
4.933333 2 434.7 190.4 24.2 27.9
4.966667 2 436.3 188.9 24.4 27.8
5.000000 2 438.0 187.3 24.7 27.7
5.033333 2 439.7 185.8 24.9 27.6
5.066667 2 441.3 184.2 25.1 27.4
5.100000 2 443.0 182.7 25.3 27.3
5.133333 2 444.7 181.1 25.6 27.2
5.166667 2 446.3 179.6 25.8 27.1
5.200000 2 448.0 178.0 26.0 27.0
5.233333 2 449.5 175.2 26.0 27.4
5.266667 2 451.0 172.4 26.0 27.8
5.300000 2 452.5 169.6 26.0 28.2
5.333333 2 454.0 166.8 26.0 28.6
5.366667 2 455.5 164.0 26.0 29.0
5.400000 2 457.0 161.2 26.0 29.4
5.433333 2 458.5 158.4 26.0 29.8
5.466667 2 460.0 155.6 26.0 30.2
5.500000 2 461.5 152.8 26.0 30.6
5.533333 2 463.0 150.0 26.0 31.0
5.566667 2 463.6 148.2 26.5 30.6
5.600000 2 464.3 146.5 27.0 30.2
5.633333 2 464.9 144.7 27.5 29.9
5.666667 2 465.5 143.0 28.0 29.5
5.700000 2 466.1 141.2 28.5 29.1
5.733333 2 466.8 139.5 29.0 28.7
5.766667 2 467.4 137.7 29.5 28.4
5.800000 2 468.0 136.0 30.0 28.0
5.833333 2 469.1 133.1 29.4 29.6
5.866667 2 470.3 130.3 28.9 31.1
5.900000 2 471.4 127.4 28.3 32.7
5.933333 2 472.6 124.6 27.7 34.3
5.966667 2 473.7 121.7 27.1 35.9
6.000000 2 474.9 118.9 26.6 37.4
6.033333 2 476.0 116.0 26.0 39.0
6.066667 2 476.1 115.1 26.3 38.2
6.100000 2 476.2 114.2 26.7 37.5
6.133333 2 476.3 113.2 27.0 36.7
6.166667 2 476.3 112.3 27.3 36.0
6.200000 2 476.4 111.4 27.7 35.2
6.233333 2 476.5 110.5 28.0 34.5
6.266667 2 476.6 109.6 28.3 33.7
6.300000 2 476.7 108.7 28.7 33.0
6.333333 2 476.8 107.7 29.0 32.2
6.366667 2 476.8 106.8 29.3 31.5
6.400000 2 476.9 105.9 29.7 30.7
6.433333 2 477.0 105.0 30.0 30.0
6.466667 2 476.8 104.2 29.9 30.4
6.500000 2 476.6 103.4 29.8 30.8
6.533333 2 476.4 102.6 29.7 31.2
6.566667 2 476.2 101.8 29.6 31.6
6.600000 2 476.0 101.0 29.5 32.0
6.633333 2 475.8 100.2 29.4 32.4
6.666667 2 475.6 99.4 29.3 32.8
6.700000 2 475.4 98.6 29.2 33.2
6.733333 2 475.2 97.8 29.1 33.6
6.766667 2 475.0 97.0 29.0 34.0
6.800000 2 474.5 97.0 29.4 33.9
6.833333 2 474.1 97.0 29.8 33.9
6.866667 2 473.6 97.0 30.2 33.8
6.900000 2 473.1 97.0 30.6 33.7
6.933333 2 472.7 97.0 31.0 33.7
6.966667 2 472.2 97.0 31.4 33.6
7.000000 2 471.7 97.0 31.8 33.5
7.033333 2 471.3 97.0 32.2 33.5
7.066667 2 470.8 97.0 32.6 33.4
7.100000 2 470.3 97.0 33.0 33.3
7.133333 2 469.9 97.0 33.4 33.3
7.166667 2 469.4 97.0 33.8 33.2
7.200000 2 468.9 97.0 34.2 33.1
7.233333 2 468.5 97.0 34.6 33.1
7.266667 2 468.0 97.0 35.0 33.0
7.300000 2 468.1 97.1 34.5 32.8
7.333333 2 468.1 97.3 33.9 32.6
7.366667 2 468.2 97.4 33.4 32.4
7.400000 2 468.3 97.5 32.9 32.2
7.433333 2 468.3 97.7 32.3 32.0
7.466667 2 468.4 97.8 31.8 31.8
7.500000 2 468.5 97.9 31.3 31.6
7.533333 2 468.5 98.1 30.7 31.4
7.566667 2 468.6 98.2 30.2 31.2
7.600000 2 468.7 98.3 29.7 31.0
7.633333 2 468.7 98.5 29.1 30.8
7.666667 2 468.8 98.6 28.6 30.6
7.700000 2 468.9 98.7 28.1 30.4
7.733333 2 468.9 98.9 27.5 30.2
7.766667 2 469.0 99.0 27.0 30.0
7.800000 2 468.9 99.1 27.1 30.2
7.833333 2 468.8 99.2 27.2 30.3
7.866667 2 468.8 99.2 27.2 30.5
7.900000 2 468.7 99.3 27.3 30.6
7.933333 2 468.6 99.4 27.4 30.8
7.966667 2 468.5 99.5 27.5 30.9
8.000000 2 468.5 99.5 27.5 31.1
8.033333 2 468.4 99.6 27.6 31.2
8.066667 2 468.3 99.7 27.7 31.4
8.100000 2 468.2 99.8 27.8 31.5
8.133333 2 468.2 99.8 27.8 31.7
8.166667 2 468.1 99.9 27.9 31.8
8.200000 2 468.0 100.0 28.0 32.0
8.233333 2 468.1 100.1 27.9 31.9
8.266667 2 468.2 100.2 27.8 31.8
8.300000 2 468.3 100.3 27.7 31.7
8.333333 2 468.4 100.4 27.6 31.6
8.366667 2 468.5 100.5 27.5 31.5
8.400000 2 468.5 100.5 27.5 31.5
8.433333 2 468.6 100.6 27.4 31.4
8.466667 2 468.7 100.7 27.3 31.3
8.500000 2 468.8 100.8 27.2 31.2
8.533333 2 468.9 100.9 27.1 31.1
8.566667 2 469.0 101.0 27.0 31.0
8.600000 2 469.2 100.9 27.0 31.1
8.633333 2 469.4 100.9 27.0 31.3
8.666667 2 469.6 100.8 27.0 31.4
8.700000 2 469.8 100.7 27.0 31.5
8.733333 2 469.9 100.7 27.0 31.6
8.766667 2 470.1 100.6 27.0 31.8
8.800000 2 470.3 100.6 27.0 31.9
8.833333 2 470.5 100.5 27.0 32.0
8.866667 2 470.7 100.4 27.0 32.1
8.900000 2 470.9 100.4 27.0 32.3
8.933333 2 471.1 100.3 27.0 32.4
8.966667 2 471.3 100.2 27.0 32.5
9.000000 2 471.4 100.2 27.0 32.6
9.033333 2 471.6 100.1 27.0 32.8
9.066667 2 471.8 100.1 27.0 32.9
9.100000 2 472.0 100.0 27.0 33.0
9.133333 2 472.0 100.0 27.1 32.7
9.166667 2 472.0 100.0 27.2 32.5
9.200000 2 472.0 100.0 27.3 32.2
9.233333 2 472.0 100.0 27.3 32.0
9.266667 2 472.0 100.0 27.4 31.7
9.300000 2 472.0 100.0 27.5 31.5
9.333333 2 472.0 100.0 27.6 31.2
9.366667 2 472.0 100.0 27.7 31.0
9.400000 2 472.0 100.0 27.8 30.7
9.433333 2 472.0 100.0 27.8 30.5
9.466667 2 472.0 100.0 27.9 30.2
9.500000 2 472.0 100.0 28.0 30.0
9.533333 2 472.1 100.1 28.1 29.9
9.566667 2 472.2 100.1 28.2 29.9
9.600000 2 472.4 100.2 28.4 29.8
9.633333 2 472.5 100.2 28.5 29.8
9.666667 2 472.6 100.3 28.6 29.7
9.700000 2 472.7 100.4 28.7 29.6
9.733333 2 472.9 100.4 28.9 29.6
9.766667 2 473.0 100.5 29.0 29.5
9.800000 2 473.1 100.6 29.1 29.4
9.833333 2 473.2 100.6 29.2 29.4
9.866667 2 473.4 100.7 29.4 29.3
9.900000 2 473.5 100.7 29.5 29.3
9.933333 2 473.6 100.8 29.6 29.2
9.966667 2 473.7 100.9 29.7 29.1
10.000000 2 473.9 100.9 29.9 29.1
10.033333 2 474.0 101.0 30.0 29.0
10.066667 2 474.1 101.2 29.9 28.9
10.100000 2 474.1 101.3 29.8 28.8
10.133333 2 474.2 101.5 29.7 28.7
10.166667 2 474.2 101.6 29.6 28.6
10.200000 2 474.3 101.8 29.5 28.5
10.233333 2 474.3 101.9 29.4 28.4
10.266667 2 474.4 102.1 29.3 28.3
10.300000 2 474.4 102.3 29.2 28.2
10.333333 2 474.5 102.4 29.1 28.1
10.366667 2 474.5 102.6 28.9 27.9
10.400000 2 474.6 102.7 28.8 27.8
10.433333 2 474.6 102.9 28.7 27.7
10.466667 2 474.7 103.1 28.6 27.6
10.500000 2 474.7 103.2 28.5 27.5
10.533333 2 474.8 103.4 28.4 27.4
10.566667 2 474.8 103.5 28.3 27.3
10.600000 2 474.9 103.7 28.2 27.2
10.633333 2 474.9 103.8 28.1 27.1
10.666667 2 475.0 104.0 28.0 27.0
