0.000000 2 407.0 360.0 64.0 27.0
0.033333 2 399.0 372.0 72.0 27.0
0.066667 2 402.0 372.0 66.0 26.0
0.100000 2 410.0 379.0 63.0 28.0
0.133333 2 402.0 382.0 70.0 26.0
0.166667 2 411.0 387.0 57.0 25.0
0.200000 2 411.0 391.0 61.0 28.0
0.233333 2 409.0 392.0 68.0 28.0
0.266667 2 414.0 399.0 60.0 24.0
0.300000 2 412.0 401.0 65.0 25.0
0.333333 2 411.0 400.0 70.0 31.0
0.366667 2 414.0 405.0 67.0 24.0
0.400000 2 418.0 405.0 61.0 30.0
0.433333 2 423.0 409.0 60.0 26.0
0.466667 2 422.0 408.0 64.0 28.0
0.500000 2 425.0 408.0 64.0 31.0
0.533333 2 425.0 411.0 61.0 25.0
0.566667 2 425.0 411.0 73.0 29.0
0.600000 2 434.0 415.0 64.0 26.0
0.633333 2 436.0 412.0 70.0 34.0
0.666667 2 442.0 413.0 64.0 33.0
0.700000 2 442.0 413.0 64.0 31.0
0.733333 2 448.0 411.0 58.0 33.0
0.766667 2 448.0 411.0 69.0 30.0
0.800000 2 451.0 411.0 66.0 30.0
0.833333 2 451.0 411.0 77.0 32.0
0.866667 2 461.0 404.0 67.0 39.0
0.900000 2 461.0 404.0 71.0 43.0
0.933333 2 474.0 406.0 58.0 41.0
0.966667 2 474.0 406.0 63.0 38.0
1.000000 2 480.0 403.0 57.0 41.0
1.033333 2 479.0 402.0 66.0 45.0
1.066667 2 489.0 405.0 56.0 42.0
1.100000 2 489.0 405.0 69.0 39.0
1.133333 2 501.0 402.0 57.0 42.0
1.166667 2 501.0 402.0 60.0 42.0
1.200000 2 507.0 400.0 54.0 44.0
1.233333 2 507.0 400.0 66.0 40.0
1.266667 2 513.0 397.0 60.0 43.0
1.300000 2 513.0 397.0 71.0 42.0
1.333333 2 519.0 393.0 65.0 46.0
1.366667 2 519.0 393.0 66.0 45.0
1.400000 2 524.0 390.0 61.0 48.0
1.433333 2 524.0 392.0 72.0 46.0
1.466667 2 534.0 396.0 62.0 42.0
1.500000 2 534.0 396.0 70.0 41.0
1.533333 2 537.0 394.0 67.0 43.0
1.566667 2 537.0 394.0 75.0 49.0
1.600000 2 544.0 390.0 68.0 53.0
1.633333 2 544.0 390.0 67.0 60.0
1.666667 2 549.0 394.0 62.0 56.0
1.700000 2 549.0 394.0 63.0 59.0
1.733333 2 552.0 399.0 60.0 54.0
1.766667 2 552.0 398.0 59.0 57.0
1.800000 2 546.0 399.0 65.0 56.0
1.833333 2 546.0 399.0 64.0 55.0
1.866667 2 552.0 399.0 59.0 61.0
1.900000 2 552.0 399.0 57.0 65.0
1.933333 2 547.0 404.0 62.0 60.0
1.966667 2 547.0 404.0 59.0 64.0
2.000000 2 548.0 414.0 58.0 54.0
2.033333 2 548.0 414.0 53.0 51.0
2.066667 2 538.0 421.0 63.0 44.0
2.100000 2 538.0 421.0 61.0 46.0
2.133333 2 532.0 421.0 67.0 46.0
2.166667 2 532.0 421.0 57.0 50.0
2.200000 2 525.0 430.0 64.0 41.0
2.233333 2 525.0 430.0 59.0 43.0
2.266667 2 514.0 428.0 70.0 45.0
2.300000 2 514.0 428.0 67.0 51.0
2.333333 2 504.0 432.0 77.0 47.0
2.366667 2 504.0 432.0 58.0 45.0
2.400000 2 492.0 436.0 70.0 41.0
2.433333 2 492.0 436.0 66.0 41.0
2.466667 2 486.0 439.0 72.0 38.0
2.500000 2 486.0 439.0 59.0 36.0
2.533333 2 472.0 441.0 73.0 34.0
2.566667 2 471.0 440.0 61.0 37.0
2.600000 2 462.0 439.0 70.0 38.0
2.633333 2 462.0 438.0 57.0 39.0
2.666667 2 444.0 437.0 75.0 40.0
2.700000 2 444.0 437.0 64.0 37.0
2.733333 2 435.0 441.0 73.0 33.0
2.766667 2 435.0 439.0 65.0 35.0
2.800000 2 420.0 432.0 80.0 42.0
2.833333 2 420.0 432.0 63.0 36.0
2.866667 2 415.0 432.0 68.0 36.0
2.900000 2 415.0 432.0 59.0 30.0
2.933333 2 402.0 427.0 72.0 35.0
2.966667 2 402.0 427.0 65.0 35.0
3.000000 2 393.0 423.0 75.0 39.0
3.033333 2 393.0 423.0 60.0 32.0
3.066667 2 388.0 420.0 65.0 35.0
3.100000 2 388.0 420.0 55.0 27.0
3.133333 2 373.0 406.0 70.0 41.0
3.166667 2 373.0 406.0 62.0 32.0
3.200000 2 366.0 399.0 59.0 28.0
3.233333 2 366.0 399.0 60.0 30.0
3.266667 2 357.0 388.0 69.0 41.0
3.300000 2 357.0 388.0 57.0 28.0
3.333333 2 345.0 378.0 69.0 38.0
3.366667 2 345.0 377.0 63.0 29.0
3.400000 2 339.0 369.0 69.0 37.0
3.433333 2 339.0 369.0 62.0 29.0
3.466667 2 323.0 360.0 78.0 38.0
3.500000 2 323.0 360.0 72.0 28.0
3.533333 2 323.0 348.0 73.0 40.0
3.566667 2 323.0 348.0 67.0 29.0
3.600000 2 316.0 336.0 74.0 41.0
3.633333 2 317.6 329.7 75.0 39.7
3.666667 2 310.4 317.0 79.9 50.4
3.700000 2 291.4 305.8 97.7 69.6
3.733333 2 289.4 302.3 98.1 70.0
3.766667 2 287.0 296.0 98.0 69.9
3.800000 2 284.6 289.2 98.3 70.1
3.833333 2 281.2 280.3 97.7 69.7
3.866667 2 277.8 271.9 97.4 69.0
3.900000 2 277.2 270.1 96.7 68.2
3.933333 2 275.4 264.6 96.4 67.6
3.966667 2 273.8 260.1 96.1 67.1
4.000000 2 272.3 255.5 96.1 66.9
4.033333 2 271.4 253.3 95.9 66.7
4.066667 2 270.0 248.6 96.3 67.0
4.100000 2 269.3 246.1 96.1 66.9
4.133333 2 268.3 242.4 95.7 66.7
4.166667 2 267.5 238.0 95.8 66.7
4.200000 2 267.0 235.0 95.1 66.0
4.233333 2 267.0 233.5 94.1 65.0
4.266667 2 266.7 230.6 93.4 64.4
4.300000 2 266.9 229.6 92.4 63.7
4.333333 2 266.6 227.0 91.8 63.3
4.366667 2 266.1 225.0 91.9 63.4
4.400000 2 265.5 222.5 92.2 64.0
4.433333 2 265.2 221.9 92.1 64.0
4.466667 2 265.3 221.4 91.9 64.0
4.500000 2 264.9 220.1 92.2 64.4
4.533333 2 264.5 219.1 92.5 64.6
4.566667 2 264.1 218.7 93.1 65.4
4.600000 2 263.9 218.7 93.1 65.2
4.633333 2 264.3 219.3 92.7 65.2
4.666667 2 264.2 219.2 92.7 65.2
4.700000 2 264.3 220.4 92.5 64.8
4.733333 2 264.9 221.1 91.4 63.7
4.766667 2 264.6 222.0 92.0 64.3
4.800000 2 264.1 221.6 93.0 65.6
4.833333 2 263.3 222.0 94.8 67.3
4.866667 2 263.0 222.5 95.8 69.1
4.900000 2 262.6 222.2 97.0 70.9
4.933333 2 262.7 223.1 96.8 70.9
4.966667 2 263.0 224.0 96.8 70.9
5.000000 2 263.9 225.9 95.7 69.8
5.033333 2 264.6 227.4 94.4 68.1
5.066667 2 265.9 230.6 92.6 65.7
5.100000 2 266.4 231.9 91.8 65.0
5.133333 2 266.6 234.6 91.6 64.7
5.166667 2 266.5 235.2 92.0 65.3
5.200000 2 266.0 237.5 93.0 66.3
5.233333 2 266.1 238.2 93.4 67.0
5.266667 2 265.7 240.3 94.0 68.1
5.300000 2 266.4 243.6 93.1 67.4
5.333333 2 267.2 245.2 91.9 66.3
5.366667 2 268.0 248.9 90.3 64.6
5.400000 2 268.7 250.6 89.5 63.6
5.433333 2 269.3 254.0 88.5 62.4
5.466667 2 269.7 255.9 87.7 61.3
5.500000 2 271.0 261.2 85.9 59.3
5.533333 2 271.4 262.5 85.7 59.2
5.566667 2 272.0 266.0 85.6 59.4
5.600000 2 272.9 269.1 85.5 59.2
5.633333 2 273.3 271.0 85.1 58.9
5.666667 2 274.5 274.3 84.3 58.0
5.700000 2 275.5 277.5 84.4 58.5
5.733333 2 275.6 279.0 85.1 58.9
5.766667 2 276.2 281.9 85.8 60.0
5.800000 2 277.0 284.0 85.5 59.3
5.833333 2 278.1 287.2 85.4 59.5
5.866667 2 278.6 288.6 85.8 60.0
5.900000 2 280.0 291.8 85.0 59.2
5.933333 2 281.3 293.7 84.5 58.7
5.966667 2 282.9 296.9 83.4 57.7
6.000000 2 283.9 299.5 83.8 57.6
6.033333 2 284.6 300.4 83.8 58.0
6.066667 2 285.7 302.6 84.2 58.1
6.100000 2 286.4 303.6 84.0 58.0
6.133333 2 287.7 304.9 84.1 58.6
6.166667 2 288.9 305.5 84.4 59.3
6.200000 2 289.5 305.8 84.4 59.7
6.233333 2 291.4 306.7 83.2 58.9
6.266667 2 292.6 306.8 82.9 58.6
6.300000 2 293.4 307.0 82.3 58.0
6.333333 2 295.1 306.7 81.1 57.0
6.366667 2 295.8 306.7 80.6 56.5
6.400000 2 297.2 306.2 80.0 55.9
6.433333 2 298.0 306.2 79.2 54.9
6.466667 2 299.2 304.8 78.6 54.6
6.500000 2 300.0 304.4 78.1 54.0
6.533333 2 301.8 302.3 76.8 53.1
6.566667 2 302.4 301.2 76.8 53.3
6.600000 2 303.8 299.4 75.7 52.2
6.633333 2 304.6 298.6 75.6 52.2
6.666667 2 306.0 296.3 74.3 51.1
6.700000 2 306.3 295.1 74.6 51.4
6.733333 2 307.2 291.8 74.6 51.7
6.766667 2 308.3 289.0 74.1 51.3
6.800000 2 309.3 287.8 73.5 51.0
6.833333 2 311.6 285.5 71.6 49.4
6.866667 2 313.0 283.2 70.8 48.9
6.900000 2 313.9 282.0 70.3 48.5
6.933333 2 315.6 279.7 69.4 47.9
6.966667 2 317.0 277.5 68.7 47.3
7.000000 2 317.4 275.9 68.9 47.5
7.033333 2 318.3 272.5 69.4 48.5
7.066667 2 319.0 271.1 68.8 48.1
7.100000 2 320.5 268.2 68.6 48.4
7.133333 2 321.8 265.6 68.1 48.3
7.166667 2 323.4 263.3 66.9 47.1
7.200000 2 324.9 261.8 65.6 45.8
7.233333 2 326.0 260.5 64.9 45.4
7.266667 2 327.8 258.1 64.0 44.3
7.300000 2 329.0 256.7 63.5 43.8
7.333333 2 329.5 254.5 63.5 44.1
7.366667 2 330.6 253.8 62.8 43.6
7.400000 2 331.5 252.0 62.3 43.2
7.433333 2 332.1 251.3 62.0 42.9
7.466667 2 333.1 249.4 61.8 42.6
7.500000 2 333.8 247.3 61.3 42.4
7.533333 2 334.0 246.3 61.3 42.5
7.566667 2 334.6 243.5 61.7 43.1
7.600000 2 335.1 243.0 61.5 43.1
7.633333 2 336.0 240.5 61.4 43.2
7.666667 2 336.7 238.5 61.5 43.4
7.700000 2 336.8 237.1 61.9 43.9
7.733333 2 337.5 234.6 61.8 44.2
7.766667 2 338.4 233.9 61.1 43.5
7.800000 2 339.4 231.6 61.1 43.5
7.833333 2 339.8 230.6 61.0 43.6
7.866667 2 341.4 228.6 60.2 43.0
7.900000 2 342.3 226.0 60.5 43.3
7.933333 2 343.0 225.1 60.1 43.0
7.966667 2 344.3 223.1 60.0 43.1
8.000000 2 345.3 220.2 60.5 43.7
8.033333 2 346.5 219.7 59.6 42.8
8.066667 2 348.0 218.0 59.1 42.3
8.100000 2 349.9 216.2 58.1 41.5
8.133333 2 350.9 215.6 57.6 40.9
8.166667 2 353.0 214.4 56.3 39.4
8.200000 2 354.3 213.8 55.4 38.6
8.233333 2 355.7 212.6 55.2 38.1
8.266667 2 357.5 211.6 54.6 37.9
8.300000 2 358.3 211.1 54.1 37.5
8.333333 2 359.3 210.4 54.2 37.8
8.366667 2 359.9 210.1 54.4 38.1
8.400000 2 361.0 210.1 54.3 38.4
8.433333 2 361.4 210.2 54.4 38.6
8.466667 2 362.3 210.8 53.9 38.3
8.500000 2 362.6 211.2 53.8 38.3
8.533333 2 363.4 212.9 53.6 38.1
8.566667 2 363.5 213.9 53.6 38.2
8.600000 2 363.6 215.2 53.2 37.7
8.633333 2 363.5 217.6 52.9 37.6
8.666667 2 363.5 218.4 53.0 37.6
8.700000 2 363.2 221.3 52.7 37.3
8.733333 2 363.0 224.2 52.4 37.0
8.766667 2 362.7 225.5 52.4 37.0
8.800000 2 362.0 228.7 52.3 37.0
8.833333 2 361.2 231.8 52.3 36.9
8.866667 2 361.1 233.6 51.9 36.5
8.900000 2 360.1 237.0 51.9 36.5
8.933333 2 359.5 241.1 51.3 35.8
8.966667 2 358.5 244.6 51.1 35.6
9.000000 2 357.1 248.3 51.0 35.3
9.033333 2 355.8 252.0 50.9 35.2
9.066667 2 355.0 253.6 51.0 35.1
9.100000 2 353.6 257.2 50.8 35.0
9.133333 2 352.7 258.3 50.7 34.9
9.166667 2 351.4 261.7 50.8 35.0
9.200000 2 350.1 264.6 50.4 34.6
9.233333 2 348.4 267.5 50.4 34.7
9.266667 2 346.7 271.2 50.2 34.7
9.300000 2 345.0 274.1 50.3 34.9
9.333333 2 344.2 276.0 50.4 35.0
9.366667 2 342.3 279.3 50.3 34.8
9.400000 2 341.7 281.4 50.1 34.6
9.433333 2 340.0 285.2 49.6 34.3
9.466667 2 337.8 289.1 49.7 34.3
9.500000 2 337.0 291.1 49.6 34.3
9.533333 2 334.9 294.9 49.7 34.2
9.566667 2 334.2 297.0 49.6 34.2
9.600000 2 332.2 300.7 49.6 34.1
9.633333 2 330.1 305.1 49.7 34.3
9.666667 2 329.4 306.5 49.8 34.2
9.700000 2 327.5 310.6 49.8 34.3
9.733333 2 326.8 312.2 49.5 34.1
9.766667 2 325.2 315.8 49.5 34.0
9.800000 2 324.1 317.3 49.3 34.0
9.833333 2 322.3 320.9 49.6 34.2
9.866667 2 320.3 323.4 49.8 34.5
9.900000 2 319.4 325.7 49.7 34.3
9.933333 2 317.6 327.9 49.6 34.2
9.966667 2 315.5 330.6 49.5 34.2
10.000000 2 313.5 333.3 49.7 34.5
10.033333 2 311.6 335.1 49.4 34.3
10.066667 2 310.4 336.1 49.6 34.4
10.100000 2 309.2 336.5 49.6 34.4
10.133333 2 307.3 338.7 49.3 34.0
10.166667 2 305.2 339.8 49.1 33.9
10.200000 2 304.4 340.6 48.8 33.7
10.233333 2 302.3 341.6 48.5 33.4
10.266667 2 299.7 341.7 48.4 33.3
10.300000 2 299.0 342.1 48.2 33.2
10.333333 2 297.0 342.0 48.0 33.0
