0.000000 2 264.8 353.2 47.2 31.5
0.033333 2 263.5 351.6 47.3 31.6
0.066667 2 262.5 349.9 47.3 31.6
0.100000 2 261.8 348.9 47.2 31.5
0.133333 2 262.1 349.5 47.2 31.5
0.166667 2 261.3 347.3 47.4 31.7
0.200000 2 261.1 346.4 47.2 31.5
0.233333 2 261.1 345.1 47.2 31.5
0.266667 2 261.2 344.3 47.3 31.6
0.300000 2 261.5 343.2 47.3 31.6
0.333333 2 261.4 343.7 47.4 31.7
0.366667 2 262.1 342.3 47.3 31.6
0.400000 2 263.0 341.2 47.1 31.4
0.433333 2 263.8 340.0 47.2 31.5
0.466667 2 264.4 338.0 47.3 31.6
0.500000 2 265.2 336.1 47.3 31.6
0.533333 2 265.0 337.2 47.1 31.4
0.566667 2 266.2 333.9 47.2 31.5
0.600000 2 266.9 331.2 47.1 31.4
0.633333 2 267.6 328.1 47.2 31.5
0.666667 2 268.4 324.9 47.3 31.6
0.700000 2 269.0 321.3 47.1 31.4
0.733333 2 268.6 323.2 47.2 31.5
0.766667 2 269.6 317.5 47.2 31.5
0.800000 2 270.2 313.3 47.1 31.4
0.833333 2 270.6 309.0 47.2 31.5
0.866667 2 271.1 304.6 47.0 31.3
0.900000 2 271.2 300.5 47.0 31.3
0.933333 2 271.2 302.4 47.0 31.3
0.966667 2 271.3 296.2 47.2 31.5
1.000000 2 271.3 292.6 47.2 31.4
1.033333 2 271.3 289.1 47.2 31.5
1.066667 2 271.2 286.1 47.0 31.3
1.100000 2 270.9 283.2 46.9 31.3
1.133333 2 271.2 284.6 47.0 31.3
1.166667 2 270.4 280.9 47.1 31.4
1.200000 2 269.7 278.4 47.0 31.4
1.233333 2 268.6 276.7 47.1 31.4
1.266667 2 267.6 274.6 47.1 31.4
1.300000 2 266.3 273.0 47.1 31.4
1.333333 2 267.1 273.9 46.8 31.2
1.366667 2 264.9 271.4 46.9 31.3
1.400000 2 263.2 270.0 47.0 31.3
1.433333 2 261.4 268.2 47.2 31.5
1.466667 2 259.4 266.7 47.2 31.5
1.500000 2 257.4 264.9 47.2 31.5
1.533333 2 258.5 265.9 47.2 31.5
1.566667 2 255.4 263.2 47.2 31.5
1.600000 2 253.3 261.2 47.0 31.4
1.633333 2 251.1 259.3 46.8 31.2
1.666667 2 248.8 256.9 47.0 31.3
1.700000 2 246.5 255.0 47.1 31.4
1.733333 2 247.6 256.0 47.1 31.4
1.766667 2 244.3 252.8 47.0 31.3
1.800000 2 242.2 251.0 46.8 31.1
1.833333 2 240.2 248.9 46.8 31.1
1.866667 2 238.2 247.2 46.8 31.2
1.900000 2 236.3 245.4 46.9 31.2
1.933333 2 237.3 246.1 46.9 31.2
1.966667 2 234.5 243.9 47.1 31.4
2.000000 2 233.0 242.5 46.8 31.2
2.033333 2 231.4 241.5 47.0 31.3
2.066667 2 230.0 240.7 46.8 31.2
2.100000 2 228.7 240.1 47.0 31.4
2.133333 2 229.3 240.3 46.9 31.3
2.166667 2 227.4 239.5 47.0 31.3
2.200000 2 226.3 239.6 46.8 31.2
2.233333 2 225.3 239.5 46.8 31.2
2.266667 2 224.3 239.8 46.8 31.2
2.300000 2 223.3 240.1 46.9 31.2
2.333333 2 223.6 239.8 47.1 31.4
2.366667 2 222.3 240.9 47.0 31.3
2.400000 2 221.3 241.7 47.0 31.3
2.433333 2 220.6 242.9 47.1 31.4
2.466667 2 219.8 244.2 47.0 31.3
2.500000 2 219.0 246.6 46.8 31.2
2.533333 2 219.4 245.2 47.1 31.4
2.566667 2 218.0 248.7 46.9 31.2
2.600000 2 216.7 251.7 47.0 31.3
2.633333 2 215.4 254.3 47.0 31.4
2.666667 2 213.7 257.4 47.0 31.3
2.700000 2 211.7 260.4 47.0 31.3
2.733333 2 212.8 258.9 47.0 31.3
2.766667 2 209.5 263.2 47.1 31.4
2.800000 2 207.1 266.0 46.8 31.2
2.833333 2 204.3 268.6 46.8 31.2
2.866667 2 201.3 270.6 46.8 31.2
2.900000 2 198.1 272.3 46.8 31.2
2.933333 2 199.5 271.5 47.1 31.4
2.966667 2 194.6 273.7 47.0 31.4
3.000000 2 191.5 275.0 47.1 31.4
3.033333 2 188.4 275.9 47.1 31.4
3.066667 2 185.4 276.8 47.1 31.4
3.100000 2 182.7 277.0 47.0 31.4
3.133333 2 184.1 277.1 46.8 31.2
3.166667 2 180.3 277.1 47.0 31.4
3.200000 2 178.2 276.8 46.8 31.2
3.233333 2 176.2 276.0 46.9 31.2
3.266667 2 174.4 274.8 47.1 31.4
3.300000 2 173.3 273.7 46.9 31.2
3.333333 2 173.7 274.1 47.0 31.3
3.366667 2 172.1 271.9 46.8 31.2
3.400000 2 171.3 270.6 46.9 31.2
3.433333 2 171.0 268.9 46.8 31.2
3.466667 2 170.8 267.4 46.9 31.3
3.500000 2 171.1 265.9 46.8 31.2
3.533333 2 170.9 266.7 46.9 31.2
3.566667 2 171.6 264.6 47.1 31.4
3.600000 2 172.5 263.1 47.1 31.4
3.633333 2 173.8 261.9 46.9 31.3
3.666667 2 175.4 260.7 46.9 31.3
3.700000 2 177.3 259.7 46.9 31.2
3.733333 2 176.3 260.1 46.9 31.2
3.766667 2 179.3 258.4 46.9 31.2
3.800000 2 181.4 257.3 47.1 31.4
3.833333 2 184.0 256.2 46.9 31.3
3.866667 2 186.4 255.2 47.1 31.4
3.900000 2 189.3 254.1 46.9 31.2
3.933333 2 187.8 254.6 46.9 31.3
3.966667 2 192.2 253.1 46.8 31.2
4.000000 2 195.2 252.1 46.8 31.2
4.033333 2 198.2 251.0 46.8 31.2
4.066667 2 201.2 249.8 46.8 31.1
4.100000 2 204.3 248.5 47.0 31.3
4.133333 2 202.8 249.2 47.0 31.3
4.166667 2 207.4 246.9 47.1 31.4
4.200000 2 210.4 244.9 47.1 31.4
4.233333 2 213.4 242.7 47.1 31.4
4.266667 2 216.4 239.9 47.1 31.4
4.300000 2 219.3 236.7 46.8 31.2
4.333333 2 217.7 238.2 47.0 31.4
4.366667 2 221.8 233.1 47.0 31.3
4.400000 2 224.3 229.2 46.9 31.3
4.433333 2 226.4 225.1 47.1 31.4
4.466667 2 228.6 220.8 47.1 31.4
4.500000 2 230.4 216.4 47.1 31.4
4.533333 2 229.5 218.6 47.1 31.4
4.566667 2 232.2 212.2 46.8 31.2
4.600000 2 233.7 208.4 47.0 31.4
4.633333 2 235.0 205.0 46.8 31.2
4.666667 2 236.3 202.2 46.8 31.2
4.700000 2 237.3 199.8 46.8 31.2
4.733333 2 236.7 200.9 47.0 31.4
4.766667 2 238.3 198.0 46.8 31.2
4.800000 2 239.2 196.5 46.7 31.1
4.833333 2 239.8 195.3 46.9 31.3
4.866667 2 240.5 194.2 47.1 31.4
4.900000 2 241.1 193.4 46.8 31.2
4.933333 2 240.7 193.8 47.0 31.3
4.966667 2 241.6 192.6 47.1 31.4
5.000000 2 242.1 191.9 46.8 31.2
5.033333 2 242.4 191.0 47.1 31.4
5.066667 2 242.7 190.2 47.0 31.4
5.100000 2 242.9 189.4 46.9 31.3
5.133333 2 242.9 189.7 46.9 31.3
5.166667 2 243.0 188.4 46.8 31.2
5.200000 2 243.1 187.4 46.8 31.2
5.233333 2 243.1 186.1 46.8 31.2
5.266667 2 243.1 184.7 46.8 31.2
5.300000 2 242.8 183.6 46.9 31.3
5.333333 2 242.9 184.2 46.9 31.3
5.366667 2 242.5 182.4 47.1 31.4
5.400000 2 242.3 181.3 46.9 31.3
5.433333 2 242.1 180.3 46.8 31.2
5.466667 2 241.7 179.3 47.0 31.4
5.500000 2 241.4 178.4 47.1 31.4
5.533333 2 241.5 178.8 47.1 31.4
5.566667 2 241.2 177.7 46.8 31.2
5.600000 2 240.9 177.2 46.9 31.3
5.633333 2 240.7 176.6 47.0 31.4
5.666667 2 240.4 176.1 47.1 31.4
5.700000 2 240.3 175.7 46.9 31.3
5.733333 2 240.3 175.7 46.9 31.3
5.766667 2 240.1 175.1 46.8 31.2
5.800000 2 239.7 174.7 47.0 31.4
5.833333 2 239.4 174.1 47.0 31.4
5.866667 2 238.9 173.5 46.9 31.3
5.900000 2 238.4 172.9 47.0 31.3
5.933333 2 238.5 173.1 47.1 31.4
5.966667 2 237.5 172.2 47.1 31.5
6.000000 2 236.8 171.5 47.0 31.3
6.033333 2 235.8 170.9 47.0 31.3
6.066667 2 234.8 170.0 47.0 31.4
6.100000 2 233.7 169.2 47.0 31.4
6.133333 2 234.3 169.7 46.9 31.3
6.166667 2 232.7 168.7 47.0 31.4
6.200000 2 231.6 168.0 47.1 31.5
6.233333 2 230.5 167.5 47.1 31.4
6.266667 2 229.5 167.0 47.2 31.5
6.300000 2 228.5 166.6 47.1 31.5
6.333333 2 229.2 166.9 46.8 31.2
6.366667 2 227.4 166.3 47.2 31.5
6.400000 2 226.4 166.3 47.2 31.5
6.433333 2 225.2 166.2 46.9 31.3
6.466667 2 223.8 166.2 47.0 31.4
6.500000 2 222.4 166.1 47.2 31.5
6.533333 2 223.3 166.2 47.0 31.3
6.566667 2 221.1 166.2 46.9 31.3
6.600000 2 219.3 166.1 47.0 31.4
6.633333 2 217.3 166.2 47.1 31.4
6.666667 2 215.5 166.4 47.2 31.5
6.700000 2 213.5 166.4 47.2 31.5
6.733333 2 214.4 166.3 47.2 31.5
6.766667 2 211.4 166.5 47.2 31.5
6.800000 2 209.1 166.9 46.8 31.2
6.833333 2 206.4 167.3 47.2 31.5
6.866667 2 204.1 167.7 46.8 31.2
6.900000 2 201.4 168.1 47.3 31.6
6.933333 2 203.0 167.9 46.9 31.3
6.966667 2 199.0 168.8 46.9 31.3
7.000000 2 196.3 169.3 47.2 31.5
7.033333 2 193.4 169.6 47.3 31.6
7.066667 2 190.7 170.3 47.1 31.5
7.100000 2 188.1 170.9 46.9 31.3
7.133333 2 189.3 170.5 47.3 31.5
7.166667 2 185.3 171.3 47.2 31.5
7.200000 2 182.5 171.5 47.3 31.6
7.233333 2 179.8 172.0 47.1 31.4
7.266667 2 177.2 172.0 47.2 31.5
7.300000 2 174.7 172.3 47.1 31.5
7.333333 2 176.1 172.4 46.9 31.3
7.366667 2 172.2 172.2 47.3 31.6
7.400000 2 170.2 172.3 47.0 31.4
7.433333 2 168.1 172.2 47.0 31.4
7.466667 2 166.2 172.0 47.1 31.4
7.500000 2 164.4 171.7 47.3 31.7
7.533333 2 165.2 171.8 47.3 31.6
7.566667 2 163.2 171.9 46.9 31.3
7.600000 2 161.9 171.8 47.0 31.4
7.633333 2 161.1 171.8 46.9 31.3
7.666667 2 160.3 171.7 47.3 31.6
7.700000 2 160.0 172.0 47.0 31.4
7.733333 2 160.2 172.0 47.0 31.4
7.766667 2 159.9 171.9 47.0 31.4
7.800000 2 160.1 171.9 47.0 31.4
7.833333 2 160.4 171.8 47.3 31.6
7.866667 2 161.2 171.8 47.3 31.6
7.900000 2 162.2 171.8 47.3 31.6
7.933333 2 161.8 171.9 47.1 31.5
7.966667 2 163.5 172.2 47.3 31.6
8.000000 2 165.3 172.2 47.3 31.6
8.033333 2 167.3 172.4 47.3 31.6
8.066667 2 169.4 172.6 47.3 31.6
8.100000 2 172.1 173.2 47.0 31.4
8.133333 2 170.8 173.0 47.1 31.5
8.166667 2 174.9 173.8 47.0 31.4
8.200000 2 178.2 174.6 47.0 31.4
8.233333 2 181.3 174.9 47.3 31.6
8.266667 2 185.1 176.0 47.0 31.4
8.300000 2 188.9 176.5 47.0 31.4
8.333333 2 186.9 176.2 47.0 31.4
8.366667 2 192.8 177.2 47.0 31.4
8.400000 2 197.1 177.6 46.9 31.3
8.433333 2 201.3 177.7 47.1 31.4
8.466667 2 205.6 177.6 47.1 31.5
8.500000 2 210.2 177.7 47.0 31.4
8.533333 2 208.0 177.6 47.0 31.3
8.566667 2 215.0 177.2 47.0 31.4
8.600000 2 219.7 177.0 47.1 31.5
8.633333 2 224.7 176.4 47.1 31.5
8.666667 2 229.9 175.9 47.0 31.4
8.700000 2 235.2 174.8 47.0 31.4
8.733333 2 232.4 175.3 47.2 31.6
8.766667 2 240.3 173.5 47.2 31.5
8.800000 2 245.8 171.8 47.0 31.4
8.833333 2 251.2 170.4 46.9 31.3
8.866667 2 256.3 168.5 47.2 31.5
8.900000 2 261.6 166.8 47.2 31.5
8.933333 2 259.2 167.6 46.9 31.2
8.966667 2 266.9 164.9 46.9 31.3
9.000000 2 272.2 163.3 46.9 31.2
9.033333 2 277.2 161.3 46.9 31.3
9.066667 2 282.3 159.7 47.2 31.5
9.100000 2 287.5 158.3 47.2 31.5
9.133333 2 285.0 159.1 46.9 31.3
9.166667 2 293.1 157.4 46.9 31.2
9.200000 2 298.3 156.3 47.3 31.5
9.233333 2 303.5 155.9 47.2 31.5
9.266667 2 309.1 155.5 46.9 31.2
9.300000 2 314.4 155.4 47.3 31.5
9.333333 2 311.7 155.4 47.1 31.4
9.366667 2 320.2 155.6 47.1 31.3
9.400000 2 326.0 155.8 47.0 31.3
9.433333 2 332.0 155.8 47.0 31.3
9.466667 2 338.1 155.8 47.0 31.3
9.500000 2 344.2 155.5 47.2 31.5
9.533333 2 341.2 155.8 47.2 31.5
9.566667 2 350.5 155.3 47.3 31.6
9.600000 2 357.1 154.7 47.0 31.4
9.633333 2 363.7 154.0 47.2 31.6
9.666667 2 370.6 152.9 47.3 31.6
9.700000 2 377.8 151.8 47.3 31.6
9.733333 2 374.2 152.4 47.3 31.6
9.766667 2 385.1 150.4 47.6 31.8
9.800000 2 392.9 149.8 47.5 31.7
9.833333 2 400.9 148.9 47.8 32.0
9.866667 2 409.4 148.7 47.7 32.0
9.900000 2 418.2 148.5 48.0 32.1
9.933333 2 413.7 148.5 48.0 32.1
9.966667 2 427.3 148.7 48.0 32.1
10.000000 2 436.8 149.0 48.4 32.4
10.033333 2 446.6 149.6 48.6 32.6
10.066667 2 456.9 151.0 48.6 32.5
10.100000 2 467.4 152.5 48.8 32.6
10.133333 2 462.2 151.9 48.6 32.4
10.166667 2 478.2 154.1 48.7 32.3
10.200000 2 488.9 155.4 48.8 32.4
10.233333 2 499.8 155.9 48.7 32.1
10.266667 2 510.1 156.8 48.9 32.0
10.300000 2 520.4 156.8 48.8 31.9
10.333333 2 515.1 156.8 48.9 32.0
10.366667 2 530.0 157.0 49.0 32.0
