0.000000 2 404.2 234.8 41.6 37.1
0.033333 2 404.0 235.5 40.2 35.0
0.066667 2 402.9 234.1 40.3 35.9
0.100000 2 401.6 233.2 41.4 36.6
0.133333 2 397.1 229.1 49.3 43.8
0.166667 2 393.7 225.1 55.2 50.1
0.200000 2 398.6 231.0 43.0 37.5
0.233333 2 399.6 231.9 39.1 34.3
0.266667 2 394.0 226.1 49.6 44.5
0.300000 2 397.2 229.9 41.8 36.3
0.333333 2 392.5 224.5 50.5 45.4
0.366667 2 396.7 228.7 40.7 35.7
0.400000 2 390.7 222.7 52.5 46.7
0.433333 2 396.3 227.7 39.9 35.2
0.466667 2 390.3 222.5 51.9 45.3
0.500000 2 386.9 217.8 58.6 52.7
0.533333 2 394.5 224.9 41.8 37.0
0.566667 2 394.5 224.7 41.2 36.6
0.600000 2 396.1 225.2 38.0 33.8
0.633333 2 396.4 225.1 37.3 32.7
0.666667 2 394.8 223.1 40.4 35.7
0.700000 2 395.6 222.8 38.9 34.6
0.733333 2 395.4 221.7 39.5 35.2
0.766667 2 394.3 220.5 41.8 36.8
0.800000 2 395.8 220.7 38.9 34.4
0.833333 2 395.3 219.4 39.8 35.6
0.866667 2 396.3 220.1 37.8 33.0
0.900000 2 396.3 219.4 37.9 33.1
0.933333 2 395.2 217.2 40.2 35.7
0.966667 2 395.7 216.9 39.0 34.6
1.000000 2 396.1 216.9 38.4 33.4
1.033333 2 394.9 215.1 40.8 35.9
1.066667 2 397.2 216.6 35.7 31.1
1.100000 2 397.4 215.9 35.3 30.8
1.133333 2 395.9 213.9 37.9 33.2
1.166667 2 394.3 211.8 41.2 35.9
1.200000 2 386.4 202.6 57.8 52.6
1.233333 2 392.7 208.7 43.6 39.0
1.266667 2 395.5 211.1 36.8 32.3
1.300000 2 391.1 206.4 45.8 40.6
1.333333 2 388.8 203.4 50.1 44.9
1.366667 2 395.5 209.8 34.8 30.4
1.400000 2 392.5 206.0 40.7 36.4
1.433333 2 393.8 207.5 36.7 32.1
1.466667 2 393.6 206.8 36.5 32.2
1.500000 2 388.7 201.1 46.0 41.7
1.533333 2 393.6 206.0 34.4 30.3
1.566667 2 387.5 199.5 46.3 41.7
1.600000 2 389.1 201.3 41.5 37.3
1.633333 2 388.4 200.1 42.2 37.6
1.666667 2 391.8 203.1 34.3 30.0
1.700000 2 387.1 198.1 43.1 38.5
1.733333 2 387.4 198.5 40.9 36.8
1.766667 2 388.4 199.6 37.5 32.9
1.800000 2 384.3 195.0 44.5 40.1
1.833333 2 388.0 198.4 36.0 31.7
1.866667 2 384.9 195.8 40.7 35.9
1.900000 2 382.5 193.4 44.3 39.2
1.933333 2 384.0 194.4 39.9 35.4
1.966667 2 384.4 194.8 37.2 32.8
2.000000 2 381.4 192.4 42.0 36.7
2.033333 2 377.1 187.8 49.9 44.4
2.066667 2 383.6 194.0 34.5 30.1
2.100000 2 383.4 193.8 33.0 28.9
2.133333 2 380.7 191.4 37.2 32.4
2.166667 2 376.7 187.3 44.2 39.3
2.200000 2 375.5 186.1 44.6 40.2
2.233333 2 376.6 187.8 40.0 36.2
2.266667 2 380.2 191.5 30.9 27.3
2.300000 2 374.5 186.3 40.8 37.3
2.333333 2 378.4 190.6 31.0 27.1
2.366667 2 372.8 185.7 41.7 36.6
2.400000 2 372.5 186.0 40.2 35.2
2.433333 2 374.8 188.6 33.6 29.5
2.466667 2 373.7 188.1 33.8 30.1
2.500000 2 372.2 187.5 34.8 31.3
2.533333 2 369.3 185.4 39.1 35.4
2.566667 2 366.2 183.1 44.3 39.9
2.600000 2 366.1 184.0 42.6 37.9
2.633333 2 365.3 184.2 42.2 37.3
2.666667 2 364.6 184.2 42.3 37.4
2.700000 2 363.4 184.0 42.6 37.8
2.733333 2 363.0 184.1 41.4 37.6
2.766667 2 364.5 186.8 36.4 32.7
2.800000 2 364.6 187.8 34.3 30.5
2.833333 2 364.7 189.0 32.5 28.4
2.866667 2 362.3 187.8 35.6 31.5
2.900000 2 356.1 183.2 47.2 41.9
2.933333 2 360.4 188.1 36.6 32.1
2.966667 2 360.0 188.9 35.3 31.2
3.000000 2 359.8 190.0 34.2 30.2
3.033333 2 358.3 189.7 36.1 31.5
3.066667 2 357.8 190.3 35.8 31.4
3.100000 2 356.5 189.8 37.7 33.2
3.133333 2 356.6 191.3 36.2 31.5
3.166667 2 355.4 191.1 37.5 32.9
3.200000 2 353.5 190.3 40.4 35.6
3.233333 2 352.6 190.5 41.1 36.8
3.266667 2 350.6 189.2 44.4 39.7
3.300000 2 351.4 191.5 41.2 36.6
3.333333 2 353.7 194.2 36.5 32.2
3.366667 2 352.1 193.9 39.4 34.4
3.400000 2 350.2 192.6 42.9 37.8
3.433333 2 350.1 193.1 43.0 38.2
3.466667 2 351.1 195.4 40.1 35.3
3.500000 2 351.0 196.0 40.2 35.5
3.533333 2 352.8 198.3 36.4 31.8
3.566667 2 352.2 198.7 37.6 32.8
3.600000 2 352.7 199.6 36.5 31.7
3.633333 2 352.8 200.1 36.2 32.0
3.666667 2 353.1 201.2 35.9 31.4
3.700000 2 352.1 201.0 38.1 33.4
3.733333 2 352.2 201.2 38.1 34.0
3.766667 2 349.9 199.5 43.6 39.0
3.800000 2 350.4 201.1 42.9 37.7
3.833333 2 353.7 204.4 36.1 31.8
3.866667 2 354.7 205.7 34.4 30.6
3.900000 2 352.3 203.8 41.0 36.4
3.933333 2 355.1 207.2 36.2 31.7
3.966667 2 351.8 204.8 44.1 38.6
4.000000 2 354.6 207.6 38.6 34.5
4.033333 2 355.5 208.9 38.5 33.6
4.066667 2 357.1 210.5 36.0 31.5
4.100000 2 357.5 211.1 36.6 32.0
4.133333 2 357.2 211.2 38.9 34.0
4.166667 2 354.7 208.8 44.5 40.6
4.200000 2 355.5 209.6 44.8 41.0
4.233333 2 360.5 214.5 36.2 32.0
4.266667 2 361.1 215.2 37.1 32.4
4.300000 2 362.8 217.0 34.7 30.3
4.333333 2 362.0 216.3 37.6 33.5
4.366667 2 360.2 214.8 43.1 38.5
4.400000 2 362.7 217.0 39.9 35.1
4.433333 2 366.6 220.9 32.9 28.8
4.466667 2 365.9 220.2 35.9 31.9
4.500000 2 365.6 219.9 38.2 33.5
4.533333 2 368.4 222.6 33.3 29.0
4.566667 2 365.6 220.0 40.4 35.6
4.600000 2 369.5 223.8 33.1 28.8
4.633333 2 364.4 219.5 44.4 38.9
4.666667 2 365.7 220.2 42.3 37.7
4.700000 2 369.8 224.5 34.1 29.8
4.733333 2 364.2 219.4 46.3 41.5
4.766667 2 365.4 220.2 44.5 39.8
4.800000 2 367.5 222.3 40.8 36.0
4.833333 2 365.7 221.3 44.7 39.4
4.866667 2 367.8 223.5 39.9 35.3
4.900000 2 366.0 222.5 43.4 38.8
4.933333 2 369.5 226.7 35.6 31.1
4.966667 2 368.9 226.4 36.8 32.2
5.000000 2 367.4 225.5 39.7 35.2
5.033333 2 370.2 228.6 33.9 29.6
5.066667 2 364.1 223.2 46.0 42.1
5.100000 2 370.5 229.9 32.5 28.6
5.133333 2 363.9 224.2 45.9 42.0
5.166667 2 370.5 231.0 32.5 28.5
5.200000 2 364.6 225.9 44.4 40.5
5.233333 2 371.0 232.6 31.3 27.5
5.266667 2 368.5 230.9 36.1 32.4
5.300000 2 371.4 234.1 30.2 26.4
5.333333 2 372.3 235.6 28.4 24.9
5.366667 2 370.8 234.5 31.5 28.0
5.400000 2 372.9 236.9 27.9 24.3
5.433333 2 368.4 233.2 37.2 33.3
5.466667 2 370.1 234.7 34.8 30.9
5.500000 2 368.2 233.4 38.6 35.1
5.533333 2 373.4 238.6 28.9 25.3
5.566667 2 370.8 236.3 35.4 31.2
5.600000 2 373.8 239.2 29.9 26.5
5.633333 2 375.0 240.5 28.9 25.2
5.666667 2 372.7 238.4 34.0 30.6
5.700000 2 374.8 240.6 31.2 27.2
5.733333 2 373.0 238.9 35.4 32.1
5.766667 2 377.5 243.1 27.4 24.2
5.800000 2 373.0 238.8 37.4 34.5
5.833333 2 377.7 243.0 29.8 26.9
5.866667 2 379.4 244.8 27.8 24.3
5.900000 2 378.8 243.9 31.0 27.1
5.933333 2 381.5 246.5 26.3 23.0
5.966667 2 379.5 244.3 31.9 28.6
6.000000 2 379.8 244.6 32.9 28.8
6.033333 2 381.3 245.6 30.8 27.6
6.066667 2 376.3 240.8 42.6 38.5
6.100000 2 382.9 247.0 29.6 26.4
6.133333 2 382.1 246.0 32.6 29.1
6.166667 2 378.3 242.3 41.2 37.7
6.200000 2 383.5 247.0 31.9 27.9
6.233333 2 385.1 248.3 29.0 25.7
6.266667 2 383.3 246.7 33.2 29.6
6.300000 2 380.4 244.1 40.4 35.3
6.333333 2 383.1 246.6 35.2 30.7
6.366667 2 384.2 247.3 33.4 29.3
6.400000 2 384.9 247.8 32.4 28.3
6.433333 2 383.9 246.7 34.5 30.7
6.466667 2 382.5 244.8 38.1 34.3
6.500000 2 383.3 245.8 36.4 32.7
6.533333 2 385.2 247.6 32.7 29.1
6.566667 2 385.4 247.9 32.3 28.6
6.600000 2 386.0 248.6 31.1 27.3
6.633333 2 386.3 249.0 30.6 26.7
6.666667 2 385.8 248.7 31.8 27.8
6.700000 2 383.8 246.9 35.9 31.6
6.733333 2 382.7 245.9 38.3 34.0
6.766667 2 384.9 248.2 33.6 29.3
6.800000 2 385.9 249.2 31.3 27.4
6.833333 2 386.1 249.4 30.8 27.1
6.866667 2 386.4 249.6 30.2 26.7
6.900000 2 386.6 249.9 29.9 26.3
6.933333 2 385.0 248.5 32.9 29.2
6.966667 2 384.0 247.5 35.0 31.4
7.000000 2 382.5 246.9 38.1 33.5
7.033333 2 382.4 246.9 38.3 33.6
7.066667 2 384.2 249.0 34.0 29.7
7.100000 2 384.8 249.8 32.4 28.2
7.133333 2 385.3 250.3 30.8 27.3
7.166667 2 385.1 250.0 31.2 27.9
7.200000 2 381.7 247.0 37.6 34.1
7.233333 2 382.4 248.0 35.8 32.3
7.266667 2 384.3 250.7 31.3 27.5
7.300000 2 384.3 251.1 30.9 27.0
7.333333 2 382.9 249.9 33.5 29.6
7.366667 2 381.2 248.7 36.7 32.2
7.400000 2 382.4 250.1 33.7 29.4
7.433333 2 383.0 250.6 32.2 28.4
7.466667 2 384.4 252.4 28.6 25.2
7.500000 2 384.7 252.7 28.0 24.7
7.533333 2 383.9 252.2 29.1 25.7
7.566667 2 384.0 252.8 29.0 25.3
7.600000 2 383.4 252.2 30.3 26.5
7.633333 2 381.5 250.7 34.0 30.2
7.666667 2 382.3 251.5 32.5 28.7
7.700000 2 382.6 251.7 31.9 28.2
7.733333 2 384.7 253.5 28.1 24.6
7.766667 2 385.0 253.8 27.5 24.0
7.800000 2 383.3 251.9 31.7 27.8
7.833333 2 386.1 254.1 26.8 23.4
7.866667 2 385.8 253.6 28.0 24.4
7.900000 2 383.4 251.0 34.0 29.7
7.933333 2 386.3 253.0 28.5 24.9
7.966667 2 386.9 253.1 27.8 24.4
8.000000 2 387.5 252.8 27.9 24.7
8.033333 2 387.8 252.6 27.5 24.5
8.066667 2 387.6 251.8 29.5 26.1
8.100000 2 386.9 250.5 32.2 28.4
8.133333 2 390.2 252.9 26.4 23.0
8.166667 2 390.1 251.7 27.4 24.4
8.200000 2 390.3 251.3 28.1 24.8
8.233333 2 390.8 251.1 28.3 24.8
8.266667 2 392.4 251.2 26.2 23.3
8.300000 2 390.6 248.9 31.1 27.7
8.333333 2 393.8 251.3 25.7 22.3
8.366667 2 391.4 247.7 31.7 28.6
8.400000 2 394.7 250.3 25.8 22.7
8.433333 2 392.7 247.2 31.2 27.9
8.466667 2 395.7 249.2 26.1 23.0
8.500000 2 393.8 247.2 30.9 26.9
8.533333 2 397.5 249.2 24.1 21.4
8.566667 2 395.5 246.7 29.5 26.1
8.600000 2 398.6 249.0 23.5 20.5
8.633333 2 396.1 245.6 30.0 26.7
8.666667 2 397.6 246.3 27.6 24.7
8.700000 2 399.4 247.2 24.7 21.8
8.733333 2 399.7 246.8 25.0 22.1
8.766667 2 400.7 247.1 23.5 20.5
8.800000 2 399.1 244.4 27.8 24.8
8.833333 2 399.4 244.7 27.7 24.2
8.866667 2 401.6 245.8 23.9 20.8
8.900000 2 401.0 244.5 25.7 22.6
8.933333 2 401.5 244.2 25.6 22.5
8.966667 2 402.8 244.8 23.1 20.4
9.000000 2 402.6 244.1 24.2 21.3
9.033333 2 401.1 242.5 27.4 24.4
9.066667 2 403.7 244.0 23.0 20.0
9.100000 2 403.7 243.8 23.1 20.1
9.133333 2 402.6 242.2 25.4 22.6
9.166667 2 404.4 243.5 21.8 19.1
9.200000 2 404.5 243.4 21.7 19.0
9.233333 2 401.2 239.7 28.6 26.1
9.266667 2 403.6 241.5 24.4 21.3
9.300000 2 404.3 242.1 22.7 19.8
9.333333 2 403.4 241.0 24.7 21.7
9.366667 2 401.1 238.4 29.5 26.7
9.400000 2 404.3 240.9 23.6 20.5
9.433333 2 404.4 240.7 23.4 20.4
9.466667 2 403.4 239.5 25.5 22.5
9.500000 2 401.7 237.7 28.8 25.9
9.533333 2 404.1 239.6 24.1 21.1
9.566667 2 404.3 239.7 23.6 20.6
9.600000 2 403.8 239.0 24.8 21.7
9.633333 2 401.9 237.4 28.6 24.9
9.666667 2 399.9 235.3 32.3 28.8
9.700000 2 400.9 236.2 30.0 26.8
9.733333 2 403.2 238.1 25.0 22.1
9.766667 2 403.5 238.5 24.0 21.2
9.800000 2 402.9 237.8 24.9 22.2
9.833333 2 402.3 237.4 25.9 22.9
9.866667 2 399.8 234.7 30.9 28.1
9.900000 2 398.8 234.1 32.8 29.4
9.933333 2 401.7 236.8 26.2 23.0
9.966667 2 403.0 238.0 23.0 20.0
