0.000000 2 125.7 294.9 31.2 24.3
0.033333 2 126.4 290.1 33.6 26.5
0.066667 2 130.0 284.3 34.0 27.3
0.100000 2 131.7 282.2 34.4 27.6
0.133333 2 135.7 280.6 33.6 26.4
0.166667 2 137.4 280.1 33.8 26.4
0.200000 2 140.5 280.1 34.7 27.4
0.233333 2 143.9 281.7 35.1 27.4
0.266667 2 146.1 282.8 34.3 27.1
0.300000 2 149.2 284.8 35.4 27.5
0.333333 2 150.7 285.4 36.2 28.2
0.366667 2 154.5 286.4 36.4 28.4
0.400000 2 160.6 287.2 32.7 25.5
0.433333 2 163.9 286.9 30.8 23.9
0.466667 2 166.0 281.2 35.9 28.5
0.500000 2 173.6 278.0 31.0 23.9
0.533333 2 173.2 271.9 36.9 29.3
0.566667 2 180.1 264.9 33.8 26.7
0.600000 2 181.2 258.7 37.2 29.6
0.633333 2 189.8 250.6 30.9 24.4
0.666667 2 192.9 245.1 30.5 23.9
0.700000 2 195.7 230.4 35.9 28.3
0.733333 2 199.6 225.0 33.8 26.5
0.766667 2 205.9 212.6 32.2 25.2
0.800000 2 208.4 206.1 32.9 25.8
0.833333 2 214.8 195.0 31.3 24.3
0.866667 2 218.4 190.4 29.5 22.8
0.900000 2 222.6 179.3 32.2 25.1
0.933333 2 224.1 173.5 34.2 27.9
0.966667 2 230.0 167.3 33.3 25.9
1.000000 2 234.9 161.1 34.0 26.9
1.033333 2 241.8 159.0 30.3 23.6
1.066667 2 244.6 154.3 34.7 28.3
1.100000 2 248.8 155.8 31.5 24.7
1.133333 2 252.7 154.7 33.0 27.0
1.166667 2 256.5 157.2 30.1 23.3
1.200000 2 260.9 158.5 30.5 24.4
1.233333 2 264.1 159.5 32.7 26.3
1.266667 2 265.2 159.5 34.5 28.1
1.300000 2 270.8 162.3 31.7 24.9
1.333333 2 274.6 162.0 31.6 25.4
1.366667 2 275.6 160.4 33.5 27.6
1.400000 2 278.8 158.5 34.1 27.5
1.433333 2 282.2 158.8 30.7 24.1
1.466667 2 285.3 154.7 31.4 24.8
1.500000 2 287.0 152.5 30.9 24.5
1.533333 2 289.0 146.4 33.3 26.6
1.566667 2 290.8 138.9 35.6 29.0
1.600000 2 294.8 137.8 30.5 24.6
1.633333 2 297.9 130.9 30.2 23.7
1.666667 2 299.7 127.0 29.1 23.6
1.700000 2 302.5 119.4 29.2 23.1
1.733333 2 303.8 115.2 28.8 23.2
1.766667 2 303.1 104.0 35.4 28.9
1.800000 2 305.7 100.8 32.7 26.7
1.833333 2 308.1 92.5 33.1 26.3
1.866667 2 309.9 82.7 34.6 29.3
1.900000 2 310.9 78.9 35.1 28.9
1.933333 2 315.7 73.6 30.5 24.3
1.966667 2 318.3 66.6 30.3 24.4
2.000000 2 319.3 63.9 30.7 23.9
2.033333 2 320.6 61.0 30.6 24.0
2.066667 2 320.8 53.8 34.7 29.3
2.100000 2 324.7 52.3 31.1 25.6
2.133333 2 326.4 51.9 30.3 23.9
2.166667 2 326.4 48.1 33.9 28.3
2.200000 2 329.2 49.8 30.4 24.4
2.233333 2 329.3 48.2 33.6 28.2
2.266667 2 331.7 50.9 30.6 24.3
2.300000 2 331.6 51.4 33.7 27.7
2.333333 2 334.8 56.2 30.1 23.4
2.366667 2 334.1 56.1 32.3 26.8
2.400000 2 334.3 58.4 34.2 28.2
2.433333 2 336.4 61.9 30.4 23.8
2.466667 2 338.3 64.6 28.0 22.5
2.500000 2 337.8 65.6 29.6 22.8
2.533333 2 335.2 63.4 34.6 28.0
2.566667 2 335.5 63.6 33.8 27.6
2.600000 2 336.4 63.4 31.6 26.1
2.633333 2 336.8 64.3 29.9 23.4
2.666667 2 335.8 61.8 30.5 24.6
2.700000 2 333.8 59.9 33.7 27.0
2.733333 2 334.9 60.5 29.6 23.0
2.766667 2 333.4 58.2 32.0 26.2
2.800000 2 334.5 60.0 27.4 21.9
2.833333 2 333.5 59.9 28.7 22.3
2.866667 2 332.3 60.8 29.0 22.4
2.900000 2 330.9 60.5 30.5 25.3
2.933333 2 329.0 61.8 32.4 27.3
2.966667 2 329.1 66.6 30.2 25.0
3.000000 2 327.9 68.6 31.1 25.1
3.033333 2 327.2 73.4 30.8 24.6
3.066667 2 326.9 79.1 29.5 23.2
3.100000 2 325.8 80.8 30.4 24.7
3.133333 2 324.5 85.7 31.0 25.6
3.166667 2 325.0 89.4 29.0 23.3
3.200000 2 323.0 93.7 31.2 24.9
3.233333 2 321.9 95.0 32.3 26.8
3.266667 2 323.3 101.4 28.0 22.7
3.300000 2 322.8 103.2 28.5 22.9
3.333333 2 321.4 105.9 29.8 24.4
3.366667 2 320.7 106.3 31.1 25.9
3.400000 2 321.2 109.2 29.3 23.2
3.433333 2 319.9 109.5 31.7 25.4
3.466667 2 321.0 111.3 29.0 23.1
3.500000 2 319.3 110.3 32.4 26.3
3.533333 2 319.7 110.4 31.6 25.7
3.566667 2 319.6 109.7 32.0 25.7
3.600000 2 320.7 109.0 30.4 24.3
3.633333 2 320.7 108.1 30.6 24.9
3.666667 2 322.0 107.4 28.9 23.3
3.700000 2 322.1 105.7 29.7 23.8
3.733333 2 321.7 104.4 30.9 25.8
3.766667 2 322.4 104.4 30.8 24.5
3.800000 2 324.0 104.9 28.5 23.4
3.833333 2 324.3 105.6 29.1 22.9
3.866667 2 325.3 106.6 29.0 22.7
3.900000 2 325.3 106.7 29.4 23.7
3.933333 2 325.4 107.6 31.2 25.4
3.966667 2 326.0 108.5 30.6 25.4
4.000000 2 327.7 111.4 29.3 24.3
4.033333 2 327.6 112.5 30.3 24.2
4.066667 2 329.9 116.0 27.9 21.7
4.100000 2 330.7 116.9 27.2 22.2
4.133333 2 332.1 119.0 26.5 21.5
4.166667 2 332.8 120.6 27.0 22.1
4.200000 2 332.1 120.2 29.8 24.1
4.233333 2 333.0 121.4 29.9 24.2
4.266667 2 335.1 123.2 26.7 21.3
4.300000 2 334.3 121.9 30.2 25.0
4.333333 2 335.3 123.2 29.0 23.0
4.366667 2 336.8 123.9 27.9 21.7
4.400000 2 337.2 123.2 28.0 22.8
4.433333 2 336.4 121.9 30.9 25.0
4.466667 2 338.4 122.8 28.0 22.5
4.500000 2 337.3 120.8 31.2 25.1
4.533333 2 339.5 122.0 27.3 22.0
4.566667 2 339.7 120.9 28.1 21.9
4.600000 2 338.7 118.2 30.4 24.6
4.633333 2 340.1 118.2 28.0 22.8
4.666667 2 340.6 116.9 27.3 22.1
4.700000 2 339.0 113.7 30.4 25.2
4.733333 2 339.1 112.8 30.4 25.2
4.766667 2 340.1 113.4 28.0 22.6
4.800000 2 339.6 111.9 28.5 22.3
4.833333 2 338.9 110.4 29.3 23.4
4.866667 2 338.4 109.0 29.1 23.2
4.900000 2 338.5 108.8 28.2 22.2
4.933333 2 336.4 106.4 30.4 24.3
4.966667 2 335.1 104.8 31.1 24.9
5.000000 2 335.9 105.1 27.1 21.7
5.033333 2 333.3 103.1 30.9 24.7
5.066667 2 334.1 103.4 26.5 21.3
5.100000 2 331.1 101.1 30.8 24.7
5.133333 2 331.8 102.0 27.8 21.5
5.166667 2 329.8 99.5 28.8 23.8
5.200000 2 330.1 100.0 26.7 21.4
5.233333 2 327.3 98.4 28.9 22.6
5.266667 2 328.0 98.3 26.1 20.8
5.300000 2 325.0 95.9 29.0 23.4
5.333333 2 325.0 96.1 27.8 21.5
5.366667 2 322.7 93.5 29.3 24.0
5.400000 2 321.4 92.2 29.3 23.9
5.433333 2 320.3 91.0 30.4 24.7
5.466667 2 321.5 91.6 25.6 20.4
5.500000 2 319.5 89.9 28.5 22.4
5.533333 2 318.0 87.8 29.6 23.6
5.566667 2 319.9 88.8 25.1 19.9
5.600000 2 316.5 84.8 30.8 24.9
5.633333 2 318.1 86.2 27.0 21.1
5.666667 2 317.5 84.4 27.7 22.5
5.700000 2 317.9 83.7 26.8 21.8
5.733333 2 316.0 81.7 30.4 25.4
5.766667 2 317.6 82.4 27.4 22.4
5.800000 2 317.7 82.5 27.3 22.3
5.833333 2 315.9 80.8 31.4 25.4
5.866667 2 315.8 80.7 31.7 25.7
5.900000 2 319.4 83.6 25.4 20.3
5.933333 2 318.2 82.9 29.2 23.3
5.966667 2 318.9 83.6 29.0 23.7
6.000000 2 320.7 85.8 26.0 20.1
6.033333 2 322.2 87.4 24.0 18.9
6.066667 2 321.4 87.7 26.7 20.5
6.100000 2 321.0 87.9 27.6 21.5
6.133333 2 323.1 90.3 24.1 19.0
6.166667 2 321.6 89.3 27.2 22.2
6.200000 2 323.2 92.3 24.1 19.1
6.233333 2 322.2 92.8 25.9 20.6
6.266667 2 321.6 93.5 26.6 20.6
6.300000 2 321.7 94.9 25.4 20.2
6.333333 2 319.0 94.7 29.5 23.3
6.366667 2 319.2 96.6 27.5 21.9
6.400000 2 319.6 98.7 25.1 20.0
6.433333 2 318.7 100.0 25.0 19.8
6.466667 2 315.7 98.5 29.9 23.8
6.500000 2 316.1 101.3 27.2 20.9
6.533333 2 315.4 102.4 27.0 20.8
6.566667 2 313.9 101.5 28.9 23.7
6.600000 2 313.5 103.6 28.5 22.2
6.633333 2 313.0 103.7 28.3 23.1
6.666667 2 312.2 105.2 28.6 22.7
6.700000 2 312.2 105.8 28.1 22.9
6.733333 2 311.0 106.9 29.4 23.2
6.766667 2 312.5 109.5 26.0 20.5
6.800000 2 311.4 109.3 27.6 22.4
6.833333 2 312.1 111.7 25.8 20.1
6.866667 2 310.8 111.8 28.6 22.9
6.900000 2 311.7 113.6 26.8 21.0
6.933333 2 311.6 114.8 27.0 21.5
6.966667 2 311.1 114.8 28.6 23.1
7.000000 2 312.0 117.3 27.4 21.2
7.033333 2 312.4 118.2 27.0 20.9
7.066667 2 312.6 119.1 27.6 22.1
7.100000 2 314.4 121.6 25.5 20.2
7.133333 2 312.7 120.7 29.7 23.6
7.166667 2 315.8 123.9 25.4 19.9
7.200000 2 315.0 123.7 28.8 23.3
7.233333 2 317.8 126.1 24.8 19.6
7.266667 2 317.0 125.8 28.9 23.3
7.300000 2 320.0 128.7 26.0 20.1
7.333333 2 318.9 127.7 29.9 23.6
7.366667 2 322.0 130.1 27.5 21.4
7.400000 2 321.5 129.3 30.4 24.0
7.433333 2 326.4 133.1 25.3 19.5
7.466667 2 325.5 131.7 29.0 23.4
7.500000 2 329.3 134.6 26.5 20.4
7.533333 2 331.6 135.1 27.5 22.2
7.566667 2 332.9 136.1 27.8 21.6
7.600000 2 334.1 136.0 31.2 24.7
7.633333 2 338.5 138.7 28.2 22.0
7.666667 2 341.9 140.2 27.8 21.5
7.700000 2 343.4 140.2 30.9 24.5
7.733333 2 346.8 142.2 27.0 21.8
7.766667 2 349.2 143.5 28.9 22.4
7.800000 2 350.7 143.4 29.0 23.8
7.833333 2 355.7 146.8 25.4 20.1
7.866667 2 357.2 147.5 25.8 20.4
7.900000 2 358.9 147.5 28.9 23.6
7.933333 2 361.2 149.2 27.7 21.8
7.966667 2 365.0 151.0 26.8 21.3
8.000000 2 366.5 151.3 30.7 24.2
8.033333 2 369.9 153.5 27.2 21.2
8.066667 2 372.3 154.4 28.8 22.4
8.100000 2 374.2 155.1 28.6 22.9
8.133333 2 378.0 157.1 27.6 21.5
8.166667 2 379.6 157.5 27.6 22.1
8.200000 2 383.1 159.4 27.1 21.0
8.233333 2 385.3 160.4 25.8 20.6
8.266667 2 388.0 161.5 26.4 21.0
8.300000 2 389.2 161.2 29.7 24.2
8.333333 2 392.6 163.7 28.6 22.1
8.366667 2 393.2 163.0 29.9 24.5
8.400000 2 395.6 164.9 30.1 23.4
8.433333 2 399.2 167.1 27.5 21.3
8.466667 2 401.7 168.7 26.7 20.6
8.500000 2 401.4 167.9 29.1 23.2
8.533333 2 403.3 169.4 29.1 22.8
8.566667 2 404.0 169.9 29.3 22.5
8.600000 2 405.3 170.5 29.5 23.7
8.633333 2 406.0 171.1 29.6 23.6
8.666667 2 407.9 172.9 28.2 22.2
8.700000 2 407.8 172.8 29.0 23.4
8.733333 2 408.7 173.9 28.8 23.2
8.766667 2 408.4 174.6 30.5 23.8
8.800000 2 409.9 176.0 28.3 22.3
8.833333 2 410.3 177.2 27.7 21.9
8.866667 2 411.5 179.0 25.3 19.7
8.900000 2 410.0 178.0 28.1 22.4
8.933333 2 409.6 179.2 28.4 21.9
8.966667 2 410.8 181.0 25.2 19.6
9.000000 2 409.1 180.4 27.8 21.6
9.033333 2 409.2 181.8 25.9 20.4
9.066667 2 406.6 180.5 30.2 23.8
9.100000 2 406.6 182.3 28.2 21.7
9.133333 2 406.0 182.4 27.9 22.2
9.166667 2 403.8 182.6 29.7 23.3
9.200000 2 404.1 183.8 27.7 21.6
9.233333 2 405.1 185.4 24.4 19.0
9.266667 2 402.8 185.8 25.2 19.7
9.300000 2 399.0 184.9 28.9 23.0
9.333333 2 398.2 186.7 26.5 20.7
9.366667 2 395.3 187.1 27.3 21.5
9.400000 2 393.2 188.1 26.4 21.0
9.433333 2 389.8 189.0 27.4 21.2
9.466667 2 390.0 190.3 24.4 19.1
9.500000 2 386.4 191.0 25.4 19.6
9.533333 2 381.1 190.2 29.4 23.4
9.566667 2 379.5 190.8 29.1 23.1
9.600000 2 375.9 192.0 29.1 23.0
9.633333 2 374.1 192.4 29.5 23.3
9.666667 2 369.8 193.8 30.0 23.1
9.700000 2 368.1 194.1 29.4 23.4
9.733333 2 364.5 196.1 28.2 22.0
9.766667 2 363.5 197.4 25.8 20.5
9.800000 2 358.6 198.8 26.9 20.7
9.833333 2 355.4 198.6 28.4 22.1
9.866667 2 351.0 200.2 27.9 21.7
9.900000 2 345.9 201.6 28.2 22.0
9.933333 2 343.8 202.3 27.2 21.6
9.966667 2 339.7 204.6 25.1 20.1
10.000000 2 334.0 206.0 26.0 20.0
