0.000000 2 330.7 116.0 35.6 32.7
0.033333 2 330.8 111.6 35.6 32.7
0.066667 2 330.7 107.0 35.5 32.6
0.100000 2 330.7 105.1 35.6 32.6
0.133333 2 330.8 100.7 35.4 32.5
0.166667 2 330.7 98.9 35.5 32.6
0.200000 2 330.8 94.8 35.4 32.5
0.233333 2 330.9 93.1 35.0 32.1
0.266667 2 330.9 89.2 35.1 32.2
0.300000 2 331.1 85.5 35.3 32.4
0.333333 2 331.2 83.7 35.3 32.4
0.366667 2 331.4 80.3 35.3 32.4
0.400000 2 331.7 78.6 35.2 32.3
0.433333 2 332.0 75.3 35.1 32.2
0.466667 2 332.2 72.3 35.1 32.2
0.500000 2 332.6 70.7 35.0 32.1
0.533333 2 332.9 67.9 35.0 32.1
0.566667 2 333.3 65.4 35.0 32.1
0.600000 2 333.6 64.0 35.0 32.1
0.633333 2 334.2 61.8 34.9 32.0
0.666667 2 334.3 60.5 34.9 32.1
0.700000 2 335.0 58.7 34.9 32.0
0.733333 2 335.5 56.3 35.1 32.3
0.766667 2 335.9 55.7 35.0 32.1
0.800000 2 336.7 53.4 35.1 32.3
0.833333 2 337.1 52.8 35.0 32.2
0.866667 2 338.1 50.8 35.0 32.1
0.900000 2 338.5 50.1 35.2 32.3
0.933333 2 339.6 48.1 35.1 32.2
0.966667 2 340.8 46.4 35.0 32.1
1.000000 2 341.6 45.5 34.9 32.0
1.033333 2 342.9 43.8 34.8 31.9
1.066667 2 343.4 42.9 34.7 31.8
1.100000 2 344.7 41.3 34.8 31.9
1.133333 2 345.4 40.4 34.9 32.0
1.166667 2 346.9 39.0 34.8 31.9
1.200000 2 348.4 37.7 34.8 31.9
1.233333 2 350.0 36.2 34.6 31.7
1.266667 2 350.7 35.9 34.7 31.8
1.300000 2 352.6 34.7 34.6 31.7
1.333333 2 353.3 34.7 34.5 31.5
1.366667 2 355.1 34.0 34.5 31.6
1.400000 2 356.8 33.9 34.3 31.3
1.433333 2 357.5 33.7 34.4 31.5
1.466667 2 359.5 33.9 34.3 31.3
1.500000 2 360.1 33.9 34.4 31.5
1.533333 2 361.9 34.7 34.4 31.4
1.566667 2 362.8 34.9 34.4 31.4
1.600000 2 364.3 36.0 34.4 31.4
1.633333 2 366.0 37.6 34.1 31.2
1.666667 2 366.7 37.9 34.3 31.3
1.700000 2 368.3 40.0 34.1 31.1
1.733333 2 369.2 40.5 34.1 31.1
1.766667 2 370.5 43.0 34.1 31.1
1.800000 2 371.9 45.1 34.0 31.0
1.833333 2 372.7 46.7 34.0 31.0
1.866667 2 373.8 49.4 34.0 31.0
1.900000 2 374.4 51.1 34.0 31.0
1.933333 2 375.5 54.2 34.0 31.1
1.966667 2 376.3 57.6 34.2 31.2
2.000000 2 376.6 59.3 34.4 31.5
2.033333 2 377.3 63.0 34.7 31.8
2.066667 2 377.4 64.6 35.1 32.2
2.100000 2 378.2 68.3 35.2 32.3
2.133333 2 379.1 71.9 35.3 32.4
2.166667 2 379.3 73.5 35.5 32.7
2.200000 2 380.3 77.0 35.5 32.6
2.233333 2 380.9 78.7 35.3 32.4
2.266667 2 381.8 82.0 35.3 32.5
2.300000 2 383.0 84.9 35.4 32.5
2.333333 2 383.5 86.3 35.4 32.6
2.366667 2 384.7 89.1 35.4 32.5
2.400000 2 386.0 91.3 35.6 32.8
2.433333 2 387.4 93.7 35.4 32.6
2.466667 2 388.1 94.8 35.6 32.7
2.500000 2 389.7 96.8 35.3 32.5
2.533333 2 390.4 97.8 35.4 32.5
2.566667 2 391.9 99.2 35.4 32.6
2.600000 2 393.7 100.8 35.3 32.5
2.633333 2 394.4 101.2 35.4 32.6
2.666667 2 396.3 102.7 35.2 32.3
2.700000 2 398.1 103.5 35.0 32.2
2.733333 2 398.8 104.1 34.9 32.0
2.766667 2 400.6 104.7 34.8 31.9
2.800000 2 401.4 105.1 34.6 31.7
2.833333 2 402.8 105.4 34.6 31.7
2.866667 2 404.4 105.5 34.5 31.5
2.900000 2 405.0 105.9 34.2 31.3
2.933333 2 406.3 106.0 34.1 31.2
2.966667 2 406.7 106.0 34.1 31.1
3.000000 2 407.6 106.4 33.9 30.9
3.033333 2 408.3 106.5 33.8 30.9
3.066667 2 408.4 106.7 33.8 30.9
3.100000 2 408.5 106.9 33.9 30.9
3.133333 2 408.6 107.5 33.8 30.8
3.166667 2 408.4 107.7 33.9 31.0
3.200000 2 408.3 108.2 33.9 30.9
3.233333 2 407.7 109.0 33.8 30.9
3.266667 2 407.1 109.4 33.8 30.8
3.300000 2 406.7 109.9 33.8 30.9
3.333333 2 405.8 110.4 33.7 30.8
3.366667 2 404.6 111.4 33.8 30.8
3.400000 2 404.1 111.7 33.8 30.8
3.433333 2 402.7 112.4 33.9 30.9
3.466667 2 401.0 113.2 34.0 31.1
3.500000 2 400.2 113.5 34.1 31.1
3.533333 2 398.3 114.1 34.4 31.5
3.566667 2 397.2 114.4 34.4 31.5
3.600000 2 395.4 114.5 34.6 31.8
3.633333 2 394.4 114.9 34.6 31.8
3.666667 2 392.5 115.1 34.7 31.9
3.700000 2 391.6 115.1 34.8 32.0
3.733333 2 389.9 115.1 34.7 31.9
3.766667 2 388.2 115.1 34.8 31.9
3.800000 2 387.5 115.1 34.7 31.9
3.833333 2 385.8 114.8 34.7 31.8
3.866667 2 384.3 114.5 34.8 31.9
3.900000 2 383.6 114.3 34.6 31.8
3.933333 2 382.1 113.7 34.6 31.8
3.966667 2 381.4 113.4 34.8 31.9
4.000000 2 380.2 112.9 34.7 31.8
4.033333 2 378.9 112.0 34.6 31.8
4.066667 2 378.4 111.8 34.6 31.8
4.100000 2 377.1 110.8 34.8 31.9
4.133333 2 376.6 110.3 34.9 32.1
4.166667 2 375.8 109.3 34.8 32.0
4.200000 2 375.4 108.8 34.8 31.9
4.233333 2 374.6 107.7 34.7 31.9
4.266667 2 374.0 106.4 34.8 32.0
4.300000 2 373.8 105.9 34.7 31.9
4.333333 2 373.3 104.5 34.7 31.9
4.366667 2 373.0 103.9 34.7 31.8
4.400000 2 372.6 102.4 34.8 32.0
4.433333 2 372.4 101.0 34.7 31.8
4.466667 2 372.2 100.2 34.6 31.8
4.500000 2 372.1 98.8 34.5 31.6
4.533333 2 372.1 97.3 34.6 31.7
4.566667 2 371.8 96.5 34.6 31.8
4.600000 2 372.0 95.7 34.7 31.8
4.633333 2 372.0 94.5 34.6 31.8
4.666667 2 372.0 93.2 34.6 31.7
4.700000 2 372.0 91.4 34.6 31.8
4.733333 2 372.4 90.3 34.7 31.8
4.766667 2 372.4 89.3 34.7 31.8
4.800000 2 372.8 88.2 34.6 31.8
4.833333 2 373.3 86.6 34.6 31.7
4.866667 2 373.3 85.9 34.6 31.7
4.900000 2 373.8 84.2 34.6 31.7
4.933333 2 374.4 82.2 34.5 31.6
4.966667 2 374.5 81.7 34.5 31.6
5.000000 2 375.3 79.9 34.4 31.5
5.033333 2 375.4 79.1 34.4 31.5
5.066667 2 376.1 77.3 34.5 31.6
5.100000 2 377.0 76.0 34.3 31.4
5.133333 2 377.1 75.1 34.3 31.4
5.166667 2 377.9 73.9 34.3 31.3
5.200000 2 378.9 72.6 34.3 31.4
5.233333 2 379.1 72.0 34.2 31.3
5.266667 2 379.9 71.0 34.1 31.2
5.300000 2 380.1 70.5 34.1 31.2
5.333333 2 380.7 69.5 34.1 31.1
5.366667 2 381.5 68.8 34.0 31.0
5.400000 2 382.2 68.3 33.9 30.9
5.433333 2 382.2 67.9 33.8 30.8
5.466667 2 382.7 67.7 33.8 30.8
5.500000 2 383.2 67.5 33.8 30.8
5.533333 2 383.1 67.5 33.8 30.8
5.566667 2 383.6 67.6 33.8 30.8
5.600000 2 383.6 67.6 33.8 30.8
5.633333 2 383.7 67.9 33.7 30.7
5.666667 2 383.9 68.2 33.8 30.8
5.700000 2 384.1 68.7 33.6 30.6
5.733333 2 384.1 69.3 33.6 30.6
5.766667 2 383.9 69.9 33.6 30.6
5.800000 2 383.6 70.7 33.5 30.5
5.833333 2 383.7 71.2 33.5 30.5
5.866667 2 383.3 72.3 33.4 30.4
5.900000 2 383.0 72.8 33.5 30.5
5.933333 2 382.7 73.9 33.6 30.5
5.966667 2 381.9 74.8 33.7 30.7
6.000000 2 381.6 75.8 33.7 30.7
6.033333 2 381.0 76.6 33.8 30.8
6.066667 2 380.4 77.3 33.9 30.9
6.100000 2 379.6 78.2 34.1 31.1
6.133333 2 379.0 79.4 34.0 31.0
6.166667 2 378.6 79.9 34.1 31.1
6.200000 2 378.0 81.1 34.0 31.0
6.233333 2 377.4 82.2 34.1 31.2
6.266667 2 377.0 82.5 34.2 31.2
6.300000 2 376.5 83.7 34.2 31.3
6.333333 2 376.3 83.9 34.1 31.2
6.366667 2 375.9 85.0 34.1 31.2
6.400000 2 375.5 85.7 34.1 31.1
6.433333 2 375.3 86.4 34.0 31.1
6.466667 2 375.1 86.9 34.0 31.1
6.500000 2 375.1 87.4 34.0 31.1
6.533333 2 374.7 87.9 34.1 31.2
6.566667 2 374.8 88.5 34.1 31.1
6.600000 2 374.6 89.2 34.0 31.0
6.633333 2 374.6 90.0 33.9 31.0
6.666667 2 374.6 90.4 34.0 31.0
6.700000 2 374.6 91.1 34.0 31.0
6.733333 2 374.6 91.6 33.9 31.0
6.766667 2 374.7 92.3 34.0 31.0
6.800000 2 374.9 93.2 33.9 31.0
6.833333 2 375.2 94.0 33.8 30.8
6.866667 2 375.2 94.5 33.8 30.8
6.900000 2 375.5 95.3 33.7 30.8
6.933333 2 375.8 95.9 33.7 30.8
6.966667 2 376.0 96.9 33.7 30.7
7.000000 2 376.2 97.9 33.6 30.6
7.033333 2 376.5 99.0 33.5 30.5
7.066667 2 376.5 99.8 33.4 30.4
7.100000 2 376.6 103.6 33.4 30.4
7.133333 2 376.6 104.3 33.4 30.4
7.166667 2 376.4 106.3 33.4 30.4
7.200000 2 376.4 107.2 33.4 30.4
7.233333 2 376.0 109.3 33.4 30.4
7.266667 2 375.9 110.5 33.4 30.4
7.300000 2 375.4 112.8 33.4 30.3
7.333333 2 375.1 114.0 33.5 30.4
7.366667 2 374.5 116.3 33.4 30.4
7.400000 2 373.8 118.9 33.3 30.3
7.433333 2 373.2 120.1 33.5 30.5
7.466667 2 372.4 122.7 33.5 30.5
7.500000 2 371.6 125.1 33.5 30.5
7.533333 2 370.5 127.5 33.6 30.7
7.566667 2 370.1 128.7 33.6 30.7
7.600000 2 369.2 131.1 33.6 30.7
7.633333 2 368.2 133.2 33.8 30.8
7.666667 2 367.4 135.2 33.7 30.8
7.700000 2 367.2 136.2 33.7 30.8
7.733333 2 366.5 138.0 33.7 30.7
7.766667 2 366.2 139.0 33.7 30.7
7.800000 2 365.7 140.6 33.6 30.7
7.833333 2 365.4 141.7 33.6 30.7
7.866667 2 365.1 143.3 33.6 30.7
7.900000 2 364.8 145.1 33.4 30.5
7.933333 2 364.3 146.7 33.4 30.4
7.966667 2 363.8 147.9 33.5 30.5
8.000000 2 363.7 148.8 33.5 30.5
8.033333 2 363.5 150.0 33.4 30.4
8.066667 2 362.9 151.2 33.4 30.5
8.100000 2 362.7 152.5 33.4 30.4
8.133333 2 362.4 153.3 33.4 30.4
8.166667 2 362.1 153.8 33.4 30.5
8.200000 2 361.9 154.5 33.4 30.5
8.233333 2 361.7 155.3 33.3 30.3
8.266667 2 361.6 155.5 33.3 30.3
8.300000 2 361.6 156.2 33.2 30.2
8.333333 2 361.4 156.7 33.3 30.3
8.366667 2 361.3 157.0 33.3 30.3
8.400000 2 361.2 157.3 33.3 30.3
8.433333 2 361.2 157.8 33.3 30.3
8.466667 2 361.2 158.0 33.3 30.3
8.500000 2 361.2 158.4 33.4 30.4
8.533333 2 361.2 158.7 33.3 30.3
8.566667 2 361.2 159.1 33.3 30.4
8.600000 2 361.1 159.5 33.4 30.4
8.633333 2 361.3 159.8 33.3 30.3
8.666667 2 361.5 160.2 33.2 30.3
8.700000 2 361.6 160.5 33.2 30.3
8.733333 2 361.7 160.6 33.2 30.2
8.766667 2 361.9 160.8 33.1 30.1
8.800000 2 362.0 160.8 33.2 30.2
8.833333 2 362.3 160.9 33.2 30.3
8.866667 2 362.5 160.9 33.2 30.2
8.900000 2 362.6 160.8 33.2 30.2
8.933333 2 362.8 160.5 33.2 30.2
8.966667 2 362.8 160.3 33.2 30.2
9.000000 2 363.1 160.0 33.3 30.3
9.033333 2 363.4 159.7 33.3 30.3
9.066667 2 363.4 159.4 33.3 30.3
9.100000 2 363.7 159.0 33.1 30.2
9.133333 2 363.9 158.4 33.3 30.3
9.166667 2 364.2 157.9 33.3 30.3
9.200000 2 364.5 157.7 33.2 30.2
9.233333 2 364.8 157.2 33.1 30.1
9.266667 2 365.0 157.0 33.1 30.1
9.300000 2 365.2 156.4 33.3 30.3
9.333333 2 365.6 155.9 33.1 30.1
9.366667 2 365.9 155.6 33.1 30.1
9.400000 2 366.1 154.9 33.2 30.2
9.433333 2 366.4 154.6 33.1 30.2
9.466667 2 366.9 154.0 33.0 30.0
9.500000 2 367.3 153.2 33.2 30.2
9.533333 2 367.6 152.6 33.1 30.2
9.566667 2 367.9 152.2 33.1 30.2
9.600000 2 368.3 151.5 33.3 30.3
9.633333 2 368.9 150.9 33.0 30.1
9.666667 2 369.0 150.4 33.2 30.2
9.700000 2 369.7 150.0 33.0 30.1
9.733333 2 370.0 149.4 33.1 30.1
9.766667 2 370.6 148.9 33.0 30.0
9.800000 2 370.9 148.7 32.9 30.0
9.833333 2 371.4 148.3 33.1 30.1
9.866667 2 372.1 148.1 33.1 30.1
9.900000 2 372.4 148.0 33.1 30.1
9.933333 2 373.0 148.0 33.0 30.0
9.966667 2 373.7 148.0 33.0 30.0
10.000000 2 374.0 148.0 33.0 30.0
