0.000000 2 533.7 37.7 36.6 35.5
0.033333 2 534.3 44.1 36.8 35.8
0.066667 2 534.7 47.4 36.5 35.5
0.100000 2 535.2 53.8 37.0 36.0
0.133333 2 535.8 57.4 36.3 35.3
0.166667 2 536.2 63.2 37.0 36.0
0.200000 2 536.7 66.5 36.5 35.5
0.233333 2 537.1 72.5 37.3 36.3
0.266667 2 538.5 79.7 35.6 34.6
0.300000 2 538.1 85.5 37.1 36.1
0.333333 2 538.2 88.6 37.1 36.1
0.366667 2 538.9 95.4 36.5 35.5
0.400000 2 539.2 98.3 36.6 35.6
0.433333 2 539.2 101.4 36.7 35.7
0.466667 2 539.3 107.3 37.3 36.2
0.500000 2 539.5 113.8 36.8 35.8
0.533333 2 539.6 116.8 36.8 35.7
0.566667 2 539.7 122.8 36.6 35.6
0.600000 2 539.9 126.2 36.2 35.2
0.633333 2 539.9 131.9 36.3 35.2
0.666667 2 540.6 138.0 35.6 34.5
0.700000 2 540.6 143.5 36.0 34.9
0.733333 2 540.5 148.9 36.5 35.5
0.766667 2 540.8 151.8 36.4 35.3
0.800000 2 541.3 157.7 35.6 34.5
0.833333 2 541.7 160.6 35.2 34.1
0.866667 2 541.8 165.9 35.2 34.1
0.900000 2 541.2 167.6 36.6 35.6
0.933333 2 540.9 172.3 37.5 36.4
0.966667 2 541.2 175.0 36.9 35.9
1.000000 2 541.1 179.8 37.1 36.1
1.033333 2 541.3 182.1 37.2 36.1
1.066667 2 541.0 186.1 37.6 36.5
1.100000 2 541.1 188.5 37.4 36.4
1.133333 2 540.9 192.5 37.3 36.3
1.166667 2 540.9 196.4 37.2 36.1
1.200000 2 540.7 200.3 36.9 35.9
1.233333 2 540.7 202.1 37.0 35.9
1.266667 2 539.9 204.9 37.7 36.7
1.300000 2 539.8 208.6 37.0 36.0
1.333333 2 538.7 211.1 38.1 37.1
1.366667 2 538.9 213.2 36.7 35.6
1.400000 2 538.1 214.1 37.9 36.9
1.433333 2 537.6 217.2 37.2 36.1
1.466667 2 536.9 219.9 37.3 36.2
1.500000 2 535.9 222.0 38.0 37.0
1.533333 2 535.8 223.4 37.3 36.3
1.566667 2 535.1 225.9 36.9 35.9
1.600000 2 534.6 226.9 36.9 35.9
1.633333 2 534.0 229.2 36.4 35.3
1.666667 2 533.1 229.7 37.3 36.3
1.700000 2 532.0 231.6 37.4 36.4
1.733333 2 530.7 233.0 38.0 37.0
1.766667 2 530.6 234.2 37.0 36.0
1.800000 2 529.1 235.4 37.6 36.6
1.833333 2 528.2 237.0 37.4 36.3
1.866667 2 527.9 238.0 36.6 35.6
1.900000 2 526.6 239.1 36.9 35.9
1.933333 2 526.0 239.7 36.9 35.8
1.966667 2 525.0 240.6 36.8 35.8
2.000000 2 524.3 240.8 37.1 36.1
2.033333 2 523.6 241.8 37.0 36.0
2.066667 2 523.1 241.9 37.6 36.5
2.100000 2 522.8 242.9 36.8 35.8
2.133333 2 522.4 242.9 37.1 36.1
2.166667 2 522.1 242.9 37.5 36.5
2.200000 2 522.2 243.0 37.4 36.4
2.233333 2 523.1 243.4 36.7 35.6
2.266667 2 523.2 243.0 37.3 36.3
2.300000 2 524.1 242.5 37.4 36.4
2.333333 2 524.9 242.3 37.3 36.3
2.366667 2 526.2 241.4 37.6 36.5
2.400000 2 527.0 240.9 37.6 36.5
2.433333 2 529.0 240.4 36.6 35.5
2.466667 2 529.5 239.5 37.2 36.2
2.500000 2 530.9 238.1 37.7 36.7
2.533333 2 532.1 238.0 36.8 35.8
2.566667 2 533.3 236.2 37.5 36.5
2.600000 2 534.0 235.9 37.3 36.3
2.633333 2 535.3 234.7 37.1 36.1
2.666667 2 536.3 233.5 37.2 36.1
2.700000 2 537.1 233.4 36.3 35.3
2.733333 2 537.5 232.0 36.7 35.7
2.766667 2 537.7 231.4 36.8 35.7
2.800000 2 537.7 230.2 36.7 35.7
2.833333 2 537.4 229.4 36.9 35.9
2.866667 2 536.7 228.5 36.7 35.6
2.900000 2 536.5 227.8 36.8 35.8
2.933333 2 535.4 227.4 36.0 35.0
2.966667 2 534.1 226.6 36.9 35.8
3.000000 2 532.3 226.3 36.2 35.2
3.033333 2 529.3 225.1 37.0 36.0
3.066667 2 527.9 225.3 36.6 35.5
3.100000 2 524.1 224.3 37.3 36.2
3.133333 2 522.3 224.3 37.1 36.0
3.166667 2 518.2 223.8 37.1 36.1
3.200000 2 513.7 223.6 36.9 35.8
3.233333 2 511.1 223.1 37.4 36.4
3.266667 2 506.1 222.8 37.3 36.3
3.300000 2 501.1 221.9 37.6 36.6
3.333333 2 498.8 222.1 36.7 35.7
3.366667 2 493.0 220.5 37.8 36.8
3.400000 2 488.0 219.6 36.8 35.8
3.433333 2 485.2 218.7 37.4 36.4
3.466667 2 479.8 217.0 37.8 36.8
3.500000 2 475.0 215.6 37.2 36.2
3.533333 2 473.0 215.2 36.2 35.2
3.566667 2 468.2 212.7 37.1 36.1
3.600000 2 466.2 211.7 36.7 35.7
3.633333 2 462.5 209.2 36.8 35.8
3.666667 2 461.2 208.3 36.0 35.0
3.700000 2 458.1 205.2 36.1 35.1
3.733333 2 455.1 201.5 36.9 35.9
3.766667 2 454.2 199.9 36.8 35.8
3.800000 2 452.9 196.4 36.3 35.3
3.833333 2 452.0 192.7 36.2 35.2
3.866667 2 451.3 190.3 37.0 36.0
3.900000 2 451.3 186.2 36.8 35.8
3.933333 2 451.8 181.8 36.4 35.4
3.966667 2 452.5 177.1 36.6 35.6
4.000000 2 453.5 175.2 35.5 34.4
4.033333 2 454.4 170.3 35.4 34.4
4.066667 2 455.8 165.5 34.9 33.9
4.100000 2 456.1 162.6 35.9 34.8
4.133333 2 457.6 157.9 35.2 34.2
4.166667 2 457.1 154.3 37.3 36.3
4.200000 2 458.8 150.0 36.4 35.4
4.233333 2 459.2 147.3 36.9 35.9
4.266667 2 460.2 142.7 37.0 36.0
4.300000 2 461.6 141.3 35.2 34.2
4.333333 2 462.8 137.2 35.1 34.1
4.366667 2 463.8 133.1 35.0 33.9
4.400000 2 463.1 130.0 37.2 36.2
4.433333 2 464.1 126.2 37.1 36.1
4.466667 2 465.2 120.9 37.2 36.2
4.500000 2 467.0 119.0 34.7 33.7
4.533333 2 466.1 116.3 37.1 36.1
4.566667 2 467.7 114.2 35.3 34.2
4.600000 2 467.5 112.7 35.8 34.8
4.633333 2 467.3 109.3 37.3 36.3
4.666667 2 467.8 108.5 36.5 35.4
4.700000 2 468.5 106.6 35.9 34.9
4.733333 2 467.9 104.0 37.3 36.3
4.766667 2 467.8 102.8 37.9 36.9
4.800000 2 467.9 101.3 37.9 36.8
4.833333 2 468.1 100.7 37.7 36.6
4.866667 2 468.2 99.5 37.5 36.5
4.900000 2 468.6 99.3 36.9 35.8
4.933333 2 468.5 98.6 37.0 36.0
4.966667 2 468.0 97.8 37.4 36.4
5.000000 2 468.1 97.5 37.5 36.5
5.033333 2 468.2 97.9 36.6 35.6
5.066667 2 468.2 97.9 36.5 35.5
5.100000 2 468.5 98.4 35.5 34.5
5.133333 2 467.6 98.2 36.7 35.7
5.166667 2 467.2 98.5 37.0 36.0
5.200000 2 467.7 99.5 35.7 34.7
5.233333 2 466.8 100.3 36.2 35.2
5.266667 2 466.6 100.8 36.4 35.4
5.300000 2 466.8 102.6 35.0 34.0
5.333333 2 465.3 103.5 36.5 35.5
5.366667 2 465.8 105.1 35.2 34.2
5.400000 2 464.6 106.1 36.4 35.4
5.433333 2 464.0 108.7 35.9 34.9
5.466667 2 463.6 109.9 36.0 35.0
5.500000 2 462.8 112.3 36.1 35.1
5.533333 2 462.8 114.2 35.4 34.3
5.566667 2 461.6 116.5 36.2 35.2
5.600000 2 461.4 118.6 35.2 34.2
5.633333 2 460.5 121.5 35.3 34.3
5.666667 2 459.5 123.0 36.1 35.1
5.700000 2 459.0 127.0 34.8 33.7
5.733333 2 457.5 127.6 36.5 35.5
5.766667 2 457.0 131.8 35.0 34.0
5.800000 2 455.7 132.8 36.2 35.2
5.833333 2 455.3 137.2 34.2 33.2
5.866667 2 453.7 140.0 34.7 33.7
5.900000 2 453.1 141.8 34.4 33.4
5.933333 2 451.4 144.4 35.3 34.3
5.966667 2 451.0 146.5 34.4 33.4
6.000000 2 448.7 148.6 36.1 35.1
6.033333 2 447.8 152.5 34.6 33.6
6.066667 2 447.0 153.9 34.9 34.0
6.100000 2 445.6 157.0 34.9 33.9
6.133333 2 444.2 160.4 34.3 33.3
6.166667 2 442.8 161.0 35.8 34.8
6.200000 2 442.2 165.0 34.1 33.1
6.233333 2 440.9 165.8 35.4 34.4
6.266667 2 440.1 169.5 34.2 33.1
6.300000 2 439.2 170.9 34.7 33.7
6.333333 2 438.3 174.5 33.8 32.8
6.366667 2 436.8 175.0 35.8 34.8
6.400000 2 435.8 178.0 35.8 34.8
6.433333 2 434.8 181.1 35.7 34.7
6.466667 2 435.2 183.3 34.0 33.0
6.500000 2 434.1 186.1 34.1 33.1
6.533333 2 433.2 186.8 35.3 34.3
6.566667 2 433.1 189.9 34.2 33.2
6.600000 2 431.8 191.6 35.8 34.8
6.633333 2 432.1 193.4 34.6 33.6
6.666667 2 431.4 195.4 35.2 34.2
6.700000 2 430.8 196.3 35.8 34.8
6.733333 2 430.7 197.7 35.9 34.9
6.766667 2 430.5 200.4 35.1 34.1
6.800000 2 429.9 202.6 35.8 34.8
6.833333 2 429.8 203.9 35.6 34.7
6.866667 2 429.3 206.4 35.3 34.3
6.900000 2 429.2 207.6 35.4 34.4
6.933333 2 429.1 210.3 34.6 33.6
6.966667 2 429.2 211.7 34.1 33.1
7.000000 2 428.3 213.7 35.1 34.2
7.033333 2 428.1 216.4 34.6 33.6
7.066667 2 428.2 218.1 33.9 32.9
7.100000 2 426.8 220.1 35.6 34.6
7.133333 2 427.1 221.8 34.9 34.0
7.166667 2 426.9 225.2 34.1 33.2
7.200000 2 426.4 226.3 34.9 33.9
7.233333 2 426.5 229.9 33.6 32.6
7.266667 2 426.0 231.2 34.0 33.0
7.300000 2 425.5 234.2 33.9 32.9
7.333333 2 425.5 236.1 33.4 32.4
7.366667 2 424.5 240.9 33.4 32.4
7.400000 2 423.9 242.1 34.0 33.1
7.433333 2 423.7 245.7 33.5 32.5
7.466667 2 423.1 247.3 33.7 32.8
7.500000 2 422.5 250.7 33.8 32.8
7.533333 2 422.7 252.9 33.0 32.0
7.566667 2 421.6 255.9 33.6 32.6
7.600000 2 420.6 259.1 34.4 33.4
7.633333 2 420.7 261.4 33.3 32.3
7.666667 2 419.1 264.1 35.1 34.1
7.700000 2 419.7 267.0 33.2 32.2
7.733333 2 418.5 270.3 34.3 33.4
7.766667 2 418.1 274.4 33.6 32.7
7.800000 2 417.1 277.7 33.6 32.7
7.833333 2 417.1 280.0 32.4 31.5
7.866667 2 416.0 283.1 32.1 31.2
7.900000 2 414.5 285.3 33.2 32.2
7.933333 2 412.5 287.4 34.7 33.7
7.966667 2 411.7 290.4 33.3 32.3
8.000000 2 410.7 291.3 34.0 33.1
8.033333 2 410.2 292.6 33.5 32.6
8.066667 2 408.9 295.1 32.4 31.5
8.100000 2 406.8 296.4 33.2 32.2
8.133333 2 405.6 296.9 33.7 32.7
8.166667 2 403.8 298.6 33.3 32.3
8.200000 2 402.6 298.8 33.9 33.0
8.233333 2 400.9 300.4 33.0 32.0
8.266667 2 399.1 301.6 32.2 31.2
8.300000 2 397.9 301.5 32.4 31.4
8.333333 2 394.9 301.6 33.4 32.5
8.366667 2 393.3 302.5 31.9 30.9
8.400000 2 389.8 301.7 33.7 32.7
8.433333 2 387.7 301.9 32.6 31.6
8.466667 2 386.1 301.1 33.4 32.5
8.500000 2 384.1 301.0 32.1 31.1
8.533333 2 381.0 299.4 32.9 32.0
8.566667 2 380.3 299.4 31.9 30.9
8.600000 2 376.8 296.9 33.8 32.8
8.633333 2 375.4 296.2 31.8 30.9
8.666667 2 374.3 295.1 31.9 30.9
8.700000 2 371.8 292.9 32.5 31.5
8.733333 2 369.6 290.4 32.7 31.7
8.766667 2 368.7 289.3 32.6 31.6
8.800000 2 367.2 287.4 31.9 30.9
8.833333 2 366.3 286.1 32.0 31.1
8.866667 2 363.8 282.8 33.6 32.6
8.900000 2 362.9 281.6 33.4 32.4
8.933333 2 361.6 279.4 32.8 31.8
8.966667 2 361.1 278.4 32.3 31.3
9.000000 2 359.4 275.7 33.0 32.1
9.033333 2 357.8 273.1 33.3 32.3
9.066667 2 357.0 271.8 33.8 32.8
9.100000 2 356.2 269.9 32.3 31.3
9.133333 2 354.8 268.0 33.8 32.9
9.166667 2 353.9 266.4 32.5 31.5
9.200000 2 352.1 263.9 33.6 32.6
9.233333 2 352.0 263.5 32.3 31.3
9.266667 2 350.0 260.9 33.6 32.6
9.300000 2 349.7 260.5 32.7 31.7
9.333333 2 348.1 258.7 32.9 31.9
9.366667 2 347.3 257.6 33.1 32.1
9.400000 2 346.1 256.8 32.3 31.3
9.433333 2 345.1 255.9 32.7 31.7
9.466667 2 342.7 254.0 34.0 33.0
9.500000 2 341.9 253.6 32.5 31.4
9.533333 2 341.2 253.3 31.9 30.9
9.566667 2 338.7 251.6 33.8 32.8
9.600000 2 337.6 250.8 34.2 33.2
9.633333 2 335.6 250.0 34.0 33.1
9.666667 2 334.6 249.5 34.3 33.3
9.700000 2 331.7 248.5 34.1 33.1
9.733333 2 330.8 248.4 33.8 32.8
9.766667 2 328.7 247.4 34.1 33.1
9.800000 2 326.7 247.0 33.8 32.8
9.833333 2 326.0 246.9 33.1 32.1
9.866667 2 324.0 246.4 32.6 31.6
9.900000 2 322.9 246.2 32.7 31.7
9.933333 2 320.7 245.1 33.0 32.0
9.966667 2 320.1 245.2 32.1 31.1
10.000000 2 317.8 244.2 32.7 31.7
10.033333 2 317.0 243.9 32.3 31.3
10.066667 2 315.6 243.5 31.6 30.6
10.100000 2 313.6 241.9 32.5 31.6
10.133333 2 312.3 240.8 32.5 31.5
10.166667 2 311.3 239.5 32.2 31.2
10.200000 2 311.0 239.0 32.0 31.0
