0.000000 2 340.0 142.0 39.0 24.0
0.033333 2 340.2 139.8 39.2 24.4
0.066667 2 340.1 139.0 39.3 24.5
0.100000 2 340.3 137.4 39.1 24.3
0.133333 2 340.5 135.6 39.0 24.3
0.166667 2 340.5 134.8 39.2 24.4
0.200000 2 340.5 133.4 39.0 24.3
0.233333 2 340.4 131.8 39.3 24.5
0.266667 2 340.6 131.4 39.1 24.2
0.300000 2 340.5 130.0 39.3 24.4
0.333333 2 340.5 129.1 39.2 24.4
0.366667 2 340.2 127.8 39.3 24.6
0.400000 2 340.3 127.7 39.1 24.3
0.433333 2 340.1 126.9 39.0 24.1
0.466667 2 339.8 125.9 39.1 24.1
0.500000 2 339.8 125.7 39.0 24.1
0.533333 2 339.3 124.8 39.3 24.5
0.566667 2 339.0 124.6 39.0 24.1
0.600000 2 338.8 124.3 39.1 24.2
0.633333 2 338.3 124.2 39.2 24.5
0.666667 2 337.9 123.6 39.0 24.1
0.700000 2 337.4 123.4 39.1 24.4
0.733333 2 337.2 123.5 39.0 24.2
0.766667 2 336.6 123.3 39.1 24.2
0.800000 2 336.0 123.3 39.0 24.0
0.833333 2 335.7 123.2 39.1 24.1
0.866667 2 335.0 123.0 39.3 24.4
0.900000 2 334.8 123.2 39.1 24.1
0.933333 2 334.0 123.2 39.1 24.2
0.966667 2 333.4 123.5 39.1 24.3
1.000000 2 333.2 123.6 39.0 24.2
1.033333 2 332.0 123.9 39.2 24.4
1.066667 2 331.4 124.1 39.3 24.5
1.100000 2 331.2 124.1 39.3 24.5
1.133333 2 330.4 124.7 39.2 24.5
1.166667 2 329.5 124.7 39.2 24.4
1.200000 2 329.0 124.9 39.4 24.6
1.233333 2 328.3 125.0 39.4 24.7
1.266667 2 327.5 125.4 39.1 24.4
1.300000 2 327.2 125.6 39.1 24.4
1.333333 2 326.2 125.6 39.1 24.3
1.366667 2 325.4 125.6 39.2 24.4
1.400000 2 324.9 125.8 39.0 24.1
1.433333 2 323.3 125.6 39.2 24.5
1.466667 2 322.9 125.9 39.0 24.0
1.500000 2 321.8 125.6 39.0 24.1
1.533333 2 320.8 125.5 39.0 24.0
1.566667 2 320.1 125.4 39.0 24.2
1.600000 2 319.0 125.1 39.2 24.4
1.633333 2 318.0 124.8 38.9 24.0
1.666667 2 317.4 124.6 39.2 24.5
1.700000 2 316.3 124.3 39.2 24.6
1.733333 2 315.0 124.1 39.3 24.6
1.766667 2 314.4 124.1 39.3 24.6
1.800000 2 313.3 123.7 39.6 24.9
1.833333 2 312.7 123.9 39.4 24.4
1.866667 2 311.9 123.7 39.1 24.2
1.900000 2 310.8 123.8 39.1 24.1
1.933333 2 310.2 123.5 39.4 24.8
1.966667 2 309.0 123.6 39.3 24.6
2.000000 2 307.6 123.9 39.4 24.5
2.033333 2 307.0 123.6 39.7 25.1
2.066667 2 305.8 123.9 39.5 24.7
2.100000 2 304.7 124.0 39.4 24.4
2.133333 2 304.0 123.7 39.7 25.1
2.166667 2 302.9 123.7 39.7 25.0
2.200000 2 301.6 124.0 39.4 24.5
2.233333 2 300.6 123.7 39.2 24.4
2.266667 2 299.5 123.6 39.3 24.6
2.300000 2 298.8 123.8 39.0 24.1
2.333333 2 297.9 123.5 39.1 24.2
2.366667 2 296.9 122.8 39.2 24.3
2.400000 2 296.7 122.4 39.1 24.2
2.433333 2 295.6 121.6 39.1 24.4
2.466667 2 295.4 120.3 39.1 24.6
2.500000 2 295.1 119.5 39.3 24.7
2.533333 2 295.1 118.4 39.2 24.6
2.566667 2 295.1 117.4 39.3 24.7
2.600000 2 295.4 115.5 39.3 24.8
2.633333 2 296.0 113.4 39.2 24.6
2.666667 2 296.3 112.0 39.3 24.8
2.700000 2 297.5 109.4 39.1 24.7
2.733333 2 298.9 106.6 39.4 24.8
2.766667 2 299.9 105.3 39.2 24.5
2.800000 2 301.5 102.0 39.4 24.7
2.833333 2 302.7 100.4 39.2 24.5
2.866667 2 304.6 96.9 39.5 24.8
2.900000 2 305.8 95.4 39.1 24.4
2.933333 2 307.6 92.0 39.4 24.7
2.966667 2 311.2 86.3 39.4 24.9
3.000000 2 311.9 84.7 39.6 25.1
3.033333 2 314.3 81.3 39.3 24.8
3.066667 2 316.7 78.1 39.1 24.4
3.100000 2 318.0 76.4 39.0 24.2
3.133333 2 320.0 73.3 39.1 24.5
3.166667 2 322.0 69.8 39.5 24.9
3.200000 2 323.2 68.5 39.3 24.8
3.233333 2 325.4 65.4 39.2 24.7
3.266667 2 326.3 63.9 39.4 24.9
3.300000 2 328.2 60.9 39.4 24.9
3.333333 2 330.3 58.2 39.3 24.9
3.366667 2 331.0 56.5 39.7 25.3
3.400000 2 333.0 53.5 39.7 25.3
3.433333 2 335.2 51.3 39.2 24.7
3.466667 2 336.1 50.1 39.2 24.6
3.500000 2 338.1 47.4 39.1 24.6
3.533333 2 338.9 46.5 38.9 24.2
3.566667 2 340.4 43.7 39.5 25.0
3.600000 2 344.8 38.4 38.9 24.2
3.633333 2 346.3 36.3 39.2 24.6
3.666667 2 348.1 34.4 39.1 24.4
3.700000 2 349.6 32.5 39.0 24.4
3.733333 2 350.9 30.8 39.3 24.6
3.766667 2 352.3 29.2 39.2 24.7
3.800000 2 353.8 28.0 39.3 24.5
3.833333 2 354.9 26.6 39.4 24.8
3.866667 2 355.8 26.0 39.2 24.5
3.900000 2 356.9 24.9 39.4 24.8
3.933333 2 357.6 24.5 39.0 24.5
3.966667 2 358.9 23.8 39.0 24.3
4.000000 2 360.0 22.6 39.2 24.6
4.033333 2 360.9 21.9 39.3 24.7
4.066667 2 361.8 21.6 38.9 24.3
4.100000 2 362.8 20.7 39.3 24.6
4.133333 2 363.1 20.5 39.2 24.7
4.166667 2 364.3 19.5 39.3 24.9
4.200000 2 365.4 18.9 39.3 24.9
4.233333 2 366.0 18.9 39.4 24.9
4.266667 2 367.2 18.3 39.3 24.8
4.300000 2 367.9 17.7 39.6 25.2
4.333333 2 368.8 17.6 39.5 24.9
4.366667 2 369.2 17.4 39.5 25.1
4.400000 2 370.3 17.3 39.3 24.9
4.433333 2 371.1 17.3 39.2 24.7
4.466667 2 372.0 17.4 39.1 24.5
4.500000 2 372.0 17.3 39.2 24.6
4.533333 2 373.0 17.2 39.2 24.7
4.566667 2 373.2 17.1 39.3 24.9
4.600000 2 374.0 17.4 39.2 24.7
4.633333 2 374.8 17.7 39.5 24.9
4.666667 2 375.6 18.4 39.1 24.7
4.700000 2 376.0 19.2 39.2 24.6
4.733333 2 376.5 19.3 39.1 24.7
4.766667 2 377.4 20.1 39.3 24.8
4.800000 2 377.4 20.5 39.2 24.8
4.833333 2 378.4 21.3 39.2 24.7
4.866667 2 379.2 22.3 39.2 24.7
4.900000 2 379.3 22.6 39.6 25.1
4.933333 2 379.6 23.5 39.2 24.7
4.966667 2 379.3 23.7 39.5 25.0
5.000000 2 379.9 25.0 39.4 24.8
5.033333 2 380.6 25.6 39.5 24.8
5.066667 2 381.4 26.9 39.5 24.9
5.100000 2 381.5 27.5 39.4 24.8
5.133333 2 382.0 28.5 39.7 25.2
5.166667 2 382.3 28.9 39.4 25.0
5.200000 2 382.9 30.1 39.4 24.8
5.233333 2 382.9 30.6 39.7 25.1
5.266667 2 383.6 31.9 39.5 24.8
5.300000 2 384.1 32.6 39.7 25.3
5.333333 2 384.4 33.4 39.3 24.9
5.366667 2 385.0 34.5 39.8 25.4
5.400000 2 385.5 35.7 39.6 25.0
5.433333 2 385.9 36.5 39.4 24.8
5.466667 2 386.5 37.5 39.2 24.8
5.500000 2 387.0 39.0 39.3 24.8
5.533333 2 387.0 39.0 39.3 24.9
5.566667 2 387.8 40.2 39.2 24.6
5.600000 2 387.9 41.4 39.2 24.7
5.633333 2 388.2 41.7 39.5 25.2
5.666667 2 388.7 43.2 39.1 24.6
5.700000 2 389.1 44.1 39.3 24.9
5.733333 2 389.4 45.3 39.2 24.8
5.766667 2 389.5 46.3 39.2 24.8
5.800000 2 390.0 47.3 39.2 24.7
5.833333 2 390.4 48.2 39.1 24.8
5.866667 2 390.4 48.6 39.4 25.0
5.900000 2 390.7 50.4 39.0 24.5
5.933333 2 390.8 50.8 39.1 24.5
5.966667 2 391.4 52.1 39.1 24.8
6.000000 2 391.5 53.3 39.0 24.7
6.033333 2 391.8 54.7 38.9 24.2
6.066667 2 392.0 55.4 39.0 24.3
6.100000 2 392.0 56.4 39.0 24.3
6.133333 2 392.1 57.3 39.1 24.6
6.166667 2 392.1 58.6 39.3 24.8
6.200000 2 392.1 59.6 39.3 24.8
6.233333 2 392.1 60.6 39.3 24.8
6.266667 2 392.3 62.1 39.1 24.7
6.300000 2 392.1 63.1 39.7 25.4
6.333333 2 392.1 63.8 39.7 25.4
6.366667 2 392.1 65.4 40.0 25.7
6.400000 2 392.1 67.2 39.9 25.6
6.433333 2 392.1 69.5 39.9 25.6
6.466667 2 391.9 70.5 39.9 25.4
6.500000 2 391.9 72.3 39.8 25.3
6.533333 2 391.7 74.3 39.7 25.2
6.566667 2 391.4 76.3 39.7 25.2
6.600000 2 391.5 77.2 39.7 25.1
6.633333 2 391.1 78.9 39.9 25.5
6.666667 2 391.0 81.0 39.9 25.4
6.700000 2 390.6 82.9 39.9 25.3
6.733333 2 390.5 83.8 39.9 25.3
6.766667 2 390.1 85.4 40.2 25.7
6.800000 2 389.6 87.4 40.2 25.6
6.833333 2 389.5 88.4 40.3 25.7
6.866667 2 389.0 90.2 40.3 25.9
6.900000 2 388.8 91.6 40.0 25.5
6.933333 2 388.0 93.2 40.2 25.8
6.966667 2 388.1 93.9 40.0 25.6
7.000000 2 387.6 95.2 40.0 25.5
7.033333 2 387.3 96.4 40.1 25.5
7.066667 2 386.8 97.2 40.2 25.8
7.100000 2 386.5 99.0 39.8 25.2
7.133333 2 385.8 100.0 39.9 25.5
7.166667 2 385.3 101.1 39.9 25.5
7.200000 2 384.8 102.1 40.4 26.0
7.233333 2 384.2 103.2 40.2 25.7
7.266667 2 383.7 104.2 40.3 25.9
7.300000 2 383.8 105.0 39.9 25.5
7.333333 2 383.0 106.0 40.1 25.8
7.366667 2 382.0 107.0 40.1 25.8
7.400000 2 381.4 108.2 39.8 25.3
7.433333 2 380.4 109.2 39.8 25.2
7.466667 2 379.7 110.0 39.8 25.3
7.500000 2 379.4 110.1 39.7 25.3
7.533333 2 378.5 111.0 39.7 25.2
7.566667 2 377.3 111.2 39.9 25.4
7.600000 2 376.3 111.3 39.9 25.4
7.633333 2 375.9 111.1 40.1 25.8
7.666667 2 375.0 111.0 39.8 25.5
7.700000 2 374.6 111.2 39.8 25.3
7.733333 2 373.6 110.6 40.0 25.5
7.766667 2 372.7 110.0 39.7 25.3
7.800000 2 372.0 109.2 40.2 25.9
7.833333 2 371.2 108.9 39.8 25.5
7.866667 2 370.2 108.0 39.9 25.6
7.900000 2 369.9 107.5 40.0 25.7
7.933333 2 369.0 106.8 39.8 25.6
7.966667 2 368.1 106.0 39.9 25.7
8.000000 2 367.8 105.5 40.0 25.7
8.033333 2 366.8 104.5 40.0 25.7
8.066667 2 366.1 103.8 39.9 25.7
8.100000 2 365.3 102.9 39.8 25.5
8.133333 2 365.2 102.5 40.0 25.7
8.166667 2 364.2 101.6 40.0 25.7
8.200000 2 363.7 101.7 39.9 25.6
8.233333 2 363.4 100.8 39.9 25.6
8.266667 2 362.1 100.1 40.2 25.8
8.300000 2 361.5 100.1 40.2 25.8
8.333333 2 360.9 99.2 40.3 26.0
8.366667 2 360.2 99.0 39.9 25.6
8.400000 2 359.4 98.7 39.9 25.4
8.433333 2 359.3 98.6 40.0 25.5
8.466667 2 358.5 97.8 39.9 25.3
8.500000 2 357.5 97.2 40.2 25.7
8.533333 2 357.0 96.8 39.8 25.4
8.566667 2 356.5 96.1 39.8 25.2
8.600000 2 356.4 96.0 39.7 25.1
8.633333 2 355.8 95.1 39.8 25.3
8.666667 2 355.5 94.1 39.7 25.1
8.700000 2 355.2 93.2 39.9 25.4
8.733333 2 355.0 92.1 39.7 25.2
8.766667 2 354.7 90.4 40.2 25.6
8.800000 2 354.9 89.8 39.8 25.3
8.833333 2 355.0 88.0 39.7 25.2
8.866667 2 355.3 86.0 39.7 25.1
8.900000 2 355.7 84.0 39.8 25.2
8.933333 2 356.3 81.4 39.9 25.2
8.966667 2 357.2 79.2 39.6 25.1
9.000000 2 357.5 76.7 39.9 25.2
9.033333 2 358.4 74.3 39.7 25.0
9.066667 2 359.1 73.0 39.7 25.2
9.100000 2 359.7 70.2 39.8 25.1
9.133333 2 360.7 67.6 40.0 25.3
9.166667 2 361.9 65.0 39.7 25.0
9.200000 2 362.7 62.5 40.0 25.4
9.233333 2 363.9 60.1 39.6 25.0
9.266667 2 365.0 57.4 40.0 25.4
9.300000 2 366.0 55.3 39.7 25.0
9.333333 2 367.0 53.2 39.6 25.0
9.366667 2 368.1 51.0 39.6 25.0
9.400000 2 369.3 48.9 39.6 25.0
9.433333 2 370.4 47.3 39.5 24.9
9.466667 2 370.6 46.3 39.5 24.7
9.500000 2 371.5 44.7 39.8 25.0
9.533333 2 372.7 42.7 39.9 25.1
9.566667 2 373.1 42.4 39.7 25.1
9.600000 2 374.0 40.5 39.9 25.3
9.633333 2 374.9 40.3 39.6 24.9
9.666667 2 375.7 38.4 39.8 25.0
9.700000 2 376.4 38.1 39.6 24.9
9.733333 2 377.3 36.8 39.8 25.1
9.766667 2 378.2 35.9 39.7 25.0
9.800000 2 379.3 34.9 39.7 25.0
9.833333 2 379.5 34.5 40.0 25.2
9.866667 2 380.8 33.6 40.0 25.3
9.900000 2 382.0 33.1 39.7 25.0
9.933333 2 382.8 33.0 39.7 25.0
9.966667 2 383.6 32.8 39.9 25.1
10.000000 2 384.6 32.6 40.0 25.2
10.033333 2 384.6 32.5 40.1 25.4
