0.000000 2 274.5 30.6 43.5 26.2
0.033333 2 275.0 31.2 43.0 26.1
0.066667 2 275.4 32.0 42.9 26.1
0.100000 2 275.6 32.3 42.7 25.9
0.133333 2 275.8 32.8 43.3 26.2
0.166667 2 276.2 33.3 43.0 26.2
0.200000 2 276.5 33.9 43.0 26.2
0.233333 2 277.1 34.3 43.1 26.3
0.266667 2 277.4 34.9 42.9 26.2
0.300000 2 277.8 35.4 43.5 26.5
0.333333 2 278.2 36.3 42.7 25.8
0.366667 2 278.8 36.9 43.1 26.1
0.400000 2 279.5 37.9 42.7 26.0
0.433333 2 279.8 38.5 42.3 25.6
0.466667 2 280.2 39.4 42.6 25.8
0.500000 2 280.2 40.3 42.6 25.8
0.533333 2 280.7 41.4 42.4 25.6
0.566667 2 280.7 42.0 42.6 25.8
0.600000 2 281.0 43.4 42.9 26.1
0.633333 2 281.3 45.0 42.7 25.8
0.666667 2 281.2 45.6 43.0 26.1
0.700000 2 281.6 47.3 42.5 25.7
0.733333 2 281.7 48.5 42.6 25.8
0.766667 2 281.8 49.5 42.6 25.8
0.800000 2 281.8 51.0 43.0 26.0
0.833333 2 282.0 52.5 43.2 26.3
0.866667 2 282.2 53.4 42.6 25.7
0.900000 2 282.3 55.3 42.6 25.8
0.933333 2 281.9 55.5 43.3 26.4
0.966667 2 282.1 57.4 43.1 26.3
1.000000 2 282.2 58.4 42.8 26.1
1.033333 2 282.0 60.4 42.9 25.9
1.066667 2 281.8 62.0 43.0 25.9
1.100000 2 281.7 63.1 43.0 26.0
1.133333 2 281.4 64.5 43.5 26.5
1.166667 2 281.5 65.4 43.4 26.4
1.200000 2 281.7 67.5 42.8 25.9
1.233333 2 281.3 69.2 42.6 25.8
1.266667 2 280.2 70.4 43.4 26.6
1.300000 2 280.0 72.6 43.3 26.5
1.333333 2 280.2 73.3 42.8 26.0
1.366667 2 279.6 75.2 42.7 25.9
1.400000 2 278.7 76.4 43.7 26.6
1.433333 2 279.0 77.5 43.0 26.0
1.466667 2 278.6 79.2 42.7 25.8
1.500000 2 278.3 79.8 43.1 26.2
1.533333 2 277.7 81.1 43.2 26.3
1.566667 2 277.4 82.4 43.2 26.3
1.600000 2 277.0 83.6 43.4 26.5
1.633333 2 276.8 84.2 43.3 26.3
1.666667 2 276.5 85.4 43.4 26.2
1.700000 2 276.6 86.1 42.9 26.0
1.733333 2 276.3 87.0 42.9 26.1
1.766667 2 276.3 87.9 42.9 26.2
1.800000 2 276.1 88.3 43.2 26.3
1.833333 2 276.2 89.3 42.9 26.1
1.866667 2 275.8 89.5 43.6 26.7
1.900000 2 275.9 90.2 43.6 26.7
1.933333 2 276.1 91.2 43.1 26.2
1.966667 2 275.8 91.3 43.9 27.0
2.000000 2 276.3 92.2 43.0 26.2
2.033333 2 276.2 92.2 44.0 26.9
2.066667 2 276.5 93.3 43.3 26.1
2.100000 2 276.5 93.9 43.4 26.2
2.133333 2 276.8 94.2 43.9 26.9
2.166667 2 276.9 94.5 43.6 26.6
2.200000 2 277.4 95.5 43.7 26.5
2.233333 2 277.9 96.3 43.3 26.3
2.266667 2 277.8 96.2 43.7 26.7
2.300000 2 278.2 97.2 43.4 26.5
2.333333 2 278.4 97.5 43.9 26.6
2.366667 2 279.1 98.7 43.3 26.5
2.400000 2 279.4 99.2 43.2 26.3
2.433333 2 279.9 100.1 43.3 26.3
2.466667 2 280.3 101.1 43.6 26.6
2.500000 2 280.6 101.9 43.5 26.3
2.533333 2 281.3 103.0 43.0 26.3
2.566667 2 280.9 103.0 44.0 27.1
2.600000 2 281.7 104.7 43.6 26.5
2.633333 2 282.3 106.1 43.3 26.4
2.666667 2 282.2 107.1 44.2 27.1
2.700000 2 282.6 108.1 44.0 27.1
2.733333 2 283.0 109.5 43.6 26.8
2.766667 2 283.8 111.2 43.2 26.1
2.800000 2 283.9 112.1 43.1 26.1
2.833333 2 283.8 113.0 43.9 27.1
2.866667 2 283.9 115.0 44.0 27.2
2.900000 2 284.6 116.0 43.0 26.2
2.933333 2 284.9 118.1 43.0 26.0
2.966667 2 284.5 118.1 43.9 27.0
3.000000 2 284.7 120.1 43.9 27.1
3.033333 2 285.3 121.1 42.8 26.2
3.066667 2 285.4 123.0 42.8 26.2
3.100000 2 285.3 124.2 43.3 26.6
3.133333 2 285.1 125.2 43.7 27.0
3.166667 2 285.2 126.5 43.6 26.7
3.200000 2 285.3 128.1 43.3 26.5
3.233333 2 285.4 129.1 43.2 26.4
3.266667 2 285.3 130.1 43.2 26.5
3.300000 2 285.6 131.2 43.0 26.2
3.333333 2 285.5 132.2 43.2 26.4
3.366667 2 285.6 133.0 43.1 26.2
3.400000 2 285.6 134.1 42.9 26.2
3.433333 2 285.6 135.2 42.8 26.2
3.466667 2 285.1 135.2 43.9 27.1
3.500000 2 285.2 136.3 43.9 27.0
3.533333 2 285.6 137.2 42.9 26.2
3.566667 2 285.8 138.3 43.0 26.0
3.600000 2 285.3 138.1 44.0 27.0
3.633333 2 285.5 139.1 43.9 26.9
3.666667 2 286.0 139.9 43.1 26.3
3.700000 2 286.1 140.6 43.3 26.7
3.733333 2 286.3 141.6 43.4 26.6
3.766667 2 286.6 142.3 43.1 26.2
3.800000 2 287.1 143.2 43.0 26.2
3.833333 2 286.6 143.2 44.0 27.1
3.866667 2 287.0 144.1 44.1 27.2
3.900000 2 287.0 145.1 44.1 27.1
3.933333 2 287.4 146.2 44.1 27.0
3.966667 2 288.2 147.8 43.3 26.6
4.000000 2 288.0 148.1 43.9 27.1
4.033333 2 288.4 149.6 43.7 26.6
4.066667 2 288.7 150.3 43.5 26.4
4.100000 2 289.2 151.6 43.3 26.6
4.133333 2 289.6 153.2 43.0 26.1
4.166667 2 289.5 153.9 43.3 26.3
4.200000 2 289.5 155.2 43.7 26.6
4.233333 2 290.1 156.8 43.2 26.4
4.266667 2 290.0 157.2 43.9 27.0
4.300000 2 290.3 158.9 43.2 26.4
4.333333 2 290.1 159.3 43.9 27.0
4.366667 2 290.6 160.9 43.4 26.2
4.400000 2 290.2 161.2 44.2 27.0
4.433333 2 290.6 162.4 44.0 27.0
4.466667 2 290.7 163.1 43.6 26.6
4.500000 2 291.0 164.0 43.4 26.4
4.533333 2 290.8 164.5 43.8 26.9
4.566667 2 291.0 164.9 43.4 26.5
4.600000 2 290.8 165.0 43.7 26.8
4.633333 2 290.8 165.6 43.7 26.8
4.666667 2 290.6 165.4 44.0 27.0
4.700000 2 290.9 166.1 43.5 26.6
4.733333 2 290.6 166.0 43.4 26.2
4.766667 2 289.8 165.2 44.1 27.2
4.800000 2 289.7 165.0 44.4 27.4
4.833333 2 289.6 165.2 43.4 26.2
4.866667 2 289.5 164.9 43.6 26.3
4.900000 2 288.7 164.0 43.9 26.9
4.933333 2 288.4 164.0 43.4 26.4
4.966667 2 287.6 163.0 44.4 27.4
5.000000 2 287.1 163.0 44.3 27.0
5.033333 2 287.2 162.8 43.5 26.6
5.066667 2 286.5 162.6 43.9 26.7
5.100000 2 285.7 162.1 44.4 27.4
5.133333 2 285.1 162.0 44.7 27.4
5.166667 2 285.0 162.0 43.7 26.8
5.200000 2 284.2 161.8 43.5 26.5
5.233333 2 284.0 161.7 43.5 26.7
5.266667 2 282.8 161.0 44.7 27.4
5.300000 2 282.5 161.0 44.4 27.2
5.333333 2 282.0 160.8 43.6 26.5
5.366667 2 281.5 160.6 44.0 26.7
5.400000 2 280.8 160.0 43.6 26.5
5.433333 2 279.5 158.9 44.5 27.4
5.466667 2 278.9 158.1 43.9 26.8
5.500000 2 278.6 157.7 43.9 26.5
5.533333 2 277.4 156.0 44.1 26.9
5.566667 2 276.7 154.6 44.1 26.6
5.600000 2 275.8 153.1 44.9 27.1
5.633333 2 274.7 151.3 45.0 27.2
5.666667 2 273.7 148.5 45.2 27.7
5.700000 2 273.4 147.6 44.7 27.1
5.733333 2 271.5 144.1 46.2 28.4
5.766667 2 270.8 142.4 46.9 29.0
5.800000 2 269.5 139.4 47.0 29.1
5.833333 2 268.0 135.6 47.6 29.7
5.866667 2 267.3 133.9 48.1 30.6
5.900000 2 266.2 130.5 47.5 29.7
5.933333 2 265.3 128.6 48.6 31.1
5.966667 2 263.7 124.6 49.4 31.7
6.000000 2 263.2 123.1 49.2 31.2
6.033333 2 261.9 119.0 49.7 31.9
6.066667 2 260.9 115.0 49.8 32.2
6.100000 2 260.1 112.7 50.3 32.8
6.133333 2 258.8 108.4 51.0 33.6
6.166667 2 258.3 106.2 51.2 33.5
6.200000 2 257.3 102.0 51.3 33.5
6.233333 2 257.1 99.7 51.6 33.7
6.266667 2 256.0 95.3 52.3 34.3
6.300000 2 255.7 93.1 52.4 34.8
6.333333 2 254.6 88.5 53.4 35.7
6.366667 2 254.3 86.4 53.3 35.8
6.400000 2 253.3 82.1 54.4 36.6
6.433333 2 252.7 78.1 54.5 36.7
6.466667 2 252.1 76.0 55.4 37.2
6.500000 2 251.4 72.0 56.0 38.2
6.533333 2 251.0 68.2 55.7 38.4
6.566667 2 250.2 64.5 56.5 38.7
6.600000 2 250.0 62.4 56.6 39.1
6.633333 2 249.7 59.5 56.5 38.7
6.666667 2 249.8 57.7 56.3 39.0
6.700000 2 249.5 54.5 56.7 39.2
6.733333 2 249.2 53.1 57.2 39.2
6.766667 2 249.2 49.8 57.2 39.3
6.800000 2 248.7 46.7 58.2 40.3
6.833333 2 248.6 45.3 58.6 40.5
6.866667 2 248.1 42.1 60.0 42.2
6.900000 2 248.0 41.1 60.1 42.4
6.933333 2 248.0 38.8 60.9 42.9
6.966667 2 247.9 36.9 61.6 43.6
7.000000 2 247.7 36.0 62.2 44.1
7.033333 2 247.5 34.2 63.4 45.3
7.066667 2 247.4 33.4 63.5 46.1
7.100000 2 247.6 32.9 63.8 45.9
7.133333 2 247.5 32.4 64.3 46.6
7.166667 2 247.7 32.1 64.6 47.3
7.200000 2 248.0 32.3 64.8 47.6
7.233333 2 248.1 32.8 64.5 47.7
7.266667 2 248.8 33.8 63.8 47.6
7.300000 2 249.6 35.8 63.2 47.5
7.333333 2 249.7 36.8 63.1 47.5
7.366667 2 243.4 39.9 68.3 46.0
7.400000 2 241.2 42.5 72.0 47.0
7.433333 2 243.4 44.7 69.2 46.0
7.466667 2 238.9 48.7 74.5 46.0
7.500000 2 241.9 53.6 71.6 46.0
7.533333 2 242.7 56.0 71.2 46.0
7.566667 2 244.9 61.6 70.9 47.0
7.600000 2 241.9 68.3 74.2 47.0
7.633333 2 244.9 71.2 72.3 48.0
7.666667 2 244.2 78.4 75.3 49.0
7.700000 2 247.2 86.5 74.6 50.0
7.733333 2 259.1 90.8 64.0 51.3
7.766667 2 260.7 100.2 64.6 52.2
7.800000 2 262.0 110.1 66.1 53.7
7.833333 2 253.2 115.2 76.2 55.0
7.866667 2 253.9 126.7 77.2 56.0
7.900000 2 254.7 132.7 77.8 57.0
7.933333 2 253.9 145.3 81.3 58.0
7.966667 2 257.7 159.1 80.7 59.0
8.000000 2 256.2 166.1 84.6 59.0
8.033333 2 259.9 180.9 84.3 60.0
8.066667 2 262.9 196.4 85.1 60.0
8.100000 2 261.4 212.3 91.4 61.0
8.133333 2 262.2 220.7 92.4 61.0
8.166667 2 269.7 238.0 89.5 61.0
8.200000 2 266.7 255.6 97.0 62.0
8.233333 2 277.1 264.4 88.2 62.0
8.266667 2 279.4 282.7 90.5 63.0
8.300000 2 280.1 291.4 92.6 64.0
8.333333 2 277.1 309.4 100.8 65.0
8.366667 2 281.0 336.0 99.0 48.0
8.400000 2 250.0 454.0 24.0 17.0
8.433333 2 249.0 441.0 22.0 21.0
8.466667 2 245.0 432.0 26.0 19.0
8.500000 2 244.0 423.0 22.0 23.0
8.533333 2 243.0 421.0 24.0 19.0
8.566667 2 239.0 411.0 25.0 19.0
8.600000 2 237.0 406.0 22.0 15.0
8.633333 2 231.0 397.0 30.0 21.0
8.666667 2 233.0 389.0 26.0 25.0
8.700000 2 231.0 388.0 21.0 23.0
8.733333 2 226.0 384.0 24.0 19.0
8.766667 2 225.0 381.0 23.0 17.0
8.800000 2 222.0 374.0 27.0 23.0
8.833333 2 220.0 372.0 23.0 18.0
8.866667 2 218.0 367.0 26.0 25.0
8.900000 2 217.0 366.0 22.0 20.0
8.933333 2 212.0 361.0 27.0 28.0
8.966667 2 212.0 362.0 27.0 27.0
9.000000 2 212.0 362.0 25.0 22.0
9.033333 2 210.0 356.0 27.0 28.0
9.066667 2 210.0 356.0 25.0 25.0
9.100000 2 203.0 352.0 32.0 29.0
9.133333 2 203.0 352.0 25.0 19.0
9.166667 2 198.0 346.0 30.0 25.0
9.200000 2 198.0 345.0 25.0 21.0
9.233333 2 190.0 334.0 33.0 32.0
9.266667 2 190.0 334.0 29.0 22.0
9.300000 2 184.0 314.0 35.0 42.0
9.333333 2 184.0 314.0 32.0 28.0
9.366667 2 177.0 304.0 40.0 38.0
9.400000 2 177.0 304.0 34.0 23.0
9.433333 2 174.0 286.0 37.0 41.0
9.466667 2 167.0 278.0 40.0 27.0
9.500000 2 164.0 264.0 37.0 29.0
9.533333 2 162.0 253.0 37.0 28.0
9.566667 2 162.0 249.0 34.0 25.0
9.600000 2 152.0 232.0 37.0 27.0
9.633333 2 151.0 218.0 36.0 29.0
9.666667 2 141.0 208.0 45.0 25.0
9.700000 2 138.0 192.0 43.0 31.0
9.733333 2 134.0 178.0 37.0 25.0
9.766667 2 124.0 163.0 41.0 32.0
9.800000 2 124.0 157.0 35.0 25.0
9.833333 2 112.0 145.0 48.0 33.0
9.866667 2 108.0 132.0 39.0 30.0
9.900000 2 99.0 127.0 42.0 30.0
9.933333 2 92.0 121.0 42.0 34.0
9.966667 2 81.0 118.0 49.0 36.0
10.000000 2 75.0 112.0 44.0 32.0
10.033333 2 68.0 111.0 43.0 29.0
10.066667 2 53.0 107.0 56.0 40.0
10.100000 2 44.0 113.0 46.0 29.0
10.133333 2 31.0 109.0 51.0 36.0
