0.000000 2 303.0 483.0 45.0 22.1
0.033333 2 297.0 483.0 49.0 23.0
0.066667 2 296.0 480.0 44.0 24.0
0.100000 2 292.0 480.0 42.0 23.0
0.133333 2 285.0 480.0 48.0 22.0
0.166667 2 282.0 478.0 49.0 23.0
0.200000 2 279.0 477.0 45.0 25.0
0.233333 2 275.0 477.0 47.0 21.0
0.266667 2 275.0 474.0 46.0 24.0
0.300000 2 268.0 470.0 47.0 27.0
0.333333 2 264.0 470.0 54.0 27.0
0.366667 2 259.0 465.0 54.0 30.0
0.400000 2 255.0 464.0 52.0 25.0
0.433333 2 255.0 462.0 48.0 25.0
0.466667 2 254.0 462.0 49.0 24.0
0.500000 2 251.0 460.0 48.0 26.0
0.533333 2 249.0 457.0 50.0 26.0
0.566667 2 246.0 453.0 51.0 27.0
0.600000 2 246.0 453.0 48.0 26.0
0.633333 2 240.0 449.0 48.0 26.0
0.666667 2 240.0 447.0 49.0 25.0
0.700000 2 236.0 444.0 51.0 30.0
0.733333 2 238.0 444.0 45.0 24.0
0.766667 2 232.0 442.0 52.0 23.0
0.800000 2 233.0 441.0 52.0 24.0
0.833333 2 234.0 438.0 42.0 21.0
0.866667 2 228.0 435.0 50.0 21.0
0.900000 2 227.0 432.0 49.0 22.0
0.933333 2 227.0 432.0 47.0 20.0
0.966667 2 225.0 428.0 48.0 22.0
1.000000 2 220.0 424.0 51.0 25.0
1.033333 2 216.0 420.0 51.0 25.0
1.066667 2 218.0 417.0 47.0 25.0
1.100000 2 210.0 413.0 56.0 26.0
1.133333 2 212.0 416.0 52.0 20.0
1.166667 2 210.0 411.0 52.0 23.0
1.200000 2 207.0 409.0 51.0 24.0
1.233333 2 202.0 404.0 56.0 24.0
1.266667 2 201.0 402.0 58.0 26.0
1.300000 2 195.0 397.0 64.0 26.0
1.333333 2 196.0 390.0 56.0 31.0
1.366667 2 198.5 388.0 51.1 30.9
1.400000 2 195.5 384.1 51.8 31.1
1.433333 2 193.9 381.9 52.3 31.9
1.466667 2 190.9 377.9 53.1 32.2
1.500000 2 188.4 373.9 53.7 32.7
1.533333 2 187.3 372.0 53.6 32.8
1.566667 2 185.1 367.9 54.1 33.1
1.600000 2 184.3 365.7 54.4 33.2
1.633333 2 180.2 350.4 55.5 34.8
1.666667 2 180.0 348.0 55.7 35.2
1.700000 2 180.0 343.4 55.9 35.9
1.733333 2 180.4 338.8 56.0 36.1
1.766667 2 180.8 336.6 56.0 36.0
1.800000 2 182.0 332.5 55.9 35.3
1.833333 2 183.6 328.5 55.7 33.9
1.866667 2 184.7 326.7 55.6 33.2
1.900000 2 186.8 323.0 55.3 31.6
1.933333 2 187.9 321.3 55.0 30.8
1.966667 2 190.3 317.8 54.5 29.1
2.000000 2 191.5 316.2 54.3 28.3
2.033333 2 193.7 312.6 54.6 28.3
2.066667 2 195.7 308.3 55.3 29.5
2.100000 2 196.7 306.4 55.6 30.2
2.133333 2 198.7 303.1 56.1 30.9
2.166667 2 199.8 301.6 56.4 31.2
2.200000 2 202.1 299.4 56.3 31.2
2.233333 2 204.3 297.4 56.4 31.2
2.266667 2 206.5 296.0 56.2 31.2
2.300000 2 208.4 294.6 56.5 31.4
2.333333 2 209.4 294.2 56.7 31.6
2.366667 2 211.6 293.8 56.5 31.3
2.400000 2 212.4 293.3 56.7 31.7
2.433333 2 214.5 293.7 56.6 31.5
2.466667 2 215.6 293.9 56.5 31.3
2.500000 2 217.5 294.8 56.3 31.0
2.533333 2 218.6 295.4 56.0 30.6
2.566667 2 220.4 296.7 56.0 30.4
2.600000 2 222.5 298.8 55.5 29.6
2.633333 2 223.6 299.9 55.3 29.2
2.666667 2 225.5 302.3 55.0 28.8
2.700000 2 226.5 303.8 54.8 28.5
2.733333 2 228.3 306.5 54.8 28.2
2.766667 2 230.1 309.5 55.1 28.5
2.800000 2 231.1 311.0 54.9 28.4
2.833333 2 232.7 314.1 55.4 29.2
2.866667 2 234.2 317.0 56.1 30.5
2.900000 2 235.2 318.9 56.0 30.4
2.933333 2 236.9 322.5 56.3 31.0
2.966667 2 238.4 325.6 56.7 31.7
3.000000 2 239.4 327.9 56.5 31.4
3.033333 2 241.1 331.5 56.6 31.4
3.066667 2 242.5 335.1 56.6 31.3
3.100000 2 244.2 338.7 56.4 30.9
3.133333 2 244.8 340.3 56.3 30.8
3.166667 2 246.2 343.6 56.2 30.7
3.200000 2 246.8 344.8 56.3 30.8
3.233333 2 247.9 347.7 56.1 30.7
3.266667 2 249.0 350.2 56.0 30.7
3.300000 2 249.5 351.4 56.0 30.6
3.333333 2 250.5 353.6 56.0 30.6
3.366667 2 250.9 354.6 55.9 30.6
3.400000 2 251.7 356.3 56.0 30.6
3.433333 2 252.5 358.1 55.8 30.3
3.466667 2 253.0 358.8 55.6 30.2
3.500000 2 253.8 360.4 55.3 29.8
3.533333 2 254.4 361.4 55.2 29.6
3.566667 2 254.6 361.7 55.4 29.9
3.600000 2 255.2 362.6 55.2 29.5
3.633333 2 255.5 362.8 55.1 29.4
3.666667 2 256.2 363.6 54.6 28.8
3.700000 2 256.5 363.8 54.5 28.6
3.733333 2 257.1 364.0 54.2 28.1
3.766667 2 257.7 364.1 53.8 27.4
3.800000 2 258.1 363.4 54.0 28.0
3.833333 2 258.4 363.1 54.0 28.4
3.866667 2 258.8 361.9 54.5 29.3
3.900000 2 259.1 361.3 54.8 30.0
3.933333 2 259.7 359.6 55.3 31.5
3.966667 2 260.1 358.8 55.5 32.0
4.000000 2 261.1 357.0 55.9 33.4
4.033333 2 261.7 356.0 55.9 33.9
4.066667 2 263.4 354.1 56.1 34.3
4.100000 2 264.3 353.5 56.0 34.2
4.133333 2 266.6 351.5 55.8 33.8
4.166667 2 269.1 349.6 55.7 33.4
4.200000 2 270.5 348.7 55.6 33.1
4.233333 2 273.5 346.5 55.3 32.5
4.266667 2 275.1 345.4 55.2 32.1
4.300000 2 278.5 342.9 54.8 31.4
4.333333 2 280.2 341.7 54.7 30.9
4.366667 2 283.8 339.2 54.3 29.7
4.400000 2 285.7 337.8 54.1 29.1
4.433333 2 289.5 335.3 53.8 27.9
4.466667 2 293.1 331.7 53.8 27.8
4.500000 2 296.5 327.8 54.3 28.7
4.533333 2 298.1 325.7 54.7 29.4
4.566667 2 301.3 321.7 55.3 30.4
4.600000 2 303.0 319.7 55.4 30.6
4.633333 2 306.2 315.8 55.5 30.9
4.666667 2 309.4 311.9 55.5 31.2
4.700000 2 310.9 309.8 55.5 31.3
4.733333 2 313.8 305.8 55.6 31.5
4.766667 2 315.1 303.8 55.8 31.7
4.800000 2 317.7 299.6 55.9 32.0
4.833333 2 320.2 295.9 55.9 32.0
4.866667 2 321.3 294.0 56.0 32.2
4.900000 2 323.7 290.4 55.7 31.9
4.933333 2 324.6 288.6 56.1 32.5
4.966667 2 326.7 285.6 55.7 31.9
5.000000 2 328.4 282.4 55.9 32.2
5.033333 2 329.7 279.3 56.2 33.0
5.066667 2 330.6 278.1 56.0 32.7
5.100000 2 331.7 275.5 56.6 33.5
5.133333 2 332.7 273.2 56.9 33.9
5.166667 2 333.5 271.3 57.0 34.3
5.200000 2 334.0 270.6 56.8 34.2
5.233333 2 334.7 268.9 56.6 34.0
5.266667 2 334.9 268.0 56.6 34.1
5.300000 2 335.1 266.4 56.4 33.6
5.333333 2 335.3 265.8 56.1 33.0
5.366667 2 335.4 264.6 55.7 32.1
5.400000 2 335.3 264.0 55.7 31.7
5.433333 2 335.0 262.8 55.3 31.1
5.466667 2 335.1 262.5 54.9 30.3
5.500000 2 334.7 261.9 54.6 29.6
5.533333 2 334.3 261.2 54.2 28.9
5.566667 2 334.1 260.9 54.2 28.7
5.600000 2 333.5 260.7 54.1 28.4
5.633333 2 332.9 260.5 53.9 28.3
5.666667 2 332.6 260.5 53.9 28.2
5.700000 2 332.0 260.9 53.7 27.9
5.733333 2 331.6 261.1 53.8 28.1
5.766667 2 330.8 261.6 53.7 28.0
5.800000 2 330.1 262.7 53.7 27.9
5.833333 2 329.6 263.2 53.8 27.8
5.866667 2 328.9 264.4 53.6 27.6
5.900000 2 328.6 265.3 53.5 27.4
5.933333 2 327.7 266.9 53.6 27.7
5.966667 2 327.2 267.6 53.8 28.0
6.000000 2 326.3 269.3 54.0 28.8
6.033333 2 325.8 270.2 54.1 29.2
6.066667 2 324.9 272.3 54.4 29.6
6.100000 2 323.7 275.9 54.8 30.4
6.133333 2 323.4 277.5 54.7 30.2
6.166667 2 323.1 280.6 54.5 30.0
6.200000 2 322.8 282.2 54.6 29.8
6.233333 2 322.4 285.8 54.5 29.9
6.266667 2 322.3 287.7 54.3 29.5
6.300000 2 322.1 289.5 54.3 29.3
6.333333 2 321.8 293.7 54.3 29.3
6.366667 2 321.7 298.0 54.0 28.8
6.400000 2 321.5 300.3 54.0 28.7
6.433333 2 321.7 302.8 53.6 28.3
6.466667 2 321.4 307.2 53.7 28.1
6.500000 2 321.1 312.2 53.9 28.1
6.533333 2 321.2 314.7 53.6 27.7
6.566667 2 320.9 320.0 53.5 27.3
6.600000 2 320.5 324.8 54.0 27.8
6.633333 2 320.2 327.2 54.3 28.2
6.666667 2 319.7 332.4 54.6 28.5
6.700000 2 319.7 335.1 54.3 28.2
6.733333 2 319.0 340.0 54.7 28.6
6.766667 2 318.8 342.6 54.8 28.7
6.800000 2 318.3 347.4 54.7 28.5
6.833333 2 318.1 349.9 54.7 28.5
6.866667 2 317.4 354.4 55.0 28.9
6.900000 2 316.8 356.2 55.5 29.5
6.933333 2 315.8 360.6 55.8 30.0
6.966667 2 315.5 362.8 56.0 30.0
7.000000 2 314.7 367.3 56.0 29.9
7.033333 2 313.8 371.7 55.7 29.5
7.066667 2 313.4 374.0 55.6 29.3
7.100000 2 312.3 378.3 55.8 29.2
7.133333 2 311.8 380.5 55.6 28.8
7.166667 2 311.0 385.0 55.0 28.0
7.200000 2 310.0 384.0 53.0 34.0
7.233333 2 309.0 393.0 50.0 27.0
7.266667 2 310.0 396.0 57.0 28.0
7.300000 2 307.0 395.0 54.0 28.0
7.333333 2 308.0 398.0 51.0 31.0
7.366667 2 305.0 398.0 58.0 34.0
7.400000 2 302.0 399.0 59.0 36.0
7.433333 2 306.0 401.0 49.0 34.0
7.466667 2 304.0 401.0 53.0 40.0
7.500000 2 301.0 402.0 61.0 41.0
7.533333 2 301.0 407.0 56.0 39.0
7.566667 2 300.0 407.0 54.0 38.0
7.600000 2 300.0 407.0 55.0 39.0
7.633333 2 300.0 411.0 54.0 35.0
7.666667 2 299.0 410.0 51.0 34.0
7.700000 2 300.0 415.0 50.0 30.2
7.733333 2 296.0 414.0 56.0 32.0
7.766667 2 296.0 416.0 60.0 31.0
7.800000 2 291.0 414.0 57.0 30.0
7.833333 2 293.0 414.0 55.0 31.0
7.866667 2 284.0 413.0 75.0 31.0
7.900000 2 288.0 413.0 60.0 25.0
7.933333 2 289.0 411.0 57.0 28.0
7.966667 2 287.0 409.0 61.0 26.0
8.000000 2 284.0 405.0 59.0 32.0
8.033333 2 280.0 403.0 65.0 33.0
8.066667 2 283.0 399.0 60.0 33.0
8.100000 2 280.0 393.0 62.0 39.0
8.133333 2 276.0 388.0 63.0 43.0
8.166667 2 279.0 390.0 57.0 35.0
8.200000 2 272.0 387.0 63.0 36.0
8.233333 2 267.0 383.0 70.0 40.0
8.266667 2 262.0 372.0 77.0 47.0
8.300000 2 249.0 368.0 89.0 45.0
8.333333 2 258.0 369.0 75.0 40.0
8.366667 2 249.8 348.0 92.7 67.2
8.400000 2 246.3 343.1 92.0 66.3
8.433333 2 244.6 340.9 91.3 65.6
8.466667 2 240.2 335.3 91.6 65.8
8.500000 2 237.8 332.6 91.9 65.8
8.533333 2 232.9 327.1 92.3 66.1
8.566667 2 230.7 324.9 91.6 65.3
8.600000 2 225.3 319.2 92.1 65.6
8.633333 2 222.4 316.3 92.7 66.0
8.666667 2 216.8 311.4 92.3 65.0
8.700000 2 210.5 305.9 93.1 65.6
8.733333 2 207.6 303.8 92.5 64.7
8.766667 2 200.8 298.4 93.3 65.3
8.800000 2 194.1 293.7 93.4 65.2
8.833333 2 190.6 291.3 93.4 65.3
8.866667 2 183.3 286.7 94.0 65.8
8.900000 2 179.5 284.3 94.4 66.3
8.933333 2 171.8 280.2 94.7 66.4
8.966667 2 167.7 278.0 95.3 67.1
9.000000 2 159.8 274.5 95.6 67.0
9.033333 2 155.5 272.9 96.0 67.1
9.066667 2 147.6 270.8 95.4 65.6
9.100000 2 139.4 269.2 94.8 63.8
9.133333 2 135.5 269.1 93.9 61.9
9.166667 2 127.3 268.1 93.0 59.4
9.200000 2 123.3 268.0 92.2 57.7
9.233333 2 115.3 267.7 90.7 54.6
9.266667 2 111.1 267.2 90.3 53.4
9.300000 2 102.6 266.0 90.0 51.8
9.333333 2 98.8 265.7 89.0 50.3
9.366667 2 90.8 264.7 88.2 48.2
9.400000 2 86.7 263.8 88.2 48.5
9.433333 2 78.0 260.7 89.6 50.5
9.466667 2 73.9 259.3 90.3 51.6
9.500000 2 65.9 256.6 91.4 53.3
9.533333 2 62.2 255.3 91.9 53.9
9.566667 2 54.8 252.9 93.1 55.2
9.600000 2 51.4 251.6 93.6 55.8
9.633333 2 45.0 249.1 94.4 56.7
9.666667 2 42.0 248.0 94.8 56.9
9.700000 2 36.5 245.7 95.3 56.9
9.733333 2 31.7 243.8 95.8 56.7
9.766667 2 29.5 243.0 95.9 56.4
9.800000 2 25.7 241.4 95.6 55.9
9.833333 2 23.9 240.7 95.6 55.6
9.866667 2 20.7 239.5 95.3 54.7
9.900000 2 18.0 239.1 94.6 53.3
9.933333 2 15.7 239.0 93.8 52.2
9.966667 2 14.7 239.2 93.1 51.6
10.000000 2 13.0 240.0 92.0 50.0
10.033333 2 11.0 239.0 85.0 46.0
10.066667 2 11.0 239.0 81.0 48.0
10.100000 2 11.0 242.0 80.0 45.0
10.133333 2 11.0 242.0 79.0 46.0
10.166667 2 9.0 241.0 81.0 47.0
10.200000 2 8.0 241.0 80.0 44.0
10.233333 2 8.0 241.0 80.0 50.0
10.266667 2 9.0 244.0 79.0 47.0
10.300000 2 9.0 244.0 84.0 51.0
10.333333 2 11.0 248.0 80.0 47.0
10.366667 2 7.0 253.0 84.0 45.0
10.400000 2 7.0 249.0 78.0 43.0
10.433333 2 11.0 249.0 78.0 54.0
10.466667 2 9.0 255.0 80.0 48.0
10.500000 2 9.0 255.0 77.0 51.0
10.533333 2 8.0 255.0 78.0 51.0
10.566667 2 8.0 255.0 83.0 61.0
10.600000 2 8.0 262.0 83.0 54.0
10.633333 2 6.0 267.0 85.0 51.0
10.666667 2 10.0 270.0 89.0 55.0
10.700000 2 7.0 270.0 98.0 57.0
10.733333 2 12.0 277.0 96.0 51.0
10.766667 2 10.0 279.0 101.0 60.0
10.800000 2 9.0 283.0 111.0 55.0
