0.000000 2 482.0 250.0 26.0 20.0
0.033333 2 479.2 247.8 29.6 23.0
0.066667 2 478.2 245.4 30.0 26.0
0.100000 2 479.9 247.0 25.0 21.7
0.133333 2 475.8 243.8 32.5 27.7
0.166667 2 476.9 244.9 28.5 24.4
0.200000 2 472.5 241.7 37.1 30.3
0.233333 2 477.7 246.0 25.0 20.1
0.266667 2 476.0 243.7 26.7 23.2
0.300000 2 475.1 244.0 28.1 22.0
0.333333 2 475.4 243.0 26.0 22.6
0.366667 2 473.5 242.5 29.4 23.3
0.400000 2 474.0 242.0 26.8 23.3
0.433333 2 473.3 241.8 27.8 23.3
0.466667 2 475.3 243.3 22.0 19.0
0.500000 2 472.5 241.7 27.3 22.1
0.533333 2 473.5 241.7 24.1 20.9
0.566667 2 472.1 241.8 26.0 20.5
0.600000 2 470.3 239.5 29.1 24.4
0.633333 2 471.0 239.5 26.7 23.5
0.666667 2 472.6 241.2 23.3 19.7
0.700000 2 472.1 241.1 23.1 19.5
0.733333 2 469.8 239.3 27.1 22.7
0.766667 2 468.1 239.0 30.3 23.5
0.800000 2 467.4 238.1 31.0 24.6
0.833333 2 470.4 240.5 24.5 19.5
0.866667 2 469.2 239.7 26.2 20.7
0.900000 2 470.0 240.3 24.6 19.3
0.933333 2 464.2 235.0 35.8 30.0
0.966667 2 471.3 240.5 25.5 17.2
1.000000 2 470.8 241.5 25.2 16.0
1.033333 2 467.4 238.7 27.8 22.1
1.066667 2 465.2 236.8 31.8 25.6
1.100000 2 466.0 237.5 29.9 24.1
1.133333 2 470.3 239.8 25.0 17.3
1.166667 2 469.6 239.0 24.9 18.3
1.200000 2 469.3 238.3 26.7 18.8
1.233333 2 464.5 235.5 31.5 26.9
1.266667 2 463.4 234.4 33.6 28.2
1.300000 2 469.6 240.5 20.1 15.9
1.333333 2 470.8 241.4 17.3 13.4
1.366667 2 470.6 240.9 17.7 14.0
1.400000 2 466.8 237.2 25.1 21.3
1.433333 2 464.6 235.8 29.4 24.5
1.466667 2 464.0 235.4 30.1 24.8
1.500000 2 468.2 239.3 20.8 16.7
1.533333 2 466.0 237.5 24.6 20.0
1.566667 2 463.8 236.0 28.7 22.9
1.600000 2 465.0 236.5 25.9 21.2
1.633333 2 468.2 239.5 22.6 16.7
1.666667 2 468.5 239.9 21.6 14.1
1.700000 2 466.8 238.8 23.2 16.7
1.733333 2 463.9 236.2 26.2 21.5
1.766667 2 467.5 239.7 21.8 15.8
1.800000 2 466.7 239.1 24.1 16.4
1.833333 2 465.2 238.4 24.1 17.9
1.866667 2 465.0 238.0 21.1 17.0
1.900000 2 462.4 236.7 25.0 19.6
1.933333 2 464.8 238.5 19.8 15.3
1.966667 2 461.7 235.7 25.1 20.6
2.000000 2 460.8 235.0 26.4 22.0
2.033333 2 463.5 237.9 19.9 15.6
2.066667 2 460.5 235.7 24.7 19.5
2.100000 2 461.4 236.7 22.1 17.3
2.133333 2 457.4 232.9 29.3 24.5
2.166667 2 458.1 234.0 26.5 21.7
2.200000 2 453.8 230.3 34.6 28.9
2.233333 2 457.3 233.3 26.1 21.4
2.266667 2 452.4 228.8 35.6 30.2
2.300000 2 455.4 232.2 27.8 22.5
2.333333 2 451.0 227.7 36.3 31.0
2.366667 2 456.1 232.9 24.6 19.1
2.400000 2 456.8 233.2 21.6 17.1
2.433333 2 455.3 232.1 22.9 18.3
2.466667 2 456.0 232.5 21.1 16.8
2.500000 2 454.7 231.0 21.9 17.3
2.533333 2 454.0 230.3 21.3 17.0
2.566667 2 450.4 226.7 27.8 23.1
2.600000 2 450.4 226.7 25.8 21.1
2.633333 2 450.3 226.5 25.1 20.1
2.666667 2 449.8 225.1 24.2 19.6
2.700000 2 446.5 221.1 29.4 24.3
2.733333 2 450.7 224.4 19.9 15.5
2.766667 2 449.4 221.8 20.5 16.4
2.800000 2 447.0 218.7 24.7 20.1
2.833333 2 447.2 216.8 22.5 18.3
2.866667 2 441.3 210.7 33.8 28.2
2.900000 2 442.4 209.2 29.7 24.4
2.933333 2 442.7 208.2 28.4 23.0
2.966667 2 442.5 204.5 27.7 22.9
3.000000 2 441.3 201.8 29.5 24.6
3.033333 2 442.3 199.4 26.0 21.1
3.066667 2 443.7 197.2 21.8 17.0
3.100000 2 437.3 187.0 33.7 28.4
3.133333 2 442.6 190.1 22.2 17.4
3.166667 2 439.8 182.8 27.0 22.2
3.200000 2 441.6 180.2 22.1 17.6
3.233333 2 440.0 176.8 24.6 19.5
3.266667 2 439.9 172.3 23.6 18.2
3.300000 2 433.6 161.4 35.3 30.0
3.333333 2 437.7 163.0 26.3 21.6
3.366667 2 433.7 155.1 33.0 27.1
3.400000 2 438.6 157.3 22.3 17.7
3.433333 2 432.1 146.6 34.1 29.0
3.466667 2 430.6 141.3 35.4 29.9
3.500000 2 434.7 141.5 25.4 20.3
3.533333 2 434.4 138.0 24.0 18.7
3.566667 2 430.5 131.9 31.4 26.5
3.600000 2 433.4 131.4 23.9 19.5
3.633333 2 434.0 130.0 23.0 16.0
3.666667 2 429.0 124.0 29.0 22.0
3.700000 2 429.0 124.0 29.0 18.0
3.733333 2 429.0 120.0 29.0 22.0
3.766667 2 429.0 120.0 29.0 16.0
3.800000 2 429.0 115.0 31.0 20.0
3.833333 2 422.0 112.0 38.0 23.0
3.866667 2 422.0 112.0 37.0 24.0
3.900000 2 422.0 109.0 37.0 27.0
3.933333 2 422.0 109.0 32.0 21.0
3.966667 2 420.0 105.0 34.0 25.0
4.000000 2 420.0 105.0 35.0 22.0
4.033333 2 420.0 105.0 35.0 22.0
4.066667 2 420.0 105.0 32.0 19.0
4.100000 2 418.0 105.0 34.0 19.0
4.133333 2 418.0 105.0 35.0 19.0
4.166667 2 414.0 103.0 39.0 21.0
4.200000 2 414.0 103.0 37.0 20.0
4.233333 2 411.0 103.0 40.0 20.0
4.266667 2 411.0 103.0 39.0 18.0
4.300000 2 412.0 100.0 38.0 21.0
4.333333 2 411.0 100.0 39.0 25.0
4.366667 2 408.0 100.0 36.0 21.0
4.400000 2 411.0 101.0 33.0 21.0
4.433333 2 410.0 98.0 34.0 24.0
4.466667 2 410.0 98.0 37.0 26.0
4.500000 2 411.0 98.0 36.0 26.0
4.533333 2 411.0 98.0 32.0 21.0
4.566667 2 411.0 96.0 32.0 23.0
4.600000 2 411.0 96.0 27.0 22.0
4.633333 2 408.0 97.0 30.0 21.0
4.666667 2 408.0 97.0 35.0 22.0
4.700000 2 407.7 96.0 34.9 22.0
4.733333 2 407.7 95.7 34.6 21.7
4.766667 2 407.2 94.4 34.9 22.1
4.800000 2 407.2 93.9 34.9 22.0
4.833333 2 406.8 92.6 35.2 22.2
4.866667 2 406.7 91.6 35.2 22.2
4.900000 2 406.7 91.0 35.0 22.1
4.933333 2 406.6 89.8 35.1 22.2
4.966667 2 406.6 89.1 35.1 22.2
5.000000 2 406.6 87.8 35.2 22.2
5.033333 2 406.6 87.1 35.1 22.2
5.066667 2 406.7 86.0 35.1 22.1
5.100000 2 406.8 85.2 35.2 22.3
5.133333 2 406.9 84.0 35.2 22.3
5.166667 2 407.3 82.8 34.9 22.1
5.200000 2 407.5 82.2 34.7 21.9
5.233333 2 407.6 80.8 35.1 22.2
5.266667 2 407.9 79.6 35.2 22.2
5.300000 2 408.5 78.3 34.8 22.0
5.333333 2 408.7 77.6 35.1 22.2
5.366667 2 409.1 76.1 35.0 22.2
5.400000 2 409.5 74.9 34.9 22.1
5.433333 2 409.8 74.1 35.0 22.1
5.466667 2 410.3 72.7 34.8 22.1
5.500000 2 410.6 72.1 34.7 21.9
5.533333 2 411.0 70.7 35.1 22.2
5.566667 2 411.7 69.4 34.9 22.0
5.600000 2 411.9 68.7 35.2 22.3
5.633333 2 412.6 67.6 35.0 22.1
5.666667 2 412.8 67.1 35.0 22.0
5.700000 2 413.6 65.9 35.0 22.2
5.733333 2 413.8 65.5 35.0 22.0
5.766667 2 414.7 64.5 34.9 21.9
5.800000 2 415.0 64.0 35.0 22.1
5.833333 2 415.8 63.1 34.9 21.9
5.866667 2 416.6 62.6 34.7 21.9
5.900000 2 416.9 62.1 35.0 22.1
5.933333 2 417.7 61.5 35.0 22.0
5.966667 2 418.2 61.2 34.9 22.1
6.000000 2 418.9 60.8 35.1 22.2
6.033333 2 419.5 60.7 34.8 22.0
6.066667 2 420.5 60.7 34.6 21.8
6.100000 2 421.2 60.1 35.0 22.2
6.133333 2 421.6 60.0 35.0 22.1
6.166667 2 422.5 60.2 34.8 21.9
6.200000 2 422.7 60.0 35.2 22.2
6.233333 2 423.5 60.1 35.1 22.2
6.266667 2 424.3 60.2 35.1 22.2
6.300000 2 424.5 60.3 35.3 22.3
6.333333 2 425.3 60.6 35.0 22.1
6.366667 2 425.5 60.8 35.2 22.2
6.400000 2 426.0 61.2 35.2 22.3
6.433333 2 426.5 62.1 35.0 22.0
6.466667 2 426.6 62.2 35.3 22.4
6.500000 2 426.8 63.0 35.3 22.3
6.533333 2 427.1 64.1 35.1 22.1
6.566667 2 427.1 64.5 35.3 22.4
6.600000 2 427.2 65.7 35.3 22.4
6.633333 2 427.4 66.4 35.0 22.1
6.666667 2 427.2 67.7 35.2 22.4
6.700000 2 427.2 68.5 35.2 22.4
6.733333 2 426.9 70.1 35.3 22.2
6.766667 2 426.5 71.6 35.5 22.7
6.800000 2 426.3 72.4 35.4 22.6
6.833333 2 426.0 74.4 35.2 22.1
6.866667 2 425.7 75.9 35.4 22.4
6.900000 2 425.5 76.9 34.9 22.1
6.933333 2 425.2 78.5 35.0 22.1
6.966667 2 424.8 79.0 35.3 22.5
7.000000 2 424.8 80.7 34.9 21.9
7.033333 2 424.7 81.1 35.1 22.5
7.066667 2 424.8 82.7 34.8 21.9
7.100000 2 424.8 83.2 34.8 22.1
7.133333 2 425.4 84.8 34.4 21.6
7.166667 2 425.7 85.5 34.3 21.8
7.200000 2 426.5 87.0 34.1 21.4
7.233333 2 426.8 87.5 34.2 21.8
7.266667 2 428.0 89.4 33.8 21.3
7.300000 2 428.5 90.0 34.0 21.6
7.333333 2 430.0 91.7 33.8 21.3
7.366667 2 430.8 92.6 33.6 21.2
7.400000 2 432.2 94.1 34.2 21.7
7.433333 2 433.8 96.0 34.5 22.2
7.466667 2 434.9 97.0 34.4 22.1
7.500000 2 437.1 99.9 33.6 21.4
7.533333 2 437.9 101.0 33.9 21.7
7.566667 2 439.8 103.4 33.9 22.0
7.600000 2 441.8 106.7 33.6 21.6
7.633333 2 442.6 108.0 33.8 21.9
7.666667 2 444.3 111.2 34.1 22.2
7.700000 2 445.3 113.2 33.9 22.1
7.733333 2 447.3 117.2 33.5 21.6
7.766667 2 449.0 121.4 33.1 21.3
7.800000 2 449.9 123.5 33.2 21.4
7.833333 2 451.5 128.3 33.1 21.1
7.866667 2 452.3 130.6 32.9 21.2
7.900000 2 453.8 135.6 33.0 21.2
7.933333 2 455.6 141.6 32.1 20.2
7.966667 2 456.0 144.0 32.7 20.7
8.000000 2 457.4 149.9 32.2 20.4
8.033333 2 458.7 155.8 32.1 20.2
8.066667 2 459.7 162.0 32.2 20.3
8.100000 2 460.2 165.1 32.2 20.3
8.133333 2 461.1 171.3 32.3 20.6
8.166667 2 461.5 174.4 32.4 20.9
8.200000 2 462.4 180.9 32.2 20.6
8.233333 2 462.6 183.8 32.7 21.1
8.266667 2 463.3 190.2 32.3 21.2
8.300000 2 463.6 196.2 33.1 21.7
8.333333 2 464.1 199.7 32.6 21.5
8.366667 2 464.3 205.9 33.3 22.0
8.400000 2 464.5 209.0 33.3 21.9
8.433333 2 465.0 215.7 32.9 22.0
8.466667 2 465.3 222.3 32.9 21.7
8.500000 2 465.3 228.8 33.1 22.0
8.533333 2 465.3 235.5 33.2 21.9
8.566667 2 465.3 242.6 33.0 21.8
8.600000 2 465.1 245.7 33.3 22.3
8.633333 2 465.0 252.9 32.8 21.9
8.666667 2 464.6 259.8 33.2 21.9
8.700000 2 464.3 263.2 33.3 22.0
8.733333 2 464.1 270.5 32.5 21.3
8.766667 2 449.0 268.0 53.0 28.0
8.800000 2 451.0 276.0 51.0 30.0
8.833333 2 452.0 279.0 46.0 28.0
8.866667 2 453.0 285.0 45.0 29.0
8.900000 2 450.0 289.0 46.0 26.0
8.933333 2 446.0 294.0 51.0 33.0
8.966667 2 447.0 297.0 48.0 33.0
9.000000 2 448.0 309.0 44.0 28.0
9.033333 2 447.0 314.0 48.0 25.0
9.066667 2 448.0 321.0 45.0 24.0
9.100000 2 444.0 330.0 47.0 24.0
9.133333 2 443.0 333.0 48.0 23.0
9.166667 2 444.0 339.0 41.0 26.0
9.200000 2 441.0 349.0 45.0 24.0
9.233333 2 437.0 355.0 51.0 22.0
9.266667 2 436.0 360.0 47.0 25.0
9.300000 2 432.0 366.0 51.0 22.0
9.333333 2 431.0 375.0 47.0 20.0
9.366667 2 429.0 380.0 54.0 18.0
9.400000 2 427.0 380.0 50.0 26.0
9.433333 2 427.0 389.0 47.0 26.0
9.466667 2 425.0 398.0 45.0 23.0
9.500000 2 423.0 405.0 43.0 24.0
9.533333 2 415.0 416.0 51.0 20.0
9.566667 2 415.0 420.0 49.0 18.0
9.600000 2 418.0 426.0 41.0 16.0
9.633333 2 414.0 433.0 40.0 18.0
9.666667 2 408.0 436.0 45.0 17.0
9.700000 2 402.0 441.0 49.0 15.0
9.733333 2 403.0 442.0 44.0 20.0
9.766667 2 397.0 448.0 45.0 21.0
9.800000 2 398.0 449.0 42.0 21.0
9.833333 2 393.0 453.0 42.0 23.0
9.866667 2 384.0 456.0 46.0 26.0
9.900000 2 386.0 458.0 43.0 26.0
9.933333 2 382.0 464.0 47.0 22.0
9.966667 2 374.6 466.1 48.0 26.9
10.000000 2 372.0 468.0 49.0 25.0
10.033333 2 366.0 468.0 53.0 27.0
10.066667 2 363.0 473.0 45.0 23.0
10.100000 2 358.0 475.0 50.0 25.0
10.133333 2 353.0 478.0 47.0 22.0
10.166667 2 352.0 479.0 43.0 26.0
10.200000 2 345.0 479.0 47.0 25.0
10.233333 2 340.0 482.0 50.0 22.0
10.266667 2 337.0 482.0 50.0 23.0
10.300000 2 333.0 483.0 47.0 22.0
10.333333 2 326.0 484.0 47.0 23.0
10.366667 2 323.0 485.0 46.0 22.0
