0.000000 2 400.0 282.0 36.0 21.0
0.033333 2 404.1 281.4 27.3 20.0
0.066667 2 404.9 281.0 25.4 18.9
0.100000 2 403.7 280.2 27.3 18.6
0.133333 2 400.9 277.8 32.1 21.4
0.166667 2 401.5 276.4 30.5 22.0
0.200000 2 400.8 275.7 31.8 21.3
0.233333 2 400.6 274.2 31.6 22.4
0.266667 2 400.7 274.6 31.1 19.2
0.300000 2 397.2 270.7 37.3 24.8
0.333333 2 401.2 272.4 29.1 19.1
0.366667 2 405.1 274.1 21.4 13.0
0.400000 2 405.5 273.2 20.1 13.0
0.433333 2 405.0 271.7 21.1 14.0
0.466667 2 406.6 271.2 18.0 12.7
0.500000 2 407.3 269.3 16.7 14.1
0.533333 2 407.5 268.7 16.3 13.5
0.566667 2 408.1 266.3 15.5 15.9
0.600000 2 408.7 266.0 14.7 14.7
0.633333 2 409.2 265.2 14.1 14.3
0.666667 2 409.6 264.2 14.0 14.4
0.700000 2 405.3 263.7 21.7 13.0
0.733333 2 404.6 263.1 22.5 13.0
0.766667 2 410.0 261.2 16.4 15.4
0.800000 2 409.6 259.2 18.4 18.0
0.833333 2 412.0 260.1 15.2 14.5
0.866667 2 413.2 259.6 14.9 14.4
0.900000 2 412.4 257.0 18.6 18.3
0.933333 2 415.2 258.3 15.0 14.2
0.966667 2 416.5 257.9 14.8 13.7
1.000000 2 417.2 256.5 16.3 15.6
1.033333 2 419.5 256.9 14.3 13.4
1.066667 2 417.5 253.0 21.4 20.3
1.100000 2 422.0 255.0 15.3 14.9
1.133333 2 423.3 254.3 15.8 14.9
1.166667 2 423.0 251.6 19.1 19.2
1.200000 2 425.7 252.4 16.8 16.2
1.233333 2 427.6 251.9 15.8 15.7
1.266667 2 427.2 249.1 19.6 19.8
1.300000 2 428.6 248.7 19.2 19.2
1.333333 2 431.5 249.7 15.8 16.0
1.366667 2 432.3 248.4 16.4 16.9
1.400000 2 431.7 246.4 19.1 19.7
1.433333 2 433.3 245.9 17.5 18.8
1.466667 2 434.6 246.4 15.9 16.7
1.500000 2 433.7 244.5 18.4 19.3
1.533333 2 436.2 244.3 13.3 15.1
1.566667 2 432.3 245.0 20.2 13.4
1.600000 2 433.1 242.0 18.7 16.5
1.633333 2 430.1 236.8 22.5 21.7
1.666667 2 426.3 239.8 25.5 17.2
1.700000 2 429.3 233.8 19.0 23.7
1.733333 2 427.8 235.3 19.3 20.3
1.766667 2 425.6 233.8 20.6 22.2
1.800000 2 426.3 235.3 18.9 20.1
1.833333 2 424.8 234.5 17.7 18.9
1.866667 2 424.8 231.5 17.3 22.2
1.900000 2 422.6 232.3 16.8 20.5
1.933333 2 418.8 230.0 19.9 21.9
1.966667 2 421.8 229.3 16.3 22.7
2.000000 2 419.6 228.5 17.6 23.7
2.033333 2 418.1 230.0 15.9 19.9
2.066667 2 416.3 232.9 19.9 20.3
2.100000 2 414.3 227.0 17.4 22.4
2.133333 2 412.8 228.5 16.8 20.0
2.166667 2 409.1 226.3 20.3 24.3
2.200000 2 410.6 226.3 15.3 20.8
2.233333 2 406.1 225.5 20.3 22.9
2.266667 2 406.8 224.0 16.2 23.5
2.300000 2 406.1 229.6 17.6 18.7
2.333333 2 403.1 224.8 17.7 21.6
2.366667 2 403.1 228.4 17.7 19.0
2.400000 2 399.3 219.5 18.3 25.7
2.433333 2 397.8 223.3 19.0 22.9
2.466667 2 396.3 224.8 17.6 19.0
2.500000 2 396.5 225.8 18.6 20.4
2.533333 2 393.3 222.5 17.9 20.5
2.566667 2 388.8 218.8 23.4 26.9
2.600000 2 390.2 222.8 17.0 18.0
2.633333 2 387.3 219.5 19.0 22.9
2.666667 2 385.1 217.3 21.6 26.2
2.700000 2 385.8 220.3 17.9 20.8
2.733333 2 385.4 221.8 20.6 22.7
2.766667 2 379.8 218.0 22.1 23.1
2.800000 2 379.8 218.8 21.0 22.0
2.833333 2 373.8 216.5 24.9 23.1
2.866667 2 377.6 219.5 19.9 20.0
2.900000 2 370.9 216.5 26.2 23.7
2.933333 2 376.1 215.8 17.8 22.0
2.966667 2 376.0 218.7 20.1 22.9
3.000000 2 368.6 215.0 28.5 20.8
3.033333 2 372.3 214.3 18.4 23.2
3.066667 2 367.9 212.8 19.5 22.7
3.100000 2 370.9 215.8 23.2 19.3
3.133333 2 367.1 213.5 18.8 22.2
3.166667 2 365.6 214.3 22.5 20.0
3.200000 2 360.4 214.3 22.3 20.9
3.233333 2 360.4 212.0 25.5 20.6
3.266667 2 358.1 211.3 21.7 21.9
3.300000 2 358.1 210.5 25.5 21.4
3.333333 2 352.9 212.0 30.0 19.5
3.366667 2 355.1 209.0 29.2 22.9
3.400000 2 355.1 212.0 24.7 18.4
3.433333 2 354.4 213.5 23.2 17.3
3.466667 2 352.1 212.8 26.2 18.3
3.500000 2 349.9 208.3 27.7 21.9
3.533333 2 343.9 209.0 33.7 22.3
3.566667 2 346.1 212.0 26.2 18.2
3.600000 2 343.1 212.8 29.2 18.0
3.633333 2 343.1 209.0 25.5 21.6
3.666667 2 343.1 210.5 25.5 18.8
3.700000 2 341.6 212.0 25.5 17.5
3.733333 2 341.6 213.5 25.5 16.0
3.766667 2 339.4 212.8 27.0 19.2
3.800000 2 337.9 213.5 24.0 17.3
3.833333 2 337.9 212.8 21.7 19.8
3.866667 2 337.9 212.0 21.0 19.9
3.900000 2 335.6 215.0 22.5 16.7
3.933333 2 334.9 215.0 22.5 18.7
3.966667 2 329.6 218.0 27.0 15.6
4.000000 2 331.1 215.8 24.0 17.9
4.033333 2 328.9 217.3 24.0 18.4
4.066667 2 328.9 216.5 26.2 19.0
4.100000 2 325.9 218.0 28.5 17.8
4.133333 2 325.9 215.8 23.3 22.5
4.166667 2 325.9 218.8 24.7 18.5
4.200000 2 321.4 221.0 30.7 17.6
4.233333 2 321.4 219.5 25.5 19.9
4.266667 2 319.9 219.5 28.5 19.8
4.300000 2 322.9 220.3 27.7 20.3
4.333333 2 319.9 225.5 30.0 15.8
4.366667 2 322.1 225.5 25.5 17.9
4.400000 2 321.4 226.3 26.2 16.9
4.433333 2 320.6 227.8 24.7 16.6
4.466667 2 319.1 229.3 29.2 16.2
4.500000 2 319.1 227.8 27.7 18.8
4.533333 2 320.6 228.5 25.5 19.2
4.566667 2 319.9 230.8 30.7 17.9
4.600000 2 324.0 232.0 21.0 19.0
4.633333 2 320.0 234.0 26.0 17.0
4.666667 2 320.0 234.0 26.0 21.0
4.700000 2 321.0 235.0 24.0 19.0
4.733333 2 325.0 237.0 25.0 21.0
4.766667 2 321.0 235.0 29.0 23.0
4.800000 2 320.0 234.0 31.0 30.0
4.833333 2 326.0 238.0 25.0 26.0
4.866667 2 325.0 238.0 27.0 26.0
4.900000 2 328.0 240.0 25.0 24.0
4.933333 2 328.0 240.0 23.0 27.0
4.966667 2 333.0 244.0 19.0 21.0
5.000000 2 333.0 244.0 21.0 24.0
5.033333 2 330.0 250.0 24.0 18.0
5.066667 2 330.0 250.0 24.0 18.0
5.100000 2 332.0 250.0 22.0 18.0
5.133333 2 331.0 250.0 28.0 18.0
5.166667 2 333.0 250.0 26.0 18.0
5.200000 2 333.0 250.0 29.0 22.0
5.233333 2 335.0 253.0 27.0 19.0
5.266667 2 334.0 251.0 26.0 18.0
5.300000 2 335.0 253.0 25.0 16.0
5.333333 2 335.0 253.0 31.0 23.0
5.366667 2 333.0 253.0 33.0 23.0
5.400000 2 333.0 253.0 32.0 24.0
5.433333 2 338.0 250.0 28.0 27.0
5.466667 2 338.0 250.0 28.0 26.0
5.500000 2 332.0 256.0 34.0 20.0
5.533333 2 332.0 256.0 34.0 21.0
5.566667 2 333.0 258.0 33.0 19.0
5.600000 2 332.0 256.0 32.0 21.0
5.633333 2 333.0 258.0 32.0 19.0
5.666667 2 332.0 257.0 34.0 22.0
5.700000 2 335.0 258.0 31.0 21.0
5.733333 2 334.0 257.0 32.0 25.0
5.766667 2 334.0 259.0 33.0 23.0
5.800000 2 333.0 258.0 33.0 25.0
5.833333 2 335.0 258.0 31.0 25.0
5.866667 2 334.0 258.0 30.0 25.0
5.900000 2 333.0 260.0 32.0 23.0
5.933333 2 333.0 260.0 28.0 25.0
5.966667 2 335.0 260.0 26.0 25.0
6.000000 2 336.0 259.0 30.0 28.0
6.033333 2 333.6 262.2 31.0 23.0
6.066667 2 333.8 264.7 31.0 22.0
6.100000 2 334.3 264.2 31.0 23.0
6.133333 2 336.3 263.3 31.0 23.0
6.166667 2 336.0 264.5 32.0 23.0
6.200000 2 337.7 266.6 30.0 21.0
6.233333 2 338.3 266.8 30.0 22.0
6.266667 2 340.0 267.9 31.0 23.0
6.300000 2 341.3 268.1 32.0 23.0
6.333333 2 346.2 273.4 32.2 23.4
6.366667 2 348.8 274.8 29.5 22.1
6.400000 2 350.0 275.0 29.3 22.9
6.433333 2 350.4 275.5 31.1 23.4
6.466667 2 351.4 276.0 31.8 23.5
6.500000 2 353.6 276.9 30.1 23.0
6.533333 2 354.2 277.2 31.9 23.6
6.566667 2 356.6 278.4 30.0 22.6
6.600000 2 357.2 278.2 31.8 24.2
6.633333 2 359.4 279.4 30.8 23.0
6.666667 2 359.8 279.1 33.2 24.8
6.700000 2 362.0 280.2 32.2 23.9
6.733333 2 363.8 281.0 32.6 23.7
6.766667 2 365.0 281.6 34.2 24.2
6.800000 2 366.9 282.5 34.2 23.8
6.833333 2 369.1 283.5 34.8 24.3
6.866667 2 372.3 284.8 32.9 23.0
6.900000 2 373.8 285.2 34.6 24.0
6.933333 2 375.8 286.0 34.9 24.1
6.966667 2 378.8 287.1 34.1 23.5
7.000000 2 380.9 287.8 34.0 23.2
7.033333 2 383.8 288.3 33.9 23.3
7.066667 2 385.7 288.4 35.2 24.1
7.100000 2 388.2 288.9 34.6 23.7
7.133333 2 391.1 289.3 33.7 23.0
7.166667 2 392.9 289.0 34.3 23.6
7.200000 2 394.5 288.6 35.5 24.6
7.233333 2 396.8 289.0 34.6 23.8
7.266667 2 398.9 288.9 34.4 23.7
7.300000 2 401.3 288.9 33.4 22.8
7.333333 2 402.8 288.6 33.4 22.8
7.366667 2 403.9 287.7 34.8 24.0
7.400000 2 406.5 287.9 32.7 22.2
7.433333 2 406.8 286.4 34.9 23.9
7.466667 2 407.9 285.9 34.9 24.0
7.500000 2 410.2 286.2 32.5 22.4
7.533333 2 411.4 285.7 32.2 22.0
7.566667 2 413.0 285.3 31.3 21.4
7.600000 2 413.4 284.2 32.3 22.2
7.633333 2 413.2 283.0 34.0 23.3
7.666667 2 415.0 283.1 31.5 21.7
7.700000 2 414.4 281.7 33.8 23.0
7.733333 2 415.9 281.4 31.8 22.3
7.766667 2 415.5 280.5 33.3 22.8
7.800000 2 415.7 279.7 33.4 22.8
7.833333 2 415.9 279.2 33.2 22.8
7.866667 2 416.6 279.0 31.9 21.7
7.900000 2 417.2 278.4 31.2 21.4
7.933333 2 417.1 277.9 31.0 21.3
7.966667 2 417.1 277.0 31.0 21.3
8.000000 2 416.9 276.1 31.3 21.5
8.033333 2 415.5 274.7 33.8 23.0
8.066667 2 415.2 273.8 33.7 22.9
8.100000 2 415.8 273.5 32.3 22.1
8.133333 2 416.0 273.3 31.2 21.2
8.166667 2 414.4 271.7 33.9 23.2
8.200000 2 414.6 271.5 32.8 22.5
8.233333 2 415.4 271.6 30.8 21.1
8.266667 2 414.4 270.7 32.2 22.0
8.300000 2 414.0 270.0 32.1 21.9
8.333333 2 414.4 269.9 30.9 21.3
8.366667 2 414.5 269.9 30.0 20.4
8.400000 2 413.0 269.1 32.1 21.7
8.433333 2 413.8 269.1 30.0 20.6
8.466667 2 411.8 267.9 33.0 22.5
8.500000 2 412.3 268.2 31.2 21.3
8.533333 2 413.2 268.7 29.0 19.9
8.566667 2 411.0 267.2 32.7 22.4
8.600000 2 411.1 267.5 31.9 21.7
8.633333 2 412.0 268.0 29.7 20.3
8.666667 2 411.3 267.6 30.4 20.9
8.700000 2 409.7 266.6 33.1 22.9
8.733333 2 410.4 267.3 31.1 21.5
8.766667 2 411.1 267.9 29.2 20.3
8.800000 2 409.7 267.1 31.5 21.9
8.833333 2 409.2 266.8 32.3 22.5
8.866667 2 409.4 267.5 31.3 21.6
8.900000 2 409.9 268.0 30.0 20.6
8.933333 2 410.3 268.7 28.7 19.8
8.966667 2 408.3 267.7 32.1 22.3
9.000000 2 408.1 268.3 32.1 22.1
9.033333 2 408.2 268.6 31.8 22.0
9.066667 2 409.2 270.0 29.3 20.2
9.100000 2 409.5 270.7 28.7 19.7
9.133333 2 409.0 271.0 29.1 20.1
9.166667 2 408.4 271.0 30.2 21.1
9.200000 2 407.1 271.0 32.3 22.5
9.233333 2 407.0 271.5 32.4 22.6
9.266667 2 407.5 272.8 31.0 21.5
9.300000 2 407.8 273.7 30.4 20.9
9.333333 2 407.9 274.6 30.1 20.7
9.366667 2 408.0 275.6 29.6 20.3
9.400000 2 408.2 276.4 29.3 19.9
9.433333 2 408.7 277.6 28.0 19.1
9.466667 2 408.7 278.4 27.8 18.9
9.500000 2 408.4 278.6 28.5 19.6
9.533333 2 408.7 279.4 28.0 18.9
9.566667 2 408.5 279.5 28.4 19.4
9.600000 2 408.4 279.5 28.6 19.6
9.633333 2 408.3 279.5 28.7 19.7
9.666667 2 408.4 279.5 28.6 19.5
9.700000 2 408.3 279.2 28.6 19.5
9.733333 2 407.9 278.4 29.3 20.0
9.766667 2 407.8 277.7 29.5 20.0
9.800000 2 405.8 275.5 33.2 22.8
9.833333 2 405.2 274.2 34.2 23.6
9.866667 2 405.2 273.1 34.0 23.3
9.900000 2 406.0 272.6 31.9 21.8
9.933333 2 407.2 272.1 29.1 19.8
9.966667 2 406.0 270.0 31.0 21.0
