0.000000 2 190.2 71.7 42.5 26.6
0.033333 2 188.6 71.0 42.7 27.5
0.066667 2 187.6 70.9 42.4 27.4
0.100000 2 186.7 70.8 42.2 27.3
0.133333 2 185.8 70.8 42.3 27.3
0.166667 2 185.5 70.7 42.4 27.3
0.200000 2 185.0 70.8 42.2 27.0
0.233333 2 184.7 70.9 42.4 27.4
0.266667 2 184.3 71.0 42.7 27.5
0.300000 2 184.1 71.3 43.1 27.7
0.333333 2 184.4 71.7 42.5 27.4
0.366667 2 184.6 72.0 42.8 27.6
0.400000 2 185.4 72.7 42.4 27.3
0.433333 2 185.6 72.8 42.5 27.6
0.466667 2 186.3 73.4 42.9 27.7
0.500000 2 187.2 74.2 43.3 27.8
0.533333 2 188.4 74.8 42.5 27.2
0.566667 2 189.8 75.7 42.7 27.4
0.600000 2 190.6 76.0 42.7 27.5
0.633333 2 192.5 76.7 42.6 27.4
0.666667 2 193.1 77.1 43.2 27.6
0.700000 2 195.5 77.8 42.7 27.5
0.733333 2 196.1 78.2 43.5 27.8
0.766667 2 198.5 79.4 43.1 27.4
0.800000 2 201.3 81.1 42.1 26.6
0.833333 2 202.1 81.4 43.0 27.4
0.866667 2 204.6 82.8 42.4 27.5
0.900000 2 205.6 83.6 42.5 27.6
0.933333 2 207.5 85.4 43.2 27.7
0.966667 2 208.4 86.4 43.1 27.8
1.000000 2 210.6 88.7 42.9 27.7
1.033333 2 211.7 89.8 42.9 27.5
1.066667 2 213.2 92.2 43.7 28.0
1.100000 2 215.4 94.8 43.3 28.0
1.133333 2 215.9 95.9 44.1 28.4
1.166667 2 217.6 98.9 44.2 28.4
1.200000 2 219.6 102.3 43.7 27.6
1.233333 2 220.7 104.1 43.3 27.3
1.266667 2 221.7 106.8 44.6 28.4
1.300000 2 222.8 108.5 44.0 28.3
1.333333 2 224.4 112.6 43.8 27.5
1.366667 2 224.5 113.9 44.8 28.6
1.400000 2 226.2 118.2 44.5 27.6
1.433333 2 226.6 119.8 45.0 28.4
1.466667 2 228.4 124.0 44.1 27.5
1.500000 2 229.2 127.6 44.8 28.3
1.533333 2 229.8 129.7 44.8 28.1
1.566667 2 230.8 133.9 44.9 27.9
1.600000 2 231.9 138.3 44.8 27.6
1.633333 2 233.0 142.6 44.4 27.4
1.666667 2 233.8 146.6 44.4 27.8
1.700000 2 234.2 149.2 44.4 27.1
1.733333 2 234.9 153.6 44.2 27.8
1.766667 2 235.1 156.2 44.3 27.1
1.800000 2 235.4 160.5 44.5 27.6
1.833333 2 235.3 162.7 45.1 28.2
1.866667 2 235.5 167.2 45.0 28.0
1.900000 2 235.9 169.8 44.3 27.6
1.933333 2 235.5 174.2 45.0 28.0
1.966667 2 235.8 176.6 44.3 27.6
2.000000 2 235.2 181.1 45.1 28.0
2.033333 2 235.3 183.6 44.5 27.2
2.066667 2 235.1 187.9 44.0 27.1
2.100000 2 234.6 189.8 44.5 27.7
2.133333 2 234.5 194.3 43.7 26.5
2.166667 2 233.7 195.8 44.5 27.7
2.200000 2 233.1 199.9 44.1 27.0
2.233333 2 232.4 201.5 44.6 27.5
2.266667 2 231.2 205.0 45.2 28.0
2.300000 2 231.1 207.4 44.3 26.7
2.333333 2 229.9 210.7 44.6 27.0
2.366667 2 228.9 213.9 44.2 27.3
2.400000 2 228.2 215.9 44.3 26.4
2.433333 2 227.1 219.0 44.2 26.8
2.466667 2 225.4 221.4 44.9 27.8
2.500000 2 224.9 223.3 44.7 26.9
2.533333 2 223.7 225.7 44.6 27.5
2.566667 2 223.3 227.4 44.3 26.6
2.600000 2 222.0 229.8 44.6 26.8
2.633333 2 221.3 230.4 45.0 27.8
2.666667 2 220.4 232.8 44.6 27.4
2.700000 2 220.4 234.5 44.0 26.2
2.733333 2 219.3 235.9 44.6 27.0
2.766667 2 219.2 237.2 44.3 26.3
2.800000 2 218.1 237.9 45.5 27.8
2.833333 2 218.3 238.8 44.8 27.2
2.866667 2 218.0 240.3 45.1 27.1
2.900000 2 218.3 241.0 44.6 26.8
2.933333 2 218.2 241.7 45.1 27.7
2.966667 2 218.1 242.1 45.7 28.0
3.000000 2 219.8 244.6 45.0 26.8
3.033333 2 220.1 244.7 45.1 27.5
3.066667 2 220.9 245.3 45.5 27.7
3.100000 2 221.8 245.6 46.0 28.3
3.133333 2 222.9 246.4 45.3 27.1
3.166667 2 224.3 246.7 45.4 27.9
3.200000 2 224.8 246.9 45.9 28.1
3.233333 2 227.2 248.0 44.6 26.6
3.266667 2 228.4 248.3 44.0 26.2
3.300000 2 230.2 248.4 44.1 26.4
3.333333 2 231.1 248.5 44.4 26.4
3.366667 2 233.1 248.8 44.5 26.3
3.400000 2 235.1 248.6 45.0 26.8
3.433333 2 236.0 248.2 45.4 27.6
3.466667 2 238.1 247.9 45.6 28.0
3.500000 2 239.5 248.2 45.2 27.4
3.533333 2 242.3 248.5 44.3 26.4
3.566667 2 243.3 247.9 44.7 27.5
3.600000 2 245.8 247.8 44.6 27.4
3.633333 2 247.1 247.9 44.5 26.6
3.666667 2 249.2 247.6 44.7 26.9
3.700000 2 250.1 247.1 45.1 27.7
3.733333 2 252.6 246.8 44.4 27.6
3.766667 2 253.6 246.6 44.6 27.8
3.800000 2 255.4 246.1 45.3 28.1
3.833333 2 256.3 245.9 45.4 28.1
3.866667 2 257.2 245.9 45.4 28.3
3.900000 2 259.3 245.8 44.8 27.8
3.933333 2 261.2 246.1 44.0 26.8
3.966667 2 261.6 245.4 44.7 27.8
4.000000 2 262.9 245.6 44.8 27.0
4.033333 2 263.2 245.0 45.3 28.1
4.066667 2 264.5 244.9 45.1 27.9
4.100000 2 265.2 245.3 44.6 27.1
4.133333 2 266.0 245.3 44.6 27.0
4.166667 2 266.8 244.9 44.3 27.4
4.200000 2 267.2 245.3 44.3 26.8
4.233333 2 267.2 244.8 45.0 27.9
4.266667 2 267.5 244.7 44.7 27.8
4.300000 2 267.4 244.7 45.1 28.0
4.333333 2 267.3 244.7 45.3 28.1
4.366667 2 267.1 244.7 45.7 28.4
4.400000 2 266.9 244.6 45.9 28.6
4.433333 2 266.8 245.1 45.4 27.6
4.466667 2 266.5 245.2 45.5 27.6
4.500000 2 265.9 244.8 45.9 28.6
4.533333 2 265.8 245.1 45.6 28.0
4.566667 2 265.2 245.1 45.5 28.3
4.600000 2 264.5 245.3 45.4 27.6
4.633333 2 263.8 245.1 45.7 28.3
4.666667 2 262.8 244.8 46.0 28.5
4.700000 2 262.0 244.7 46.0 28.5
4.733333 2 261.5 244.7 45.1 27.9
4.766667 2 260.6 244.5 44.9 27.8
4.800000 2 259.1 243.8 45.9 28.4
4.833333 2 259.1 244.2 44.9 27.1
4.866667 2 258.1 243.8 44.8 26.9
4.900000 2 256.9 242.8 46.1 28.6
4.933333 2 256.4 242.5 44.9 28.0
4.966667 2 255.9 242.7 45.1 27.1
5.000000 2 255.4 242.3 44.1 26.5
5.033333 2 253.9 240.9 46.0 28.6
5.066667 2 253.3 240.4 45.1 28.1
5.100000 2 252.2 239.5 45.3 28.2
5.133333 2 252.0 239.8 44.8 26.9
5.166667 2 251.1 238.9 44.7 26.8
5.200000 2 250.2 238.1 44.4 26.6
5.233333 2 248.9 236.7 46.1 28.5
5.266667 2 247.9 235.7 46.1 28.5
5.300000 2 247.3 235.0 45.6 27.7
5.333333 2 246.9 234.2 45.6 28.2
5.366667 2 246.0 233.1 45.9 28.3
5.400000 2 245.6 232.4 45.4 27.2
5.433333 2 245.2 231.5 45.4 28.2
5.466667 2 244.7 231.1 45.8 27.9
5.500000 2 244.0 229.8 46.0 28.2
5.533333 2 244.0 229.6 45.3 27.7
5.566667 2 243.4 228.4 45.5 27.6
5.600000 2 242.7 226.7 46.4 28.7
5.633333 2 243.1 226.6 45.2 27.8
5.666667 2 242.7 226.0 45.8 27.8
5.700000 2 243.2 225.2 44.8 26.8
5.733333 2 243.1 223.9 45.0 26.9
5.766667 2 243.2 222.9 45.1 27.3
5.800000 2 243.8 222.1 44.8 26.4
5.833333 2 244.5 221.5 44.1 25.8
5.866667 2 245.1 220.0 44.7 25.9
5.900000 2 245.0 218.4 45.8 27.6
5.933333 2 247.4 217.7 44.0 25.6
5.966667 2 247.8 216.5 44.8 26.4
6.000000 2 249.3 214.3 45.6 27.2
6.033333 2 251.9 212.7 45.4 26.8
6.066667 2 254.8 211.0 45.1 26.3
6.100000 2 255.7 209.1 46.3 28.0
6.133333 2 259.5 207.6 45.3 26.7
6.166667 2 261.1 206.0 45.7 27.5
6.200000 2 265.0 203.5 45.7 27.6
6.233333 2 268.9 201.0 45.8 27.8
6.266667 2 271.2 199.7 45.3 27.5
6.300000 2 275.2 197.0 45.5 27.6
6.333333 2 279.4 194.5 45.5 27.1
6.366667 2 281.8 193.3 44.7 26.6
6.400000 2 285.3 190.3 45.5 27.1
6.433333 2 289.0 187.4 45.5 27.3
6.466667 2 291.2 186.6 44.6 26.1
6.500000 2 294.1 183.5 45.5 27.2
6.533333 2 297.5 181.4 44.7 26.5
6.566667 2 300.2 179.6 44.4 25.6
6.600000 2 301.4 178.6 44.1 25.5
6.633333 2 304.0 175.6 44.3 26.1
6.666667 2 304.3 174.5 45.2 27.0
6.700000 2 305.4 173.4 44.6 26.6
6.733333 2 305.3 172.6 45.3 27.0
6.766667 2 305.7 172.2 44.7 26.5
6.800000 2 305.2 171.2 45.2 27.3
6.833333 2 305.3 172.1 44.3 25.5
6.866667 2 304.4 172.1 43.9 25.3
6.900000 2 302.4 171.9 44.6 26.3
6.933333 2 300.9 172.7 43.6 25.8
6.966667 2 299.5 173.2 44.2 25.2
7.000000 2 296.5 173.6 44.9 26.3
7.033333 2 295.2 174.5 44.6 25.3
7.066667 2 292.6 176.1 43.5 24.7
7.100000 2 290.6 176.5 44.1 25.5
7.133333 2 288.6 176.8 44.5 26.3
7.166667 2 284.8 178.4 44.4 25.8
7.200000 2 281.1 180.2 44.0 25.2
7.233333 2 277.0 181.7 43.7 25.4
7.266667 2 272.7 183.5 43.9 24.8
7.300000 2 270.8 184.5 43.0 24.4
7.333333 2 265.9 185.6 43.7 25.4
7.366667 2 261.6 187.5 43.4 24.6
7.400000 2 259.3 188.0 43.4 25.2
7.433333 2 254.6 189.8 43.6 24.5
7.466667 2 250.0 190.8 43.5 25.3
7.500000 2 247.8 191.9 43.5 24.5
7.533333 2 243.2 192.7 43.8 25.0
7.566667 2 240.8 193.0 44.2 25.6
7.600000 2 237.0 194.3 43.3 24.7
7.633333 2 234.7 194.7 43.7 24.6
7.666667 2 230.8 195.5 43.8 24.9
7.700000 2 227.2 195.9 43.5 25.1
7.733333 2 225.9 196.6 43.0 24.0
7.766667 2 222.3 196.7 43.9 24.7
7.800000 2 220.5 196.2 44.7 25.8
7.833333 2 218.8 197.3 43.2 24.1
7.866667 2 217.0 196.7 44.1 25.3
7.900000 2 215.1 196.6 44.2 25.0
7.933333 2 213.8 196.7 43.2 24.1
7.966667 2 213.1 196.2 43.2 24.4
8.000000 2 211.6 195.8 43.6 24.3
8.033333 2 210.5 194.9 43.6 24.3
8.066667 2 210.0 194.0 43.6 25.1
8.100000 2 208.9 193.1 44.0 25.3
8.133333 2 208.9 193.2 43.3 24.3
8.166667 2 208.0 191.7 43.7 25.3
8.200000 2 207.9 191.7 43.3 24.2
8.233333 2 206.9 190.0 44.0 25.5
8.266667 2 206.9 189.9 43.5 24.7
8.300000 2 205.8 188.3 44.3 25.5
8.333333 2 206.1 188.3 43.1 24.5
8.366667 2 205.2 187.0 43.5 25.2
8.400000 2 204.7 186.4 43.0 24.3
8.433333 2 203.7 185.4 44.2 25.4
8.466667 2 202.8 184.4 44.2 25.4
8.500000 2 202.2 183.8 43.8 25.0
8.533333 2 202.0 183.5 43.2 24.3
8.566667 2 200.7 182.6 43.7 24.5
8.600000 2 200.2 181.9 43.6 25.2
8.633333 2 198.9 180.9 43.9 25.6
8.666667 2 198.7 181.1 43.3 24.3
8.700000 2 197.3 179.8 43.5 25.3
8.733333 2 195.7 179.0 44.1 25.6
8.766667 2 195.4 179.0 43.3 25.2
8.800000 2 193.8 178.4 43.7 25.1
8.833333 2 193.2 177.8 43.5 25.6
8.866667 2 191.8 177.6 43.5 24.9
8.900000 2 191.2 177.0 43.6 25.5
8.933333 2 190.3 177.3 42.6 24.4
8.966667 2 188.6 176.8 43.2 24.7
9.000000 2 187.1 176.3 44.0 25.6
9.033333 2 186.9 176.7 43.2 24.5
9.066667 2 185.4 176.5 43.6 24.9
9.100000 2 184.8 176.2 44.1 25.7
9.133333 2 184.2 176.5 43.8 25.3
9.166667 2 183.9 176.7 43.5 25.2
9.200000 2 183.6 177.0 43.2 25.0
9.233333 2 182.9 176.9 43.8 25.6
9.266667 2 183.1 178.2 42.8 24.2
9.300000 2 182.7 178.4 43.2 24.6
9.333333 2 182.5 178.7 43.5 24.9
9.366667 2 182.7 179.6 43.1 24.4
9.400000 2 183.0 180.6 42.5 23.9
9.433333 2 183.3 181.4 42.5 23.9
9.466667 2 183.1 181.4 43.1 24.6
9.500000 2 183.4 182.4 43.5 24.6
9.533333 2 183.8 183.0 43.2 24.0
9.566667 2 183.9 183.0 43.9 25.4
9.600000 2 184.4 183.8 43.6 24.4
9.633333 2 185.0 184.3 43.5 24.7
9.666667 2 185.8 185.4 43.0 23.9
9.700000 2 186.0 185.8 43.0 23.8
9.733333 2 186.0 185.6 44.0 25.0
9.766667 2 187.0 186.6 42.7 23.6
9.800000 2 187.0 186.2 43.8 25.0
9.833333 2 187.9 187.3 43.1 23.7
9.866667 2 188.0 186.9 43.5 24.8
9.900000 2 189.3 187.7 42.4 23.3
9.933333 2 189.3 187.1 43.1 24.6
9.966667 2 190.3 187.4 42.7 23.9
10.000000 2 191.4 187.6 42.4 23.6
10.033333 2 191.7 187.2 43.1 23.8
10.066667 2 193.0 187.0 42.7 23.4
10.100000 2 193.4 186.3 42.9 24.4
10.133333 2 194.9 186.2 42.9 23.6
10.166667 2 195.4 185.5 43.3 24.4
10.200000 2 197.1 185.1 43.1 23.9
10.233333 2 199.1 184.5 42.6 23.4
10.266667 2 199.9 184.1 42.8 23.5
10.300000 2 202.1 183.0 42.5 23.3
10.333333 2 204.3 182.1 42.5 23.3
10.366667 2 205.2 181.4 42.8 23.5
10.400000 2 207.3 179.4 43.4 24.6
10.433333 2 208.8 179.3 42.8 23.5
10.466667 2 211.6 178.0 42.0 23.0
