0.000000 2 277.0 70.0 25.0 24.0
0.033333 2 275.1 68.3 25.1 24.1
0.066667 2 274.1 67.3 26.0 25.0
0.100000 2 273.1 65.8 25.9 25.0
0.133333 2 273.1 65.0 25.1 24.1
0.166667 2 273.1 64.0 25.1 24.1
0.200000 2 273.0 63.2 26.0 25.0
0.233333 2 273.8 63.6 25.1 24.1
0.266667 2 274.1 63.3 26.0 25.0
0.300000 2 275.0 64.2 24.9 23.9
0.333333 2 276.0 65.2 24.9 23.9
0.366667 2 275.8 65.4 26.1 25.2
0.400000 2 277.6 67.6 25.4 24.4
0.433333 2 278.9 69.8 25.2 24.2
0.466667 2 279.8 71.2 25.0 24.1
0.500000 2 281.1 73.0 25.9 25.0
0.533333 2 282.9 75.3 26.0 25.0
0.566667 2 284.0 76.4 25.8 24.8
0.600000 2 286.0 78.6 25.7 24.7
0.633333 2 287.0 79.5 26.0 25.1
0.666667 2 289.8 81.7 25.2 24.2
0.700000 2 291.0 82.7 25.1 24.1
0.733333 2 293.6 84.0 25.3 24.3
0.766667 2 295.0 84.9 25.1 24.1
0.800000 2 298.0 86.5 24.8 23.9
0.833333 2 301.0 87.6 24.9 23.9
0.866667 2 302.4 88.1 25.4 24.4
0.900000 2 306.0 89.3 24.8 23.8
0.933333 2 307.4 89.4 25.4 24.4
0.966667 2 311.2 90.5 24.9 23.9
1.000000 2 312.9 90.7 25.0 24.0
1.033333 2 316.6 90.9 25.2 24.3
1.066667 2 320.4 91.1 25.4 24.4
1.100000 2 324.2 91.3 25.7 24.7
1.133333 2 326.3 91.6 25.7 24.7
1.166667 2 330.8 91.9 25.0 24.0
1.200000 2 334.9 92.5 24.9 23.9
1.233333 2 337.1 92.6 24.9 23.9
1.266667 2 341.1 92.9 25.1 24.2
1.300000 2 343.2 93.2 25.0 24.1
1.333333 2 347.1 93.2 25.6 24.7
1.366667 2 351.1 94.0 25.4 24.5
1.400000 2 355.1 94.7 25.1 24.1
1.433333 2 358.9 95.6 25.0 24.0
1.466667 2 362.1 95.9 25.7 24.8
1.500000 2 364.0 96.7 25.3 24.3
1.533333 2 367.0 97.3 26.1 25.1
1.566667 2 370.5 98.7 25.4 24.4
1.600000 2 372.1 99.4 25.1 24.1
1.633333 2 375.1 100.6 25.0 24.0
1.666667 2 376.1 101.1 25.3 24.4
1.700000 2 378.9 102.8 25.0 24.1
1.733333 2 380.1 103.5 24.9 24.0
1.766667 2 382.1 104.9 25.1 24.2
1.800000 2 383.1 105.6 25.2 24.2
1.833333 2 385.2 107.3 24.8 23.9
1.866667 2 386.7 108.8 25.2 24.2
1.900000 2 388.1 110.7 25.0 24.0
1.933333 2 388.5 111.4 25.4 24.4
1.966667 2 389.9 113.4 24.8 23.8
2.000000 2 390.2 114.4 24.9 23.9
2.033333 2 391.1 116.5 24.7 23.8
2.066667 2 391.2 117.4 24.8 23.8
2.100000 2 391.1 119.1 25.8 24.9
2.133333 2 391.6 120.4 25.2 24.3
2.166667 2 391.4 122.5 25.5 24.5
2.200000 2 391.1 124.6 25.5 24.5
2.233333 2 391.2 125.8 25.0 24.0
2.266667 2 390.3 127.9 25.5 24.6
2.300000 2 390.2 129.0 25.3 24.3
2.333333 2 389.2 131.3 25.4 24.5
2.366667 2 388.2 133.6 25.6 24.6
2.400000 2 387.4 136.5 24.6 23.7
2.433333 2 386.8 137.6 25.0 24.0
2.466667 2 385.4 140.4 24.7 23.8
2.500000 2 384.2 141.4 25.7 24.7
2.533333 2 383.2 144.7 24.5 23.5
2.566667 2 381.2 147.5 25.0 24.0
2.600000 2 379.2 150.4 25.7 24.7
2.633333 2 377.3 153.8 25.5 24.6
2.666667 2 376.1 155.6 25.8 24.8
2.700000 2 374.3 159.3 25.0 24.1
2.733333 2 372.0 163.2 24.8 23.8
2.766667 2 370.9 165.2 24.8 23.8
2.800000 2 368.1 168.7 25.3 24.3
2.833333 2 367.1 170.9 24.9 23.9
2.866667 2 364.2 174.3 25.6 24.6
2.900000 2 363.2 176.5 25.1 24.1
2.933333 2 360.2 180.2 25.7 24.7
2.966667 2 359.1 182.4 25.5 24.5
3.000000 2 356.5 186.5 25.4 24.4
3.033333 2 355.1 188.6 25.4 24.3
3.066667 2 352.3 192.3 25.7 24.7
3.100000 2 351.2 194.5 24.8 23.9
3.133333 2 348.0 197.6 25.7 24.7
3.166667 2 345.4 200.8 25.4 24.5
3.200000 2 344.2 202.4 25.1 24.2
3.233333 2 341.5 205.1 25.2 24.3
3.266667 2 340.2 206.5 25.2 24.2
3.300000 2 337.9 208.9 24.9 23.9
3.333333 2 336.7 209.8 25.1 24.1
3.366667 2 334.1 211.5 25.6 24.6
3.400000 2 333.1 212.5 25.7 24.7
3.433333 2 331.2 214.2 25.5 24.6
3.466667 2 330.1 216.3 24.6 23.6
3.500000 2 329.2 217.0 24.7 23.8
3.533333 2 328.1 218.8 24.5 23.6
3.566667 2 327.4 219.6 24.3 23.4
3.600000 2 326.4 221.3 24.4 23.5
3.633333 2 325.3 222.7 24.6 23.6
3.666667 2 325.0 223.6 24.6 23.6
3.700000 2 324.3 225.3 24.6 23.7
3.733333 2 323.8 226.8 24.9 23.9
3.766667 2 323.6 227.7 25.2 24.2
3.800000 2 323.2 229.4 25.3 24.4
3.833333 2 323.2 230.3 25.3 24.4
3.866667 2 323.2 232.2 25.4 24.4
3.900000 2 323.5 233.2 25.2 24.3
3.933333 2 324.0 235.3 24.7 23.7
3.966667 2 324.3 237.1 24.8 23.9
4.000000 2 324.1 237.6 25.5 24.6
4.033333 2 325.3 239.8 24.7 23.7
4.066667 2 325.8 241.4 24.8 23.9
4.100000 2 326.3 243.0 25.5 24.5
4.133333 2 327.1 244.2 24.7 23.7
4.166667 2 327.8 245.8 25.1 24.1
4.200000 2 328.7 247.5 25.1 24.1
4.233333 2 329.1 248.5 25.1 24.2
4.266667 2 330.1 250.2 25.2 24.3
4.300000 2 330.9 251.5 26.0 25.0
4.333333 2 332.0 252.8 25.0 24.0
4.366667 2 333.0 254.6 24.9 23.9
4.400000 2 334.1 256.2 25.2 24.3
4.433333 2 334.8 257.0 25.1 24.2
4.466667 2 336.0 258.8 25.2 24.3
4.500000 2 336.9 259.9 25.9 25.0
4.533333 2 338.5 261.4 25.7 24.7
4.566667 2 339.0 262.2 25.5 24.5
4.600000 2 340.2 263.1 26.0 25.0
4.633333 2 341.0 263.9 25.5 24.5
4.666667 2 341.9 264.5 26.3 25.3
4.700000 2 342.9 265.3 25.7 24.7
4.733333 2 343.7 265.8 26.5 25.6
4.766667 2 345.0 266.8 25.5 24.5
4.800000 2 345.9 267.3 25.8 24.8
4.833333 2 346.7 267.8 25.3 24.3
4.866667 2 348.0 268.5 25.1 24.1
4.900000 2 347.8 268.0 26.5 25.5
4.933333 2 348.9 268.4 26.3 25.3
4.966667 2 350.0 268.9 26.2 25.2
5.000000 2 350.9 269.5 25.4 24.4
5.033333 2 351.6 269.7 25.5 24.5
5.066667 2 352.0 270.0 25.2 24.2
5.100000 2 352.7 270.3 25.2 24.3
5.133333 2 352.9 270.5 25.3 24.3
5.166667 2 352.9 270.3 26.3 25.3
5.200000 2 354.0 271.2 24.9 24.0
5.233333 2 354.1 271.3 24.9 23.9
5.266667 2 353.9 271.4 25.8 24.8
5.300000 2 354.0 271.7 25.6 24.6
5.333333 2 354.1 272.0 25.4 24.4
5.366667 2 353.9 272.4 25.7 24.7
5.400000 2 353.8 272.3 26.0 25.0
5.433333 2 354.2 273.3 24.8 23.9
5.466667 2 354.1 273.6 24.9 23.9
5.500000 2 353.7 273.9 25.2 24.2
5.533333 2 353.0 274.0 26.0 25.0
5.566667 2 353.0 275.0 24.9 24.0
5.600000 2 353.2 275.7 24.2 23.2
5.633333 2 352.3 276.5 24.2 23.3
5.666667 2 352.1 276.7 24.2 23.3
5.700000 2 351.3 277.5 24.2 23.3
5.733333 2 349.8 277.7 25.3 24.3
5.766667 2 349.9 278.7 24.4 23.4
5.800000 2 348.9 279.7 24.4 23.5
5.833333 2 348.0 279.5 25.2 24.3
5.866667 2 346.9 280.5 25.2 24.3
5.900000 2 345.7 281.5 25.3 24.4
5.933333 2 344.3 282.4 25.6 24.6
5.966667 2 344.4 283.7 24.4 23.4
6.000000 2 343.2 284.7 24.4 23.5
6.033333 2 342.1 284.8 25.2 24.3
6.066667 2 340.9 286.0 25.0 24.0
6.100000 2 340.0 286.4 25.3 24.4
6.133333 2 338.4 287.4 25.8 24.9
6.166667 2 338.7 288.7 24.1 23.2
6.200000 2 336.0 289.3 25.9 25.0
6.233333 2 336.2 290.6 24.5 23.5
6.266667 2 333.4 293.5 24.4 23.4
6.300000 2 332.2 293.2 25.9 25.0
6.333333 2 331.2 294.3 26.0 25.1
6.366667 2 331.5 296.8 23.8 22.9
6.400000 2 330.3 296.3 25.9 25.0
6.433333 2 330.4 298.3 24.5 23.6
6.466667 2 329.7 298.4 25.8 24.9
6.500000 2 330.0 300.7 24.1 23.2
6.533333 2 328.6 301.3 26.0 25.0
6.566667 2 329.0 302.5 24.8 23.8
6.600000 2 328.3 303.5 25.9 24.9
6.633333 2 328.8 305.6 24.6 23.7
6.666667 2 328.5 306.1 25.0 24.0
6.700000 2 328.8 307.6 24.5 23.6
6.733333 2 328.5 307.9 25.3 24.3
6.766667 2 329.1 309.5 24.6 23.6
6.800000 2 328.8 309.6 25.6 24.7
6.833333 2 329.1 310.7 25.6 24.6
6.866667 2 329.3 311.1 26.3 25.3
6.900000 2 329.7 311.7 25.5 24.6
6.933333 2 330.4 312.7 25.6 24.7
6.966667 2 330.7 313.1 26.3 25.3
7.000000 2 332.0 314.3 24.7 23.8
7.033333 2 332.3 314.0 26.3 25.4
7.066667 2 333.0 314.7 25.6 24.6
7.100000 2 334.4 315.3 25.4 24.4
7.133333 2 334.8 315.3 25.5 24.5
7.166667 2 335.8 315.2 25.8 24.8
7.200000 2 336.9 315.1 26.1 25.1
7.233333 2 337.6 315.1 26.1 25.1
7.266667 2 339.6 315.4 25.0 24.1
7.300000 2 340.3 315.1 25.0 24.0
7.333333 2 341.4 314.1 26.2 25.2
7.366667 2 342.6 314.5 24.9 24.0
7.400000 2 343.8 313.2 25.9 25.0
7.433333 2 345.2 313.4 24.5 23.6
7.466667 2 346.8 311.5 25.8 24.8
7.500000 2 348.4 310.2 26.1 25.1
7.533333 2 349.4 309.6 25.7 24.8
7.566667 2 350.6 308.1 26.2 25.3
7.600000 2 352.7 307.6 24.2 23.2
7.633333 2 353.6 306.7 24.0 23.1
7.666667 2 354.0 304.5 25.2 24.2
7.700000 2 355.1 302.4 25.5 24.5
7.733333 2 355.3 301.3 25.8 24.8
7.766667 2 357.3 299.9 23.9 22.9
7.800000 2 357.4 298.8 23.9 23.0
7.833333 2 357.7 296.3 24.4 23.5
7.866667 2 358.8 293.9 23.7 22.8
7.900000 2 358.4 292.1 24.7 23.8
7.933333 2 359.3 289.8 23.9 23.0
7.966667 2 358.7 287.6 25.3 24.4
8.000000 2 359.0 284.7 25.2 24.3
8.033333 2 359.5 283.8 24.1 23.2
8.066667 2 359.6 280.9 23.9 23.0
8.100000 2 358.8 278.6 25.5 24.5
8.133333 2 359.4 275.8 24.1 23.2
8.166667 2 358.7 273.4 25.7 24.7
8.200000 2 359.6 270.8 23.8 22.9
8.233333 2 359.1 268.6 24.7 23.8
8.266667 2 358.5 264.3 26.0 25.0
8.300000 2 359.0 263.0 25.0 24.0
8.333333 2 359.5 259.8 23.9 23.0
8.366667 2 359.5 257.7 24.0 23.1
8.400000 2 359.0 253.5 25.0 24.1
8.433333 2 358.8 249.4 25.8 24.9
8.466667 2 359.6 246.8 24.2 23.2
8.500000 2 358.9 244.5 25.7 24.8
8.533333 2 359.2 241.3 25.6 24.7
8.566667 2 360.1 240.7 24.2 23.2
8.600000 2 359.7 237.4 25.3 24.4
8.633333 2 360.3 236.7 24.0 23.1
8.666667 2 360.9 234.8 23.9 22.9
8.700000 2 360.9 233.8 23.9 23.0
8.733333 2 361.0 231.6 24.7 23.8
8.766667 2 361.2 229.9 25.1 24.2
8.800000 2 361.8 229.9 23.8 22.9
8.833333 2 362.1 228.8 24.0 23.0
8.866667 2 361.6 227.5 25.7 24.8
8.900000 2 362.9 227.6 24.2 23.2
8.933333 2 362.2 226.6 25.6 24.6
8.966667 2 363.3 226.8 24.3 23.4
9.000000 2 363.3 226.8 24.3 23.3
9.033333 2 364.0 226.8 23.8 22.8
9.066667 2 363.7 225.7 25.4 24.4
9.100000 2 363.7 225.6 25.5 24.6
9.133333 2 364.4 225.6 25.0 24.1
9.166667 2 364.7 225.7 24.5 23.6
9.200000 2 365.2 225.6 24.1 23.2
9.233333 2 364.8 225.0 25.0 24.1
9.266667 2 365.5 224.7 24.1 23.2
9.300000 2 365.1 223.4 25.3 24.4
9.333333 2 365.7 223.7 24.2 23.3
9.366667 2 365.7 222.6 24.3 23.4
9.400000 2 365.0 221.3 25.9 25.0
9.433333 2 365.3 220.4 25.3 24.3
9.466667 2 365.4 220.1 24.9 23.9
9.500000 2 364.7 218.4 25.8 24.9
9.533333 2 365.2 218.2 24.7 23.8
9.566667 2 364.3 216.3 25.9 24.9
9.600000 2 364.4 216.0 25.1 24.1
9.633333 2 363.5 214.4 25.4 24.5
9.666667 2 363.1 213.5 25.6 24.7
9.700000 2 363.2 212.6 24.3 23.4
9.733333 2 363.0 211.6 24.6 23.6
9.766667 2 361.5 209.6 25.5 24.6
9.800000 2 361.3 209.4 24.4 23.5
9.833333 2 359.8 207.4 25.5 24.5
9.866667 2 359.3 206.9 25.1 24.2
9.900000 2 358.4 205.6 24.7 23.8
9.933333 2 357.0 204.6 24.3 23.4
9.966667 2 356.0 203.6 24.9 23.9
10.000000 2 354.3 202.7 24.6 23.7
10.033333 2 352.7 201.7 24.2 23.3
10.066667 2 351.1 200.6 25.5 24.6
10.100000 2 349.1 199.5 25.5 24.5
10.133333 2 346.7 198.5 25.5 24.5
10.166667 2 346.1 198.7 24.2 23.2
10.200000 2 343.6 197.8 24.1 23.1
10.233333 2 341.7 196.6 25.4 24.5
10.266667 2 338.8 195.6 25.1 24.2
10.300000 2 337.3 195.0 25.0 24.0
10.333333 2 334.1 193.6 25.4 24.4
10.366667 2 332.9 193.7 24.1 23.1
10.400000 2 328.8 191.6 25.3 24.4
10.433333 2 327.2 190.9 25.1 24.1
10.466667 2 323.9 189.8 24.3 23.3
10.500000 2 321.4 188.4 25.5 24.5
10.533333 2 317.5 186.4 25.7 24.8
10.566667 2 315.7 185.5 25.7 24.7
10.600000 2 311.9 183.5 25.1 24.2
10.633333 2 309.0 181.8 24.0 23.0
10.666667 2 304.6 178.5 25.6 24.7
10.700000 2 303.4 177.7 24.5 23.5
10.733333 2 299.7 174.5 25.4 24.5
10.766667 2 298.7 173.9 23.9 23.0
10.800000 2 295.9 170.9 23.8 22.9
10.833333 2 293.7 168.4 25.6 24.6
10.866667 2 291.7 165.8 24.0 23.1
10.900000 2 288.6 161.5 25.3 24.3
10.933333 2 287.8 159.9 25.0 24.1
