0.000000 2 237.0 342.0 24.0 29.0
0.033333 2 239.7 343.0 24.7 28.8
0.066667 2 242.5 344.0 25.5 28.5
0.100000 2 245.2 345.0 26.2 28.3
0.133333 2 248.0 346.0 27.0 28.0
0.166667 2 251.8 347.2 26.5 27.5
0.200000 2 255.6 348.4 26.0 27.0
0.233333 2 259.4 349.6 25.5 26.5
0.266667 2 263.2 350.8 25.0 26.0
0.300000 2 267.0 352.0 24.5 25.5
0.333333 2 270.8 353.2 24.0 25.0
0.366667 2 274.6 354.4 23.5 24.5
0.400000 2 278.4 355.6 23.0 24.0
0.433333 2 282.2 356.8 22.5 23.5
0.466667 2 286.0 358.0 22.0 23.0
0.500000 2 288.8 358.7 22.2 23.1
0.533333 2 291.6 359.3 22.4 23.1
0.566667 2 294.4 360.0 22.6 23.2
0.600000 2 297.2 360.7 22.8 23.3
0.633333 2 300.0 361.3 23.0 23.3
0.666667 2 302.8 362.0 23.2 23.4
0.700000 2 305.6 362.7 23.4 23.5
0.733333 2 308.4 363.3 23.6 23.5
0.766667 2 311.2 364.0 23.8 23.6
0.800000 2 314.0 364.7 24.0 23.7
0.833333 2 316.8 365.3 24.2 23.7
0.866667 2 319.6 366.0 24.4 23.8
0.900000 2 322.4 366.7 24.6 23.9
0.933333 2 325.2 367.3 24.8 23.9
0.966667 2 328.0 368.0 25.0 24.0
1.000000 2 330.4 368.8 24.3 23.3
1.033333 2 332.9 369.6 23.7 22.7
1.066667 2 335.3 370.3 23.0 22.0
1.100000 2 337.8 371.1 22.3 21.3
1.133333 2 340.2 371.9 21.7 20.7
1.166667 2 342.7 372.7 21.0 20.0
1.200000 2 345.1 373.4 20.3 19.3
1.233333 2 347.6 374.2 19.7 18.7
1.266667 2 350.0 375.0 19.0 18.0
1.300000 2 351.4 375.3 19.4 18.4
1.333333 2 352.9 375.6 19.9 18.9
1.366667 2 354.3 375.9 20.3 19.3
1.400000 2 355.7 376.1 20.7 19.7
1.433333 2 357.1 376.4 21.1 20.1
1.466667 2 358.6 376.7 21.6 20.6
1.500000 2 360.0 377.0 22.0 21.0
1.533333 2 360.1 377.4 21.9 20.9
1.566667 2 360.2 377.7 21.8 20.8
1.600000 2 360.3 378.1 21.7 20.7
1.633333 2 360.4 378.5 21.6 20.6
1.666667 2 360.5 378.8 21.5 20.5
1.700000 2 360.5 379.2 21.5 20.5
1.733333 2 360.6 379.5 21.4 20.4
1.766667 2 360.7 379.9 21.3 20.3
1.800000 2 360.8 380.3 21.2 20.2
1.833333 2 360.9 380.6 21.1 20.1
1.866667 2 361.0 381.0 21.0 20.0
1.900000 2 360.3 381.7 21.7 19.7
1.933333 2 359.7 382.3 22.3 19.3
1.966667 2 359.0 383.0 23.0 19.0
2.000000 2 358.3 383.7 23.7 18.7
2.033333 2 357.7 384.3 24.3 18.3
2.066667 2 357.0 385.0 25.0 18.0
2.100000 2 356.3 385.3 24.8 18.1
2.133333 2 355.6 385.6 24.6 18.2
2.166667 2 354.9 385.9 24.4 18.3
2.200000 2 354.2 386.2 24.2 18.4
2.233333 2 353.5 386.5 24.0 18.5
2.266667 2 352.8 386.8 23.8 18.6
2.300000 2 352.1 387.1 23.6 18.7
2.333333 2 351.4 387.4 23.4 18.8
2.366667 2 350.7 387.7 23.2 18.9
2.400000 2 350.0 388.0 23.0 19.0
2.433333 2 349.3 388.3 22.8 19.1
2.466667 2 348.6 388.6 22.6 19.2
2.500000 2 347.9 388.9 22.4 19.3
2.533333 2 347.2 389.2 22.2 19.4
2.566667 2 346.5 389.5 22.0 19.5
2.600000 2 345.8 389.8 21.8 19.6
2.633333 2 345.1 390.1 21.6 19.7
2.666667 2 344.4 390.4 21.4 19.8
2.700000 2 343.7 390.7 21.2 19.9
2.733333 2 343.0 391.0 21.0 20.0
2.766667 2 341.9 391.3 20.8 20.0
2.800000 2 340.9 391.6 20.6 20.0
2.833333 2 339.8 391.9 20.5 20.0
2.866667 2 338.8 392.2 20.3 20.0
2.900000 2 337.7 392.5 20.1 20.0
2.933333 2 336.6 392.8 19.9 20.0
2.966667 2 335.6 393.1 19.8 20.0
3.000000 2 334.5 393.4 19.6 20.0
3.033333 2 333.5 393.6 19.4 20.0
3.066667 2 332.4 393.9 19.2 20.0
3.100000 2 331.4 394.2 19.1 20.0
3.133333 2 330.3 394.5 18.9 20.0
3.166667 2 329.2 394.8 18.7 20.0
3.200000 2 328.2 395.1 18.5 20.0
3.233333 2 327.1 395.4 18.4 20.0
3.266667 2 326.1 395.7 18.2 20.0
3.300000 2 325.0 396.0 18.0 20.0
3.333333 2 323.6 396.2 18.5 20.2
3.366667 2 322.3 396.4 19.1 20.4
3.400000 2 320.9 396.5 19.6 20.5
3.433333 2 319.5 396.7 20.2 20.7
3.466667 2 318.2 396.9 20.7 20.9
3.500000 2 316.8 397.1 21.3 21.1
3.533333 2 315.5 397.3 21.8 21.3
3.566667 2 314.1 397.5 22.4 21.5
3.600000 2 312.7 397.6 22.9 21.6
3.633333 2 311.4 397.8 23.5 21.8
3.666667 2 310.0 398.0 24.0 22.0
3.700000 2 309.1 398.5 23.8 21.8
3.733333 2 308.2 399.1 23.5 21.7
3.766667 2 307.2 399.6 23.3 21.5
3.800000 2 306.3 400.2 23.1 21.4
3.833333 2 305.4 400.7 22.8 21.2
3.866667 2 304.5 401.2 22.6 21.1
3.900000 2 303.5 401.8 22.4 20.9
3.933333 2 302.6 402.3 22.2 20.8
3.966667 2 301.7 402.8 21.9 20.6
4.000000 2 300.8 403.4 21.7 20.5
4.033333 2 299.8 403.9 21.5 20.3
4.066667 2 298.9 404.5 21.2 20.2
4.100000 2 298.0 405.0 21.0 20.0
4.133333 2 297.0 405.3 21.5 20.0
4.166667 2 296.0 405.7 22.0 20.0
4.200000 2 295.0 406.0 22.5 20.0
4.233333 2 294.0 406.3 23.0 20.0
4.266667 2 293.0 406.7 23.5 20.0
4.300000 2 292.0 407.0 24.0 20.0
4.333333 2 291.0 407.3 24.5 20.0
4.366667 2 290.0 407.7 25.0 20.0
4.400000 2 289.0 408.0 25.5 20.0
4.433333 2 288.0 408.3 26.0 20.0
4.466667 2 287.0 408.7 26.5 20.0
4.500000 2 286.0 409.0 27.0 20.0
4.533333 2 285.1 409.5 27.2 19.9
4.566667 2 284.1 409.9 27.4 19.7
4.600000 2 283.2 410.4 27.6 19.6
4.633333 2 282.3 410.9 27.8 19.5
4.666667 2 281.3 411.3 28.0 19.3
4.700000 2 280.4 411.8 28.2 19.2
4.733333 2 279.5 412.3 28.4 19.1
4.766667 2 278.5 412.7 28.6 18.9
4.800000 2 277.6 413.2 28.8 18.8
4.833333 2 276.7 413.7 29.0 18.7
4.866667 2 275.7 414.1 29.2 18.5
4.900000 2 274.8 414.6 29.4 18.4
4.933333 2 273.9 415.1 29.6 18.3
4.966667 2 272.9 415.5 29.8 18.1
5.000000 2 272.0 416.0 30.0 18.0
5.033333 2 271.5 416.4 29.5 17.9
5.066667 2 271.0 416.9 29.0 17.9
5.100000 2 270.5 417.3 28.5 17.8
5.133333 2 270.0 417.8 28.0 17.8
5.166667 2 269.5 418.2 27.5 17.7
5.200000 2 269.0 418.7 27.0 17.7
5.233333 2 268.5 419.1 26.5 17.6
5.266667 2 268.0 419.6 26.0 17.6
5.300000 2 267.5 420.0 25.5 17.5
5.333333 2 267.0 420.4 25.0 17.4
5.366667 2 266.5 420.9 24.5 17.4
5.400000 2 266.0 421.3 24.0 17.3
5.433333 2 265.5 421.8 23.5 17.3
5.466667 2 265.0 422.2 23.0 17.2
5.500000 2 264.5 422.7 22.5 17.2
5.533333 2 264.0 423.1 22.0 17.1
5.566667 2 263.5 423.6 21.5 17.1
5.600000 2 263.0 424.0 21.0 17.0
5.633333 2 262.8 424.3 20.7 16.9
5.666667 2 262.5 424.6 20.4 16.8
5.700000 2 262.3 424.9 20.1 16.8
5.733333 2 262.1 425.2 19.8 16.7
5.766667 2 261.8 425.5 19.5 16.6
5.800000 2 261.6 425.8 19.2 16.5
5.833333 2 261.4 426.2 18.8 16.5
5.866667 2 261.2 426.5 18.5 16.4
5.900000 2 260.9 426.8 18.2 16.3
5.933333 2 260.7 427.1 17.9 16.2
5.966667 2 260.5 427.4 17.6 16.2
6.000000 2 260.2 427.7 17.3 16.1
6.033333 2 260.0 428.0 17.0 16.0
6.066667 2 259.7 428.0 17.0 16.4
6.100000 2 259.3 428.0 17.0 16.8
6.133333 2 259.0 428.0 17.0 17.2
6.166667 2 258.7 428.0 17.0 17.7
6.200000 2 258.3 428.0 17.0 18.1
6.233333 2 258.0 428.0 17.0 18.5
6.266667 2 257.7 428.0 17.0 18.9
6.300000 2 257.3 428.0 17.0 19.3
6.333333 2 257.0 428.0 17.0 19.7
6.366667 2 256.7 428.0 17.0 20.2
6.400000 2 256.3 428.0 17.0 20.6
6.433333 2 256.0 428.0 17.0 21.0
6.466667 2 255.9 427.8 17.1 21.2
6.500000 2 255.8 427.6 17.2 21.4
6.533333 2 255.7 427.5 17.3 21.5
6.566667 2 255.6 427.3 17.4 21.7
6.600000 2 255.5 427.1 17.5 21.9
6.633333 2 255.5 426.9 17.5 22.1
6.666667 2 255.4 426.7 17.6 22.3
6.700000 2 255.3 426.5 17.7 22.5
6.733333 2 255.2 426.4 17.8 22.6
6.766667 2 255.1 426.2 17.9 22.8
6.800000 2 255.0 426.0 18.0 23.0
6.833333 2 255.2 425.2 17.8 22.8
6.866667 2 255.4 424.4 17.6 22.6
6.900000 2 255.5 423.5 17.5 22.5
6.933333 2 255.7 422.7 17.3 22.3
6.966667 2 255.9 421.9 17.1 22.1
7.000000 2 256.1 421.1 16.9 21.9
7.033333 2 256.3 420.3 16.7 21.7
7.066667 2 256.5 419.5 16.5 21.5
7.100000 2 256.6 418.6 16.4 21.4
7.133333 2 256.8 417.8 16.2 21.2
7.166667 2 257.0 417.0 16.0 21.0
7.200000 2 257.2 415.2 15.7 20.8
7.233333 2 257.3 413.3 15.3 20.7
7.266667 2 257.5 411.5 15.0 20.5
7.300000 2 257.7 409.7 14.7 20.3
7.333333 2 257.8 407.8 14.3 20.2
7.366667 2 258.0 406.0 14.0 20.0
7.400000 2 258.0 404.6 14.2 20.2
7.433333 2 258.0 403.2 14.5 20.3
7.466667 2 258.0 401.8 14.8 20.5
7.500000 2 258.0 400.3 15.0 20.7
7.533333 2 258.0 398.9 15.2 20.8
7.566667 2 258.0 397.5 15.5 21.0
7.600000 2 258.0 396.1 15.8 21.2
7.633333 2 258.0 394.7 16.0 21.3
7.666667 2 258.0 393.3 16.2 21.5
7.700000 2 258.0 391.8 16.5 21.7
7.733333 2 258.0 390.4 16.8 21.8
7.766667 2 258.0 389.0 17.0 22.0
7.800000 2 258.3 387.0 17.3 22.8
7.833333 2 258.7 385.0 17.7 23.7
7.866667 2 259.0 383.0 18.0 24.5
7.900000 2 259.3 381.0 18.3 25.3
7.933333 2 259.7 379.0 18.7 26.2
7.966667 2 260.0 377.0 19.0 27.0
8.000000 2 260.3 377.0 18.8 26.3
8.033333 2 260.5 377.0 18.6 25.5
8.066667 2 260.8 377.0 18.5 24.8
8.100000 2 261.1 377.0 18.3 24.1
8.133333 2 261.4 377.0 18.1 23.4
8.166667 2 261.6 377.0 17.9 22.6
8.200000 2 261.9 377.0 17.7 21.9
8.233333 2 262.2 377.0 17.5 21.2
8.266667 2 262.5 377.0 17.4 20.5
8.300000 2 262.7 377.0 17.2 19.7
8.333333 2 263.0 377.0 17.0 19.0
8.366667 2 263.3 377.1 17.1 19.0
8.400000 2 263.7 377.2 17.2 19.0
8.433333 2 264.0 377.3 17.3 19.0
8.466667 2 264.3 377.4 17.4 19.0
8.500000 2 264.7 377.6 17.6 19.0
8.533333 2 265.0 377.7 17.7 19.0
8.566667 2 265.3 377.8 17.8 19.0
8.600000 2 265.7 377.9 17.9 19.0
8.633333 2 266.0 378.0 18.0 19.0
8.666667 2 266.4 378.2 18.0 19.0
8.700000 2 266.9 378.3 17.9 18.9
8.733333 2 267.3 378.5 17.9 18.9
8.766667 2 267.7 378.7 17.8 18.8
8.800000 2 268.2 378.9 17.8 18.8
8.833333 2 268.6 379.0 17.7 18.7
8.866667 2 269.0 379.2 17.7 18.7
8.900000 2 269.5 379.4 17.7 18.7
8.933333 2 269.9 379.6 17.6 18.6
8.966667 2 270.3 379.7 17.6 18.6
9.000000 2 270.8 379.9 17.5 18.5
9.033333 2 271.2 380.1 17.5 18.5
9.066667 2 271.7 380.3 17.4 18.4
9.100000 2 272.1 380.4 17.4 18.4
9.133333 2 272.5 380.6 17.3 18.3
9.166667 2 273.0 380.8 17.3 18.3
9.200000 2 273.4 381.0 17.3 18.3
9.233333 2 273.8 381.1 17.2 18.2
9.266667 2 274.3 381.3 17.2 18.2
9.300000 2 274.7 381.5 17.1 18.1
9.333333 2 275.1 381.7 17.1 18.1
9.366667 2 275.6 381.8 17.0 18.0
9.400000 2 276.0 382.0 17.0 18.0
9.433333 2 276.5 382.1 17.1 18.0
9.466667 2 277.0 382.1 17.1 18.1
9.500000 2 277.6 382.2 17.2 18.1
9.533333 2 278.1 382.3 17.3 18.1
9.566667 2 278.6 382.4 17.4 18.2
9.600000 2 279.1 382.4 17.4 18.2
9.633333 2 279.6 382.5 17.5 18.3
9.666667 2 280.1 382.6 17.6 18.3
9.700000 2 280.7 382.7 17.7 18.3
9.733333 2 281.2 382.7 17.7 18.4
9.766667 2 281.7 382.8 17.8 18.4
9.800000 2 282.2 382.9 17.9 18.4
9.833333 2 282.7 383.0 18.0 18.5
9.866667 2 283.3 383.0 18.0 18.5
9.900000 2 283.8 383.1 18.1 18.6
9.933333 2 284.3 383.2 18.2 18.6
9.966667 2 284.8 383.3 18.3 18.6
10.000000 2 285.3 383.3 18.3 18.7
10.033333 2 285.9 383.4 18.4 18.7
10.066667 2 286.4 383.5 18.5 18.7
10.100000 2 286.9 383.6 18.6 18.8
10.133333 2 287.4 383.6 18.6 18.8
10.166667 2 287.9 383.7 18.7 18.9
10.200000 2 288.4 383.8 18.8 18.9
10.233333 2 289.0 383.9 18.9 18.9
10.266667 2 289.5 383.9 18.9 19.0
10.300000 2 290.0 384.0 19.0 19.0
10.333333 2 290.6 384.1 19.0 18.9
10.366667 2 291.2 384.2 19.0 18.8
10.400000 2 291.8 384.3 19.0 18.7
10.433333 2 292.3 384.3 19.0 18.7
10.466667 2 292.9 384.4 19.0 18.6
10.500000 2 293.5 384.5 19.0 18.5
10.533333 2 294.1 384.6 19.0 18.4
10.566667 2 294.7 384.7 19.0 18.3
10.600000 2 295.3 384.8 19.0 18.2
10.633333 2 295.8 384.8 19.0 18.2
10.666667 2 296.4 384.9 19.0 18.1
10.700000 2 297.0 385.0 19.0 18.0
