0.000000 2 323.8 9.4 36.1 32.7
0.033333 2 329.2 15.0 29.3 25.6
0.066667 2 331.6 17.0 26.7 23.2
0.100000 2 333.5 18.9 27.0 23.2
0.133333 2 335.6 20.3 26.8 23.1
0.166667 2 336.7 21.3 26.5 23.0
0.200000 2 338.1 22.4 27.8 23.5
0.233333 2 339.0 22.6 27.8 24.4
0.266667 2 337.1 20.4 35.5 31.4
0.300000 2 342.4 25.7 27.5 23.5
0.333333 2 343.8 26.5 26.6 22.8
0.366667 2 342.3 24.7 31.1 27.7
0.400000 2 345.7 27.9 27.0 23.5
0.433333 2 344.4 26.4 32.3 28.8
0.466667 2 347.0 29.2 28.4 24.5
0.500000 2 347.8 29.8 29.0 25.2
0.533333 2 346.3 27.9 33.1 29.8
0.566667 2 346.5 28.3 34.5 31.2
0.600000 2 349.1 31.4 30.6 27.0
0.633333 2 347.9 30.3 33.8 30.3
0.666667 2 350.9 34.3 28.8 24.1
0.700000 2 351.0 34.1 28.7 25.1
0.733333 2 352.5 35.9 26.8 23.1
0.766667 2 353.2 36.6 25.7 22.2
0.800000 2 352.7 36.9 27.0 23.2
0.833333 2 353.1 37.4 26.2 22.7
0.866667 2 352.2 37.6 28.0 23.4
0.900000 2 352.7 37.9 27.1 23.0
0.933333 2 353.4 38.9 25.2 21.6
0.966667 2 352.5 38.6 26.7 22.7
1.000000 2 351.1 38.4 28.4 23.7
1.033333 2 351.6 39.4 26.9 21.7
1.066667 2 350.2 38.7 28.2 23.3
1.100000 2 349.9 39.5 26.6 21.9
1.133333 2 348.2 38.2 29.2 24.4
1.166667 2 345.9 37.1 31.3 26.5
1.200000 2 345.7 37.3 30.2 25.7
1.233333 2 347.2 40.4 23.6 19.3
1.266667 2 345.9 39.9 24.2 20.1
1.300000 2 343.8 39.5 24.3 20.4
1.333333 2 343.0 39.8 23.9 19.6
1.366667 2 338.5 37.8 28.6 23.2
1.400000 2 335.4 34.8 32.4 28.3
1.433333 2 336.8 38.6 24.3 20.0
1.466667 2 334.0 38.7 24.2 19.0
1.500000 2 329.9 34.8 29.8 26.0
1.533333 2 323.7 31.4 36.1 32.1
1.566667 2 325.6 36.7 25.1 20.7
1.600000 2 319.1 31.1 34.9 31.1
1.633333 2 318.9 34.9 28.1 23.0
1.666667 2 316.2 34.9 25.7 21.6
1.700000 2 311.6 34.2 26.9 22.0
1.733333 2 309.6 33.5 27.0 22.8
1.766667 2 303.7 31.3 31.4 26.1
1.800000 2 301.5 30.2 31.9 27.4
1.833333 2 293.7 26.0 40.0 35.0
1.866667 2 291.3 26.4 37.2 32.7
1.900000 2 291.0 28.0 33.8 29.0
1.933333 2 290.6 28.7 30.7 26.4
1.966667 2 286.2 27.7 32.5 27.6
2.000000 2 283.5 27.4 30.8 26.6
2.033333 2 282.4 28.1 29.7 24.7
2.066667 2 279.3 27.1 29.4 25.2
2.100000 2 273.2 22.5 39.0 33.8
2.133333 2 270.4 21.7 38.5 34.0
2.166667 2 273.4 26.2 29.4 24.6
2.200000 2 270.2 25.9 30.2 25.2
2.233333 2 268.6 25.6 30.6 25.7
2.266667 2 265.8 26.1 31.0 26.0
2.300000 2 265.8 27.6 28.6 23.8
2.333333 2 259.0 24.2 37.7 33.3
2.366667 2 260.5 30.1 29.6 25.0
2.400000 2 260.2 31.9 27.8 23.4
2.433333 2 257.6 34.3 28.8 23.7
2.466667 2 255.6 36.6 28.8 24.5
2.500000 2 253.9 37.9 30.2 24.8
2.533333 2 252.2 41.1 30.0 24.4
2.566667 2 247.6 41.0 35.9 31.1
2.600000 2 247.0 43.0 35.9 30.5
2.633333 2 244.8 48.3 35.6 30.4
2.666667 2 247.0 54.8 28.3 23.9
2.700000 2 245.6 57.8 28.7 24.2
2.733333 2 241.4 55.8 36.5 31.3
2.766667 2 240.5 58.7 36.7 31.4
2.800000 2 243.6 63.3 29.3 24.8
2.833333 2 239.5 62.2 36.8 31.7
2.866667 2 240.4 64.7 34.2 29.0
2.900000 2 242.2 68.9 30.0 24.6
2.933333 2 242.2 70.0 30.0 24.5
2.966667 2 242.7 71.6 29.0 24.4
3.000000 2 242.6 72.5 29.1 24.1
3.033333 2 240.7 71.2 33.7 29.0
3.066667 2 242.9 74.1 30.1 25.4
3.100000 2 239.7 70.9 38.2 33.6
3.133333 2 243.1 74.7 31.6 26.6
3.166667 2 244.3 75.4 31.4 26.7
3.200000 2 244.9 76.3 32.2 26.2
3.233333 2 247.8 78.0 28.6 23.8
3.266667 2 244.9 74.2 37.8 32.7
3.300000 2 246.2 74.6 36.9 32.3
3.333333 2 251.1 78.8 30.4 25.5
3.366667 2 250.3 76.7 36.6 31.5
3.400000 2 250.5 75.7 38.5 34.1
3.433333 2 257.1 81.0 29.9 25.4
3.466667 2 256.8 80.7 33.0 27.2
3.500000 2 260.2 81.9 32.2 26.6
3.533333 2 262.5 82.5 33.6 27.6
3.566667 2 265.4 83.5 31.2 26.6
3.600000 2 267.3 83.6 34.3 29.1
3.633333 2 271.2 86.0 29.9 25.3
3.666667 2 273.6 86.0 32.7 27.9
3.700000 2 277.1 87.3 33.8 28.3
3.733333 2 279.2 88.1 33.6 28.1
3.766667 2 284.3 90.3 31.4 26.9
3.800000 2 285.9 90.9 32.1 27.2
3.833333 2 290.9 92.7 30.6 26.2
3.866667 2 291.8 92.4 33.1 28.7
3.900000 2 297.1 95.3 31.9 26.0
3.933333 2 299.4 96.3 31.7 26.0
3.966667 2 305.7 98.6 28.7 24.4
4.000000 2 303.4 94.8 38.5 33.6
4.033333 2 308.5 97.0 38.3 33.0
4.066667 2 314.8 102.0 30.6 24.8
4.100000 2 319.2 102.5 32.2 27.1
4.133333 2 321.5 100.6 38.9 34.4
4.166667 2 328.0 105.7 30.6 26.0
4.200000 2 330.3 104.3 37.3 32.6
4.233333 2 339.0 110.2 30.4 24.6
4.266667 2 339.6 106.8 40.5 34.8
4.300000 2 345.7 110.8 33.5 28.4
4.333333 2 351.8 112.9 32.3 27.6
4.366667 2 350.8 110.0 40.0 35.1
4.400000 2 360.5 116.7 31.2 25.4
4.433333 2 361.8 114.3 39.8 34.0
4.466667 2 368.3 119.0 31.9 26.6
4.500000 2 371.7 118.0 36.3 31.8
4.533333 2 380.4 123.2 29.6 25.3
4.566667 2 382.2 123.2 31.5 27.3
4.600000 2 388.9 126.8 28.4 24.1
4.633333 2 389.6 125.5 32.8 28.6
4.666667 2 396.1 129.1 29.8 25.6
4.700000 2 396.3 127.4 35.2 31.1
4.733333 2 401.0 129.9 35.8 30.7
4.766667 2 407.4 132.9 33.0 29.3
4.800000 2 409.7 133.9 33.5 29.7
4.833333 2 415.5 137.9 31.6 26.6
4.866667 2 413.4 133.9 40.9 37.1
4.900000 2 421.8 141.1 33.2 28.2
4.933333 2 426.0 142.8 33.8 30.2
4.966667 2 429.7 146.5 30.8 25.5
5.000000 2 433.9 149.0 30.7 26.2
5.033333 2 436.2 150.5 30.2 26.1
5.066667 2 440.5 154.2 29.4 24.4
5.100000 2 443.4 156.1 27.4 23.4
5.133333 2 442.4 154.0 37.0 33.5
5.166667 2 444.5 156.6 36.1 31.1
5.200000 2 445.9 157.7 39.7 35.0
5.233333 2 450.8 162.1 35.5 31.7
5.266667 2 452.6 164.1 34.6 30.7
5.300000 2 457.5 170.0 29.5 25.0
5.333333 2 458.4 170.7 29.8 25.8
5.366667 2 460.1 173.4 30.5 26.4
5.400000 2 462.9 178.0 28.4 22.8
5.433333 2 460.0 174.9 37.7 33.9
5.466667 2 464.2 181.1 31.5 26.6
5.500000 2 464.5 181.6 32.0 28.0
5.533333 2 467.9 187.7 26.5 21.5
5.566667 2 465.2 185.2 32.7 28.8
5.600000 2 468.4 191.2 27.0 22.0
5.633333 2 469.1 193.0 25.9 20.9
5.666667 2 469.6 195.6 24.9 20.5
5.700000 2 469.9 198.7 24.3 19.9
5.733333 2 470.0 199.9 24.2 19.9
5.766667 2 467.2 200.4 29.3 24.0
5.800000 2 468.5 204.4 25.0 20.8
5.833333 2 466.4 205.9 27.8 23.3
5.866667 2 466.6 207.5 26.5 22.3
5.900000 2 466.3 211.6 25.1 19.8
5.933333 2 463.9 210.4 29.0 24.9
5.966667 2 464.8 215.6 24.7 20.2
6.000000 2 460.7 214.0 31.6 26.5
6.033333 2 462.3 220.2 25.4 20.3
6.066667 2 461.4 221.0 25.7 21.3
6.100000 2 458.3 222.3 29.0 24.8
6.133333 2 458.8 227.9 24.3 19.8
6.166667 2 456.6 228.8 26.7 21.2
6.200000 2 455.2 232.5 25.4 19.9
6.233333 2 453.1 235.4 25.6 20.1
6.266667 2 452.1 236.3 25.4 21.1
6.300000 2 445.9 235.1 33.4 29.1
6.333333 2 448.3 240.8 26.0 20.9
6.366667 2 447.4 244.7 23.0 18.5
6.400000 2 444.4 244.6 26.8 21.7
6.433333 2 441.9 247.8 26.6 21.3
6.466667 2 435.5 254.2 26.5 21.8
6.500000 2 433.3 255.1 28.3 22.6
6.533333 2 429.5 257.0 30.5 24.7
6.566667 2 429.8 259.7 27.2 21.4
6.600000 2 425.8 260.5 29.8 25.1
6.633333 2 426.7 264.2 25.2 20.8
6.666667 2 421.3 263.8 30.9 26.3
6.700000 2 422.2 270.3 23.3 19.0
6.733333 2 416.6 267.1 32.1 27.7
6.766667 2 417.7 273.6 24.2 20.1
6.800000 2 413.0 271.5 31.3 26.9
6.833333 2 413.5 277.3 24.7 20.5
6.866667 2 410.9 277.2 27.0 23.2
6.900000 2 408.9 280.7 25.8 21.7
6.933333 2 404.1 278.0 33.1 29.2
6.966667 2 404.3 284.0 27.0 22.3
7.000000 2 400.5 282.7 32.1 27.1
7.033333 2 399.8 286.6 28.1 23.7
7.066667 2 397.2 286.3 30.7 26.2
7.100000 2 395.6 289.5 28.3 23.4
7.133333 2 395.2 291.4 26.0 21.4
7.166667 2 389.7 289.6 32.1 28.5
7.200000 2 391.1 293.3 26.5 22.6
7.233333 2 385.5 292.3 32.2 27.6
7.266667 2 385.1 295.9 27.3 23.3
7.300000 2 384.7 298.3 25.0 20.4
7.333333 2 378.3 296.1 32.9 28.0
7.366667 2 378.5 303.6 23.4 18.8
7.400000 2 376.6 304.1 24.5 19.8
7.433333 2 373.2 306.3 25.3 20.2
7.466667 2 369.7 305.2 29.6 25.2
7.500000 2 371.0 309.8 23.8 18.8
7.533333 2 368.2 312.9 23.4 18.4
7.566667 2 365.4 316.1 23.1 18.1
7.600000 2 362.4 319.4 23.0 18.3
7.633333 2 359.1 322.2 23.6 19.2
7.666667 2 355.4 321.8 28.1 23.5
7.700000 2 354.5 327.5 23.0 18.8
7.733333 2 351.7 331.0 22.5 18.0
7.766667 2 347.9 333.9 23.8 19.5
7.800000 2 342.8 334.8 28.0 23.6
7.833333 2 343.1 338.8 24.1 18.9
7.866667 2 340.0 341.9 24.3 19.2
7.900000 2 334.2 338.4 32.8 28.5
7.933333 2 331.2 341.5 32.7 28.6
7.966667 2 331.1 347.6 26.5 22.4
8.000000 2 328.4 350.9 25.8 21.6
8.033333 2 327.8 353.3 24.2 19.6
8.066667 2 323.1 351.6 30.9 25.6
8.100000 2 319.6 354.0 32.0 26.6
8.133333 2 317.0 355.8 31.5 27.6
8.166667 2 316.4 357.8 30.3 26.2
8.200000 2 316.5 363.3 24.7 20.4
8.233333 2 311.6 360.4 32.3 28.2
8.266667 2 312.9 366.9 24.6 20.2
8.300000 2 310.8 368.9 24.6 20.2
8.333333 2 309.3 370.4 25.5 20.1
8.366667 2 307.5 372.4 25.2 20.0
8.400000 2 304.9 371.7 28.9 23.4
8.433333 2 300.7 370.9 34.3 28.8
8.466667 2 302.9 375.6 26.5 22.6
8.500000 2 301.6 376.9 27.0 23.3
8.533333 2 299.0 377.0 29.9 25.9
8.566667 2 295.6 374.4 36.4 32.8
8.600000 2 296.4 377.5 33.0 29.0
8.633333 2 293.6 375.1 38.4 34.7
8.666667 2 297.2 380.0 29.9 26.8
8.700000 2 296.9 380.2 30.2 27.2
8.733333 2 293.5 377.8 36.5 33.4
8.766667 2 293.4 378.2 36.7 33.3
8.800000 2 294.6 380.1 34.0 30.7
8.833333 2 294.9 380.6 33.2 30.2
8.866667 2 295.1 381.8 32.6 28.9
8.900000 2 295.6 382.1 31.6 28.3
8.933333 2 293.1 379.2 37.1 34.7
8.966667 2 292.5 378.3 38.8 36.4
9.000000 2 294.3 380.3 35.2 32.7
9.033333 2 295.5 381.9 33.0 30.0
9.066667 2 296.7 382.7 30.8 28.1
9.100000 2 296.4 382.2 31.8 29.2
9.133333 2 293.2 378.1 39.1 36.7
9.166667 2 294.4 379.2 36.9 34.3
9.200000 2 297.2 382.0 31.9 28.3
9.233333 2 294.6 377.8 38.3 35.6
9.266667 2 297.0 380.0 33.8 30.9
9.300000 2 299.0 382.2 30.0 26.3
9.333333 2 297.2 378.8 35.2 31.5
9.366667 2 300.0 379.9 31.1 27.7
9.400000 2 302.0 381.6 27.6 23.6
9.433333 2 305.2 383.3 23.2 18.4
9.466667 2 304.9 381.4 25.1 20.8
9.500000 2 308.0 382.2 21.4 17.1
9.533333 2 308.6 380.2 23.2 18.9
9.566667 2 310.4 380.4 20.7 16.8
9.600000 2 309.7 377.1 25.1 20.8
9.633333 2 313.1 376.9 21.9 18.2
9.666667 2 312.7 375.2 24.4 20.7
9.700000 2 316.5 376.5 20.4 16.3
9.733333 2 318.1 375.5 21.1 16.7
9.766667 2 318.9 375.5 20.8 16.3
9.800000 2 320.8 375.4 20.9 16.5
9.833333 2 322.0 375.8 19.9 15.7
9.866667 2 321.7 374.2 24.6 20.1
9.900000 2 323.3 375.4 23.0 18.3
9.933333 2 324.2 375.1 25.5 20.8
9.966667 2 324.6 375.1 26.2 21.6
10.000000 2 325.6 375.8 28.3 22.8
10.033333 2 326.6 376.1 27.8 23.5
10.066667 2 330.8 380.3 22.7 18.4
10.100000 2 332.4 381.8 21.4 16.7
10.133333 2 335.0 384.0 19.7 15.4
