0.000000 2 425.6 120.6 31.4 24.4
0.033333 2 425.0 118.0 33.0 29.0
0.066667 2 425.0 118.0 29.0 27.0
0.100000 2 426.0 118.0 27.0 27.0
0.133333 2 426.0 118.0 36.0 35.0
0.166667 2 425.0 118.0 37.0 36.0
0.200000 2 425.0 118.0 36.0 29.0
0.233333 2 430.0 120.0 31.0 27.0
0.266667 2 430.0 120.0 30.0 28.0
0.300000 2 428.0 124.0 32.0 24.0
0.333333 2 428.0 124.0 36.0 30.0
0.366667 2 428.0 124.0 36.0 30.0
0.400000 2 429.0 130.0 33.0 24.0
0.433333 2 429.0 130.0 32.0 22.0
0.466667 2 430.0 129.0 33.0 28.0
0.500000 2 430.0 129.0 32.0 23.0
0.533333 2 431.0 132.0 30.0 21.0
0.566667 2 431.0 132.0 30.0 23.0
0.600000 2 431.0 136.0 31.0 19.0
0.633333 2 431.0 136.0 33.0 25.0
0.666667 2 432.0 136.0 32.0 25.0
0.700000 2 432.0 136.0 24.0 23.0
0.733333 2 436.0 139.0 20.0 20.0
0.766667 2 436.0 139.0 26.0 19.0
0.800000 2 438.0 138.0 24.0 20.0
0.833333 2 439.0 138.0 27.0 25.0
0.866667 2 435.0 139.0 32.0 24.0
0.900000 2 435.0 139.0 33.0 26.0
0.933333 2 435.0 139.0 33.0 28.0
0.966667 2 435.0 139.0 28.0 26.0
1.000000 2 441.0 143.0 22.0 22.0
1.033333 2 441.0 143.0 26.0 23.0
1.066667 2 441.0 145.0 25.0 21.0
1.100000 2 441.0 145.0 26.0 20.0
1.133333 2 441.0 148.0 25.0 17.0
1.166667 2 441.0 148.0 25.0 23.0
1.200000 2 434.0 146.0 32.0 25.0
1.233333 2 435.0 146.0 34.0 32.0
1.266667 2 438.0 149.0 31.0 29.0
1.300000 2 438.0 149.0 35.0 32.0
1.333333 2 442.0 154.0 31.0 27.0
1.366667 2 442.0 154.0 31.0 29.0
1.400000 2 444.0 157.0 29.0 26.0
1.433333 2 444.0 157.0 29.0 27.0
1.466667 2 444.0 163.0 29.0 21.0
1.500000 2 444.0 163.0 28.0 24.0
1.533333 2 444.0 163.0 28.0 24.0
1.566667 2 444.0 163.0 27.0 25.0
1.600000 2 446.0 165.0 25.0 23.0
1.633333 2 446.0 165.0 25.0 26.0
1.666667 2 444.0 171.0 27.0 20.0
1.700000 2 444.0 171.0 26.0 25.0
1.733333 2 444.0 177.0 26.0 19.0
1.766667 2 444.0 177.0 26.0 21.0
1.800000 2 441.0 173.0 28.0 32.0
1.833333 2 441.0 183.0 28.0 22.0
1.866667 2 441.0 183.0 27.0 26.0
1.900000 2 435.0 184.0 33.0 25.0
1.933333 2 435.0 184.0 29.0 24.0
1.966667 2 434.0 190.0 30.0 18.0
2.000000 2 434.0 190.0 28.0 25.0
2.033333 2 433.0 187.0 29.0 28.0
2.066667 2 433.0 187.0 32.0 31.0
2.100000 2 432.0 196.0 33.0 22.0
2.133333 2 432.0 196.0 30.0 27.0
2.166667 2 430.0 198.0 32.0 25.0
2.200000 2 430.0 198.0 34.0 31.0
2.233333 2 432.0 202.0 32.0 27.0
2.266667 2 432.0 202.0 26.0 23.0
2.300000 2 429.0 205.0 29.0 20.0
2.333333 2 429.0 205.0 30.0 25.0
2.366667 2 426.0 206.0 33.0 24.0
2.400000 2 426.0 206.0 31.0 29.0
2.433333 2 426.0 211.0 31.0 24.0
2.466667 2 426.0 211.0 30.0 24.0
2.500000 2 427.0 218.0 29.0 17.0
2.533333 2 427.0 218.0 27.0 21.0
2.566667 2 426.0 216.0 28.0 23.0
2.600000 2 422.0 215.0 35.0 27.0
2.633333 2 422.0 215.0 34.0 29.0
2.666667 2 426.0 219.0 30.0 25.0
2.700000 2 426.0 219.0 30.0 28.0
2.733333 2 423.0 223.0 33.0 24.0
2.766667 2 423.0 223.0 32.0 24.0
2.800000 2 423.0 223.0 32.0 24.0
2.833333 2 424.0 223.0 32.0 24.0
2.866667 2 428.0 223.0 28.0 24.0
2.900000 2 428.0 223.0 28.0 30.0
2.933333 2 426.0 227.0 30.0 26.0
2.966667 2 426.0 227.0 29.0 26.0
3.000000 2 425.0 226.0 30.0 27.0
3.033333 2 425.0 226.0 30.0 33.0
3.066667 2 420.0 226.0 35.0 33.0
3.100000 2 420.0 226.0 35.0 34.0
3.133333 2 422.0 229.0 33.0 31.0
3.166667 2 423.0 231.0 31.0 26.0
3.200000 2 422.0 231.0 30.0 28.0
3.233333 2 423.0 235.0 30.0 23.0
3.266667 2 423.0 234.0 27.0 30.0
3.300000 2 425.0 235.0 24.0 24.0
3.333333 2 424.0 238.0 31.0 27.0
3.366667 2 426.0 239.0 28.0 23.0
3.400000 2 426.0 239.0 25.0 25.0
3.433333 2 425.0 244.0 26.0 20.0
3.466667 2 425.0 244.0 28.0 27.0
3.500000 2 424.0 249.0 29.0 22.0
3.533333 2 424.0 249.0 27.0 21.0
3.566667 2 429.0 249.0 22.0 21.0
3.600000 2 429.0 249.0 21.0 25.0
3.633333 2 423.0 247.0 27.0 27.0
3.666667 2 423.0 247.0 27.0 28.0
3.700000 2 423.0 250.0 27.0 25.0
3.733333 2 423.0 250.0 26.0 29.0
3.766667 2 426.0 255.0 23.0 24.0
3.800000 2 426.0 255.0 24.0 25.0
3.833333 2 425.0 258.0 25.0 22.0
3.866667 2 425.0 258.0 25.0 24.0
3.900000 2 422.0 261.0 28.0 21.0
3.933333 2 423.0 261.0 29.0 26.0
3.966667 2 422.0 260.0 30.0 27.0
4.000000 2 424.0 265.0 27.0 20.0
4.033333 2 422.0 267.0 27.0 19.0
4.066667 2 422.0 270.0 25.0 14.0
4.100000 2 423.0 269.0 20.0 19.0
4.133333 2 420.0 269.0 30.0 22.0
4.166667 2 421.0 271.0 26.0 21.0
4.200000 2 421.0 270.0 20.0 19.0
4.233333 2 418.0 274.0 26.0 20.0
4.266667 2 414.1 276.0 23.8 21.9
4.300000 2 414.1 276.0 23.8 21.9
4.333333 2 414.0 278.6 24.2 22.4
4.366667 2 413.9 280.2 24.2 22.6
4.400000 2 413.9 280.2 24.2 22.6
4.433333 2 413.3 282.5 23.5 22.0
4.466667 2 413.7 283.8 22.8 21.3
4.500000 2 413.6 283.8 22.8 21.3
4.533333 2 413.6 286.1 22.2 20.7
4.566667 2 412.4 288.0 22.8 21.2
4.600000 2 412.5 288.1 22.7 21.0
4.633333 2 411.3 290.3 23.3 21.5
4.666667 2 411.3 292.3 23.3 21.4
4.700000 2 411.2 292.2 23.5 21.6
4.733333 2 411.9 295.9 20.1 18.7
4.766667 2 410.7 295.8 22.1 20.3
4.800000 2 410.7 295.8 22.1 20.3
4.833333 2 409.8 300.3 21.0 19.2
4.866667 2 408.8 300.2 23.1 21.3
4.900000 2 408.7 300.2 23.3 21.4
4.933333 2 408.6 303.9 21.2 19.5
4.966667 2 408.9 305.3 20.4 18.7
5.000000 2 408.8 305.2 20.5 18.8
5.033333 2 406.8 306.7 22.2 20.3
5.066667 2 405.8 308.5 22.4 20.5
5.100000 2 405.8 308.5 22.4 20.5
5.133333 2 405.5 310.3 21.5 20.2
5.166667 2 404.1 311.8 22.3 21.0
5.200000 2 404.1 311.9 22.1 20.8
5.233333 2 404.6 313.7 20.7 19.4
5.266667 2 403.9 314.4 21.4 20.0
5.300000 2 403.7 314.2 21.8 20.4
5.333333 2 401.7 316.9 22.5 21.0
5.366667 2 401.5 316.8 22.9 21.3
5.400000 2 401.6 316.9 22.7 21.2
5.433333 2 398.9 318.0 24.8 23.1
5.466667 2 399.0 318.2 24.5 22.9
5.500000 2 399.0 318.2 24.5 22.8
5.533333 2 398.2 318.8 24.3 22.6
5.566667 2 398.8 319.9 22.1 20.5
5.600000 2 398.6 319.7 22.4 20.8
5.633333 2 397.9 319.9 22.0 20.4
5.666667 2 397.6 319.7 22.5 20.8
5.700000 2 396.9 319.1 23.8 22.0
5.733333 2 395.1 317.5 25.0 23.2
5.766667 2 395.4 316.7 24.6 22.7
5.800000 2 395.2 316.6 25.0 23.1
5.833333 2 394.9 314.7 25.2 23.7
5.866667 2 394.8 313.9 24.2 22.4
5.900000 2 394.7 313.8 24.3 22.6
5.933333 2 392.7 310.0 28.4 26.3
5.966667 2 395.3 310.7 22.7 21.4
6.000000 2 395.3 310.7 22.8 21.4
6.033333 2 394.4 309.2 23.5 22.1
6.066667 2 394.3 309.1 23.8 22.3
6.100000 2 394.3 309.1 23.9 22.3
6.133333 2 391.8 306.1 27.1 25.3
6.166667 2 393.5 306.5 23.4 21.9
6.200000 2 393.2 306.4 23.7 22.2
6.233333 2 392.8 304.7 24.6 23.0
6.266667 2 393.4 304.5 22.9 21.7
6.300000 2 393.4 304.5 23.0 21.7
6.333333 2 392.0 303.2 23.3 22.0
6.366667 2 391.9 303.1 23.5 22.2
6.400000 2 391.9 303.1 23.5 22.2
6.433333 2 391.2 300.5 23.3 22.1
6.466667 2 390.6 300.1 24.2 22.9
6.500000 2 390.8 300.2 23.9 22.7
6.533333 2 389.8 299.2 24.2 22.8
6.566667 2 388.6 297.6 25.5 24.1
6.600000 2 388.6 297.6 25.6 24.3
6.633333 2 388.9 297.6 24.4 23.0
6.666667 2 389.7 298.1 21.9 20.7
6.700000 2 389.5 297.9 22.4 21.2
6.733333 2 388.2 296.9 23.5 22.0
6.766667 2 388.6 297.5 21.2 19.9
6.800000 2 388.6 297.4 21.3 20.1
6.833333 2 388.9 296.9 20.2 19.0
6.866667 2 388.3 296.2 20.8 19.4
6.900000 2 388.2 296.1 21.2 19.7
6.933333 2 388.4 296.7 18.7 17.4
6.966667 2 386.9 295.6 20.4 19.4
7.000000 2 387.3 296.1 19.4 18.4
7.033333 2 384.8 294.2 22.7 21.4
7.066667 2 384.3 293.7 23.5 22.1
7.100000 2 384.3 293.7 23.5 22.1
7.133333 2 382.4 291.9 25.6 24.1
7.166667 2 379.5 289.9 29.5 28.2
7.200000 2 379.4 289.8 29.7 28.3
7.233333 2 380.8 290.6 25.7 24.4
7.266667 2 379.1 289.5 28.0 26.7
7.300000 2 379.0 289.5 28.2 26.9
7.333333 2 377.9 288.9 28.5 27.5
7.366667 2 378.2 288.8 27.9 26.8
7.400000 2 378.1 288.8 28.0 26.9
7.433333 2 376.7 289.3 26.9 25.8
7.466667 2 376.7 289.2 27.0 25.9
7.500000 2 376.7 289.2 27.0 25.9
7.533333 2 376.1 289.9 25.6 24.5
7.566667 2 372.5 287.4 31.2 30.3
7.600000 2 372.6 287.5 31.0 30.1
7.633333 2 373.5 289.1 27.7 26.7
7.666667 2 375.1 292.1 23.2 22.2
7.700000 2 375.6 292.6 22.2 21.1
7.733333 2 374.4 292.6 22.8 21.7
7.766667 2 372.2 291.3 25.6 24.5
7.800000 2 372.5 291.6 25.0 23.9
7.833333 2 371.7 292.2 24.0 22.8
7.866667 2 371.0 291.9 25.0 23.7
7.900000 2 371.0 291.9 25.0 23.7
7.933333 2 370.0 292.7 23.3 21.9
7.966667 2 370.4 293.0 22.5 21.3
8.000000 2 370.3 292.9 22.6 21.3
8.033333 2 369.5 293.2 23.0 21.5
8.066667 2 367.1 291.9 26.0 24.4
8.100000 2 367.2 291.9 25.9 24.2
8.133333 2 367.4 293.8 22.6 21.3
8.166667 2 366.3 293.5 23.8 22.4
8.200000 2 366.6 293.8 23.1 21.7
8.233333 2 363.4 293.9 23.9 22.7
8.266667 2 362.6 294.8 23.3 21.9
8.300000 2 362.7 294.9 23.1 21.6
8.333333 2 361.8 295.9 21.9 20.7
8.366667 2 360.9 296.0 21.3 20.1
8.400000 2 361.1 296.2 21.0 19.7
8.433333 2 360.1 297.0 19.8 18.6
8.466667 2 358.2 296.7 21.1 19.7
8.500000 2 358.3 296.8 20.9 19.5
8.533333 2 356.7 297.1 21.3 20.1
8.566667 2 357.6 298.8 18.4 17.1
8.600000 2 357.5 298.7 18.7 17.4
8.633333 2 353.7 298.4 21.3 20.0
8.666667 2 353.0 298.1 21.4 19.7
8.700000 2 352.9 297.9 21.7 20.0
8.733333 2 351.5 299.0 20.1 18.7
8.766667 2 351.0 300.3 19.3 17.9
8.800000 2 350.9 300.2 19.4 18.1
8.833333 2 346.9 298.9 24.0 22.0
8.866667 2 345.7 298.7 24.4 22.4
8.900000 2 346.9 299.9 21.8 20.0
8.933333 2 344.6 300.3 21.7 20.3
8.966667 2 343.1 300.6 21.7 20.1
9.000000 2 343.0 300.5 22.0 20.4
9.033333 2 340.3 299.6 24.0 22.3
9.066667 2 339.8 300.6 23.0 21.8
9.100000 2 339.8 300.5 23.1 21.8
9.133333 2 339.2 303.3 19.4 18.0
9.166667 2 338.0 302.2 19.7 18.3
9.200000 2 338.1 302.4 19.4 18.1
9.233333 2 335.9 302.2 19.8 18.5
9.266667 2 335.2 303.1 19.3 18.0
9.300000 2 334.8 302.8 20.0 18.7
9.333333 2 332.8 302.8 20.2 18.9
9.366667 2 330.7 301.4 22.8 21.2
9.400000 2 330.9 301.6 22.4 20.8
9.433333 2 328.9 302.4 21.6 20.2
9.466667 2 327.3 301.4 24.2 22.6
9.500000 2 327.3 301.5 24.1 22.5
9.533333 2 327.1 302.7 21.5 19.8
9.566667 2 325.6 302.3 22.5 20.8
9.600000 2 325.7 302.4 22.2 20.6
9.633333 2 323.4 302.2 22.6 20.9
9.666667 2 322.6 302.5 22.2 20.4
9.700000 2 322.6 302.5 22.2 20.4
9.733333 2 322.8 303.9 20.1 18.6
9.766667 2 320.2 303.4 23.1 21.2
9.800000 2 320.4 303.6 22.8 20.8
9.833333 2 318.4 302.9 23.8 22.0
9.866667 2 319.4 305.5 19.6 17.9
9.900000 2 319.3 305.5 19.7 18.0
9.933333 2 317.5 305.3 20.2 18.5
9.966667 2 314.9 304.2 23.4 21.4
10.000000 2 315.0 304.2 23.2 21.2
