0.000000 2 128.0 391.0 127.0 136.0
0.000000 2 29.0 30.0 24.0 23.0
0.033333 2 128.2 391.9 127.5 135.3
0.033333 2 29.2 29.8 25.2 23.1
0.066667 2 128.5 392.8 128.0 134.7
0.066667 2 29.5 29.6 26.5 23.2
0.100000 2 128.7 393.7 128.5 134.0
0.100000 2 29.7 29.3 27.7 23.3
0.133333 2 129.0 394.6 129.0 133.3
0.133333 2 30.0 29.1 29.0 23.4
0.166667 2 129.6 395.4 131.3 132.7
0.166667 2 29.8 28.9 28.8 23.6
0.200000 2 130.3 396.3 133.5 132.0
0.200000 2 29.6 28.7 28.6 23.7
0.233333 2 130.9 397.2 135.8 131.3
0.233333 2 29.5 28.4 28.5 23.8
0.266667 2 131.5 398.1 138.1 130.7
0.266667 2 29.3 28.2 28.3 23.9
0.300000 2 132.2 399.0 140.4 130.0
0.300000 2 29.1 28.0 28.1 24.0
0.333333 2 132.8 399.4 142.6 129.3
0.333333 2 28.9 27.9 27.9 23.9
0.366667 2 133.5 399.8 144.9 128.7
0.366667 2 28.7 27.9 27.7 23.8
0.400000 2 134.1 400.2 147.2 128.0
0.400000 2 28.5 27.8 27.5 23.7
0.433333 2 134.7 400.6 149.5 127.3
0.433333 2 28.4 27.8 27.4 23.6
0.466667 2 135.4 400.9 151.7 126.7
0.466667 2 28.2 27.7 27.2 23.4
0.500000 2 136.0 401.3 154.0 126.0
0.500000 2 28.0 27.7 27.0 23.3
0.533333 2 135.9 401.7 157.3 125.3
0.533333 2 27.7 27.6 27.0 23.2
0.566667 2 135.7 402.1 160.6 124.7
0.566667 2 27.4 27.6 27.0 23.1
0.600000 2 135.6 402.5 163.9 124.0
0.600000 2 27.1 27.5 27.0 23.0
0.633333 2 135.4 402.9 167.1 123.3
0.633333 2 26.9 27.4 27.0 22.9
0.666667 2 135.3 403.3 170.4 122.7
0.666667 2 26.6 27.4 27.0 22.8
0.700000 2 135.1 403.7 173.7 122.0
0.700000 2 26.3 27.3 27.0 22.7
0.733333 2 135.0 404.1 177.0 121.3
0.733333 2 26.0 27.3 27.0 22.6
0.766667 2 134.6 404.4 180.3 120.7
0.766667 2 26.3 27.2 26.5 22.4
0.800000 2 134.2 404.8 183.5 120.0
0.800000 2 26.5 27.2 26.0 22.3
0.833333 2 133.9 405.2 186.8 119.3
0.833333 2 26.8 27.1 25.5 22.2
0.866667 2 133.5 405.6 190.0 118.7
0.866667 2 27.0 27.1 25.0 22.1
0.900000 2 133.1 406.0 193.3 118.0
0.900000 2 27.3 27.0 24.5 22.0
0.933333 2 132.7 405.6 196.5 117.8
0.933333 2 27.5 26.9 24.0 21.9
0.966667 2 132.4 405.2 199.8 117.7
0.966667 2 27.8 26.8 23.5 21.9
1.000000 2 132.0 404.8 203.0 117.5
1.000000 2 28.0 26.7 23.0 21.8
1.033333 2 131.4 404.4 205.7 117.3
1.033333 2 28.7 26.6 23.9 21.8
1.066667 2 130.9 404.1 208.4 117.2
1.066667 2 29.4 26.4 24.7 21.7
1.100000 2 130.3 403.7 211.1 117.0
1.100000 2 30.1 26.3 25.6 21.7
1.133333 2 129.7 403.3 213.9 116.8
1.133333 2 30.9 26.2 26.4 21.6
1.166667 2 129.1 402.9 216.6 116.7
1.166667 2 31.6 26.1 27.3 21.6
1.200000 2 128.6 402.5 219.3 116.5
1.200000 2 32.3 26.0 28.1 21.5
1.233333 2 128.0 402.1 222.0 116.3
1.233333 2 33.0 25.9 29.0 21.4
1.266667 2 128.0 401.7 225.1 116.2
1.266667 2 32.0 25.8 28.4 21.4
1.300000 2 128.0 401.3 228.3 116.0
1.300000 2 31.0 25.7 27.9 21.3
1.333333 2 128.0 400.9 231.4 115.8
1.333333 2 30.0 25.6 27.3 21.3
1.366667 2 128.0 400.6 234.6 115.7
1.366667 2 29.0 25.4 26.7 21.2
1.400000 2 128.0 400.2 237.7 115.5
1.400000 2 28.0 25.3 26.1 21.2
1.433333 2 128.0 399.8 240.9 115.3
1.433333 2 27.0 25.2 25.6 21.1
1.466667 2 128.0 399.4 244.0 115.2
1.466667 2 26.0 25.1 25.0 21.1
1.500000 2 127.0 399.0 246.7 115.0
1.500000 2 27.2 25.0 25.8 21.0
1.533333 2 126.0 397.8 249.3 115.2
1.533333 2 28.3 25.6 26.7 21.6
1.566667 2 125.0 396.6 252.0 115.4
1.566667 2 29.5 26.1 27.5 22.1
1.600000 2 124.0 395.3 254.7 115.7
1.600000 2 30.7 26.7 28.3 22.7
1.633333 2 123.0 394.1 257.3 115.9
1.633333 2 31.8 27.2 29.2 23.2
1.666667 2 122.0 392.9 260.0 116.1
1.666667 2 33.0 27.8 30.0 23.8
1.700000 2 122.0 391.7 263.0 116.3
1.700000 2 32.1 28.3 29.7 24.3
1.733333 2 122.0 390.4 266.0 116.6
1.733333 2 31.3 28.9 29.4 24.9
1.766667 2 122.0 389.2 269.0 116.8
1.766667 2 30.4 29.4 29.1 25.4
1.800000 2 122.0 388.0 272.0 117.0
1.800000 2 29.6 30.0 28.9 26.0
1.833333 2 122.0 387.7 275.0 117.9
1.833333 2 28.7 29.9 28.6 26.3
1.866667 2 122.0 387.4 278.0 118.7
1.866667 2 27.9 29.7 28.3 26.6
1.900000 2 122.0 387.1 281.0 119.6
1.900000 2 27.0 29.6 28.0 26.9
1.933333 2 121.6 386.9 283.7 120.4
1.933333 2 27.1 29.4 28.3 27.1
1.966667 2 121.1 386.6 286.4 121.3
1.966667 2 27.3 29.3 28.6 27.4
2.000000 2 120.7 386.3 289.1 122.1
2.000000 2 27.4 29.1 28.9 27.7
2.033333 2 120.3 386.0 291.9 123.0
2.033333 2 27.6 29.0 29.1 28.0
2.066667 2 119.9 385.2 294.6 122.8
2.066667 2 27.7 29.1 29.4 28.5
2.100000 2 119.4 384.4 297.3 122.6
2.100000 2 27.9 29.2 29.7 29.0
2.133333 2 119.0 383.6 300.0 122.4
2.133333 2 28.0 29.3 30.0 29.5
2.166667 2 118.1 382.8 302.6 122.2
2.166667 2 28.7 29.4 30.0 30.0
2.200000 2 117.3 382.0 305.1 122.0
2.200000 2 29.4 29.5 30.0 30.5
2.233333 2 116.4 381.2 307.7 121.8
2.233333 2 30.1 29.6 30.0 31.0
2.266667 2 115.6 380.4 310.3 121.6
2.266667 2 30.9 29.7 30.0 31.5
2.300000 2 114.7 379.6 312.9 121.4
2.300000 2 31.6 29.8 30.0 32.0
2.333333 2 113.9 378.8 315.4 121.2
2.333333 2 32.3 29.9 30.0 32.5
2.366667 2 113.0 378.0 318.0 121.0
2.366667 2 33.0 30.0 30.0 33.0
2.400000 2 113.1 376.5 320.0 119.4
2.400000 2 32.5 30.2 29.5 32.6
2.433333 2 113.3 375.1 322.0 117.8
2.433333 2 32.0 30.5 29.0 32.2
2.466667 2 113.4 373.6 324.0 116.2
2.466667 2 31.5 30.7 28.5 31.8
2.500000 2 113.5 372.2 326.0 114.5
2.500000 2 31.0 30.9 28.0 31.5
2.533333 2 113.6 370.7 328.0 112.9
2.533333 2 30.5 31.2 27.5 31.1
2.566667 2 113.8 369.2 330.0 111.3
2.566667 2 30.0 31.4 27.0 30.7
2.600000 2 113.9 367.8 332.0 109.7
2.600000 2 29.5 31.6 26.5 30.3
2.633333 2 114.0 366.3 334.0 108.1
2.633333 2 29.0 31.8 26.0 29.9
2.666667 2 113.9 364.8 334.9 106.5
2.666667 2 28.7 32.1 25.9 29.5
2.700000 2 113.7 363.4 335.7 104.8
2.700000 2 28.4 32.3 25.7 29.2
2.733333 2 113.6 361.9 336.6 103.2
2.733333 2 28.1 32.5 25.6 28.8
2.766667 2 113.4 360.5 337.4 101.6
2.766667 2 27.9 32.8 25.4 28.4
2.800000 2 113.3 359.0 338.3 100.0
2.800000 2 27.6 33.0 25.3 28.0
2.833333 2 113.1 357.3 339.1 97.7
2.833333 2 27.3 33.0 25.1 28.2
2.866667 2 113.0 355.7 340.0 95.3
2.866667 2 27.0 33.0 25.0 28.4
2.900000 2 112.6 354.0 340.1 93.0
2.900000 2 27.1 33.0 25.4 28.7
2.933333 2 112.2 352.3 340.3 90.7
2.933333 2 27.3 33.0 25.8 28.9
2.966667 2 111.9 350.7 340.4 88.3
2.966667 2 27.4 33.0 26.1 29.1
3.000000 2 111.5 349.0 340.5 86.0
3.000000 2 27.5 33.0 26.5 29.3
3.033333 2 111.1 347.3 340.6 83.7
3.033333 2 27.6 33.0 26.9 29.6
3.066667 2 110.7 345.7 340.8 81.3
3.066667 2 27.8 33.0 27.3 29.8
3.100000 2 110.4 344.0 340.9 79.0
3.100000 2 27.9 33.0 27.6 30.0
3.133333 2 110.0 343.5 341.0 77.1
3.133333 2 28.0 32.6 28.0 30.1
3.166667 2 109.9 343.0 340.1 75.3
3.166667 2 27.6 32.3 27.8 30.2
3.200000 2 109.8 342.5 339.2 73.4
3.200000 2 27.1 31.9 27.6 30.4
3.233333 2 109.7 342.0 338.3 71.5
3.233333 2 26.7 31.5 27.3 30.5
3.266667 2 109.6 341.5 337.4 69.6
3.266667 2 26.2 31.1 27.1 30.6
3.300000 2 109.4 341.0 336.6 67.8
3.300000 2 25.8 30.8 26.9 30.7
3.333333 2 109.3 340.5 335.7 65.9
3.333333 2 25.3 30.4 26.7 30.9
3.366667 2 109.2 340.0 334.8 64.0
3.366667 2 24.9 30.0 26.4 31.0
3.400000 2 109.1 340.3 333.9 63.4
3.400000 2 24.4 30.2 26.2 30.9
3.433333 2 109.0 340.6 333.0 62.7
3.433333 2 24.0 30.4 26.0 30.9
3.466667 2 108.7 340.9 330.7 62.1
3.466667 2 24.0 30.6 25.9 30.8
3.500000 2 108.5 341.1 328.5 61.4
3.500000 2 24.0 30.9 25.7 30.7
3.533333 2 108.2 341.4 326.2 60.8
3.533333 2 24.0 31.1 25.6 30.6
3.566667 2 108.0 341.7 324.0 60.1
3.566667 2 24.0 31.3 25.5 30.6
3.600000 2 107.7 342.0 321.7 59.5
3.600000 2 24.0 31.5 25.4 30.5
3.633333 2 107.5 342.3 319.5 58.9
3.633333 2 24.0 31.7 25.2 30.4
3.666667 2 107.2 342.6 317.2 58.2
3.666667 2 24.0 31.9 25.1 30.4
3.700000 2 107.0 342.9 315.0 57.6
3.700000 2 24.0 32.1 25.0 30.3
3.733333 2 106.5 343.1 310.5 56.9
3.733333 2 24.7 32.4 26.2 30.2
3.766667 2 106.0 343.4 306.0 56.3
3.766667 2 25.5 32.6 27.5 30.1
3.800000 2 105.5 343.7 301.5 55.6
3.800000 2 26.2 32.8 28.7 30.1
3.833333 2 105.0 344.0 297.0 55.0
3.833333 2 27.0 33.0 30.0 30.0
3.866667 2 105.3 344.8 292.7 54.8
3.866667 2 26.7 34.0 29.8 29.3
3.900000 2 105.7 345.7 288.3 54.7
3.900000 2 26.3 35.0 29.7 28.7
3.933333 2 106.0 346.5 284.0 54.5
3.933333 2 26.0 36.0 29.5 28.0
3.966667 2 106.3 347.3 279.7 54.3
3.966667 2 25.7 37.0 29.3 27.3
4.000000 2 106.7 348.2 275.3 54.2
4.000000 2 25.3 38.0 29.2 26.7
4.033333 2 107.0 349.0 271.0 54.0
4.033333 2 25.0 39.0 29.0 26.0
4.066667 2 106.4 351.2 267.4 54.1
4.066667 2 25.4 39.4 28.6 25.6
4.100000 2 105.8 353.4 263.8 54.2
4.100000 2 25.8 39.9 28.2 25.1
4.133333 2 105.2 355.7 260.2 54.3
4.133333 2 26.2 40.3 27.8 24.7
4.166667 2 104.6 357.9 256.6 54.4
4.166667 2 26.6 40.8 27.4 24.2
4.200000 2 104.0 360.1 253.0 54.6
4.200000 2 27.0 41.2 27.0 23.8
4.233333 2 104.0 362.3 250.0 54.7
4.233333 2 26.7 41.7 27.3 23.3
4.266667 2 104.0 364.6 247.0 54.8
4.266667 2 26.4 42.1 27.6 22.9
4.300000 2 104.0 366.8 244.0 54.9
4.300000 2 26.1 42.6 27.9 22.4
4.333333 2 104.0 369.0 241.0 55.0
4.333333 2 25.9 43.0 28.1 22.0
4.366667 2 104.0 371.1 238.0 55.0
4.366667 2 25.6 42.4 28.4 22.2
4.400000 2 104.0 373.2 235.0 55.0
4.400000 2 25.3 41.8 28.7 22.4
4.433333 2 104.0 375.3 232.0 55.0
4.433333 2 25.0 41.2 29.0 22.6
4.466667 2 104.1 377.4 230.8 55.0
4.466667 2 25.0 40.6 29.0 22.8
4.500000 2 104.1 379.5 229.5 55.0
4.500000 2 25.0 40.0 29.0 23.0
4.533333 2 104.2 381.6 228.3 55.0
4.533333 2 25.0 39.4 29.0 23.2
4.566667 2 104.2 383.7 227.0 55.0
4.566667 2 25.0 38.8 29.0 23.4
4.600000 2 104.3 385.8 225.8 55.0
4.600000 2 25.0 38.2 29.0 23.6
4.633333 2 104.4 387.9 224.5 55.0
4.633333 2 25.0 37.6 29.0 23.8
4.666667 2 104.4 390.0 223.3 55.0
4.666667 2 25.0 37.0 29.0 24.0
4.700000 2 104.5 391.4 222.0 55.7
4.700000 2 25.0 37.3 29.0 24.3
4.733333 2 104.6 392.9 220.8 56.3
4.733333 2 25.0 37.7 29.0 24.7
4.766667 2 104.6 394.3 219.5 57.0
4.766667 2 25.0 38.0 29.0 25.0
4.800000 2 104.7 395.8 218.3 57.7
4.800000 2 25.0 38.3 29.0 25.3
4.833333 2 104.7 397.2 217.0 58.3
4.833333 2 25.0 38.7 29.0 25.7
4.866667 2 104.8 398.7 215.8 59.0
4.866667 2 25.0 39.0 29.0 26.0
4.900000 2 104.9 400.1 214.5 59.7
4.900000 2 25.0 39.3 29.0 26.3
4.933333 2 104.9 401.6 213.3 60.3
4.933333 2 25.0 39.7 29.0 26.7
4.966667 2 105.0 403.0 212.0 61.0
4.966667 2 25.0 40.0 29.0 27.0
5.000000 2 104.9 405.1 211.5 63.1
5.000000 2 25.4 39.9 29.0 27.1
5.033333 2 104.8 407.3 211.1 65.3
5.033333 2 25.8 39.7 29.0 27.3
5.066667 2 104.8 409.4 210.6 67.4
5.066667 2 26.2 39.6 29.0 27.4
5.100000 2 104.7 411.6 210.2 69.6
5.100000 2 26.5 39.4 29.0 27.6
5.133333 2 104.6 413.7 209.7 71.7
5.133333 2 26.9 39.3 29.0 27.7
5.166667 2 104.5 415.9 209.2 73.9
5.166667 2 27.3 39.1 29.0 27.9
5.200000 2 104.5 418.0 208.8 76.0
5.200000 2 27.7 39.0 29.0 28.0
5.233333 2 104.4 419.7 208.3 78.2
5.233333 2 28.1 39.1 29.0 27.9
5.266667 2 104.3 421.5 207.8 80.5
5.266667 2 28.5 39.2 29.0 27.8
5.300000 2 104.2 423.2 207.4 82.7
5.300000 2 28.8 39.4 29.0 27.6
5.333333 2 104.2 425.0 206.9 85.0
5.333333 2 29.2 39.5 29.0 27.5
5.366667 2 104.1 426.7 206.5 87.2
5.366667 2 29.6 39.6 29.0 27.4
5.400000 2 104.0 428.5 206.0 89.5
5.400000 2 30.0 39.7 29.0 27.3
5.433333 2 104.2 430.2 204.8 91.7
5.433333 2 29.8 39.9 29.1 27.1
5.466667 2 104.5 432.0 203.7 94.0
5.466667 2 29.5 40.0 29.2 27.0
5.500000 2 104.8 433.3 202.5 95.8
5.500000 2 29.2 40.1 29.3 26.9
5.533333 2 105.0 434.5 201.3 97.5
5.533333 2 29.0 40.3 29.3 26.7
5.566667 2 105.2 435.8 200.2 99.3
5.566667 2 28.8 40.4 29.4 26.6
5.600000 2 105.5 437.0 199.0 101.0
5.600000 2 28.5 40.5 29.5 26.5
5.633333 2 105.8 438.3 197.8 102.8
5.633333 2 28.2 40.6 29.6 26.4
5.666667 2 106.0 439.5 196.7 104.5
5.666667 2 28.0 40.8 29.7 26.2
5.700000 2 106.2 440.8 195.5 106.3
5.700000 2 27.8 40.9 29.8 26.1
5.733333 2 106.5 442.0 194.3 108.0
5.733333 2 27.5 41.0 29.8 26.0
5.766667 2 106.8 442.4 193.2 108.9
5.766667 2 27.2 40.9 29.9 25.5
5.800000 2 107.0 442.8 192.0 109.8
5.800000 2 27.0 40.7 30.0 25.0
5.833333 2 107.1 443.1 191.7 110.6
5.833333 2 27.2 40.6 30.1 24.5
5.866667 2 107.2 443.5 191.4 111.5
5.866667 2 27.5 40.5 30.2 24.0
5.900000 2 107.4 443.9 191.1 112.4
5.900000 2 27.7 40.4 30.4 23.5
5.933333 2 107.5 444.3 190.8 113.3
5.933333 2 28.0 40.2 30.5 23.0
5.966667 2 107.6 444.6 190.4 114.1
5.966667 2 28.2 40.1 30.6 22.5
6.000000 2 107.7 445.0 190.1 115.0
6.000000 2 28.5 40.0 30.7 22.0
6.033333 2 107.9 444.3 189.8 113.4
6.033333 2 28.7 40.1 30.9 23.2
6.066667 2 108.0 443.5 189.5 111.8
6.066667 2 29.0 40.2 31.0 24.5
6.100000 2 108.1 442.8 189.2 110.1
6.100000 2 29.2 40.4 31.1 25.7
6.133333 2 108.2 442.0 188.9 108.5
6.133333 2 29.5 40.5 31.2 27.0
6.166667 2 108.4 441.3 188.6 106.9
6.166667 2 29.7 40.6 31.4 28.2
6.200000 2 108.5 440.5 188.3 105.3
6.200000 2 30.0 40.7 31.5 29.5
6.233333 2 108.6 439.8 187.9 103.6
6.233333 2 30.2 40.9 31.6 30.7
6.266667 2 108.7 439.0 187.6 102.0
6.266667 2 30.5 41.0 31.7 32.0
6.300000 2 108.9 438.1 187.3 99.7
6.300000 2 30.7 41.0 31.9 31.8
6.333333 2 109.0 437.2 187.0 97.4
6.333333 2 31.0 41.0 32.0 31.6
6.366667 2 109.1 436.3 186.7 95.1
6.366667 2 30.7 41.0 31.8 31.4
6.400000 2 109.2 435.4 186.4 92.8
6.400000 2 30.4 41.0 31.7 31.2
6.433333 2 109.3 434.5 186.2 90.5
6.433333 2 30.2 41.0 31.5 31.0
6.466667 2 109.4 433.6 185.9 88.2
6.466667 2 29.9 41.0 31.3 30.8
6.500000 2 109.6 432.7 185.6 85.9
6.500000 2 29.6 41.0 31.2 30.6
6.533333 2 109.7 431.8 185.3 83.6
6.533333 2 29.3 41.0 31.0 30.4
6.566667 2 109.8 430.9 185.1 81.3
6.566667 2 29.1 41.0 30.8 30.2
6.600000 2 109.9 430.0 184.8 79.0
6.600000 2 28.8 41.0 30.7 30.0
6.633333 2 110.0 428.9 184.5 74.8
6.633333 2 28.5 41.5 30.5 30.7
6.666667 2 110.1 427.8 184.2 70.5
6.666667 2 28.2 42.0 30.3 31.5
6.700000 2 110.2 426.6 183.9 66.3
6.700000 2 27.9 42.5 30.2 32.2
6.733333 2 110.3 425.5 183.7 62.0
6.733333 2 27.7 43.0 30.0 33.0
6.766667 2 110.4 424.4 183.4 57.8
6.766667 2 27.4 43.5 29.8 33.7
6.800000 2 110.6 423.3 183.1 53.5
6.800000 2 27.1 44.0 29.7 34.5
6.833333 2 110.7 422.1 182.8 49.3
6.833333 2 26.8 44.5 29.5 35.2
6.866667 2 110.8 421.0 182.6 45.0
6.866667 2 26.6 45.0 29.3 36.0
6.900000 2 110.9 420.1 182.3 41.1
6.900000 2 26.3 45.2 29.2 35.0
6.933333 2 111.0 419.2 182.0 37.2
6.933333 2 26.0 45.4 29.0 34.0
6.966667 2 111.1 418.3 181.5 33.3
6.966667 2 26.0 45.7 29.1 33.0
7.000000 2 111.2 417.4 181.0 29.4
7.000000 2 26.0 45.9 29.2 32.0
7.033333 2 111.4 416.6 180.5 25.6
7.033333 2 26.0 46.1 29.4 31.0
7.066667 2 111.5 415.7 180.0 21.7
7.066667 2 26.0 46.3 29.5 30.0
7.100000 2 111.6 414.8 179.5 17.8
7.100000 2 26.0 46.6 29.6 29.0
7.133333 2 111.7 413.9 179.0 13.9
7.133333 2 26.0 46.8 29.7 28.0
7.166667 2 111.9 413.0 178.5 10.0
7.166667 2 26.0 47.0 29.0 27.0
7.200000 2 112.0 178.0 26.0 30.0
7.233333 2 112.1 177.5 26.0 30.1
7.266667 2 112.2 177.0 26.0 30.2
7.300000 2 112.4 176.5 26.0 30.4
7.333333 2 112.5 176.0 26.0 30.5
7.366667 2 112.6 175.5 26.0 30.6
7.400000 2 112.7 175.0 26.0 30.7
7.433333 2 112.9 174.5 26.0 30.9
7.466667 2 113.0 174.0 26.0 31.0
7.500000 2 113.0 173.4 26.1 30.9
7.533333 2 113.0 172.7 26.3 30.7
7.566667 2 113.0 172.1 26.4 30.6
7.600000 2 113.0 171.5 26.5 30.5
7.633333 2 113.0 170.9 26.6 30.4
7.666667 2 113.0 170.2 26.8 30.2
7.700000 2 113.0 169.6 26.9 30.1
7.733333 2 113.0 169.0 27.0 30.0
7.766667 2 112.9 169.8 26.8 29.8
7.800000 2 112.8 170.5 26.7 29.5
7.833333 2 112.8 171.3 26.5 29.3
7.866667 2 112.7 172.1 26.4 29.1
7.900000 2 112.6 172.8 26.2 28.8
7.933333 2 112.5 173.6 26.1 28.6
7.966667 2 112.5 174.4 25.9 28.4
8.000000 2 112.4 175.2 25.8 28.2
8.033333 2 112.3 175.9 25.6 27.9
8.066667 2 112.2 176.7 25.5 27.7
8.100000 2 112.2 177.5 25.3 27.5
8.133333 2 112.1 178.2 25.2 27.2
8.166667 2 112.0 179.0 25.0 27.0
8.200000 2 111.3 180.8 26.2 28.2
8.233333 2 110.7 182.7 27.3 29.3
8.266667 2 110.0 184.5 28.5 30.5
8.300000 2 109.3 186.3 29.7 31.7
8.333333 2 108.7 188.2 30.8 32.8
8.366667 2 108.0 190.0 32.0 34.0
8.400000 2 107.9 190.7 32.1 33.9
8.433333 2 107.8 191.3 32.2 33.8
8.466667 2 107.7 192.0 32.3 33.7
8.500000 2 107.6 192.7 32.4 33.6
8.533333 2 107.4 193.3 32.6 33.4
8.566667 2 107.3 194.0 32.7 33.3
8.600000 2 107.2 194.7 32.8 33.2
8.633333 2 107.1 195.3 32.9 33.1
8.666667 2 107.0 196.0 33.0 33.0
8.700000 2 106.8 195.4 32.8 32.8
8.733333 2 106.5 194.8 32.5 32.7
8.766667 2 106.3 194.2 32.3 32.5
8.800000 2 106.1 193.5 32.1 32.4
8.833333 2 105.8 192.9 31.8 32.2
8.866667 2 105.6 192.3 31.6 32.1
8.900000 2 105.4 191.7 31.4 31.9
8.933333 2 105.2 191.1 31.2 31.8
8.966667 2 104.9 190.5 30.9 31.6
9.000000 2 104.7 189.8 30.7 31.5
9.033333 2 104.5 189.2 30.5 31.3
9.066667 2 104.2 188.6 30.2 31.2
9.100000 2 104.0 188.0 30.0 31.0
9.133333 2 103.4 186.4 29.7 30.7
9.166667 2 102.8 184.8 29.4 30.4
9.200000 2 102.2 183.2 29.1 30.1
9.233333 2 101.6 181.6 28.8 29.8
9.266667 2 101.0 180.0 28.5 29.5
9.300000 2 100.4 178.4 28.2 29.2
9.333333 2 99.8 176.8 27.9 28.9
9.366667 2 99.2 175.2 27.6 28.6
9.400000 2 98.6 173.6 27.3 28.3
9.433333 2 98.0 172.0 27.0 28.0
9.466667 2 97.0 172.5 27.1 28.0
9.500000 2 96.0 173.1 27.2 28.0
9.533333 2 95.0 173.6 27.3 28.0
9.566667 2 94.0 174.2 27.4 28.0
9.600000 2 93.0 174.7 27.5 28.0
9.633333 2 92.0 175.3 27.5 28.0
9.666667 2 91.0 175.8 27.6 28.0
9.700000 2 90.0 176.4 27.7 28.0
9.733333 2 89.0 176.9 27.8 28.0
9.766667 2 88.0 177.5 27.9 28.0
9.800000 2 87.0 178.0 28.0 28.0
9.833333 2 85.3 180.6 28.8 28.4
9.866667 2 83.7 183.1 29.6 28.9
9.900000 2 82.0 185.7 30.3 29.3
9.933333 2 80.3 188.2 31.1 29.8
9.966667 2 78.7 190.8 31.9 30.2
10.000000 2 77.0 193.3 32.7 30.7
10.033333 2 75.3 195.9 33.4 31.1
10.066667 2 73.7 198.4 34.2 31.6
10.100000 2 72.0 201.0 35.0 32.0
