0.000000 2 351.0 404.0 65.0 27.0
0.033333 2 352.0 396.0 60.0 27.0
0.066667 2 348.0 390.0 57.0 28.0
0.100000 2 348.0 384.0 57.0 27.0
0.133333 2 345.0 377.0 58.0 25.0
0.166667 2 340.0 371.0 62.0 26.0
0.200000 2 336.0 366.0 64.0 24.0
0.233333 2 335.0 355.0 61.0 26.0
0.266667 2 337.0 349.0 57.0 29.0
0.300000 2 332.0 342.0 53.0 27.0
0.333333 2 328.0 336.0 54.0 26.0
0.366667 2 323.0 325.0 59.0 29.0
0.400000 2 320.4 318.1 58.9 29.3
0.433333 2 318.1 311.3 58.5 29.7
0.466667 2 315.4 304.4 58.9 30.4
0.500000 2 313.5 297.9 58.0 30.5
0.533333 2 311.3 291.8 57.8 30.5
0.566667 2 309.1 285.5 57.4 30.8
0.600000 2 307.1 279.2 57.2 31.7
0.633333 2 305.0 273.3 57.1 31.9
0.666667 2 303.4 268.2 56.1 30.6
0.700000 2 302.0 263.6 54.7 28.7
0.733333 2 300.6 258.8 53.6 27.1
0.766667 2 299.4 254.0 52.1 25.7
0.800000 2 297.3 248.6 52.1 25.7
0.833333 2 295.5 243.4 51.7 25.5
0.866667 2 293.7 238.2 51.1 25.5
0.900000 2 291.6 232.6 51.2 26.3
0.933333 2 289.4 227.1 51.3 27.4
0.966667 2 287.3 221.7 51.4 28.2
1.000000 2 285.2 216.6 51.4 29.1
1.033333 2 283.2 211.7 51.2 29.5
1.066667 2 281.5 207.2 50.7 29.2
1.100000 2 279.6 202.7 50.4 29.2
1.133333 2 277.8 198.6 49.9 28.8
1.166667 2 276.0 194.4 49.6 28.7
1.200000 2 274.1 190.0 49.5 29.0
1.233333 2 272.1 186.0 49.5 29.2
1.266667 2 269.8 182.9 49.5 29.4
1.300000 2 268.3 178.5 49.1 29.3
1.333333 2 265.8 175.3 49.2 29.2
1.366667 2 264.6 171.5 49.0 29.0
1.400000 2 262.3 169.0 49.0 29.0
1.433333 2 260.6 165.8 48.9 29.0
1.466667 2 258.7 162.6 48.9 29.2
1.500000 2 256.9 160.8 48.8 29.2
1.533333 2 254.9 157.8 48.9 29.2
1.566667 2 253.0 156.2 48.9 29.1
1.600000 2 251.5 153.8 48.8 29.2
1.633333 2 249.4 153.1 48.7 29.0
1.666667 2 247.9 151.5 48.7 28.8
1.700000 2 245.9 150.3 48.5 28.7
1.733333 2 244.5 148.9 48.4 28.7
1.766667 2 242.5 149.0 48.3 28.6
1.800000 2 240.5 148.0 48.3 28.6
1.833333 2 239.3 147.6 47.9 28.3
1.866667 2 237.3 147.4 47.9 28.4
1.900000 2 236.1 147.9 47.7 28.5
1.933333 2 234.8 147.1 47.8 28.6
1.966667 2 232.9 147.8 47.7 28.6
2.000000 2 231.6 148.3 47.8 28.5
2.033333 2 229.9 149.2 47.6 28.6
2.066667 2 228.5 148.9 47.6 28.6
2.100000 2 227.3 149.8 47.2 28.4
2.133333 2 225.7 150.5 47.4 28.4
2.166667 2 224.6 151.5 47.0 28.3
2.200000 2 223.2 152.5 47.2 28.3
2.233333 2 221.8 153.5 47.4 28.4
2.266667 2 220.7 154.8 47.2 28.3
2.300000 2 219.5 156.0 47.1 28.5
2.333333 2 218.4 157.5 47.0 28.3
2.366667 2 217.2 158.9 47.3 28.5
2.400000 2 216.2 160.5 47.2 28.4
2.433333 2 215.1 162.1 47.3 28.6
2.466667 2 214.4 163.9 47.1 28.5
2.500000 2 213.7 165.7 46.9 28.2
2.533333 2 212.7 167.0 47.5 28.7
2.566667 2 212.5 168.9 47.0 28.4
2.600000 2 211.8 170.3 47.4 28.6
2.633333 2 211.7 172.0 47.2 28.5
2.666667 2 211.7 173.8 47.1 28.4
2.700000 2 211.7 175.3 47.2 28.5
2.733333 2 211.7 176.8 47.5 28.7
2.766667 2 212.2 178.7 47.2 28.5
2.800000 2 212.7 180.3 47.3 28.6
2.833333 2 213.6 182.2 47.0 28.5
2.866667 2 214.6 184.0 47.0 28.5
2.900000 2 215.4 186.8 47.0 28.5
2.933333 2 217.0 187.8 47.4 28.7
2.966667 2 219.0 190.3 47.3 28.6
3.000000 2 220.6 191.9 47.1 28.6
3.033333 2 222.2 194.8 47.3 28.7
3.066667 2 224.7 196.7 47.2 28.5
3.100000 2 227.7 199.0 47.5 28.7
3.133333 2 230.6 200.7 47.2 28.5
3.166667 2 233.5 203.2 47.2 28.5
3.200000 2 236.3 204.4 47.2 28.5
3.233333 2 239.4 206.8 47.1 28.5
3.266667 2 241.8 207.8 47.4 28.6
3.300000 2 245.6 209.0 47.1 28.5
3.333333 2 248.7 211.5 47.2 28.4
3.366667 2 252.5 212.4 47.0 28.4
3.400000 2 255.8 213.7 47.3 28.4
3.433333 2 259.7 214.6 47.0 28.3
3.466667 2 262.7 216.8 47.0 28.3
3.500000 2 266.6 217.7 46.9 28.3
3.533333 2 269.5 218.9 47.0 28.4
3.566667 2 273.2 220.3 47.2 28.5
3.600000 2 276.3 222.1 47.2 28.5
3.633333 2 279.9 222.7 47.3 28.4
3.666667 2 282.9 224.4 47.4 28.5
3.700000 2 286.3 225.7 47.1 28.4
3.733333 2 289.1 227.2 47.3 28.6
3.766667 2 292.6 227.4 47.1 28.5
3.800000 2 295.6 228.3 47.1 28.5
3.833333 2 298.5 229.1 47.1 28.6
3.866667 2 301.1 229.9 47.3 28.6
3.900000 2 303.8 230.7 47.3 28.4
3.933333 2 306.2 231.2 47.3 28.6
3.966667 2 308.6 231.7 47.1 28.4
4.000000 2 310.7 232.0 47.4 28.6
4.033333 2 312.9 232.5 47.3 28.5
4.066667 2 314.9 232.7 47.4 28.5
4.100000 2 317.0 232.9 47.4 28.6
4.133333 2 319.0 233.3 47.3 28.6
4.166667 2 321.0 233.7 47.3 28.4
4.200000 2 322.9 233.9 47.4 28.6
4.233333 2 324.9 234.3 47.4 28.5
4.266667 2 326.8 234.8 47.4 28.6
4.300000 2 328.8 235.2 47.4 28.6
4.333333 2 330.9 235.8 47.4 28.5
4.366667 2 332.9 236.2 47.4 28.6
4.400000 2 335.0 236.8 47.3 28.5
4.433333 2 337.2 237.6 47.2 28.4
4.466667 2 339.3 238.2 47.1 28.5
4.500000 2 341.4 238.9 47.0 28.5
4.533333 2 343.6 239.9 46.9 28.4
4.566667 2 345.7 240.8 46.9 28.2
4.600000 2 347.8 241.8 47.0 28.3
4.633333 2 349.8 242.8 47.1 28.3
4.666667 2 351.8 243.7 47.2 28.3
4.700000 2 353.8 244.8 47.3 28.4
4.733333 2 355.8 245.8 47.4 28.6
4.766667 2 357.8 246.9 47.4 28.7
4.800000 2 359.8 248.1 47.4 28.6
4.833333 2 361.9 249.5 47.3 28.5
4.866667 2 363.9 250.8 47.3 28.5
4.900000 2 365.9 251.9 47.4 28.7
4.933333 2 367.9 253.5 47.3 28.5
4.966667 2 370.0 254.7 47.3 28.5
5.000000 2 371.9 256.0 47.4 28.6
5.033333 2 373.9 257.2 47.3 28.5
5.066667 2 375.9 258.4 47.3 28.5
5.100000 2 377.8 259.2 47.2 28.5
5.133333 2 379.7 259.9 47.0 28.5
5.166667 2 381.6 260.5 46.8 28.4
5.200000 2 383.2 260.7 47.1 28.4
5.233333 2 384.8 260.7 46.9 28.4
5.266667 2 386.2 260.5 47.1 28.4
5.300000 2 387.7 260.1 47.0 28.5
5.333333 2 389.0 259.6 47.2 28.4
5.366667 2 390.4 258.8 46.9 28.4
5.400000 2 391.7 257.8 46.9 28.4
5.433333 2 392.8 256.8 47.1 28.4
5.466667 2 393.9 255.5 47.1 28.4
5.500000 2 395.0 253.9 47.2 28.5
5.533333 2 396.0 252.3 47.1 28.4
5.566667 2 397.1 250.6 47.1 28.3
5.600000 2 398.0 248.6 47.1 28.3
5.633333 2 398.9 246.6 46.9 28.2
5.666667 2 399.8 244.3 46.9 28.4
5.700000 2 400.6 241.9 46.8 28.4
5.733333 2 401.3 239.4 46.9 28.3
5.766667 2 401.9 236.9 47.1 28.4
5.800000 2 402.8 234.1 46.9 28.4
5.833333 2 403.6 231.7 46.7 28.2
5.866667 2 404.0 228.9 47.2 28.4
5.900000 2 404.8 226.4 46.8 28.3
5.933333 2 405.6 223.9 46.8 28.2
5.966667 2 406.0 221.2 47.1 28.4
6.000000 2 406.8 218.9 46.8 28.2
6.033333 2 407.4 216.6 46.8 28.2
6.066667 2 407.9 214.2 47.0 28.4
6.100000 2 408.7 212.2 46.8 28.4
6.133333 2 409.1 210.2 47.1 28.5
6.166667 2 409.8 208.3 46.9 28.3
6.200000 2 410.4 206.7 46.9 28.2
6.233333 2 410.8 205.0 47.0 28.5
6.266667 2 411.5 203.6 46.8 28.2
6.300000 2 411.9 202.1 47.0 28.5
6.333333 2 412.6 200.9 46.8 28.3
6.366667 2 412.9 199.7 46.9 28.2
6.400000 2 413.6 198.7 46.7 28.2
6.433333 2 414.0 197.6 47.0 28.2
6.466667 2 414.6 196.7 46.7 28.2
6.500000 2 414.9 195.8 47.0 28.4
6.533333 2 415.4 195.0 46.9 28.5
6.566667 2 415.9 194.3 46.9 28.4
6.600000 2 416.1 193.7 47.0 28.3
6.633333 2 416.7 193.1 46.8 28.4
6.666667 2 417.0 192.6 47.0 28.3
6.700000 2 417.3 192.0 47.0 28.5
6.733333 2 417.8 191.8 46.7 28.2
6.766667 2 417.9 191.3 47.1 28.4
6.800000 2 418.3 191.0 47.0 28.5
6.833333 2 418.8 190.8 46.7 28.2
6.866667 2 418.9 190.6 46.9 28.2
6.900000 2 419.1 190.5 47.0 28.3
6.933333 2 419.6 190.4 46.7 28.3
6.966667 2 419.8 190.4 46.8 28.3
7.000000 2 420.0 190.4 47.1 28.3
7.033333 2 420.3 190.4 46.9 28.3
7.066667 2 420.7 190.6 46.7 28.2
7.100000 2 420.9 190.8 46.8 28.2
7.133333 2 421.0 190.9 47.2 28.5
7.166667 2 421.2 191.2 47.0 28.4
7.200000 2 421.5 191.6 46.8 28.2
7.233333 2 421.7 191.9 46.7 28.3
7.266667 2 421.9 192.4 46.8 28.3
7.300000 2 421.8 192.9 46.9 28.3
7.333333 2 422.0 193.3 47.1 28.4
7.366667 2 422.0 193.8 47.1 28.4
7.400000 2 422.1 194.6 47.1 28.3
7.433333 2 422.2 195.1 47.1 28.5
7.466667 2 422.2 195.9 47.0 28.4
7.500000 2 422.3 196.7 46.9 28.3
7.533333 2 422.3 197.6 47.0 28.3
7.566667 2 422.3 198.5 47.0 28.4
7.600000 2 422.1 199.5 47.1 28.4
7.633333 2 422.0 200.5 47.1 28.4
7.666667 2 421.9 201.6 47.0 28.3
7.700000 2 421.7 202.7 46.8 28.3
7.733333 2 421.3 203.9 47.0 28.5
7.766667 2 420.9 205.0 47.2 28.5
7.800000 2 420.7 206.4 46.8 28.3
7.833333 2 420.3 207.7 47.0 28.3
7.866667 2 419.8 209.0 47.1 28.5
7.900000 2 419.5 210.5 46.8 28.3
7.933333 2 418.9 211.9 47.2 28.5
7.966667 2 418.6 213.6 46.7 28.3
8.000000 2 417.9 215.1 47.1 28.5
8.033333 2 417.6 216.8 46.8 28.3
8.066667 2 416.9 218.3 47.0 28.4
8.100000 2 416.3 219.9 47.0 28.5
8.133333 2 415.8 221.8 46.7 28.2
8.166667 2 414.9 223.3 47.0 28.4
8.200000 2 414.1 225.0 47.1 28.5
8.233333 2 413.6 227.0 46.8 28.5
8.266667 2 412.8 228.9 46.9 28.4
8.300000 2 411.9 230.8 47.1 28.5
8.333333 2 411.2 232.8 47.0 28.5
8.366667 2 410.6 234.8 46.8 28.4
8.400000 2 409.8 236.8 46.9 28.4
8.433333 2 409.0 238.8 47.2 28.6
8.466667 2 408.3 240.9 47.0 28.5
8.500000 2 407.7 243.0 46.8 28.5
8.533333 2 406.9 245.0 47.1 28.6
8.566667 2 406.5 247.1 46.8 28.5
8.600000 2 405.8 249.1 46.9 28.5
8.633333 2 405.2 251.1 47.0 28.5
8.666667 2 404.8 253.0 46.9 28.5
8.700000 2 404.3 254.8 47.0 28.4
8.733333 2 403.9 256.4 46.8 28.4
8.766667 2 403.2 257.8 47.0 28.5
8.800000 2 402.8 259.4 46.7 28.3
8.833333 2 402.0 260.8 47.1 28.4
8.866667 2 401.6 262.0 46.8 28.5
8.900000 2 400.9 263.2 46.9 28.4
8.933333 2 400.3 264.1 46.9 28.5
8.966667 2 399.7 265.2 46.7 28.4
9.000000 2 398.9 266.2 46.9 28.4
9.033333 2 398.0 267.1 47.1 28.5
9.066667 2 397.4 268.1 46.9 28.5
9.100000 2 396.7 269.0 46.8 28.4
9.133333 2 395.8 270.0 46.9 28.5
9.166667 2 394.9 270.8 47.0 28.4
9.200000 2 394.0 271.8 47.0 28.4
9.233333 2 393.2 272.7 47.0 28.3
9.266667 2 392.5 273.6 46.8 28.3
9.300000 2 391.6 274.3 46.8 28.4
9.333333 2 390.7 275.0 46.8 28.5
9.366667 2 389.8 275.9 46.9 28.4
9.400000 2 388.9 276.7 46.9 28.3
9.433333 2 387.9 277.3 47.0 28.4
9.466667 2 387.0 277.9 47.1 28.5
9.500000 2 386.1 278.6 47.0 28.3
9.533333 2 385.4 279.1 46.9 28.5
9.566667 2 384.5 279.8 46.8 28.4
9.600000 2 383.8 280.4 46.7 28.3
9.633333 2 382.8 280.9 46.7 28.4
9.666667 2 381.9 281.4 47.0 28.4
9.700000 2 380.9 281.8 47.1 28.5
9.733333 2 380.2 282.1 47.0 28.5
9.766667 2 379.4 282.7 46.9 28.3
9.800000 2 378.7 282.9 46.8 28.4
9.833333 2 377.7 283.2 46.8 28.4
9.866667 2 376.9 283.6 47.0 28.3
9.900000 2 375.9 283.8 47.2 28.5
9.933333 2 375.2 284.0 47.1 28.5
9.966667 2 374.4 284.2 46.9 28.4
10.000000 2 373.8 284.6 46.7 28.2
10.033333 2 372.9 284.6 47.0 28.3
10.066667 2 372.0 284.7 47.2 28.4
10.100000 2 371.3 284.8 47.0 28.4
10.133333 2 370.7 284.8 46.8 28.3
10.166667 2 369.8 284.9 47.1 28.4
10.200000 2 369.0 284.9 47.3 28.5
