0.000000 2 268.9 288.8 38.5 24.9
0.033333 2 268.0 289.1 38.4 24.7
0.066667 2 267.6 289.2 38.4 24.7
0.100000 2 266.9 289.2 38.3 24.7
0.133333 2 266.5 289.2 38.4 24.7
0.166667 2 265.7 288.9 38.4 24.8
0.200000 2 265.1 288.7 38.5 24.8
0.233333 2 264.2 288.2 38.4 24.7
0.266667 2 263.7 287.7 38.4 24.8
0.300000 2 263.4 286.9 38.4 24.8
0.333333 2 263.1 286.0 38.5 24.8
0.366667 2 262.9 284.7 38.4 24.8
0.400000 2 263.0 284.0 38.3 24.7
0.433333 2 263.1 282.6 38.5 24.8
0.466667 2 263.4 281.2 38.4 24.7
0.500000 2 264.3 279.7 38.5 24.8
0.533333 2 264.8 278.8 38.4 24.8
0.566667 2 265.9 277.2 38.3 24.6
0.600000 2 266.5 276.3 38.4 24.7
0.633333 2 267.8 274.4 38.4 24.7
0.666667 2 268.7 273.5 38.4 24.7
0.700000 2 270.3 271.4 38.4 24.8
0.733333 2 271.9 269.4 38.4 24.7
0.766667 2 272.9 268.4 38.4 24.7
0.800000 2 274.7 266.3 38.4 24.7
0.833333 2 275.7 265.2 38.3 24.6
0.866667 2 277.4 262.9 38.4 24.7
0.900000 2 278.2 261.9 38.4 24.7
0.933333 2 280.0 259.6 38.4 24.8
0.966667 2 281.6 257.3 38.3 24.7
1.000000 2 283.3 254.8 38.4 24.7
1.033333 2 284.0 253.9 38.3 24.7
1.066667 2 285.3 251.3 38.4 24.7
1.100000 2 286.0 250.4 38.4 24.7
1.133333 2 287.3 247.8 38.4 24.8
1.166667 2 287.8 246.8 38.4 24.8
1.200000 2 290.8 241.2 38.3 24.6
1.233333 2 291.2 240.2 38.3 24.6
1.266667 2 292.2 238.0 38.4 24.7
1.300000 2 293.0 236.0 38.4 24.7
1.333333 2 293.3 234.9 38.4 24.8
1.366667 2 294.0 232.9 38.4 24.8
1.400000 2 294.4 231.8 38.4 24.8
1.433333 2 295.1 229.9 38.4 24.8
1.466667 2 295.3 228.7 38.5 24.8
1.500000 2 295.9 226.7 38.4 24.8
1.533333 2 296.2 225.9 38.4 24.7
1.566667 2 296.8 223.9 38.4 24.7
1.600000 2 297.1 222.9 38.4 24.7
1.633333 2 297.5 221.0 38.4 24.7
1.666667 2 297.8 220.2 38.3 24.6
1.700000 2 298.0 218.3 38.4 24.7
1.733333 2 298.2 217.5 38.5 24.8
1.766667 2 298.6 215.6 38.4 24.8
1.800000 2 298.9 213.8 38.4 24.8
1.833333 2 299.2 212.3 38.4 24.7
1.866667 2 299.2 211.5 38.5 24.8
1.900000 2 299.4 210.0 38.4 24.7
1.933333 2 299.5 208.4 38.4 24.8
1.966667 2 299.7 207.0 38.3 24.7
2.000000 2 299.7 206.3 38.4 24.7
2.033333 2 299.8 204.9 38.4 24.8
2.066667 2 299.9 203.7 38.4 24.8
2.100000 2 299.9 203.0 38.3 24.7
2.133333 2 299.9 201.8 38.4 24.8
2.166667 2 300.0 201.2 38.3 24.6
2.200000 2 300.0 200.1 38.3 24.6
2.233333 2 300.0 199.0 38.3 24.7
2.266667 2 300.0 198.4 38.3 24.7
2.300000 2 300.0 197.3 38.2 24.6
2.333333 2 300.0 196.8 38.3 24.7
2.366667 2 299.7 195.8 38.3 24.7
2.400000 2 299.7 195.4 38.2 24.6
2.433333 2 299.4 194.5 38.3 24.6
2.466667 2 299.2 193.9 38.3 24.6
2.500000 2 299.1 193.3 38.2 24.5
2.533333 2 299.0 192.9 38.3 24.6
2.566667 2 298.6 192.2 38.2 24.5
2.600000 2 298.5 191.7 38.3 24.6
2.633333 2 298.0 190.7 38.3 24.6
2.666667 2 297.6 189.9 38.3 24.6
2.700000 2 297.4 189.7 38.3 24.6
2.733333 2 297.1 188.9 38.3 24.6
2.766667 2 296.8 188.7 38.3 24.6
2.800000 2 296.2 187.9 38.3 24.6
2.833333 2 295.9 187.3 38.1 24.5
2.866667 2 295.7 186.9 38.3 24.6
2.900000 2 294.2 186.2 39.5 25.4
2.933333 2 293.9 185.4 40.0 25.8
2.966667 2 293.3 184.8 40.0 25.9
3.000000 2 292.9 184.5 40.0 25.9
3.033333 2 292.4 183.9 40.0 25.8
3.066667 2 291.7 183.2 39.9 25.7
3.100000 2 291.4 182.9 40.0 25.8
3.133333 2 290.7 182.4 39.9 25.8
3.166667 2 290.3 182.2 39.9 25.7
3.200000 2 289.4 181.4 40.2 26.1
3.233333 2 288.6 180.6 40.2 26.1
3.266667 2 288.0 180.4 40.2 26.1
3.300000 2 287.3 180.0 40.2 26.0
3.333333 2 286.9 179.6 40.2 26.1
3.366667 2 286.1 179.2 40.2 26.0
3.400000 2 285.1 178.6 40.2 26.1
3.433333 2 285.0 178.7 39.5 25.4
3.466667 2 284.0 178.2 39.4 25.3
3.500000 2 283.0 177.8 39.5 25.5
3.533333 2 282.3 177.7 39.4 25.4
3.566667 2 281.3 177.5 39.4 25.3
3.600000 2 280.2 177.2 39.4 25.4
3.633333 2 279.4 177.3 39.4 25.3
3.666667 2 277.6 177.2 39.2 25.2
3.700000 2 277.0 177.2 39.1 25.2
3.733333 2 275.4 177.3 39.3 25.2
3.766667 2 274.7 177.5 39.1 25.1
3.800000 2 273.1 177.7 39.3 25.3
3.833333 2 271.4 177.9 39.3 25.3
3.866667 2 270.7 178.2 39.2 25.2
3.900000 2 268.8 178.5 39.7 25.5
3.933333 2 266.8 179.0 39.7 25.6
3.966667 2 265.6 179.0 40.3 26.0
4.000000 2 263.6 179.7 40.3 26.1
4.033333 2 261.6 180.2 40.3 26.0
4.066667 2 260.6 180.4 40.2 26.0
4.100000 2 258.7 181.0 40.2 26.0
4.133333 2 257.6 181.1 40.1 25.9
4.166667 2 255.8 181.4 40.2 26.0
4.200000 2 253.8 181.4 40.2 26.1
4.233333 2 252.9 181.4 40.4 26.2
4.266667 2 251.4 181.4 40.1 26.0
4.300000 2 249.9 181.3 40.3 26.1
4.333333 2 249.6 181.2 40.0 25.8
4.366667 2 248.6 180.6 40.0 25.9
4.400000 2 247.9 179.6 40.2 26.0
4.433333 2 247.7 178.9 40.1 25.8
4.466667 2 247.6 177.9 40.0 25.8
4.500000 2 247.5 177.2 40.0 25.8
4.533333 2 247.8 175.4 40.2 26.0
4.566667 2 248.7 173.7 40.0 25.9
4.600000 2 249.5 171.7 40.0 25.9
4.633333 2 249.9 170.5 40.3 26.1
4.666667 2 251.7 168.4 40.1 25.9
4.700000 2 252.2 167.3 40.2 26.0
4.733333 2 253.7 164.9 40.1 25.9
4.766667 2 255.1 162.4 40.2 26.0
4.800000 2 256.8 159.9 40.3 26.0
4.833333 2 258.7 157.2 40.1 25.8
4.866667 2 259.6 155.7 40.1 25.9
4.900000 2 261.2 152.6 40.2 26.1
4.933333 2 262.0 150.9 40.3 26.1
4.966667 2 263.8 148.0 40.2 26.0
5.000000 2 264.7 146.3 40.1 25.8
5.033333 2 266.4 143.1 40.1 25.8
5.066667 2 267.0 141.2 40.3 26.0
5.100000 2 268.6 137.8 40.0 25.8
5.133333 2 270.0 134.0 40.3 26.0
5.166667 2 270.8 132.2 40.2 25.9
5.200000 2 272.3 128.3 40.1 25.9
5.233333 2 272.9 126.2 40.3 26.0
5.266667 2 274.4 122.2 40.1 25.9
5.300000 2 274.8 120.1 40.3 26.0
5.333333 2 276.2 116.2 40.2 25.9
5.366667 2 276.8 114.2 40.3 26.1
5.400000 2 277.8 110.1 40.3 26.2
5.433333 2 278.4 108.2 40.1 26.1
5.466667 2 278.8 106.4 40.4 26.4
5.500000 2 279.8 102.7 40.3 26.2
5.533333 2 280.3 100.9 40.1 26.0
5.566667 2 281.0 97.2 40.3 26.2
5.600000 2 281.8 93.6 40.2 26.2
5.633333 2 282.3 90.2 40.2 26.0
5.666667 2 282.7 88.4 40.2 26.1
5.700000 2 282.8 84.8 40.4 26.3
5.733333 2 283.0 83.1 40.4 26.3
5.766667 2 283.2 79.3 40.3 26.1
5.800000 2 283.3 77.5 40.2 26.1
5.833333 2 283.2 73.6 40.3 26.2
5.866667 2 283.2 69.8 40.2 26.1
5.900000 2 283.0 65.7 40.4 26.2
5.933333 2 283.0 63.8 40.4 26.2
5.966667 2 282.7 59.8 40.4 26.2
6.000000 2 282.7 55.7 40.4 26.2
6.033333 2 282.6 53.8 40.3 26.1
6.066667 2 282.4 49.4 40.3 26.2
6.100000 2 282.3 45.6 40.4 26.3
6.133333 2 281.8 41.6 40.6 26.5
6.166667 2 281.6 39.7 40.4 26.3
6.200000 2 281.6 35.9 40.3 26.2
6.233333 2 281.4 34.1 40.3 26.2
6.266667 2 280.8 30.3 40.6 26.6
6.300000 2 280.7 28.6 40.6 26.5
6.333333 2 280.3 25.5 40.5 26.4
6.366667 2 279.9 23.8 40.6 26.5
6.400000 2 279.5 20.8 40.5 26.4
6.433333 2 279.3 19.2 40.5 26.5
6.466667 2 278.7 16.4 40.7 26.6
6.500000 2 278.4 13.8 40.5 26.4
6.533333 2 278.0 12.4 40.6 26.5
6.566667 2 277.5 10.0 40.6 26.5
6.600000 2 277.0 12.6 40.0 21.2
6.633333 2 276.6 11.1 40.0 21.7
6.666667 2 276.4 11.1 40.0 20.6
6.700000 2 275.8 7.4 40.0 22.5
6.733333 2 275.4 7.4 40.0 21.7
6.766667 2 274.8 7.4 40.0 20.1
6.800000 2 274.2 5.1 40.0 20.9
6.833333 2 273.7 5.1 40.0 20.9
6.866667 2 273.0 5.9 40.0 19.1
6.900000 2 272.3 5.1 40.0 18.9
6.933333 2 271.8 5.9 40.0 17.1
6.966667 2 271.1 5.5 40.0 22.0
7.000000 2 271.0 4.0 40.0 21.0
7.033333 2 269.8 4.7 40.0 21.0
7.066667 2 268.8 6.2 40.0 21.0
7.100000 2 268.5 5.5 40.0 21.0
7.133333 2 267.6 4.7 40.0 22.0
7.166667 2 267.3 5.5 40.0 22.0
7.200000 2 264.6 5.5 40.0 23.0
7.233333 2 265.0 6.2 40.0 24.0
7.266667 2 264.5 6.2 40.0 24.0
7.300000 2 263.5 5.5 40.0 25.0
7.333333 2 262.2 6.3 40.0 26.0
7.366667 2 262.4 7.6 40.0 26.0
7.400000 2 260.5 8.9 40.0 26.0
7.433333 2 259.9 6.6 40.0 26.0
7.466667 2 257.8 10.3 40.0 26.0
7.500000 2 258.0 11.0 40.0 26.0
7.533333 2 257.6 11.8 40.0 26.0
7.566667 2 257.7 12.1 40.0 26.0
7.600000 2 257.2 14.5 40.0 26.0
7.633333 2 253.6 11.7 40.7 26.6
7.666667 2 253.0 12.7 40.7 26.6
7.700000 2 251.8 14.6 40.7 26.6
7.733333 2 250.6 16.7 40.7 26.6
7.766667 2 250.1 17.6 40.7 26.6
7.800000 2 248.9 19.8 40.7 26.6
7.833333 2 248.1 21.7 40.7 26.6
7.866667 2 247.6 22.7 40.7 26.6
7.900000 2 246.9 24.6 40.7 26.6
7.933333 2 246.4 26.3 40.7 26.7
7.966667 2 246.1 28.1 40.7 26.7
8.000000 2 246.0 28.9 40.7 26.6
8.033333 2 246.1 31.6 40.6 26.6
8.066667 2 246.2 32.5 40.6 26.6
8.100000 2 246.6 34.2 40.8 26.8
8.133333 2 246.9 35.0 40.7 26.6
8.166667 2 247.8 36.7 40.7 26.6
8.200000 2 248.9 38.4 40.7 26.7
8.233333 2 249.5 39.5 40.7 26.7
8.266667 2 250.9 41.2 40.7 26.8
8.300000 2 251.6 42.2 40.7 26.8
8.333333 2 253.3 44.1 40.7 26.7
8.366667 2 254.3 45.1 40.6 26.7
8.400000 2 256.3 47.2 40.7 26.7
8.433333 2 257.3 48.3 40.6 26.7
8.466667 2 259.6 50.2 40.8 26.8
8.500000 2 260.8 51.3 40.8 26.8
8.533333 2 263.2 53.5 40.7 26.7
8.566667 2 264.4 54.7 40.7 26.5
8.600000 2 266.9 56.9 40.7 26.6
8.633333 2 268.2 58.1 40.8 26.8
8.666667 2 270.6 60.8 40.8 26.8
8.700000 2 273.2 63.6 40.8 26.7
8.733333 2 274.4 65.2 40.8 26.9
8.766667 2 276.7 68.1 40.9 27.0
8.800000 2 277.9 69.8 40.8 26.8
8.833333 2 279.1 71.5 40.8 26.8
8.866667 2 281.4 74.9 40.8 26.8
8.900000 2 283.6 78.6 40.8 26.8
8.933333 2 284.6 80.5 40.8 26.8
8.966667 2 286.6 84.4 40.8 26.8
9.000000 2 288.4 88.5 40.7 26.7
9.033333 2 289.2 90.6 40.7 26.7
9.066667 2 290.9 95.2 40.7 26.8
9.100000 2 291.6 97.5 40.8 26.8
9.133333 2 293.1 102.3 40.7 26.7
9.166667 2 294.3 107.1 40.7 26.8
9.200000 2 295.0 109.7 40.7 26.7
9.233333 2 295.9 114.9 40.7 26.7
9.266667 2 296.4 117.5 40.7 26.7
9.300000 2 297.2 123.0 40.7 26.7
9.333333 2 297.6 125.8 40.7 26.6
9.366667 2 298.1 131.5 40.6 26.6
9.400000 2 298.5 137.0 40.7 26.7
9.433333 2 298.6 139.7 40.8 26.7
9.466667 2 298.8 145.1 40.7 26.8
9.500000 2 298.9 150.7 40.7 26.6
9.533333 2 298.9 153.3 40.7 26.7
9.566667 2 298.7 158.6 40.8 26.7
9.600000 2 298.5 161.1 40.8 26.8
9.633333 2 298.1 166.2 40.8 26.8
9.666667 2 297.6 171.1 40.8 26.8
9.700000 2 297.4 173.8 40.8 26.7
9.733333 2 296.6 178.5 40.8 26.7
9.766667 2 295.9 183.2 40.7 26.8
9.800000 2 295.4 185.6 40.8 26.7
9.833333 2 294.4 190.1 40.8 26.8
9.866667 2 293.7 192.3 40.8 26.8
9.900000 2 292.5 196.8 40.8 26.7
9.933333 2 291.9 199.0 40.8 26.8
9.966667 2 290.6 203.5 40.9 26.8
10.000000 2 289.9 205.8 40.8 26.7
10.033333 2 288.2 210.0 40.8 26.8
10.066667 2 286.5 214.2 40.8 26.9
10.100000 2 284.7 218.3 40.9 26.9
10.133333 2 281.7 224.5 40.8 26.8
10.166667 2 280.6 226.5 40.8 26.8
10.200000 2 278.3 230.5 40.9 26.8
10.233333 2 275.7 234.1 41.0 27.0
10.266667 2 274.4 236.0 41.0 27.1
10.300000 2 271.8 239.4 41.1 27.0
10.333333 2 269.0 242.9 41.2 27.1
10.366667 2 267.8 244.8 40.9 26.7
10.400000 2 264.9 248.0 41.1 26.9
10.433333 2 262.1 251.1 41.2 26.8
10.466667 2 260.7 252.7 41.1 26.4
10.500000 2 258.0 256.0 41.0 26.0
