0.000000 2 470.0 202.0 21.0 15.0
0.033333 2 469.5 201.3 21.5 16.1
0.066667 2 469.5 201.3 21.6 16.1
0.100000 2 469.3 200.9 21.8 16.9
0.133333 2 468.7 200.2 22.7 18.1
0.166667 2 467.9 199.3 24.2 19.7
0.200000 2 466.8 199.2 25.6 19.8
0.233333 2 467.4 200.3 24.3 17.9
0.266667 2 467.1 200.0 24.6 18.4
0.300000 2 467.1 200.0 24.5 18.3
0.333333 2 467.1 200.2 24.5 18.0
0.366667 2 466.9 199.9 24.9 18.6
0.400000 2 466.8 199.5 25.0 19.3
0.433333 2 466.3 198.8 25.7 20.6
0.466667 2 466.3 198.8 25.7 20.6
0.500000 2 466.2 198.4 25.8 21.2
0.533333 2 464.7 196.9 28.8 24.0
0.566667 2 464.8 196.9 28.7 23.9
0.600000 2 464.8 196.8 28.7 24.1
0.633333 2 466.6 198.7 24.7 20.3
0.666667 2 466.3 198.3 25.4 21.0
0.700000 2 466.1 197.8 25.8 22.0
0.733333 2 467.8 199.7 22.4 18.1
0.766667 2 468.8 200.6 20.5 16.1
0.800000 2 468.7 200.6 20.8 16.1
0.833333 2 469.0 200.9 20.4 15.5
0.866667 2 469.0 200.9 20.5 15.3
0.900000 2 469.0 201.1 20.5 15.0
0.933333 2 469.1 201.1 20.6 14.9
0.966667 2 469.0 201.0 21.0 15.1
1.000000 2 469.1 201.1 20.8 14.9
1.033333 2 469.2 201.0 20.7 15.0
1.066667 2 469.3 200.9 20.7 15.2
1.100000 2 469.4 200.6 20.7 15.6
1.133333 2 468.4 199.5 22.8 17.6
1.166667 2 468.4 199.5 22.8 17.6
1.200000 2 468.4 199.5 23.0 17.5
1.233333 2 468.1 199.5 23.6 17.6
1.266667 2 467.8 199.1 24.3 18.3
1.300000 2 467.3 198.8 25.4 18.7
1.333333 2 465.4 197.0 29.3 22.1
1.366667 2 465.4 197.0 29.3 22.1
1.400000 2 465.5 197.1 29.1 21.8
1.433333 2 464.3 196.3 31.6 23.5
1.466667 2 464.8 196.7 30.6 22.5
1.500000 2 464.7 196.7 30.7 22.4
1.533333 2 464.8 196.9 30.5 22.2
1.566667 2 461.7 194.3 36.0 27.5
1.600000 2 462.4 194.3 34.6 27.3
1.633333 2 463.8 195.3 31.5 25.0
1.666667 2 464.6 196.2 29.8 23.2
1.700000 2 465.9 197.8 26.2 19.8
1.733333 2 465.9 197.8 26.2 19.8
1.766667 2 466.0 197.8 26.0 19.7
1.800000 2 464.4 196.4 28.9 22.6
1.833333 2 464.4 196.5 28.8 22.5
1.866667 2 463.5 195.7 30.5 24.1
1.900000 2 461.2 193.4 35.0 28.7
1.933333 2 464.4 196.7 27.8 21.8
1.966667 2 464.4 197.2 27.0 20.9
2.000000 2 464.4 197.2 27.0 20.9
2.033333 2 464.5 197.4 26.9 20.4
2.066667 2 463.0 196.1 29.4 23.1
2.100000 2 465.1 198.9 24.0 17.5
2.133333 2 464.9 198.8 24.4 17.8
2.166667 2 463.5 197.9 26.7 19.6
2.200000 2 463.2 197.7 27.3 20.2
2.233333 2 459.8 195.6 34.0 24.9
2.266667 2 460.5 196.4 31.8 23.2
2.300000 2 460.6 196.6 31.4 23.0
2.333333 2 460.9 196.8 30.8 22.7
2.366667 2 460.6 196.4 31.2 23.7
2.400000 2 461.2 196.9 29.6 23.1
2.433333 2 460.8 196.4 30.3 24.6
2.466667 2 458.1 194.8 34.7 28.3
2.500000 2 458.1 195.2 34.7 27.4
2.533333 2 457.9 196.1 35.5 25.8
2.566667 2 457.8 196.1 35.5 25.8
2.600000 2 457.5 195.9 36.0 26.2
2.633333 2 458.9 196.9 32.5 25.2
2.666667 2 458.3 196.1 33.8 26.7
2.700000 2 458.4 196.2 33.5 26.8
2.733333 2 459.2 196.9 31.9 25.6
2.766667 2 458.4 196.8 33.4 26.1
2.800000 2 458.4 196.7 33.6 26.4
2.833333 2 457.2 196.8 35.9 26.8
2.866667 2 457.7 196.6 34.8 27.8
2.900000 2 458.1 196.8 33.9 27.5
2.933333 2 458.2 197.2 33.7 27.2
2.966667 2 458.0 197.6 34.3 26.7
3.000000 2 458.0 197.8 34.4 27.2
3.033333 2 458.0 197.8 34.5 27.3
3.066667 2 458.3 198.0 33.7 27.3
3.100000 2 457.3 198.2 36.0 28.4
3.133333 2 456.9 197.8 36.8 30.0
3.166667 2 456.8 197.7 37.1 30.3
3.200000 2 454.2 196.4 42.7 33.9
3.233333 2 454.2 196.0 42.6 35.0
3.266667 2 455.3 197.5 41.9 33.3
3.300000 2 456.6 198.3 39.3 32.4
3.333333 2 457.1 198.8 38.4 32.2
3.366667 2 456.0 198.4 40.7 33.4
3.400000 2 455.9 198.7 40.9 34.6
3.433333 2 454.4 197.6 44.2 36.9
3.466667 2 452.5 195.8 48.4 42.1
3.500000 2 449.5 192.8 54.8 48.7
3.533333 2 453.2 197.3 48.0 40.2
3.566667 2 456.5 201.1 41.5 34.0
3.600000 2 457.1 202.2 40.5 32.2
3.633333 2 457.8 202.6 40.8 33.0
3.666667 2 457.9 203.2 40.7 32.2
3.700000 2 458.4 204.1 39.9 31.9
3.733333 2 458.8 204.5 38.8 32.2
3.766667 2 459.8 206.4 38.8 29.7
3.800000 2 459.9 206.6 38.9 30.8
3.833333 2 459.7 207.1 39.7 29.8
3.866667 2 458.8 206.8 42.5 32.6
3.900000 2 460.2 207.6 39.7 31.5
3.933333 2 459.5 206.7 42.1 36.4
3.966667 2 458.7 207.1 44.7 36.4
4.000000 2 461.5 209.1 39.3 33.5
4.033333 2 459.5 207.9 44.0 38.1
4.066667 2 461.5 210.2 41.2 35.4
4.100000 2 461.9 210.6 40.6 34.6
4.133333 2 461.7 210.8 42.7 36.4
4.166667 2 463.4 213.0 39.5 33.7
4.200000 2 465.6 220.3 34.2 24.7
4.233333 2 466.9 220.3 31.4 24.1
4.266667 2 471.0 224.0 25.0 18.0
4.300000 2 470.0 225.0 26.0 17.0
4.333333 2 470.0 225.0 31.0 21.0
4.366667 2 470.0 227.0 31.0 19.0
4.400000 2 470.0 227.0 30.0 21.0
4.433333 2 474.0 228.0 26.0 20.0
4.466667 2 474.0 228.0 24.0 20.0
4.500000 2 473.0 228.0 25.0 20.0
4.533333 2 473.0 228.0 27.0 24.0
4.566667 2 472.0 229.0 28.0 23.0
4.600000 2 472.0 229.0 29.0 24.0
4.633333 2 471.0 232.0 30.0 21.0
4.666667 2 471.0 232.0 31.0 21.0
4.700000 2 470.0 231.0 32.0 22.0
4.733333 2 470.0 231.0 31.0 27.0
4.766667 2 474.0 235.0 27.0 23.0
4.800000 2 474.0 235.0 29.0 23.0
4.833333 2 474.0 235.0 29.0 23.0
4.866667 2 474.0 235.0 27.0 23.0
4.900000 2 468.0 234.0 33.0 24.0
4.933333 2 467.0 233.0 37.0 31.0
4.966667 2 472.0 235.0 32.0 29.0
5.000000 2 471.0 234.0 34.0 33.0
5.033333 2 470.0 237.0 35.0 30.0
5.066667 2 470.0 236.0 35.0 29.0
5.100000 2 471.0 237.0 34.0 28.0
5.133333 2 471.0 237.0 37.0 32.0
5.166667 2 467.0 236.0 41.0 33.0
5.200000 2 467.0 235.0 42.0 35.0
5.233333 2 472.0 241.0 37.0 29.0
5.266667 2 472.0 241.0 37.0 31.0
5.300000 2 474.0 240.0 35.0 32.0
5.333333 2 474.0 240.0 36.0 30.0
5.366667 2 471.0 243.0 39.0 27.0
5.400000 2 471.0 243.0 38.0 30.0
5.433333 2 477.0 248.0 32.0 25.0
5.466667 2 476.0 248.0 34.0 26.0
5.500000 2 474.0 246.0 36.0 28.0
5.533333 2 474.0 245.0 36.0 28.0
5.566667 2 474.0 247.0 36.0 26.0
5.600000 2 474.0 247.0 37.0 28.0
5.633333 2 471.0 244.0 41.0 31.0
5.666667 2 471.0 244.0 42.0 35.0
5.700000 2 474.0 249.0 39.0 30.0
5.733333 2 474.0 249.0 39.0 31.0
5.766667 2 471.0 245.0 42.0 35.0
5.800000 2 471.0 245.0 42.0 37.0
5.833333 2 475.0 248.0 38.0 34.0
5.866667 2 474.0 247.0 38.0 31.0
5.900000 2 479.0 253.0 33.0 25.0
5.933333 2 479.0 253.0 28.0 24.0
5.966667 2 481.0 256.0 26.0 21.0
6.000000 2 481.0 256.0 24.0 18.0
6.033333 2 481.0 256.0 24.0 18.0
6.066667 2 481.0 256.0 28.0 20.0
6.100000 2 477.0 251.0 32.0 25.0
6.133333 2 477.0 251.0 33.0 27.0
6.166667 2 480.0 255.0 30.0 23.0
6.200000 2 480.0 255.0 30.0 23.0
6.233333 2 481.0 254.0 29.0 24.0
6.266667 2 481.0 254.0 32.0 26.0
6.300000 2 483.0 254.0 30.0 26.0
6.333333 2 483.0 255.0 27.0 24.0
6.366667 2 479.0 254.0 33.0 28.0
6.400000 2 477.0 254.0 35.0 28.0
6.433333 2 480.0 254.0 34.0 32.0
6.466667 2 479.0 256.0 35.0 30.0
6.500000 2 479.0 256.0 35.0 29.0
6.533333 2 474.0 252.0 33.0 30.0
6.566667 2 474.0 252.0 37.0 34.0
6.600000 2 480.0 257.0 31.0 29.0
6.633333 2 480.0 257.0 31.0 27.0
6.666667 2 482.0 259.0 29.0 25.0
6.700000 2 482.0 259.0 28.0 26.0
6.733333 2 480.0 259.0 30.0 26.0
6.766667 2 480.0 259.0 29.0 26.0
6.800000 2 480.0 261.0 29.0 24.0
6.833333 2 480.0 261.0 32.0 26.0
6.866667 2 480.0 263.0 32.0 24.0
6.900000 2 480.0 263.0 31.0 25.0
6.933333 2 482.0 266.0 29.0 22.0
6.966667 2 482.0 266.0 32.0 26.0
7.000000 2 479.0 267.0 35.0 25.0
7.033333 2 479.0 267.0 27.0 27.0
7.066667 2 479.0 268.0 27.0 26.0
7.100000 2 479.0 268.0 25.0 24.0
7.133333 2 483.0 266.0 21.0 25.0
7.166667 2 483.0 266.0 24.0 26.0
7.200000 2 479.0 273.0 28.0 19.0
7.233333 2 479.0 273.0 29.0 20.0
7.266667 2 475.0 269.0 33.0 24.0
7.300000 2 475.0 269.0 34.0 28.0
7.333333 2 474.0 272.0 36.0 25.0
7.366667 2 474.0 272.0 33.0 24.0
7.400000 2 476.0 274.0 31.0 22.0
7.433333 2 476.0 274.0 31.0 26.0
7.466667 2 475.0 274.0 32.0 26.0
7.500000 2 475.0 274.0 29.0 25.0
7.533333 2 474.0 276.0 30.0 23.0
7.566667 2 474.0 276.0 32.0 27.0
7.600000 2 470.0 275.0 36.0 28.0
7.633333 2 470.0 275.0 37.0 28.0
7.666667 2 471.0 276.0 36.0 27.0
7.700000 2 471.0 276.0 37.0 27.0
7.733333 2 471.0 275.0 37.0 28.0
7.766667 2 471.0 275.0 37.0 29.0
7.800000 2 474.0 276.0 35.0 28.0
7.833333 2 474.0 276.0 36.0 33.0
7.866667 2 470.0 279.0 41.0 30.0
7.900000 2 470.0 279.0 37.0 29.0
7.933333 2 471.0 278.0 36.0 30.0
7.966667 2 471.0 278.0 36.0 27.0
8.000000 2 470.0 279.0 37.0 26.0
8.033333 2 470.0 279.0 39.0 27.0
8.066667 2 471.0 279.0 38.0 27.0
8.100000 2 471.0 279.0 36.0 28.0
8.133333 2 471.0 280.0 36.0 27.0
8.166667 2 471.0 280.0 38.0 23.0
8.200000 2 471.0 278.0 38.0 25.0
8.233333 2 471.0 278.0 39.0 29.0
8.266667 2 471.0 277.0 39.0 30.0
8.300000 2 471.0 277.0 36.0 29.0
8.333333 2 468.0 273.0 39.0 33.0
8.366667 2 468.0 273.0 40.0 31.0
8.400000 2 474.0 277.0 34.0 27.0
8.433333 2 474.0 277.0 28.0 23.0
8.466667 2 473.0 279.0 29.0 21.0
8.500000 2 473.0 279.0 33.0 19.0
8.533333 2 471.0 274.0 35.0 24.0
8.566667 2 471.0 274.0 35.0 27.0
8.600000 2 468.0 273.0 38.0 28.0
8.633333 2 468.0 273.0 34.0 26.0
8.666667 2 465.0 268.0 39.0 32.0
8.700000 2 470.0 270.0 34.0 26.0
8.733333 2 470.0 270.0 33.0 25.0
8.766667 2 468.0 264.0 35.0 31.0
8.800000 2 468.0 264.0 36.0 30.0
8.833333 2 471.0 265.0 33.0 29.0
8.866667 2 471.0 265.0 31.0 32.0
8.900000 2 467.0 266.0 33.0 28.0
8.933333 2 467.0 265.0 33.0 27.0
8.966667 2 468.0 266.0 32.0 26.0
9.000000 2 468.0 266.0 32.0 22.0
9.033333 2 471.0 265.0 29.0 23.0
9.066667 2 471.0 265.0 28.0 23.0
9.100000 2 469.0 266.0 30.0 22.0
9.133333 2 469.0 266.0 29.0 21.0
9.166667 2 468.0 261.0 30.0 26.0
9.200000 2 468.0 261.0 33.0 28.0
9.233333 2 465.0 258.0 36.0 31.0
9.266667 2 465.0 258.0 35.0 27.0
9.300000 2 467.0 258.0 34.0 27.0
9.333333 2 467.0 258.0 31.0 27.0
9.366667 2 468.0 258.0 30.0 27.0
9.400000 2 468.0 258.0 28.0 24.0
9.433333 2 466.0 256.0 30.0 26.0
9.466667 2 466.0 256.0 31.0 24.0
9.500000 2 465.0 255.0 34.0 25.0
9.533333 2 465.0 255.0 33.0 27.0
9.566667 2 463.0 253.0 35.0 29.0
9.600000 2 463.0 253.0 38.0 30.0
9.633333 2 463.0 246.0 38.0 37.0
9.666667 2 463.0 246.0 32.0 32.0
9.700000 2 462.0 247.0 33.0 31.0
9.733333 2 462.0 247.0 36.0 32.0
9.766667 2 465.0 249.0 30.0 29.0
9.800000 2 460.0 245.0 35.0 33.0
9.833333 2 460.0 245.0 35.0 34.0
9.866667 2 461.0 245.0 34.0 34.0
9.900000 2 461.0 245.0 31.0 28.0
9.933333 2 460.0 245.0 32.0 28.0
9.966667 2 460.0 245.0 32.0 28.0
10.000000 2 462.0 245.0 30.0 28.0
10.033333 2 462.0 245.0 30.0 26.0
10.066667 2 459.0 243.0 33.0 28.0
10.100000 2 459.0 243.0 30.0 26.0
10.133333 2 458.0 241.0 31.0 28.0
10.166667 2 458.0 241.0 34.0 26.0
10.200000 2 456.0 241.0 36.0 26.0
10.233333 2 455.0 239.0 37.0 30.0
10.266667 2 457.0 238.0 35.0 31.0
10.300000 2 457.0 239.0 35.0 30.0
10.333333 2 457.0 239.0 34.0 27.0
10.366667 2 462.0 241.0 29.0 25.0
10.400000 2 462.0 241.0 31.0 21.0
10.433333 2 459.0 232.0 35.0 30.0
10.466667 2 459.0 232.0 36.0 32.0
10.500000 2 461.0 235.0 36.0 29.0
10.533333 2 461.0 235.0 37.0 26.0
10.566667 2 468.0 235.0 25.0 23.0
10.600000 2 466.0 234.0 28.0 24.0
10.633333 2 466.0 234.0 34.0 25.0
10.666667 2 468.0 229.0 32.0 30.0
10.700000 2 468.0 229.0 30.0 29.0
10.733333 2 471.0 229.0 28.0 29.0
10.766667 2 471.0 229.0 27.0 23.0
10.800000 2 474.0 228.0 25.0 25.0
