0.000000 2 375.0 291.0 28.0 18.0
0.033333 2 373.7 289.8 29.5 19.9
0.066667 2 373.7 290.7 28.1 18.1
0.100000 2 372.9 290.3 28.3 18.4
0.133333 2 371.7 289.4 29.4 20.0
0.166667 2 371.7 290.1 28.0 18.1
0.200000 2 370.9 289.9 28.1 18.2
0.233333 2 369.7 289.1 29.2 19.5
0.266667 2 369.3 289.4 28.5 18.7
0.300000 2 368.8 289.4 28.1 18.2
0.333333 2 368.0 289.2 28.2 18.3
0.366667 2 366.7 288.2 29.3 19.8
0.400000 2 366.7 289.0 28.0 18.0
0.433333 2 365.8 288.7 28.2 18.3
0.466667 2 364.7 288.0 29.1 19.3
0.500000 2 364.0 287.9 29.1 19.4
0.533333 2 363.8 288.3 28.1 18.3
0.566667 2 362.7 287.7 29.0 19.3
0.600000 2 362.5 288.1 28.1 18.2
0.633333 2 362.1 288.1 28.0 18.0
0.666667 2 361.4 287.7 28.4 18.5
0.700000 2 361.0 287.7 28.1 18.2
0.733333 2 360.3 287.2 28.6 18.7
0.766667 2 359.8 286.9 28.7 18.9
0.800000 2 359.8 287.0 28.0 18.4
0.833333 2 359.0 286.5 28.9 19.1
0.866667 2 358.8 286.6 28.7 18.9
0.900000 2 359.0 286.7 28.1 18.3
0.933333 2 358.9 286.7 28.1 18.3
0.966667 2 358.7 286.6 28.1 18.3
1.000000 2 358.7 286.6 28.1 18.4
1.033333 2 358.7 286.6 28.1 18.3
1.066667 2 358.7 286.7 28.1 18.2
1.100000 2 358.7 286.7 28.0 18.2
1.133333 2 358.8 286.7 28.0 18.3
1.166667 2 358.8 286.9 28.0 18.3
1.200000 2 359.1 287.1 28.1 18.1
1.233333 2 358.7 286.4 29.2 19.5
1.266667 2 359.2 286.8 28.7 19.0
1.300000 2 359.8 287.2 28.1 18.3
1.333333 2 359.8 287.2 28.1 18.4
1.366667 2 360.0 287.4 28.0 18.1
1.400000 2 360.0 287.5 28.0 18.1
1.433333 2 359.7 286.7 29.2 19.6
1.466667 2 359.7 286.7 29.2 19.6
1.500000 2 359.7 286.8 29.4 19.7
1.533333 2 359.8 286.9 29.3 19.7
1.566667 2 359.9 287.2 29.1 19.5
1.600000 2 359.9 287.2 29.2 19.5
1.633333 2 359.8 287.4 29.1 19.5
1.666667 2 359.8 287.4 29.2 19.6
1.700000 2 359.8 287.6 29.2 19.7
1.733333 2 359.8 288.4 28.7 18.7
1.766667 2 359.9 288.8 28.4 18.5
1.800000 2 359.7 288.9 28.4 18.7
1.833333 2 359.6 289.1 28.4 18.7
1.866667 2 359.5 289.5 28.3 18.4
1.900000 2 359.0 289.4 29.0 19.2
1.933333 2 358.6 289.3 29.3 19.6
1.966667 2 358.6 289.6 29.4 19.7
2.000000 2 358.9 290.6 28.3 18.2
2.033333 2 358.9 290.8 28.3 18.3
2.066667 2 358.7 291.0 28.3 18.5
2.100000 2 358.6 291.3 28.2 18.4
2.133333 2 358.6 291.7 28.2 18.2
2.166667 2 357.9 291.4 29.2 19.5
2.200000 2 357.8 291.5 29.3 19.6
2.233333 2 357.5 291.7 29.6 19.8
2.266667 2 357.9 292.7 28.4 18.3
2.300000 2 357.8 292.9 28.4 18.5
2.333333 2 357.7 292.8 28.6 18.8
2.366667 2 357.5 292.9 28.6 18.9
2.400000 2 357.5 293.3 28.2 18.1
2.433333 2 356.9 292.9 28.7 18.9
2.466667 2 356.8 293.0 28.4 18.7
2.500000 2 356.5 293.0 28.4 18.6
2.533333 2 356.0 292.7 28.7 18.8
2.566667 2 355.7 292.5 28.6 18.9
2.600000 2 355.3 292.1 28.9 19.2
2.633333 2 355.0 291.8 28.8 18.9
2.666667 2 354.7 291.4 28.8 19.0
2.700000 2 354.4 291.0 28.5 18.7
2.733333 2 353.9 290.5 28.7 18.7
2.766667 2 353.4 289.7 28.8 19.3
2.800000 2 352.9 289.4 28.9 18.9
2.833333 2 352.5 288.5 28.9 19.3
2.866667 2 352.3 288.0 28.7 18.9
2.900000 2 351.5 287.1 29.0 19.3
2.933333 2 351.3 286.3 28.9 19.3
2.966667 2 350.8 285.8 28.6 18.7
3.000000 2 350.5 284.6 28.8 19.4
3.033333 2 350.2 284.1 28.7 18.7
3.066667 2 349.8 283.2 28.8 18.6
3.100000 2 349.5 282.1 28.9 19.3
3.133333 2 349.4 281.0 29.0 19.4
3.166667 2 349.3 279.9 29.0 19.5
3.200000 2 349.4 278.9 28.8 19.3
3.233333 2 349.4 277.8 28.8 19.3
3.266667 2 349.4 276.7 28.7 19.3
3.300000 2 349.4 275.6 28.8 19.3
3.333333 2 349.4 274.4 28.8 19.4
3.366667 2 349.4 273.3 28.8 19.4
3.400000 2 349.7 272.4 28.8 19.1
3.433333 2 350.0 271.6 28.7 18.6
3.466667 2 349.9 270.2 29.0 18.9
3.500000 2 350.2 269.1 28.8 19.0
3.533333 2 350.3 268.0 28.9 19.4
3.566667 2 350.5 267.0 28.9 19.3
3.600000 2 351.0 266.3 28.5 18.5
3.633333 2 351.0 265.2 28.6 18.5
3.666667 2 351.4 264.0 28.4 18.5
3.700000 2 351.4 263.0 28.4 18.6
3.733333 2 351.4 261.8 28.6 18.9
3.766667 2 351.4 260.6 28.7 19.1
3.800000 2 351.4 259.6 28.7 19.2
3.833333 2 351.4 258.3 28.9 19.3
3.866667 2 351.5 257.4 28.8 19.3
3.900000 2 351.5 256.3 28.7 19.2
3.933333 2 351.5 255.3 28.7 19.2
3.966667 2 351.5 254.1 28.6 19.0
4.000000 2 351.6 253.6 28.0 18.1
4.033333 2 351.4 252.4 28.2 18.3
4.066667 2 351.3 251.3 28.4 18.6
4.100000 2 351.1 250.5 28.2 18.3
4.133333 2 350.7 249.3 28.4 18.7
4.166667 2 350.6 248.5 28.3 18.5
4.200000 2 350.0 247.3 28.8 19.2
4.233333 2 350.1 247.0 28.1 18.2
4.266667 2 349.8 246.1 28.1 18.3
4.300000 2 349.6 245.7 28.2 18.2
4.333333 2 348.8 244.6 28.8 19.0
4.366667 2 349.0 244.5 28.1 18.1
4.400000 2 348.8 244.0 28.1 18.2
4.433333 2 348.3 243.2 28.5 18.6
4.466667 2 347.9 242.6 28.8 19.1
4.500000 2 348.1 242.9 28.0 18.0
4.533333 2 347.6 242.5 28.1 18.2
4.566667 2 347.1 241.8 28.7 18.9
4.600000 2 347.1 242.1 28.1 18.1
4.633333 2 346.7 241.7 28.3 18.5
4.666667 2 346.4 241.7 28.3 18.4
4.700000 2 345.8 241.2 29.0 19.2
4.733333 2 345.9 241.7 28.3 18.4
4.766667 2 345.6 241.6 28.3 18.5
4.800000 2 345.2 241.5 28.7 18.8
4.833333 2 345.0 241.7 28.3 18.4
4.866667 2 344.6 242.0 28.2 18.2
4.900000 2 344.1 241.6 28.8 19.0
4.933333 2 343.9 242.0 28.7 18.8
4.966667 2 343.6 242.5 28.4 18.3
5.000000 2 343.1 242.3 28.9 19.2
5.033333 2 342.8 242.5 28.9 19.2
5.066667 2 342.8 243.3 28.2 18.3
5.100000 2 341.9 243.1 29.2 19.5
5.133333 2 341.8 243.3 29.2 19.5
5.166667 2 342.0 244.3 28.1 18.0
5.200000 2 341.5 244.7 28.3 18.3
5.233333 2 340.8 244.5 29.1 19.5
5.266667 2 341.0 245.5 28.2 18.1
5.300000 2 340.6 245.7 28.4 18.6
5.333333 2 340.4 246.3 28.2 18.3
5.366667 2 340.0 246.9 28.2 18.3
5.400000 2 339.5 246.9 28.7 19.2
5.433333 2 339.4 247.4 28.6 18.9
5.466667 2 339.2 248.1 28.4 18.4
5.500000 2 338.5 248.2 28.9 19.6
5.533333 2 338.3 248.8 28.8 19.3
5.566667 2 338.3 249.8 28.4 18.4
5.600000 2 337.6 250.0 28.7 19.2
5.633333 2 337.6 250.5 28.7 19.2
5.666667 2 337.1 251.4 28.6 18.7
5.700000 2 336.9 252.0 28.4 18.6
5.733333 2 336.5 252.5 28.5 18.8
5.766667 2 335.9 253.1 28.9 19.0
5.800000 2 335.9 253.9 28.5 18.7
5.833333 2 335.4 254.1 28.9 19.5
5.866667 2 335.3 255.1 28.7 18.9
5.900000 2 335.1 256.1 28.4 18.4
5.933333 2 334.4 256.2 29.0 19.6
5.966667 2 334.2 257.1 29.0 19.3
6.000000 2 334.1 258.1 28.8 18.8
6.033333 2 333.6 258.9 28.9 19.0
6.066667 2 333.4 259.6 28.9 19.3
6.100000 2 333.1 260.7 28.7 18.7
6.133333 2 332.9 261.7 28.7 18.6
6.166667 2 332.4 262.1 29.2 19.4
6.200000 2 332.1 262.9 29.1 19.2
6.233333 2 331.7 263.9 29.4 19.3
6.266667 2 331.3 264.9 29.4 19.5
6.300000 2 331.4 265.7 29.1 19.2
6.333333 2 330.8 266.6 29.4 19.3
6.366667 2 330.8 267.8 28.8 18.6
6.400000 2 330.4 268.6 28.9 18.9
6.433333 2 330.3 269.8 28.7 18.5
6.466667 2 330.1 270.4 29.0 18.8
6.500000 2 329.5 271.1 29.6 19.6
6.533333 2 329.7 272.3 29.1 18.9
6.566667 2 329.6 273.2 28.9 19.0
6.600000 2 329.5 274.3 28.8 19.1
6.633333 2 329.5 275.3 28.8 19.1
6.666667 2 329.5 276.3 28.7 19.0
6.700000 2 329.5 277.3 28.7 19.0
6.733333 2 329.5 278.5 28.6 19.0
6.766667 2 329.6 279.5 28.6 19.0
6.800000 2 329.9 280.9 28.5 18.5
6.833333 2 329.8 281.6 29.1 19.1
6.866667 2 330.3 283.2 28.6 18.4
6.900000 2 330.4 284.0 28.9 19.0
6.933333 2 330.7 285.4 28.8 18.8
6.966667 2 330.8 286.3 29.3 19.3
7.000000 2 331.4 287.7 28.7 18.8
7.033333 2 331.6 288.9 28.7 18.9
7.066667 2 331.7 289.9 29.3 19.2
7.100000 2 332.4 291.7 28.5 18.3
7.133333 2 332.7 292.6 28.6 18.8
7.166667 2 333.0 294.1 28.3 18.3
7.200000 2 332.9 294.8 29.0 19.3
7.233333 2 333.5 296.6 28.4 18.3
7.266667 2 333.7 297.8 28.3 18.5
7.300000 2 334.0 299.2 28.1 18.1
7.333333 2 334.0 300.2 28.3 18.3
7.366667 2 334.1 301.1 28.8 18.9
7.400000 2 334.3 302.5 28.5 18.6
7.433333 2 334.6 303.8 28.2 18.3
7.466667 2 334.7 304.8 28.2 18.3
7.500000 2 334.7 306.0 28.2 18.3
7.533333 2 334.7 307.2 28.2 18.3
7.566667 2 334.7 308.3 28.2 18.3
7.600000 2 334.6 309.5 28.3 18.4
7.633333 2 334.6 310.8 28.1 18.0
7.666667 2 334.3 311.5 28.7 19.1
7.700000 2 334.3 312.4 28.8 19.2
7.733333 2 333.3 312.6 30.2 21.3
7.766667 2 333.3 313.9 29.9 21.2
7.800000 2 333.4 315.3 29.7 20.8
7.833333 2 334.0 317.7 28.1 18.6
7.866667 2 334.1 319.0 27.5 18.3
7.900000 2 334.1 320.2 27.3 18.2
7.933333 2 333.4 320.5 28.3 19.8
7.966667 2 333.1 321.6 28.4 20.1
8.000000 2 333.1 322.9 28.5 19.9
8.033333 2 333.0 324.1 28.4 19.5
8.066667 2 333.3 326.0 27.3 17.9
8.100000 2 332.9 326.9 27.6 18.3
8.133333 2 332.1 326.9 28.9 20.2
8.166667 2 331.7 327.7 29.2 20.6
8.200000 2 332.1 329.6 27.8 18.8
8.233333 2 332.0 330.7 27.5 18.4
8.266667 2 331.4 330.9 28.3 19.7
8.300000 2 331.1 331.9 28.1 19.4
8.333333 2 331.3 333.3 27.2 18.2
8.366667 2 331.2 334.1 27.3 18.1
8.400000 2 333.0 338.0 22.0 18.0
8.433333 2 332.0 339.0 23.0 17.0
8.466667 2 332.0 339.0 24.0 20.0
8.500000 2 328.0 341.0 28.0 18.0
8.533333 2 328.0 341.0 28.0 18.0
8.566667 2 332.0 340.0 24.0 19.0
8.600000 2 332.0 340.0 25.0 19.0
8.633333 2 328.0 343.0 29.0 16.0
8.666667 2 328.0 343.0 29.0 19.0
8.700000 2 327.0 341.0 30.0 21.0
8.733333 2 327.0 341.0 28.0 19.0
8.766667 2 329.0 343.0 26.0 17.0
8.800000 2 329.0 343.0 29.0 17.0
8.833333 2 330.0 345.0 28.0 15.0
8.866667 2 330.0 345.0 27.0 19.0
8.900000 2 332.0 345.0 25.0 17.0
8.933333 2 332.0 345.0 26.0 18.0
8.966667 2 332.0 345.0 26.0 18.0
9.000000 2 332.0 345.0 28.0 18.0
9.033333 2 336.0 345.0 21.0 16.0
9.066667 2 336.0 345.0 24.0 15.0
9.100000 2 336.0 347.0 24.0 13.0
9.133333 2 336.0 347.0 27.0 13.0
9.166667 2 341.0 346.0 22.0 14.0
9.200000 2 341.0 346.0 22.0 15.0
9.233333 2 336.0 342.0 27.0 19.0
9.266667 2 336.0 342.0 28.0 20.0
9.300000 2 342.0 343.0 22.0 19.0
9.333333 2 342.0 343.0 23.0 18.0
9.366667 2 338.0 339.0 27.0 22.0
9.400000 2 338.0 339.0 32.0 21.0
9.433333 2 341.0 340.0 29.0 20.0
9.466667 2 341.0 340.0 28.0 20.0
9.500000 2 344.0 339.0 25.0 21.0
9.533333 2 344.0 339.0 27.0 20.0
9.566667 2 348.0 337.0 23.0 22.0
9.600000 2 348.0 337.0 27.0 22.0
9.633333 2 344.0 336.0 31.0 23.0
9.666667 2 344.0 336.0 34.0 23.0
9.700000 2 346.0 334.0 32.0 25.0
9.733333 2 345.0 334.0 31.0 23.0
9.766667 2 342.0 334.0 34.0 23.0
9.800000 2 342.0 334.0 40.0 23.0
9.833333 2 343.0 333.0 39.0 24.0
9.866667 2 342.0 331.0 42.0 25.0
9.900000 2 350.0 332.0 34.0 24.0
9.933333 2 350.0 332.0 28.0 19.0
9.966667 2 350.0 333.0 28.0 18.0
10.000000 2 350.0 333.0 31.0 20.0
10.033333 2 351.0 333.0 30.0 20.0
10.066667 2 351.0 333.0 30.0 19.0
10.100000 2 352.0 331.0 29.0 21.0
10.133333 2 352.0 331.0 26.0 18.0
10.166667 2 352.0 334.0 26.0 15.0
10.200000 2 352.0 334.0 30.0 15.0
10.233333 2 351.0 330.0 31.0 19.0
10.266667 2 351.0 330.0 33.0 20.0
10.300000 2 348.0 328.0 33.0 21.0
10.333333 2 348.0 328.0 37.0 20.0
