0.000000 2 414.7 271.2 18.7 14.7
0.033333 2 414.8 271.1 18.1 14.7
0.066667 2 413.9 269.9 19.6 16.5
0.100000 2 414.2 270.4 18.6 15.0
0.133333 2 413.4 269.9 19.7 15.6
0.166667 2 413.4 269.7 19.7 15.6
0.200000 2 413.2 269.3 19.6 16.0
0.233333 2 412.6 268.6 20.6 17.1
0.266667 2 413.6 269.6 18.3 14.7
0.300000 2 412.5 269.0 19.7 15.6
0.333333 2 412.5 268.8 19.7 15.7
0.366667 2 412.6 268.9 18.9 15.0
0.400000 2 412.1 268.2 19.3 16.0
0.433333 2 412.7 268.8 17.8 14.1
0.466667 2 411.7 267.9 19.2 15.4
0.500000 2 411.8 267.9 19.1 15.2
0.533333 2 412.0 268.4 17.7 14.0
0.566667 2 411.5 267.6 18.3 14.9
0.600000 2 411.9 267.9 17.4 13.8
0.633333 2 410.6 266.7 19.5 15.7
0.666667 2 410.4 266.6 19.4 15.5
0.700000 2 410.9 267.0 17.8 14.2
0.733333 2 410.6 266.6 17.9 14.4
0.766667 2 409.2 265.5 20.2 16.4
0.800000 2 409.3 265.5 19.6 15.9
0.833333 2 409.7 266.2 17.9 14.1
0.866667 2 409.4 265.5 18.4 14.8
0.900000 2 408.0 264.3 20.4 16.9
0.933333 2 408.7 265.1 18.2 15.0
0.966667 2 408.9 265.0 17.5 14.1
1.000000 2 406.9 263.6 20.6 16.9
1.033333 2 407.1 263.7 19.9 16.4
1.066667 2 407.2 263.6 19.4 16.1
1.100000 2 407.2 263.7 18.9 15.6
1.133333 2 406.2 263.0 20.5 17.0
1.166667 2 406.5 263.6 18.8 15.3
1.200000 2 406.6 263.7 18.1 14.6
1.233333 2 405.4 262.5 20.0 16.7
1.266667 2 404.4 261.6 21.6 18.1
1.300000 2 405.2 262.6 19.1 15.9
1.333333 2 404.8 262.4 19.5 16.1
1.366667 2 403.4 261.5 21.6 17.5
1.400000 2 404.3 262.6 18.4 14.8
1.433333 2 403.0 261.3 20.8 17.1
1.466667 2 402.8 261.0 21.3 17.5
1.500000 2 403.5 262.0 18.5 15.2
1.533333 2 403.5 262.0 18.5 15.2
1.566667 2 402.5 261.8 18.7 15.3
1.600000 2 402.6 262.0 18.1 14.7
1.633333 2 402.4 262.0 18.2 14.6
1.666667 2 401.8 261.6 18.1 14.6
1.700000 2 401.7 261.5 18.2 14.7
1.733333 2 399.4 259.8 21.9 18.1
1.766667 2 399.0 259.5 22.2 18.4
1.800000 2 400.0 260.4 20.0 16.5
1.833333 2 399.5 260.3 20.0 16.6
1.866667 2 398.2 259.1 22.4 18.6
1.900000 2 398.5 260.2 20.0 16.4
1.933333 2 399.0 260.5 19.0 15.2
1.966667 2 396.7 258.3 22.9 19.1
2.000000 2 397.9 259.3 20.0 16.7
2.033333 2 397.1 258.9 20.8 17.5
2.066667 2 396.0 258.0 22.7 19.0
2.100000 2 395.9 258.7 21.0 17.5
2.133333 2 396.1 258.9 20.6 16.8
2.166667 2 396.4 259.9 18.4 14.6
2.200000 2 396.1 259.3 18.9 15.3
2.233333 2 395.2 259.0 18.9 15.6
2.266667 2 395.2 258.9 19.0 15.6
2.300000 2 394.7 258.6 19.5 16.1
2.333333 2 394.8 259.4 17.6 14.0
2.366667 2 394.6 259.1 18.1 14.4
2.400000 2 394.1 258.4 19.0 15.4
2.433333 2 393.5 258.8 18.3 14.6
2.466667 2 393.3 258.5 18.5 14.8
2.500000 2 391.8 257.4 20.6 16.9
2.533333 2 392.0 257.8 19.5 15.9
2.566667 2 391.7 257.5 19.7 16.2
2.600000 2 391.1 257.0 20.6 16.9
2.633333 2 391.3 257.9 18.8 14.9
2.666667 2 390.1 256.7 20.8 16.9
2.700000 2 389.3 256.2 21.8 17.4
2.733333 2 390.3 257.6 18.4 14.6
2.766667 2 389.2 256.5 20.5 16.6
2.800000 2 389.7 257.4 18.0 14.5
2.833333 2 389.6 257.3 18.1 14.6
2.866667 2 388.9 257.3 17.8 14.2
2.900000 2 389.0 257.4 17.6 13.9
2.933333 2 386.9 256.0 20.8 16.5
2.966667 2 387.0 256.3 19.2 15.8
3.000000 2 387.8 256.9 17.7 14.1
3.033333 2 385.6 255.3 21.3 17.1
3.066667 2 386.8 256.8 17.7 14.1
3.100000 2 386.6 256.6 18.0 14.4
3.133333 2 385.8 256.6 17.7 14.3
3.166667 2 385.2 256.2 18.6 15.0
3.200000 2 383.8 255.0 21.0 17.2
3.233333 2 383.3 255.3 20.2 16.5
3.266667 2 382.9 255.2 20.4 16.6
3.300000 2 383.8 256.0 18.4 14.7
3.333333 2 383.8 256.1 18.2 14.4
3.366667 2 382.7 256.1 18.3 14.5
3.400000 2 382.3 255.6 18.9 15.2
3.433333 2 382.1 255.5 18.8 14.8
3.466667 2 381.8 255.8 18.0 14.2
3.500000 2 381.6 255.8 18.0 14.2
3.533333 2 380.9 255.9 17.7 14.0
3.566667 2 380.7 255.7 18.0 14.3
3.600000 2 379.6 255.3 18.9 15.1
3.633333 2 379.8 255.5 18.4 14.8
3.666667 2 378.2 254.6 19.7 16.1
3.700000 2 378.6 255.1 18.6 15.2
3.733333 2 378.7 255.3 18.3 14.9
3.766667 2 377.6 255.0 18.8 15.3
3.800000 2 377.6 255.0 18.8 15.3
3.833333 2 377.7 255.3 18.1 14.8
3.866667 2 375.7 254.1 21.0 17.3
3.900000 2 377.1 255.6 17.5 14.3
3.933333 2 376.2 255.7 17.4 14.1
3.966667 2 376.3 255.9 17.1 13.8
4.000000 2 376.4 256.0 16.6 13.4
4.033333 2 375.5 256.0 16.7 13.6
4.066667 2 375.4 255.9 16.8 13.7
4.100000 2 374.5 255.9 16.8 13.7
4.133333 2 374.9 256.8 15.7 12.4
4.166667 2 374.8 256.9 15.6 12.4
4.200000 2 374.6 256.9 15.8 12.4
4.233333 2 374.1 257.0 15.7 12.4
4.266667 2 374.4 257.2 15.2 12.2
4.300000 2 375.4 258.4 12.6 10.2
4.333333 2 375.4 258.6 12.6 10.2
4.366667 2 369.4 253.3 18.0 15.4
4.400000 2 369.4 253.3 18.7 15.2
4.433333 2 368.6 253.3 19.5 15.2
4.466667 2 364.9 251.8 23.2 16.7
4.500000 2 366.4 251.8 21.2 17.0
4.533333 2 367.9 251.8 19.8 17.1
4.566667 2 368.6 255.5 18.9 13.2
4.600000 2 368.6 254.8 19.5 14.6
4.633333 2 367.9 255.5 19.7 14.2
4.666667 2 361.9 256.3 25.7 13.5
4.700000 2 366.4 253.3 21.1 16.4
4.733333 2 367.9 254.8 19.6 14.9
4.766667 2 367.9 253.3 20.4 16.4
4.800000 2 369.4 254.8 19.0 15.0
4.833333 2 369.4 254.8 18.9 15.0
4.866667 2 368.6 254.8 19.1 15.4
4.900000 2 368.6 253.3 19.1 16.0
4.933333 2 368.6 254.0 19.2 15.3
4.966667 2 363.4 252.5 24.4 16.8
5.000000 2 367.1 256.3 20.6 13.0
5.033333 2 366.4 254.8 21.3 15.5
5.066667 2 369.0 254.8 18.8 14.7
5.100000 2 371.0 256.0 16.0 14.0
5.133333 2 367.0 254.0 20.0 16.0
5.166667 2 367.0 254.0 22.0 19.0
5.200000 2 367.0 255.0 22.0 18.0
5.233333 2 367.0 255.0 22.0 16.0
5.266667 2 369.0 255.0 20.0 16.0
5.300000 2 369.0 256.0 24.0 17.0
5.333333 2 367.0 253.0 26.0 20.0
5.366667 2 367.0 253.0 21.0 20.0
5.400000 2 366.0 253.0 20.0 17.0
5.433333 2 366.0 253.0 28.0 24.0
5.466667 2 365.0 252.0 29.0 24.0
5.500000 2 365.0 252.0 25.0 23.0
5.533333 2 366.0 252.0 24.0 22.0
5.566667 2 366.0 252.0 21.0 18.0
5.600000 2 366.0 253.0 21.0 17.0
5.633333 2 366.0 253.0 18.0 19.0
5.666667 2 369.0 257.0 15.0 15.0
5.700000 2 369.0 257.0 16.0 15.0
5.733333 2 362.0 252.0 24.0 18.0
5.766667 2 362.0 252.0 26.0 24.0
5.800000 2 366.0 258.0 21.0 15.0
5.833333 2 366.0 258.0 18.0 14.0
5.866667 2 361.0 254.0 24.0 17.0
5.900000 2 361.0 254.0 26.0 22.0
5.933333 2 364.0 258.0 24.0 17.0
5.966667 2 364.0 258.0 21.0 15.0
6.000000 2 367.0 253.0 17.0 16.0
6.033333 2 367.0 253.0 23.0 21.0
6.066667 2 365.0 256.0 22.0 15.0
6.100000 2 365.0 256.0 22.0 16.0
6.133333 2 363.0 256.0 22.0 12.0
6.166667 2 363.0 256.0 24.0 18.0
6.200000 2 360.0 255.0 23.0 14.0
6.233333 2 360.0 255.0 26.0 18.0
6.266667 2 362.0 256.0 22.0 15.0
6.300000 2 363.0 256.0 24.0 18.0
6.333333 2 363.0 256.0 19.0 11.0
6.366667 2 363.0 256.0 21.0 17.0
6.400000 2 363.0 255.0 21.0 18.0
6.433333 2 367.0 254.0 22.0 19.0
6.466667 2 360.0 254.0 24.0 15.0
6.500000 2 360.0 253.0 28.0 19.0
6.533333 2 359.0 253.0 28.0 18.0
6.566667 2 359.0 253.0 21.0 18.0
6.600000 2 359.0 255.0 22.0 15.0
6.633333 2 359.0 255.0 22.0 15.0
6.666667 2 361.0 253.0 20.0 17.0
6.700000 2 360.0 253.0 21.0 20.0
6.733333 2 359.0 254.0 23.0 17.0
6.766667 2 359.0 254.0 22.0 19.0
6.800000 2 357.0 253.0 24.0 17.0
6.833333 2 357.0 253.0 21.0 19.0
6.866667 2 358.0 257.0 20.0 15.0
6.900000 2 360.0 256.0 19.0 17.0
6.933333 2 357.0 253.0 19.0 17.0
6.966667 2 360.0 255.0 17.0 15.0
7.000000 2 360.0 254.0 20.0 17.0
7.033333 2 358.0 250.0 22.0 21.0
7.066667 2 358.0 249.0 23.0 21.0
7.100000 2 356.0 250.0 25.0 17.0
7.133333 2 357.0 248.0 24.0 25.0
7.166667 2 357.0 253.0 24.0 18.0
7.200000 2 357.0 251.0 20.0 19.0
7.233333 2 351.0 247.0 24.0 21.0
7.266667 2 354.0 250.0 21.0 18.0
7.300000 2 354.0 250.0 17.0 20.0
7.333333 2 355.0 250.0 18.0 20.0
7.366667 2 355.0 250.0 21.0 23.0
7.400000 2 353.0 245.0 23.0 27.0
7.433333 2 353.0 244.0 26.0 27.0
7.466667 2 348.0 244.0 31.0 26.0
7.500000 2 348.0 244.0 34.0 28.0
7.533333 2 348.0 238.0 34.0 32.0
7.566667 2 348.0 238.0 35.0 38.0
7.600000 2 350.0 241.0 34.0 29.0
7.633333 2 350.0 240.0 29.0 32.0
7.666667 2 352.0 245.0 27.0 24.0
7.700000 2 352.0 245.0 25.0 22.0
7.733333 2 349.0 244.0 29.0 20.0
7.766667 2 349.0 244.0 29.0 23.0
7.800000 2 349.0 245.0 29.0 22.0
7.833333 2 349.0 244.0 26.0 20.0
7.866667 2 350.0 245.0 25.0 17.0
7.900000 2 350.0 244.0 28.0 22.0
7.933333 2 351.0 245.0 27.0 19.0
7.966667 2 351.0 245.0 25.0 18.0
8.000000 2 351.0 244.0 26.0 19.0
8.033333 2 351.0 244.0 29.0 18.0
8.066667 2 352.0 244.0 28.0 18.0
8.100000 2 352.0 241.0 25.0 23.0
8.133333 2 351.0 244.0 27.0 19.0
8.166667 2 351.0 244.0 27.0 20.0
8.200000 2 351.0 239.0 27.0 23.0
8.233333 2 351.0 238.0 30.0 25.0
8.266667 2 353.0 238.0 28.0 25.0
8.300000 2 354.0 237.0 31.0 28.0
8.333333 2 352.0 237.0 32.0 25.0
8.366667 2 353.0 237.0 35.0 29.0
8.400000 2 351.0 233.0 36.0 29.0
8.433333 2 351.0 233.0 33.3 27.0
8.466667 2 357.0 242.0 26.0 14.0
8.500000 2 357.0 242.0 29.0 16.0
8.533333 2 362.0 239.0 24.0 19.0
8.566667 2 362.0 239.0 24.0 18.0
8.600000 2 361.0 235.0 26.0 21.0
8.633333 2 361.0 235.0 26.0 21.0
8.666667 2 360.0 234.0 27.0 22.0
8.700000 2 360.0 234.0 27.0 22.0
8.733333 2 363.0 234.0 24.0 22.0
8.766667 2 363.0 234.0 27.0 21.0
8.800000 2 363.0 232.0 27.0 23.0
8.833333 2 363.0 231.0 29.0 25.0
8.866667 2 363.0 227.0 30.0 28.0
8.900000 2 363.0 227.0 30.0 26.0
8.933333 2 363.0 226.0 30.0 27.0
8.966667 2 363.0 226.0 28.0 27.0
9.000000 2 368.0 226.0 24.0 27.0
9.033333 2 368.0 226.0 28.0 22.0
9.066667 2 368.0 223.0 28.0 25.0
9.100000 2 368.0 223.0 26.0 23.0
9.133333 2 366.0 223.0 27.0 21.0
9.166667 2 366.0 223.0 29.0 24.0
9.200000 2 366.0 226.0 29.0 21.0
9.233333 2 366.0 226.0 27.0 22.0
9.266667 2 366.0 220.0 27.0 28.0
9.300000 2 366.0 220.0 33.0 24.0
9.333333 2 370.0 221.0 29.0 23.0
9.366667 2 370.0 221.0 27.0 21.0
9.400000 2 369.0 220.0 29.0 22.0
9.433333 2 369.0 220.0 27.0 24.0
9.466667 2 372.0 221.0 25.0 23.0
9.500000 2 372.0 221.0 25.0 21.0
9.533333 2 366.0 220.0 31.0 21.0
9.566667 2 366.0 220.0 33.0 21.0
9.600000 2 368.0 220.0 32.0 21.0
9.633333 2 368.0 220.0 29.0 21.0
9.666667 2 370.0 218.0 27.0 23.0
9.700000 2 370.0 218.0 29.0 25.0
9.733333 2 371.0 219.0 30.0 23.0
9.766667 2 371.0 219.0 29.0 25.0
9.800000 2 369.0 216.0 32.0 28.0
9.833333 2 369.0 216.0 33.0 28.0
9.866667 2 369.0 215.0 33.0 28.0
9.900000 2 369.0 215.0 35.0 29.0
9.933333 2 378.0 218.0 27.0 26.0
9.966667 2 378.0 218.0 24.0 23.0
10.000000 2 374.0 220.0 28.0 21.0
10.033333 2 374.0 220.0 29.0 22.0
10.066667 2 374.6 222.5 28.4 19.5
