0.000000 2 385.0 22.0 54.0 40.0
0.033333 2 385.3 32.2 53.5 39.8
0.066667 2 385.4 42.6 53.4 39.9
0.100000 2 385.4 52.9 53.4 40.0
0.133333 2 385.0 63.2 53.6 40.5
0.166667 2 385.0 73.8 53.4 40.5
0.200000 2 384.9 83.9 53.5 40.6
0.233333 2 384.8 94.1 53.4 40.4
0.266667 2 384.7 104.2 53.3 40.3
0.300000 2 384.5 114.2 53.2 40.2
0.333333 2 384.6 124.0 52.9 39.9
0.366667 2 384.4 133.6 53.0 40.0
0.400000 2 384.4 143.2 52.9 40.0
0.433333 2 384.3 152.8 52.8 39.9
0.466667 2 384.2 162.2 52.9 39.9
0.500000 2 384.3 172.0 52.6 39.8
0.533333 2 384.2 181.5 52.8 40.0
0.566667 2 384.2 191.2 52.7 39.9
0.600000 2 384.2 201.0 52.5 39.8
0.633333 2 384.0 210.5 52.7 39.9
0.666667 2 384.0 220.3 52.5 39.8
0.700000 2 383.5 229.9 52.5 39.7
0.733333 2 383.5 239.4 52.6 39.8
0.766667 2 383.0 249.3 52.4 39.6
0.800000 2 383.1 258.1 52.4 39.6
0.833333 2 382.5 267.1 52.6 39.7
0.866667 2 382.8 276.6 52.6 39.5
0.900000 2 382.3 285.3 52.6 39.6
0.933333 2 382.0 293.4 52.3 39.3
0.966667 2 382.1 301.8 52.7 39.7
1.000000 2 382.1 309.4 52.5 39.4
1.033333 2 338.0 356.0 17.0 17.0
1.066667 2 336.0 356.0 19.0 17.0
1.100000 2 336.0 356.0 21.0 13.0
1.133333 2 335.0 353.0 22.0 16.0
1.166667 2 335.0 353.0 25.0 15.0
1.200000 2 333.0 348.0 27.0 20.0
1.233333 2 334.0 348.0 29.0 16.0
1.266667 2 338.0 345.0 25.0 19.0
1.300000 2 338.0 345.0 27.0 16.0
1.333333 2 340.0 341.0 25.0 20.0
1.366667 2 340.0 341.0 23.0 14.0
1.400000 2 339.0 338.0 24.0 17.0
1.433333 2 339.0 338.0 24.0 14.0
1.466667 2 339.0 334.0 24.0 18.0
1.500000 2 339.0 334.0 22.0 13.0
1.533333 2 337.0 330.0 24.0 17.0
1.566667 2 337.0 330.0 27.0 15.0
1.600000 2 341.0 324.0 23.0 21.0
1.633333 2 341.0 324.0 22.0 15.0
1.666667 2 339.0 318.0 24.0 21.0
1.700000 2 339.0 318.0 26.0 16.0
1.733333 2 336.0 314.0 29.0 20.0
1.766667 2 335.0 314.0 29.0 18.0
1.800000 2 337.0 309.0 27.0 23.0
1.833333 2 337.0 309.0 23.0 18.0
1.866667 2 335.0 304.0 25.0 20.0
1.900000 2 335.0 304.0 24.0 15.0
1.933333 2 334.0 299.0 25.0 19.0
1.966667 2 334.0 299.0 26.0 17.0
2.000000 2 330.0 291.0 30.0 25.0
2.033333 2 330.0 288.0 28.0 22.0
2.066667 2 333.0 287.0 24.0 18.0
2.100000 2 332.0 283.0 22.0 20.0
2.133333 2 331.0 281.0 23.0 22.0
2.166667 2 331.0 281.0 24.0 15.0
2.200000 2 327.0 273.0 28.0 23.0
2.233333 2 327.0 273.0 29.0 16.0
2.266667 2 327.0 268.0 29.0 21.0
2.300000 2 327.0 267.0 24.0 17.0
2.333333 2 324.0 257.0 27.0 27.0
2.366667 2 324.0 257.0 25.0 17.0
2.400000 2 325.0 253.0 24.0 21.0
2.433333 2 324.0 253.0 25.0 15.0
2.466667 2 321.0 244.0 28.0 24.0
2.500000 2 321.0 244.0 24.0 13.0
2.533333 2 319.0 235.0 27.0 22.0
2.566667 2 319.0 235.0 24.0 13.0
2.600000 2 319.0 226.0 24.0 22.0
2.633333 2 319.0 226.0 28.0 15.0
2.666667 2 318.0 221.0 29.0 20.0
2.700000 2 318.0 215.0 27.0 20.0
2.733333 2 318.0 209.0 25.0 20.0
2.766667 2 318.0 205.0 25.0 19.0
2.800000 2 319.0 202.0 19.0 18.0
2.833333 2 318.0 194.0 23.0 21.0
2.866667 2 316.0 190.0 26.0 22.0
2.900000 2 316.0 185.0 26.0 20.0
2.933333 2 317.0 181.0 24.0 19.0
2.966667 2 317.0 175.0 20.0 21.0
3.000000 2 312.0 169.0 26.0 18.0
3.033333 2 312.0 169.0 28.0 15.0
3.066667 2 318.0 159.0 22.0 23.0
3.100000 2 318.0 159.0 27.0 13.0
3.133333 2 314.0 147.0 30.0 23.0
3.166667 2 314.0 147.0 31.0 16.0
3.200000 2 312.0 137.0 33.0 26.0
3.233333 2 312.0 137.0 32.0 14.0
3.266667 2 314.0 125.0 30.0 27.0
3.300000 2 314.0 125.0 32.0 17.0
3.333333 2 316.0 115.0 30.0 27.0
3.366667 2 316.0 110.0 30.0 22.0
3.400000 2 318.0 102.0 27.0 25.0
3.433333 2 316.0 100.0 29.0 19.0
3.466667 2 317.0 93.0 32.0 22.0
3.500000 2 316.0 88.0 34.0 20.0
3.533333 2 318.0 82.0 31.0 20.0
3.566667 2 319.0 78.0 29.0 18.0
3.600000 2 319.0 66.0 26.0 24.0
3.633333 2 321.0 64.0 26.0 21.0
3.666667 2 320.0 56.0 30.0 23.0
3.700000 2 320.0 52.0 25.0 22.0
3.733333 2 319.0 43.0 29.0 24.0
3.766667 2 318.0 41.0 30.0 22.0
3.800000 2 454.0 17.0 30.0 29.0
3.833333 2 451.3 20.9 30.5 29.5
3.866667 2 449.0 25.7 30.2 29.2
3.900000 2 446.6 30.1 30.1 29.1
3.933333 2 444.0 34.8 30.2 29.3
3.966667 2 442.0 39.7 29.8 28.8
4.000000 2 439.1 44.3 30.6 29.6
4.033333 2 437.0 49.7 29.8 28.8
4.066667 2 434.2 54.3 30.3 29.3
4.100000 2 432.0 59.4 29.7 28.7
4.133333 2 429.1 64.0 30.5 29.5
4.166667 2 426.9 69.0 30.0 29.0
4.200000 2 424.0 73.5 30.5 29.5
4.233333 2 421.5 78.3 30.2 29.2
4.266667 2 419.0 82.5 30.6 29.7
4.300000 2 417.0 87.5 29.7 28.8
4.333333 2 414.0 91.3 30.6 29.6
4.366667 2 411.8 95.8 30.1 29.2
4.400000 2 409.0 99.7 30.6 29.7
4.433333 2 406.9 104.1 29.9 28.9
4.466667 2 404.0 107.6 30.7 29.7
4.500000 2 402.0 111.7 29.9 28.9
4.533333 2 399.1 115.0 30.5 29.5
4.566667 2 396.9 118.8 30.1 29.1
4.600000 2 394.3 122.1 30.4 29.4
4.633333 2 392.1 125.3 30.4 29.4
4.666667 2 389.9 128.8 30.1 29.1
4.700000 2 387.9 131.9 30.0 29.0
4.733333 2 385.8 134.8 30.1 29.1
4.766667 2 383.9 137.7 30.1 29.1
4.800000 2 382.1 140.3 30.3 29.4
4.833333 2 380.7 143.3 30.0 29.0
4.866667 2 379.0 145.5 30.4 29.4
4.900000 2 378.2 148.3 29.8 28.8
4.933333 2 377.1 150.7 29.7 28.7
4.966667 2 376.0 152.8 30.0 29.0
5.000000 2 375.0 154.8 30.2 29.2
5.033333 2 374.0 156.4 30.8 29.9
5.066667 2 374.0 158.9 30.0 29.0
5.100000 2 373.2 160.4 30.7 29.7
5.133333 2 373.1 162.5 30.2 29.2
5.166667 2 373.2 164.6 29.5 28.5
5.200000 2 372.4 165.5 30.5 29.5
5.233333 2 372.1 167.1 30.4 29.4
5.266667 2 371.9 168.6 30.1 29.1
5.300000 2 371.6 169.8 30.2 29.3
5.333333 2 371.1 171.1 30.3 29.3
5.366667 2 371.0 172.5 30.1 29.1
5.400000 2 370.3 173.3 30.7 29.7
5.433333 2 369.8 174.4 30.7 29.8
5.466667 2 369.9 175.6 30.1 29.1
5.500000 2 369.2 176.3 30.7 29.7
5.533333 2 369.0 177.5 30.3 29.3
5.566667 2 368.1 178.4 30.7 29.7
5.600000 2 367.9 179.7 30.2 29.2
5.633333 2 367.1 180.5 30.7 29.7
5.666667 2 367.0 181.7 30.3 29.4
5.700000 2 366.1 182.8 30.5 29.5
5.733333 2 365.9 184.2 29.9 28.9
5.766667 2 365.2 185.2 30.4 29.4
5.800000 2 364.4 186.4 30.5 29.5
5.833333 2 364.0 187.7 30.3 29.3
5.866667 2 363.2 188.9 30.5 29.5
5.900000 2 363.2 190.5 29.8 28.8
5.933333 2 362.4 191.5 30.5 29.5
5.966667 2 362.1 193.2 29.8 28.8
6.000000 2 361.4 194.4 30.3 29.3
6.033333 2 361.0 195.7 30.5 29.5
6.066667 2 361.2 197.6 29.7 28.7
6.100000 2 360.6 198.6 30.3 29.3
6.133333 2 360.5 200.0 30.3 29.3
6.166667 2 360.2 201.3 30.2 29.2
6.200000 2 360.0 202.3 30.7 29.7
6.233333 2 360.1 203.7 30.6 29.6
6.266667 2 360.0 204.6 30.6 29.6
6.300000 2 360.1 205.9 30.3 29.3
6.333333 2 360.2 206.7 30.4 29.4
6.366667 2 360.4 207.8 30.3 29.3
6.400000 2 360.4 208.6 30.2 29.2
6.433333 2 361.1 209.8 29.3 28.4
6.466667 2 360.9 210.0 29.9 28.9
6.500000 2 361.2 210.8 29.5 28.5
6.533333 2 361.4 210.9 30.1 29.1
6.566667 2 361.8 211.4 29.6 28.6
6.600000 2 362.1 211.7 29.6 28.6
6.633333 2 362.0 211.7 29.8 28.8
6.666667 2 362.3 211.9 29.9 28.9
6.700000 2 362.4 211.9 29.9 28.9
6.733333 2 362.6 212.0 29.8 28.8
6.766667 2 362.8 212.0 29.9 28.9
6.800000 2 362.8 212.0 29.9 29.0
6.833333 2 363.2 211.9 29.9 28.9
6.866667 2 363.2 211.8 29.9 28.9
6.900000 2 363.5 211.8 29.6 28.7
6.933333 2 363.7 211.8 29.5 28.6
6.966667 2 363.7 211.5 29.5 28.5
7.000000 2 363.9 211.2 29.7 28.7
7.033333 2 364.0 211.0 29.8 28.9
7.066667 2 364.0 210.9 29.9 28.9
7.100000 2 364.0 210.8 29.8 28.8
7.133333 2 364.1 210.8 29.8 28.8
7.166667 2 364.2 210.8 29.8 28.8
7.200000 2 364.2 210.8 29.7 28.8
7.233333 2 364.3 210.8 29.7 28.7
7.266667 2 364.2 210.9 29.8 28.8
7.300000 2 364.3 211.0 29.7 28.7
7.333333 2 364.5 211.4 29.5 28.5
7.366667 2 364.5 211.8 29.4 28.4
7.400000 2 364.2 212.0 29.9 28.9
7.433333 2 364.3 212.3 29.6 28.6
7.466667 2 364.3 212.8 29.7 28.7
7.500000 2 364.3 213.4 29.6 28.6
7.533333 2 364.2 213.8 29.8 28.8
7.566667 2 364.2 214.3 29.6 28.7
7.600000 2 364.1 214.9 29.9 28.9
7.633333 2 364.2 215.7 29.4 28.4
7.666667 2 364.0 216.2 29.7 28.7
7.700000 2 364.1 216.7 29.4 28.4
7.733333 2 364.0 217.4 29.6 28.6
7.766667 2 363.9 218.3 29.7 28.7
7.800000 2 363.8 218.7 29.6 28.6
7.833333 2 363.7 219.5 29.6 28.7
7.866667 2 363.4 220.0 30.0 29.0
7.900000 2 363.3 221.0 30.0 29.0
7.933333 2 363.2 221.5 29.5 28.6
7.966667 2 363.2 222.5 29.5 28.5
8.000000 2 363.0 222.8 29.9 28.9
8.033333 2 362.9 223.8 29.8 28.8
8.066667 2 363.1 224.9 29.4 28.4
8.100000 2 362.8 225.1 29.7 28.7
8.133333 2 362.8 226.0 29.6 28.6
8.166667 2 362.8 226.7 29.2 28.2
8.200000 2 362.5 227.5 29.3 28.4
8.233333 2 362.4 228.1 29.6 28.6
8.266667 2 362.4 228.8 29.3 28.3
8.300000 2 362.4 236.0 29.0 21.7
8.333333 2 369.0 241.0 25.0 16.0
8.366667 2 365.0 241.0 27.0 20.0
8.400000 2 365.0 241.0 25.0 20.0
8.433333 2 364.0 240.0 26.0 21.0
8.466667 2 364.0 240.0 30.0 21.0
8.500000 2 361.0 245.0 33.0 16.0
8.533333 2 361.0 245.0 29.0 20.0
8.566667 2 366.0 246.0 24.0 19.0
8.600000 2 366.0 246.0 23.0 16.0
8.633333 2 363.0 247.0 26.0 15.0
8.666667 2 363.0 247.0 27.0 20.0
8.700000 2 365.0 247.0 25.0 20.0
8.733333 2 365.0 247.0 26.0 20.0
8.766667 2 365.0 250.0 26.0 17.0
8.800000 2 365.0 250.0 23.0 17.0
8.833333 2 363.0 252.0 25.0 15.0
8.866667 2 363.0 252.0 27.0 18.0
8.900000 2 361.0 253.0 29.0 17.0
8.933333 2 361.0 253.0 26.0 19.0
8.966667 2 363.0 252.0 24.0 20.0
9.000000 2 363.0 252.0 24.0 21.0
9.033333 2 363.0 257.0 24.0 16.0
9.066667 2 363.0 257.0 24.0 17.0
9.100000 2 365.0 260.0 22.0 14.0
9.133333 2 364.0 259.0 22.0 15.0
9.166667 2 364.0 260.0 22.0 14.0
9.200000 2 364.0 260.0 24.0 17.0
9.233333 2 363.0 262.0 25.0 15.0
9.266667 2 363.0 263.0 25.0 14.0
9.300000 2 363.0 263.0 25.0 14.0
9.333333 2 363.0 263.0 21.0 16.0
9.366667 2 360.4 266.0 23.6 13.0
9.400000 2 363.0 263.0 22.0 22.0
9.433333 2 358.0 264.0 27.0 21.0
9.466667 2 359.0 264.0 25.0 19.0
9.500000 2 362.0 267.0 22.0 16.0
9.533333 2 362.0 267.0 22.0 18.0
9.566667 2 360.0 267.0 24.0 18.0
9.600000 2 361.0 267.0 23.0 19.0
9.633333 2 361.0 269.0 23.0 17.0
9.666667 2 362.0 269.0 21.0 22.0
9.700000 2 363.0 270.0 20.0 21.0
9.733333 2 363.0 270.0 21.0 21.0
9.766667 2 360.0 275.0 24.0 16.0
9.800000 2 360.0 275.0 24.0 18.0
9.833333 2 361.0 276.0 23.0 17.0
9.866667 2 361.0 276.0 20.0 17.0
9.900000 2 358.0 276.0 21.0 17.0
9.933333 2 358.0 276.0 24.0 20.0
9.966667 2 359.0 279.0 24.0 16.0
