0.000000 2 346.0 342.0 29.0 16.0
0.033333 2 346.0 338.0 31.0 20.0
0.066667 2 348.0 340.0 25.0 17.0
0.100000 2 348.0 339.0 25.0 17.0
0.133333 2 351.0 339.0 23.0 15.0
0.166667 2 351.0 338.0 23.0 16.0
0.200000 2 350.0 338.0 26.0 16.0
0.233333 2 350.0 335.0 26.0 19.0
0.266667 2 352.0 336.0 27.0 17.0
0.300000 2 353.0 336.0 26.0 17.0
0.333333 2 353.0 336.0 25.0 19.0
0.366667 2 351.0 332.0 27.0 23.0
0.400000 2 351.0 332.0 28.0 17.0
0.433333 2 356.0 333.0 23.0 16.0
0.466667 2 356.0 333.0 23.0 15.0
0.500000 2 351.0 326.0 28.0 22.0
0.533333 2 351.0 327.0 30.0 24.0
0.566667 2 354.0 327.0 26.0 23.0
0.600000 2 354.0 327.0 24.0 21.0
0.633333 2 354.0 330.0 24.0 18.0
0.666667 2 354.0 330.0 24.0 15.0
0.700000 2 354.0 325.0 24.0 20.0
0.733333 2 354.0 325.0 27.0 19.0
0.766667 2 359.0 327.0 22.0 17.0
0.800000 2 359.0 327.0 22.0 17.0
0.833333 2 356.0 322.0 25.0 22.0
0.866667 2 356.0 322.0 25.0 20.0
0.900000 2 361.0 322.0 20.0 20.0
0.933333 2 361.0 322.0 18.0 17.0
0.966667 2 356.0 321.0 23.0 18.0
1.000000 2 356.0 321.0 28.0 18.0
1.033333 2 358.0 318.0 26.0 21.0
1.066667 2 356.0 320.0 29.0 16.0
1.100000 2 357.2 318.8 27.4 16.6
1.133333 2 357.8 317.5 26.3 17.6
1.166667 2 357.7 316.5 26.8 18.0
1.200000 2 354.5 312.6 34.0 24.0
1.233333 2 355.1 312.7 32.8 22.0
1.266667 2 354.5 312.0 34.1 22.0
1.300000 2 357.8 314.0 27.7 16.4
1.333333 2 359.5 313.0 24.5 16.7
1.366667 2 360.5 312.5 22.5 15.9
1.400000 2 360.1 312.1 23.5 14.9
1.433333 2 359.9 311.3 23.8 14.7
1.466667 2 359.9 310.4 23.8 14.6
1.500000 2 359.8 309.7 23.9 14.1
1.533333 2 359.5 308.8 24.7 14.1
1.566667 2 359.2 307.7 25.3 14.6
1.600000 2 360.0 307.6 23.5 13.0
1.633333 2 358.6 305.4 26.3 15.4
1.666667 2 357.1 303.8 29.2 16.6
1.700000 2 357.0 302.9 29.4 16.3
1.733333 2 357.0 301.8 29.5 16.6
1.766667 2 356.1 299.9 30.7 18.4
1.800000 2 355.0 298.1 33.0 19.9
1.833333 2 354.2 297.2 34.5 19.7
1.866667 2 353.4 295.5 36.0 21.1
1.900000 2 353.0 294.0 36.8 22.2
1.933333 2 354.5 294.2 33.4 19.5
1.966667 2 355.8 294.3 30.6 17.1
2.000000 2 355.3 292.1 31.7 19.4
2.033333 2 355.0 290.1 32.3 21.3
2.066667 2 355.0 289.2 32.2 21.0
2.100000 2 355.0 288.4 32.2 20.7
2.133333 2 355.2 287.3 31.9 20.9
2.166667 2 354.2 284.6 34.2 24.2
2.200000 2 353.9 284.0 34.9 23.3
2.233333 2 350.8 280.2 41.6 28.9
2.266667 2 352.8 281.0 38.1 25.5
2.300000 2 353.6 281.5 36.7 22.8
2.333333 2 352.4 279.5 40.1 25.0
2.366667 2 353.4 278.5 38.8 25.0
2.400000 2 356.8 280.7 32.4 18.8
2.433333 2 354.2 276.9 38.6 24.2
2.466667 2 358.2 279.2 31.6 17.9
2.500000 2 355.7 275.3 37.7 23.5
2.533333 2 359.1 277.3 31.8 17.8
2.566667 2 357.3 273.6 36.9 23.0
2.600000 2 359.8 273.4 32.8 21.6
2.633333 2 360.2 272.9 33.3 20.5
2.666667 2 356.5 268.0 42.5 28.1
2.700000 2 356.7 268.4 43.2 25.3
2.733333 2 358.1 267.9 41.9 24.0
2.766667 2 359.1 263.6 41.3 29.8
2.800000 2 362.5 264.9 35.2 25.1
2.833333 2 363.0 263.4 35.6 25.9
2.866667 2 361.5 260.3 40.0 29.9
2.900000 2 363.0 262.1 38.3 24.1
2.933333 2 358.4 256.3 48.6 33.5
2.966667 2 360.8 258.8 45.0 26.4
3.000000 2 363.4 257.5 40.7 26.3
3.033333 2 365.0 256.2 38.8 26.4
3.066667 2 367.0 257.0 35.9 22.5
3.100000 2 363.6 253.7 44.0 27.0
3.133333 2 360.1 248.6 52.6 35.0
3.166667 2 363.1 251.7 47.5 26.3
3.200000 2 367.0 252.7 40.2 22.2
3.233333 2 365.5 247.8 44.2 29.4
3.266667 2 367.5 248.3 40.9 26.0
3.300000 2 366.4 247.2 44.2 25.9
3.333333 2 361.1 243.4 55.4 31.4
3.366667 2 365.8 244.9 46.4 25.8
3.400000 2 368.0 244.1 42.2 24.9
3.433333 2 365.4 238.9 48.5 32.8
3.466667 2 364.7 237.7 50.0 32.8
3.500000 2 369.1 240.7 42.5 24.0
3.533333 2 370.1 238.8 40.4 25.4
3.566667 2 369.0 235.8 43.6 29.0
3.600000 2 367.0 234.9 47.9 27.9
3.633333 2 370.2 234.6 41.8 26.0
3.666667 2 370.2 232.8 42.3 26.7
3.700000 2 367.7 228.4 48.0 32.4
3.733333 2 370.4 227.0 42.2 32.8
3.766667 2 370.0 225.8 43.5 32.5
3.800000 2 371.4 226.4 41.0 28.4
3.833333 2 372.7 225.1 38.8 28.2
3.866667 2 370.0 224.2 44.9 27.4
3.900000 2 372.3 221.9 40.0 29.3
3.933333 2 372.2 220.6 40.3 29.0
3.966667 2 370.2 219.8 44.5 28.2
4.000000 2 372.7 217.2 39.3 30.5
4.033333 2 372.5 215.0 39.8 32.4
4.066667 2 372.3 215.2 41.0 29.7
4.100000 2 372.4 214.8 40.9 28.7
4.133333 2 372.2 213.9 41.4 28.5
4.166667 2 373.5 213.1 38.6 28.1
4.200000 2 374.2 212.2 37.5 28.1
4.233333 2 374.3 211.5 37.4 27.8
4.266667 2 373.8 209.5 39.2 29.8
4.300000 2 371.1 208.8 44.7 29.9
4.333333 2 372.7 207.9 41.3 30.6
4.366667 2 372.2 206.9 42.5 31.2
4.400000 2 371.8 206.7 43.3 30.8
4.433333 2 371.8 205.6 43.4 31.8
4.466667 2 371.1 205.3 45.0 31.7
4.500000 2 367.8 205.3 52.0 31.5
4.533333 2 368.4 204.0 50.7 33.2
4.566667 2 369.1 203.7 49.3 33.7
4.600000 2 369.7 202.7 48.0 35.5
4.633333 2 369.6 202.5 48.2 35.7
4.666667 2 376.0 207.0 35.0 22.0
4.700000 2 374.4 205.3 38.2 25.4
4.733333 2 374.3 205.2 38.4 25.6
4.766667 2 374.0 204.9 39.1 26.7
4.800000 2 373.4 204.1 40.7 28.5
4.833333 2 373.2 204.5 41.0 28.6
4.866667 2 373.6 205.7 40.1 27.0
4.900000 2 369.8 202.2 47.8 34.7
4.933333 2 371.6 205.1 44.1 29.9
4.966667 2 370.9 204.6 45.5 31.8
5.000000 2 373.9 207.5 39.5 26.9
5.033333 2 373.1 207.8 40.8 27.4
5.066667 2 373.3 208.2 40.5 27.6
5.100000 2 373.5 209.4 39.9 26.7
5.133333 2 373.1 209.7 40.5 27.2
5.166667 2 372.1 209.7 42.3 28.6
5.200000 2 371.2 210.1 43.9 28.9
5.233333 2 367.4 207.9 51.2 35.0
5.266667 2 367.8 208.8 50.0 34.6
5.300000 2 369.5 210.8 46.4 32.0
5.333333 2 370.5 212.2 44.4 30.5
5.366667 2 372.4 214.3 40.1 27.8
5.400000 2 372.4 215.2 39.9 27.6
5.433333 2 369.6 214.6 44.9 30.6
5.466667 2 368.3 214.9 47.0 31.9
5.500000 2 369.4 216.5 44.8 30.0
5.533333 2 371.2 218.8 40.7 27.3
5.566667 2 371.2 219.6 40.4 27.3
5.600000 2 367.5 217.0 47.0 34.3
5.633333 2 367.3 218.1 46.9 34.2
5.666667 2 368.8 220.2 43.4 31.9
5.700000 2 368.7 221.1 43.3 32.0
5.733333 2 364.6 219.7 50.5 37.0
5.766667 2 367.3 222.5 44.7 33.0
5.800000 2 368.8 224.6 41.3 30.8
5.833333 2 365.5 223.7 46.9 34.6
5.866667 2 364.6 224.2 48.4 35.7
5.900000 2 368.8 228.4 39.1 29.1
5.933333 2 367.4 228.6 41.4 30.7
5.966667 2 367.1 229.9 40.9 30.4
6.000000 2 366.2 230.5 41.9 31.3
6.033333 2 364.7 230.8 44.1 32.9
6.066667 2 367.2 233.7 38.1 29.0
6.100000 2 364.1 232.8 43.2 33.2
6.133333 2 365.1 234.4 40.8 32.0
6.166667 2 365.1 236.0 38.7 30.9
6.200000 2 365.4 237.3 37.9 30.2
6.233333 2 362.9 237.8 41.8 31.7
6.266667 2 366.4 242.8 34.0 23.9
6.300000 2 365.4 243.9 34.3 23.8
6.333333 2 361.3 242.6 41.3 28.8
6.366667 2 364.4 246.0 33.9 23.8
6.400000 2 357.6 243.5 46.7 31.3
6.433333 2 363.0 248.0 34.6 23.9
6.466667 2 359.9 247.5 39.8 27.4
6.500000 2 362.0 249.9 34.8 24.3
6.533333 2 357.6 248.9 42.5 28.7
6.566667 2 361.3 252.5 34.2 23.2
6.600000 2 356.0 250.4 43.7 29.8
6.633333 2 362.0 255.0 31.0 22.3
6.666667 2 358.5 254.2 37.0 26.0
6.700000 2 360.1 256.4 33.3 23.5
6.733333 2 361.7 258.6 29.6 20.8
6.766667 2 361.2 259.4 30.1 21.0
6.800000 2 360.7 260.2 30.9 21.4
6.833333 2 359.0 260.1 33.8 23.3
6.866667 2 360.8 262.0 30.0 21.0
6.900000 2 360.3 262.5 30.8 21.6
6.933333 2 362.4 265.4 26.6 17.2
6.966667 2 362.7 266.4 25.7 16.6
7.000000 2 364.9 268.2 21.4 14.4
7.033333 2 364.1 268.3 23.1 15.6
7.066667 2 364.2 269.0 22.9 15.4
7.100000 2 363.3 268.7 24.8 17.2
7.133333 2 363.0 269.5 25.4 16.9
7.166667 2 362.0 269.3 27.9 18.5
7.200000 2 362.5 270.0 27.0 18.0
7.233333 2 365.1 271.5 22.3 15.9
7.266667 2 365.4 272.4 21.7 14.9
7.300000 2 365.2 272.3 22.3 16.0
7.333333 2 366.1 273.7 20.6 14.1
7.366667 2 365.9 273.8 20.9 15.0
7.400000 2 366.1 274.7 20.9 14.2
7.433333 2 365.7 274.6 21.8 15.2
7.466667 2 366.2 275.8 20.9 14.2
7.500000 2 366.4 276.6 20.3 13.8
7.533333 2 366.6 277.3 20.0 13.8
7.566667 2 366.9 278.1 19.5 13.1
7.600000 2 366.8 278.8 19.5 13.2
7.633333 2 367.0 279.5 19.3 12.7
7.666667 2 366.8 280.2 19.1 12.7
7.700000 2 366.2 280.3 20.3 13.8
7.733333 2 365.5 280.4 21.5 14.7
7.766667 2 364.4 280.3 23.5 16.4
7.800000 2 362.4 279.9 27.0 18.4
7.833333 2 361.7 278.8 28.2 22.0
7.866667 2 360.4 276.9 30.3 26.8
7.900000 2 364.1 282.3 23.1 17.4
7.933333 2 365.2 283.8 20.5 15.7
7.966667 2 364.2 283.7 22.2 17.5
8.000000 2 361.8 283.1 26.3 20.0
8.033333 2 363.2 285.2 23.0 17.2
8.066667 2 361.9 284.3 24.8 20.4
8.100000 2 361.4 284.4 25.9 21.5
8.133333 2 361.4 285.8 25.5 19.9
8.166667 2 358.8 284.8 29.9 23.5
8.200000 2 359.1 284.9 28.7 24.6
8.233333 2 361.8 289.4 22.8 17.1
8.266667 2 359.9 289.2 26.2 19.0
8.300000 2 360.1 289.7 25.0 19.3
8.333333 2 360.9 291.2 23.0 17.8
8.366667 2 360.3 292.3 23.6 17.2
8.400000 2 359.0 292.4 26.0 18.6
8.433333 2 358.6 292.5 26.2 19.9
8.466667 2 359.2 293.8 24.3 18.7
8.500000 2 357.6 293.8 26.8 20.7
8.533333 2 359.1 296.1 23.1 17.5
8.566667 2 359.7 297.5 21.0 16.6
8.600000 2 359.0 297.7 22.2 17.6
8.633333 2 357.9 298.0 23.6 19.0
8.666667 2 358.5 299.0 21.8 18.2
8.700000 2 355.7 298.8 26.5 20.4
8.733333 2 356.6 300.5 24.4 18.8
8.766667 2 357.9 302.4 20.9 16.7
8.800000 2 357.1 302.6 22.2 17.9
8.833333 2 354.6 302.1 26.4 20.9
8.866667 2 356.6 304.0 21.6 18.1
8.900000 2 356.4 305.1 21.7 17.9
8.933333 2 353.6 303.8 26.3 22.1
8.966667 2 354.7 305.3 23.9 20.6
9.000000 2 354.6 306.3 23.3 20.5
9.033333 2 353.4 305.9 25.5 23.0
9.066667 2 351.8 305.6 28.3 25.2
9.100000 2 353.0 307.8 24.5 22.5
9.133333 2 354.5 310.5 21.6 18.7
9.166667 2 353.5 311.1 23.1 19.2
9.200000 2 353.8 312.4 21.4 18.5
9.233333 2 353.0 312.2 22.9 20.5
9.266667 2 351.8 312.4 24.5 22.0
9.300000 2 352.0 313.4 24.2 21.4
9.333333 2 352.5 315.3 22.5 19.0
9.366667 2 353.6 316.7 19.8 17.7
9.400000 2 352.7 316.6 20.9 19.4
9.433333 2 351.5 317.2 22.8 19.8
9.466667 2 351.8 318.6 22.0 18.4
9.500000 2 352.8 319.7 19.1 17.5
9.533333 2 351.9 319.6 20.5 18.9
9.566667 2 351.4 320.6 21.1 18.1
9.600000 2 351.2 325.1 20.0 19.0
9.633333 2 352.4 323.0 18.9 21.0
9.666667 2 349.4 323.5 21.0 18.0
9.700000 2 348.4 327.7 23.0 18.0
9.733333 2 350.5 329.1 20.0 17.0
9.766667 2 349.3 329.4 21.0 17.0
9.800000 2 347.1 327.8 22.0 18.0
9.833333 2 350.1 332.8 18.0 15.0
9.866667 2 346.8 329.0 22.0 20.0
9.900000 2 348.9 329.5 19.0 16.0
9.933333 2 348.3 329.5 19.0 18.0
9.966667 2 346.9 333.1 19.0 16.0
10.000000 2 348.9 331.9 17.0 15.0
10.033333 2 347.0 332.4 19.0 18.0
10.066667 2 346.0 332.8 21.0 18.0
10.100000 2 345.7 329.1 21.7 23.1
10.133333 2 347.2 328.6 17.1 24.4
10.166667 2 345.7 328.5 19.7 25.2
10.200000 2 344.2 329.3 20.1 25.1
10.233333 2 344.5 335.2 17.0 15.0
10.266667 2 345.3 332.6 19.0 18.0
10.300000 2 344.6 333.7 20.0 19.0
10.333333 2 342.0 334.0 25.0 19.0
