0.000000 2 373.0 150.0 36.0 27.0
0.033333 2 373.5 150.1 36.2 27.3
0.066667 2 374.7 151.1 35.1 26.3
0.100000 2 374.5 150.9 36.5 27.5
0.133333 2 375.8 152.2 35.2 26.5
0.166667 2 375.8 152.4 36.1 27.2
0.200000 2 376.3 153.2 36.0 27.3
0.233333 2 376.9 154.1 35.3 26.5
0.266667 2 376.7 154.4 36.2 27.3
0.300000 2 376.7 154.9 36.4 27.4
0.333333 2 377.2 156.0 35.9 27.0
0.366667 2 377.2 156.4 35.9 27.1
0.400000 2 377.5 157.7 35.5 26.7
0.433333 2 377.1 158.0 36.1 27.1
0.466667 2 376.7 159.0 36.4 27.4
0.500000 2 376.6 160.3 36.2 27.3
0.533333 2 376.7 161.1 35.6 26.7
0.566667 2 375.6 162.0 36.5 27.4
0.600000 2 375.5 163.3 35.8 27.0
0.633333 2 374.9 164.0 36.2 27.2
0.666667 2 374.4 165.3 35.9 27.1
0.700000 2 373.7 165.8 36.2 27.2
0.733333 2 372.6 166.9 36.6 27.6
0.766667 2 372.8 168.0 35.8 26.8
0.800000 2 371.4 168.9 36.5 27.5
0.833333 2 370.8 170.6 35.8 27.0
0.866667 2 369.5 171.8 36.6 27.5
0.900000 2 369.8 173.1 35.2 26.5
0.933333 2 368.4 174.1 36.3 27.4
0.966667 2 368.2 175.0 35.9 26.9
1.000000 2 367.3 176.4 35.9 27.1
1.033333 2 366.9 178.1 35.2 26.4
1.066667 2 366.2 178.4 36.0 27.2
1.100000 2 365.8 180.1 35.3 26.5
1.133333 2 365.3 180.6 35.7 26.9
1.166667 2 364.8 181.9 35.7 26.8
1.200000 2 363.9 182.9 36.4 27.4
1.233333 2 363.7 183.8 36.1 27.1
1.266667 2 363.4 185.2 36.1 27.3
1.300000 2 363.2 186.0 36.1 27.1
1.333333 2 362.8 187.4 36.3 27.4
1.366667 2 362.3 188.0 36.8 27.9
1.400000 2 362.3 189.9 36.5 27.6
1.433333 2 362.5 192.0 35.7 26.8
1.466667 2 362.6 193.9 35.4 26.7
1.500000 2 362.4 194.5 35.8 27.1
1.533333 2 362.4 196.5 35.8 27.1
1.566667 2 362.6 198.7 35.6 26.8
1.600000 2 362.8 200.0 35.4 26.6
1.633333 2 362.6 201.8 36.3 27.3
1.666667 2 362.4 202.7 36.6 27.6
1.700000 2 362.5 204.7 37.0 28.1
1.733333 2 363.1 206.9 36.5 27.7
1.766667 2 363.2 208.0 36.4 27.6
1.800000 2 363.1 209.6 37.2 28.2
1.833333 2 363.9 211.9 36.6 27.8
1.866667 2 364.2 213.9 36.5 27.7
1.900000 2 364.2 214.7 36.9 28.0
1.933333 2 364.4 216.6 36.9 27.9
1.966667 2 365.5 218.9 35.5 26.7
2.000000 2 365.6 220.7 35.6 26.9
2.033333 2 365.3 221.6 37.0 28.0
2.066667 2 366.2 223.3 36.0 27.3
2.100000 2 366.3 223.9 36.4 27.6
2.133333 2 366.5 225.3 36.3 27.5
2.166667 2 366.4 225.6 37.1 28.0
2.200000 2 366.8 226.8 36.7 27.9
2.233333 2 367.2 227.9 36.4 27.7
2.266667 2 367.8 228.9 35.8 26.9
2.300000 2 367.9 229.8 36.0 27.1
2.333333 2 367.4 229.7 37.1 28.1
2.366667 2 368.0 230.9 36.4 27.6
2.400000 2 368.4 231.9 36.1 27.2
2.433333 2 368.2 231.9 36.7 27.9
2.466667 2 368.2 232.7 37.0 28.1
2.500000 2 369.0 233.9 35.9 27.0
2.533333 2 369.1 233.8 36.4 27.6
2.566667 2 369.7 235.0 35.3 26.5
2.600000 2 369.2 234.8 36.7 27.9
2.633333 2 369.8 235.9 35.5 26.7
2.666667 2 369.3 235.7 37.2 28.2
2.700000 2 369.3 236.6 37.1 28.0
2.733333 2 370.6 238.0 35.4 26.7
2.766667 2 370.1 237.8 36.5 27.8
2.800000 2 370.6 238.9 36.2 27.2
2.833333 2 370.9 239.7 35.9 27.0
2.866667 2 370.7 239.8 36.3 27.4
2.900000 2 371.7 241.1 35.2 26.5
2.933333 2 371.3 241.0 36.1 27.4
2.966667 2 371.6 241.9 36.4 27.4
3.000000 2 372.2 243.0 35.9 27.0
3.033333 2 372.7 243.8 35.3 26.6
3.066667 2 372.7 244.4 36.0 27.2
3.100000 2 372.9 245.0 36.1 27.1
3.133333 2 373.8 246.3 35.4 26.6
3.166667 2 373.9 246.7 35.5 26.7
3.200000 2 374.8 248.2 34.8 26.2
3.233333 2 374.6 248.3 35.7 27.0
3.266667 2 375.7 249.9 35.1 26.4
3.300000 2 375.9 251.0 35.8 26.9
3.333333 2 376.5 251.9 35.2 26.5
3.366667 2 376.8 253.2 35.6 26.7
3.400000 2 377.8 254.9 35.1 26.4
3.433333 2 377.7 255.3 35.8 27.1
3.466667 2 378.3 257.1 35.7 26.9
3.500000 2 378.9 258.2 34.9 26.2
3.533333 2 379.1 259.9 35.5 26.7
3.566667 2 379.4 260.9 35.3 26.6
3.600000 2 380.0 263.1 34.9 26.2
3.633333 2 380.0 264.2 34.9 26.1
3.666667 2 379.8 266.0 35.7 26.7
3.700000 2 379.5 266.9 36.3 27.3
3.733333 2 379.4 268.8 36.8 27.7
3.766667 2 379.4 269.9 36.9 27.9
3.800000 2 379.9 272.8 35.8 26.9
3.833333 2 379.3 274.9 36.5 27.6
3.866667 2 379.9 278.0 35.3 26.5
3.900000 2 379.5 279.0 35.7 26.9
3.933333 2 378.9 281.8 35.8 26.9
3.966667 2 378.6 283.0 35.7 26.9
4.000000 2 378.0 285.8 35.8 26.9
4.033333 2 377.4 288.3 35.9 27.3
4.066667 2 377.2 289.9 35.8 27.0
4.100000 2 376.5 292.9 35.3 26.6
4.133333 2 375.5 295.4 35.8 27.2
4.166667 2 374.5 297.9 36.1 27.3
4.200000 2 374.2 300.6 35.8 27.1
4.233333 2 373.9 301.9 35.6 26.8
4.266667 2 373.3 304.0 35.8 27.1
4.300000 2 372.5 306.0 36.0 27.2
4.333333 2 372.4 307.0 35.9 27.2
4.366667 2 371.6 308.8 36.5 27.6
4.400000 2 372.0 310.0 35.3 26.6
4.433333 2 371.3 311.1 36.0 27.4
4.466667 2 371.4 312.0 35.8 27.1
4.500000 2 370.9 313.0 36.4 27.7
4.533333 2 370.7 314.1 36.5 27.7
4.566667 2 371.0 314.9 35.9 27.1
4.600000 2 371.1 315.7 35.7 27.0
4.633333 2 370.8 315.8 36.3 27.5
4.666667 2 371.1 316.8 35.7 26.9
4.700000 2 370.8 316.8 36.4 27.6
4.733333 2 371.5 317.5 35.6 27.1
4.766667 2 371.6 318.0 35.6 26.9
4.800000 2 371.5 317.9 36.4 27.6
4.833333 2 371.9 318.1 36.4 27.7
4.866667 2 372.2 318.1 36.2 27.5
4.900000 2 372.7 318.5 35.7 27.1
4.933333 2 372.9 318.0 36.4 27.8
4.966667 2 373.4 318.2 36.0 27.4
5.000000 2 373.5 317.7 36.7 27.9
5.033333 2 374.0 317.8 36.3 27.6
5.066667 2 374.8 317.8 35.9 27.1
5.100000 2 375.2 317.6 35.7 27.1
5.133333 2 375.4 316.9 36.2 27.5
5.166667 2 375.5 316.8 36.5 27.7
5.200000 2 376.7 316.9 35.1 26.6
5.233333 2 376.7 316.5 35.6 27.0
5.266667 2 376.8 315.8 36.5 27.8
5.300000 2 377.7 316.1 35.6 26.8
5.333333 2 378.1 315.9 35.4 26.7
5.366667 2 378.1 315.3 35.9 27.3
5.400000 2 378.3 315.0 36.0 27.4
5.433333 2 378.5 315.0 36.0 27.3
5.466667 2 379.0 315.0 35.5 26.7
5.500000 2 379.1 314.6 35.7 27.0
5.533333 2 379.1 314.6 35.7 27.0
5.566667 2 379.0 314.3 36.0 27.3
5.600000 2 378.7 313.9 36.5 27.7
5.633333 2 378.7 313.9 36.5 27.7
5.666667 2 378.6 314.0 36.4 27.6
5.700000 2 378.6 314.0 36.2 27.5
5.733333 2 378.4 314.1 36.0 27.3
5.766667 2 378.0 314.0 36.3 27.6
5.800000 2 378.0 314.5 35.8 27.0
5.833333 2 377.9 315.1 34.9 26.3
5.866667 2 376.8 315.0 36.1 27.1
5.900000 2 376.7 315.1 35.7 26.9
5.933333 2 375.8 315.0 36.1 27.3
5.966667 2 375.7 315.3 35.9 27.2
6.000000 2 375.1 315.8 35.4 26.7
6.033333 2 374.3 316.0 35.6 26.8
6.066667 2 373.6 316.1 35.9 27.2
6.100000 2 372.8 316.3 36.1 27.3
6.133333 2 371.9 317.0 35.9 27.0
6.166667 2 370.7 317.2 36.3 27.5
6.200000 2 370.0 318.0 35.7 26.9
6.233333 2 369.8 318.2 35.1 26.4
6.266667 2 368.3 318.6 35.6 26.9
6.300000 2 367.4 319.0 35.3 26.7
6.333333 2 365.7 319.2 36.2 27.5
6.366667 2 365.3 319.6 35.6 27.0
6.400000 2 364.1 320.0 35.7 26.9
6.433333 2 363.4 320.0 35.9 27.2
6.466667 2 362.0 320.1 36.2 27.6
6.500000 2 360.8 320.9 35.9 27.1
6.533333 2 359.8 320.7 36.5 27.8
6.566667 2 359.5 321.2 36.0 27.4
6.600000 2 358.4 321.9 35.5 26.9
6.633333 2 356.5 322.0 36.4 27.7
6.666667 2 356.2 322.4 35.9 27.3
6.700000 2 355.0 323.1 35.2 26.6
6.733333 2 353.7 322.9 36.1 27.3
6.766667 2 352.4 323.1 36.0 27.4
6.800000 2 351.9 323.7 35.4 26.8
6.833333 2 350.4 324.0 35.4 26.7
6.866667 2 349.6 324.1 35.5 26.8
6.900000 2 347.7 324.3 36.2 27.4
6.933333 2 346.8 325.0 35.1 26.4
6.966667 2 345.7 325.2 35.4 26.7
7.000000 2 343.7 325.0 36.4 27.6
7.033333 2 343.3 325.5 35.7 27.0
7.066667 2 342.0 326.1 35.2 26.5
7.100000 2 339.6 326.0 36.5 27.6
7.133333 2 338.6 326.8 35.3 26.7
7.166667 2 337.8 327.1 35.1 26.4
7.200000 2 335.7 326.9 36.1 27.2
7.233333 2 334.4 327.3 35.9 27.2
7.266667 2 333.0 327.7 35.7 26.9
7.300000 2 332.4 327.8 35.4 26.7
7.333333 2 331.1 328.0 35.1 26.4
7.366667 2 329.7 328.2 35.1 26.4
7.400000 2 328.9 328.1 35.3 26.6
7.433333 2 326.9 328.1 35.3 26.5
7.466667 2 325.6 328.0 35.3 26.6
7.500000 2 324.9 328.0 35.3 26.6
7.533333 2 323.7 327.7 35.5 26.8
7.566667 2 322.2 327.0 36.0 27.2
7.600000 2 321.7 327.1 35.7 26.9
7.633333 2 320.7 326.6 35.6 26.8
7.666667 2 319.4 326.1 36.0 27.2
7.700000 2 318.7 326.0 35.3 26.6
7.733333 2 317.8 325.7 35.7 26.9
7.766667 2 316.5 324.9 36.3 27.4
7.800000 2 315.8 324.7 35.6 26.9
7.833333 2 315.1 324.2 36.2 27.5
7.866667 2 314.1 323.9 36.0 27.2
7.900000 2 313.9 323.8 35.9 27.1
7.933333 2 312.6 322.9 36.7 27.8
7.966667 2 312.3 322.6 35.7 27.0
8.000000 2 311.8 322.6 35.8 27.0
8.033333 2 310.8 321.8 36.2 27.3
8.066667 2 310.9 321.8 35.5 26.8
8.100000 2 309.6 320.8 36.6 27.7
8.133333 2 309.6 320.9 35.3 26.6
8.166667 2 308.4 320.1 36.3 27.5
8.200000 2 308.4 319.7 35.6 26.9
8.233333 2 307.9 319.5 36.0 27.1
8.266667 2 307.4 319.0 36.0 27.2
8.300000 2 307.0 318.5 36.0 27.2
8.333333 2 306.8 318.0 35.5 26.7
8.366667 2 306.0 317.2 36.2 27.5
8.400000 2 305.8 316.9 35.9 27.0
8.433333 2 305.8 316.8 35.4 26.7
8.466667 2 305.6 316.1 35.6 26.8
8.500000 2 305.2 315.3 36.1 27.4
8.533333 2 304.9 314.8 36.2 27.2
8.566667 2 304.5 314.1 36.6 27.7
8.600000 2 304.8 313.7 35.7 26.9
8.633333 2 304.3 312.9 36.8 27.9
8.666667 2 304.3 312.0 36.4 27.6
8.700000 2 304.6 311.9 35.5 26.8
8.733333 2 304.2 310.8 36.3 27.5
8.766667 2 304.5 310.6 35.7 27.1
8.800000 2 304.5 309.9 35.7 26.9
8.833333 2 303.8 308.7 36.7 27.8
8.866667 2 303.8 307.8 36.7 27.9
8.900000 2 304.1 307.3 36.2 27.5
8.933333 2 304.0 306.8 36.4 27.6
8.966667 2 303.9 305.8 36.6 27.8
9.000000 2 304.1 305.8 36.1 27.3
9.033333 2 304.0 304.8 36.4 27.5
9.066667 2 304.1 304.4 36.1 27.4
9.100000 2 304.3 303.8 35.8 27.0
9.133333 2 304.4 302.9 35.7 26.9
9.166667 2 304.0 302.0 36.5 27.8
9.200000 2 304.3 301.2 36.3 27.6
9.233333 2 304.6 300.9 35.8 27.0
9.266667 2 304.2 299.7 36.7 27.9
9.300000 2 304.3 298.6 37.1 28.1
9.333333 2 304.2 297.6 37.2 28.2
9.366667 2 304.7 297.6 36.2 27.3
9.400000 2 304.8 296.7 36.3 27.3
9.433333 2 304.6 296.1 36.6 27.7
9.466667 2 304.8 295.0 36.6 27.8
9.500000 2 305.4 294.5 35.9 27.2
9.533333 2 305.2 293.8 36.3 27.5
9.566667 2 305.3 292.7 36.6 27.8
9.600000 2 305.6 292.4 36.2 27.4
9.633333 2 305.8 291.4 36.3 27.5
9.666667 2 306.3 290.8 35.9 27.1
9.700000 2 306.1 289.8 36.7 27.9
9.733333 2 306.2 288.9 36.6 27.9
9.766667 2 306.3 287.9 37.0 28.1
9.800000 2 306.9 287.7 36.3 27.4
9.833333 2 307.2 286.8 36.6 27.8
9.866667 2 307.3 285.7 37.0 28.1
9.900000 2 308.0 285.8 36.2 27.3
9.933333 2 308.1 284.9 36.4 27.6
9.966667 2 308.3 283.7 36.9 28.0
10.000000 2 309.2 283.1 36.3 27.6
10.033333 2 309.4 282.8 36.4 27.6
10.066667 2 309.3 281.8 36.9 28.0
10.100000 2 310.0 281.3 36.2 27.5
10.133333 2 310.3 280.8 36.2 27.5
10.166667 2 310.4 279.8 36.9 28.1
10.200000 2 311.4 279.5 35.8 27.2
10.233333 2 311.2 278.9 36.7 27.9
10.266667 2 311.9 278.2 36.5 27.8
10.300000 2 312.0 277.8 36.7 27.9
10.333333 2 312.5 277.2 36.6 27.7
10.366667 2 313.5 276.9 35.6 26.9
10.400000 2 313.3 275.7 36.8 27.9
