0.000000 2 311.0 61.0 62.0 48.0
0.033333 2 309.8 63.6 63.6 49.7
0.066667 2 308.9 70.6 63.6 49.7
0.100000 2 308.0 77.2 63.6 49.8
0.133333 2 307.3 80.2 64.3 50.3
0.166667 2 306.2 86.5 64.6 50.6
0.200000 2 306.0 89.7 64.4 50.4
0.233333 2 304.8 95.5 64.9 50.9
0.266667 2 304.1 101.3 64.8 50.9
0.300000 2 303.8 104.2 64.7 50.8
0.333333 2 303.5 110.2 64.1 49.9
0.366667 2 303.0 115.8 63.8 49.7
0.400000 2 302.7 118.5 64.0 49.9
0.433333 2 302.7 124.3 62.9 48.9
0.466667 2 302.2 129.5 62.6 49.0
0.500000 2 301.7 131.8 63.1 49.6
0.533333 2 301.3 137.3 62.3 48.9
0.566667 2 301.2 142.8 61.3 47.7
0.600000 2 300.7 144.9 61.5 48.3
0.633333 2 300.1 150.1 61.0 47.5
0.666667 2 299.7 152.3 61.0 47.4
0.700000 2 298.5 156.6 61.5 47.7
0.733333 2 297.3 160.8 61.8 48.1
0.766667 2 296.6 165.0 61.6 47.7
0.800000 2 295.6 169.0 61.7 47.8
0.833333 2 294.7 172.7 62.1 48.4
0.866667 2 294.3 174.5 62.0 48.3
0.900000 2 293.7 178.4 61.7 48.0
0.933333 2 293.2 182.1 61.1 47.6
0.966667 2 292.4 185.4 61.3 47.9
1.000000 2 292.3 187.4 60.9 47.5
1.033333 2 291.4 190.4 61.0 47.8
1.066667 2 291.2 192.3 60.5 47.1
1.100000 2 290.5 195.7 59.9 46.5
1.133333 2 289.5 198.5 60.1 46.8
1.166667 2 289.1 200.0 59.9 46.8
1.200000 2 287.8 202.8 60.1 47.0
1.233333 2 287.3 204.3 60.0 46.8
1.266667 2 286.0 206.9 60.2 47.2
1.300000 2 285.6 208.8 59.6 46.4
1.333333 2 283.8 210.7 60.7 48.0
1.366667 2 283.4 212.5 59.9 47.0
1.400000 2 281.7 214.5 60.7 48.0
1.433333 2 280.8 217.3 59.8 47.2
1.466667 2 279.9 218.2 60.2 47.7
1.500000 2 278.6 219.8 60.5 48.2
1.533333 2 277.7 221.9 60.4 48.0
1.566667 2 276.8 222.2 61.2 48.8
1.600000 2 276.5 223.9 60.4 48.1
1.633333 2 275.9 224.3 61.0 48.8
1.666667 2 275.6 224.9 61.0 48.9
1.700000 2 275.6 225.3 60.8 48.6
1.733333 2 275.7 226.0 60.4 48.2
1.766667 2 275.8 226.0 60.3 48.1
1.800000 2 275.6 225.8 61.3 49.2
1.833333 2 276.9 226.0 60.2 48.2
1.866667 2 277.2 225.8 60.4 48.4
1.900000 2 277.7 224.8 61.2 49.3
1.933333 2 278.6 224.9 60.6 48.7
1.966667 2 280.0 224.3 60.6 48.7
2.000000 2 280.9 224.1 60.2 48.3
2.033333 2 282.4 223.0 60.7 48.8
2.066667 2 283.6 223.0 59.9 48.0
2.100000 2 285.5 221.7 60.2 48.3
2.133333 2 287.6 220.5 60.3 48.5
2.166667 2 288.8 220.0 60.1 48.3
2.200000 2 291.3 218.7 60.2 48.3
2.233333 2 292.5 218.0 60.3 48.5
2.266667 2 295.3 216.1 60.8 48.9
2.300000 2 298.4 214.9 60.5 48.6
2.333333 2 299.9 214.0 60.6 48.8
2.366667 2 303.6 212.8 59.9 48.0
2.400000 2 307.2 211.0 60.0 48.1
2.433333 2 309.1 210.1 59.9 48.0
2.466667 2 312.6 208.2 60.7 48.8
2.500000 2 314.8 207.5 60.2 48.3
2.533333 2 319.2 206.0 59.8 47.9
2.566667 2 323.3 204.0 60.3 48.4
2.600000 2 325.7 203.0 60.3 48.4
2.633333 2 330.3 201.5 60.2 48.3
2.666667 2 332.7 200.6 60.0 48.1
2.700000 2 337.5 198.8 59.8 47.9
2.733333 2 340.0 198.2 59.4 47.4
2.766667 2 344.7 196.3 59.2 47.3
2.800000 2 347.2 195.4 59.1 47.2
2.833333 2 351.7 193.5 59.2 47.4
2.866667 2 355.9 191.6 59.8 47.9
2.900000 2 358.4 190.9 59.4 47.7
2.933333 2 363.0 189.5 58.7 46.9
2.966667 2 364.7 188.5 59.2 47.5
3.000000 2 368.3 186.4 59.7 48.0
3.033333 2 371.9 184.8 59.5 47.8
3.066667 2 373.9 184.1 59.1 47.4
3.100000 2 377.3 182.3 58.8 47.1
3.133333 2 380.2 180.5 59.0 47.3
3.166667 2 381.7 179.5 59.0 47.4
3.200000 2 384.4 177.6 58.9 47.2
3.233333 2 386.3 175.4 59.6 47.9
3.266667 2 387.6 174.4 59.4 47.8
3.300000 2 389.5 172.8 59.5 47.9
3.333333 2 390.5 171.7 59.5 47.9
3.366667 2 392.5 170.3 58.9 47.2
3.400000 2 393.9 168.4 58.7 47.1
3.433333 2 395.2 166.5 58.8 47.2
3.466667 2 396.0 164.3 59.3 47.8
3.500000 2 396.6 163.3 59.1 47.6
3.533333 2 397.1 161.2 59.6 48.1
3.566667 2 397.5 159.0 59.9 48.4
3.600000 2 397.5 156.7 60.9 49.3
3.633333 2 397.7 154.4 61.4 49.9
3.666667 2 398.0 153.6 61.1 49.6
3.700000 2 398.1 151.4 61.6 50.1
3.733333 2 398.2 149.1 62.3 50.8
3.766667 2 398.4 148.3 62.3 50.8
3.800000 2 398.5 145.9 63.1 51.5
3.833333 2 399.0 143.9 63.4 51.9
3.866667 2 399.1 142.7 63.8 52.3
3.900000 2 400.0 140.9 63.8 52.3
3.933333 2 400.4 139.9 64.1 52.6
3.966667 2 401.5 137.8 64.2 52.7
4.000000 2 402.9 136.1 64.3 52.8
4.033333 2 404.0 135.3 63.9 52.4
4.066667 2 406.4 134.0 62.9 51.4
4.100000 2 407.6 133.4 62.5 50.9
4.133333 2 410.5 132.0 61.3 49.8
4.166667 2 413.4 130.9 60.1 48.7
4.200000 2 414.8 130.0 60.0 48.5
4.233333 2 417.1 128.2 60.1 48.6
4.266667 2 418.6 127.5 59.8 48.4
4.300000 2 421.6 126.1 59.2 47.8
4.333333 2 422.8 125.2 59.3 48.0
4.366667 2 425.3 123.7 59.4 48.1
4.400000 2 427.6 122.1 59.3 48.0
4.433333 2 428.5 121.0 60.0 48.8
4.466667 2 431.0 119.5 59.8 48.6
4.500000 2 432.3 119.0 59.1 47.8
4.533333 2 434.2 117.2 59.2 48.0
4.566667 2 435.5 115.3 59.7 48.5
4.600000 2 436.6 114.8 59.3 48.0
4.633333 2 438.3 113.1 59.0 47.8
4.666667 2 439.0 112.2 58.9 47.7
4.700000 2 440.0 110.2 59.4 48.2
4.733333 2 440.9 108.3 59.7 48.5
4.766667 2 441.5 107.8 59.3 48.1
4.800000 2 442.6 105.8 59.2 48.0
4.833333 2 443.2 104.1 59.2 48.0
4.866667 2 443.3 103.2 59.3 48.0
4.900000 2 443.4 101.2 59.8 48.6
4.933333 2 443.6 100.5 59.6 48.4
4.966667 2 443.9 98.2 59.1 47.9
5.000000 2 443.7 97.2 59.5 48.3
5.033333 2 443.4 95.4 59.7 48.4
5.066667 2 443.0 94.1 59.3 48.2
5.100000 2 442.6 93.2 59.4 48.2
5.133333 2 442.0 92.0 59.0 47.9
5.166667 2 440.7 90.2 59.9 48.8
5.200000 2 440.4 89.7 59.5 48.2
5.233333 2 439.0 88.3 59.8 48.6
5.266667 2 438.5 87.8 59.6 48.5
5.300000 2 437.4 86.9 59.3 48.1
5.333333 2 436.1 85.9 60.2 49.1
5.366667 2 435.1 85.2 59.3 48.3
5.400000 2 434.2 84.8 59.3 48.3
5.433333 2 432.5 84.2 59.0 47.9
5.466667 2 431.3 83.6 59.6 48.4
5.500000 2 429.3 83.1 59.5 48.4
5.533333 2 428.3 82.7 59.6 48.5
5.566667 2 425.9 81.9 60.1 49.2
5.600000 2 424.9 81.6 60.1 49.2
5.633333 2 422.8 81.5 59.5 48.8
5.666667 2 421.2 81.0 60.1 49.5
5.700000 2 418.9 80.8 59.8 49.4
5.733333 2 416.4 81.0 59.3 48.8
5.766667 2 413.7 81.0 59.2 48.7
5.800000 2 412.2 80.9 59.4 48.9
5.833333 2 409.0 80.9 59.7 49.3
5.866667 2 406.1 81.0 59.5 49.1
5.900000 2 404.7 81.5 59.1 48.6
5.933333 2 401.5 81.7 59.2 48.7
5.966667 2 399.8 81.6 59.5 49.2
6.000000 2 396.4 81.7 60.0 49.6
6.033333 2 394.8 81.6 60.0 49.7
6.066667 2 392.2 82.0 59.6 49.3
6.100000 2 389.2 81.9 59.8 49.6
6.133333 2 388.1 82.0 59.4 49.5
6.166667 2 385.3 81.7 60.0 49.8
6.200000 2 384.2 81.6 59.9 49.7
6.233333 2 382.3 81.4 59.7 49.6
6.266667 2 381.5 81.5 59.3 49.2
6.300000 2 380.2 81.1 59.3 49.4
6.333333 2 379.2 80.7 59.9 49.8
6.366667 2 378.2 80.2 60.2 50.2
6.400000 2 378.4 80.6 59.2 49.3
6.433333 2 378.4 80.4 58.9 49.1
6.466667 2 378.2 79.7 59.6 49.7
6.500000 2 378.3 79.5 59.8 49.9
6.533333 2 379.4 79.3 59.0 49.4
6.566667 2 380.5 79.0 58.9 49.4
6.600000 2 380.9 78.7 59.2 49.6
6.633333 2 382.7 78.5 58.4 48.9
6.666667 2 384.0 77.9 59.0 49.5
6.700000 2 385.1 77.7 58.7 49.2
6.733333 2 387.2 77.6 58.5 49.0
6.766667 2 389.3 77.2 58.5 49.1
6.800000 2 390.0 76.7 59.1 49.7
6.833333 2 392.3 76.6 58.9 49.7
6.866667 2 393.6 76.5 58.6 49.4
6.900000 2 395.9 76.5 58.4 49.1
6.933333 2 397.9 75.7 59.3 50.1
6.966667 2 400.0 75.4 59.9 50.7
7.000000 2 401.3 75.6 59.7 50.4
7.033333 2 403.8 75.3 59.9 50.8
7.066667 2 405.1 75.5 59.7 50.5
7.100000 2 407.8 75.5 59.8 50.6
7.133333 2 409.0 75.5 59.8 50.7
7.166667 2 411.4 75.7 60.2 51.0
7.200000 2 413.7 75.6 60.7 51.6
7.233333 2 416.4 76.3 60.2 51.1
7.266667 2 418.5 76.5 60.6 51.6
7.300000 2 421.1 77.5 59.9 50.9
7.333333 2 422.9 77.9 60.5 51.4
7.366667 2 424.1 78.6 60.0 51.0
7.400000 2 426.0 79.4 60.0 51.0
7.433333 2 426.8 79.6 60.3 51.4
7.466667 2 428.6 80.7 59.9 50.9
7.500000 2 429.2 81.1 60.2 51.2
7.533333 2 430.8 82.0 60.2 51.4
7.566667 2 431.6 82.7 59.9 51.1
7.600000 2 432.9 83.7 59.8 51.1
7.633333 2 433.8 84.8 60.2 51.4
7.666667 2 434.6 85.7 59.6 50.8
7.700000 2 435.3 86.7 59.7 51.0
7.733333 2 435.9 87.6 59.4 50.7
7.766667 2 436.6 88.8 59.2 50.5
7.800000 2 436.8 89.8 59.7 51.0
7.833333 2 437.2 90.8 59.2 50.6
7.866667 2 437.1 91.8 59.7 51.1
7.900000 2 437.4 92.8 59.0 50.5
7.933333 2 437.2 93.8 59.4 50.9
7.966667 2 437.3 94.8 59.1 50.5
8.000000 2 436.7 95.7 59.9 51.4
8.033333 2 437.0 96.8 59.1 50.5
8.066667 2 436.1 97.9 59.7 51.2
8.100000 2 436.1 98.8 59.1 50.7
8.133333 2 435.0 99.8 59.8 51.3
8.166667 2 435.0 100.8 59.1 50.6
8.200000 2 434.0 101.7 59.4 50.9
8.233333 2 432.7 102.6 59.9 51.5
8.266667 2 432.5 103.7 59.0 50.6
8.300000 2 431.4 104.5 59.1 50.7
8.333333 2 430.1 105.3 59.3 50.9
8.366667 2 428.5 105.9 59.9 51.5
8.400000 2 428.3 106.7 59.0 50.6
8.433333 2 426.6 106.8 59.9 51.5
8.466667 2 425.4 107.7 59.6 51.2
8.500000 2 424.6 107.6 60.1 51.7
8.533333 2 423.6 108.5 59.3 50.9
8.566667 2 422.7 108.6 59.7 51.3
8.600000 2 421.1 108.5 60.2 51.8
8.633333 2 420.6 108.7 60.1 51.8
8.666667 2 419.5 109.1 59.6 51.3
8.700000 2 418.4 109.4 59.3 50.9
8.733333 2 417.6 109.6 59.3 50.9
8.766667 2 416.5 109.5 59.3 50.9
8.800000 2 416.0 109.5 59.3 51.0
8.833333 2 415.0 109.6 59.3 51.0
8.866667 2 414.5 109.5 59.3 50.9
8.900000 2 413.4 109.6 59.3 50.9
8.933333 2 412.4 109.5 59.3 50.9
8.966667 2 411.9 109.4 59.4 51.1
9.000000 2 410.8 109.1 59.7 51.3
9.033333 2 410.4 109.0 59.8 51.5
9.066667 2 409.4 108.7 60.1 51.8
9.100000 2 408.7 108.6 60.2 51.9
9.133333 2 408.3 108.4 60.2 51.8
9.166667 2 407.9 108.5 59.6 51.3
9.200000 2 407.2 108.5 59.4 51.0
9.233333 2 406.4 108.1 59.6 51.3
9.266667 2 405.6 107.4 60.2 51.9
9.300000 2 405.7 107.6 59.3 51.0
9.333333 2 404.9 106.8 60.0 51.7
9.366667 2 404.6 106.5 60.0 51.7
9.400000 2 404.0 105.8 60.0 51.7
9.433333 2 403.8 105.5 59.8 51.5
9.466667 2 403.1 104.4 60.3 52.0
9.500000 2 403.4 104.6 59.1 50.8
9.533333 2 402.8 103.6 59.1 50.9
9.566667 2 402.0 102.5 60.2 51.9
9.600000 2 401.6 101.5 60.2 51.9
9.633333 2 401.5 100.7 59.2 50.9
9.666667 2 400.7 99.5 60.2 51.9
9.700000 2 400.0 97.5 60.1 51.8
9.733333 2 400.1 96.4 59.2 50.9
9.766667 2 399.9 95.6 59.1 50.8
9.800000 2 399.3 93.7 59.4 51.0
9.833333 2 399.1 92.7 59.4 51.1
9.866667 2 399.0 90.7 58.8 50.5
9.900000 2 398.6 89.4 59.1 50.8
9.933333 2 398.3 86.8 59.0 50.7
9.966667 2 397.6 84.4 59.2 50.8
10.000000 2 397.1 82.9 59.6 51.3
10.033333 2 397.0 81.8 59.1 50.8
10.066667 2 396.3 78.9 59.4 51.1
10.100000 2 395.8 76.2 59.2 50.9
10.133333 2 395.4 74.8 59.4 51.1
10.166667 2 394.7 71.9 59.6 51.4
10.200000 2 394.3 69.4 59.1 50.9
10.233333 2 393.5 67.7 59.9 51.7
10.266667 2 393.1 65.3 59.3 51.1
10.300000 2 392.8 62.6 58.9 50.7
10.333333 2 392.5 60.1 58.4 50.3
10.366667 2 392.4 58.9 58.0 50.0
10.400000 2 391.9 56.5 57.7 49.7
10.433333 2 391.4 54.2 57.3 49.3
10.466667 2 391.0 52.0 57.0 49.0
10.500000 2 390.9 51.0 56.5 48.5
10.533333 2 390.4 49.2 56.0 48.1
10.566667 2 389.8 47.4 55.8 47.9
10.600000 2 389.2 45.8 55.7 47.7
10.633333 2 388.8 44.4 55.1 47.2
10.666667 2 388.4 43.5 55.3 47.3
10.700000 2 388.0 41.9 55.1 47.1
10.733333 2 387.2 40.5 55.1 47.0
10.766667 2 387.0 39.8 54.9 46.8
10.800000 2 386.1 38.4 55.2 47.1
10.833333 2 385.2 36.9 55.6 47.5
10.866667 2 384.3 35.8 55.8 47.8
10.900000 2 384.1 35.7 55.1 47.3
10.933333 2 383.5 34.9 54.8 47.1
