0.000000 2 260.0 227.0 28.0 23.0
0.033333 2 259.7 226.9 27.9 23.0
0.066667 2 258.4 226.0 29.3 24.1
0.100000 2 257.7 225.6 29.8 24.7
0.133333 2 257.2 225.5 29.4 24.4
0.166667 2 256.9 225.5 28.4 23.4
0.200000 2 255.3 224.2 30.3 25.3
0.233333 2 255.3 224.7 28.5 23.6
0.266667 2 254.5 223.9 29.4 24.6
0.300000 2 253.1 223.4 30.2 25.0
0.333333 2 252.5 223.4 29.4 24.4
0.366667 2 252.3 223.4 28.7 23.9
0.400000 2 250.5 222.1 30.6 25.7
0.433333 2 250.1 222.3 30.4 25.3
0.466667 2 249.4 222.2 29.8 24.9
0.500000 2 249.0 222.6 29.0 24.0
0.533333 2 248.2 222.4 28.6 23.8
0.566667 2 247.6 222.6 28.2 23.5
0.600000 2 246.1 221.9 29.0 23.9
0.633333 2 245.3 221.8 28.3 23.5
0.666667 2 244.3 221.5 28.7 24.1
0.700000 2 243.7 221.8 27.7 22.9
0.733333 2 241.8 221.2 28.8 23.8
0.766667 2 240.7 220.6 29.7 24.6
0.800000 2 239.6 220.8 29.1 23.9
0.833333 2 238.3 220.2 29.0 24.5
0.866667 2 238.2 221.0 27.7 22.8
0.900000 2 235.9 219.7 29.7 25.1
0.933333 2 234.5 219.7 29.6 24.5
0.966667 2 233.8 219.4 29.5 24.5
1.000000 2 232.8 219.6 28.5 23.8
1.033333 2 232.2 219.7 28.4 23.6
1.066667 2 230.0 218.7 29.6 25.1
1.100000 2 229.9 219.3 28.7 23.7
1.133333 2 227.6 218.5 30.1 25.4
1.166667 2 226.7 218.2 30.5 25.9
1.200000 2 225.7 218.9 29.4 24.2
1.233333 2 224.4 218.3 30.4 25.5
1.266667 2 223.1 218.6 29.9 24.8
1.300000 2 221.6 218.6 29.8 24.6
1.333333 2 220.4 218.0 30.7 25.8
1.366667 2 218.8 218.3 30.3 25.4
1.400000 2 218.8 219.0 29.3 24.1
1.433333 2 217.7 218.7 29.9 24.9
1.466667 2 216.2 219.0 29.2 24.6
1.500000 2 216.0 219.5 28.4 23.5
1.533333 2 214.1 219.7 28.5 23.7
1.566667 2 211.7 219.1 30.0 25.3
1.600000 2 210.8 219.4 30.0 25.4
1.633333 2 210.4 220.7 28.1 23.2
1.666667 2 208.2 220.4 29.1 24.4
1.700000 2 206.7 220.2 30.2 25.5
1.733333 2 206.0 221.4 28.5 23.6
1.766667 2 205.3 221.8 28.3 23.5
1.800000 2 202.8 221.3 30.1 25.4
1.833333 2 202.8 222.3 28.6 23.9
1.866667 2 200.7 222.3 29.9 25.0
1.900000 2 200.2 222.8 29.3 24.7
1.933333 2 197.6 223.5 29.9 25.1
1.966667 2 197.5 224.2 28.6 24.2
2.000000 2 195.7 224.3 29.9 25.2
2.033333 2 195.7 225.4 28.3 23.9
2.066667 2 194.0 225.9 29.2 24.4
2.100000 2 193.9 226.5 28.2 23.7
2.133333 2 192.4 227.3 28.6 24.0
2.166667 2 190.8 227.8 29.5 24.6
2.200000 2 190.6 228.5 28.7 24.2
2.233333 2 189.4 229.2 28.7 24.2
2.266667 2 188.4 230.2 28.7 24.2
2.300000 2 187.6 230.6 29.4 24.3
2.333333 2 187.2 232.0 28.1 23.1
2.366667 2 186.2 231.8 29.3 24.8
2.400000 2 185.3 232.5 29.7 24.9
2.433333 2 185.3 233.5 28.7 24.1
2.466667 2 185.1 234.7 27.9 23.3
2.500000 2 183.8 234.5 29.8 25.1
2.533333 2 183.7 235.8 29.1 24.0
2.566667 2 183.8 236.4 28.3 23.8
2.600000 2 183.5 237.4 28.3 23.7
2.633333 2 183.4 238.6 28.2 23.4
2.666667 2 183.5 238.9 28.0 23.2
2.700000 2 183.7 239.6 28.0 23.6
2.733333 2 183.4 239.8 29.2 24.6
2.766667 2 184.5 240.9 27.7 22.9
2.800000 2 184.5 240.8 29.4 24.4
2.833333 2 185.3 241.5 28.3 23.4
2.866667 2 185.6 241.6 29.8 24.8
2.900000 2 187.8 242.6 27.7 23.4
2.933333 2 188.0 242.5 27.8 23.6
2.966667 2 189.1 242.5 29.0 24.5
3.000000 2 189.8 242.2 29.9 25.4
3.033333 2 190.9 242.7 29.3 24.7
3.066667 2 192.7 242.9 28.9 24.3
3.100000 2 193.6 242.9 28.6 24.4
3.133333 2 195.6 243.3 28.1 24.0
3.166667 2 196.6 243.9 27.4 22.9
3.200000 2 198.0 243.6 28.0 23.8
3.233333 2 198.6 243.1 28.3 24.3
3.266667 2 200.3 243.0 28.5 24.4
3.300000 2 201.3 243.0 28.6 24.6
3.333333 2 203.3 243.2 28.4 24.1
3.366667 2 203.7 242.8 28.9 24.6
3.400000 2 204.9 242.3 29.7 25.5
3.433333 2 205.7 242.2 29.8 25.5
3.466667 2 207.6 242.5 29.3 24.8
3.500000 2 209.4 242.3 29.2 25.0
3.533333 2 210.3 242.4 28.6 24.5
3.566667 2 212.9 243.3 26.6 22.3
3.600000 2 213.9 242.6 27.4 23.4
3.633333 2 214.9 242.9 27.0 22.7
3.666667 2 214.8 241.0 29.7 25.5
3.700000 2 216.6 241.8 27.7 23.5
3.733333 2 217.7 241.5 27.7 23.6
3.766667 2 218.3 241.6 27.5 23.4
3.800000 2 218.8 240.7 28.8 24.3
3.833333 2 219.0 240.1 29.9 25.7
3.866667 2 220.7 240.4 28.6 24.5
3.900000 2 221.9 240.4 27.9 24.0
3.933333 2 222.8 240.8 27.2 23.0
3.966667 2 223.5 240.6 27.4 23.1
4.000000 2 223.2 240.1 28.4 24.0
4.033333 2 224.1 239.9 28.7 24.2
4.066667 2 223.8 239.3 29.5 25.2
4.100000 2 225.8 239.9 27.3 23.0
4.133333 2 225.7 239.5 27.9 23.9
4.166667 2 226.8 239.9 27.0 22.5
4.200000 2 226.5 239.3 28.1 24.0
4.233333 2 227.0 239.2 28.1 24.0
4.266667 2 226.6 238.0 29.9 25.6
4.300000 2 227.3 238.1 29.1 25.1
4.333333 2 227.8 238.5 28.5 24.2
4.366667 2 228.7 238.7 27.5 23.2
4.400000 2 228.6 238.5 27.8 23.5
4.433333 2 228.6 238.5 27.8 23.5
4.466667 2 228.3 238.0 28.6 24.5
4.500000 2 227.5 236.8 30.5 26.3
4.533333 2 227.5 236.8 30.6 26.4
4.566667 2 227.5 236.7 30.6 26.4
4.600000 2 227.6 236.8 30.5 26.2
4.633333 2 227.8 236.9 30.3 26.0
4.666667 2 228.4 237.2 29.0 24.9
4.700000 2 228.8 237.4 28.5 24.3
4.733333 2 228.5 237.2 28.8 24.7
4.766667 2 228.6 237.2 28.6 24.5
4.800000 2 228.5 237.2 28.6 24.6
4.833333 2 228.4 237.3 28.4 24.2
4.866667 2 228.4 237.2 28.4 24.3
4.900000 2 228.6 237.8 27.6 23.1
4.933333 2 228.6 237.9 27.4 23.0
4.966667 2 228.4 237.7 27.6 23.3
5.000000 2 227.9 237.4 28.2 24.1
5.033333 2 227.6 237.2 28.4 24.3
5.066667 2 227.5 237.5 28.0 23.8
5.100000 2 227.6 237.6 28.0 23.6
5.133333 2 227.1 237.5 27.9 23.5
5.166667 2 226.8 237.3 28.2 23.8
5.200000 2 226.7 237.1 28.3 24.1
5.233333 2 226.5 236.9 28.7 24.3
5.266667 2 226.2 236.8 28.9 24.6
5.300000 2 226.2 236.9 28.8 24.5
5.333333 2 225.8 236.4 29.6 25.0
5.366667 2 226.9 237.1 27.3 22.7
5.400000 2 226.8 237.1 27.4 22.8
5.433333 2 227.0 237.0 27.3 22.8
5.466667 2 226.0 235.6 29.3 24.6
5.500000 2 227.0 236.0 27.7 23.3
5.533333 2 227.8 236.4 26.5 21.9
5.566667 2 227.6 236.0 27.0 22.4
5.600000 2 227.3 235.0 28.6 23.9
5.633333 2 228.6 235.1 26.8 22.2
5.666667 2 228.3 234.5 28.1 23.2
5.700000 2 228.3 233.8 28.9 24.1
5.733333 2 229.5 234.1 27.3 22.6
5.766667 2 230.0 233.6 27.7 23.2
5.800000 2 229.9 233.1 28.5 23.6
5.833333 2 231.0 233.0 27.3 22.7
5.866667 2 231.3 232.9 27.2 22.7
5.900000 2 231.5 231.9 28.2 23.5
5.933333 2 232.4 231.8 27.4 22.8
5.966667 2 232.3 231.6 28.1 23.1
6.000000 2 233.0 230.9 28.1 23.5
6.033333 2 233.3 230.6 28.0 23.0
6.066667 2 233.1 229.4 29.6 24.9
6.100000 2 234.5 230.3 27.4 22.5
6.133333 2 234.3 228.8 29.2 24.6
6.166667 2 234.6 228.7 29.2 24.2
6.200000 2 235.6 228.7 27.9 23.1
6.233333 2 235.6 228.4 28.3 23.6
6.266667 2 236.1 228.0 27.9 23.1
6.300000 2 236.8 228.0 27.5 22.6
6.333333 2 236.2 227.1 28.8 24.2
6.366667 2 237.1 226.9 27.9 23.3
6.400000 2 237.3 226.4 28.4 23.5
6.433333 2 237.9 225.7 27.9 23.4
6.466667 2 237.9 225.7 27.9 23.4
6.500000 2 237.8 225.2 28.5 23.9
6.533333 2 237.6 224.8 29.2 24.2
6.566667 2 238.6 224.8 27.8 23.1
6.600000 2 238.7 224.7 27.9 23.1
6.633333 2 238.5 223.6 28.8 24.1
6.666667 2 239.2 223.7 27.8 23.0
6.700000 2 238.4 222.7 29.4 24.5
6.733333 2 238.7 222.8 28.8 23.9
6.766667 2 239.4 223.0 27.8 22.9
6.800000 2 239.1 222.5 28.4 23.4
6.833333 2 238.7 221.9 29.2 24.1
6.866667 2 239.1 222.0 28.1 23.1
6.900000 2 238.9 221.3 28.5 23.5
6.933333 2 238.6 220.9 29.2 24.1
6.966667 2 238.9 220.9 28.4 23.5
7.000000 2 239.4 221.1 27.6 22.7
7.033333 2 238.5 220.2 28.7 24.0
7.066667 2 237.9 219.5 29.7 24.8
7.100000 2 237.9 219.7 29.4 24.3
7.133333 2 238.3 219.9 27.9 23.1
7.166667 2 237.8 219.6 28.2 23.5
7.200000 2 237.1 219.0 29.1 24.3
7.233333 2 237.2 219.2 28.8 23.8
7.266667 2 236.9 219.3 28.5 23.6
7.300000 2 236.1 218.8 29.4 24.6
7.333333 2 236.2 218.9 29.1 24.4
7.366667 2 236.1 219.5 28.3 23.3
7.400000 2 236.1 219.6 28.1 23.2
7.433333 2 235.8 219.6 28.3 23.7
7.466667 2 235.6 219.6 28.4 23.8
7.500000 2 234.4 219.5 29.3 24.4
7.533333 2 234.1 220.1 29.0 24.2
7.566667 2 234.4 220.7 28.1 23.2
7.600000 2 232.6 220.1 30.3 25.6
7.633333 2 232.5 220.3 30.3 25.3
7.666667 2 232.6 221.1 29.0 24.2
7.700000 2 232.2 221.5 28.7 23.9
7.733333 2 231.7 222.0 29.0 23.0
7.766667 2 230.6 221.6 29.0 25.0
7.800000 2 230.6 221.6 29.0 25.0
7.833333 2 230.0 222.6 28.0 24.0
7.866667 2 229.9 222.9 28.0 23.0
7.900000 2 228.7 222.7 29.0 24.0
7.933333 2 228.3 223.1 28.0 24.0
7.966667 2 228.3 224.0 27.0 23.0
8.000000 2 227.4 223.9 28.0 23.0
8.033333 2 226.5 223.3 28.0 24.0
8.066667 2 225.8 223.7 28.0 24.0
8.100000 2 224.8 223.0 30.0 25.0
8.133333 2 223.6 223.0 30.0 25.0
8.166667 2 222.9 223.2 30.0 25.0
8.200000 2 222.9 224.1 29.0 24.0
8.233333 2 221.9 224.0 29.0 24.0
8.266667 2 220.9 223.6 29.0 25.0
8.300000 2 220.6 223.5 29.0 25.0
8.333333 2 219.7 223.6 29.0 25.0
8.366667 2 219.1 223.5 29.0 25.0
8.400000 2 218.9 224.2 28.0 24.0
8.433333 2 217.9 223.3 29.0 25.0
8.466667 2 217.1 223.6 29.0 25.0
8.500000 2 216.9 223.7 29.0 24.0
8.533333 2 216.5 224.0 28.0 24.0
8.566667 2 215.5 223.8 29.0 24.0
8.600000 2 214.8 223.8 29.0 24.0
8.633333 2 213.7 223.7 29.0 24.0
8.666667 2 213.8 223.8 29.0 24.0
8.700000 2 213.1 223.7 29.0 24.0
8.733333 2 212.9 224.2 28.0 23.0
8.766667 2 212.0 224.2 28.0 23.0
8.800000 2 211.2 223.7 29.0 25.0
8.833333 2 213.3 226.3 24.0 21.0
8.866667 2 210.1 223.5 29.0 25.0
8.900000 2 211.3 225.3 27.4 23.1
8.933333 2 213.6 227.8 20.7 18.0
8.966667 2 210.7 225.4 26.7 22.8
9.000000 2 211.9 226.9 22.9 20.2
9.033333 2 210.2 226.2 25.6 21.6
9.066667 2 211.2 227.1 22.0 19.6
9.100000 2 211.0 227.0 22.5 20.1
9.133333 2 209.7 226.8 23.2 20.6
9.166667 2 208.5 226.1 25.1 22.5
9.200000 2 207.8 226.0 26.4 22.5
9.233333 2 208.8 228.1 22.4 19.6
9.266667 2 209.3 228.6 21.4 18.7
9.300000 2 207.5 227.9 23.0 20.6
9.333333 2 207.3 227.8 23.3 21.0
9.366667 2 206.9 228.1 23.1 20.4
9.400000 2 206.4 228.6 22.9 19.6
9.433333 2 207.5 230.0 19.5 17.2
9.466667 2 205.1 229.2 23.6 20.3
9.500000 2 204.9 229.3 23.9 20.3
9.533333 2 206.0 230.7 20.1 18.3
9.566667 2 205.0 230.5 21.6 18.6
9.600000 2 204.0 230.1 22.6 20.7
9.633333 2 205.0 231.5 20.0 18.3
9.666667 2 204.2 231.8 19.8 18.1
9.700000 2 203.3 231.9 20.9 19.2
9.733333 2 204.0 233.4 18.1 16.8
9.766667 2 200.1 230.6 25.5 23.7
9.800000 2 202.1 233.3 20.3 18.6
9.833333 2 200.6 233.7 22.3 19.6
9.866667 2 201.1 234.3 20.2 18.5
9.900000 2 200.2 235.0 21.2 19.1
9.933333 2 199.4 234.7 22.7 19.7
9.966667 2 199.8 236.1 20.5 18.8
10.000000 2 199.8 236.5 20.0 18.0
10.033333 2 198.0 236.2 22.1 20.4
10.066667 2 197.0 236.6 22.9 20.7
10.100000 2 197.0 236.7 22.7 20.8
10.133333 2 195.8 237.5 24.0 20.2
