0.000000 2 262.3 16.7 23.9 23.1
0.033333 2 260.3 17.9 28.5 21.7
0.066667 2 259.5 20.1 27.0 21.0
0.100000 2 258.0 17.9 29.1 27.5
0.133333 2 258.8 23.9 32.2 23.2
0.166667 2 259.5 26.1 29.2 21.7
0.200000 2 259.5 27.6 31.5 24.7
0.233333 2 260.3 30.6 30.7 24.0
0.266667 2 260.3 32.1 30.7 24.0
0.300000 2 261.0 36.6 33.0 21.0
0.333333 2 260.3 38.1 33.0 21.0
0.366667 2 264.0 40.4 29.2 23.8
0.400000 2 261.8 46.1 33.4 19.0
0.433333 2 267.0 44.1 29.2 21.7
0.466667 2 268.5 47.1 29.2 21.7
0.500000 2 266.3 51.2 28.4 24.0
0.533333 2 267.8 51.6 31.5 22.9
0.566667 2 266.6 51.1 35.5 33.0
0.600000 2 271.1 58.2 27.4 24.2
0.633333 2 265.7 55.0 39.7 35.5
0.666667 2 272.0 62.2 27.2 24.0
0.700000 2 269.6 62.6 33.1 28.3
0.733333 2 272.7 67.4 26.7 23.7
0.766667 2 266.9 64.8 38.9 34.1
0.800000 2 269.6 68.1 33.4 29.8
0.833333 2 272.0 72.4 28.3 25.9
0.866667 2 272.3 74.0 27.7 25.0
0.900000 2 270.8 75.6 30.5 26.3
0.933333 2 271.3 77.2 29.7 25.5
0.966667 2 272.3 80.6 27.2 23.2
1.000000 2 271.7 81.2 28.4 24.1
1.033333 2 268.6 80.5 34.3 29.2
1.066667 2 266.4 79.2 38.7 33.8
1.100000 2 262.1 77.7 46.6 40.8
1.133333 2 263.6 82.2 43.1 36.0
1.166667 2 263.2 83.1 43.7 36.1
1.200000 2 260.0 82.0 49.4 42.5
1.233333 2 261.4 84.8 46.0 39.1
1.266667 2 262.4 88.3 43.6 36.2
1.300000 2 260.5 88.3 47.2 38.8
1.333333 2 258.2 88.4 51.4 43.1
1.366667 2 262.1 94.5 42.6 35.5
1.400000 2 262.3 97.5 41.7 34.1
1.433333 2 261.0 97.7 44.2 35.7
1.466667 2 260.7 100.1 44.7 36.1
1.500000 2 262.4 102.7 40.9 33.3
1.533333 2 254.9 98.7 56.6 46.1
1.566667 2 259.4 103.9 47.3 38.5
1.600000 2 258.6 105.6 49.2 40.1
1.633333 2 261.4 110.7 43.7 35.4
1.666667 2 258.0 108.4 51.5 42.2
1.700000 2 258.4 111.3 51.3 41.7
1.733333 2 258.4 112.5 51.3 42.1
1.766667 2 255.2 111.9 59.0 48.2
1.800000 2 258.7 115.7 52.8 43.6
1.833333 2 258.6 117.9 54.5 44.5
1.866667 2 259.8 119.5 53.1 44.0
1.900000 2 261.4 123.0 51.7 43.0
1.933333 2 257.9 121.0 60.3 49.2
1.966667 2 261.5 125.5 55.6 46.2
2.000000 2 260.3 125.3 59.9 49.7
2.033333 2 259.5 126.1 64.6 53.2
2.066667 2 266.0 132.3 53.2 43.9
2.100000 2 267.0 134.3 55.0 45.8
2.133333 2 263.1 132.2 67.6 55.7
2.166667 2 263.4 133.5 71.7 58.9
2.200000 2 271.6 140.8 57.3 47.1
2.233333 2 272.6 142.6 60.5 49.0
2.266667 2 273.8 143.7 63.4 52.5
2.300000 2 275.5 146.5 65.0 52.7
2.333333 2 283.5 153.7 50.8 41.1
2.366667 2 283.8 154.6 54.9 45.0
2.400000 2 285.2 156.5 54.2 44.3
2.433333 2 284.1 156.4 60.6 50.4
2.466667 2 278.9 153.4 75.0 63.0
2.500000 2 280.1 156.2 75.7 63.5
2.533333 2 287.2 163.4 62.6 52.5
2.566667 2 290.3 169.0 58.7 48.6
2.600000 2 283.4 165.6 74.9 62.7
2.633333 2 285.4 170.3 72.8 60.9
2.666667 2 290.2 176.5 63.5 52.4
2.700000 2 290.8 180.5 62.9 52.5
2.733333 2 290.3 184.3 63.9 53.2
2.766667 2 293.9 189.9 56.3 46.4
2.800000 2 296.7 197.0 49.3 40.6
2.833333 2 296.8 199.5 48.5 39.7
2.866667 2 294.7 200.5 51.8 42.2
2.900000 2 293.6 204.8 52.0 42.7
2.933333 2 285.8 206.1 64.6 53.6
2.966667 2 289.8 212.2 55.1 45.8
3.000000 2 292.4 220.4 47.0 38.3
3.033333 2 287.8 218.9 55.0 45.6
3.066667 2 282.7 220.2 62.6 51.4
3.100000 2 289.4 228.8 47.4 38.8
3.133333 2 282.9 229.1 57.7 47.2
3.166667 2 279.1 228.1 64.2 53.4
3.200000 2 286.4 240.7 46.2 37.3
3.233333 2 283.3 240.9 51.0 41.4
3.266667 2 277.3 241.0 60.3 50.1
3.300000 2 282.4 251.2 46.8 38.2
3.333333 2 273.5 249.2 62.1 51.4
3.366667 2 279.5 260.2 46.7 38.0
3.400000 2 280.2 263.5 43.7 35.7
3.433333 2 275.6 265.4 50.0 40.5
3.466667 2 269.6 265.5 59.2 48.8
3.500000 2 269.3 268.0 58.1 47.8
3.533333 2 274.2 278.1 44.6 36.3
3.566667 2 273.3 282.8 43.1 35.0
3.600000 2 272.9 285.3 42.4 34.2
3.633333 2 270.6 288.6 43.5 35.3
3.666667 2 269.5 290.5 43.8 35.7
3.700000 2 265.3 291.7 48.6 41.1
3.733333 2 262.5 292.2 52.3 43.7
3.766667 2 260.5 296.5 52.9 43.0
3.800000 2 258.4 297.3 55.3 44.8
3.833333 2 261.2 304.7 45.3 37.3
3.866667 2 259.0 307.2 45.9 38.3
3.900000 2 256.9 308.3 48.0 39.6
3.933333 2 254.5 310.7 48.8 40.7
3.966667 2 254.2 312.1 46.9 40.5
4.000000 2 251.5 314.4 48.2 41.4
4.033333 2 248.8 314.6 51.7 43.9
4.066667 2 244.3 315.1 56.6 47.2
4.100000 2 244.4 318.8 52.5 44.3
4.133333 2 246.7 322.8 45.8 38.7
4.166667 2 246.5 326.3 42.2 35.7
4.200000 2 245.9 327.8 41.4 34.7
4.233333 2 245.0 330.4 39.9 32.6
4.266667 2 245.7 334.2 34.6 28.2
4.300000 2 242.0 332.2 40.5 32.9
4.333333 2 235.7 329.5 49.8 40.9
4.366667 2 235.1 331.3 48.2 39.1
4.400000 2 232.1 330.6 51.1 42.4
4.433333 2 237.9 336.5 37.9 31.3
4.466667 2 234.0 334.1 43.2 36.9
4.500000 2 233.7 335.8 42.6 34.5
4.533333 2 234.0 336.7 39.8 32.9
4.566667 2 230.0 334.0 46.8 38.1
4.600000 2 231.5 336.1 41.8 34.5
4.633333 2 231.5 336.6 40.8 33.3
4.666667 2 227.0 333.4 48.5 39.3
4.700000 2 230.1 335.6 40.4 33.5
4.733333 2 227.2 333.5 45.8 37.1
4.766667 2 228.5 334.0 41.6 34.7
4.800000 2 228.5 333.6 40.8 33.7
4.833333 2 221.7 327.5 54.4 44.8
4.866667 2 224.7 328.9 47.7 39.5
4.900000 2 223.9 328.2 48.9 39.5
4.933333 2 225.0 327.8 46.3 37.7
4.966667 2 222.9 324.5 50.6 41.0
5.000000 2 226.3 326.2 43.3 35.8
5.033333 2 225.6 323.6 44.4 37.1
5.066667 2 223.4 319.6 48.7 41.0
5.100000 2 219.1 313.8 57.5 48.0
5.133333 2 223.7 315.1 47.8 40.7
5.166667 2 226.3 316.8 42.1 35.1
5.200000 2 223.5 312.4 47.6 38.5
5.233333 2 226.4 312.2 41.3 34.2
5.266667 2 222.3 307.8 49.7 40.3
5.300000 2 223.6 305.6 45.9 39.1
5.333333 2 225.4 305.6 41.5 33.8
5.366667 2 223.6 302.8 44.7 36.7
5.400000 2 224.3 301.2 41.9 34.4
5.433333 2 218.5 295.2 53.4 43.3
5.466667 2 220.1 294.5 48.4 39.1
5.500000 2 220.8 293.6 46.3 38.0
5.533333 2 221.2 291.8 44.0 35.7
5.566667 2 219.9 289.3 45.3 37.8
5.600000 2 219.0 286.2 45.4 38.0
5.633333 2 218.5 284.0 44.4 36.2
5.666667 2 214.3 278.1 51.4 41.7
5.700000 2 219.0 280.8 40.4 32.9
5.733333 2 218.2 278.0 40.3 32.5
5.766667 2 213.7 271.4 47.5 38.6
5.800000 2 215.4 270.3 42.1 34.5
5.833333 2 211.0 265.3 50.3 41.2
5.866667 2 215.7 266.7 39.0 31.6
5.900000 2 214.0 262.6 40.7 33.2
5.933333 2 212.3 256.9 42.5 34.5
5.966667 2 215.0 257.5 36.6 29.6
6.000000 2 209.5 249.5 47.2 38.7
6.033333 2 210.8 247.0 44.3 36.0
6.066667 2 213.0 247.0 39.8 32.2
6.100000 2 216.1 245.4 34.0 27.8
6.133333 2 214.2 241.2 38.5 31.9
6.166667 2 213.4 236.1 41.3 33.5
6.200000 2 213.7 233.8 41.5 33.9
6.233333 2 218.5 232.7 33.4 27.0
6.266667 2 214.2 223.9 44.6 36.1
6.300000 2 220.4 223.3 34.6 28.0
6.333333 2 216.5 217.1 44.1 35.8
6.366667 2 223.2 216.7 33.5 27.3
6.400000 2 220.6 211.1 40.7 33.2
6.433333 2 221.3 205.6 42.8 34.7
6.466667 2 222.2 199.8 44.7 36.1
6.500000 2 228.6 201.6 33.6 27.5
6.533333 2 229.6 195.4 35.8 29.9
6.566667 2 228.7 191.5 39.6 32.3
6.600000 2 230.9 186.7 39.9 32.2
6.633333 2 233.8 185.2 35.7 29.9
6.666667 2 236.6 181.1 34.3 28.3
6.700000 2 236.3 174.3 39.0 31.5
6.733333 2 237.4 168.4 40.9 33.2
6.766667 2 238.7 162.8 42.3 34.3
6.800000 2 244.0 163.4 33.3 27.9
6.833333 2 244.9 157.8 34.9 29.5
6.866667 2 247.4 154.3 33.3 26.9
6.900000 2 249.6 152.9 30.4 24.9
6.933333 2 248.8 146.7 34.8 28.1
6.966667 2 252.5 146.7 28.9 23.4
7.000000 2 248.8 138.0 39.2 31.9
7.033333 2 251.3 137.3 35.3 28.8
7.066667 2 254.7 135.0 30.6 24.8
7.100000 2 252.0 127.2 38.2 31.9
7.133333 2 250.1 123.1 43.1 35.9
7.166667 2 251.8 119.9 41.4 34.6
7.200000 2 251.8 117.5 42.1 35.2
7.233333 2 254.0 115.1 38.8 32.1
7.266667 2 256.0 114.5 35.6 29.2
7.300000 2 257.6 111.7 33.1 27.2
7.333333 2 258.4 108.3 32.6 26.4
7.366667 2 256.3 104.4 37.3 30.7
7.400000 2 257.3 101.4 35.7 29.6
7.433333 2 258.9 99.2 33.0 26.7
7.466667 2 256.2 94.8 39.0 31.9
7.500000 2 259.7 94.4 31.9 26.1
7.533333 2 258.7 91.7 34.0 28.0
7.566667 2 259.9 89.4 31.7 26.1
7.600000 2 254.7 81.4 42.2 35.1
7.633333 2 256.7 80.3 37.3 30.9
7.666667 2 257.8 79.7 34.9 28.9
7.700000 2 256.0 75.1 37.8 31.3
7.733333 2 259.2 76.6 31.0 25.5
7.766667 2 258.2 73.0 32.0 26.5
7.800000 2 256.7 70.3 34.7 28.9
7.833333 2 256.8 68.2 33.1 27.0
7.866667 2 256.7 66.6 32.8 27.1
7.900000 2 256.2 64.1 32.2 26.1
7.933333 2 252.6 59.6 39.1 32.5
7.966667 2 252.9 57.9 36.7 30.4
8.000000 2 254.8 56.9 30.2 24.9
8.033333 2 252.4 54.2 34.3 27.7
8.066667 2 249.3 50.3 38.6 31.3
8.100000 2 249.1 49.2 37.9 31.2
8.133333 2 247.9 47.1 38.4 31.6
8.166667 2 249.9 48.6 33.3 27.0
8.200000 2 250.2 47.9 30.2 24.8
8.233333 2 245.2 43.3 37.9 31.0
8.266667 2 246.4 43.9 34.6 28.4
8.300000 2 243.2 41.0 38.5 31.6
8.333333 2 246.9 44.0 29.9 24.6
8.366667 2 244.8 42.1 31.3 26.5
8.400000 2 244.0 42.1 31.9 26.2
8.433333 2 242.0 40.7 33.3 27.7
8.466667 2 241.6 41.5 31.0 25.6
8.500000 2 239.6 41.0 32.5 26.3
8.533333 2 236.9 39.2 36.5 29.7
8.566667 2 236.6 40.0 34.6 28.2
8.600000 2 236.9 40.9 32.3 26.6
8.633333 2 234.0 39.3 35.1 30.1
8.666667 2 232.7 39.9 36.7 29.8
8.700000 2 232.1 40.5 34.8 29.5
8.733333 2 229.1 40.4 38.2 30.9
8.766667 2 231.2 42.9 32.3 26.8
8.800000 2 228.3 42.4 36.0 29.3
8.833333 2 230.4 45.3 29.6 24.2
8.866667 2 226.9 43.1 36.2 29.5
8.900000 2 229.8 47.2 28.2 22.7
8.933333 2 224.9 43.6 37.7 30.7
8.966667 2 228.4 47.8 29.0 23.5
9.000000 2 224.6 45.0 36.5 29.6
9.033333 2 225.4 47.0 33.8 27.4
9.066667 2 223.9 46.0 36.8 30.1
9.100000 2 222.1 45.6 39.6 32.5
9.133333 2 225.0 48.5 33.6 27.3
9.166667 2 224.2 48.7 35.0 28.8
9.200000 2 224.6 50.2 34.0 27.8
9.233333 2 226.4 52.1 30.3 24.8
9.266667 2 226.4 52.9 30.5 25.2
9.300000 2 221.4 48.7 41.3 34.3
9.333333 2 224.5 52.4 35.9 29.3
9.366667 2 226.6 54.7 31.9 25.8
9.400000 2 226.7 55.1 33.0 27.1
9.433333 2 228.0 56.8 31.1 25.2
9.466667 2 227.9 57.4 33.7 27.5
9.500000 2 225.6 55.6 39.5 32.3
9.533333 2 224.2 54.9 44.3 36.1
9.566667 2 227.6 58.0 38.5 31.5
9.600000 2 230.7 61.0 34.7 28.6
9.633333 2 228.3 59.2 40.8 33.0
9.666667 2 233.3 64.0 33.0 26.9
9.700000 2 231.9 62.9 37.6 30.3
9.733333 2 231.9 63.2 40.4 33.2
9.766667 2 235.7 66.6 34.0 27.8
9.800000 2 236.9 68.2 34.3 28.3
9.833333 2 233.3 65.7 45.0 36.4
9.866667 2 234.2 66.8 44.8 36.2
9.900000 2 239.5 71.4 36.9 30.4
9.933333 2 242.4 74.3 32.6 26.4
9.966667 2 244.0 76.2 32.6 26.5
10.000000 2 245.5 78.1 32.8 26.8
10.033333 2 245.7 78.7 33.6 27.5
10.066667 2 248.1 81.5 31.8 26.0
10.100000 2 248.1 82.5 35.0 28.3
10.133333 2 246.3 81.2 40.0 33.0
10.166667 2 245.9 81.8 43.8 36.3
10.200000 2 250.9 87.0 34.3 28.5
10.233333 2 251.9 89.3 34.7 28.7
10.266667 2 250.9 88.8 38.2 31.9
10.300000 2 252.7 92.0 36.6 30.5
10.333333 2 255.5 95.3 32.0 26.2
10.366667 2 250.1 92.4 44.8 37.0
10.400000 2 257.3 100.3 32.0 26.2
10.433333 2 254.5 99.1 38.4 31.2
10.466667 2 259.0 105.0 31.0 25.0
