0.000000 2 354.0 346.2 38.2 29.8
0.033333 2 351.5 344.9 38.7 30.3
0.066667 2 349.4 344.1 38.6 30.2
0.100000 2 348.1 343.2 38.8 30.5
0.133333 2 345.9 342.4 38.4 30.0
0.166667 2 343.6 340.8 38.7 30.2
0.200000 2 342.2 340.3 38.7 30.4
0.233333 2 339.8 339.0 38.4 30.0
0.266667 2 337.1 337.5 38.9 30.4
0.300000 2 335.9 336.7 38.8 30.5
0.333333 2 333.5 335.4 38.3 29.9
0.366667 2 331.9 334.1 38.9 30.7
0.400000 2 329.4 332.9 38.4 30.0
0.433333 2 327.8 331.7 38.6 30.1
0.466667 2 325.3 330.0 38.5 30.1
0.500000 2 323.5 328.6 39.0 30.5
0.533333 2 320.9 326.5 39.2 30.8
0.566667 2 318.1 324.4 39.3 30.8
0.600000 2 316.7 323.2 39.2 30.8
0.633333 2 314.2 320.9 39.1 30.7
0.666667 2 311.8 318.6 39.0 30.6
0.700000 2 310.7 317.5 38.8 30.2
0.733333 2 308.5 314.7 39.0 30.5
0.766667 2 306.7 311.9 39.2 30.9
0.800000 2 306.1 310.5 39.2 30.6
0.833333 2 305.1 308.2 39.0 30.5
0.866667 2 304.9 306.9 38.6 30.1
0.900000 2 304.6 304.1 38.9 30.5
0.933333 2 305.1 302.8 38.6 30.2
0.966667 2 306.0 300.5 38.4 30.0
1.000000 2 306.9 297.0 39.7 31.4
1.033333 2 310.1 295.0 38.3 30.0
1.066667 2 311.0 293.2 39.4 31.2
1.100000 2 314.3 290.6 39.2 31.0
1.133333 2 316.1 289.2 39.3 31.1
1.166667 2 320.4 287.2 38.4 30.1
1.200000 2 322.3 285.1 39.2 30.9
1.233333 2 326.5 282.4 39.1 30.8
1.266667 2 331.3 280.0 38.2 29.8
1.300000 2 333.1 278.0 39.2 31.0
1.333333 2 337.8 275.5 38.6 30.3
1.366667 2 340.5 274.2 38.0 29.7
1.400000 2 344.5 271.0 38.9 30.8
1.433333 2 349.4 268.6 38.1 29.8
1.466667 2 351.3 267.0 38.9 30.7
1.500000 2 356.2 264.7 38.1 29.7
1.533333 2 360.4 262.0 38.7 30.6
1.566667 2 362.3 260.7 38.8 30.7
1.600000 2 366.8 258.6 38.6 30.3
1.633333 2 368.6 257.3 38.9 30.7
1.666667 2 372.7 255.4 38.9 30.6
1.700000 2 376.5 253.3 39.0 30.8
1.733333 2 378.3 252.8 38.8 30.7
1.766667 2 383.3 251.0 38.6 30.4
1.800000 2 384.6 250.3 38.9 30.7
1.833333 2 387.1 249.2 39.2 31.0
1.866667 2 389.2 248.6 39.0 30.9
1.900000 2 391.2 249.1 38.3 30.0
1.933333 2 391.6 248.3 39.0 30.8
1.966667 2 392.4 248.8 39.0 31.0
2.000000 2 393.1 249.4 39.0 30.8
2.033333 2 393.1 250.0 39.0 30.8
2.066667 2 393.2 251.1 38.4 30.3
2.100000 2 392.4 251.5 39.1 31.0
2.133333 2 391.9 253.0 38.6 30.5
2.166667 2 390.0 254.2 39.2 31.1
2.200000 2 388.2 256.8 39.1 31.1
2.233333 2 387.1 257.4 39.0 30.9
2.266667 2 384.9 260.9 38.5 30.4
2.300000 2 382.0 263.6 38.4 30.2
2.333333 2 380.1 265.2 39.2 31.1
2.366667 2 377.1 268.6 38.4 30.2
2.400000 2 375.2 270.6 38.4 30.2
2.433333 2 371.3 274.1 38.4 30.3
2.466667 2 369.2 276.2 38.5 30.4
2.500000 2 364.5 279.8 38.9 30.9
2.533333 2 359.9 283.8 38.5 30.3
2.566667 2 357.4 285.6 39.0 31.0
2.600000 2 352.2 289.2 39.2 31.1
2.633333 2 350.1 291.7 38.3 30.1
2.666667 2 345.1 295.1 38.1 30.0
2.700000 2 339.4 298.4 39.0 31.0
2.733333 2 337.4 299.9 38.3 30.1
2.766667 2 332.5 303.4 38.1 29.9
2.800000 2 327.3 305.8 38.3 30.0
2.833333 2 322.4 308.1 38.4 30.3
2.866667 2 317.5 310.1 39.0 30.9
2.900000 2 315.3 310.8 38.9 30.9
2.933333 2 311.6 313.5 37.5 29.2
2.966667 2 307.0 313.8 38.3 30.0
3.000000 2 304.6 313.8 38.8 30.8
3.033333 2 301.2 314.4 37.9 29.7
3.066667 2 299.4 314.7 37.7 29.5
3.100000 2 295.7 314.3 37.6 29.4
3.133333 2 291.5 313.2 38.8 30.8
3.166667 2 289.8 313.0 38.4 30.3
3.200000 2 286.7 312.5 37.6 29.5
3.233333 2 282.9 311.2 38.2 30.2
3.266667 2 281.4 311.0 37.8 29.5
3.300000 2 277.7 309.3 38.5 30.4
3.333333 2 274.5 308.2 38.2 30.0
3.366667 2 273.0 307.2 38.1 30.0
3.400000 2 269.6 306.3 37.7 29.5
3.433333 2 268.0 304.8 38.2 30.0
3.466667 2 263.6 302.6 37.4 29.1
3.500000 2 261.5 301.6 38.0 29.8
3.533333 2 258.7 299.6 37.5 29.3
3.566667 2 255.7 297.5 37.5 29.3
3.600000 2 252.5 295.2 37.7 29.4
3.633333 2 250.3 293.6 38.6 30.5
3.666667 2 247.5 291.2 38.1 30.0
3.700000 2 244.5 288.1 38.3 30.2
3.733333 2 242.5 287.0 38.7 30.6
3.766667 2 239.7 283.8 38.6 30.5
3.800000 2 238.3 283.3 37.8 29.6
3.833333 2 235.2 279.2 39.1 31.0
3.866667 2 232.7 276.3 38.7 30.6
3.900000 2 230.1 272.4 39.4 31.4
3.933333 2 229.1 270.4 39.2 31.1
3.966667 2 226.2 264.6 39.3 31.1
4.000000 2 225.5 262.2 39.2 31.0
4.033333 2 224.1 257.8 39.7 31.5
4.066667 2 224.2 253.4 38.4 30.2
4.100000 2 224.0 251.0 38.4 30.2
4.133333 2 224.0 245.6 38.7 30.4
4.166667 2 223.9 242.5 39.8 31.6
4.200000 2 224.8 236.7 40.2 32.0
4.233333 2 226.9 231.4 39.6 31.5
4.266667 2 229.9 226.3 38.8 30.5
4.300000 2 233.0 220.2 39.3 31.1
4.333333 2 235.3 218.0 38.6 30.4
4.366667 2 239.2 211.5 39.4 31.3
4.400000 2 241.8 209.3 38.9 30.6
4.433333 2 246.9 202.9 39.7 31.5
4.466667 2 253.0 197.2 39.6 31.5
4.500000 2 256.2 194.5 39.4 31.3
4.533333 2 263.1 188.9 39.6 31.5
4.566667 2 267.1 186.1 39.1 30.9
4.600000 2 275.5 181.3 37.9 29.7
4.633333 2 283.5 175.6 37.9 29.7
4.666667 2 291.3 169.0 38.9 30.8
4.700000 2 295.4 166.5 39.0 30.9
4.733333 2 304.4 160.9 38.5 30.4
4.766667 2 313.5 156.2 37.8 29.5
4.800000 2 321.7 150.2 38.7 30.5
4.833333 2 326.5 148.4 37.8 29.5
4.866667 2 334.6 142.5 38.8 30.6
4.900000 2 343.3 137.5 38.7 30.4
4.933333 2 347.6 135.1 38.6 30.6
4.966667 2 356.1 130.8 38.2 29.9
5.000000 2 364.0 126.7 38.3 30.1
5.033333 2 368.3 124.4 37.8 29.6
5.066667 2 375.5 120.0 38.5 30.6
5.100000 2 382.7 116.2 38.6 30.5
5.133333 2 389.6 112.3 38.7 30.7
5.166667 2 393.2 111.2 38.0 29.8
5.200000 2 399.4 107.6 38.3 30.1
5.233333 2 402.6 106.3 37.9 29.8
5.266667 2 407.7 102.9 38.5 30.5
5.300000 2 413.3 101.1 37.9 29.7
5.333333 2 415.5 99.3 38.2 30.0
5.366667 2 419.8 97.4 38.6 30.4
5.400000 2 424.0 95.3 38.2 30.1
5.433333 2 427.3 93.4 38.8 30.7
5.466667 2 429.4 93.4 37.7 29.6
5.500000 2 432.2 92.2 37.9 29.8
5.533333 2 433.5 91.7 38.0 29.8
5.566667 2 435.5 90.7 38.4 30.4
5.600000 2 437.4 90.5 38.5 30.5
5.633333 2 438.6 90.7 37.7 29.7
5.666667 2 439.4 90.4 38.6 30.6
5.700000 2 439.9 90.7 38.3 30.3
5.733333 2 440.9 91.0 38.2 30.4
5.766667 2 441.7 92.4 37.4 29.4
5.800000 2 441.0 92.8 38.2 30.2
5.833333 2 441.0 94.0 38.1 30.2
5.866667 2 440.5 95.3 38.5 30.6
5.900000 2 440.1 96.4 38.0 30.1
5.933333 2 439.4 98.7 37.6 29.6
5.966667 2 437.8 100.5 38.2 30.4
6.000000 2 436.7 103.5 37.2 29.2
6.033333 2 435.8 104.5 37.6 29.7
6.066667 2 433.8 107.3 37.4 29.5
6.100000 2 432.7 108.7 37.7 29.8
6.133333 2 430.7 112.0 37.3 29.3
6.166667 2 427.7 114.9 38.0 30.3
6.200000 2 426.7 116.8 37.8 30.0
6.233333 2 423.7 120.5 38.2 30.4
6.266667 2 420.7 124.8 38.1 30.2
6.300000 2 419.8 127.5 37.0 29.1
6.333333 2 416.3 131.9 37.6 29.8
6.366667 2 412.9 137.2 37.1 29.2
6.400000 2 410.8 139.4 37.8 30.1
6.433333 2 406.8 144.5 38.1 30.4
6.466667 2 402.8 150.3 37.9 30.2
6.500000 2 401.0 153.2 37.9 30.2
6.533333 2 396.7 159.0 37.9 30.1
6.566667 2 394.9 162.6 37.3 29.5
6.600000 2 390.2 168.1 37.7 30.0
6.633333 2 385.2 174.4 37.7 30.0
6.666667 2 380.1 180.1 37.8 30.2
6.700000 2 377.9 183.0 37.9 30.4
6.733333 2 372.8 189.5 37.0 29.2
6.766667 2 369.8 191.9 38.0 30.4
6.800000 2 364.9 198.4 37.1 29.3
6.833333 2 361.9 201.5 37.0 29.2
6.866667 2 355.9 206.5 38.0 30.3
6.900000 2 352.9 210.1 37.2 29.4
6.933333 2 346.9 215.1 37.4 29.7
6.966667 2 341.0 220.3 37.5 29.9
7.000000 2 337.6 223.2 37.2 29.4
7.033333 2 331.4 227.5 37.3 29.7
7.066667 2 324.9 231.9 37.5 29.8
7.100000 2 318.0 235.9 37.8 30.1
7.133333 2 314.9 237.7 37.8 30.2
7.166667 2 308.8 241.9 36.7 28.9
7.200000 2 301.9 243.9 37.5 29.8
7.233333 2 298.8 244.9 37.7 30.1
7.266667 2 293.1 246.8 36.5 28.7
7.300000 2 289.9 247.3 36.8 28.9
7.333333 2 284.0 247.2 37.0 29.2
7.366667 2 277.9 246.4 38.0 30.3
7.400000 2 275.9 246.6 36.7 28.9
7.433333 2 271.0 244.8 37.1 29.4
7.466667 2 268.6 244.1 37.1 29.4
7.500000 2 265.1 241.8 36.4 28.6
7.533333 2 260.9 238.0 37.8 30.2
7.566667 2 258.1 234.1 37.7 30.0
7.600000 2 256.0 229.7 37.9 30.2
7.633333 2 256.2 228.4 36.3 28.5
7.666667 2 255.4 223.2 36.1 28.3
7.700000 2 255.1 220.7 36.3 28.5
7.733333 2 255.3 214.9 36.5 28.7
7.766667 2 256.0 209.2 37.3 29.5
7.800000 2 256.9 206.0 37.4 29.6
7.833333 2 258.7 199.8 38.4 30.8
7.866667 2 261.9 193.7 38.4 30.8
7.900000 2 263.9 190.3 38.4 30.9
7.933333 2 268.4 184.0 38.7 31.2
7.966667 2 273.6 177.4 38.6 31.2
8.000000 2 279.6 171.2 38.3 30.9
8.033333 2 285.7 164.7 38.4 30.9
8.066667 2 288.8 161.5 38.4 31.0
8.100000 2 295.6 155.5 37.9 30.4
8.133333 2 302.1 149.2 38.1 30.6
8.166667 2 305.3 146.4 37.9 30.4
8.200000 2 311.7 140.0 38.5 31.2
8.233333 2 318.6 134.8 38.1 30.7
8.266667 2 321.7 131.8 38.4 31.1
8.300000 2 328.5 127.2 37.8 30.3
8.333333 2 334.7 122.1 38.5 31.2
8.366667 2 337.9 119.9 38.2 30.8
8.400000 2 344.3 116.1 37.8 30.3
8.433333 2 350.5 112.0 37.9 30.4
8.466667 2 356.4 108.7 38.1 30.5
8.500000 2 361.6 105.1 38.7 31.2
8.533333 2 364.5 103.9 38.4 31.0
8.566667 2 369.3 101.3 38.8 31.3
8.600000 2 371.8 100.3 38.7 31.2
8.633333 2 376.3 98.4 38.7 31.3
8.666667 2 380.4 96.7 38.7 31.2
8.700000 2 382.2 96.2 38.7 31.1
8.733333 2 385.3 95.1 39.1 31.6
8.766667 2 388.3 94.8 38.6 31.0
8.800000 2 390.1 94.3 39.0 31.4
8.833333 2 391.2 94.4 39.3 31.7
8.866667 2 393.2 95.0 38.4 30.7
8.900000 2 393.3 94.7 39.4 31.9
8.933333 2 394.3 95.7 39.3 31.8
8.966667 2 394.7 97.4 38.9 31.3
9.000000 2 394.6 97.9 39.1 31.5
9.033333 2 394.3 100.1 39.3 31.8
9.066667 2 393.6 102.9 39.1 31.5
9.100000 2 393.0 104.0 39.3 31.7
9.133333 2 392.1 107.7 38.6 30.9
9.166667 2 390.1 110.7 39.0 31.4
9.200000 2 389.1 113.0 39.1 31.5
9.233333 2 386.5 116.3 39.0 31.5
9.266667 2 385.2 118.8 38.7 31.3
9.300000 2 382.3 122.7 38.7 31.3
9.333333 2 378.9 127.1 38.7 31.3
9.366667 2 377.1 129.1 38.7 31.2
9.400000 2 373.3 133.2 39.0 31.6
9.433333 2 371.3 135.0 39.1 31.7
9.466667 2 367.4 139.1 39.0 31.7
9.500000 2 363.5 142.7 39.0 31.7
9.533333 2 361.5 144.6 39.0 31.7
9.566667 2 357.8 148.2 38.8 31.4
9.600000 2 354.2 151.7 38.5 31.1
9.633333 2 350.3 154.6 38.9 31.6
9.666667 2 348.1 155.8 39.1 31.9
9.700000 2 344.7 158.7 38.8 31.5
9.733333 2 342.8 159.6 38.7 31.4
9.766667 2 339.2 161.5 39.1 31.8
9.800000 2 336.3 163.5 38.5 31.1
9.833333 2 334.3 163.9 39.1 31.8
9.866667 2 331.4 165.1 39.0 31.6
9.900000 2 329.4 166.1 38.1 30.7
9.933333 2 327.7 166.1 38.8 31.4
9.966667 2 326.2 166.3 38.3 30.9
10.000000 2 325.2 166.1 38.5 31.1
10.033333 2 324.3 165.5 38.2 30.8
10.066667 2 323.4 164.9 38.1 30.7
10.100000 2 323.0 163.3 38.4 31.1
10.133333 2 322.8 162.4 38.6 31.2
10.166667 2 323.4 160.6 38.2 30.8
10.200000 2 324.1 157.9 38.2 30.9
10.233333 2 324.5 156.6 38.5 31.2
10.266667 2 325.6 153.8 38.7 31.4
10.300000 2 327.0 151.5 38.3 30.9
10.333333 2 327.6 149.6 38.5 31.2
10.366667 2 329.6 147.7 37.8 30.4
10.400000 2 330.3 146.0 37.9 30.5
10.433333 2 331.7 143.3 38.7 31.3
10.466667 2 332.6 141.6 38.6 31.2
10.500000 2 334.4 139.3 38.6 31.2
10.533333 2 336.4 136.7 38.0 30.6
10.566667 2 337.4 135.7 38.0 30.6
10.600000 2 338.9 132.6 38.5 31.1
10.633333 2 340.3 130.0 38.7 31.4
10.666667 2 341.4 128.8 38.5 31.3
10.700000 2 343.4 127.2 38.0 30.7
10.733333 2 345.0 125.2 38.4 31.1
10.766667 2 345.7 123.8 38.5 31.3
10.800000 2 347.5 122.2 38.1 30.9
10.833333 2 349.2 120.3 37.9 30.7
10.866667 2 350.7 118.9 38.3 31.1
10.900000 2 351.6 118.0 38.3 31.0
