0.000000 2 402.8 267.5 30.7 24.5
0.033333 2 405.4 270.8 24.7 19.1
0.066667 2 405.4 271.5 24.8 19.3
0.100000 2 404.5 271.2 26.4 21.4
0.133333 2 405.4 272.9 24.5 19.4
0.166667 2 405.8 274.0 23.6 18.5
0.200000 2 405.7 274.7 23.8 18.8
0.233333 2 406.0 275.3 23.1 18.8
0.266667 2 407.1 277.2 20.7 16.0
0.300000 2 406.2 276.3 22.3 18.7
0.333333 2 408.0 278.4 19.3 15.3
0.366667 2 408.0 278.5 19.2 15.2
0.400000 2 408.1 278.6 18.8 14.9
0.433333 2 408.1 278.5 18.9 15.0
0.466667 2 406.9 277.0 21.1 17.4
0.500000 2 407.9 277.6 19.3 15.2
0.533333 2 407.2 276.2 20.4 16.4
0.566667 2 405.0 273.9 24.6 19.6
0.600000 2 400.6 270.0 33.1 26.0
0.633333 2 400.1 267.9 34.3 27.7
0.666667 2 404.7 270.7 24.3 19.2
0.700000 2 405.1 269.5 22.9 18.5
0.733333 2 405.4 268.6 22.2 17.3
0.766667 2 402.5 264.9 27.7 21.6
0.800000 2 402.2 263.4 27.5 21.4
0.833333 2 404.3 263.1 22.6 17.8
0.866667 2 402.1 259.9 26.6 20.8
0.900000 2 400.1 256.7 29.9 23.7
0.933333 2 403.1 257.3 23.1 18.1
0.966667 2 400.5 253.7 27.6 21.7
1.000000 2 400.1 251.7 27.8 21.8
1.033333 2 401.3 251.0 24.2 18.9
1.066667 2 397.4 246.3 31.4 24.9
1.100000 2 400.9 247.2 23.3 18.9
1.133333 2 397.9 243.6 28.8 22.5
1.166667 2 398.7 242.6 26.3 20.7
1.200000 2 400.3 242.1 22.4 17.6
1.233333 2 396.1 237.4 30.6 24.0
1.266667 2 397.0 236.6 27.8 21.9
1.300000 2 397.9 235.5 25.6 20.3
1.333333 2 397.9 234.0 25.2 20.0
1.366667 2 398.5 232.9 23.9 19.0
1.400000 2 395.2 229.1 30.2 24.1
1.433333 2 393.3 226.4 33.9 26.5
1.466667 2 392.9 224.2 34.7 27.8
1.500000 2 396.1 225.4 28.3 22.0
1.533333 2 394.7 222.7 31.2 24.2
1.566667 2 397.8 223.1 25.4 19.9
1.600000 2 398.5 221.9 24.3 18.9
1.633333 2 398.0 219.7 25.8 20.1
1.666667 2 393.3 213.9 36.0 28.8
1.700000 2 397.7 215.6 27.4 21.3
1.733333 2 399.0 214.5 25.0 19.4
1.766667 2 399.0 212.1 25.3 19.9
1.800000 2 397.9 209.0 27.8 22.0
1.833333 2 395.7 205.0 32.8 25.7
1.866667 2 396.9 202.9 31.0 24.9
1.900000 2 399.1 202.4 26.7 21.1
1.933333 2 399.7 200.4 25.8 20.4
1.966667 2 399.7 197.9 26.0 20.6
2.000000 2 399.7 195.7 26.0 20.5
2.033333 2 399.4 193.2 26.8 21.2
2.066667 2 399.9 191.4 25.9 20.5
2.100000 2 397.2 187.1 31.8 25.4
2.133333 2 396.2 184.5 34.1 27.2
2.166667 2 400.1 185.4 26.8 21.7
2.200000 2 400.9 184.5 25.4 20.4
2.233333 2 401.4 183.4 24.6 19.9
2.266667 2 401.3 182.2 24.6 19.9
2.300000 2 401.3 181.1 24.7 20.0
2.333333 2 401.0 180.2 25.2 20.3
2.366667 2 398.9 178.2 29.1 23.6
2.400000 2 395.3 175.2 36.0 29.2
2.433333 2 396.0 175.8 34.3 27.7
2.466667 2 398.8 178.1 28.0 22.6
2.500000 2 398.7 178.4 27.8 22.3
2.533333 2 393.1 174.9 38.2 30.7
2.566667 2 397.7 179.1 28.2 22.8
2.600000 2 392.9 177.6 36.7 29.3
2.633333 2 395.6 179.7 30.8 24.5
2.666667 2 397.1 182.2 27.5 21.9
2.700000 2 395.6 182.3 28.8 22.8
2.733333 2 393.9 183.3 30.9 24.6
2.766667 2 393.4 183.6 31.6 25.2
2.800000 2 393.0 183.8 32.3 25.9
2.833333 2 396.2 188.3 25.0 19.7
2.866667 2 394.5 188.6 26.7 21.2
2.900000 2 393.8 191.3 25.5 19.8
2.933333 2 392.9 192.3 25.6 19.9
2.966667 2 391.8 194.1 25.7 20.1
3.000000 2 387.5 193.3 33.3 25.9
3.033333 2 391.2 198.4 24.7 19.3
3.066667 2 389.3 198.6 26.2 20.6
3.100000 2 388.6 200.9 26.6 20.6
3.133333 2 387.4 202.2 27.1 21.0
3.166667 2 388.5 206.1 24.4 18.9
3.200000 2 387.4 207.7 24.6 19.1
3.233333 2 385.3 208.7 27.4 21.5
3.266667 2 386.0 211.3 25.8 20.1
3.300000 2 385.1 213.4 26.7 21.0
3.333333 2 380.6 212.5 35.2 28.3
3.366667 2 383.6 217.5 28.7 23.3
3.400000 2 383.9 220.6 28.2 22.5
3.433333 2 383.3 222.8 29.3 23.7
3.466667 2 381.6 224.0 33.4 27.2
3.500000 2 385.6 230.1 26.2 20.7
3.533333 2 385.9 232.9 27.1 21.3
3.566667 2 385.4 235.1 29.7 23.0
3.600000 2 385.9 237.6 30.6 24.0
3.633333 2 388.2 241.3 28.2 22.5
3.666667 2 390.5 245.0 26.0 20.8
3.700000 2 391.4 247.6 26.8 21.4
3.733333 2 390.3 248.7 31.2 25.1
3.766667 2 390.7 250.6 32.8 26.7
3.800000 2 393.8 255.1 28.9 22.9
3.833333 2 394.5 257.4 29.4 23.4
3.866667 2 396.3 260.7 27.9 21.8
3.900000 2 396.2 262.4 29.5 23.5
3.933333 2 399.7 266.7 24.3 18.9
3.966667 2 400.8 268.7 23.3 19.1
4.000000 2 398.6 268.5 29.1 23.6
4.033333 2 400.9 271.2 25.1 21.7
4.066667 2 396.9 269.5 34.5 28.9
4.100000 2 400.5 273.4 28.0 23.8
4.133333 2 398.1 273.5 34.1 26.6
4.166667 2 400.5 274.4 29.5 26.1
4.200000 2 401.2 276.3 28.7 24.3
4.233333 2 398.0 275.4 35.9 28.3
4.266667 2 396.7 274.1 39.0 32.0
4.300000 2 397.9 276.0 36.7 29.3
4.333333 2 400.4 277.4 31.8 26.6
4.366667 2 399.0 275.9 34.5 30.2
4.400000 2 399.4 276.2 33.8 29.5
4.433333 2 400.4 277.2 32.0 27.7
4.466667 2 400.2 277.0 32.4 28.0
4.500000 2 399.3 276.4 34.3 29.4
4.533333 2 399.1 276.2 34.8 29.9
4.566667 2 399.5 276.3 34.1 29.0
4.600000 2 399.6 276.5 34.0 28.6
4.633333 2 400.7 277.5 31.9 26.1
4.666667 2 400.6 277.2 32.2 26.4
4.700000 2 399.3 276.7 34.2 28.9
4.733333 2 399.5 275.7 34.2 28.5
4.766667 2 398.7 276.0 36.4 28.8
4.800000 2 400.1 276.2 32.9 26.8
4.833333 2 397.5 275.9 37.7 29.6
4.866667 2 399.0 275.6 35.1 29.3
4.900000 2 395.6 273.0 41.0 34.1
4.933333 2 396.2 273.1 39.9 32.7
4.966667 2 400.6 276.4 32.3 26.1
5.000000 2 400.6 275.4 32.2 26.5
5.033333 2 401.1 275.7 30.8 25.8
5.066667 2 397.9 273.0 35.3 30.2
5.100000 2 400.6 274.9 30.1 25.4
5.133333 2 397.6 273.5 34.9 28.8
5.166667 2 397.4 272.5 35.4 28.4
5.200000 2 399.4 273.9 29.7 25.3
5.233333 2 399.8 274.1 29.0 24.5
5.266667 2 397.2 271.9 33.9 29.5
5.300000 2 399.1 273.1 28.8 24.7
5.333333 2 398.8 272.8 29.3 25.4
5.366667 2 397.8 272.7 29.9 25.4
5.400000 2 399.2 273.7 26.9 23.6
5.433333 2 399.7 274.0 25.8 22.4
5.466667 2 398.8 273.0 27.6 24.1
5.500000 2 397.5 271.9 29.0 25.5
5.533333 2 399.4 274.3 25.6 22.1
5.566667 2 396.6 271.3 29.9 27.0
5.600000 2 397.6 272.2 27.3 24.8
5.633333 2 399.4 273.4 24.2 21.3
5.666667 2 399.4 273.5 24.2 21.3
5.700000 2 398.8 272.9 25.2 22.3
5.733333 2 398.8 273.0 25.3 22.3
5.766667 2 398.5 272.7 26.1 22.8
5.800000 2 395.5 270.7 33.0 27.4
5.833333 2 399.3 273.2 25.7 22.0
5.866667 2 401.2 274.4 22.4 19.5
5.900000 2 399.0 272.4 28.1 24.2
5.933333 2 401.2 273.6 24.4 21.6
5.966667 2 400.8 272.8 26.5 23.2
6.000000 2 401.3 272.8 26.4 23.4
6.033333 2 400.2 271.8 29.6 25.6
6.066667 2 401.6 272.4 28.2 24.2
6.100000 2 402.8 273.0 26.7 23.0
6.133333 2 403.1 272.7 27.6 23.5
6.166667 2 405.0 273.5 24.6 21.7
6.200000 2 404.5 273.2 26.6 22.4
6.233333 2 406.3 273.5 24.3 21.2
6.266667 2 406.2 273.3 24.8 21.5
6.300000 2 403.9 270.4 29.9 27.2
6.333333 2 404.6 270.4 29.0 27.0
6.366667 2 403.5 268.9 31.8 30.0
6.400000 2 405.0 270.4 29.5 26.3
6.433333 2 405.9 271.1 28.0 24.8
6.466667 2 408.0 272.2 24.6 22.0
6.500000 2 407.3 271.1 26.1 23.7
6.533333 2 404.2 267.4 32.5 30.7
6.566667 2 405.4 268.3 30.8 28.6
6.600000 2 407.9 270.8 26.0 23.1
6.633333 2 408.3 270.9 25.3 22.4
6.666667 2 407.7 269.5 26.7 24.7
6.700000 2 406.9 268.3 28.3 26.7
6.733333 2 408.9 270.3 24.5 22.1
6.766667 2 409.5 270.8 23.5 20.9
6.800000 2 409.2 270.2 24.1 21.6
6.833333 2 406.8 267.3 28.7 26.9
6.866667 2 408.6 268.9 25.7 23.0
6.900000 2 409.1 269.3 24.9 21.9
6.933333 2 409.0 269.1 25.0 22.1
6.966667 2 408.5 268.6 26.0 22.9
7.000000 2 405.2 264.9 32.2 29.9
7.033333 2 407.1 266.5 28.6 26.0
7.066667 2 408.3 267.7 26.0 23.1
7.100000 2 407.9 267.0 26.8 24.0
7.133333 2 404.6 263.3 33.1 31.1
7.166667 2 407.3 265.8 28.0 25.3
7.200000 2 408.4 267.1 25.6 22.2
7.233333 2 407.5 266.1 27.3 24.0
7.266667 2 405.8 264.9 30.3 26.2
7.300000 2 406.0 264.9 29.2 25.6
7.333333 2 408.8 267.6 23.9 19.7
7.366667 2 409.2 267.8 23.2 18.9
7.400000 2 409.2 267.5 22.8 18.9
7.433333 2 407.3 265.2 26.3 23.1
7.466667 2 408.9 266.6 23.3 19.7
7.500000 2 409.1 266.9 22.6 18.7
7.533333 2 407.5 265.1 25.4 22.0
7.566667 2 404.8 262.5 30.2 27.0
7.600000 2 404.3 261.7 30.6 27.9
7.633333 2 407.1 264.3 25.1 22.0
7.666667 2 407.8 265.0 23.2 20.2
7.700000 2 407.2 264.4 24.4 21.4
7.733333 2 404.7 261.7 28.7 26.4
7.766667 2 402.5 260.1 31.9 29.6
7.800000 2 404.1 261.5 28.7 26.1
7.833333 2 405.5 262.9 26.1 22.9
7.866667 2 405.5 262.8 25.7 22.7
7.900000 2 402.6 260.0 30.8 28.0
7.933333 2 401.3 258.9 32.9 29.6
7.966667 2 403.4 260.9 28.9 25.2
8.000000 2 404.3 261.9 25.8 22.8
8.033333 2 403.4 260.6 27.5 24.7
8.066667 2 400.5 257.6 32.9 30.6
8.100000 2 401.2 258.8 31.4 27.6
8.133333 2 403.6 261.2 26.4 22.2
8.166667 2 403.6 261.1 25.7 22.0
8.200000 2 400.8 258.3 30.7 27.3
8.233333 2 398.1 256.3 35.4 31.3
8.266667 2 401.8 259.8 27.9 23.4
8.300000 2 402.4 260.3 26.0 21.8
8.333333 2 400.3 258.0 29.9 26.1
8.366667 2 397.2 255.0 35.5 31.9
8.400000 2 399.6 257.7 30.0 25.9
8.433333 2 400.8 258.7 27.4 22.9
8.466667 2 399.3 258.1 29.7 24.3
8.500000 2 397.4 256.3 33.0 27.8
8.533333 2 396.5 254.8 34.0 30.1
8.566667 2 397.9 256.2 31.2 26.9
8.600000 2 399.4 258.4 27.7 22.3
8.633333 2 399.4 258.8 27.0 21.2
8.666667 2 399.5 258.6 26.1 21.1
8.700000 2 398.7 257.7 27.3 22.5
8.733333 2 397.1 256.8 29.9 24.1
8.766667 2 399.3 258.8 24.6 19.5
8.800000 2 400.1 259.2 22.9 18.2
8.833333 2 397.1 256.7 28.3 23.2
8.866667 2 397.5 258.4 25.4 19.7
8.900000 2 396.4 257.0 27.5 22.2
8.933333 2 395.1 255.9 30.1 24.5
8.966667 2 394.4 255.4 29.5 24.7
9.000000 2 394.2 255.4 29.9 24.8
9.033333 2 396.4 257.6 24.9 19.8
9.066667 2 397.2 258.3 22.9 18.0
9.100000 2 397.1 258.4 22.5 17.7
9.133333 2 396.0 257.6 23.3 18.8
9.166667 2 396.2 257.8 23.1 18.4
9.200000 2 394.6 256.5 25.6 21.0
9.233333 2 391.9 254.1 30.3 25.5
9.266667 2 393.8 256.0 25.5 21.3
9.300000 2 394.8 257.2 23.1 18.5
9.333333 2 394.9 257.5 22.8 17.6
9.366667 2 394.2 257.6 22.3 17.3
9.400000 2 394.0 257.4 22.7 17.5
9.433333 2 392.4 255.9 24.6 20.2
9.466667 2 390.0 253.4 28.6 24.7
9.500000 2 390.5 254.5 27.2 22.4
9.533333 2 391.4 255.4 25.0 20.1
9.566667 2 390.9 256.0 24.4 18.9
9.600000 2 390.5 255.1 25.3 20.3
9.633333 2 390.6 255.9 23.3 18.4
9.666667 2 390.6 256.1 23.2 18.0
9.700000 2 387.2 253.2 28.0 23.6
9.733333 2 385.0 251.0 31.9 27.9
9.766667 2 386.9 253.0 27.9 23.4
9.800000 2 389.1 255.2 22.5 18.3
9.833333 2 388.5 254.6 23.5 19.2
9.866667 2 388.2 254.5 24.1 19.4
9.900000 2 387.4 254.5 23.9 19.3
9.933333 2 384.8 252.2 28.6 23.8
9.966667 2 382.4 249.7 32.0 28.5
10.000000 2 380.4 247.8 35.4 32.3
10.033333 2 382.4 250.8 31.1 25.9
10.066667 2 384.1 252.3 27.4 22.4
10.100000 2 384.0 253.3 26.2 20.2
