0.000000 2 196.0 361.0 54.0 27.0
0.033333 2 193.9 357.0 54.0 27.0
0.066667 2 191.7 352.7 54.7 28.0
0.100000 2 190.5 350.8 54.7 27.9
0.133333 2 189.1 347.7 54.0 27.1
0.166667 2 188.2 345.9 53.9 27.1
0.200000 2 186.3 341.8 54.1 27.9
0.233333 2 185.0 339.0 53.1 26.8
0.266667 2 183.1 335.9 53.9 27.2
0.300000 2 181.9 334.3 54.3 27.6
0.333333 2 180.8 332.0 53.7 27.3
0.366667 2 179.2 329.8 53.7 27.0
0.400000 2 178.7 329.0 53.1 26.9
0.433333 2 177.1 326.8 53.5 26.9
0.466667 2 175.8 325.9 54.4 27.7
0.500000 2 174.6 324.0 53.8 27.7
0.533333 2 173.1 322.7 54.2 28.0
0.566667 2 172.5 321.9 53.9 28.0
0.600000 2 171.3 321.0 53.9 28.0
0.633333 2 171.2 321.0 53.0 26.7
0.666667 2 170.0 319.8 53.3 27.4
0.700000 2 169.0 318.5 54.5 28.6
0.733333 2 168.3 317.9 54.0 28.3
0.766667 2 167.8 317.1 53.7 27.9
0.800000 2 167.9 316.7 53.3 27.4
0.833333 2 167.3 315.0 54.0 28.2
0.866667 2 167.6 314.6 53.5 27.7
0.900000 2 167.6 313.0 53.9 28.1
0.933333 2 167.9 312.4 53.5 27.6
0.966667 2 168.8 310.7 53.3 27.6
1.000000 2 168.6 309.7 54.0 28.2
1.033333 2 169.6 307.5 54.6 28.5
1.066667 2 171.1 305.5 54.1 28.3
1.100000 2 171.6 304.5 54.8 28.7
1.133333 2 173.8 302.7 53.9 28.0
1.166667 2 175.9 300.7 53.6 27.7
1.200000 2 177.1 299.7 53.3 27.3
1.233333 2 179.4 297.4 53.6 27.7
1.266667 2 180.0 295.4 54.4 28.7
1.300000 2 182.9 293.6 54.1 28.0
1.333333 2 185.9 290.7 53.6 27.7
1.366667 2 187.1 289.4 54.2 28.5
1.400000 2 190.5 286.5 53.9 28.5
1.433333 2 194.0 284.7 53.1 27.4
1.466667 2 196.7 281.8 54.3 28.3
1.500000 2 200.0 278.8 54.3 28.4
1.533333 2 202.0 278.5 53.6 27.5
1.566667 2 205.1 275.3 54.3 28.7
1.600000 2 206.6 274.5 54.5 28.6
1.633333 2 210.2 272.5 54.0 28.2
1.666667 2 211.6 271.6 54.5 28.5
1.700000 2 215.3 269.5 54.2 28.7
1.733333 2 218.9 268.6 53.1 27.5
1.766667 2 220.4 267.6 53.6 27.7
1.800000 2 223.9 266.5 53.2 27.6
1.833333 2 226.6 264.7 54.0 28.4
1.866667 2 228.4 264.5 53.5 27.6
1.900000 2 231.5 262.5 53.9 28.5
1.933333 2 234.8 261.7 53.3 27.8
1.966667 2 235.9 260.7 54.5 28.6
2.000000 2 239.5 259.5 53.8 28.4
2.033333 2 242.7 259.0 53.8 28.1
2.066667 2 246.0 257.8 53.5 27.6
2.100000 2 247.7 257.4 53.3 27.6
2.133333 2 250.8 256.2 53.5 27.9
2.166667 2 251.9 255.5 54.3 28.4
2.200000 2 255.3 254.5 54.0 28.5
2.233333 2 258.3 253.6 54.1 28.6
2.266667 2 262.1 253.8 52.9 27.3
2.300000 2 262.8 252.7 54.3 28.3
2.333333 2 266.1 252.8 53.7 27.6
2.366667 2 268.8 251.7 54.2 28.2
2.400000 2 272.1 251.8 53.7 27.6
2.433333 2 273.7 251.6 53.1 27.4
2.466667 2 276.2 250.9 54.0 28.2
2.500000 2 277.1 250.6 54.2 28.4
2.533333 2 280.0 250.6 54.2 28.4
2.566667 2 281.8 250.7 53.2 27.6
2.600000 2 284.2 250.7 53.6 27.6
2.633333 2 287.2 250.8 53.0 27.1
2.666667 2 288.3 250.7 53.5 27.5
2.700000 2 290.9 250.3 53.1 27.7
2.733333 2 293.2 250.3 53.6 27.6
2.766667 2 295.0 250.8 52.7 27.0
2.800000 2 297.0 250.0 53.4 27.8
2.833333 2 299.1 250.0 53.8 27.8
2.866667 2 300.5 249.9 53.6 28.0
2.900000 2 303.5 251.2 52.0 26.2
2.933333 2 305.0 250.2 53.1 27.4
2.966667 2 306.6 251.1 52.1 26.2
3.000000 2 308.3 250.4 52.7 27.1
3.033333 2 310.1 250.1 52.5 26.9
3.066667 2 311.0 250.1 52.9 27.4
3.100000 2 312.9 250.2 52.6 26.9
3.133333 2 313.6 250.3 52.7 26.6
3.166667 2 315.6 250.2 52.1 26.4
3.200000 2 316.5 249.2 53.4 27.6
3.233333 2 317.8 249.1 53.2 27.6
3.266667 2 319.1 249.1 52.4 26.8
3.300000 2 320.6 249.2 52.1 26.5
3.333333 2 321.2 248.3 52.9 27.3
3.366667 2 321.7 248.1 53.2 27.7
3.400000 2 323.1 248.1 52.4 26.9
3.433333 2 323.9 247.5 52.8 27.2
3.466667 2 324.7 247.0 53.3 27.7
3.500000 2 325.6 247.2 52.7 26.6
3.533333 2 326.7 247.3 52.1 26.2
3.566667 2 326.3 246.0 53.6 27.6
3.600000 2 327.3 246.2 53.0 27.0
3.633333 2 328.1 245.2 52.7 27.3
3.666667 2 328.5 245.2 53.1 27.2
3.700000 2 329.7 245.1 52.0 26.2
3.733333 2 330.2 244.1 52.4 27.0
3.766667 2 330.8 244.4 51.6 25.9
3.800000 2 331.2 244.1 52.0 26.2
3.833333 2 331.6 243.5 52.2 26.3
3.866667 2 332.1 243.4 52.2 26.4
3.900000 2 332.7 243.0 52.6 26.4
3.933333 2 333.6 242.6 52.6 26.3
3.966667 2 334.1 242.5 52.4 26.6
4.000000 2 335.4 242.3 51.9 25.9
4.033333 2 335.6 242.0 52.4 26.5
4.066667 2 336.6 241.9 52.3 26.2
4.100000 2 337.5 241.7 52.8 26.5
4.133333 2 338.4 241.5 52.3 26.6
4.166667 2 339.5 241.6 52.3 26.4
4.200000 2 340.6 241.2 52.6 26.6
4.233333 2 341.6 241.7 52.3 26.2
4.266667 2 342.6 241.5 52.7 26.4
4.300000 2 343.5 241.9 52.8 26.7
4.333333 2 345.4 242.3 51.9 26.0
4.366667 2 346.7 243.1 52.7 26.6
4.400000 2 347.4 242.7 52.3 26.4
4.433333 2 349.5 244.5 51.8 25.9
4.466667 2 350.6 244.2 52.7 26.7
4.500000 2 352.7 245.2 51.9 26.1
4.533333 2 353.1 245.4 52.5 26.7
4.566667 2 354.7 246.0 52.6 26.7
4.600000 2 355.6 246.7 52.7 26.5
4.633333 2 357.7 247.1 52.1 26.5
4.666667 2 359.7 248.4 51.7 26.0
4.700000 2 360.7 248.2 51.8 26.2
4.733333 2 362.5 248.7 52.2 26.4
4.766667 2 363.5 248.6 52.5 26.4
4.800000 2 365.7 249.1 52.5 26.6
4.833333 2 366.5 248.6 52.8 26.6
4.866667 2 369.5 249.2 51.8 26.0
4.900000 2 371.7 248.5 51.9 26.2
4.933333 2 372.6 248.6 52.0 26.0
4.966667 2 374.4 247.9 52.7 26.7
5.000000 2 376.6 247.4 53.0 26.6
5.033333 2 377.5 247.1 52.8 26.7
5.066667 2 379.6 246.3 53.2 26.9
5.100000 2 381.9 246.1 52.5 26.4
5.133333 2 383.4 244.8 53.0 26.7
5.166667 2 385.5 244.4 52.3 26.2
5.200000 2 386.4 243.4 52.7 26.6
5.233333 2 388.1 242.5 52.8 26.9
5.266667 2 389.3 241.5 53.5 27.0
5.300000 2 390.3 240.8 53.1 26.9
5.333333 2 392.1 239.5 53.2 27.0
5.366667 2 393.3 238.1 53.3 26.7
5.400000 2 394.2 237.3 53.9 27.5
5.433333 2 395.5 235.9 53.6 27.8
5.466667 2 397.0 235.7 52.9 26.9
5.500000 2 398.0 234.1 54.1 27.9
5.533333 2 400.1 233.8 52.9 27.1
5.566667 2 401.6 232.5 53.3 27.5
5.600000 2 401.9 231.9 54.3 28.2
5.633333 2 403.8 231.2 53.4 27.8
5.666667 2 405.2 230.7 53.7 27.5
5.700000 2 406.0 230.7 53.2 27.3
5.733333 2 407.0 230.5 53.6 27.4
5.766667 2 407.8 230.2 53.5 27.8
5.800000 2 408.9 230.7 53.3 27.7
5.833333 2 409.8 231.7 53.3 27.6
5.866667 2 410.0 231.8 53.6 27.6
5.900000 2 410.5 232.7 53.7 28.0
5.933333 2 410.9 233.3 53.3 27.6
5.966667 2 411.0 234.9 53.3 27.5
6.000000 2 411.2 235.9 52.9 27.0
6.033333 2 411.0 237.7 52.9 27.1
6.066667 2 410.2 240.0 53.3 27.0
6.100000 2 409.9 240.8 53.3 27.5
6.133333 2 409.1 243.7 53.0 27.1
6.166667 2 408.1 244.7 54.1 28.1
6.200000 2 407.2 247.8 53.2 27.0
6.233333 2 406.3 249.1 53.8 27.9
6.266667 2 404.8 251.8 53.6 28.0
6.300000 2 404.1 253.9 53.1 27.3
6.333333 2 402.2 256.6 53.5 27.2
6.366667 2 399.8 258.8 54.3 28.2
6.400000 2 399.4 260.7 53.5 27.6
6.433333 2 397.3 263.3 53.6 27.7
6.466667 2 396.3 264.7 53.5 27.6
6.500000 2 394.3 266.6 54.0 28.5
6.533333 2 392.7 269.6 53.2 27.6
6.566667 2 391.8 270.5 53.1 27.5
6.600000 2 390.2 272.7 53.3 27.3
6.633333 2 388.9 273.1 53.9 27.9
6.666667 2 388.0 274.9 53.4 27.9
6.700000 2 386.7 275.7 53.5 28.3
6.733333 2 385.0 276.4 54.2 28.5
6.766667 2 384.9 277.1 53.6 27.9
6.800000 2 383.9 277.7 53.6 28.0
6.833333 2 383.3 277.5 54.0 28.7
6.866667 2 382.8 278.0 53.8 28.1
6.900000 2 382.8 278.6 52.9 27.3
6.933333 2 381.9 277.6 54.4 28.6
6.966667 2 381.8 278.0 53.8 28.1
7.000000 2 382.0 277.2 53.6 27.8
7.033333 2 382.3 277.5 53.1 27.3
7.066667 2 382.6 276.7 52.9 27.2
7.100000 2 382.6 275.9 53.5 28.2
7.133333 2 383.0 274.9 53.7 28.0
7.166667 2 384.1 273.9 53.4 27.9
7.200000 2 384.3 272.8 53.7 28.2
7.233333 2 385.5 271.7 53.5 28.3
7.266667 2 387.1 270.2 53.2 27.8
7.300000 2 387.6 269.0 53.5 28.3
7.333333 2 388.9 267.5 53.7 28.2
7.366667 2 390.3 265.4 53.9 28.6
7.400000 2 391.2 265.2 53.8 28.1
7.433333 2 392.9 263.5 53.3 27.9
7.466667 2 393.3 262.5 54.2 28.9
7.500000 2 395.0 261.4 53.9 28.2
7.533333 2 396.9 260.1 53.7 28.1
7.566667 2 398.4 258.5 54.0 28.9
7.600000 2 399.8 257.6 54.3 28.7
7.633333 2 401.0 257.4 53.9 28.3
7.666667 2 402.9 256.5 53.8 28.4
7.700000 2 404.4 255.9 53.7 28.5
7.733333 2 405.2 255.5 54.1 28.8
7.766667 2 406.8 255.6 53.9 28.4
7.800000 2 407.5 255.6 53.8 28.6
7.833333 2 408.8 256.0 53.5 28.2
7.866667 2 409.6 256.5 53.8 28.6
7.900000 2 410.2 257.5 53.4 27.7
7.933333 2 411.1 258.6 53.1 27.7
7.966667 2 411.1 259.5 53.3 27.8
8.000000 2 411.0 260.7 54.1 28.6
8.033333 2 411.5 263.4 53.3 27.9
8.066667 2 411.0 264.0 53.5 28.1
8.100000 2 410.7 266.6 53.4 28.3
8.133333 2 410.2 268.9 53.7 28.2
8.166667 2 409.8 270.6 53.1 27.9
8.200000 2 408.9 272.8 53.4 28.2
8.233333 2 408.3 275.7 52.6 27.3
8.266667 2 407.2 276.7 53.3 27.8
8.300000 2 406.3 279.3 53.3 27.7
8.333333 2 405.1 281.8 53.7 28.2
8.366667 2 404.4 282.6 53.6 28.5
8.400000 2 403.8 285.7 52.8 27.4
8.433333 2 402.5 286.7 53.6 28.4
8.466667 2 401.8 289.1 53.1 27.9
8.500000 2 401.1 291.0 53.4 27.9
8.533333 2 401.4 291.8 52.2 27.1
8.566667 2 400.3 292.8 53.5 28.2
8.600000 2 400.4 293.6 52.6 27.1
8.633333 2 400.1 294.0 53.1 27.8
8.666667 2 400.1 294.0 53.2 27.7
8.700000 2 400.2 294.0 53.4 27.9
8.733333 2 400.5 293.9 53.3 28.0
8.766667 2 401.5 294.0 52.2 26.7
8.800000 2 402.0 293.3 52.8 27.6
8.833333 2 402.9 291.9 52.9 27.7
8.866667 2 404.3 291.6 52.5 27.1
8.900000 2 405.4 291.1 52.1 26.9
8.933333 2 406.6 290.1 52.0 26.5
8.966667 2 407.2 289.4 52.7 27.4
9.000000 2 408.6 288.0 53.3 28.0
9.033333 2 410.6 287.9 52.7 27.1
9.066667 2 412.2 285.8 53.6 28.1
9.100000 2 413.6 285.9 52.9 27.4
9.133333 2 416.1 284.1 52.3 27.0
9.166667 2 418.3 282.2 52.7 27.4
9.200000 2 420.2 281.2 52.9 27.3
9.233333 2 421.3 280.3 52.8 27.0
9.266667 2 424.0 279.2 52.5 26.9
9.300000 2 425.5 278.4 52.1 26.4
9.333333 2 427.6 277.5 52.2 26.2
9.366667 2 428.6 276.3 53.0 26.9
9.400000 2 430.8 275.5 52.7 26.9
9.433333 2 433.9 274.4 52.9 27.2
9.466667 2 435.8 274.3 52.4 26.3
9.500000 2 437.5 274.3 52.3 26.5
9.533333 2 438.1 274.1 52.5 26.9
9.566667 2 439.5 275.0 52.3 26.4
9.600000 2 441.5 282.2 53.1 27.1
9.633333 2 441.4 283.3 53.1 27.1
9.666667 2 441.1 286.2 52.7 27.1
9.700000 2 440.7 287.7 52.8 26.8
9.733333 2 439.8 291.3 52.4 26.3
9.766667 2 439.3 292.5 52.6 26.9
9.800000 2 437.9 296.2 52.6 26.9
9.833333 2 436.3 300.1 52.1 26.4
9.866667 2 435.4 301.9 52.3 26.6
9.900000 2 433.2 305.4 52.6 27.0
9.933333 2 431.9 307.4 52.7 27.0
9.966667 2 429.8 311.4 51.9 26.0
10.000000 2 427.2 314.4 52.5 27.1
10.033333 2 426.0 316.3 52.4 26.7
10.066667 2 423.3 319.3 52.4 27.0
10.100000 2 422.0 321.3 52.4 26.7
10.133333 2 419.8 324.4 51.7 26.0
10.166667 2 418.1 325.3 52.6 27.2
10.200000 2 415.7 328.3 52.1 26.1
10.233333 2 414.4 329.3 52.2 26.7
10.266667 2 411.5 331.5 53.0 27.0
10.300000 2 410.7 333.2 52.2 26.1
10.333333 2 408.4 335.2 51.9 26.2
10.366667 2 405.7 337.4 52.5 26.5
10.400000 2 404.6 337.9 52.4 26.4
10.433333 2 402.6 340.3 51.7 26.1
10.466667 2 400.9 340.3 52.8 27.2
10.500000 2 398.5 342.4 53.0 27.0
10.533333 2 396.8 344.4 51.8 26.0
10.566667 2 395.5 344.8 52.4 26.6
10.600000 2 393.6 346.3 51.7 26.0
10.633333 2 392.3 346.4 52.4 26.9
10.666667 2 389.8 347.3 52.7 27.1
10.700000 2 387.8 348.3 52.6 26.9
10.733333 2 387.0 349.1 52.2 26.2
10.766667 2 384.7 349.5 52.8 26.9
10.800000 2 382.5 350.4 52.7 26.7
10.833333 2 381.5 350.5 52.8 26.8
10.866667 2 379.7 351.5 52.3 26.3
10.900000 2 378.6 351.5 52.2 26.4
