0.000000 2 326.0 361.0 17.0 17.0
0.033333 2 325.7 360.8 17.1 17.4
0.066667 2 325.4 360.6 17.2 17.7
0.100000 2 325.1 360.4 17.4 18.1
0.133333 2 324.8 360.3 17.5 18.5
0.166667 2 324.4 360.1 17.6 18.9
0.200000 2 324.1 359.9 17.7 19.2
0.233333 2 323.8 359.7 17.9 19.6
0.266667 2 323.5 359.5 18.0 20.0
0.300000 2 323.2 359.3 18.1 20.4
0.333333 2 322.9 359.1 18.2 20.7
0.366667 2 322.6 358.9 18.4 21.1
0.400000 2 322.3 358.8 18.5 21.5
0.433333 2 321.9 358.6 18.6 21.9
0.466667 2 321.6 358.4 18.7 22.2
0.500000 2 321.3 358.2 18.9 22.6
0.533333 2 321.0 358.0 19.0 23.0
0.566667 2 320.8 358.0 18.7 22.8
0.600000 2 320.6 358.0 18.4 22.7
0.633333 2 320.3 358.0 18.2 22.5
0.666667 2 320.1 358.0 17.9 22.3
0.700000 2 319.9 358.0 17.6 22.2
0.733333 2 319.7 358.0 17.3 22.0
0.766667 2 319.4 358.0 17.1 21.8
0.800000 2 319.2 358.0 16.8 21.7
0.833333 2 319.0 358.0 16.5 21.5
0.866667 2 318.8 358.0 16.2 21.3
0.900000 2 318.6 358.0 15.9 21.2
0.933333 2 318.3 358.0 15.7 21.0
0.966667 2 318.1 358.0 15.4 20.8
1.000000 2 317.9 358.0 15.1 20.7
1.033333 2 317.7 358.0 14.8 20.5
1.066667 2 317.4 358.0 14.6 20.3
1.100000 2 317.2 358.0 14.3 20.2
1.133333 2 317.0 358.0 14.0 20.0
1.166667 2 316.6 358.0 14.1 19.8
1.200000 2 316.2 358.0 14.2 19.5
1.233333 2 315.9 358.0 14.3 19.3
1.266667 2 315.5 358.0 14.4 19.0
1.300000 2 315.1 358.0 14.5 18.8
1.333333 2 314.7 358.0 14.6 18.6
1.366667 2 314.3 358.0 14.7 18.3
1.400000 2 314.0 358.0 14.8 18.1
1.433333 2 313.6 358.0 14.9 17.9
1.466667 2 313.2 358.0 15.0 17.6
1.500000 2 312.8 358.0 15.0 17.4
1.533333 2 312.4 358.0 15.1 17.1
1.566667 2 312.0 358.0 15.2 16.9
1.600000 2 311.7 358.0 15.3 16.7
1.633333 2 311.3 358.0 15.4 16.4
1.666667 2 310.9 358.0 15.5 16.2
1.700000 2 310.5 358.0 15.6 16.0
1.733333 2 310.1 358.0 15.7 15.7
1.766667 2 309.8 358.0 15.8 15.5
1.800000 2 309.4 358.0 15.9 15.2
1.833333 2 309.0 358.0 16.0 15.0
1.866667 2 308.6 357.7 16.2 15.4
1.900000 2 308.1 357.4 16.4 15.7
1.933333 2 307.7 357.1 16.6 16.1
1.966667 2 307.3 356.8 16.7 16.5
2.000000 2 306.8 356.4 16.9 16.9
2.033333 2 306.4 356.1 17.1 17.2
2.066667 2 305.9 355.8 17.3 17.6
2.100000 2 305.5 355.5 17.5 18.0
2.133333 2 305.1 355.2 17.7 18.4
2.166667 2 304.6 354.9 17.9 18.7
2.200000 2 304.2 354.6 18.1 19.1
2.233333 2 303.8 354.3 18.2 19.5
2.266667 2 303.3 353.9 18.4 19.9
2.300000 2 302.9 353.6 18.6 20.2
2.333333 2 302.4 353.3 18.8 20.6
2.366667 2 302.0 353.0 19.0 21.0
2.400000 2 301.7 353.0 19.0 20.9
2.433333 2 301.5 353.0 18.9 20.7
2.466667 2 301.2 353.0 18.9 20.6
2.500000 2 300.9 353.0 18.8 20.5
2.533333 2 300.6 353.0 18.8 20.3
2.566667 2 300.4 353.0 18.7 20.2
2.600000 2 300.1 353.0 18.7 20.0
2.633333 2 299.8 353.0 18.6 19.9
2.666667 2 299.5 353.0 18.6 19.8
2.700000 2 299.3 353.0 18.5 19.6
2.733333 2 299.0 353.0 18.5 19.5
2.766667 2 298.7 353.0 18.5 19.4
2.800000 2 298.5 353.0 18.4 19.2
2.833333 2 298.2 353.0 18.4 19.1
2.866667 2 297.9 353.0 18.3 19.0
2.900000 2 297.6 353.0 18.3 18.8
2.933333 2 297.4 353.0 18.2 18.7
2.966667 2 297.1 353.0 18.2 18.5
3.000000 2 296.8 353.0 18.1 18.4
3.033333 2 296.5 353.0 18.1 18.3
3.066667 2 296.3 353.0 18.0 18.1
3.100000 2 296.0 353.0 18.0 18.0
3.133333 2 295.4 352.9 18.0 17.9
3.166667 2 294.8 352.8 18.0 17.8
3.200000 2 294.2 352.7 18.0 17.7
3.233333 2 293.7 352.7 18.0 17.7
3.266667 2 293.1 352.6 18.0 17.6
3.300000 2 292.5 352.5 18.0 17.5
3.333333 2 291.9 352.4 18.0 17.4
3.366667 2 291.3 352.3 18.0 17.3
3.400000 2 290.7 352.2 18.0 17.2
3.433333 2 290.2 352.2 18.0 17.2
3.466667 2 289.6 352.1 18.0 17.1
3.500000 2 289.0 352.0 18.0 17.0
3.533333 2 288.6 352.0 18.1 17.2
3.566667 2 288.2 351.9 18.3 17.4
3.600000 2 287.9 351.9 18.4 17.6
3.633333 2 287.5 351.8 18.6 17.8
3.666667 2 287.1 351.8 18.7 18.0
3.700000 2 286.7 351.7 18.9 18.1
3.733333 2 286.3 351.7 19.0 18.3
3.766667 2 286.0 351.6 19.1 18.5
3.800000 2 285.6 351.6 19.3 18.7
3.833333 2 285.2 351.5 19.4 18.9
3.866667 2 284.8 351.5 19.6 19.1
3.900000 2 284.4 351.4 19.7 19.3
3.933333 2 284.0 351.4 19.9 19.5
3.966667 2 283.7 351.3 20.0 19.7
4.000000 2 283.3 351.3 20.1 19.9
4.033333 2 282.9 351.2 20.3 20.0
4.066667 2 282.5 351.2 20.4 20.2
4.100000 2 282.1 351.1 20.6 20.4
4.133333 2 281.8 351.1 20.7 20.6
4.166667 2 281.4 351.0 20.9 20.8
4.200000 2 281.0 351.0 21.0 21.0
4.233333 2 280.7 350.9 20.9 21.0
4.266667 2 280.4 350.8 20.7 21.0
4.300000 2 280.1 350.7 20.6 21.0
4.333333 2 279.8 350.6 20.4 21.0
4.366667 2 279.4 350.5 20.3 21.0
4.400000 2 279.1 350.4 20.2 21.0
4.433333 2 278.8 350.3 20.0 21.0
4.466667 2 278.5 350.2 19.9 21.0
4.500000 2 278.2 350.1 19.8 21.0
4.533333 2 277.9 350.0 19.6 21.0
4.566667 2 277.6 349.9 19.5 21.0
4.600000 2 277.3 349.8 19.3 21.0
4.633333 2 277.0 349.7 19.2 21.0
4.666667 2 276.7 349.6 19.1 21.0
4.700000 2 276.3 349.4 18.9 21.0
4.733333 2 276.0 349.3 18.8 21.0
4.766667 2 275.7 349.2 18.7 21.0
4.800000 2 275.4 349.1 18.5 21.0
4.833333 2 275.1 349.0 18.4 21.0
4.866667 2 274.8 348.9 18.2 21.0
4.900000 2 274.5 348.8 18.1 21.0
4.933333 2 274.2 348.7 18.0 21.0
4.966667 2 273.9 348.6 17.8 21.0
5.000000 2 273.6 348.5 17.7 21.0
5.033333 2 273.2 348.4 17.6 21.0
5.066667 2 272.9 348.3 17.4 21.0
5.100000 2 272.6 348.2 17.3 21.0
5.133333 2 272.3 348.1 17.1 21.0
5.166667 2 272.0 348.0 17.0 21.0
5.200000 2 271.7 348.0 17.1 20.9
5.233333 2 271.5 348.0 17.1 20.8
5.266667 2 271.2 348.0 17.2 20.7
5.300000 2 271.0 348.0 17.3 20.6
5.333333 2 270.7 348.0 17.4 20.5
5.366667 2 270.5 348.0 17.4 20.4
5.400000 2 270.2 348.0 17.5 20.2
5.433333 2 270.0 348.0 17.6 20.1
5.466667 2 269.7 348.0 17.6 20.0
5.500000 2 269.5 348.0 17.7 19.9
5.533333 2 269.2 348.0 17.8 19.8
5.566667 2 269.0 348.0 17.9 19.7
5.600000 2 268.7 348.0 17.9 19.6
5.633333 2 268.5 348.0 18.0 19.5
5.666667 2 268.2 348.0 18.1 19.4
5.700000 2 268.0 348.0 18.1 19.3
5.733333 2 267.7 348.0 18.2 19.2
5.766667 2 267.5 348.0 18.3 19.1
5.800000 2 267.2 348.0 18.4 19.0
5.833333 2 267.0 348.0 18.4 18.9
5.866667 2 266.7 348.0 18.5 18.7
5.900000 2 266.5 348.0 18.6 18.6
5.933333 2 266.2 348.0 18.6 18.5
5.966667 2 266.0 348.0 18.7 18.4
6.000000 2 265.7 348.0 18.8 18.3
6.033333 2 265.5 348.0 18.9 18.2
6.066667 2 265.2 348.0 18.9 18.1
6.100000 2 265.0 348.0 19.0 18.0
6.133333 2 264.7 347.9 19.0 18.0
6.166667 2 264.5 347.8 19.0 18.0
6.200000 2 264.2 347.7 19.0 18.0
6.233333 2 264.0 347.7 19.0 18.0
6.266667 2 263.7 347.6 19.0 18.0
6.300000 2 263.5 347.5 19.0 18.0
6.333333 2 263.2 347.4 19.0 18.0
6.366667 2 263.0 347.3 19.0 18.0
6.400000 2 262.7 347.2 19.0 18.0
6.433333 2 262.5 347.2 19.0 18.0
6.466667 2 262.2 347.1 19.0 18.0
6.500000 2 262.0 347.0 19.0 18.0
6.533333 2 261.7 346.9 19.0 18.0
6.566667 2 261.5 346.8 19.0 18.0
6.600000 2 261.2 346.7 19.0 18.0
6.633333 2 261.0 346.7 19.0 18.0
6.666667 2 260.7 346.6 19.0 18.0
6.700000 2 260.5 346.5 19.0 18.0
6.733333 2 260.2 346.4 19.0 18.0
6.766667 2 260.0 346.3 19.0 18.0
6.800000 2 259.7 346.2 19.0 18.0
6.833333 2 259.5 346.2 19.0 18.0
6.866667 2 259.2 346.1 19.0 18.0
6.900000 2 259.0 346.0 19.0 18.0
6.933333 2 258.7 345.7 19.1 18.2
6.966667 2 258.3 345.5 19.1 18.4
7.000000 2 258.0 345.2 19.2 18.6
7.033333 2 257.7 344.9 19.3 18.8
7.066667 2 257.3 344.7 19.3 19.0
7.100000 2 257.0 344.4 19.4 19.2
7.133333 2 256.7 344.1 19.5 19.4
7.166667 2 256.3 343.9 19.5 19.6
7.200000 2 256.0 343.6 19.6 19.8
7.233333 2 255.7 343.3 19.7 20.0
7.266667 2 255.3 343.1 19.7 20.2
7.300000 2 255.0 342.8 19.8 20.4
7.333333 2 254.7 342.5 19.9 20.6
7.366667 2 254.3 342.3 19.9 20.8
7.400000 2 254.0 342.0 20.0 21.0
7.433333 2 253.8 342.0 19.8 20.9
7.466667 2 253.6 342.0 19.6 20.8
7.500000 2 253.4 342.0 19.4 20.7
7.533333 2 253.2 342.0 19.2 20.6
7.566667 2 252.9 342.0 18.9 20.5
7.600000 2 252.7 342.0 18.7 20.4
7.633333 2 252.5 342.0 18.5 20.3
7.666667 2 252.3 342.0 18.3 20.2
7.700000 2 252.1 342.0 18.1 20.1
7.733333 2 251.9 342.0 17.9 19.9
7.766667 2 251.7 342.0 17.7 19.8
7.800000 2 251.5 342.0 17.5 19.7
7.833333 2 251.3 342.0 17.3 19.6
7.866667 2 251.1 342.0 17.1 19.5
7.900000 2 250.8 342.0 16.8 19.4
7.933333 2 250.6 342.0 16.6 19.3
7.966667 2 250.4 342.0 16.4 19.2
8.000000 2 250.2 342.0 16.2 19.1
8.033333 2 250.0 342.0 16.0 19.0
8.066667 2 249.7 342.0 16.0 18.9
8.100000 2 249.4 342.0 16.0 18.9
8.133333 2 249.1 342.0 16.0 18.8
8.166667 2 248.8 342.0 16.0 18.8
8.200000 2 248.4 342.0 16.0 18.7
8.233333 2 248.1 342.0 16.0 18.6
8.266667 2 247.8 342.0 16.0 18.6
8.300000 2 247.5 342.0 16.0 18.5
8.333333 2 247.2 342.0 16.0 18.4
8.366667 2 246.9 342.0 16.0 18.4
8.400000 2 246.6 342.0 16.0 18.3
8.433333 2 246.3 342.0 16.0 18.3
8.466667 2 245.9 342.0 16.0 18.2
8.500000 2 245.6 342.0 16.0 18.1
8.533333 2 245.3 342.0 16.0 18.1
8.566667 2 245.0 342.0 16.0 18.0
8.600000 2 244.7 341.9 16.0 18.0
8.633333 2 244.4 341.8 16.0 18.0
8.666667 2 244.1 341.6 16.1 18.0
8.700000 2 243.9 341.5 16.1 18.0
8.733333 2 243.6 341.4 16.1 18.0
8.766667 2 243.3 341.3 16.1 18.0
8.800000 2 243.0 341.2 16.2 18.0
8.833333 2 242.7 341.0 16.2 18.0
8.866667 2 242.4 340.9 16.2 18.0
8.900000 2 242.1 340.8 16.2 18.0
8.933333 2 241.9 340.7 16.3 18.0
8.966667 2 241.6 340.6 16.3 18.0
9.000000 2 241.3 340.5 16.3 18.0
9.033333 2 241.0 340.3 16.3 18.0
9.066667 2 240.7 340.2 16.4 18.0
9.100000 2 240.4 340.1 16.4 18.0
9.133333 2 240.1 340.0 16.4 18.0
9.166667 2 239.9 339.9 16.4 18.0
9.200000 2 239.6 339.7 16.5 18.0
9.233333 2 239.3 339.6 16.5 18.0
9.266667 2 239.0 339.5 16.5 18.0
9.300000 2 238.7 339.4 16.5 18.0
9.333333 2 238.4 339.3 16.5 18.0
9.366667 2 238.1 339.1 16.6 18.0
9.400000 2 237.9 339.0 16.6 18.0
9.433333 2 237.6 338.9 16.6 18.0
9.466667 2 237.3 338.8 16.6 18.0
9.500000 2 237.0 338.7 16.7 18.0
9.533333 2 236.7 338.5 16.7 18.0
9.566667 2 236.4 338.4 16.7 18.0
9.600000 2 236.1 338.3 16.7 18.0
9.633333 2 235.9 338.2 16.8 18.0
9.666667 2 235.6 338.1 16.8 18.0
9.700000 2 235.3 338.0 16.8 18.0
9.733333 2 235.0 337.8 16.8 18.0
9.766667 2 234.7 337.7 16.9 18.0
9.800000 2 234.4 337.6 16.9 18.0
9.833333 2 234.1 337.5 16.9 18.0
9.866667 2 233.9 337.4 16.9 18.0
9.900000 2 233.6 337.2 17.0 18.0
9.933333 2 233.3 337.1 17.0 18.0
9.966667 2 233.0 337.0 17.0 18.0
