0.000000 2 443.0 42.0 42.0 26.0
0.033333 2 445.6 52.2 42.2 26.2
0.066667 2 447.0 57.7 42.0 26.1
0.100000 2 447.0 57.7 42.0 26.1
0.133333 2 449.1 65.7 42.0 26.2
0.166667 2 450.7 70.8 42.3 26.5
0.200000 2 450.7 70.8 42.3 26.5
0.233333 2 453.2 78.9 42.1 26.3
0.266667 2 454.9 84.3 42.4 26.4
0.300000 2 454.9 84.3 42.4 26.4
0.333333 2 457.8 92.1 42.4 26.5
0.366667 2 460.2 97.6 42.2 26.4
0.400000 2 460.2 97.6 42.2 26.4
0.433333 2 464.9 107.5 42.3 26.4
0.466667 2 466.2 109.7 42.2 26.4
0.500000 2 466.2 109.7 42.2 26.4
0.533333 2 472.0 119.9 42.2 26.3
0.566667 2 473.6 122.1 42.2 26.2
0.600000 2 473.6 122.1 42.2 26.2
0.633333 2 479.8 131.6 42.3 26.3
0.666667 2 481.4 134.3 42.3 26.3
0.700000 2 481.4 134.3 42.3 26.2
0.733333 2 486.5 141.6 42.4 26.3
0.766667 2 490.4 146.3 42.1 26.1
0.800000 2 490.4 146.3 42.1 26.1
0.833333 2 495.9 153.1 42.2 26.2
0.866667 2 499.8 157.8 42.2 26.2
0.900000 2 499.8 157.8 42.2 26.2
0.933333 2 505.7 164.6 42.3 26.4
0.966667 2 509.6 169.1 42.5 26.7
1.000000 2 509.6 169.1 42.5 26.7
1.033333 2 515.5 176.3 42.3 26.6
1.066667 2 519.4 181.0 42.5 26.8
1.100000 2 519.4 181.0 42.5 26.8
1.133333 2 525.1 188.5 42.3 26.8
1.166667 2 528.9 193.8 42.3 26.8
1.200000 2 528.9 193.8 42.3 26.8
1.233333 2 534.1 201.7 42.3 26.9
1.266667 2 537.5 207.1 42.4 27.0
1.300000 2 537.5 207.1 42.4 27.0
1.333333 2 543.6 219.1 42.2 26.8
1.366667 2 545.2 222.1 41.9 26.6
1.400000 2 545.2 222.1 41.9 26.6
1.433333 2 548.8 231.5 42.1 26.7
1.466667 2 551.3 238.4 41.9 26.5
1.500000 2 551.3 238.4 41.9 26.5
1.533333 2 554.3 248.5 42.0 26.6
1.566667 2 556.2 255.1 41.8 26.5
1.600000 2 556.2 255.0 41.8 26.5
1.633333 2 558.4 265.7 41.7 26.4
1.666667 2 559.5 273.0 41.9 26.6
1.700000 2 559.5 273.0 41.9 26.6
1.733333 2 560.8 284.0 42.0 26.7
1.766667 2 561.7 291.5 41.9 26.5
1.800000 2 561.7 291.5 41.9 26.5
1.833333 2 562.3 302.9 41.5 26.2
1.866667 2 562.4 310.2 41.4 26.0
1.900000 2 562.4 310.2 41.4 26.0
1.933333 2 562.6 321.2 41.3 25.8
1.966667 2 562.3 328.7 41.5 26.0
2.000000 2 562.3 328.7 41.5 26.0
2.033333 2 561.8 342.4 41.4 25.7
2.066667 2 561.7 349.3 41.1 25.4
2.100000 2 561.7 349.3 41.1 25.4
2.133333 2 561.0 358.2 41.3 25.6
2.166667 2 560.5 363.7 41.2 25.6
2.200000 2 560.5 363.7 41.2 25.6
2.233333 2 560.0 371.5 41.3 25.6
2.266667 2 559.6 376.4 41.0 25.5
2.300000 2 559.6 376.4 41.0 25.5
2.333333 2 559.2 383.3 41.3 25.6
2.366667 2 559.0 385.5 41.1 25.5
2.400000 2 559.0 385.5 41.1 25.5
2.433333 2 558.8 393.6 40.7 25.4
2.466667 2 558.5 395.1 40.7 25.3
2.500000 2 558.5 395.1 40.7 25.3
2.533333 2 558.2 401.2 40.7 25.3
2.566667 2 558.1 402.7 40.4 25.3
2.600000 2 558.1 402.7 40.4 25.3
2.633333 2 555.1 404.2 45.4 31.2
2.666667 2 556.0 406.2 43.4 29.1
2.700000 2 555.9 406.2 43.5 29.2
2.733333 2 560.8 411.1 32.8 23.9
2.766667 2 562.1 412.4 29.9 23.1
2.800000 2 562.1 412.4 29.9 23.0
2.833333 2 563.7 414.7 26.4 20.4
2.866667 2 564.5 415.7 24.6 19.5
2.900000 2 564.6 415.8 24.3 19.2
2.933333 2 564.1 416.5 25.3 18.6
2.966667 2 563.2 415.3 27.5 20.9
3.000000 2 563.3 415.5 27.2 20.6
3.033333 2 562.8 414.7 28.4 22.6
3.066667 2 565.3 416.9 24.3 18.8
3.100000 2 565.3 416.8 24.3 18.8
3.133333 2 566.1 417.4 23.3 17.7
3.166667 2 565.7 417.0 24.1 18.2
3.200000 2 565.6 416.9 24.3 18.4
3.233333 2 563.9 414.4 28.5 23.5
3.266667 2 564.3 414.7 27.8 23.3
3.300000 2 564.3 414.7 27.8 23.3
3.333333 2 565.6 416.5 25.5 20.1
3.366667 2 565.8 416.5 25.3 20.0
3.400000 2 565.9 416.5 25.1 19.9
3.433333 2 565.0 416.4 26.7 20.6
3.466667 2 564.3 416.1 28.1 21.4
3.500000 2 564.3 416.1 28.2 21.5
3.533333 2 563.2 414.8 29.9 24.4
3.566667 2 564.7 416.7 26.3 20.7
3.600000 2 564.7 416.7 26.4 20.7
3.633333 2 565.7 417.8 23.6 18.8
3.666667 2 563.5 415.4 27.5 23.8
3.700000 2 563.4 415.4 27.5 23.8
3.733333 2 564.9 417.8 23.7 19.2
3.766667 2 565.0 418.1 23.1 18.6
3.800000 2 565.0 418.0 23.1 18.7
3.833333 2 563.5 418.1 24.0 19.0
3.866667 2 561.4 415.9 27.8 23.5
3.900000 2 561.6 416.2 27.3 22.9
3.933333 2 560.5 415.9 27.6 23.4
3.966667 2 561.2 417.1 25.0 20.8
4.000000 2 561.3 417.2 24.8 20.6
4.033333 2 560.4 417.0 24.5 20.7
4.066667 2 558.9 416.1 25.9 22.1
4.100000 2 558.9 416.1 25.8 22.1
4.133333 2 558.0 417.0 25.2 19.9
4.166667 2 556.9 416.8 25.6 20.4
4.200000 2 557.0 417.0 25.4 20.1
4.233333 2 555.3 416.5 26.5 20.5
4.266667 2 555.0 416.3 25.2 20.5
4.300000 2 555.0 416.3 25.2 20.5
4.333333 2 553.3 416.1 24.6 20.4
4.366667 2 551.4 415.3 26.6 21.3
4.400000 2 551.4 415.3 26.7 21.3
4.433333 2 549.5 414.0 27.7 23.1
4.466667 2 548.2 413.5 29.4 24.3
4.500000 2 548.2 413.5 29.4 24.3
4.533333 2 548.6 414.2 25.8 22.1
4.566667 2 547.5 413.9 26.1 21.5
4.600000 2 547.5 413.9 26.1 21.5
4.633333 2 541.7 409.4 32.5 28.9
4.666667 2 542.1 410.1 30.4 27.0
4.700000 2 542.0 410.0 30.6 27.2
4.733333 2 541.5 411.5 28.1 22.2
4.766667 2 540.5 410.7 28.6 22.9
4.800000 2 540.5 410.8 28.6 22.9
4.833333 2 537.7 408.8 30.2 23.0
4.866667 2 536.0 407.5 32.8 25.2
4.900000 2 536.0 407.4 32.8 25.2
4.933333 2 536.2 407.6 29.0 21.6
4.966667 2 535.0 406.3 29.5 21.7
5.000000 2 535.0 406.3 29.4 21.6
5.033333 2 531.9 402.6 32.1 25.3
5.066667 2 530.8 401.6 32.2 25.2
5.100000 2 530.8 401.6 32.2 25.2
5.133333 2 529.9 400.1 31.0 24.3
5.166667 2 528.6 399.0 31.6 24.2
5.200000 2 528.6 399.0 31.7 24.2
5.233333 2 527.7 397.9 30.4 22.6
5.266667 2 524.6 394.3 34.9 26.6
5.300000 2 524.6 394.3 34.8 26.6
5.333333 2 526.1 394.3 29.4 21.9
5.366667 2 522.1 389.9 36.4 27.9
5.400000 2 522.1 389.9 36.4 27.9
5.433333 2 522.9 388.0 32.8 26.5
5.466667 2 523.5 388.0 30.6 23.0
5.500000 2 523.5 388.0 30.7 23.0
5.533333 2 520.3 382.9 36.1 27.7
5.566667 2 520.4 381.6 35.2 26.5
5.600000 2 520.4 381.6 35.2 26.5
5.633333 2 521.9 380.5 31.8 22.9
5.666667 2 522.1 378.8 31.3 22.3
5.700000 2 522.3 378.9 31.1 22.0
5.733333 2 522.2 374.4 31.4 24.1
5.766667 2 520.8 370.4 34.6 27.2
5.800000 2 520.8 370.4 34.6 27.3
5.833333 2 523.5 369.4 30.2 22.4
5.866667 2 523.1 365.9 31.7 24.6
5.900000 2 523.1 365.9 31.6 24.6
5.933333 2 524.3 362.8 30.4 23.3
5.966667 2 524.6 360.6 30.4 23.3
6.000000 2 524.7 360.7 30.2 23.2
6.033333 2 521.9 354.5 36.7 28.6
6.066667 2 523.9 353.7 33.0 25.7
6.100000 2 524.0 353.8 32.8 25.5
6.133333 2 526.0 352.7 29.2 21.6
6.166667 2 526.1 351.8 29.1 21.4
6.200000 2 526.0 351.8 29.3 21.5
6.233333 2 525.9 348.9 29.4 21.5
6.266667 2 525.4 347.2 30.5 21.2
6.300000 2 525.4 347.2 30.5 21.3
6.333333 2 523.7 341.4 32.7 26.0
6.366667 2 524.3 342.6 31.1 22.3
6.400000 2 524.3 342.6 31.0 22.2
6.433333 2 523.2 339.6 31.3 22.4
6.466667 2 522.0 336.1 32.6 26.4
6.500000 2 522.0 336.1 32.6 26.4
6.533333 2 520.9 334.5 32.3 25.8
6.566667 2 519.7 333.3 32.6 25.6
6.600000 2 519.8 333.3 32.5 25.5
6.633333 2 519.9 333.3 29.4 21.6
6.666667 2 518.0 331.7 31.0 22.2
6.700000 2 518.1 331.8 30.9 22.0
6.733333 2 517.1 330.6 29.2 21.0
6.766667 2 515.6 329.4 30.3 21.1
6.800000 2 515.5 329.3 30.3 21.1
6.833333 2 513.3 326.9 31.0 22.0
6.866667 2 512.8 325.3 29.3 22.2
6.900000 2 512.8 325.3 29.3 22.2
6.933333 2 511.5 324.0 28.4 20.9
6.966667 2 508.9 321.1 30.9 24.1
7.000000 2 508.9 321.1 30.9 24.1
7.033333 2 507.5 319.9 29.8 22.6
7.066667 2 507.2 319.4 29.3 22.0
7.100000 2 507.3 319.4 29.2 21.9
7.133333 2 504.9 317.4 29.9 22.2
7.166667 2 504.3 317.0 28.8 20.0
7.200000 2 504.3 316.9 28.9 20.2
7.233333 2 502.0 314.8 29.5 20.3
7.266667 2 500.5 313.3 30.1 21.0
7.300000 2 500.4 313.3 30.2 21.0
7.333333 2 499.5 311.6 28.4 20.1
7.366667 2 498.7 310.2 27.9 19.8
7.400000 2 498.7 310.2 27.9 19.9
7.433333 2 495.6 306.7 30.8 22.6
7.466667 2 494.6 304.6 30.5 22.9
7.500000 2 494.6 304.6 30.6 22.9
7.533333 2 492.5 302.3 31.9 23.1
7.566667 2 492.7 301.8 30.4 22.8
7.600000 2 492.7 301.6 30.5 23.0
7.633333 2 488.8 296.8 34.9 27.6
7.666667 2 487.4 295.1 35.6 27.5
7.700000 2 487.4 295.1 35.6 27.5
7.733333 2 487.5 294.8 32.8 24.1
7.766667 2 485.6 292.0 34.9 27.3
7.800000 2 485.6 292.0 34.9 27.3
7.833333 2 485.4 291.6 33.1 24.2
7.866667 2 483.2 288.8 35.8 27.8
7.900000 2 483.2 288.8 35.8 27.8
7.933333 2 482.0 286.9 36.2 27.8
7.966667 2 482.0 285.5 34.4 27.8
8.000000 2 481.9 285.4 34.6 28.0
8.033333 2 480.2 283.6 36.1 28.3
8.066667 2 483.2 286.6 29.0 21.3
8.100000 2 483.2 286.6 29.0 21.4
8.133333 2 481.0 283.6 31.0 22.8
8.166667 2 479.6 281.7 32.7 25.4
8.200000 2 479.6 281.7 32.9 25.6
8.233333 2 478.1 280.1 33.8 25.8
8.266667 2 479.5 281.1 30.1 21.9
8.300000 2 479.5 281.1 30.1 21.9
8.333333 2 478.5 279.5 30.1 22.2
8.366667 2 476.0 275.9 34.3 27.2
8.400000 2 476.0 275.9 34.3 27.2
8.433333 2 476.8 276.1 31.2 24.3
8.466667 2 475.7 276.2 32.4 23.3
8.500000 2 475.7 276.2 32.5 23.3
8.533333 2 474.2 272.6 33.9 27.1
8.566667 2 475.0 274.6 31.9 22.6
8.600000 2 475.0 274.6 31.9 22.6
8.633333 2 473.5 271.4 33.2 26.1
8.666667 2 474.1 272.8 31.0 21.8
8.700000 2 474.1 272.8 31.0 21.8
8.733333 2 471.6 269.4 34.9 26.4
8.766667 2 473.1 271.6 31.4 22.3
8.800000 2 473.2 271.6 31.4 22.2
8.833333 2 470.1 267.0 36.0 27.8
8.866667 2 471.9 269.6 32.0 22.8
8.900000 2 471.9 269.6 31.9 22.7
8.933333 2 473.0 269.6 29.2 21.2
8.966667 2 472.0 268.7 31.3 22.0
9.000000 2 471.9 268.6 31.5 22.2
9.033333 2 469.9 265.4 34.7 28.1
9.066667 2 469.4 265.0 35.7 28.9
9.100000 2 469.3 265.0 35.8 28.9
9.133333 2 471.5 268.6 30.4 22.0
9.166667 2 470.4 267.0 32.2 24.1
9.200000 2 470.4 267.0 32.2 24.1
9.233333 2 469.6 266.9 32.5 23.6
9.266667 2 470.7 266.7 30.4 23.0
9.300000 2 470.7 266.7 30.4 23.0
9.333333 2 470.1 266.4 31.0 22.4
9.366667 2 469.3 266.2 32.4 23.3
9.400000 2 469.3 266.2 32.4 23.3
9.433333 2 468.9 264.9 32.0 24.7
9.466667 2 468.9 264.8 31.4 23.4
9.500000 2 468.9 264.8 31.4 23.4
9.533333 2 466.4 262.6 35.2 26.3
9.566667 2 465.3 261.4 36.1 28.4
9.600000 2 465.3 261.4 36.1 28.4
9.633333 2 466.5 262.8 32.5 23.7
9.666667 2 463.8 259.9 36.7 29.2
9.700000 2 463.8 259.9 36.7 29.2
9.733333 2 462.9 259.0 36.2 29.0
9.766667 2 461.7 257.5 36.7 30.0
9.800000 2 461.7 257.5 36.7 30.0
9.833333 2 461.3 256.6 35.4 29.3
9.866667 2 460.8 257.7 34.3 26.6
9.900000 2 460.8 257.7 34.3 26.6
9.933333 2 459.8 257.3 33.6 25.4
9.966667 2 458.1 254.0 36.3 30.3
10.000000 2 458.1 254.0 36.3 30.3
10.033333 2 455.9 253.2 36.2 30.0
