0.000000 2 408.0 269.0 26.0 18.0
0.033333 2 407.5 267.9 23.5 17.6
0.066667 2 404.5 266.1 26.9 19.5
0.100000 2 404.2 266.1 27.3 19.6
0.133333 2 404.8 265.4 23.7 18.6
0.166667 2 403.5 265.1 24.7 19.1
0.200000 2 403.5 265.1 24.7 19.1
0.233333 2 401.9 264.1 23.1 18.4
0.266667 2 400.1 263.9 25.7 18.3
0.300000 2 400.1 263.9 25.7 18.3
0.333333 2 395.9 261.3 30.0 22.5
0.366667 2 399.5 264.5 20.3 15.4
0.400000 2 399.5 264.5 20.3 15.4
0.433333 2 397.2 264.3 20.8 16.0
0.466667 2 394.6 263.5 23.3 17.5
0.500000 2 394.6 263.5 23.3 17.5
0.533333 2 390.4 262.9 27.3 19.6
0.566667 2 390.6 263.5 25.1 18.4
0.600000 2 390.5 263.5 25.3 18.5
0.633333 2 386.2 264.3 27.4 19.0
0.666667 2 389.1 266.6 20.5 15.0
0.700000 2 389.1 266.6 20.5 15.0
0.733333 2 382.5 265.3 28.9 20.7
0.766667 2 384.8 268.7 20.9 15.0
0.800000 2 384.8 268.7 20.9 15.0
0.833333 2 382.8 270.6 19.7 14.1
0.866667 2 378.9 270.4 24.0 17.1
0.900000 2 378.9 270.4 24.0 17.1
0.933333 2 376.5 272.2 23.4 16.9
0.966667 2 375.8 273.8 21.0 15.5
1.000000 2 375.8 273.8 21.0 15.5
1.033333 2 373.2 275.6 20.8 15.3
1.066667 2 370.5 276.2 22.5 16.1
1.100000 2 370.5 276.2 22.5 16.1
1.133333 2 367.4 276.9 23.6 17.2
1.166667 2 366.0 278.5 22.4 16.2
1.200000 2 366.0 278.5 22.4 16.2
1.233333 2 364.0 280.2 21.5 14.9
1.266667 2 361.1 280.4 23.5 16.4
1.300000 2 361.1 280.4 23.5 16.4
1.333333 2 358.3 281.7 23.0 16.2
1.366667 2 357.1 281.6 23.2 16.6
1.400000 2 357.2 281.7 22.8 16.3
1.433333 2 351.7 280.6 28.4 20.3
1.466667 2 352.9 282.6 23.2 17.1
1.500000 2 352.9 282.6 23.2 17.1
1.533333 2 347.3 281.2 29.4 21.2
1.566667 2 346.9 281.5 27.0 20.3
1.600000 2 346.9 281.5 27.0 20.3
1.633333 2 345.0 281.8 26.5 19.7
1.666667 2 344.3 283.3 24.3 17.7
1.700000 2 344.3 283.3 24.3 17.7
1.733333 2 339.6 281.8 28.8 20.8
1.766667 2 340.0 283.5 24.6 17.3
1.800000 2 340.0 283.5 24.6 17.3
1.833333 2 337.3 282.1 26.2 19.2
1.866667 2 335.4 281.9 26.5 19.5
1.900000 2 335.2 281.4 27.1 20.4
1.933333 2 330.8 280.1 30.6 23.0
1.966667 2 332.2 282.3 25.8 17.9
2.000000 2 332.2 282.3 25.8 17.9
2.033333 2 329.5 280.8 26.6 18.8
2.066667 2 328.7 281.2 25.0 17.8
2.100000 2 328.9 281.3 24.7 17.6
2.133333 2 327.2 279.8 24.8 18.0
2.166667 2 326.1 279.9 24.8 18.0
2.200000 2 326.1 279.9 24.8 18.0
2.233333 2 323.9 278.2 25.4 19.1
2.266667 2 322.1 277.2 25.6 19.3
2.300000 2 322.1 277.2 25.6 19.3
2.333333 2 319.4 276.0 24.6 19.8
2.366667 2 315.0 272.7 32.0 25.5
2.400000 2 315.0 272.7 32.0 25.5
2.433333 2 312.0 270.8 32.0 25.9
2.466667 2 311.6 270.8 30.0 25.5
2.500000 2 311.7 270.9 29.8 25.4
2.533333 2 310.1 270.2 28.1 21.6
2.566667 2 307.8 269.0 30.4 23.8
2.600000 2 307.8 269.0 30.4 23.8
2.633333 2 306.6 267.2 28.1 23.2
2.666667 2 305.7 266.1 27.3 22.1
2.700000 2 305.7 266.1 27.3 22.1
2.733333 2 301.1 262.0 31.5 26.9
2.766667 2 302.2 262.9 27.3 22.1
2.800000 2 302.2 262.9 27.3 22.1
2.833333 2 298.6 260.6 28.6 22.7
2.866667 2 294.2 256.0 35.5 29.5
2.900000 2 294.2 256.0 35.5 29.5
2.933333 2 291.2 252.9 36.6 31.6
2.966667 2 289.1 251.6 36.9 32.2
3.000000 2 289.1 251.6 36.9 32.2
3.033333 2 288.2 251.5 34.2 28.5
3.066667 2 288.0 251.3 32.5 27.0
3.100000 2 288.0 251.3 32.5 27.0
3.133333 2 283.7 245.8 36.3 31.8
3.166667 2 286.0 248.7 29.6 24.8
3.200000 2 286.0 248.7 29.6 24.8
3.233333 2 284.3 247.0 29.1 24.1
3.266667 2 281.8 244.6 30.0 25.0
3.300000 2 281.8 244.6 30.0 25.0
3.333333 2 280.5 242.4 29.9 25.1
3.366667 2 278.6 239.7 31.7 27.1
3.400000 2 278.6 239.7 31.7 27.1
3.433333 2 276.2 236.8 33.7 28.1
3.466667 2 277.5 236.1 30.9 25.6
3.500000 2 277.8 236.6 30.2 24.7
3.533333 2 276.2 233.4 30.7 25.7
3.566667 2 275.4 231.5 30.9 25.5
3.600000 2 275.4 231.5 30.9 25.5
3.633333 2 273.8 226.0 33.7 29.0
3.666667 2 275.5 227.3 30.0 24.9
3.700000 2 275.5 227.3 30.0 24.9
3.733333 2 275.2 222.6 30.6 25.4
3.766667 2 275.5 220.8 30.2 25.1
3.800000 2 275.5 220.8 30.2 25.1
3.833333 2 277.5 218.6 26.2 21.0
3.866667 2 278.2 216.6 26.3 20.9
3.900000 2 278.2 216.6 26.3 20.9
3.933333 2 278.5 212.4 28.1 22.9
3.966667 2 278.7 211.0 28.2 22.3
4.000000 2 278.7 211.0 28.2 22.3
4.033333 2 278.8 207.8 29.1 22.9
4.066667 2 278.6 205.0 31.6 25.3
4.100000 2 278.6 205.0 31.6 25.3
4.133333 2 280.8 204.4 27.9 21.3
4.166667 2 281.8 202.4 27.4 21.3
4.200000 2 281.8 202.4 27.4 21.3
4.233333 2 282.3 199.7 28.4 22.3
4.266667 2 280.6 197.1 32.9 25.4
4.300000 2 280.3 196.8 33.5 26.0
4.333333 2 279.9 192.8 36.2 29.7
4.366667 2 284.7 195.2 27.7 21.8
4.400000 2 284.7 195.2 27.7 21.8
4.433333 2 285.0 192.7 29.8 22.7
4.466667 2 285.7 191.0 29.5 23.6
4.500000 2 285.7 191.0 29.5 23.6
4.533333 2 286.2 189.0 30.6 24.7
4.566667 2 287.3 189.5 28.5 22.6
4.600000 2 287.3 189.5 28.5 22.6
4.633333 2 288.4 187.8 28.7 22.2
4.666667 2 289.8 187.2 27.6 21.7
4.700000 2 289.8 187.2 27.6 21.7
4.733333 2 289.5 184.5 29.7 23.6
4.766667 2 289.8 184.6 29.4 23.3
4.800000 2 289.8 184.6 29.4 23.3
4.833333 2 291.4 184.0 27.9 21.7
4.866667 2 291.3 182.9 29.0 22.8
4.900000 2 291.1 182.5 29.8 23.4
4.933333 2 293.5 182.0 27.7 22.3
4.966667 2 293.0 181.0 28.9 23.5
5.000000 2 292.7 180.6 29.7 24.2
5.033333 2 292.7 178.1 31.7 26.8
5.066667 2 297.0 182.3 23.7 17.2
5.100000 2 296.8 182.1 23.9 17.7
5.133333 2 297.3 180.5 25.0 19.0
5.166667 2 297.0 180.3 25.6 19.5
5.200000 2 297.0 180.3 25.6 19.5
5.233333 2 298.9 178.8 25.3 20.0
5.266667 2 298.9 178.7 25.3 20.1
5.300000 2 298.9 178.7 25.3 20.1
5.333333 2 299.9 177.6 25.6 20.4
5.366667 2 301.1 177.0 25.2 20.0
5.400000 2 301.1 177.0 25.2 20.0
5.433333 2 300.8 176.9 26.5 20.1
5.466667 2 301.6 175.9 26.9 20.2
5.500000 2 301.6 175.9 26.9 20.2
5.533333 2 302.7 176.0 26.5 19.9
5.566667 2 302.7 176.0 26.5 19.9
5.600000 2 302.7 176.0 26.5 19.9
5.633333 2 304.4 175.3 25.6 19.5
5.666667 2 305.3 175.4 24.8 19.1
5.700000 2 305.3 175.4 24.8 19.1
5.733333 2 306.5 175.5 24.3 18.8
5.766667 2 306.5 175.6 24.4 18.5
5.800000 2 306.5 175.6 24.4 18.5
5.833333 2 305.2 170.8 31.4 25.6
5.866667 2 304.7 170.4 32.7 26.4
5.900000 2 304.7 170.4 32.7 26.4
5.933333 2 310.2 173.0 24.7 19.5
5.966667 2 309.6 172.2 26.1 21.1
6.000000 2 309.2 171.7 26.9 21.9
6.033333 2 309.7 171.2 26.4 20.7
6.066667 2 309.7 171.2 26.4 20.7
6.100000 2 309.7 171.2 26.4 20.7
6.133333 2 313.8 171.2 21.9 18.0
6.166667 2 311.7 168.9 26.9 21.0
6.200000 2 311.8 169.1 26.7 20.5
6.233333 2 310.3 166.8 29.8 23.4
6.266667 2 312.3 167.7 27.1 20.1
6.300000 2 312.3 167.7 27.1 20.1
6.333333 2 313.6 167.1 26.3 19.4
6.366667 2 314.4 167.0 24.6 17.7
6.400000 2 314.4 167.0 24.6 17.7
6.433333 2 315.5 165.9 24.4 17.9
6.466667 2 315.2 164.6 25.1 18.7
6.500000 2 315.4 164.8 24.9 18.3
6.533333 2 316.7 164.1 24.2 17.8
6.566667 2 317.7 163.0 24.1 17.8
6.600000 2 317.7 163.0 24.1 17.8
6.633333 2 314.3 157.9 31.0 25.4
6.666667 2 314.5 158.1 30.9 24.8
6.700000 2 314.5 158.1 30.9 24.8
6.733333 2 316.6 156.2 29.8 24.7
6.766667 2 315.9 155.7 30.9 25.6
6.800000 2 315.9 155.7 30.9 25.6
6.833333 2 319.8 157.1 25.3 20.4
6.866667 2 320.0 156.2 25.2 20.0
6.900000 2 320.0 156.2 25.2 20.0
6.933333 2 319.7 155.0 25.8 20.6
6.966667 2 320.8 155.9 23.5 18.1
7.000000 2 321.0 156.1 23.5 17.8
7.033333 2 320.3 154.6 24.9 19.3
7.066667 2 320.9 155.2 24.0 17.7
7.100000 2 321.1 155.4 23.6 17.2
7.133333 2 320.8 150.8 29.3 23.4
7.166667 2 321.9 151.8 27.3 21.3
7.200000 2 321.9 151.8 27.3 21.3
7.233333 2 323.7 153.5 23.8 17.0
7.266667 2 323.1 152.8 25.3 17.9
7.300000 2 322.7 152.7 26.2 18.2
7.333333 2 324.8 152.7 23.8 16.5
7.366667 2 323.7 151.4 26.4 19.0
7.400000 2 323.7 151.4 26.4 19.0
7.433333 2 323.5 149.8 28.7 21.5
7.466667 2 324.6 151.0 26.6 18.6
7.500000 2 324.6 151.0 26.8 18.6
7.533333 2 325.4 150.6 27.1 19.3
7.566667 2 326.3 149.6 27.1 19.5
7.600000 2 326.3 149.6 27.1 19.5
7.633333 2 329.7 151.2 21.9 15.6
7.666667 2 328.6 149.9 24.9 18.2
7.700000 2 328.6 149.9 24.9 18.2
7.733333 2 329.1 148.9 26.4 19.3
7.766667 2 330.8 149.1 24.7 17.9
7.800000 2 330.8 149.1 24.7 17.9
7.833333 2 333.1 149.9 22.6 15.7
7.866667 2 333.0 149.9 22.6 15.7
7.900000 2 333.0 149.9 22.6 15.7
7.933333 2 333.4 147.9 25.9 19.3
7.966667 2 333.4 147.9 25.9 19.3
8.000000 2 333.4 147.9 25.9 19.3
8.033333 2 337.3 149.1 22.4 15.8
8.066667 2 337.3 149.1 22.4 15.8
8.100000 2 337.3 149.1 22.4 15.8
8.133333 2 338.9 148.5 23.1 16.4
8.166667 2 337.2 146.4 27.6 20.0
8.200000 2 337.1 146.3 27.9 20.2
8.233333 2 339.8 146.0 26.4 19.6
8.266667 2 339.7 145.5 28.4 20.1
8.300000 2 339.7 145.5 28.4 20.1
8.333333 2 343.7 146.7 23.2 16.9
8.366667 2 344.7 146.0 23.8 17.7
8.400000 2 344.7 146.1 23.6 17.6
8.433333 2 344.3 143.8 27.3 20.7
8.466667 2 345.9 144.2 25.7 19.5
8.500000 2 345.9 144.2 25.7 19.5
8.533333 2 347.9 143.6 25.6 19.1
8.566667 2 348.2 143.4 25.7 18.1
8.600000 2 348.2 143.4 25.7 18.1
8.633333 2 351.4 142.5 24.4 17.7
8.666667 2 353.0 142.7 23.1 17.0
8.700000 2 353.2 142.8 22.7 16.6
8.733333 2 356.3 141.5 22.4 16.5
8.766667 2 354.5 137.4 28.8 22.9
8.800000 2 354.5 137.4 28.8 22.9
8.833333 2 360.1 137.7 24.1 18.6
8.866667 2 361.9 138.1 22.9 17.5
8.900000 2 361.8 138.1 23.1 17.5
8.933333 2 365.6 136.0 23.3 17.7
8.966667 2 367.2 136.9 22.1 15.3
9.000000 2 367.2 136.9 22.1 15.3
9.033333 2 370.9 135.8 20.9 14.8
9.066667 2 372.5 133.8 22.2 16.4
9.100000 2 372.3 133.5 22.5 17.0
9.133333 2 375.0 132.6 22.5 16.9
9.166667 2 375.3 130.5 24.9 19.2
9.200000 2 375.3 130.5 24.9 19.2
9.233333 2 378.1 129.4 25.1 19.4
9.266667 2 380.2 128.7 25.0 19.1
9.300000 2 380.6 129.1 24.2 18.2
9.333333 2 384.8 130.1 21.5 16.0
9.366667 2 386.7 128.3 22.9 17.2
9.400000 2 391.2 126.0 22.0 17.0
9.433333 2 394.0 122.8 22.0 17.0
9.466667 2 396.6 123.5 22.0 16.0
9.500000 2 395.1 124.2 22.0 16.0
9.533333 2 394.7 121.0 27.0 21.0
9.566667 2 398.8 119.9 27.0 21.0
9.600000 2 392.1 122.8 34.6 21.8
9.633333 2 400.3 120.6 28.7 18.8
9.666667 2 400.3 120.6 24.9 18.8
9.700000 2 400.3 119.8 29.4 19.6
9.733333 2 402.9 122.1 25.3 16.8
9.766667 2 405.4 123.6 25.8 14.9
9.800000 2 405.4 121.3 28.1 17.2
9.833333 2 407.8 122.1 28.7 16.0
9.866667 2 409.8 120.6 28.1 17.7
9.900000 2 409.9 120.6 25.8 17.7
9.933333 2 411.6 122.1 27.8 16.8
9.966667 2 412.4 122.8 26.3 15.7
10.000000 2 412.3 120.6 26.4 18.0
10.033333 2 419.7 122.2 20.0 15.0
