0.033333 2 389.0 56.0 89.0 70.0
0.066667 2 387.0 70.9 87.9 69.8
0.100000 2 385.3 86.3 85.9 68.8
0.133333 2 384.0 93.4 85.7 69.0
0.166667 2 381.7 107.7 84.6 68.5
0.200000 2 379.2 121.3 83.5 67.8
0.233333 2 376.8 133.9 82.1 66.7
0.266667 2 374.9 139.7 82.4 67.1
0.300000 2 371.9 151.4 81.2 65.9
0.333333 2 370.1 156.8 81.1 65.8
0.366667 2 366.9 167.5 80.1 64.8
0.400000 2 363.3 177.6 79.1 63.8
0.433333 2 359.5 186.9 78.5 63.1
0.466667 2 355.4 195.4 78.1 62.8
0.500000 2 353.3 199.3 77.9 62.8
0.533333 2 349.3 207.1 77.1 62.1
0.566667 2 345.2 214.2 76.2 61.4
0.600000 2 343.0 217.2 76.0 61.4
0.633333 2 338.4 222.8 75.7 61.2
0.666667 2 333.5 227.5 75.5 61.1
0.700000 2 328.5 231.4 75.3 61.0
0.733333 2 326.1 233.1 74.8 60.6
0.766667 2 321.5 236.8 73.4 59.0
0.800000 2 314.7 240.8 70.5 55.4
0.833333 2 308.6 240.6 71.7 57.2
0.866667 2 305.5 240.2 72.4 58.1
0.900000 2 299.9 239.5 73.2 59.3
0.933333 2 294.2 237.6 74.7 61.1
0.966667 2 289.0 235.8 75.6 62.3
1.000000 2 286.6 234.7 75.9 62.7
1.033333 2 282.3 232.5 76.2 63.3
1.066667 2 278.8 230.1 76.0 63.3
1.100000 2 276.9 228.4 76.4 63.8
1.133333 2 273.9 225.6 76.3 63.8
1.166667 2 271.6 222.3 75.9 63.6
1.200000 2 269.4 218.9 75.9 63.6
1.233333 2 268.7 217.2 75.5 63.2
1.266667 2 267.8 213.7 74.5 62.1
1.300000 2 267.2 209.6 73.8 61.5
1.333333 2 266.2 204.5 74.3 62.0
1.366667 2 266.5 202.5 73.7 61.3
1.400000 2 266.3 197.3 73.9 61.5
1.433333 2 267.2 192.8 73.0 60.7
1.466667 2 267.5 187.2 73.4 61.3
1.500000 2 268.4 185.3 72.9 60.7
1.533333 2 269.2 180.1 73.2 61.1
1.566667 2 270.6 175.3 73.1 61.0
1.600000 2 271.7 173.2 72.9 60.8
1.633333 2 273.6 168.9 72.9 60.8
1.666667 2 274.9 166.9 72.4 60.4
1.700000 2 277.0 162.4 73.0 61.1
1.733333 2 278.6 160.7 72.2 60.4
1.766667 2 281.9 157.3 71.7 59.8
1.800000 2 285.2 153.8 71.3 59.4
1.833333 2 289.4 151.6 69.2 57.0
1.866667 2 294.0 150.0 66.9 54.4
1.900000 2 296.2 148.8 66.1 53.3
1.933333 2 300.6 147.0 64.3 51.1
1.966667 2 304.5 144.6 63.1 49.6
2.000000 2 306.0 143.0 63.5 50.2
2.033333 2 308.8 139.3 64.0 51.0
2.066667 2 311.4 136.0 64.2 51.4
2.100000 2 314.2 132.8 64.0 51.4
2.133333 2 316.5 129.4 63.9 51.4
2.166667 2 317.5 127.6 63.9 51.5
2.200000 2 319.4 124.2 63.7 51.3
2.233333 2 321.2 120.8 63.4 51.1
2.266667 2 322.6 117.3 63.4 51.1
2.300000 2 323.9 113.9 63.1 50.8
2.333333 2 324.6 112.2 62.8 50.6
2.366667 2 325.4 108.5 62.8 50.6
2.400000 2 326.3 105.2 62.4 50.2
2.433333 2 326.8 101.7 62.2 50.1
2.466667 2 327.0 99.9 62.1 50.0
2.500000 2 327.3 96.4 61.8 49.8
2.533333 2 327.3 92.8 61.7 49.6
2.566667 2 327.2 89.1 61.5 49.4
2.600000 2 327.3 87.3 61.3 49.2
2.633333 2 327.2 83.8 60.8 48.6
2.666667 2 326.7 80.2 60.6 48.4
2.700000 2 326.6 78.1 60.5 48.4
2.733333 2 326.3 74.4 60.0 47.9
2.766667 2 325.8 70.5 59.8 47.7
2.800000 2 325.3 66.5 59.6 47.4
2.833333 2 325.0 64.5 59.3 47.1
2.866667 2 324.4 60.3 59.2 47.0
2.900000 2 324.3 58.2 58.9 46.7
2.933333 2 323.8 53.9 58.7 46.6
2.966667 2 323.4 49.4 58.5 46.3
3.000000 2 323.0 42.8 58.2 45.9
3.033333 2 322.8 40.7 58.1 45.8
3.066667 2 322.8 36.5 57.8 45.5
3.100000 2 322.7 34.1 57.9 45.7
3.133333 2 322.7 29.9 57.9 45.7
3.166667 2 322.7 25.6 57.9 45.6
3.200000 2 322.9 21.4 57.9 45.7
3.233333 2 323.0 19.4 57.9 45.8
3.266667 2 399.1 27.2 30.8 26.0
3.300000 2 398.7 31.9 30.4 25.5
3.333333 2 398.2 33.9 30.8 25.9
3.366667 2 397.4 38.9 30.8 25.9
3.400000 2 396.8 43.9 30.2 25.5
3.433333 2 395.6 48.6 30.6 25.8
3.466667 2 395.2 51.6 30.0 25.4
3.500000 2 393.8 56.5 30.3 25.6
3.533333 2 392.2 62.0 30.3 25.5
3.566667 2 391.4 64.2 30.6 25.8
3.600000 2 390.1 69.6 30.1 25.4
3.633333 2 388.2 74.3 30.8 26.1
3.666667 2 387.5 77.0 30.6 25.8
3.700000 2 386.1 82.3 30.0 25.1
3.733333 2 384.3 87.1 30.0 25.2
3.766667 2 383.2 89.5 30.2 25.5
3.800000 2 381.3 94.0 30.9 26.1
3.833333 2 379.7 99.2 30.4 25.6
3.866667 2 378.0 104.0 30.1 25.3
3.900000 2 377.2 106.3 30.2 25.4
3.933333 2 375.1 110.5 30.9 26.1
3.966667 2 373.6 114.9 30.6 25.7
4.000000 2 372.3 119.4 29.9 25.0
4.033333 2 371.2 121.0 30.3 25.4
4.066667 2 369.5 124.9 30.6 25.7
4.100000 2 369.1 126.8 30.0 25.3
4.133333 2 367.2 130.1 30.8 26.0
4.166667 2 366.2 133.6 30.2 25.5
4.200000 2 364.9 136.7 30.2 25.5
4.233333 2 364.2 138.4 30.3 25.5
4.266667 2 363.2 141.5 30.0 25.2
4.300000 2 362.3 142.4 30.8 26.0
4.333333 2 361.3 145.1 30.8 25.9
4.366667 2 360.3 147.8 30.7 25.8
4.400000 2 360.2 149.2 30.0 25.1
4.433333 2 359.1 151.4 30.6 25.9
4.466667 2 358.1 153.4 30.6 25.9
4.500000 2 357.3 155.7 30.8 25.9
4.533333 2 356.6 157.8 30.6 25.7
4.566667 2 356.1 160.1 30.0 25.1
4.600000 2 355.2 162.0 30.3 25.4
4.633333 2 355.0 163.1 30.1 25.2
4.666667 2 354.2 165.1 30.0 25.2
4.700000 2 353.2 167.1 30.5 25.7
4.733333 2 353.0 168.3 30.2 25.3
4.766667 2 352.2 170.6 30.1 25.4
4.800000 2 351.2 173.1 30.3 25.4
4.833333 2 350.4 174.2 30.8 26.1
4.866667 2 349.4 177.2 30.8 26.1
4.900000 2 349.2 179.2 30.0 25.1
4.933333 2 347.6 182.1 30.5 25.7
4.966667 2 346.3 185.5 30.6 25.9
5.000000 2 345.1 189.6 30.0 25.2
5.033333 2 343.3 193.2 30.2 25.3
5.066667 2 341.2 197.2 30.4 25.6
5.100000 2 339.2 201.4 30.3 25.6
5.133333 2 337.2 205.5 30.1 25.4
5.166667 2 335.0 209.6 30.1 25.4
5.200000 2 333.3 211.1 30.9 26.2
5.233333 2 331.2 215.4 30.2 25.5
5.266667 2 328.4 218.6 30.8 26.0
5.300000 2 326.2 222.3 30.3 25.5
5.333333 2 325.1 223.9 30.1 25.3
5.366667 2 322.5 226.4 30.7 25.9
5.400000 2 320.4 228.8 30.9 26.0
5.433333 2 319.6 229.7 30.6 25.8
5.466667 2 318.2 231.4 30.2 25.4
5.500000 2 316.7 232.1 30.5 25.6
5.533333 2 316.2 232.5 30.3 25.6
5.566667 2 315.2 232.6 30.9 26.0
5.600000 2 315.1 232.8 30.1 25.4
5.633333 2 315.1 232.5 30.1 25.4
5.666667 2 315.1 231.8 30.2 25.4
5.700000 2 315.1 230.7 30.7 25.8
5.733333 2 316.1 228.7 30.6 25.8
5.766667 2 317.2 227.3 30.1 25.3
5.800000 2 317.2 226.1 30.9 26.1
5.833333 2 318.3 224.3 30.9 26.1
5.866667 2 319.7 222.4 30.5 25.7
5.900000 2 320.1 221.3 30.6 25.8
5.933333 2 321.4 219.2 30.8 26.0
5.966667 2 323.0 217.4 30.1 25.3
6.000000 2 323.3 216.1 30.7 25.9
6.033333 2 324.9 214.1 30.1 25.2
6.066667 2 326.2 212.0 29.8 25.0
6.100000 2 327.3 209.5 30.2 25.4
6.133333 2 327.6 208.3 30.5 25.7
6.166667 2 329.2 206.4 29.8 24.9
6.200000 2 330.0 204.3 29.9 25.0
6.233333 2 330.3 203.1 30.4 25.5
6.266667 2 331.3 201.3 29.8 24.9
6.300000 2 331.8 199.4 30.2 25.4
6.333333 2 332.2 198.7 29.8 25.0
6.366667 2 332.4 197.3 29.7 24.9
6.400000 2 332.3 196.2 29.7 24.9
6.433333 2 332.2 195.5 29.8 25.0
6.466667 2 331.4 194.5 30.5 25.7
6.500000 2 330.9 194.0 30.0 25.2
6.533333 2 330.3 194.1 30.0 25.1
6.566667 2 329.2 194.1 29.8 25.0
6.600000 2 327.3 194.0 30.5 25.6
6.633333 2 326.3 194.2 30.6 25.8
6.666667 2 324.3 195.1 30.3 25.4
6.700000 2 323.2 195.5 29.9 25.1
6.733333 2 320.4 196.1 30.6 25.8
6.766667 2 317.5 197.1 30.7 25.8
6.800000 2 312.5 198.9 30.7 25.7
6.833333 2 311.1 199.7 30.1 25.3
6.866667 2 307.2 200.4 30.8 26.0
6.900000 2 303.6 201.5 30.5 25.7
6.933333 2 301.9 202.2 30.1 25.2
6.966667 2 298.2 203.1 30.0 25.1
7.000000 2 296.3 203.4 30.0 25.1
7.033333 2 292.3 204.1 30.0 25.1
7.066667 2 288.5 204.3 30.6 25.7
7.100000 2 284.6 204.8 30.4 25.5
7.133333 2 283.0 205.1 29.9 25.0
7.166667 2 279.4 205.1 29.8 24.9
7.200000 2 276.2 204.7 29.7 24.9
7.233333 2 274.4 204.6 29.7 24.8
7.266667 2 271.5 203.7 29.6 24.8
7.300000 2 268.6 202.2 29.6 24.8
7.333333 2 265.9 200.5 29.8 24.9
7.366667 2 265.1 199.4 29.7 24.8
7.400000 2 263.4 197.0 29.4 24.6
7.433333 2 262.2 193.8 29.6 24.7
7.466667 2 261.6 191.9 29.9 25.0
7.500000 2 261.6 188.4 29.5 24.6
7.533333 2 261.8 184.3 29.9 25.0
7.566667 2 262.3 182.3 29.5 24.5
7.600000 2 263.5 178.0 29.3 24.5
7.633333 2 265.2 173.2 29.5 24.6
7.666667 2 266.5 170.9 29.4 24.6
7.700000 2 268.7 165.5 30.1 25.2
7.733333 2 270.5 163.3 29.4 24.5
7.766667 2 275.7 155.4 29.1 24.3
7.800000 2 279.1 149.7 29.6 24.7
7.833333 2 280.8 146.8 29.6 24.8
7.866667 2 284.7 141.6 29.2 24.3
7.900000 2 286.6 138.8 29.1 24.3
7.933333 2 290.6 133.3 29.1 24.3
7.966667 2 294.6 128.0 29.2 24.5
8.000000 2 296.6 125.2 29.2 24.4
8.033333 2 300.6 120.0 29.2 24.5
8.066667 2 304.5 114.8 29.3 24.5
8.100000 2 306.5 112.1 29.3 24.5
8.133333 2 310.4 107.5 29.3 24.5
8.166667 2 314.0 102.4 29.8 25.0
8.200000 2 317.6 97.8 29.8 25.1
8.233333 2 319.7 95.6 29.6 24.8
8.266667 2 323.6 91.7 29.1 24.3
8.300000 2 326.8 87.4 29.7 24.8
8.333333 2 330.5 83.6 29.2 24.3
8.366667 2 331.8 81.6 29.8 25.0
8.400000 2 335.4 78.4 29.2 24.4
8.433333 2 338.6 75.2 29.1 24.4
8.466667 2 339.8 73.2 29.7 24.9
8.500000 2 342.7 70.5 29.7 24.9
8.533333 2 344.5 69.2 29.2 24.4
8.566667 2 347.1 66.5 29.6 24.7
8.600000 2 349.7 63.8 29.9 25.1
8.633333 2 351.1 62.9 29.6 24.8
8.666667 2 353.7 61.3 29.2 24.4
8.700000 2 356.0 58.9 29.7 24.9
8.733333 2 357.1 58.3 29.5 24.6
8.766667 2 359.4 56.9 29.2 24.4
8.800000 2 360.5 56.0 29.1 24.3
8.833333 2 362.8 54.7 29.0 24.1
8.866667 2 364.7 53.4 29.0 24.2
8.900000 2 365.6 52.9 29.0 24.2
8.933333 2 367.5 51.7 29.0 24.2
8.966667 2 368.8 50.6 29.5 24.6
9.000000 2 370.8 50.3 29.1 24.3
9.033333 2 372.5 50.0 29.0 24.2
9.066667 2 373.0 49.8 29.5 24.6
9.100000 2 374.8 50.0 28.8 23.9
9.133333 2 376.1 50.2 28.8 24.0
9.166667 2 377.6 50.5 28.5 23.7
9.200000 2 378.1 50.8 28.5 23.6
9.233333 2 379.0 51.7 28.4 23.6
9.266667 2 379.1 51.9 29.0 24.1
9.300000 2 380.0 53.1 28.7 23.8
9.333333 2 380.8 54.5 28.8 24.0
9.366667 2 381.0 55.4 28.7 23.9
9.400000 2 381.3 57.0 29.0 24.2
9.433333 2 381.5 58.6 29.0 24.2
9.466667 2 381.5 59.6 29.0 24.1
9.500000 2 381.9 61.4 28.6 23.8
9.533333 2 381.5 63.0 28.9 24.0
9.566667 2 381.1 64.4 29.0 24.0
9.600000 2 381.0 65.3 28.7 23.8
9.633333 2 380.6 66.4 28.7 23.8
9.666667 2 380.2 67.2 29.2 24.2
9.700000 2 379.6 67.1 29.6 24.7
9.733333 2 378.9 67.0 30.0 25.0
9.766667 2 378.7 66.8 30.1 25.1
9.800000 2 377.9 65.9 30.2 25.3
9.833333 2 377.3 64.3 30.1 25.2
9.866667 2 376.8 62.7 30.0 25.1
9.900000 2 375.9 60.4 30.1 25.2
9.933333 2 375.3 59.2 30.3 25.4
9.966667 2 374.3 55.0 30.4 25.4
10.000000 2 374.4 53.9 29.7 24.8
10.033333 2 373.7 50.8 29.8 24.8
10.066667 2 373.3 49.0 29.7 24.8
10.100000 2 372.7 45.1 29.5 24.6
10.133333 2 372.1 41.3 28.7 23.7
10.166667 2 371.7 39.4 28.7 23.7
10.200000 2 370.8 35.4 28.7 23.8
10.233333 2 369.9 31.2 29.0 24.1
10.266667 2 369.7 29.2 28.9 24.0
10.300000 2 369.0 25.0 29.0 24.0
