0.000000 2 383.0 176.0 60.0 51.0
0.033333 2 380.9 178.0 60.7 51.8
0.066667 2 379.3 180.6 60.4 51.4
0.100000 2 377.4 183.3 60.6 51.6
0.133333 2 376.6 184.9 60.5 51.6
0.166667 2 374.7 187.9 60.6 51.7
0.200000 2 374.2 190.0 60.0 51.0
0.233333 2 372.3 193.2 60.1 51.2
0.266667 2 370.6 197.0 59.8 51.0
0.300000 2 369.7 198.9 59.8 51.1
0.333333 2 367.8 202.4 60.0 51.4
0.366667 2 366.8 204.2 60.2 51.6
0.400000 2 365.1 207.7 60.2 51.6
0.433333 2 363.4 211.2 60.4 51.9
0.466667 2 362.4 215.0 59.9 51.4
0.500000 2 361.3 218.3 60.1 51.5
0.533333 2 360.9 220.0 60.0 51.4
0.566667 2 360.5 223.4 59.9 51.2
0.600000 2 360.5 225.1 59.8 51.1
0.633333 2 360.6 228.1 59.7 51.1
0.666667 2 361.2 231.2 59.6 50.9
0.700000 2 361.6 232.7 59.5 50.8
0.733333 2 362.7 235.5 59.4 50.8
0.766667 2 364.1 238.0 59.4 50.8
0.800000 2 365.1 239.3 59.1 50.6
0.833333 2 367.1 241.9 59.0 50.4
0.866667 2 368.2 243.0 58.9 50.4
0.900000 2 370.6 245.4 58.8 50.4
0.933333 2 373.5 247.7 58.3 49.9
0.966667 2 374.7 248.6 58.5 50.2
1.000000 2 377.7 250.8 58.2 50.0
1.033333 2 379.2 251.8 58.1 50.0
1.066667 2 382.4 253.9 57.8 49.7
1.100000 2 385.7 256.1 57.3 49.4
1.133333 2 389.0 258.2 56.7 48.9
1.166667 2 390.6 259.5 56.4 48.5
1.200000 2 393.6 261.2 56.1 48.2
1.233333 2 395.1 262.2 55.9 48.1
1.266667 2 397.9 263.8 55.5 47.7
1.300000 2 399.2 264.7 55.4 47.6
1.333333 2 401.5 266.1 55.5 47.6
1.366667 2 402.6 266.7 55.6 47.7
1.400000 2 404.8 268.2 55.3 47.5
1.433333 2 406.8 269.4 55.3 47.5
1.466667 2 407.8 270.0 55.1 47.3
1.500000 2 409.7 271.3 54.6 46.8
1.533333 2 410.4 271.8 54.6 46.8
1.566667 2 411.8 272.6 54.7 46.8
1.600000 2 412.8 273.3 54.9 47.1
1.633333 2 413.5 273.8 54.5 46.7
1.666667 2 414.3 274.6 54.5 46.7
1.700000 2 414.9 274.7 54.8 47.0
1.733333 2 415.3 275.3 54.4 46.6
1.766667 2 415.9 275.8 54.3 46.5
1.800000 2 415.9 275.9 54.6 46.7
1.833333 2 416.0 276.1 54.5 46.8
1.866667 2 416.0 276.1 54.5 46.7
1.900000 2 416.1 276.4 54.2 46.4
1.933333 2 416.1 276.6 53.8 46.0
1.966667 2 415.7 276.5 54.0 46.2
2.000000 2 415.1 276.4 54.1 46.3
2.033333 2 414.6 276.4 54.0 46.1
2.066667 2 414.2 276.4 54.0 46.2
2.100000 2 414.2 276.7 53.4 45.6
2.133333 2 413.2 276.4 53.8 45.9
2.166667 2 412.0 276.4 54.0 46.1
2.200000 2 411.5 276.2 54.2 46.3
2.233333 2 410.2 276.0 54.6 46.8
2.266667 2 409.7 276.2 54.4 46.5
2.300000 2 408.5 276.2 54.5 46.4
2.333333 2 407.3 276.3 54.6 46.5
2.366667 2 406.9 276.6 54.2 46.0
2.400000 2 405.4 276.5 54.4 46.4
2.433333 2 403.9 276.6 54.6 46.6
2.466667 2 403.5 276.6 54.3 46.2
2.500000 2 401.9 276.3 54.8 46.7
2.533333 2 400.7 276.3 54.5 46.3
2.566667 2 399.3 276.2 54.8 46.6
2.600000 2 398.0 275.7 54.9 46.7
2.633333 2 397.5 275.8 54.6 46.5
2.666667 2 396.1 275.2 54.8 46.6
2.700000 2 395.6 274.9 54.8 46.7
2.733333 2 394.4 274.3 54.9 46.9
2.766667 2 393.9 274.0 54.7 46.6
2.800000 2 392.8 273.1 54.8 46.7
2.833333 2 392.4 272.8 54.5 46.4
2.866667 2 391.4 271.6 54.6 46.6
2.900000 2 390.5 270.5 54.6 46.6
2.933333 2 389.7 268.9 54.6 46.6
2.966667 2 389.2 268.4 54.6 46.5
3.000000 2 388.7 266.9 54.5 46.6
3.033333 2 388.4 266.1 54.4 46.3
3.066667 2 387.4 264.2 55.0 47.0
3.100000 2 387.3 263.4 54.6 46.6
3.133333 2 386.9 260.0 54.5 46.6
3.166667 2 386.7 258.5 54.6 46.7
3.200000 2 386.5 257.1 54.6 46.6
3.233333 2 386.3 254.3 54.5 46.4
3.266667 2 386.3 252.7 54.4 46.4
3.300000 2 386.0 249.2 54.6 46.6
3.333333 2 386.1 245.7 54.5 46.5
3.366667 2 386.1 243.6 54.6 46.6
3.400000 2 386.1 239.8 54.6 46.6
3.433333 2 386.3 237.5 54.7 46.7
3.466667 2 386.4 235.1 55.0 47.1
3.500000 2 386.5 230.9 55.0 47.1
3.533333 2 386.8 226.9 54.7 46.8
3.566667 2 386.9 224.9 54.6 46.7
3.600000 2 387.2 220.8 54.4 46.4
3.633333 2 387.3 218.9 54.3 46.4
3.666667 2 387.4 215.0 54.3 46.4
3.700000 2 387.4 211.2 54.4 46.4
3.733333 2 387.3 209.7 54.3 46.4
3.766667 2 387.3 206.1 54.2 46.3
3.800000 2 387.0 204.5 54.5 46.6
3.833333 2 386.9 200.1 54.2 46.4
3.866667 2 386.5 198.2 54.6 46.8
3.900000 2 386.6 196.2 54.0 46.1
3.933333 2 386.5 194.7 54.2 46.3
3.966667 2 386.2 192.6 54.0 46.2
4.000000 2 386.2 191.7 53.9 46.1
4.033333 2 385.9 189.4 53.7 45.9
4.066667 2 385.7 188.2 53.5 45.6
4.100000 2 385.6 187.3 53.6 45.7
4.133333 2 385.4 185.6 53.6 45.8
4.166667 2 385.0 184.2 53.6 45.8
4.200000 2 384.8 183.1 53.4 45.6
4.233333 2 384.4 181.8 53.5 45.8
4.266667 2 384.2 181.0 53.7 45.9
4.300000 2 383.7 180.1 53.4 45.6
4.333333 2 383.6 178.8 53.4 45.6
4.366667 2 383.3 178.1 53.6 45.9
4.400000 2 383.2 176.8 53.7 46.0
4.433333 2 383.1 176.1 53.7 46.0
4.466667 2 383.2 175.0 53.7 46.0
4.500000 2 383.5 173.5 53.5 45.7
4.533333 2 383.5 172.8 53.6 45.9
4.566667 2 384.0 171.2 53.6 45.9
4.600000 2 384.6 169.6 53.4 45.6
4.633333 2 385.0 168.7 53.5 45.8
4.666667 2 385.8 166.9 53.6 45.8
4.700000 2 386.1 165.9 53.8 46.1
4.733333 2 387.0 164.1 53.7 46.0
4.766667 2 387.6 163.4 53.5 45.8
4.800000 2 388.5 161.7 53.5 45.8
4.833333 2 389.0 160.7 53.7 46.0
4.866667 2 389.9 158.9 53.8 46.1
4.900000 2 390.5 158.4 53.6 45.8
4.933333 2 391.4 156.7 53.6 45.9
4.966667 2 392.1 155.0 53.8 46.1
5.000000 2 392.6 154.4 53.5 45.8
5.033333 2 393.2 152.8 53.8 46.1
5.066667 2 393.5 152.2 53.6 45.9
5.100000 2 394.1 150.6 53.7 46.0
5.133333 2 394.3 150.0 53.8 46.1
5.166667 2 394.9 148.0 53.7 46.0
5.200000 2 395.1 147.5 53.6 45.9
5.233333 2 395.3 146.1 53.7 46.1
5.266667 2 395.5 145.7 53.5 45.8
5.300000 2 395.5 144.5 53.5 45.8
5.333333 2 395.4 143.1 53.7 46.0
5.366667 2 395.3 142.7 53.7 46.0
5.400000 2 395.2 141.7 53.6 46.0
5.433333 2 395.0 141.1 53.7 46.1
5.466667 2 394.8 140.5 53.4 45.7
5.500000 2 394.7 139.9 53.6 45.8
5.533333 2 394.0 139.0 53.8 46.1
5.566667 2 393.6 138.3 53.6 45.8
5.600000 2 393.2 137.7 53.8 46.2
5.633333 2 392.6 137.4 53.5 45.8
5.666667 2 391.9 136.7 53.4 45.7
5.700000 2 391.3 136.2 53.7 46.0
5.733333 2 390.5 135.7 53.6 45.9
5.766667 2 390.0 135.2 53.7 46.0
5.800000 2 389.0 134.8 53.8 46.1
5.833333 2 388.4 134.5 53.6 45.9
5.866667 2 387.1 133.7 53.9 46.2
5.900000 2 386.7 133.7 53.4 45.6
5.933333 2 385.3 132.8 53.7 46.0
5.966667 2 384.9 132.7 53.3 45.6
6.000000 2 383.6 131.8 53.5 45.8
6.033333 2 382.3 130.9 53.8 46.1
6.066667 2 381.2 129.8 53.8 46.2
6.100000 2 380.8 129.4 53.5 45.8
6.133333 2 380.0 128.5 53.5 45.8
6.166667 2 379.5 127.7 53.7 45.9
6.200000 2 379.0 126.3 53.6 45.9
6.233333 2 378.7 125.6 53.5 45.8
6.266667 2 378.2 123.7 53.9 46.2
6.300000 2 378.2 122.7 54.0 46.3
6.333333 2 378.1 120.8 54.0 46.3
6.366667 2 378.1 119.7 54.0 46.3
6.400000 2 378.5 117.5 53.7 45.9
6.433333 2 379.1 114.7 54.0 46.3
6.466667 2 379.6 113.5 53.7 45.9
6.500000 2 380.6 110.5 53.7 45.9
6.533333 2 381.0 108.7 54.0 46.3
6.566667 2 382.3 105.6 53.6 45.9
6.600000 2 383.7 102.3 53.6 45.8
6.633333 2 384.3 100.6 53.6 45.9
6.666667 2 385.8 97.1 53.6 45.9
6.700000 2 386.6 95.5 53.5 45.7
6.733333 2 388.1 92.1 53.7 46.0
6.766667 2 388.9 90.7 53.6 45.8
6.800000 2 390.5 87.5 53.5 45.8
6.833333 2 392.2 84.4 53.7 46.0
6.866667 2 393.0 83.1 53.7 46.0
6.900000 2 394.4 80.7 53.6 45.9
6.933333 2 395.9 78.5 53.4 45.6
6.966667 2 396.5 77.4 53.5 45.7
7.000000 2 397.9 75.7 53.4 45.6
7.033333 2 398.5 74.6 53.5 45.7
7.066667 2 399.0 73.7 53.8 46.1
7.100000 2 400.2 72.6 53.8 46.1
7.133333 2 401.5 71.7 53.6 45.8
7.166667 2 402.4 70.8 53.6 45.9
7.200000 2 403.4 70.3 53.6 45.9
7.233333 2 403.9 70.3 53.5 45.7
7.266667 2 404.8 70.0 53.5 45.7
7.300000 2 405.1 69.8 53.8 46.1
7.333333 2 405.9 70.2 53.7 45.9
7.366667 2 406.8 70.6 53.4 45.6
7.400000 2 407.3 70.9 53.8 46.1
7.433333 2 407.8 71.3 53.5 45.7
7.466667 2 408.4 72.1 53.7 45.9
7.500000 2 409.1 72.8 53.8 46.1
7.533333 2 409.9 74.0 53.7 45.9
7.566667 2 410.3 74.4 53.6 45.9
7.600000 2 411.1 75.6 53.6 45.8
7.633333 2 411.6 76.1 53.7 45.9
7.666667 2 412.4 77.2 53.7 45.9
7.700000 2 413.0 77.8 53.8 46.1
7.733333 2 414.1 79.2 53.7 46.0
7.766667 2 414.7 79.9 53.7 45.8
7.800000 2 416.0 81.3 53.6 45.9
7.833333 2 417.3 82.6 53.7 46.0
7.866667 2 417.9 83.6 53.5 45.7
7.900000 2 419.2 84.9 53.8 46.2
7.933333 2 420.8 86.6 53.4 45.6
7.966667 2 422.2 87.9 53.9 46.1
8.000000 2 422.9 88.9 53.8 46.1
8.033333 2 424.5 90.8 53.6 45.8
8.066667 2 425.3 91.4 53.6 45.9
8.100000 2 427.0 93.1 53.8 46.0
8.133333 2 428.6 95.0 53.7 45.9
8.166667 2 429.4 95.8 53.8 46.0
8.200000 2 431.0 97.8 53.8 46.1
8.233333 2 432.0 98.8 53.6 45.8
8.266667 2 433.6 100.8 53.4 45.6
8.300000 2 434.3 101.7 53.6 45.9
8.333333 2 436.1 103.8 53.7 46.0
8.366667 2 436.9 105.1 53.5 45.7
8.400000 2 438.6 107.4 53.4 45.6
8.433333 2 440.0 109.8 53.4 45.7
8.466667 2 440.8 111.2 53.5 45.6
8.500000 2 442.3 113.6 53.5 45.8
8.533333 2 442.9 115.0 53.5 45.8
8.566667 2 444.4 117.5 53.5 45.8
8.600000 2 445.0 118.8 53.6 45.8
8.633333 2 446.3 121.6 53.5 45.8
8.666667 2 446.9 123.0 53.6 45.8
8.700000 2 448.1 125.8 53.4 45.6
8.733333 2 448.6 127.0 53.5 45.7
8.766667 2 449.8 129.8 53.2 45.4
8.800000 2 450.0 131.1 53.6 45.9
8.833333 2 451.0 133.9 53.6 45.9
8.866667 2 452.0 136.7 53.3 45.5
8.900000 2 452.2 137.8 53.7 46.0
8.933333 2 452.8 139.5 53.3 45.5
8.966667 2 453.3 141.9 53.7 45.9
9.000000 2 453.8 143.6 53.3 45.5
9.033333 2 454.2 145.9 53.7 46.0
9.066667 2 454.9 148.9 53.4 45.6
9.100000 2 455.1 149.9 53.8 46.1
9.133333 2 455.5 152.7 53.4 45.6
9.166667 2 455.9 155.1 53.6 45.8
9.200000 2 456.3 157.5 53.5 45.8
9.233333 2 456.6 159.8 53.4 45.6
9.266667 2 456.8 162.1 53.5 45.7
9.300000 2 457.0 164.2 53.6 45.8
9.333333 2 457.0 165.2 53.6 45.9
9.366667 2 457.1 167.6 53.5 45.8
9.400000 2 457.1 168.6 53.5 45.8
9.433333 2 457.1 170.6 53.5 45.8
9.466667 2 457.1 171.7 53.6 45.9
9.500000 2 457.0 173.4 53.5 45.8
9.533333 2 457.0 174.6 53.3 45.5
9.566667 2 456.7 176.4 53.4 45.6
9.600000 2 456.4 177.2 53.6 45.9
9.633333 2 456.2 178.9 53.8 46.1
9.666667 2 456.0 179.9 53.7 45.9
9.700000 2 455.8 181.5 53.3 45.6
9.733333 2 455.4 182.3 53.6 45.8
9.766667 2 455.1 183.8 53.4 45.7
9.800000 2 454.8 184.5 53.3 45.5
9.833333 2 454.5 185.8 53.3 45.6
9.866667 2 454.1 186.7 53.6 45.8
9.900000 2 453.5 187.8 53.6 45.8
9.933333 2 453.4 188.0 53.7 46.0
9.966667 2 453.1 189.0 53.8 46.1
10.000000 2 452.9 190.0 53.7 46.0
10.033333 2 452.9 190.3 53.5 45.8
10.066667 2 453.0 190.7 53.3 45.6
10.100000 2 452.8 190.9 53.5 45.7
10.133333 2 452.7 191.1 53.6 45.8
10.166667 2 452.8 191.0 53.6 45.8
10.200000 2 452.9 190.9 53.6 45.9
10.233333 2 453.0 190.9 53.7 46.0
10.266667 2 453.1 190.9 53.7 46.0
10.300000 2 453.7 190.6 53.3 45.6
10.333333 2 453.8 190.4 53.5 45.7
10.366667 2 454.1 189.9 53.9 46.2
