0.000000 2 168.0 11.0 63.0 35.0
0.033333 2 167.9 15.1 62.9 35.0
0.066667 2 167.3 19.4 63.7 35.5
0.100000 2 167.4 21.9 63.4 35.3
0.133333 2 167.3 26.6 63.7 35.9
0.166667 2 167.4 29.0 63.6 36.2
0.200000 2 167.4 34.6 63.6 36.0
0.233333 2 167.2 37.5 63.8 36.2
0.266667 2 166.9 43.1 64.5 36.8
0.300000 2 166.9 49.1 65.1 37.3
0.333333 2 167.0 52.5 65.0 37.2
0.366667 2 167.0 59.5 65.3 37.0
0.400000 2 167.4 66.8 65.0 36.9
0.433333 2 167.3 70.2 65.4 37.4
0.466667 2 167.9 78.4 64.4 36.2
0.500000 2 167.8 86.0 64.8 36.6
0.533333 2 168.1 94.4 64.0 35.7
0.566667 2 168.0 98.4 64.4 35.9
0.600000 2 167.8 110.4 64.5 36.1
0.633333 2 167.8 114.6 64.4 35.8
0.666667 2 167.5 122.5 64.5 36.0
0.700000 2 167.5 126.4 64.5 36.0
0.733333 2 167.3 134.2 64.5 36.1
0.766667 2 167.0 138.2 64.6 35.9
0.800000 2 166.3 145.6 65.1 36.4
0.833333 2 166.3 149.7 64.5 35.9
0.866667 2 165.7 157.1 64.5 36.3
0.900000 2 165.4 161.1 64.5 36.0
0.933333 2 164.5 168.6 64.8 36.3
0.966667 2 163.9 176.4 64.6 36.0
1.000000 2 162.9 184.0 64.6 36.0
1.033333 2 162.4 187.7 64.7 36.1
1.066667 2 161.2 195.2 64.9 36.3
1.100000 2 160.5 198.7 65.2 36.3
1.133333 2 159.2 205.6 65.8 36.8
1.166667 2 158.2 212.4 66.2 37.4
1.200000 2 157.8 215.7 66.0 37.3
1.233333 2 157.1 222.4 66.3 37.6
1.266667 2 156.9 225.8 66.0 37.2
1.300000 2 156.4 232.1 66.5 37.9
1.333333 2 156.4 235.5 66.2 37.5
1.366667 2 156.3 241.9 66.1 37.3
1.400000 2 155.9 244.8 66.9 38.1
1.433333 2 156.2 251.4 66.2 37.5
1.466667 2 156.7 257.9 65.6 37.1
1.500000 2 156.9 261.2 65.4 36.9
1.533333 2 157.1 267.5 65.3 36.9
1.566667 2 157.5 274.1 64.5 36.2
1.600000 2 157.6 277.3 64.1 35.8
1.633333 2 157.5 283.3 64.1 36.0
1.666667 2 157.4 286.2 64.2 35.9
1.700000 2 156.8 291.4 64.6 36.2
1.733333 2 156.4 293.8 64.8 36.6
1.766667 2 155.8 298.8 64.8 36.5
1.800000 2 154.8 303.1 65.6 37.2
1.833333 2 154.6 305.3 65.4 37.0
1.866667 2 153.8 309.1 65.7 37.2
1.900000 2 153.6 311.2 65.5 37.2
1.933333 2 153.0 314.9 65.4 37.0
1.966667 2 152.5 316.4 65.8 37.4
2.000000 2 152.4 320.1 65.0 36.5
2.033333 2 151.8 321.2 65.7 37.4
2.066667 2 151.3 324.2 65.5 37.1
2.100000 2 151.3 327.3 64.9 36.5
2.133333 2 150.9 329.6 65.3 37.1
2.166667 2 151.2 331.3 64.6 36.3
2.200000 2 151.0 333.3 65.0 36.7
2.233333 2 151.1 334.4 64.9 36.5
2.266667 2 151.6 336.7 64.7 36.0
2.300000 2 152.0 337.6 64.3 36.0
2.333333 2 152.6 339.4 64.2 35.9
2.366667 2 152.8 339.9 64.5 36.2
2.400000 2 154.0 341.4 64.1 35.8
2.433333 2 154.4 341.7 64.5 36.3
2.466667 2 155.5 342.6 64.5 36.2
2.500000 2 156.3 343.3 64.2 36.0
2.533333 2 157.5 343.8 64.6 36.1
2.566667 2 158.7 344.3 63.9 35.5
2.600000 2 160.5 344.7 63.8 35.6
2.633333 2 162.4 344.8 64.0 35.7
2.666667 2 164.6 344.9 63.9 35.6
2.700000 2 165.8 344.9 63.7 35.4
2.733333 2 168.3 344.6 63.7 35.5
2.766667 2 170.8 344.1 63.9 35.6
2.800000 2 172.1 343.7 63.8 35.6
2.833333 2 175.0 343.1 63.9 35.8
2.866667 2 178.0 342.0 63.8 35.9
2.900000 2 181.2 341.2 63.5 36.1
2.933333 2 184.7 340.1 63.3 35.7
2.966667 2 186.1 339.4 63.7 36.1
3.000000 2 189.8 338.2 63.2 35.8
3.033333 2 191.3 337.4 63.5 36.0
3.066667 2 195.0 336.2 63.2 35.8
3.100000 2 196.9 335.5 63.1 35.8
3.133333 2 200.4 334.0 63.2 35.8
3.166667 2 202.4 333.3 62.9 35.8
3.200000 2 206.2 331.7 62.7 35.5
3.233333 2 208.0 331.0 62.8 35.3
3.266667 2 211.4 329.0 63.1 35.7
3.300000 2 213.3 328.1 62.9 35.9
3.333333 2 217.2 326.5 62.5 35.6
3.366667 2 220.7 324.3 62.6 35.8
3.400000 2 222.4 323.4 62.6 35.7
3.433333 2 226.1 321.4 62.5 35.5
3.466667 2 227.5 320.2 62.7 35.9
3.500000 2 230.8 318.2 62.6 35.7
3.533333 2 232.4 317.2 62.6 35.7
3.566667 2 235.3 315.1 62.9 35.8
3.600000 2 238.4 313.1 62.7 35.5
3.633333 2 240.0 312.0 62.5 35.3
3.666667 2 242.8 310.0 62.5 35.3
3.700000 2 244.2 308.9 62.3 35.2
3.733333 2 246.7 306.5 62.5 35.6
3.766667 2 248.1 305.6 62.2 35.3
3.800000 2 250.3 303.2 62.4 35.1
3.833333 2 251.4 302.1 62.5 35.2
3.866667 2 253.4 299.7 62.3 35.3
3.900000 2 255.2 297.3 62.4 35.2
3.933333 2 256.1 296.1 62.4 35.2
3.966667 2 257.7 293.3 62.3 35.5
4.000000 2 258.4 292.3 62.3 35.2
4.033333 2 259.6 289.5 62.3 35.5
4.066667 2 260.3 288.3 62.3 35.1
4.100000 2 261.5 285.7 62.1 35.2
4.133333 2 262.5 282.7 62.1 35.2
4.166667 2 262.7 281.3 62.4 35.4
4.200000 2 263.5 278.4 62.2 35.2
4.233333 2 264.3 275.6 61.9 35.0
4.266667 2 264.7 272.3 62.3 35.3
4.300000 2 265.2 270.9 62.0 35.0
4.333333 2 265.7 267.9 62.2 35.2
4.366667 2 266.0 266.5 62.1 34.9
4.400000 2 266.6 263.1 62.3 35.0
4.433333 2 266.9 261.5 62.1 35.2
4.466667 2 267.6 258.3 62.2 35.0
4.500000 2 268.2 256.6 61.8 35.0
4.533333 2 268.9 253.4 62.1 35.0
4.566667 2 269.7 250.1 62.2 35.0
4.600000 2 270.4 248.6 61.8 34.8
4.633333 2 271.4 245.3 62.0 34.7
4.666667 2 271.8 243.5 62.1 35.1
4.700000 2 273.7 238.3 62.3 35.0
4.733333 2 275.3 235.3 61.8 34.7
4.766667 2 276.1 233.5 61.9 34.7
4.800000 2 277.6 230.0 62.0 34.9
4.833333 2 278.5 228.4 62.0 34.7
4.866667 2 280.5 224.8 61.6 34.8
4.900000 2 281.3 223.3 61.7 34.6
4.933333 2 283.2 219.6 61.8 34.8
4.966667 2 284.2 217.8 61.7 34.9
5.000000 2 286.0 214.3 62.0 34.8
5.033333 2 287.0 212.5 62.0 34.8
5.066667 2 289.3 209.1 61.7 34.7
5.100000 2 291.4 205.6 61.8 34.7
5.133333 2 292.5 203.8 61.7 34.9
5.166667 2 294.5 200.4 62.0 34.8
5.200000 2 295.7 198.7 61.7 35.0
5.233333 2 297.5 195.4 62.0 34.8
5.266667 2 299.5 192.3 61.9 34.8
5.300000 2 301.3 189.4 61.8 34.6
5.333333 2 302.3 187.9 61.6 34.9
5.366667 2 303.7 184.9 62.0 35.0
5.400000 2 304.5 183.5 61.9 34.8
5.433333 2 305.9 180.6 61.9 35.3
5.466667 2 306.9 178.1 62.1 35.1
5.500000 2 307.6 176.9 61.9 35.0
5.533333 2 308.5 174.3 62.0 34.9
5.566667 2 308.7 173.0 62.0 35.1
5.600000 2 309.4 170.7 61.6 34.9
5.633333 2 309.5 169.5 61.9 34.9
5.666667 2 309.7 167.2 62.0 35.0
5.700000 2 309.9 164.7 61.9 35.3
5.733333 2 309.9 163.6 61.8 35.2
5.766667 2 309.8 161.6 61.8 35.0
5.800000 2 309.5 159.5 61.9 34.8
5.833333 2 309.3 158.5 61.8 34.7
5.866667 2 308.6 155.2 62.0 34.9
5.900000 2 308.4 154.3 61.8 34.8
5.933333 2 307.4 151.3 61.8 34.7
5.966667 2 306.6 149.2 61.9 34.9
6.000000 2 305.6 147.3 62.0 34.9
6.033333 2 305.2 146.5 61.8 34.8
6.066667 2 304.2 144.7 61.6 34.9
6.100000 2 303.1 143.0 61.9 34.9
6.133333 2 302.5 142.2 61.8 34.7
6.166667 2 301.5 140.6 61.7 34.8
6.200000 2 300.9 139.6 61.8 35.2
6.233333 2 299.9 137.8 61.9 35.1
6.266667 2 298.8 136.2 62.0 34.9
6.300000 2 298.5 135.4 61.8 34.7
6.333333 2 297.5 133.6 61.7 34.7
6.366667 2 296.8 132.4 61.9 35.2
6.400000 2 295.8 130.6 61.8 35.2
6.433333 2 295.2 130.1 61.8 34.8
6.466667 2 293.8 128.2 62.1 35.1
6.500000 2 292.7 126.4 62.0 35.1
6.533333 2 292.4 125.7 61.6 35.0
6.566667 2 290.7 124.0 62.1 35.2
6.600000 2 290.1 123.5 61.8 34.9
6.633333 2 288.7 122.1 62.0 35.0
6.666667 2 287.4 120.9 61.6 34.8
6.700000 2 286.6 120.3 61.9 34.9
6.733333 2 285.2 119.1 61.8 34.8
6.766667 2 283.7 118.2 62.0 35.0
6.800000 2 282.9 117.5 61.9 35.3
6.833333 2 281.5 117.0 61.7 34.8
6.866667 2 280.7 116.4 61.9 34.9
6.900000 2 279.4 115.8 61.5 34.8
6.933333 2 278.5 115.6 61.7 34.6
6.966667 2 276.9 114.9 61.9 35.0
7.000000 2 276.4 114.8 61.5 34.8
7.033333 2 274.6 114.4 61.8 34.7
7.066667 2 273.7 114.1 61.8 34.9
7.100000 2 272.4 114.0 61.5 34.7
7.133333 2 270.7 113.6 61.8 34.9
7.166667 2 269.9 113.5 61.9 34.9
7.200000 2 268.6 113.6 61.6 34.5
7.233333 2 267.0 113.2 61.8 34.8
7.266667 2 266.6 113.4 61.5 34.4
7.300000 2 265.3 113.3 61.5 34.5
7.333333 2 263.9 113.0 61.9 34.9
7.366667 2 262.9 113.0 61.9 34.9
7.400000 2 262.6 113.3 61.5 34.5
7.433333 2 261.7 113.3 61.6 34.6
7.466667 2 260.8 113.1 61.8 34.8
7.500000 2 260.6 113.3 61.5 34.5
7.533333 2 259.9 113.1 61.8 34.9
7.566667 2 259.8 113.1 61.7 34.8
7.600000 2 259.5 113.3 61.5 34.4
7.633333 2 259.5 113.3 61.4 34.4
7.666667 2 259.4 113.2 61.5 34.5
7.700000 2 259.3 113.2 61.5 34.5
7.733333 2 259.3 113.1 61.4 34.6
7.766667 2 259.5 113.2 61.3 34.4
7.800000 2 259.6 113.1 61.4 34.6
7.833333 2 259.9 112.9 61.7 34.9
7.866667 2 260.0 112.9 61.7 35.0
7.900000 2 260.8 112.8 61.3 34.6
7.933333 2 260.8 113.0 61.6 34.8
7.966667 2 261.6 112.9 61.2 34.5
8.000000 2 261.9 112.7 61.5 34.9
8.033333 2 262.7 112.9 61.2 34.6
8.066667 2 262.9 112.7 61.5 34.9
8.100000 2 263.5 113.2 61.4 34.5
8.133333 2 264.0 113.0 61.6 34.9
8.166667 2 264.7 113.2 61.5 34.6
8.200000 2 264.8 113.3 61.8 34.8
8.233333 2 265.6 113.7 61.4 34.4
8.266667 2 265.8 113.9 61.4 34.8
8.300000 2 266.2 114.0 61.5 34.7
8.333333 2 266.7 114.6 61.6 34.5
8.366667 2 266.9 114.6 61.6 34.9
8.400000 2 267.0 115.2 61.8 34.9
8.433333 2 267.4 115.6 61.5 34.5
8.466667 2 267.6 116.1 61.4 34.6
8.500000 2 267.9 116.7 61.5 35.0
8.533333 2 267.8 117.1 61.7 34.9
8.566667 2 267.9 117.7 61.6 35.1
8.600000 2 267.9 118.1 61.8 34.9
8.633333 2 267.9 118.9 61.7 35.0
8.666667 2 267.9 119.3 61.8 35.0
8.700000 2 267.9 120.1 61.8 35.0
8.733333 2 268.0 120.5 61.6 35.1
8.766667 2 267.9 121.6 61.5 34.9
8.800000 2 267.8 122.1 61.6 34.9
8.833333 2 267.7 123.2 61.4 34.7
8.866667 2 267.6 124.2 61.4 34.6
8.900000 2 267.5 124.6 61.4 34.5
8.933333 2 267.5 125.6 61.4 34.5
8.966667 2 267.4 126.0 61.3 34.7
9.000000 2 267.4 127.0 61.3 34.8
9.033333 2 267.4 127.6 61.4 34.6
9.066667 2 267.5 128.4 61.4 34.5
9.100000 2 267.6 129.0 61.3 34.7
9.133333 2 267.7 129.8 61.5 35.0
9.166667 2 267.7 130.5 61.7 35.1
9.200000 2 267.8 131.0 62.1 35.3
9.233333 2 268.5 132.0 61.5 34.9
9.266667 2 268.6 132.5 61.5 35.0
9.300000 2 268.7 132.9 61.8 35.2
9.333333 2 269.4 134.3 61.6 34.8
9.366667 2 269.7 134.5 61.6 35.1
9.400000 2 270.0 135.2 62.0 35.3
9.433333 2 270.6 135.7 61.4 35.0
9.466667 2 270.9 136.3 62.0 35.6
9.500000 2 271.5 137.0 61.5 34.9
9.533333 2 272.0 137.5 61.8 35.5
9.566667 2 272.6 138.0 61.5 34.9
9.600000 2 272.9 138.5 61.8 35.5
9.633333 2 273.6 139.2 61.6 34.9
9.666667 2 274.2 139.8 61.6 35.1
9.700000 2 274.8 140.4 61.7 35.4
9.733333 2 275.5 140.9 61.4 34.9
9.766667 2 276.0 141.4 61.8 35.5
9.800000 2 276.6 142.0 61.6 34.9
9.833333 2 277.4 142.6 61.4 34.9
9.866667 2 277.6 143.0 61.7 35.1
9.900000 2 278.7 143.7 61.4 35.1
9.933333 2 279.3 144.3 61.6 34.9
9.966667 2 279.8 144.8 62.1 35.5
10.000000 2 280.5 145.3 61.7 35.0
10.033333 2 280.7 145.6 61.8 35.4
10.066667 2 281.7 146.6 61.5 35.1
10.100000 2 281.8 146.7 61.9 35.5
10.133333 2 282.6 147.8 61.6 35.2
10.166667 2 283.0 148.4 61.8 35.6
10.200000 2 283.5 149.3 61.6 34.9
10.233333 2 283.7 150.1 62.0 35.3
10.266667 2 284.4 151.5 61.6 34.9
10.300000 2 284.6 152.0 61.7 35.1
10.333333 2 284.7 153.1 62.0 35.4
