0.000000 2 254.3 16.6 27.9 19.7
0.033333 2 254.4 17.6 27.8 19.7
0.066667 2 254.8 19.3 27.8 19.8
0.100000 2 255.1 20.3 28.1 19.8
0.133333 2 256.1 21.6 28.2 19.9
0.166667 2 257.6 23.1 27.7 19.7
0.200000 2 258.4 23.6 27.8 19.7
0.233333 2 259.9 24.4 28.3 20.0
0.266667 2 261.0 24.7 28.3 20.0
0.300000 2 263.8 25.6 27.6 19.6
0.333333 2 266.4 26.1 27.8 19.6
0.366667 2 267.8 26.3 27.9 19.7
0.400000 2 270.9 26.4 28.4 20.1
0.433333 2 272.8 26.8 27.9 19.7
0.466667 2 276.6 27.2 27.7 19.6
0.500000 2 280.6 27.7 27.6 19.5
0.533333 2 282.8 28.1 27.4 19.3
0.566667 2 284.8 28.1 27.6 19.6
0.600000 2 289.2 28.6 28.1 19.9
0.633333 2 291.8 29.1 27.6 19.6
0.666667 2 296.7 29.8 27.6 19.5
0.700000 2 303.8 30.6 28.4 20.1
0.733333 2 309.2 31.7 28.0 19.8
0.766667 2 317.2 33.2 28.1 19.8
0.800000 2 319.9 33.6 28.4 20.1
0.833333 2 325.8 35.1 27.6 19.5
0.866667 2 328.4 35.7 27.8 19.6
0.900000 2 333.8 37.0 28.0 19.7
0.933333 2 339.7 38.6 27.6 19.6
0.966667 2 344.9 40.1 28.3 19.9
1.000000 2 347.9 41.1 28.2 19.8
1.033333 2 353.7 43.0 27.5 19.5
1.066667 2 358.9 44.7 28.2 19.9
1.100000 2 361.9 45.9 27.6 19.5
1.133333 2 367.2 47.5 28.0 19.8
1.166667 2 369.9 48.5 28.0 19.8
1.200000 2 375.2 50.5 28.1 19.8
1.233333 2 380.5 52.6 27.8 19.7
1.266667 2 382.9 53.7 28.1 19.8
1.300000 2 387.9 55.9 27.8 19.6
1.333333 2 390.0 56.7 28.3 20.0
1.366667 2 394.9 59.1 27.8 19.7
1.400000 2 399.3 61.1 28.0 19.8
1.433333 2 401.6 62.1 27.6 19.6
1.466667 2 405.7 64.4 27.6 19.7
1.500000 2 409.8 66.7 27.5 19.5
1.533333 2 411.8 67.8 27.4 19.5
1.566667 2 415.1 70.1 28.2 19.9
1.600000 2 416.8 71.2 28.3 20.0
1.633333 2 420.9 74.0 27.2 19.3
1.666667 2 423.8 76.2 28.3 20.0
1.700000 2 425.7 77.5 27.6 19.6
1.733333 2 428.8 80.2 27.5 19.5
1.766667 2 431.7 82.7 27.5 19.5
1.800000 2 432.8 83.7 28.3 20.0
1.833333 2 435.6 86.5 27.6 19.7
1.866667 2 437.0 87.9 27.3 19.3
1.900000 2 439.0 90.3 28.2 19.9
1.933333 2 440.2 91.6 27.9 19.7
1.966667 2 442.3 94.3 27.9 19.8
2.000000 2 444.1 96.8 27.9 19.8
2.033333 2 445.9 99.2 27.3 19.4
2.066667 2 446.4 100.1 27.7 19.6
2.100000 2 447.4 101.9 27.7 19.5
2.133333 2 447.9 102.8 27.3 19.4
2.166667 2 448.5 104.1 27.6 19.4
2.200000 2 448.5 105.1 27.6 19.4
2.233333 2 448.5 105.5 27.7 19.6
2.266667 2 448.1 106.0 28.0 19.8
2.300000 2 447.9 106.6 27.5 19.5
2.333333 2 447.4 106.9 27.7 19.5
2.366667 2 446.4 107.2 27.7 19.6
2.400000 2 445.2 107.4 27.9 19.7
2.433333 2 444.7 107.8 27.4 19.5
2.466667 2 442.9 108.2 27.5 19.6
2.500000 2 441.9 108.4 27.6 19.7
2.533333 2 440.1 109.1 27.3 19.4
2.566667 2 438.9 109.2 27.5 19.7
2.600000 2 436.5 110.0 27.5 19.4
2.633333 2 435.1 110.2 27.8 19.7
2.666667 2 432.4 111.2 27.7 19.7
2.700000 2 431.0 111.7 27.5 19.6
2.733333 2 427.9 112.7 27.4 19.6
2.766667 2 426.0 113.2 27.9 19.8
2.800000 2 422.9 114.7 27.4 19.5
2.833333 2 419.1 116.1 27.7 19.6
2.866667 2 417.3 117.0 27.6 19.4
2.900000 2 413.2 118.5 27.9 19.7
2.933333 2 411.2 119.2 27.9 19.8
2.966667 2 407.0 121.2 27.9 19.7
3.000000 2 405.0 122.1 27.9 19.8
3.033333 2 400.7 124.1 27.7 19.9
3.066667 2 396.0 126.3 28.0 19.8
3.100000 2 391.5 129.0 27.5 19.5
3.133333 2 389.1 130.0 27.8 19.6
3.166667 2 384.5 132.6 27.7 19.7
3.200000 2 382.1 134.0 27.7 19.5
3.233333 2 377.3 136.8 27.8 19.6
3.266667 2 372.7 139.4 27.6 19.8
3.300000 2 370.2 141.0 27.8 19.6
3.333333 2 365.8 143.7 27.4 19.6
3.366667 2 363.4 145.0 27.7 19.6
3.400000 2 358.9 147.1 27.8 19.8
3.433333 2 356.7 148.3 27.6 19.8
3.466667 2 352.6 150.0 27.6 19.6
3.500000 2 350.5 150.7 27.6 19.6
3.533333 2 346.5 151.7 27.6 19.6
3.566667 2 344.7 152.0 27.3 19.3
3.600000 2 341.0 152.2 27.6 19.5
3.633333 2 339.0 152.0 28.0 19.8
3.666667 2 335.7 151.5 27.5 19.6
3.700000 2 333.9 151.2 27.8 19.6
3.733333 2 330.9 150.2 27.6 19.5
3.766667 2 329.3 149.6 27.9 19.7
3.800000 2 326.6 148.3 27.7 19.7
3.833333 2 324.9 147.4 28.3 20.0
3.866667 2 322.3 146.3 27.9 19.8
3.900000 2 319.8 145.2 28.0 19.7
3.933333 2 318.8 145.2 27.4 19.4
3.966667 2 314.9 144.3 28.3 20.0
4.000000 2 313.9 144.5 27.9 19.6
4.033333 2 311.9 145.2 27.3 19.3
4.066667 2 310.8 145.5 27.5 19.6
4.100000 2 308.7 147.0 27.5 19.4
4.133333 2 307.5 147.5 27.7 19.6
4.166667 2 305.4 149.4 27.8 19.7
4.200000 2 303.0 151.5 28.3 20.1
4.233333 2 301.1 154.1 28.1 19.8
4.266667 2 300.4 155.3 27.9 19.7
4.300000 2 298.8 157.7 27.6 19.5
4.333333 2 296.8 159.5 28.0 19.8
4.366667 2 295.7 160.1 28.6 20.2
4.400000 2 294.2 161.8 28.2 20.0
4.433333 2 292.6 162.6 28.4 20.2
4.466667 2 291.8 162.5 28.7 20.5
4.500000 2 290.6 163.0 28.5 20.2
4.533333 2 289.7 163.0 27.5 19.4
4.566667 2 288.7 162.2 28.8 20.4
4.600000 2 287.7 161.2 28.8 20.4
4.633333 2 287.3 161.0 28.1 19.8
4.666667 2 286.5 159.6 27.9 19.7
4.700000 2 285.7 158.3 28.8 20.5
4.733333 2 284.8 156.6 28.7 20.4
4.766667 2 284.8 156.0 27.9 19.7
4.800000 2 283.5 153.5 28.9 20.7
4.833333 2 283.1 151.5 28.4 20.1
4.866667 2 282.6 150.1 28.9 20.5
4.900000 2 281.9 147.7 28.6 20.3
4.933333 2 281.7 145.5 27.9 19.7
4.966667 2 280.5 142.3 29.0 20.7
5.000000 2 280.7 141.4 28.1 19.8
5.033333 2 280.1 138.3 28.4 20.1
5.066667 2 279.5 136.9 28.8 20.4
5.100000 2 279.1 134.1 28.4 20.0
5.133333 2 278.5 130.6 28.8 20.5
5.166667 2 278.7 129.5 27.9 19.7
5.200000 2 278.5 126.4 27.9 19.7
5.233333 2 278.5 125.0 27.8 19.6
5.266667 2 278.4 122.2 27.9 19.7
5.300000 2 278.5 121.0 27.8 19.7
5.333333 2 278.7 118.8 27.8 19.7
5.366667 2 278.7 117.7 28.0 19.9
5.400000 2 278.9 115.7 28.7 20.4
5.433333 2 279.7 115.0 27.9 19.8
5.466667 2 279.8 114.1 28.7 20.5
5.500000 2 280.4 113.3 28.8 20.7
5.533333 2 281.1 113.5 28.4 20.3
5.566667 2 282.1 113.5 28.4 20.3
5.600000 2 282.5 113.4 28.8 20.7
5.633333 2 284.2 114.4 28.2 20.0
5.666667 2 285.7 115.1 28.2 20.0
5.700000 2 287.7 116.2 27.6 19.4
5.733333 2 288.7 116.7 27.6 19.4
5.766667 2 290.8 117.6 27.8 19.6
5.800000 2 292.6 118.0 28.9 20.6
5.833333 2 294.3 118.7 28.2 20.1
5.866667 2 296.7 119.0 28.9 20.7
5.900000 2 299.7 119.5 28.9 20.7
5.933333 2 301.5 119.9 28.7 20.4
5.966667 2 305.0 120.2 28.5 20.2
6.000000 2 306.5 119.9 29.0 20.7
6.033333 2 310.7 120.4 27.9 19.7
6.066667 2 314.7 120.1 27.9 19.7
6.100000 2 316.7 119.8 28.0 19.9
6.133333 2 320.5 119.2 28.8 20.6
6.166667 2 322.6 119.0 29.0 20.7
6.200000 2 327.7 119.2 27.7 19.5
6.233333 2 329.5 118.4 28.8 20.7
6.266667 2 334.6 118.5 28.3 20.3
6.300000 2 337.2 118.5 28.3 20.2
6.333333 2 342.6 118.6 27.6 19.5
6.366667 2 344.9 118.2 28.6 20.3
6.400000 2 350.8 118.5 27.5 19.4
6.433333 2 356.6 118.6 27.6 19.5
6.466667 2 359.5 118.7 27.8 19.7
6.500000 2 365.5 118.9 27.7 19.7
6.533333 2 368.7 119.3 27.5 19.3
6.566667 2 374.8 119.5 27.8 19.6
6.600000 2 380.6 119.3 28.9 20.8
6.633333 2 387.9 120.4 27.7 19.5
6.666667 2 394.2 120.6 28.3 20.2
6.700000 2 397.9 121.4 27.3 19.2
6.733333 2 403.9 121.3 28.5 20.4
6.766667 2 410.9 122.5 27.4 19.3
6.800000 2 416.8 122.6 28.7 20.5
6.833333 2 420.6 123.3 27.6 19.5
6.866667 2 426.9 124.0 27.4 19.4
6.900000 2 429.9 124.5 27.4 19.3
6.933333 2 435.9 124.8 27.8 19.8
6.966667 2 441.9 125.7 27.6 19.5
7.000000 2 444.9 126.1 27.5 19.5
7.033333 2 450.7 127.1 27.4 19.4
7.066667 2 453.0 127.1 28.3 20.0
7.100000 2 458.9 128.2 27.5 19.5
7.133333 2 463.8 129.0 27.9 19.8
7.166667 2 466.7 129.5 27.5 19.4
7.200000 2 471.6 130.4 27.6 19.4
7.233333 2 476.0 130.9 28.5 20.2
7.266667 2 478.7 131.7 27.5 19.5
7.300000 2 482.7 132.3 28.4 20.1
7.333333 2 487.3 133.2 28.0 19.8
7.366667 2 489.3 133.6 28.0 20.0
7.400000 2 493.3 134.4 28.1 19.9
7.433333 2 496.8 134.9 28.5 20.3
7.466667 2 499.0 135.7 27.5 19.5
7.500000 2 502.0 135.9 28.3 20.2
7.533333 2 505.7 136.6 27.4 19.3
7.566667 2 506.8 136.4 28.0 19.9
7.600000 2 509.9 136.5 27.8 19.7
7.633333 2 512.6 136.6 27.6 19.5
7.666667 2 514.0 136.7 27.0 19.0
7.700000 2 516.1 136.1 27.2 19.3
7.733333 2 517.1 135.8 27.1 19.1
7.766667 2 519.1 134.8 27.1 19.1
7.800000 2 520.9 133.6 27.1 19.1
7.833333 2 521.3 132.3 27.8 19.7
7.866667 2 523.1 130.9 26.9 19.0
7.900000 2 523.0 129.5 28.2 20.1
7.933333 2 524.1 127.3 28.2 20.0
7.966667 2 525.1 126.7 27.1 19.1
8.000000 2 525.6 123.9 27.5 19.6
8.033333 2 526.0 122.8 27.1 19.2
8.066667 2 526.0 119.7 28.3 20.2
8.100000 2 526.6 117.4 27.5 19.4
8.133333 2 526.8 114.7 27.2 19.2
8.166667 2 526.9 111.7 27.2 19.1
8.200000 2 526.3 110.1 27.9 19.8
8.233333 2 525.8 106.8 28.1 20.1
8.266667 2 526.1 105.8 27.2 19.2
8.300000 2 524.8 102.5 28.2 20.2
8.333333 2 525.1 101.6 27.3 19.3
8.366667 2 524.0 99.2 27.6 19.5
8.400000 2 523.0 97.1 27.5 19.5
8.433333 2 522.4 96.4 27.7 19.6
8.466667 2 521.1 94.7 28.0 20.1
8.500000 2 519.9 93.9 27.5 19.6
8.533333 2 519.1 93.4 28.0 19.9
8.566667 2 518.0 93.0 27.1 19.3
8.600000 2 516.0 92.8 27.6 19.7
8.633333 2 514.9 92.7 27.9 19.9
8.666667 2 512.9 92.7 27.9 20.0
8.700000 2 511.9 92.7 28.0 20.0
8.733333 2 510.1 93.0 27.0 19.2
8.766667 2 507.1 92.9 28.1 19.9
8.800000 2 504.7 92.9 27.3 19.4
8.833333 2 501.6 92.9 27.5 19.6
8.866667 2 500.1 93.0 27.2 19.4
8.900000 2 496.6 92.7 27.4 19.4
8.933333 2 493.2 92.9 26.9 19.0
8.966667 2 491.1 92.7 27.1 19.1
9.000000 2 487.1 92.7 27.1 19.1
9.033333 2 484.9 92.6 27.1 19.1
9.066667 2 480.1 92.2 27.8 19.7
9.100000 2 478.2 92.5 27.0 19.0
9.133333 2 473.0 91.8 27.8 19.8
9.166667 2 470.8 92.1 27.2 19.3
9.200000 2 465.1 91.8 27.9 19.9
9.233333 2 460.1 92.2 26.9 19.1
9.266667 2 457.1 91.9 27.5 19.6
9.300000 2 450.9 91.8 27.8 19.8
9.333333 2 444.9 92.1 27.8 19.7
9.366667 2 438.6 92.3 27.5 19.4
9.400000 2 432.0 92.4 27.7 19.6
9.433333 2 424.9 92.3 28.3 19.9
9.466667 2 422.0 92.9 27.0 19.0
9.500000 2 415.0 93.0 27.0 19.0
9.533333 2 407.0 92.8 28.4 20.2
9.566667 2 403.6 93.3 27.5 19.3
9.600000 2 396.0 93.4 27.7 19.5
9.633333 2 391.9 93.3 28.1 19.9
9.666667 2 384.1 93.4 28.1 19.9
9.700000 2 380.3 93.5 27.9 19.7
9.733333 2 372.4 93.6 27.7 19.6
9.766667 2 368.6 93.7 27.5 19.3
9.800000 2 360.6 93.4 27.5 19.4
9.833333 2 356.7 93.3 27.4 19.3
9.866667 2 349.0 92.8 27.0 19.2
9.900000 2 341.2 92.2 27.1 19.2
9.933333 2 337.0 91.4 27.9 19.7
9.966667 2 329.8 90.6 27.3 19.3
10.000000 2 325.9 89.9 27.8 19.8
10.033333 2 319.0 88.5 28.0 19.8
10.066667 2 312.7 87.3 27.4 19.3
10.100000 2 306.5 85.5 27.6 19.5
10.133333 2 301.0 84.0 27.0 19.0
