0.000000 2 462.3 196.9 64.5 45.1
0.033333 2 462.7 194.0 64.9 45.4
0.066667 2 463.4 192.7 64.6 45.0
0.100000 2 464.2 189.6 64.7 45.3
0.133333 2 464.6 188.0 65.3 45.8
0.166667 2 465.7 184.9 65.1 45.6
0.200000 2 466.3 183.6 64.7 45.2
0.233333 2 466.9 180.0 65.3 45.8
0.266667 2 467.6 176.9 65.5 46.0
0.300000 2 468.0 175.4 64.9 45.6
0.333333 2 468.5 172.0 65.4 45.9
0.366667 2 469.5 171.0 64.5 45.0
0.400000 2 469.8 167.0 65.4 46.1
0.433333 2 470.1 165.7 65.1 45.7
0.466667 2 470.9 162.6 65.0 45.8
0.500000 2 471.0 161.1 65.3 45.8
0.533333 2 471.6 157.7 65.3 46.0
0.566667 2 472.3 155.0 64.9 45.4
0.600000 2 472.8 153.8 64.4 45.0
0.633333 2 473.0 150.5 64.9 45.9
0.666667 2 473.3 147.9 64.9 45.5
0.700000 2 473.8 146.9 64.5 45.1
0.733333 2 473.9 143.6 65.2 46.0
0.766667 2 474.1 142.5 64.9 45.8
0.800000 2 474.2 140.1 65.2 45.9
0.833333 2 474.4 138.9 65.3 45.8
0.866667 2 474.8 136.1 65.2 46.1
0.900000 2 474.9 135.2 65.1 46.0
0.933333 2 475.5 132.8 64.6 45.3
0.966667 2 475.5 131.8 64.6 45.3
1.000000 2 475.8 129.3 65.0 45.8
1.033333 2 476.1 128.5 64.8 45.7
1.066667 2 475.9 126.1 65.2 45.9
1.100000 2 476.2 124.1 65.0 45.6
1.133333 2 476.6 123.3 64.9 45.4
1.166667 2 476.8 121.4 64.8 45.6
1.200000 2 476.8 120.7 64.9 45.7
1.233333 2 476.9 118.6 64.8 45.8
1.266667 2 476.9 116.9 65.4 46.1
1.300000 2 477.2 116.4 64.7 45.7
1.333333 2 477.7 115.0 64.8 45.5
1.366667 2 477.7 113.8 65.1 46.0
1.400000 2 477.9 112.4 64.9 45.9
1.433333 2 477.7 111.5 65.3 46.2
1.466667 2 478.0 109.9 65.4 46.1
1.500000 2 478.2 109.7 65.2 45.8
1.533333 2 478.0 107.9 65.7 46.2
1.566667 2 478.5 107.3 65.5 46.4
1.600000 2 478.6 105.4 65.9 46.7
1.633333 2 478.6 104.8 65.8 46.6
1.666667 2 479.0 103.8 65.7 46.1
1.700000 2 479.3 103.4 65.6 46.3
1.733333 2 479.6 101.4 66.0 46.5
1.766667 2 479.9 101.2 65.7 46.2
1.800000 2 479.9 99.6 65.9 46.2
1.833333 2 480.6 98.2 65.7 46.4
1.866667 2 480.4 97.5 66.2 46.7
1.900000 2 481.0 96.6 65.6 46.0
1.933333 2 481.0 95.7 65.9 46.2
1.966667 2 481.4 94.2 65.8 46.5
2.000000 2 481.6 93.8 66.0 46.6
2.033333 2 481.9 92.7 66.2 46.5
2.066667 2 482.1 91.3 66.6 47.2
2.100000 2 482.6 91.1 65.9 46.6
2.133333 2 483.0 90.4 65.8 46.2
2.166667 2 482.8 89.5 66.4 46.8
2.200000 2 483.4 88.7 66.3 47.0
2.233333 2 483.8 88.3 65.9 46.5
2.266667 2 483.9 87.5 66.3 46.8
2.300000 2 484.4 87.1 65.9 46.7
2.333333 2 484.5 86.3 66.2 46.9
2.366667 2 485.0 85.6 65.8 46.2
2.400000 2 485.0 84.4 66.4 47.0
2.433333 2 485.5 83.9 65.9 46.7
2.466667 2 485.3 83.4 66.5 47.1
2.500000 2 486.0 83.4 65.5 46.2
2.533333 2 485.5 82.5 66.3 46.9
2.566667 2 485.7 82.4 66.0 46.6
2.600000 2 486.1 82.1 65.7 46.2
2.633333 2 486.3 81.2 66.2 46.9
2.666667 2 486.1 80.6 66.2 47.0
2.700000 2 486.1 80.2 66.4 47.1
2.733333 2 486.3 80.1 66.0 46.8
2.766667 2 486.5 79.9 66.0 46.8
2.800000 2 486.2 79.2 66.7 47.4
2.833333 2 486.2 79.2 66.7 47.3
2.866667 2 486.3 79.1 66.6 47.3
2.900000 2 486.6 79.1 66.0 46.8
2.933333 2 486.6 79.0 66.0 46.8
2.966667 2 487.0 79.2 65.8 46.3
3.000000 2 487.0 79.2 65.8 46.3
3.033333 2 487.1 79.2 65.8 46.3
3.066667 2 487.0 79.0 65.9 46.5
3.100000 2 487.0 78.9 66.1 46.7
3.133333 2 487.0 78.9 66.2 46.9
3.166667 2 487.1 78.3 66.8 47.5
3.200000 2 487.1 78.3 66.6 47.5
3.233333 2 487.3 78.5 66.4 47.2
3.266667 2 487.4 78.7 66.2 47.0
3.300000 2 487.4 78.7 66.1 47.0
3.333333 2 487.6 79.0 65.9 46.8
3.366667 2 487.8 79.4 66.0 46.6
3.400000 2 487.4 79.3 66.3 47.1
3.433333 2 487.7 80.1 65.8 46.6
3.466667 2 487.7 80.1 65.7 46.6
3.500000 2 487.6 80.2 66.0 46.7
3.533333 2 487.9 81.2 65.6 46.3
3.566667 2 487.9 81.5 65.8 46.4
3.600000 2 487.7 81.6 66.0 46.6
3.633333 2 488.1 82.4 65.5 46.0
3.666667 2 487.9 82.8 65.9 46.3
3.700000 2 488.1 83.5 65.4 45.9
3.733333 2 487.5 83.5 66.2 46.9
3.766667 2 487.6 84.3 66.0 46.7
3.800000 2 487.6 84.7 66.1 46.8
3.833333 2 487.5 85.7 66.1 46.8
3.866667 2 487.2 86.3 66.1 46.8
3.900000 2 487.2 87.3 65.9 46.5
3.933333 2 487.3 87.6 65.6 46.1
3.966667 2 487.3 88.6 65.4 45.8
4.000000 2 486.5 89.3 65.8 46.6
4.033333 2 486.4 89.7 66.0 46.7
4.066667 2 486.2 90.8 66.0 46.5
4.100000 2 485.9 91.8 65.8 46.1
4.133333 2 485.9 91.9 65.9 46.2
4.166667 2 485.4 92.5 66.2 46.9
4.200000 2 485.3 93.5 66.2 46.9
4.233333 2 485.3 93.6 66.1 46.8
4.266667 2 484.8 94.7 65.9 46.3
4.300000 2 484.7 94.9 65.8 46.5
4.333333 2 484.6 95.5 66.0 46.7
4.366667 2 484.6 96.0 65.7 46.6
4.400000 2 484.3 96.4 65.9 46.5
4.433333 2 484.2 96.5 66.1 46.7
4.466667 2 484.2 97.0 65.7 46.2
4.500000 2 484.2 97.0 65.7 46.3
4.533333 2 484.3 97.0 65.6 46.1
4.566667 2 484.4 96.9 65.7 46.4
4.600000 2 484.3 96.8 65.9 46.6
4.633333 2 484.3 96.8 65.9 46.6
4.666667 2 484.6 96.7 66.0 46.6
4.700000 2 484.6 96.5 66.0 46.7
4.733333 2 485.0 96.7 65.8 46.2
4.766667 2 485.2 96.7 65.3 45.8
4.800000 2 485.3 96.7 65.2 45.7
4.833333 2 485.5 95.9 65.7 46.6
4.866667 2 485.6 95.8 65.8 46.6
4.900000 2 485.8 95.5 65.7 46.3
4.933333 2 486.0 95.5 65.4 46.1
4.966667 2 486.1 95.3 65.3 46.0
5.000000 2 486.1 95.2 65.4 46.0
5.033333 2 486.3 94.7 65.1 45.6
5.066667 2 486.4 94.7 64.9 45.4
5.100000 2 486.4 94.6 64.9 45.4
5.133333 2 486.4 94.4 65.0 45.5
5.166667 2 486.2 93.9 65.2 45.7
5.200000 2 486.4 93.9 65.0 45.5
5.233333 2 486.5 93.9 65.0 45.4
5.266667 2 486.2 93.5 65.0 45.7
5.300000 2 485.9 93.3 65.2 46.0
5.333333 2 485.8 93.3 65.2 46.0
5.366667 2 485.6 93.5 65.1 45.7
5.400000 2 485.5 93.8 64.7 45.1
5.433333 2 485.1 93.7 65.0 45.7
5.466667 2 484.7 93.7 65.5 46.2
5.500000 2 484.4 94.2 65.1 45.5
5.533333 2 484.3 94.5 64.9 45.5
5.566667 2 483.9 94.6 65.0 45.8
5.600000 2 483.5 94.9 64.8 45.2
5.633333 2 482.6 94.7 65.5 46.2
5.666667 2 482.5 94.8 65.5 46.1
5.700000 2 481.9 95.4 65.1 45.8
5.733333 2 481.7 95.6 64.9 45.4
5.766667 2 480.7 95.6 65.2 45.9
5.800000 2 480.5 95.9 65.1 45.5
5.833333 2 479.4 96.1 65.3 45.6
5.866667 2 478.9 96.0 65.5 45.9
5.900000 2 478.1 96.3 65.1 45.7
5.933333 2 477.7 96.6 64.9 45.4
5.966667 2 476.8 96.6 65.0 45.7
6.000000 2 476.0 96.7 65.1 45.8
6.033333 2 474.9 96.7 65.4 46.0
6.066667 2 474.4 97.0 65.3 45.7
6.100000 2 473.0 97.4 65.1 45.8
6.133333 2 471.8 97.4 65.2 45.9
6.166667 2 471.0 97.7 65.2 45.8
6.200000 2 469.5 97.7 65.8 46.4
6.233333 2 468.7 97.8 65.7 46.3
6.266667 2 467.6 98.4 65.1 45.7
6.300000 2 466.7 98.6 65.2 45.9
6.333333 2 465.1 99.1 65.3 45.6
6.366667 2 464.4 99.0 65.5 45.8
6.400000 2 462.8 99.6 65.0 45.7
6.433333 2 462.0 99.7 65.0 45.7
6.466667 2 460.1 100.0 65.2 45.6
6.500000 2 458.4 100.2 65.3 45.6
6.533333 2 457.4 100.4 65.3 45.7
6.566667 2 455.6 100.7 65.5 46.0
6.600000 2 454.7 100.5 65.4 46.0
6.633333 2 452.6 100.7 65.8 46.3
6.666667 2 450.9 101.3 65.4 45.9
6.700000 2 449.2 101.8 65.0 45.3
6.733333 2 448.2 102.0 65.3 45.5
6.766667 2 446.1 102.3 65.5 45.7
6.800000 2 444.3 102.9 65.4 45.6
6.833333 2 443.2 103.0 65.3 45.5
6.866667 2 441.5 103.7 65.0 45.2
6.900000 2 440.4 104.0 64.9 45.1
6.933333 2 438.2 104.3 65.3 45.5
6.966667 2 436.4 104.9 64.9 45.1
7.000000 2 435.3 105.1 65.3 45.4
7.033333 2 433.1 105.4 65.3 45.5
7.066667 2 432.4 105.9 64.9 45.1
7.100000 2 429.6 105.8 65.8 46.2
7.133333 2 428.7 106.1 65.6 46.0
7.166667 2 426.7 106.6 65.4 45.9
7.200000 2 425.4 106.8 65.8 46.2
7.233333 2 423.5 107.8 65.0 45.2
7.266667 2 422.4 108.1 65.0 45.1
7.300000 2 419.0 108.7 65.3 45.7
7.333333 2 416.6 109.1 65.7 46.3
7.366667 2 415.5 109.5 65.7 46.2
7.400000 2 413.3 110.7 65.3 45.6
7.433333 2 411.2 111.7 65.3 45.6
7.466667 2 408.7 112.4 65.7 46.2
7.500000 2 407.4 112.7 66.2 46.8
7.533333 2 405.5 114.2 65.7 46.3
7.566667 2 404.1 114.3 66.5 47.0
7.600000 2 402.0 115.9 66.1 46.4
7.633333 2 401.1 116.7 65.8 46.0
7.666667 2 398.8 117.9 66.0 46.0
7.700000 2 397.2 119.6 65.3 45.4
7.733333 2 395.5 119.7 66.3 46.6
7.766667 2 393.9 121.4 65.5 45.9
7.800000 2 392.6 121.9 66.1 46.4
7.833333 2 390.2 123.4 66.5 46.8
7.866667 2 388.5 125.4 65.9 46.3
7.900000 2 387.5 126.3 65.8 46.2
7.933333 2 386.6 127.3 65.7 46.2
7.966667 2 384.6 129.1 65.8 46.3
8.000000 2 383.6 129.9 66.0 46.3
8.033333 2 381.9 132.4 65.5 45.9
8.066667 2 380.9 133.5 65.6 45.8
8.100000 2 378.6 135.8 66.2 46.3
8.133333 2 378.0 137.0 66.0 46.1
8.166667 2 376.5 139.5 65.7 46.1
8.200000 2 374.2 141.5 66.4 46.7
8.233333 2 373.7 143.3 65.7 46.0
8.266667 2 372.0 145.8 66.1 46.2
8.300000 2 370.3 148.5 66.3 46.6
8.333333 2 369.9 150.3 65.6 45.9
8.366667 2 368.2 153.8 65.2 45.3
8.400000 2 366.2 156.6 65.9 46.0
8.433333 2 365.4 158.0 66.0 46.3
8.466667 2 363.6 161.6 65.9 46.1
8.500000 2 362.8 163.3 65.6 45.9
8.533333 2 360.3 166.5 66.3 46.5
8.566667 2 359.5 168.4 65.8 46.2
8.600000 2 357.0 171.9 66.1 46.1
8.633333 2 355.0 175.5 65.4 45.5
8.666667 2 353.1 176.6 66.5 46.7
8.700000 2 351.3 180.8 65.0 44.9
8.733333 2 349.3 181.6 66.4 46.6
8.766667 2 346.9 185.6 65.4 45.5
8.800000 2 343.9 188.5 65.5 45.7
8.833333 2 340.4 190.9 66.2 46.6
8.866667 2 339.2 192.9 65.4 45.3
8.900000 2 335.4 194.8 66.4 46.6
8.933333 2 334.2 196.8 65.3 45.2
8.966667 2 330.3 198.2 66.2 46.6
9.000000 2 326.7 200.3 65.8 46.1
9.033333 2 324.4 200.8 66.5 46.5
9.066667 2 320.8 202.3 65.8 46.0
9.100000 2 316.5 203.0 66.2 46.6
9.133333 2 309.8 203.7 66.4 46.2
9.166667 2 307.4 203.6 66.6 46.5
9.200000 2 303.1 203.2 66.0 46.2
9.233333 2 300.4 202.6 66.6 46.5
9.266667 2 295.9 201.7 65.9 45.9
9.300000 2 293.1 200.3 66.7 47.1
9.333333 2 288.0 198.3 66.9 47.2
9.366667 2 283.2 196.0 66.4 46.8
9.400000 2 280.7 194.6 66.5 46.4
9.433333 2 275.8 191.1 66.3 46.2
9.466667 2 273.1 188.7 67.0 47.1
9.500000 2 268.4 184.5 66.6 46.6
9.533333 2 266.1 181.9 66.6 46.8
9.566667 2 261.3 176.7 66.8 46.8
9.600000 2 259.2 173.7 66.9 47.1
9.633333 2 254.8 167.4 67.3 47.6
9.666667 2 250.6 160.8 67.7 48.0
9.700000 2 248.8 157.0 67.7 48.3
9.733333 2 245.5 149.4 68.0 48.7
9.766667 2 243.8 145.2 68.7 49.1
9.800000 2 241.7 137.4 68.1 48.4
9.833333 2 240.1 128.9 68.0 48.4
9.866667 2 239.2 124.4 68.4 48.5
9.900000 2 238.3 115.9 68.5 48.2
9.933333 2 237.4 110.8 69.7 49.3
9.966667 2 237.3 102.2 70.1 49.3
10.000000 2 238.6 94.2 69.1 48.1
10.033333 2 239.0 89.8 69.3 48.1
10.066667 2 241.0 81.4 68.9 47.9
10.100000 2 243.6 73.5 67.9 46.8
10.133333 2 244.7 69.4 68.1 46.7
10.166667 2 247.6 61.3 67.7 46.3
10.200000 2 250.4 52.8 68.0 46.6
10.233333 2 251.5 48.2 68.7 47.7
10.266667 2 254.6 40.1 68.4 47.6
10.300000 2 256.6 36.8 67.6 46.5
10.333333 2 260.1 29.5 66.9 45.7
10.366667 2 262.0 26.0 66.0 45.0
