0.000000 2 147.0 243.0 24.0 20.0
0.033333 2 146.8 242.5 23.8 20.2
0.066667 2 146.5 242.0 23.5 20.5
0.100000 2 146.2 241.5 23.2 20.8
0.133333 2 146.0 241.0 23.0 21.0
0.166667 2 145.8 240.5 22.8 21.2
0.200000 2 145.5 240.0 22.5 21.5
0.233333 2 145.2 239.5 22.2 21.8
0.266667 2 145.0 239.0 22.0 22.0
0.300000 2 144.8 238.5 21.8 22.2
0.333333 2 144.5 238.0 21.5 22.5
0.366667 2 144.2 237.5 21.2 22.8
0.400000 2 144.0 237.0 21.0 23.0
0.433333 2 143.7 236.7 21.2 23.0
0.466667 2 143.5 236.3 21.3 22.9
0.500000 2 143.2 236.0 21.5 22.9
0.533333 2 143.0 235.6 21.7 22.8
0.566667 2 142.7 235.3 21.9 22.8
0.600000 2 142.4 234.9 22.0 22.7
0.633333 2 142.2 234.6 22.2 22.7
0.666667 2 141.9 234.2 22.4 22.7
0.700000 2 141.7 233.9 22.6 22.6
0.733333 2 141.4 233.5 22.7 22.6
0.766667 2 141.1 233.2 22.9 22.5
0.800000 2 140.9 232.8 23.1 22.5
0.833333 2 140.6 232.5 23.3 22.4
0.866667 2 140.3 232.1 23.4 22.4
0.900000 2 140.1 231.8 23.6 22.3
0.933333 2 139.8 231.4 23.8 22.3
0.966667 2 139.6 231.1 24.0 22.3
1.000000 2 139.3 230.7 24.1 22.2
1.033333 2 139.0 230.4 24.3 22.2
1.066667 2 138.8 230.0 24.5 22.1
1.100000 2 138.5 229.7 24.7 22.1
1.133333 2 138.3 229.3 24.8 22.0
1.166667 2 138.0 229.0 25.0 22.0
1.200000 2 138.3 228.7 24.9 21.9
1.233333 2 138.6 228.3 24.9 21.8
1.266667 2 138.8 228.0 24.8 21.7
1.300000 2 139.1 227.7 24.8 21.6
1.333333 2 139.4 227.3 24.7 21.4
1.366667 2 139.7 227.0 24.7 21.3
1.400000 2 139.9 226.7 24.6 21.2
1.433333 2 140.2 226.3 24.6 21.1
1.466667 2 140.5 226.0 24.5 21.0
1.500000 2 140.8 225.7 24.4 20.9
1.533333 2 141.1 225.3 24.4 20.8
1.566667 2 141.3 225.0 24.3 20.7
1.600000 2 141.6 224.7 24.3 20.6
1.633333 2 141.9 224.3 24.2 20.4
1.666667 2 142.2 224.0 24.2 20.3
1.700000 2 142.4 223.7 24.1 20.2
1.733333 2 142.7 223.3 24.1 20.1
1.766667 2 143.0 223.0 24.0 20.0
1.800000 2 143.6 222.5 23.9 20.0
1.833333 2 144.2 221.9 23.9 20.0
1.866667 2 144.8 221.4 23.8 20.0
1.900000 2 145.4 220.9 23.7 20.0
1.933333 2 146.0 220.3 23.6 20.0
1.966667 2 146.6 219.8 23.6 20.0
2.000000 2 147.3 219.2 23.5 20.0
2.033333 2 147.9 218.7 23.4 20.0
2.066667 2 148.5 218.2 23.4 20.0
2.100000 2 149.1 217.6 23.3 20.0
2.133333 2 149.7 217.1 23.2 20.0
2.166667 2 150.3 216.6 23.1 20.0
2.200000 2 150.9 216.0 23.1 20.0
2.233333 2 151.5 215.5 23.0 20.0
2.266667 2 152.1 215.0 22.9 20.0
2.300000 2 152.7 214.4 22.9 20.0
2.333333 2 153.3 213.9 22.8 20.0
2.366667 2 153.9 213.4 22.7 20.0
2.400000 2 154.5 212.8 22.6 20.0
2.433333 2 155.1 212.3 22.6 20.0
2.466667 2 155.8 211.7 22.5 20.0
2.500000 2 156.4 211.2 22.4 20.0
2.533333 2 157.0 210.7 22.4 20.0
2.566667 2 157.6 210.1 22.3 20.0
2.600000 2 158.2 209.6 22.2 20.0
2.633333 2 158.8 209.1 22.1 20.0
2.666667 2 159.4 208.5 22.1 20.0
2.700000 2 160.0 208.0 22.0 20.0
2.733333 2 160.8 207.4 22.0 20.1
2.766667 2 161.6 206.8 22.0 20.2
2.800000 2 162.4 206.3 22.0 20.4
2.833333 2 163.2 205.7 22.0 20.5
2.866667 2 164.0 205.1 22.0 20.6
2.900000 2 164.8 204.5 22.0 20.8
2.933333 2 165.5 203.9 22.0 20.9
2.966667 2 166.3 203.3 22.0 21.0
3.000000 2 167.1 202.8 22.0 21.1
3.033333 2 167.9 202.2 22.0 21.2
3.066667 2 168.7 201.6 22.0 21.4
3.100000 2 169.5 201.0 22.0 21.5
3.133333 2 170.3 200.4 22.0 21.6
3.166667 2 171.1 199.8 22.0 21.8
3.200000 2 171.9 199.3 22.0 21.9
3.233333 2 172.7 198.7 22.0 22.0
3.266667 2 173.5 198.1 22.0 22.1
3.300000 2 174.3 197.5 22.0 22.2
3.333333 2 175.0 196.9 22.0 22.4
3.366667 2 175.8 196.3 22.0 22.5
3.400000 2 176.6 195.8 22.0 22.6
3.433333 2 177.4 195.2 22.0 22.8
3.466667 2 178.2 194.6 22.0 22.9
3.500000 2 179.0 194.0 22.0 23.0
3.533333 2 179.7 193.3 22.2 23.1
3.566667 2 180.3 192.6 22.3 23.1
3.600000 2 181.0 191.8 22.5 23.2
3.633333 2 181.7 191.1 22.7 23.2
3.666667 2 182.3 190.4 22.8 23.3
3.700000 2 183.0 189.7 23.0 23.3
3.733333 2 183.7 188.9 23.2 23.4
3.766667 2 184.3 188.2 23.3 23.4
3.800000 2 185.0 187.5 23.5 23.5
3.833333 2 185.7 186.8 23.7 23.6
3.866667 2 186.3 186.1 23.8 23.6
3.900000 2 187.0 185.3 24.0 23.7
3.933333 2 187.7 184.6 24.2 23.7
3.966667 2 188.3 183.9 24.3 23.8
4.000000 2 189.0 183.2 24.5 23.8
4.033333 2 189.7 182.4 24.7 23.9
4.066667 2 190.3 181.7 24.8 23.9
4.100000 2 191.0 181.0 25.0 24.0
4.133333 2 191.7 180.4 25.1 23.9
4.166667 2 192.4 179.7 25.1 23.8
4.200000 2 193.1 179.1 25.2 23.7
4.233333 2 193.8 178.5 25.3 23.6
4.266667 2 194.5 177.9 25.4 23.4
4.300000 2 195.2 177.2 25.4 23.3
4.333333 2 195.9 176.6 25.5 23.2
4.366667 2 196.6 176.0 25.6 23.1
4.400000 2 197.3 175.3 25.7 23.0
4.433333 2 198.0 174.7 25.7 22.9
4.466667 2 198.7 174.1 25.8 22.8
4.500000 2 199.4 173.4 25.9 22.7
4.533333 2 200.1 172.8 26.0 22.6
4.566667 2 200.9 172.2 26.0 22.4
4.600000 2 201.6 171.6 26.1 22.3
4.633333 2 202.3 170.9 26.2 22.2
4.666667 2 203.0 170.3 26.3 22.1
4.700000 2 203.7 169.7 26.3 22.0
4.733333 2 204.4 169.0 26.4 21.9
4.766667 2 205.1 168.4 26.5 21.8
4.800000 2 205.8 167.8 26.6 21.7
4.833333 2 206.5 167.1 26.6 21.6
4.866667 2 207.2 166.5 26.7 21.4
4.900000 2 207.9 165.9 26.8 21.3
4.933333 2 208.6 165.3 26.9 21.2
4.966667 2 209.3 164.6 26.9 21.1
5.000000 2 210.0 164.0 27.0 21.0
5.033333 2 210.9 163.2 26.8 21.1
5.066667 2 211.7 162.4 26.6 21.1
5.100000 2 212.6 161.6 26.4 21.2
5.133333 2 213.5 160.8 26.3 21.2
5.166667 2 214.4 159.9 26.1 21.3
5.200000 2 215.2 159.1 25.9 21.4
5.233333 2 216.1 158.3 25.7 21.4
5.266667 2 217.0 157.5 25.5 21.5
5.300000 2 217.9 156.7 25.3 21.6
5.333333 2 218.7 155.9 25.1 21.6
5.366667 2 219.6 155.1 24.9 21.7
5.400000 2 220.5 154.3 24.8 21.7
5.433333 2 221.4 153.4 24.6 21.8
5.466667 2 222.2 152.6 24.4 21.9
5.500000 2 223.1 151.8 24.2 21.9
5.533333 2 224.0 151.0 24.0 22.0
5.566667 2 224.8 150.0 24.3 22.1
5.600000 2 225.6 149.0 24.5 22.3
5.633333 2 226.4 148.0 24.8 22.4
5.666667 2 227.2 147.0 25.1 22.5
5.700000 2 228.0 146.0 25.3 22.7
5.733333 2 228.8 145.0 25.6 22.8
5.766667 2 229.6 144.0 25.9 22.9
5.800000 2 230.4 143.0 26.1 23.1
5.833333 2 231.2 142.0 26.4 23.2
5.866667 2 232.0 141.0 26.7 23.3
5.900000 2 232.8 140.0 26.9 23.5
5.933333 2 233.6 139.0 27.2 23.6
5.966667 2 234.4 138.0 27.5 23.7
6.000000 2 235.2 137.0 27.7 23.9
6.033333 2 236.0 136.0 28.0 24.0
6.066667 2 236.9 135.2 28.2 23.6
6.100000 2 237.8 134.4 28.4 23.3
6.133333 2 238.7 133.5 28.5 22.9
6.166667 2 239.6 132.7 28.7 22.5
6.200000 2 240.5 131.9 28.9 22.2
6.233333 2 241.5 131.1 29.1 21.8
6.266667 2 242.4 130.3 29.3 21.5
6.300000 2 243.3 129.5 29.5 21.1
6.333333 2 244.2 128.6 29.6 20.7
6.366667 2 245.1 127.8 29.8 20.4
6.400000 2 246.0 127.0 30.0 20.0
6.433333 2 247.3 125.5 29.5 20.3
6.466667 2 248.6 124.0 29.0 20.6
6.500000 2 249.9 122.5 28.5 20.9
6.533333 2 251.2 121.0 28.0 21.2
6.566667 2 252.5 119.5 27.5 21.5
6.600000 2 253.8 118.0 27.0 21.8
6.633333 2 255.1 116.5 26.5 22.1
6.666667 2 256.4 115.0 26.0 22.4
6.700000 2 257.7 113.5 25.5 22.7
6.733333 2 259.0 112.0 25.0 23.0
6.766667 2 259.9 111.7 25.3 23.0
6.800000 2 260.8 111.5 25.5 23.0
6.833333 2 261.7 111.2 25.8 23.0
6.866667 2 262.6 110.9 26.1 23.0
6.900000 2 263.5 110.6 26.4 23.0
6.933333 2 264.5 110.4 26.6 23.0
6.966667 2 265.4 110.1 26.9 23.0
7.000000 2 266.3 109.8 27.2 23.0
7.033333 2 267.2 109.5 27.5 23.0
7.066667 2 268.1 109.3 27.7 23.0
7.100000 2 269.0 109.0 28.0 23.0
7.133333 2 270.2 110.2 27.9 23.2
7.166667 2 271.4 111.4 27.8 23.4
7.200000 2 272.6 112.6 27.7 23.6
7.233333 2 273.8 113.8 27.6 23.8
7.266667 2 275.0 115.0 27.5 24.0
7.300000 2 276.2 116.2 27.4 24.2
7.333333 2 277.4 117.4 27.3 24.4
7.366667 2 278.6 118.6 27.2 24.6
7.400000 2 279.8 119.8 27.1 24.8
7.433333 2 281.0 121.0 27.0 25.0
7.466667 2 281.9 123.1 27.4 25.2
7.500000 2 282.8 125.2 27.8 25.4
7.533333 2 283.7 127.3 28.2 25.6
7.566667 2 284.6 129.4 28.6 25.8
7.600000 2 285.5 131.5 29.0 26.0
7.633333 2 286.4 133.6 29.4 26.2
7.666667 2 287.3 135.7 29.8 26.4
7.700000 2 288.2 137.8 30.2 26.6
7.733333 2 289.1 139.9 30.6 26.8
7.766667 2 290.0 142.0 31.0 27.0
7.800000 2 291.8 144.6 30.6 27.0
7.833333 2 293.6 147.2 30.2 27.0
7.866667 2 295.4 149.8 29.8 27.0
7.900000 2 297.2 152.4 29.4 27.0
7.933333 2 299.0 155.0 29.0 27.0
7.966667 2 300.8 157.6 28.6 27.0
8.000000 2 302.6 160.2 28.2 27.0
8.033333 2 304.4 162.8 27.8 27.0
8.066667 2 306.2 165.4 27.4 27.0
8.100000 2 308.0 168.0 27.0 27.0
8.133333 2 309.6 171.0 26.6 26.3
8.166667 2 311.1 174.0 26.1 25.6
8.200000 2 312.7 177.0 25.7 24.9
8.233333 2 314.3 180.0 25.3 24.1
8.266667 2 315.9 183.0 24.9 23.4
8.300000 2 317.4 186.0 24.4 22.7
8.333333 2 319.0 189.0 24.0 22.0
8.366667 2 321.0 192.2 24.2 21.8
8.400000 2 323.0 195.5 24.5 21.5
8.433333 2 325.0 198.7 24.7 21.3
8.466667 2 327.0 202.0 25.0 21.0
8.500000 2 328.0 204.0 26.3 21.8
8.533333 2 329.0 206.0 27.5 22.5
8.566667 2 330.0 208.0 28.8 23.3
8.600000 2 331.0 210.0 30.0 24.0
8.633333 2 333.0 213.2 29.7 24.5
8.666667 2 335.0 216.3 29.3 25.0
8.700000 2 337.0 219.5 29.0 25.5
8.733333 2 339.0 222.7 28.7 26.0
8.766667 2 341.0 225.8 28.3 26.5
8.800000 2 343.0 229.0 28.0 27.0
8.833333 2 345.0 232.6 28.4 26.7
8.866667 2 347.0 236.1 28.9 26.4
8.900000 2 349.0 239.7 29.3 26.1
8.933333 2 351.0 243.3 29.7 25.9
8.966667 2 353.0 246.9 30.1 25.6
9.000000 2 355.0 250.4 30.6 25.3
9.033333 2 357.0 254.0 31.0 25.0
9.066667 2 359.7 256.6 30.4 25.3
9.100000 2 362.4 259.1 29.9 25.6
9.133333 2 365.1 261.7 29.3 25.9
9.166667 2 367.9 264.3 28.7 26.1
9.200000 2 370.6 266.9 28.1 26.4
9.233333 2 373.3 269.4 27.6 26.7
9.266667 2 376.0 272.0 27.0 27.0
9.300000 2 379.0 273.0 27.3 27.4
9.333333 2 382.0 274.0 27.6 27.9
9.366667 2 385.0 275.0 27.9 28.3
9.400000 2 388.0 276.0 28.1 28.7
9.433333 2 391.0 277.0 28.4 29.1
9.466667 2 394.0 278.0 28.7 29.6
9.500000 2 397.0 279.0 29.0 30.0
9.533333 2 400.6 279.4 28.4 30.0
9.566667 2 404.1 279.9 27.9 30.0
9.600000 2 407.7 280.3 27.3 30.0
9.633333 2 411.3 280.7 26.7 30.0
9.666667 2 414.9 281.1 26.1 30.0
9.700000 2 418.4 281.6 25.6 30.0
9.733333 2 422.0 282.0 25.0 30.0
9.766667 2 425.1 283.8 25.4 30.1
9.800000 2 428.2 285.6 25.9 30.2
9.833333 2 431.3 287.3 26.3 30.3
9.866667 2 434.4 289.1 26.8 30.4
9.900000 2 437.6 290.9 27.2 30.6
9.933333 2 440.7 292.7 27.7 30.7
9.966667 2 443.8 294.4 28.1 30.8
10.000000 2 446.9 296.2 28.6 30.9
10.033333 2 450.0 298.0 29.0 31.0
10.066667 2 453.9 301.3 29.6 30.9
10.100000 2 457.7 304.6 30.1 30.7
10.133333 2 461.6 307.9 30.7 30.6
10.166667 2 465.4 311.1 31.3 30.4
10.200000 2 469.3 314.4 31.9 30.3
10.233333 2 473.1 317.7 32.4 30.1
10.266667 2 477.0 321.0 33.0 30.0
10.300000 2 482.0 323.0 32.0 29.4
10.333333 2 487.0 325.0 31.0 28.9
10.366667 2 492.0 327.0 30.0 28.3
10.400000 2 497.0 329.0 29.0 27.7
10.433333 2 502.0 331.0 28.0 27.1
10.466667 2 507.0 333.0 27.0 26.6
10.500000 2 512.0 335.0 26.0 26.0
