0.000000 2 233.0 326.0 18.0 20.0
0.033333 2 233.0 327.0 20.0 19.0
0.066667 2 233.3 326.1 19.8 19.4
0.100000 2 233.6 325.2 19.6 19.8
0.133333 2 233.9 324.3 19.4 20.2
0.166667 2 234.2 323.4 19.2 20.6
0.200000 2 234.5 322.5 19.0 21.0
0.233333 2 234.8 321.6 18.8 21.4
0.266667 2 235.1 320.7 18.6 21.8
0.300000 2 235.4 319.8 18.4 22.2
0.333333 2 235.7 318.9 18.2 22.6
0.366667 2 236.0 318.0 18.0 23.0
0.400000 2 236.1 317.8 18.1 23.1
0.433333 2 236.3 317.5 18.3 23.3
0.466667 2 236.4 317.3 18.4 23.4
0.500000 2 236.6 317.0 18.6 23.6
0.533333 2 236.7 316.8 18.7 23.7
0.566667 2 236.9 316.6 18.9 23.9
0.600000 2 237.0 316.3 19.0 24.0
0.633333 2 237.1 316.1 19.1 24.1
0.666667 2 237.3 315.9 19.3 24.3
0.700000 2 237.4 315.6 19.4 24.4
0.733333 2 237.6 315.4 19.6 24.6
0.766667 2 237.7 315.1 19.7 24.7
0.800000 2 237.9 314.9 19.9 24.9
0.833333 2 238.0 314.7 20.0 25.0
0.866667 2 238.1 314.4 20.1 25.1
0.900000 2 238.3 314.2 20.3 25.3
0.933333 2 238.4 314.0 20.4 25.4
0.966667 2 238.6 313.7 20.6 25.6
1.000000 2 238.7 313.5 20.7 25.7
1.033333 2 238.9 313.2 20.9 25.9
1.066667 2 239.0 313.0 21.0 26.0
1.100000 2 239.2 313.0 20.9 25.9
1.133333 2 239.5 313.1 20.8 25.7
1.166667 2 239.7 313.1 20.7 25.6
1.200000 2 239.9 313.2 20.6 25.5
1.233333 2 240.1 313.2 20.5 25.3
1.266667 2 240.4 313.3 20.5 25.2
1.300000 2 240.6 313.3 20.4 25.0
1.333333 2 240.8 313.4 20.3 24.9
1.366667 2 241.0 313.4 20.2 24.8
1.400000 2 241.3 313.5 20.1 24.6
1.433333 2 241.5 313.5 20.0 24.5
1.466667 2 241.7 313.5 19.9 24.4
1.500000 2 242.0 313.6 19.8 24.2
1.533333 2 242.2 313.6 19.7 24.1
1.566667 2 242.4 313.7 19.6 24.0
1.600000 2 242.6 313.7 19.5 23.8
1.633333 2 242.9 313.8 19.5 23.7
1.666667 2 243.1 313.8 19.4 23.5
1.700000 2 243.3 313.9 19.3 23.4
1.733333 2 243.5 313.9 19.2 23.3
1.766667 2 243.8 314.0 19.1 23.1
1.800000 2 244.0 314.0 19.0 23.0
1.833333 2 244.1 313.9 19.1 23.1
1.866667 2 244.1 313.8 19.1 23.1
1.900000 2 244.2 313.6 19.2 23.2
1.933333 2 244.2 313.5 19.2 23.2
1.966667 2 244.3 313.4 19.3 23.3
2.000000 2 244.4 313.3 19.4 23.4
2.033333 2 244.4 313.1 19.4 23.4
2.066667 2 244.5 313.0 19.5 23.5
2.100000 2 244.6 312.9 19.6 23.6
2.133333 2 244.6 312.8 19.6 23.6
2.166667 2 244.7 312.6 19.7 23.7
2.200000 2 244.7 312.5 19.7 23.7
2.233333 2 244.8 312.4 19.8 23.8
2.266667 2 244.9 312.3 19.9 23.9
2.300000 2 244.9 312.1 19.9 23.9
2.333333 2 245.0 312.0 20.0 24.0
2.366667 2 245.0 312.0 20.0 23.8
2.400000 2 245.0 312.1 20.1 23.6
2.433333 2 245.0 312.1 20.1 23.4
2.466667 2 245.0 312.2 20.2 23.2
2.500000 2 245.0 312.2 20.2 23.0
2.533333 2 245.0 312.3 20.3 22.9
2.566667 2 245.0 312.3 20.3 22.7
2.600000 2 245.0 312.4 20.4 22.5
2.633333 2 245.0 312.4 20.4 22.3
2.666667 2 245.0 312.5 20.5 22.1
2.700000 2 245.0 312.5 20.5 21.9
2.733333 2 245.0 312.6 20.6 21.7
2.766667 2 245.0 312.6 20.6 21.5
2.800000 2 245.0 312.7 20.7 21.3
2.833333 2 245.0 312.7 20.7 21.1
2.866667 2 245.0 312.8 20.8 21.0
2.900000 2 245.0 312.8 20.8 20.8
2.933333 2 245.0 312.9 20.9 20.6
2.966667 2 245.0 312.9 20.9 20.4
3.000000 2 245.0 313.0 21.0 20.2
3.033333 2 245.0 313.0 21.0 20.0
3.066667 2 244.7 312.9 21.2 20.0
3.100000 2 244.4 312.8 21.5 20.0
3.133333 2 244.1 312.8 21.7 20.0
3.166667 2 243.8 312.7 21.9 20.0
3.200000 2 243.5 312.6 22.2 20.0
3.233333 2 243.2 312.5 22.4 20.0
3.266667 2 242.8 312.5 22.6 20.0
3.300000 2 242.5 312.4 22.8 20.0
3.333333 2 242.2 312.3 23.1 20.0
3.366667 2 241.9 312.2 23.3 20.0
3.400000 2 241.6 312.2 23.5 20.0
3.433333 2 241.3 312.1 23.8 20.0
3.466667 2 241.0 312.0 24.0 20.0
3.500000 2 241.1 312.0 23.9 20.0
3.533333 2 241.2 312.0 23.8 20.0
3.566667 2 241.3 312.0 23.7 20.0
3.600000 2 241.4 312.0 23.6 20.0
3.633333 2 241.5 312.0 23.5 20.0
3.666667 2 241.5 312.0 23.5 20.0
3.700000 2 241.6 312.0 23.4 20.0
3.733333 2 241.7 312.0 23.3 20.0
3.766667 2 241.8 312.0 23.2 20.0
3.800000 2 241.9 312.0 23.1 20.0
3.833333 2 242.0 312.0 23.0 20.0
3.866667 2 241.7 312.0 22.8 19.9
3.900000 2 241.5 312.0 22.6 19.8
3.933333 2 241.2 312.0 22.5 19.7
3.966667 2 240.9 312.0 22.3 19.6
4.000000 2 240.6 312.0 22.1 19.5
4.033333 2 240.4 312.0 21.9 19.5
4.066667 2 240.1 312.0 21.7 19.4
4.100000 2 239.8 312.0 21.5 19.3
4.133333 2 239.5 312.0 21.4 19.2
4.166667 2 239.3 312.0 21.2 19.1
4.200000 2 239.0 312.0 21.0 19.0
4.233333 2 238.8 312.0 21.1 19.1
4.266667 2 238.6 312.0 21.2 19.2
4.300000 2 238.4 312.0 21.3 19.3
4.333333 2 238.2 312.0 21.4 19.4
4.366667 2 238.0 312.0 21.5 19.5
4.400000 2 237.8 312.0 21.6 19.6
4.433333 2 237.6 312.0 21.7 19.7
4.466667 2 237.4 312.0 21.8 19.8
4.500000 2 237.2 312.0 21.9 19.9
4.533333 2 237.0 312.0 22.0 20.0
4.566667 2 236.8 312.0 22.1 20.1
4.600000 2 236.6 312.0 22.2 20.2
4.633333 2 236.4 312.0 22.3 20.3
4.666667 2 236.2 312.0 22.4 20.4
4.700000 2 236.0 312.0 22.5 20.5
4.733333 2 235.8 312.0 22.6 20.6
4.766667 2 235.6 312.0 22.7 20.7
4.800000 2 235.4 312.0 22.8 20.8
4.833333 2 235.2 312.0 22.9 20.9
4.866667 2 235.0 312.0 23.0 21.0
4.900000 2 235.1 312.0 22.6 20.9
4.933333 2 235.1 312.0 22.2 20.9
4.966667 2 235.2 312.0 21.9 20.8
5.000000 2 235.3 312.0 21.5 20.7
5.033333 2 235.3 312.0 21.1 20.7
5.066667 2 235.4 312.0 20.7 20.6
5.100000 2 235.4 312.0 20.4 20.6
5.133333 2 235.5 312.0 20.0 20.5
5.166667 2 235.6 312.0 19.6 20.4
5.200000 2 235.6 312.0 19.2 20.4
5.233333 2 235.7 312.0 18.9 20.3
5.266667 2 235.8 312.0 18.5 20.2
5.300000 2 235.8 312.0 18.1 20.2
5.333333 2 235.9 312.0 17.7 20.1
5.366667 2 235.9 312.0 17.4 20.1
5.400000 2 236.0 312.0 17.0 20.0
5.433333 2 235.6 312.0 17.4 20.1
5.466667 2 235.2 312.0 17.8 20.1
5.500000 2 234.8 312.0 18.2 20.2
5.533333 2 234.4 312.0 18.6 20.2
5.566667 2 234.1 312.0 18.9 20.3
5.600000 2 233.7 312.0 19.3 20.3
5.633333 2 233.3 312.0 19.7 20.4
5.666667 2 232.9 312.0 20.1 20.4
5.700000 2 232.5 312.0 20.5 20.5
5.733333 2 232.1 312.0 20.9 20.6
5.766667 2 231.7 312.0 21.3 20.6
5.800000 2 231.3 312.0 21.7 20.7
5.833333 2 230.9 312.0 22.1 20.7
5.866667 2 230.6 312.0 22.4 20.8
5.900000 2 230.2 312.0 22.8 20.8
5.933333 2 229.8 312.0 23.2 20.9
5.966667 2 229.4 312.0 23.6 20.9
6.000000 2 229.0 312.0 24.0 21.0
6.033333 2 228.9 312.0 23.8 21.0
6.066667 2 228.8 312.0 23.7 21.0
6.100000 2 228.7 312.0 23.5 21.0
6.133333 2 228.6 312.0 23.3 21.0
6.166667 2 228.4 312.0 23.2 21.0
6.200000 2 228.3 312.0 23.0 21.0
6.233333 2 228.2 312.0 22.8 21.0
6.266667 2 228.1 312.0 22.7 21.0
6.300000 2 228.0 312.0 22.5 21.0
6.333333 2 227.9 312.0 22.3 21.0
6.366667 2 227.8 312.0 22.2 21.0
6.400000 2 227.7 312.0 22.0 21.0
6.433333 2 227.6 312.0 21.8 21.0
6.466667 2 227.4 312.0 21.7 21.0
6.500000 2 227.3 312.0 21.5 21.0
6.533333 2 227.2 312.0 21.3 21.0
6.566667 2 227.1 312.0 21.2 21.0
6.600000 2 227.0 312.0 21.0 21.0
6.633333 2 226.8 312.0 21.0 21.1
6.666667 2 226.6 312.0 21.0 21.2
6.700000 2 226.4 312.0 21.0 21.4
6.733333 2 226.3 312.0 21.0 21.5
6.766667 2 226.1 312.0 21.0 21.6
6.800000 2 225.9 312.0 21.0 21.7
6.833333 2 225.7 312.0 21.0 21.9
6.866667 2 225.5 312.0 21.0 22.0
6.900000 2 225.3 312.0 21.0 22.1
6.933333 2 225.1 312.0 21.0 22.2
6.966667 2 224.9 312.0 21.0 22.4
7.000000 2 224.8 312.0 21.0 22.5
7.033333 2 224.6 312.0 21.0 22.6
7.066667 2 224.4 312.0 21.0 22.7
7.100000 2 224.2 312.0 21.0 22.9
7.133333 2 224.0 312.0 21.0 23.0
7.166667 2 224.0 312.1 20.8 22.8
7.200000 2 224.0 312.2 20.7 22.7
7.233333 2 224.0 312.3 20.5 22.5
7.266667 2 224.0 312.4 20.3 22.3
7.300000 2 224.0 312.6 20.2 22.2
7.333333 2 224.0 312.7 20.0 22.0
7.366667 2 224.0 312.8 19.8 21.8
7.400000 2 224.0 312.9 19.7 21.7
7.433333 2 224.0 313.0 19.5 21.5
7.466667 2 224.0 313.1 19.3 21.3
7.500000 2 224.0 313.2 19.2 21.2
7.533333 2 224.0 313.3 19.0 21.0
7.566667 2 224.0 313.4 18.8 20.8
7.600000 2 224.0 313.6 18.7 20.7
7.633333 2 224.0 313.7 18.5 20.5
7.666667 2 224.0 313.8 18.3 20.3
7.700000 2 224.0 313.9 18.2 20.2
7.733333 2 224.0 314.0 18.0 20.0
7.766667 2 224.0 313.9 18.0 20.0
7.800000 2 224.0 313.9 18.0 20.0
7.833333 2 224.0 313.8 18.0 20.0
7.866667 2 224.0 313.7 18.0 20.0
7.900000 2 224.0 313.7 18.0 20.0
7.933333 2 224.0 313.6 18.0 20.0
7.966667 2 224.0 313.5 18.0 20.0
8.000000 2 224.0 313.5 18.0 20.0
8.033333 2 224.0 313.4 18.0 20.0
8.066667 2 224.0 313.3 18.0 20.0
8.100000 2 224.0 313.3 18.0 20.0
8.133333 2 224.0 313.2 18.0 20.0
8.166667 2 224.0 313.1 18.0 20.0
8.200000 2 224.0 313.1 18.0 20.0
8.233333 2 224.0 313.0 18.0 20.0
8.266667 2 224.0 313.1 17.7 19.8
8.300000 2 224.0 313.2 17.5 19.6
8.333333 2 224.0 313.3 17.2 19.5
8.366667 2 224.0 313.4 16.9 19.3
8.400000 2 224.0 313.5 16.6 19.1
8.433333 2 224.0 313.5 16.4 18.9
8.466667 2 224.0 313.6 16.1 18.7
8.500000 2 224.0 313.7 15.8 18.5
8.533333 2 224.0 313.8 15.5 18.4
8.566667 2 224.0 313.9 15.3 18.2
8.600000 2 224.0 314.0 15.0 18.0
8.633333 2 223.8 313.9 15.2 18.1
8.666667 2 223.6 313.9 15.5 18.2
8.700000 2 223.4 313.8 15.7 18.4
8.733333 2 223.3 313.8 16.0 18.5
8.766667 2 223.1 313.7 16.2 18.6
8.800000 2 222.9 313.6 16.5 18.7
8.833333 2 222.7 313.6 16.7 18.9
8.866667 2 222.5 313.5 17.0 19.0
8.900000 2 222.3 313.4 17.2 19.1
8.933333 2 222.1 313.4 17.5 19.2
8.966667 2 221.9 313.3 17.7 19.4
9.000000 2 221.8 313.3 18.0 19.5
9.033333 2 221.6 313.2 18.2 19.6
9.066667 2 221.4 313.1 18.5 19.7
9.100000 2 221.2 313.1 18.7 19.9
9.133333 2 221.0 313.0 19.0 20.0
9.166667 2 221.0 313.0 18.9 20.0
9.200000 2 220.9 313.0 18.8 19.9
9.233333 2 220.9 313.0 18.7 19.9
9.266667 2 220.8 313.0 18.7 19.8
9.300000 2 220.8 313.0 18.6 19.8
9.333333 2 220.7 313.0 18.5 19.8
9.366667 2 220.7 313.0 18.4 19.7
9.400000 2 220.7 313.0 18.3 19.7
9.433333 2 220.6 313.0 18.2 19.6
9.466667 2 220.6 313.0 18.2 19.6
9.500000 2 220.5 313.0 18.1 19.5
9.533333 2 220.5 313.0 18.0 19.5
9.566667 2 220.5 313.0 17.9 19.5
9.600000 2 220.4 313.0 17.8 19.4
9.633333 2 220.4 313.0 17.7 19.4
9.666667 2 220.3 313.0 17.7 19.3
9.700000 2 220.3 313.0 17.6 19.3
9.733333 2 220.2 313.0 17.5 19.3
9.766667 2 220.2 313.0 17.4 19.2
9.800000 2 220.2 313.0 17.3 19.2
9.833333 2 220.1 313.0 17.2 19.1
9.866667 2 220.1 313.0 17.2 19.1
9.900000 2 220.0 313.0 17.1 19.0
9.933333 2 220.0 313.0 17.0 19.0
9.966667 2 220.0 313.0 17.1 19.0
10.000000 2 220.0 312.9 17.2 19.1
10.033333 2 220.0 312.9 17.3 19.1
10.066667 2 220.0 312.8 17.3 19.2
10.100000 2 220.0 312.8 17.4 19.2
10.133333 2 220.0 312.7 17.5 19.3
10.166667 2 220.0 312.7 17.6 19.3
10.200000 2 220.0 312.7 17.7 19.3
10.233333 2 220.0 312.6 17.8 19.4
10.266667 2 220.0 312.6 17.9 19.4
10.300000 2 220.0 312.5 18.0 19.5
10.333333 2 220.0 312.5 18.0 19.5
10.366667 2 220.0 312.4 18.1 19.6
10.400000 2 220.0 312.4 18.2 19.6
10.433333 2 220.0 312.3 18.3 19.7
10.466667 2 220.0 312.3 18.4 19.7
10.500000 2 220.0 312.3 18.5 19.7
10.533333 2 220.0 312.2 18.6 19.8
10.566667 2 220.0 312.2 18.7 19.8
10.600000 2 220.0 312.1 18.7 19.9
10.633333 2 220.0 312.1 18.8 19.9
10.666667 2 220.0 312.0 18.9 20.0
10.700000 2 220.0 312.0 19.0 20.0
