0.000000 2 227.0 167.0 38.0 30.0
0.033333 2 227.9 166.3 38.4 30.4
0.066667 2 230.2 165.4 38.3 30.3
0.100000 2 231.5 165.0 38.0 30.1
0.133333 2 233.5 164.0 38.5 30.6
0.166667 2 235.9 163.6 38.2 30.2
0.200000 2 236.6 163.2 38.7 30.6
0.233333 2 238.6 163.0 38.5 30.5
0.266667 2 239.9 162.9 38.2 30.2
0.300000 2 241.5 162.7 38.5 30.6
0.333333 2 243.0 162.5 38.5 30.6
0.366667 2 244.8 163.0 38.4 30.4
0.400000 2 245.5 163.0 38.7 30.7
0.433333 2 246.7 163.1 38.9 30.8
0.466667 2 248.4 163.7 38.6 30.7
0.500000 2 249.0 164.0 38.6 30.5
0.533333 2 249.6 164.1 38.8 30.7
0.566667 2 250.8 165.1 38.4 30.4
0.600000 2 251.2 165.0 39.1 31.2
0.633333 2 252.2 165.7 38.9 31.0
0.666667 2 253.2 166.6 39.0 31.1
0.700000 2 254.2 167.9 38.4 30.4
0.733333 2 254.1 167.6 39.4 31.5
0.766667 2 255.0 168.5 39.5 31.6
0.800000 2 255.3 169.1 39.1 31.2
0.833333 2 256.0 170.3 38.6 30.6
0.866667 2 256.1 170.7 38.8 30.8
0.900000 2 256.5 171.5 38.8 30.9
0.933333 2 256.5 171.8 39.1 31.1
0.966667 2 257.0 172.9 38.4 30.4
1.000000 2 256.8 173.2 38.8 30.7
1.033333 2 256.9 174.0 38.8 30.8
1.066667 2 257.0 174.5 38.6 30.5
1.100000 2 257.2 175.7 38.3 30.2
1.133333 2 257.0 176.0 38.4 30.3
1.166667 2 256.5 176.5 38.8 30.9
1.200000 2 256.0 176.5 39.4 31.5
1.233333 2 256.1 177.7 38.3 30.3
1.266667 2 255.9 177.9 38.4 30.4
1.300000 2 255.1 178.2 39.0 31.1
1.333333 2 255.2 178.9 38.2 30.2
1.366667 2 253.9 178.6 39.7 31.8
1.400000 2 253.9 180.0 38.3 30.3
1.433333 2 253.2 179.5 39.3 31.4
1.466667 2 252.6 180.2 38.9 30.8
1.500000 2 252.1 180.4 39.0 31.1
1.533333 2 250.8 180.6 39.7 31.8
1.566667 2 251.1 181.6 38.4 30.4
1.600000 2 250.0 181.7 39.0 31.1
1.633333 2 249.6 181.9 38.8 30.8
1.666667 2 248.9 182.5 38.5 30.4
1.700000 2 248.3 182.5 38.9 31.0
1.733333 2 248.1 182.9 38.3 30.3
1.766667 2 247.0 182.9 38.9 30.8
1.800000 2 246.5 183.0 39.0 31.0
1.833333 2 245.8 183.2 38.8 30.7
1.866667 2 245.6 183.3 38.7 30.6
1.900000 2 244.9 183.3 38.8 30.6
1.933333 2 244.6 183.2 38.8 30.7
1.966667 2 244.1 182.9 38.9 30.9
2.000000 2 244.2 182.9 38.4 30.3
2.033333 2 243.8 182.5 38.7 30.7
2.066667 2 243.7 182.0 38.5 30.5
2.100000 2 243.8 181.8 38.3 30.3
2.133333 2 243.4 180.9 38.9 31.0
2.166667 2 243.7 180.7 38.3 30.5
2.200000 2 243.7 179.9 38.5 30.5
2.233333 2 243.7 178.7 39.0 31.0
2.266667 2 244.3 178.7 38.2 30.2
2.300000 2 244.8 178.0 38.2 30.2
2.333333 2 245.3 176.8 38.2 30.2
2.366667 2 245.1 175.8 39.1 31.1
2.400000 2 246.3 175.0 38.3 30.3
2.433333 2 246.6 174.5 38.4 30.5
2.466667 2 246.8 173.8 38.8 30.9
2.500000 2 247.7 172.5 38.6 30.7
2.533333 2 248.2 171.9 38.6 30.6
2.566667 2 249.4 170.8 38.2 30.2
2.600000 2 249.7 169.9 38.7 30.7
2.633333 2 250.8 168.5 38.7 30.8
2.666667 2 251.2 167.9 38.8 30.8
2.700000 2 252.5 166.9 38.4 30.5
2.733333 2 253.8 165.6 38.2 30.2
2.766667 2 254.0 164.8 38.4 30.5
2.800000 2 255.2 164.0 38.3 30.4
2.833333 2 255.6 163.2 38.7 30.6
2.866667 2 256.7 162.0 38.4 30.5
2.900000 2 257.3 161.8 38.2 30.3
2.933333 2 258.2 160.7 38.4 30.5
2.966667 2 258.3 160.0 38.7 30.7
3.000000 2 259.4 159.2 38.8 30.8
3.033333 2 259.8 158.8 38.3 30.3
3.066667 2 260.4 158.0 38.5 30.5
3.100000 2 260.9 157.1 38.8 30.8
3.133333 2 261.7 156.9 38.2 30.2
3.166667 2 262.0 156.1 38.7 30.6
3.200000 2 262.6 156.0 38.3 30.3
3.233333 2 262.7 155.1 38.9 31.0
3.266667 2 263.1 155.2 38.6 30.5
3.300000 2 263.7 154.9 38.4 30.4
3.333333 2 263.7 154.8 38.8 30.8
3.366667 2 264.2 154.4 38.7 30.6
3.400000 2 264.3 154.6 38.5 30.6
3.433333 2 264.4 154.6 38.6 30.6
3.466667 2 264.8 154.7 38.3 30.3
3.500000 2 264.8 154.7 38.4 30.4
3.533333 2 264.8 154.8 38.6 30.6
3.566667 2 264.8 155.2 38.8 30.8
3.600000 2 265.0 155.5 38.6 30.6
3.633333 2 264.8 156.0 38.9 30.9
3.666667 2 265.4 156.8 38.2 30.2
3.700000 2 265.1 157.1 38.6 30.5
3.733333 2 265.0 157.6 38.6 30.7
3.766667 2 265.0 158.4 38.7 30.7
3.800000 2 264.7 158.8 38.7 30.7
3.833333 2 264.8 159.8 38.6 30.7
3.866667 2 264.6 160.2 38.8 30.7
3.900000 2 264.5 161.2 38.6 30.5
3.933333 2 264.2 162.0 38.8 30.8
3.966667 2 264.5 162.9 38.1 30.2
4.000000 2 264.5 164.0 38.1 30.1
4.033333 2 264.0 164.6 38.7 30.8
4.066667 2 263.7 164.9 39.0 31.0
4.100000 2 263.7 165.9 39.0 31.0
4.133333 2 263.8 166.6 38.6 30.8
4.166667 2 263.9 167.6 38.6 30.7
4.200000 2 263.7 167.9 39.1 31.0
4.233333 2 263.7 168.9 39.0 31.0
4.266667 2 263.9 169.5 38.6 30.7
4.300000 2 264.2 170.3 38.7 30.7
4.333333 2 264.6 171.3 38.6 30.6
4.366667 2 264.9 171.8 38.1 30.1
4.400000 2 264.7 172.2 38.9 30.9
4.433333 2 265.6 173.0 38.3 30.4
4.466667 2 265.7 173.1 39.0 31.0
4.500000 2 266.4 173.9 38.0 30.0
4.533333 2 266.7 174.4 38.5 30.6
4.566667 2 266.8 174.5 38.6 30.7
4.600000 2 267.2 174.9 39.4 31.5
4.633333 2 267.6 175.3 39.2 31.3
4.666667 2 268.4 175.8 39.6 31.7
4.700000 2 268.6 176.2 39.2 31.4
4.733333 2 269.2 176.5 39.6 31.7
4.766667 2 270.4 177.5 39.3 31.4
4.800000 2 270.6 177.9 39.3 31.4
4.833333 2 271.5 178.3 39.1 31.3
4.866667 2 272.3 179.1 39.2 31.3
4.900000 2 272.9 179.5 38.8 31.0
4.933333 2 273.7 180.2 39.2 31.4
4.966667 2 274.2 180.5 39.7 31.8
5.000000 2 275.0 181.2 38.9 30.9
5.033333 2 276.1 182.2 38.8 30.8
5.066667 2 277.0 183.0 39.0 30.9
5.100000 2 277.7 183.3 39.0 31.2
5.133333 2 278.3 184.0 39.2 31.3
5.166667 2 279.2 185.0 38.8 30.8
5.200000 2 279.2 184.7 39.5 31.6
5.233333 2 280.3 185.8 38.8 30.8
5.266667 2 281.3 186.5 38.6 30.7
5.300000 2 281.3 186.8 38.8 30.9
5.333333 2 281.5 186.8 39.4 31.5
5.366667 2 282.1 187.6 38.8 30.8
5.400000 2 282.5 187.6 39.4 31.5
5.433333 2 283.3 188.5 38.7 30.8
5.466667 2 283.4 188.4 39.2 31.3
5.500000 2 284.0 189.2 39.0 31.0
5.533333 2 284.3 189.4 38.8 30.9
5.566667 2 284.7 189.9 39.3 31.3
5.600000 2 285.2 190.2 39.0 31.0
5.633333 2 285.1 190.8 39.4 31.3
5.666667 2 285.3 190.8 39.5 31.6
5.700000 2 285.7 191.6 39.3 31.3
5.733333 2 286.3 192.0 39.3 31.4
5.766667 2 286.3 192.0 39.5 31.6
5.800000 2 287.0 192.7 39.5 31.5
5.833333 2 287.2 193.3 39.0 31.1
5.866667 2 287.2 193.7 39.2 31.1
5.900000 2 287.4 194.3 39.1 31.2
5.933333 2 287.5 194.7 39.4 31.4
5.966667 2 287.9 195.3 39.0 31.1
6.000000 2 288.1 195.6 39.7 31.7
6.033333 2 288.2 195.7 39.7 31.8
6.066667 2 288.9 196.8 39.1 31.1
6.100000 2 289.2 197.2 39.0 30.9
6.133333 2 289.5 197.5 39.6 31.6
6.166667 2 289.5 197.8 39.5 31.6
6.200000 2 290.0 198.9 39.1 30.9
6.233333 2 290.2 198.7 39.5 31.5
6.266667 2 290.4 199.5 39.5 31.5
6.300000 2 291.3 200.7 38.7 30.6
6.333333 2 291.2 200.5 39.5 31.5
6.366667 2 291.4 201.0 39.5 31.6
6.400000 2 291.4 201.7 39.8 31.8
6.433333 2 292.2 202.5 39.2 31.2
6.466667 2 292.2 202.8 39.7 31.8
6.500000 2 292.6 203.5 39.5 31.5
6.533333 2 292.8 204.3 39.2 31.3
6.566667 2 293.1 204.3 39.6 31.7
6.600000 2 293.4 205.3 39.6 31.7
6.633333 2 294.0 206.2 39.2 31.2
6.666667 2 294.1 206.9 39.7 31.8
6.700000 2 294.2 207.0 39.7 31.8
6.733333 2 294.3 208.1 39.7 31.8
6.766667 2 294.4 208.2 39.7 31.8
6.800000 2 295.1 209.5 39.4 31.3
6.833333 2 295.0 209.9 39.5 31.4
6.866667 2 295.1 210.2 39.7 31.8
6.900000 2 295.1 211.1 39.8 31.9
6.933333 2 295.1 211.2 39.8 32.0
6.966667 2 295.2 212.1 39.9 32.0
7.000000 2 295.1 212.3 40.1 32.2
7.033333 2 295.5 213.5 39.8 31.8
7.066667 2 295.6 213.6 39.7 31.7
7.100000 2 296.0 214.4 39.9 31.9
7.133333 2 296.0 214.7 39.9 32.0
7.166667 2 296.1 215.5 40.0 32.1
7.200000 2 296.1 216.2 39.9 32.0
7.233333 2 296.2 217.0 39.7 31.9
7.266667 2 296.0 217.3 40.1 32.2
7.300000 2 296.0 218.3 40.1 32.2
7.333333 2 296.1 219.2 40.1 32.2
7.366667 2 296.1 219.3 40.1 32.2
7.400000 2 296.0 220.6 39.8 31.7
7.433333 2 296.1 221.5 39.9 31.8
7.466667 2 296.3 222.2 39.4 31.4
7.500000 2 296.3 223.2 39.4 31.5
7.533333 2 296.5 224.1 39.4 31.5
7.566667 2 296.4 225.1 39.4 31.5
7.600000 2 296.4 226.1 39.5 31.5
7.633333 2 296.4 227.1 39.4 31.5
7.666667 2 296.3 228.2 39.4 31.5
7.700000 2 296.1 228.6 40.0 31.9
7.733333 2 296.1 229.6 39.9 31.9
7.766667 2 296.3 230.4 39.5 31.5
7.800000 2 296.2 231.4 39.4 31.3
7.833333 2 296.2 232.0 39.5 31.4
7.866667 2 296.0 233.0 39.4 31.1
7.900000 2 295.8 233.6 39.6 31.4
7.933333 2 295.9 235.1 39.4 31.3
7.966667 2 295.9 235.5 39.0 30.8
8.000000 2 295.8 236.7 39.1 30.9
8.033333 2 295.6 237.4 39.2 31.0
8.066667 2 294.8 238.5 39.5 31.4
8.100000 2 295.0 239.3 39.3 31.2
8.133333 2 294.8 240.5 39.0 30.8
8.166667 2 294.6 241.0 39.4 31.1
8.200000 2 294.7 242.4 39.2 31.0
8.233333 2 294.3 242.8 39.8 31.6
8.266667 2 294.1 243.9 39.7 31.5
8.300000 2 293.9 244.7 39.7 31.3
8.333333 2 294.2 246.3 39.3 31.1
8.366667 2 293.9 246.8 39.6 31.3
8.400000 2 293.6 248.1 39.4 31.2
8.433333 2 293.6 249.4 39.3 31.2
8.466667 2 293.1 249.5 39.9 31.8
8.500000 2 293.2 251.4 39.5 31.4
8.533333 2 293.0 251.6 39.8 31.5
8.566667 2 292.9 253.4 39.1 31.0
8.600000 2 292.7 253.7 39.8 31.6
8.633333 2 292.3 255.2 39.6 31.6
8.666667 2 292.1 256.6 40.0 31.8
8.700000 2 291.9 257.0 40.1 32.2
8.733333 2 291.8 259.1 39.5 31.3
8.766667 2 291.7 259.6 39.6 31.4
8.800000 2 291.3 260.7 40.2 32.3
8.833333 2 290.7 261.8 40.7 32.7
8.866667 2 291.2 263.3 39.8 31.5
8.900000 2 290.5 264.2 40.5 32.3
8.933333 2 290.7 266.1 39.9 31.8
8.966667 2 290.5 267.0 39.7 31.5
9.000000 2 290.1 268.4 39.6 31.3
9.033333 2 289.2 269.6 40.2 31.8
9.066667 2 289.2 270.4 40.0 31.7
9.100000 2 288.4 271.3 40.4 32.1
9.133333 2 288.6 272.3 39.9 31.7
9.166667 2 288.0 273.5 40.0 31.6
9.200000 2 287.4 274.3 40.6 32.2
9.233333 2 286.5 275.2 41.1 32.6
9.266667 2 286.7 276.2 40.3 31.8
9.300000 2 286.1 277.1 40.3 31.9
9.333333 2 285.8 277.8 40.4 32.0
9.366667 2 284.9 278.4 40.8 32.3
9.400000 2 285.0 278.8 40.4 32.1
9.433333 2 284.5 280.1 40.0 31.6
9.466667 2 283.4 280.5 40.5 32.0
9.500000 2 283.4 281.1 40.1 31.7
9.533333 2 282.4 281.5 40.4 32.0
9.566667 2 281.7 282.1 40.7 32.3
9.600000 2 281.3 282.5 40.5 32.0
9.633333 2 280.7 283.2 40.0 31.6
9.666667 2 280.0 283.3 40.7 32.1
9.700000 2 279.6 284.2 39.8 31.4
9.733333 2 278.4 284.2 40.3 31.9
9.766667 2 277.6 284.3 40.9 32.5
9.800000 2 277.0 285.0 40.4 31.9
9.833333 2 276.3 284.9 40.9 32.6
9.866667 2 275.2 285.0 41.1 32.8
9.900000 2 274.9 285.8 40.4 32.0
9.933333 2 273.8 285.8 40.8 32.5
9.966667 2 273.0 285.9 41.3 33.0
10.000000 2 272.2 286.2 41.1 32.9
10.033333 2 271.4 286.8 40.7 32.5
10.066667 2 270.8 286.8 40.7 32.4
10.100000 2 270.2 286.9 40.7 32.4
10.133333 2 269.6 286.8 40.8 32.5
10.166667 2 268.8 286.7 40.7 32.4
