0.000000 2 341.2 70.7 43.3 30.3
0.033333 2 341.3 70.6 43.3 30.3
0.066667 2 341.1 71.0 43.8 30.8
0.100000 2 342.0 71.4 43.4 30.4
0.133333 2 341.9 71.9 43.6 30.7
0.166667 2 342.1 72.2 43.5 30.6
0.200000 2 342.1 73.2 43.5 30.6
0.233333 2 342.1 73.2 43.5 30.6
0.266667 2 342.1 74.2 43.4 30.5
0.300000 2 342.1 74.9 43.5 30.6
0.333333 2 342.1 75.8 43.5 30.6
0.366667 2 342.1 75.8 43.4 30.6
0.400000 2 342.2 77.4 43.3 30.4
0.433333 2 342.2 77.3 43.3 30.5
0.466667 2 342.1 78.3 43.4 30.5
0.500000 2 342.0 79.1 43.6 30.8
0.533333 2 342.1 79.6 43.5 30.7
0.566667 2 341.2 81.4 43.6 30.8
0.600000 2 341.1 81.5 43.5 30.8
0.633333 2 341.0 82.6 43.5 30.7
0.666667 2 339.9 84.1 43.9 31.1
0.700000 2 339.9 84.5 43.9 31.1
0.733333 2 339.8 85.8 43.9 31.1
0.766667 2 339.3 87.7 44.0 31.3
0.800000 2 339.3 87.7 44.0 31.3
0.833333 2 338.4 90.1 43.8 31.0
0.866667 2 338.3 91.5 43.7 31.0
0.900000 2 338.2 92.5 43.9 31.1
0.933333 2 337.4 94.5 43.6 30.9
0.966667 2 336.2 96.5 43.9 31.1
1.000000 2 336.1 97.8 43.3 30.4
1.033333 2 335.4 100.8 42.7 29.8
1.066667 2 335.3 101.2 42.9 30.0
1.100000 2 334.5 103.1 42.8 29.9
1.133333 2 334.1 104.1 42.7 29.8
1.166667 2 333.2 106.0 42.7 29.8
1.200000 2 332.8 106.2 43.1 30.3
1.233333 2 332.2 108.0 43.2 30.3
1.266667 2 332.2 108.1 43.2 30.3
1.300000 2 331.6 110.6 42.7 29.8
1.333333 2 331.6 110.6 42.7 29.8
1.366667 2 331.7 112.2 42.7 29.9
1.400000 2 330.9 113.8 42.5 29.7
1.433333 2 329.9 114.4 42.8 30.0
1.466667 2 329.3 115.4 42.9 30.0
1.500000 2 328.9 116.2 42.9 30.0
1.533333 2 329.0 116.8 42.6 29.8
1.566667 2 328.2 117.2 43.0 30.1
1.600000 2 328.2 117.7 42.9 30.0
1.633333 2 328.1 117.7 42.9 30.1
1.666667 2 328.0 117.9 42.9 30.1
1.700000 2 328.0 117.9 42.9 30.1
1.733333 2 328.0 117.9 42.9 30.1
1.766667 2 328.0 117.7 42.9 30.1
1.800000 2 328.8 117.7 42.8 29.9
1.833333 2 328.7 117.1 42.9 30.0
1.866667 2 329.7 116.0 43.0 30.0
1.900000 2 329.9 116.0 42.9 30.0
1.933333 2 331.1 115.0 43.1 30.2
1.966667 2 332.1 114.0 43.3 30.3
2.000000 2 333.2 113.7 43.1 30.3
2.033333 2 334.8 112.6 43.0 30.3
2.066667 2 336.1 111.6 43.1 30.3
2.100000 2 336.9 111.4 43.1 30.1
2.133333 2 338.8 109.9 43.1 30.2
2.166667 2 340.6 108.7 42.9 30.2
2.200000 2 341.4 108.3 43.1 30.2
2.233333 2 343.2 106.9 43.1 30.3
2.266667 2 343.9 106.7 43.2 30.4
2.300000 2 345.8 105.6 43.0 30.2
2.333333 2 346.7 105.4 43.4 30.7
2.366667 2 347.6 104.7 43.7 30.9
2.400000 2 348.3 104.4 44.0 31.4
2.433333 2 349.9 103.6 44.0 31.2
2.466667 2 351.2 102.7 44.2 31.5
2.500000 2 352.1 102.8 44.0 31.2
2.533333 2 353.3 102.4 44.1 31.4
2.566667 2 354.6 102.5 44.0 31.3
2.600000 2 356.3 101.7 44.1 31.4
2.633333 2 356.8 101.8 44.0 31.2
2.666667 2 357.7 101.7 44.0 31.3
2.700000 2 358.1 101.5 44.4 31.6
2.733333 2 359.7 100.9 44.1 31.4
2.766667 2 360.7 100.8 44.1 31.4
2.800000 2 360.9 100.8 44.1 31.3
2.833333 2 361.9 100.8 44.2 31.5
2.866667 2 364.1 100.1 44.1 31.4
2.900000 2 364.1 100.1 44.1 31.4
2.933333 2 365.8 100.1 44.0 31.3
2.966667 2 365.9 100.1 44.0 31.3
3.000000 2 367.9 99.7 44.0 31.1
3.033333 2 368.2 99.6 44.0 31.1
3.066667 2 369.1 99.6 44.0 31.1
3.100000 2 370.2 99.3 44.0 31.2
3.133333 2 370.5 99.3 43.9 31.2
3.166667 2 371.4 99.1 43.9 31.1
3.200000 2 372.5 99.1 43.9 31.1
3.233333 2 372.5 99.1 43.9 31.1
3.266667 2 373.6 98.9 43.9 31.0
3.300000 2 374.6 98.7 43.8 30.9
3.333333 2 374.8 98.7 43.6 30.8
3.366667 2 376.3 98.2 43.6 30.6
3.400000 2 377.2 98.2 43.7 30.7
3.433333 2 378.2 98.1 43.7 30.8
3.466667 2 378.6 97.9 43.8 30.7
3.500000 2 379.7 98.1 43.5 30.4
3.533333 2 379.7 98.1 43.5 30.4
3.566667 2 380.5 98.3 43.5 30.4
3.600000 2 380.6 98.2 43.6 30.5
3.633333 2 381.8 98.0 43.7 30.6
3.666667 2 381.8 98.1 43.7 30.6
3.700000 2 383.0 98.1 43.8 30.8
3.733333 2 383.9 98.8 43.7 30.6
3.766667 2 384.0 99.1 43.9 30.8
3.800000 2 384.2 99.9 43.7 30.7
3.833333 2 384.5 100.0 43.7 30.6
3.866667 2 385.4 100.8 43.3 30.2
3.900000 2 385.1 101.0 43.6 30.5
3.933333 2 386.0 101.0 43.7 30.6
3.966667 2 385.9 101.2 43.7 30.6
4.000000 2 386.8 101.3 43.6 30.5
4.033333 2 386.9 101.4 43.6 30.4
4.066667 2 387.0 102.0 43.4 30.3
4.100000 2 387.0 102.8 43.5 30.5
4.133333 2 387.7 102.8 43.6 30.5
4.166667 2 387.9 103.4 43.7 30.6
4.200000 2 388.3 103.7 43.5 30.5
4.233333 2 388.3 104.3 43.4 30.3
4.266667 2 388.5 105.1 43.5 30.5
4.300000 2 388.6 105.1 43.6 30.5
4.333333 2 388.6 106.0 43.6 30.6
4.366667 2 388.6 107.0 43.5 30.6
4.400000 2 388.8 107.0 43.6 30.6
4.433333 2 388.9 108.0 43.5 30.6
4.466667 2 389.0 108.6 43.5 30.7
4.500000 2 389.0 109.3 43.5 30.7
4.533333 2 389.0 109.8 43.5 30.6
4.566667 2 389.0 110.3 43.5 30.7
4.600000 2 389.0 111.2 43.4 30.5
4.633333 2 388.7 112.2 43.4 30.5
4.666667 2 388.7 112.5 43.5 30.7
4.700000 2 388.7 112.6 43.4 30.7
4.733333 2 388.6 113.6 43.4 30.7
4.766667 2 388.6 113.7 43.4 30.6
4.800000 2 388.5 114.8 43.3 30.6
4.833333 2 387.8 115.2 43.4 30.6
4.866667 2 387.8 115.5 43.4 30.7
4.900000 2 387.6 116.4 43.4 30.7
4.933333 2 387.5 116.4 43.4 30.6
4.966667 2 387.0 117.4 43.5 30.7
5.000000 2 386.9 117.5 43.4 30.7
5.033333 2 386.8 118.3 43.3 30.3
5.066667 2 386.0 118.6 43.4 30.6
5.100000 2 386.1 119.0 43.3 30.4
5.133333 2 386.1 119.3 43.3 30.3
5.166667 2 385.8 119.5 43.4 30.6
5.200000 2 385.7 119.6 43.4 30.6
5.233333 2 385.8 120.3 43.2 30.2
5.266667 2 385.7 120.3 43.1 30.1
5.300000 2 385.0 120.4 43.3 30.3
5.333333 2 384.6 120.6 43.3 30.5
5.366667 2 384.6 120.7 43.2 30.5
5.400000 2 384.6 120.8 43.1 30.3
5.433333 2 384.6 120.8 43.1 30.3
5.466667 2 383.9 121.3 43.2 30.3
5.500000 2 383.8 121.5 43.2 30.4
5.533333 2 383.4 122.3 43.0 30.0
5.566667 2 383.3 122.2 43.1 30.1
5.600000 2 382.7 123.2 43.0 30.0
5.633333 2 382.7 123.2 43.0 30.0
5.666667 2 382.2 123.8 43.2 30.4
5.700000 2 382.2 124.0 43.1 30.2
5.733333 2 381.5 125.1 42.9 30.0
5.766667 2 381.3 125.3 43.1 30.1
5.800000 2 381.1 125.6 43.2 30.4
5.833333 2 380.9 125.7 43.2 30.4
5.866667 2 380.2 126.8 43.2 30.3
5.900000 2 379.6 127.4 43.3 30.3
5.933333 2 379.2 128.0 43.3 30.3
5.966667 2 379.1 128.0 43.4 30.5
6.000000 2 378.9 128.4 43.5 30.4
6.033333 2 378.1 129.3 43.7 30.7
6.066667 2 378.1 129.4 43.5 30.5
6.100000 2 377.8 130.0 43.4 30.4
6.133333 2 377.2 130.9 43.2 30.2
6.166667 2 376.8 131.0 43.6 30.5
6.200000 2 376.7 131.9 43.3 30.3
6.233333 2 375.7 132.5 43.4 30.3
6.266667 2 375.7 132.5 43.4 30.3
6.300000 2 374.8 133.4 43.5 30.5
6.333333 2 374.6 134.2 43.5 30.4
6.366667 2 374.6 134.2 43.5 30.4
6.400000 2 373.6 135.1 43.6 30.5
6.433333 2 373.6 135.2 43.6 30.5
6.466667 2 372.9 136.1 43.4 30.3
6.500000 2 372.2 136.6 43.3 30.2
6.533333 2 371.7 137.0 43.4 30.3
6.566667 2 371.4 137.0 43.4 30.4
6.600000 2 370.7 137.5 43.4 30.4
6.633333 2 370.7 137.7 43.3 30.4
6.666667 2 370.0 138.1 43.3 30.2
6.700000 2 369.3 138.5 43.3 30.2
6.733333 2 368.8 138.7 43.3 30.4
6.766667 2 368.4 139.0 43.4 30.4
6.800000 2 367.8 139.7 43.3 30.4
6.833333 2 367.8 139.7 43.3 30.4
6.866667 2 367.0 140.1 43.3 30.2
6.900000 2 366.9 140.4 43.4 30.3
6.933333 2 366.3 141.0 43.4 30.4
6.966667 2 366.2 141.0 43.4 30.4
7.000000 2 365.8 141.5 43.4 30.3
7.033333 2 365.1 142.0 43.8 30.8
7.066667 2 365.1 142.1 43.7 30.7
7.100000 2 364.8 142.7 43.3 30.3
7.133333 2 363.9 143.3 43.8 30.6
7.166667 2 363.6 143.8 43.4 30.4
7.200000 2 363.3 143.8 43.6 30.6
7.233333 2 362.8 145.0 43.7 30.6
7.266667 2 362.7 145.1 43.8 30.6
7.300000 2 362.2 145.8 43.5 30.5
7.333333 2 361.7 146.5 43.6 30.5
7.366667 2 361.4 146.7 43.8 30.8
7.400000 2 361.2 147.9 43.3 30.2
7.433333 2 360.8 148.9 43.3 30.3
7.466667 2 360.0 149.9 43.3 30.2
7.500000 2 359.4 150.8 43.4 30.4
7.533333 2 359.1 151.6 43.4 30.3
7.566667 2 358.4 152.5 43.6 30.5
7.600000 2 357.9 153.6 43.6 30.5
7.633333 2 357.1 153.6 44.1 31.2
7.666667 2 356.8 154.5 43.7 30.5
7.700000 2 356.1 154.7 43.8 30.8
7.733333 2 355.6 155.3 44.0 30.8
7.766667 2 355.2 155.5 43.9 30.8
7.800000 2 354.6 155.8 43.7 30.5
7.833333 2 354.3 155.7 43.8 30.8
7.866667 2 353.5 155.4 43.9 30.7
7.900000 2 352.8 154.8 44.1 31.0
7.933333 2 352.2 154.0 44.3 31.2
7.966667 2 352.0 153.8 43.6 30.4
8.000000 2 351.5 152.3 44.0 30.8
8.033333 2 351.2 151.3 44.0 30.9
8.066667 2 350.8 149.8 44.2 31.1
8.100000 2 350.6 148.8 44.1 30.9
8.133333 2 350.4 146.8 44.1 31.0
8.166667 2 350.6 144.7 43.7 30.5
8.200000 2 350.5 143.6 43.7 30.6
8.233333 2 350.3 140.7 44.1 31.1
8.266667 2 350.4 138.3 44.0 30.9
8.300000 2 350.2 136.7 44.4 31.3
8.333333 2 350.7 134.6 43.7 30.6
8.366667 2 350.4 132.8 44.3 31.2
8.400000 2 350.8 130.2 44.2 31.0
8.433333 2 351.1 127.0 44.3 31.2
8.466667 2 351.4 125.7 43.9 30.8
8.500000 2 351.7 122.7 43.9 30.8
8.533333 2 352.2 119.3 44.0 31.0
8.566667 2 352.4 117.7 44.3 31.2
8.600000 2 352.9 114.7 43.9 30.8
8.633333 2 353.5 111.2 44.1 31.0
8.666667 2 353.9 107.7 44.5 31.6
8.700000 2 354.5 106.4 43.9 30.7
8.733333 2 354.8 102.8 44.5 31.5
8.766667 2 355.5 100.0 44.3 31.1
8.800000 2 356.1 98.6 43.6 30.5
8.833333 2 356.7 95.2 44.1 30.8
8.866667 2 357.2 92.1 44.2 31.0
8.900000 2 357.7 90.9 43.8 30.7
8.933333 2 358.4 87.8 43.8 30.7
8.966667 2 358.7 86.7 43.6 30.5
9.000000 2 359.2 83.8 43.6 30.5
9.033333 2 359.4 82.7 43.6 30.5
9.066667 2 360.0 79.8 43.7 30.6
9.100000 2 360.5 77.8 43.6 30.5
9.133333 2 360.3 76.0 44.3 31.1
9.166667 2 360.9 73.8 44.3 31.2
9.200000 2 361.2 72.8 43.8 30.8
9.233333 2 361.9 70.7 43.6 30.5
9.266667 2 361.8 68.0 44.1 31.0
9.300000 2 362.7 66.1 43.3 30.2
9.333333 2 363.2 64.1 43.3 30.2
9.366667 2 363.5 62.9 43.1 30.1
9.400000 2 363.8 60.9 43.5 30.6
9.433333 2 364.5 58.7 43.2 30.1
9.466667 2 364.8 56.4 43.5 30.5
9.500000 2 365.0 55.5 43.5 30.4
9.533333 2 365.4 53.2 43.8 30.8
9.566667 2 365.7 52.2 43.7 30.6
9.600000 2 366.2 50.1 43.9 30.9
9.633333 2 367.2 48.7 43.3 30.2
9.666667 2 367.0 47.1 43.9 31.0
9.700000 2 367.8 45.3 43.8 30.7
9.733333 2 368.6 42.9 43.7 30.7
9.766667 2 368.7 42.1 43.9 30.8
9.800000 2 369.6 39.9 43.5 30.6
9.833333 2 370.4 37.7 43.7 30.8
9.866667 2 371.2 36.0 43.3 30.3
9.900000 2 371.7 34.9 43.4 30.4
9.933333 2 372.6 32.9 43.4 30.5
9.966667 2 373.5 30.9 43.2 30.4
10.000000 2 374.0 30.0 43.0 30.0
10.033333 2 375.0 28.0 43.0 30.0
