0.000000 2 277.9 198.9 33.2 33.2
0.033333 2 276.5 199.3 32.4 32.4
0.066667 2 270.8 197.2 36.7 36.7
0.100000 2 268.9 197.5 36.3 36.3
0.133333 2 265.0 197.4 36.4 36.4
0.166667 2 261.8 198.3 34.0 34.0
0.200000 2 259.6 197.7 35.1 35.1
0.233333 2 258.2 200.6 28.4 28.4
0.266667 2 256.1 200.4 28.6 28.6
0.300000 2 250.6 198.3 31.7 31.7
0.333333 2 246.1 198.5 31.0 31.0
0.366667 2 243.8 197.6 31.9 31.9
0.400000 2 238.9 197.1 31.9 31.9
0.433333 2 233.6 195.2 34.5 34.5
0.466667 2 231.6 195.8 32.8 32.8
0.500000 2 228.0 195.9 31.0 31.0
0.533333 2 225.2 195.2 32.3 32.3
0.566667 2 222.5 196.7 27.6 27.6
0.600000 2 217.5 193.8 33.2 33.2
0.633333 2 215.7 195.6 27.4 27.4
0.666667 2 211.8 195.8 25.3 25.3
0.700000 2 205.9 192.0 32.6 32.6
0.733333 2 203.8 193.8 27.1 27.1
0.766667 2 200.9 192.7 28.3 28.3
0.800000 2 194.4 190.3 32.0 32.0
0.833333 2 190.4 189.9 30.6 30.6
0.866667 2 189.6 191.6 26.4 26.4
0.900000 2 185.3 190.7 25.9 25.9
0.933333 2 181.0 188.3 30.0 30.0
0.966667 2 175.4 186.7 31.6 31.6
1.000000 2 175.5 188.3 26.4 26.4
1.033333 2 170.5 187.2 26.4 26.4
1.066667 2 169.0 187.1 24.9 24.9
1.100000 2 163.7 185.7 25.3 25.3
1.133333 2 161.8 185.1 24.9 24.9
1.166667 2 154.6 181.0 30.6 30.6
1.200000 2 154.3 182.3 26.2 26.2
1.233333 2 149.3 180.4 27.0 27.0
1.266667 2 145.0 178.3 27.4 27.4
1.300000 2 143.3 178.2 26.2 26.2
1.333333 2 140.0 177.7 23.5 23.5
1.366667 2 138.0 176.8 23.1 23.1
1.400000 2 133.7 174.9 23.4 23.4
1.433333 2 129.8 173.0 23.1 23.1
1.466667 2 127.4 171.7 23.7 23.7
1.500000 2 123.2 169.5 24.2 24.2
1.533333 2 121.0 168.4 24.5 24.5
1.566667 2 117.0 166.3 24.7 24.7
1.600000 2 115.6 165.7 23.5 23.5
1.633333 2 110.4 162.0 26.5 26.5
1.666667 2 107.8 159.9 28.2 28.2
1.700000 2 106.0 159.4 24.4 24.4
1.733333 2 104.1 158.2 24.3 24.3
1.766667 2 98.5 153.6 29.1 29.1
1.800000 2 97.8 153.8 25.7 25.7
1.833333 2 94.1 150.6 27.4 27.4
1.866667 2 92.1 149.2 24.6 24.6
1.900000 2 89.6 147.1 26.5 26.5
1.933333 2 87.4 145.3 24.7 24.7
1.966667 2 86.6 144.4 24.0 24.0
2.000000 2 83.8 141.9 23.3 23.3
2.033333 2 79.3 137.5 29.7 29.7
2.066667 2 78.9 137.1 24.5 24.5
2.100000 2 76.8 134.5 27.5 27.5
2.133333 2 73.9 131.4 27.6 27.6
2.166667 2 74.7 131.8 23.6 23.6
2.200000 2 72.2 128.5 24.3 24.3
2.233333 2 68.3 124.1 27.9 27.9
2.266667 2 68.3 122.6 24.2 24.2
2.300000 2 66.7 120.4 25.7 25.7
2.333333 2 63.9 116.2 28.0 28.0
2.366667 2 64.2 114.5 24.6 24.5
2.400000 2 62.3 110.5 25.7 25.7
2.433333 2 62.0 109.3 25.0 25.0
2.466667 2 61.5 106.2 24.3 24.3
2.500000 2 60.3 103.9 25.9 25.9
2.533333 2 61.1 101.9 23.3 23.3
2.566667 2 60.0 99.0 25.6 25.6
2.600000 2 60.0 96.3 24.8 24.8
2.633333 2 58.1 92.6 29.0 29.0
2.666667 2 60.4 91.7 23.9 23.9
2.700000 2 60.4 88.0 24.5 24.5
2.733333 2 60.9 86.7 23.8 23.8
2.766667 2 61.1 82.6 25.2 25.2
2.800000 2 62.1 79.3 25.1 25.1
2.833333 2 60.9 75.8 28.5 28.5
2.866667 2 64.5 74.5 24.0 24.0
2.900000 2 63.9 71.5 26.7 26.7
2.933333 2 63.5 65.7 31.1 31.1
2.966667 2 65.8 65.2 28.3 28.3
3.000000 2 68.7 62.4 26.5 26.5
3.033333 2 69.4 60.2 27.4 27.4
3.066667 2 71.3 55.6 29.3 29.3
3.100000 2 76.5 54.2 24.4 24.4
3.133333 2 76.6 51.2 26.7 26.7
3.166667 2 79.0 46.5 28.0 28.0
3.200000 2 79.4 43.0 30.6 30.6
3.233333 2 84.2 40.3 27.1 27.1
3.266667 2 87.1 39.2 24.7 24.7
3.300000 2 88.5 32.5 29.0 29.0
3.333333 2 92.5 32.5 24.1 24.1
3.366667 2 94.1 25.8 28.4 28.4
3.400000 2 97.8 21.2 28.2 28.2
3.433333 2 101.7 16.2 28.1 28.1
3.466667 2 106.0 16.0 23.0 23.0
3.500000 2 281.1 149.1 25.6 18.4
3.533333 2 280.6 145.4 25.5 18.4
3.566667 2 280.4 141.8 25.1 18.1
3.600000 2 280.2 138.1 25.5 18.4
3.633333 2 280.3 134.7 25.2 18.2
3.666667 2 280.4 132.6 25.6 18.7
3.700000 2 280.8 129.6 25.3 18.2
3.733333 2 281.3 127.8 25.1 18.2
3.766667 2 281.7 124.6 25.3 18.3
3.800000 2 282.2 122.9 25.3 18.3
3.833333 2 283.0 119.8 25.3 18.5
3.866667 2 283.8 116.8 25.4 18.5
3.900000 2 284.5 115.5 25.5 18.6
3.933333 2 285.4 112.8 25.7 18.8
3.966667 2 286.2 111.9 25.5 18.5
4.000000 2 287.3 109.2 25.8 18.9
4.033333 2 287.8 108.0 25.8 18.8
4.066667 2 289.3 105.6 25.8 18.9
4.100000 2 290.3 104.8 25.1 18.1
4.133333 2 291.8 101.9 25.4 18.3
4.166667 2 293.3 98.9 25.9 18.9
4.200000 2 294.3 97.4 25.7 18.9
4.233333 2 296.3 94.4 25.7 18.8
4.266667 2 298.0 91.1 25.6 18.5
4.300000 2 299.3 89.8 25.1 18.1
4.333333 2 301.1 86.1 25.8 18.7
4.366667 2 303.4 82.5 25.8 18.9
4.400000 2 304.6 81.0 25.6 18.5
4.433333 2 307.1 77.7 25.2 18.3
4.466667 2 309.2 74.0 26.0 19.1
4.500000 2 310.8 72.6 25.3 18.3
4.533333 2 313.2 69.3 25.4 18.4
4.566667 2 314.4 67.4 25.6 18.8
4.600000 2 316.9 64.3 25.5 18.6
4.633333 2 319.3 60.8 25.9 18.9
4.666667 2 320.8 59.4 25.4 18.3
4.700000 2 323.2 56.1 25.8 18.8
4.733333 2 324.6 54.7 25.4 18.5
4.766667 2 327.1 51.5 25.4 18.4
4.800000 2 329.1 48.0 25.9 18.9
4.833333 2 330.5 46.5 25.6 18.6
4.866667 2 332.6 43.6 25.5 18.5
4.900000 2 333.6 42.0 25.6 18.5
4.933333 2 335.6 39.0 25.6 18.5
4.966667 2 337.2 35.8 26.0 19.1
5.000000 2 338.2 34.3 25.8 18.9
5.033333 2 339.2 33.1 25.4 18.3
5.066667 2 340.7 30.1 25.4 18.3
5.100000 2 342.1 27.0 25.6 18.6
5.133333 2 343.2 23.8 26.1 19.0
5.166667 2 344.1 22.7 25.2 18.3
5.200000 2 345.0 19.9 25.5 18.5
5.233333 2 345.8 17.1 25.6 18.6
5.266667 2 346.2 15.8 25.5 18.6
5.300000 2 346.7 13.2 25.5 18.4
5.333333 2 347.0 12.0 25.5 18.5
5.366667 2 347.2 9.1 25.9 19.0
5.400000 2 347.4 8.1 25.8 18.9
5.433333 2 348.0 6.0 25.0 18.0
5.466667 2 406.1 8.9 28.1 20.2
5.500000 2 406.2 8.8 28.3 20.4
5.533333 2 404.3 6.4 32.6 23.8
5.566667 2 404.5 6.6 32.1 23.5
5.600000 2 404.6 9.6 32.0 18.7
5.633333 2 404.6 8.9 32.0 19.6
5.666667 2 406.7 8.1 27.0 17.6
5.700000 2 404.9 7.4 30.0 18.8
5.733333 2 404.2 6.6 30.0 19.5
5.766667 2 405.7 7.4 27.0 16.1
5.800000 2 403.4 5.1 30.0 20.0
5.833333 2 405.0 5.9 26.0 16.7
5.866667 2 403.4 8.1 27.0 14.3
5.900000 2 403.7 8.1 27.0 14.2
5.933333 2 401.5 8.1 29.0 14.2
5.966667 2 398.5 7.4 32.0 15.9
6.000000 2 399.3 6.6 29.0 15.3
6.033333 2 396.6 8.1 31.0 14.9
6.066667 2 395.4 5.9 32.0 18.1
6.100000 2 395.3 5.9 29.0 16.8
6.133333 2 395.4 7.4 27.0 14.0
6.166667 2 393.1 6.6 28.0 15.5
6.200000 2 391.6 5.9 27.0 16.3
6.233333 2 389.3 6.6 29.0 16.7
6.266667 2 385.4 7.4 32.0 18.8
6.300000 2 384.4 8.1 32.0 18.1
6.333333 2 384.2 8.9 28.0 18.2
6.366667 2 379.3 7.1 32.7 23.6
6.400000 2 379.8 9.3 29.0 20.6
6.433333 2 376.8 11.3 29.0 20.6
6.466667 2 374.7 11.2 30.7 22.2
6.500000 2 370.6 12.2 32.2 22.9
6.533333 2 371.1 14.2 28.2 20.1
6.566667 2 366.1 13.8 31.6 23.0
6.600000 2 364.3 16.3 27.9 19.8
6.633333 2 358.7 15.5 32.1 22.4
6.666667 2 357.5 16.0 31.0 21.5
6.700000 2 354.1 16.4 29.9 20.8
6.733333 2 350.7 16.7 28.9 20.2
6.766667 2 347.0 16.6 28.3 19.7
6.800000 2 345.2 16.2 27.9 19.9
6.833333 2 340.8 15.4 28.7 20.4
6.866667 2 339.4 15.6 27.5 19.4
6.900000 2 335.1 14.7 28.2 20.0
6.933333 2 333.7 15.1 27.0 18.7
6.966667 2 329.5 14.0 27.5 19.5
7.000000 2 324.9 12.6 29.2 21.2
7.033333 2 322.6 12.2 29.9 21.3
7.066667 2 318.6 11.5 30.6 21.9
7.100000 2 318.3 12.3 27.6 19.7
7.133333 2 313.8 11.3 29.6 20.7
7.166667 2 311.3 11.3 27.5 19.6
7.200000 2 306.8 10.5 29.7 20.6
7.233333 2 305.2 10.4 29.5 20.6
7.266667 2 301.3 9.0 30.7 22.4
7.300000 2 302.2 11.0 26.0 18.2
7.333333 2 297.1 9.4 29.7 21.1
7.366667 2 296.1 9.4 28.8 20.5
7.400000 2 293.0 9.3 29.1 20.7
7.433333 2 289.0 8.0 31.2 22.6
7.466667 2 289.9 9.9 26.6 18.6
7.500000 2 286.2 9.1 28.6 20.3
7.533333 2 285.9 9.9 26.7 18.7
7.566667 2 281.2 8.6 31.2 21.8
7.600000 2 280.5 9.3 30.0 21.0
7.633333 2 280.0 10.9 26.6 18.6
7.666667 2 277.8 10.5 28.6 20.0
7.700000 2 273.9 9.6 31.8 23.2
7.733333 2 272.9 10.2 31.8 22.6
7.766667 2 270.9 11.1 31.8 22.8
7.800000 2 269.0 11.6 31.6 23.1
7.833333 2 268.6 12.9 30.8 21.5
7.866667 2 269.0 15.0 26.6 18.6
7.900000 2 265.0 13.7 31.4 22.7
7.933333 2 264.0 13.9 31.5 22.8
7.966667 2 263.8 15.1 29.3 21.2
8.000000 2 262.2 14.9 31.0 22.0
8.033333 2 263.2 17.0 26.3 18.2
8.066667 2 261.3 16.8 27.7 19.2
8.100000 2 260.3 16.5 28.4 19.9
8.133333 2 259.9 16.7 27.0 19.3
8.166667 2 258.7 16.5 27.3 19.8
8.200000 2 256.7 16.1 30.1 21.0
8.233333 2 255.6 15.9 30.3 21.2
8.266667 2 255.4 16.3 29.1 20.3
8.300000 2 255.3 16.4 28.4 19.9
8.333333 2 253.3 15.2 30.9 22.2
8.366667 2 255.2 17.1 26.4 18.3
8.400000 2 252.2 15.1 30.9 22.4
8.433333 2 254.2 17.1 26.4 18.4
8.466667 2 251.7 15.4 30.3 21.8
8.500000 2 252.4 16.5 28.3 19.8
8.533333 2 251.3 16.3 29.4 20.7
8.566667 2 251.7 17.2 27.7 19.3
8.600000 2 252.4 17.8 25.8 18.2
8.633333 2 250.5 16.7 28.9 20.4
8.666667 2 251.2 17.8 26.6 18.7
8.700000 2 251.2 18.1 26.1 18.6
8.733333 2 249.3 17.5 29.2 20.4
8.766667 2 249.1 17.6 29.0 20.5
8.800000 2 250.8 19.0 25.2 17.7
8.833333 2 250.8 19.5 24.7 17.1
8.866667 2 248.5 17.8 28.8 20.7
8.900000 2 248.3 17.7 29.0 20.9
8.933333 2 248.4 18.0 28.4 20.3
8.966667 2 248.6 18.6 28.1 19.6
9.000000 2 248.9 19.0 27.3 18.9
9.033333 2 249.2 19.0 26.2 18.8
9.066667 2 248.1 18.7 27.9 19.7
9.100000 2 248.0 18.6 28.2 20.0
9.133333 2 247.3 18.7 28.8 20.3
9.166667 2 247.3 18.7 28.8 20.4
9.200000 2 247.3 18.8 28.6 20.6
9.233333 2 247.4 19.3 28.4 20.1
9.266667 2 248.0 19.8 27.0 19.6
9.300000 2 248.4 20.4 26.1 18.7
9.333333 2 249.1 21.6 24.4 17.1
9.366667 2 248.1 21.0 26.2 18.8
9.400000 2 247.1 21.2 27.8 19.6
9.433333 2 246.2 21.3 29.4 20.8
9.466667 2 247.0 22.4 27.3 19.2
9.500000 2 247.7 23.7 25.5 18.2
9.533333 2 248.3 24.4 24.2 17.0
9.566667 2 246.6 24.6 26.9 18.7
9.600000 2 244.7 24.2 30.1 21.3
9.633333 2 246.1 26.2 26.8 19.2
9.666667 2 246.9 27.4 25.1 17.5
9.700000 2 246.3 27.0 26.0 19.4
9.733333 2 244.2 27.3 29.4 20.5
9.766667 2 244.7 28.5 27.8 19.5
9.800000 2 245.6 29.1 25.9 19.2
9.833333 2 244.7 29.9 26.7 18.6
9.866667 2 243.5 29.4 28.8 20.3
9.900000 2 244.9 30.4 25.2 18.6
9.933333 2 244.6 30.6 25.2 18.4
9.966667 2 242.5 30.1 28.3 20.1
10.000000 2 244.5 31.6 23.8 17.0
10.033333 2 241.5 30.0 28.6 20.3
10.066667 2 242.0 31.0 26.0 18.0
