0.000000 2 409.0 145.0 30.0 21.0
0.033333 2 407.7 145.2 32.0 22.8
0.066667 2 406.7 146.7 32.0 23.0
0.100000 2 409.1 149.7 26.0 18.5
0.133333 2 408.2 151.6 25.9 18.5
0.166667 2 407.2 153.4 26.1 18.3
0.200000 2 404.6 152.6 30.7 22.1
0.233333 2 403.8 154.6 30.4 21.4
0.266667 2 404.0 156.0 28.8 20.5
0.300000 2 403.5 158.4 27.8 19.6
0.333333 2 400.7 157.5 32.5 23.4
0.366667 2 399.7 159.6 32.3 23.2
0.400000 2 398.7 161.7 32.4 23.2
0.433333 2 397.6 163.9 32.4 22.9
0.466667 2 399.1 166.0 28.2 20.5
0.500000 2 396.6 166.0 32.4 22.7
0.533333 2 395.6 168.1 32.3 22.6
0.566667 2 396.3 171.6 28.1 19.8
0.600000 2 394.1 171.2 31.7 22.8
0.633333 2 392.2 172.6 33.1 24.5
0.666667 2 394.6 176.1 27.1 19.3
0.700000 2 392.8 177.8 28.5 20.5
0.733333 2 389.6 178.6 32.7 23.3
0.766667 2 391.0 180.9 28.6 20.7
0.800000 2 389.9 183.5 28.5 20.1
0.833333 2 387.1 184.2 31.7 23.5
0.866667 2 388.6 187.6 27.1 19.0
0.900000 2 387.3 189.9 27.6 19.4
0.933333 2 384.4 188.8 32.3 24.1
0.966667 2 384.8 192.8 29.2 20.9
1.000000 2 382.2 192.4 33.4 24.6
1.033333 2 381.0 195.0 33.5 24.6
1.066667 2 382.9 198.1 28.7 20.6
1.100000 2 379.9 199.5 32.2 23.4
1.133333 2 380.6 202.1 29.7 20.8
1.166667 2 380.0 205.1 28.3 20.1
1.200000 2 377.3 204.7 33.0 23.7
1.233333 2 377.0 207.7 30.8 22.7
1.266667 2 376.8 211.1 28.9 21.3
1.300000 2 373.7 210.2 34.3 25.8
1.333333 2 372.8 213.2 33.5 25.2
1.366667 2 374.2 215.9 29.8 22.1
1.400000 2 371.9 217.9 32.3 23.6
1.433333 2 372.5 220.0 29.5 21.8
1.466667 2 371.4 222.9 29.7 21.1
1.500000 2 368.7 222.0 34.3 25.6
1.533333 2 367.9 225.3 33.7 24.0
1.566667 2 366.6 227.0 34.3 26.0
1.600000 2 368.7 230.9 29.0 20.5
1.633333 2 367.8 233.3 28.8 20.9
1.666667 2 366.5 235.6 29.4 21.1
1.700000 2 363.8 235.3 34.1 24.6
1.733333 2 363.0 238.3 33.8 24.1
1.766667 2 361.9 240.1 34.1 25.5
1.800000 2 361.5 241.2 34.4 25.8
1.833333 2 360.4 243.9 34.7 25.9
1.866667 2 360.0 246.9 33.9 24.7
1.900000 2 360.8 249.3 31.3 22.2
1.933333 2 358.5 250.3 34.5 25.7
1.966667 2 359.6 252.9 31.7 22.9
2.000000 2 358.5 255.5 31.8 23.3
2.033333 2 355.9 256.5 35.6 27.0
2.066667 2 356.7 260.8 32.7 23.7
2.100000 2 355.5 261.3 34.2 25.7
2.133333 2 354.2 263.8 35.3 25.7
2.166667 2 354.7 267.0 32.6 24.1
2.200000 2 354.3 268.5 33.4 23.6
2.233333 2 354.5 271.2 31.5 22.6
2.266667 2 352.5 272.2 34.6 24.9
2.300000 2 352.5 273.3 34.5 24.3
2.333333 2 354.4 276.6 29.9 21.0
2.366667 2 353.6 277.1 31.4 22.8
2.400000 2 353.9 279.0 30.4 21.4
2.433333 2 354.3 280.1 30.1 21.5
2.466667 2 352.1 278.8 35.2 26.4
2.500000 2 353.0 280.4 34.1 24.1
2.533333 2 353.5 280.8 33.1 24.3
2.566667 2 353.3 281.0 35.0 26.0
2.600000 2 355.2 282.9 32.7 23.7
2.633333 2 354.8 283.2 34.3 24.2
2.666667 2 355.6 283.9 35.0 25.0
2.700000 2 356.8 284.8 34.6 25.0
2.733333 2 358.7 286.4 31.6 23.0
2.766667 2 358.5 286.2 34.5 25.7
2.800000 2 362.4 289.3 29.6 21.2
2.833333 2 361.8 288.8 34.0 24.8
2.866667 2 363.7 290.4 31.7 22.5
2.900000 2 366.0 291.9 30.4 21.5
2.933333 2 366.9 292.3 30.6 21.6
2.966667 2 367.8 292.8 32.4 22.8
3.000000 2 368.3 292.6 33.4 24.6
3.033333 2 371.2 294.3 31.8 23.2
3.066667 2 372.1 294.4 32.7 23.9
3.100000 2 373.9 295.4 33.8 24.1
3.133333 2 376.2 296.3 33.6 24.1
3.166667 2 379.0 297.9 30.5 22.1
3.200000 2 380.1 297.9 33.5 24.5
3.233333 2 384.4 300.6 29.9 21.0
3.266667 2 384.0 299.5 33.5 24.7
3.300000 2 387.3 301.0 32.6 24.0
3.333333 2 388.9 301.6 32.5 23.6
3.366667 2 391.2 302.5 33.4 23.9
3.400000 2 394.1 303.6 33.4 23.8
3.433333 2 397.4 305.3 29.8 21.4
3.466667 2 400.3 306.1 30.1 21.6
3.500000 2 400.0 305.0 34.2 24.8
3.533333 2 403.5 306.1 33.5 24.5
3.566667 2 404.3 305.9 35.4 26.4
3.600000 2 409.6 308.7 31.2 22.6
3.633333 2 411.2 308.2 34.8 25.8
3.666667 2 413.5 309.0 33.6 24.7
3.700000 2 415.6 309.0 36.4 26.5
3.733333 2 420.1 311.9 30.5 21.4
3.766667 2 421.2 310.1 35.6 26.2
3.800000 2 424.7 310.7 36.2 25.5
3.833333 2 427.4 310.9 34.2 24.9
3.866667 2 431.3 310.9 34.0 24.9
3.900000 2 433.4 311.3 33.6 23.8
3.933333 2 436.4 309.9 35.4 25.6
3.966667 2 438.4 309.6 35.3 25.4
4.000000 2 443.5 309.0 33.7 24.5
4.033333 2 447.2 307.9 34.9 24.7
4.066667 2 448.1 306.1 37.7 26.9
4.100000 2 455.4 306.4 31.9 23.1
4.133333 2 457.3 303.2 37.3 26.4
4.166667 2 461.4 303.5 33.7 24.0
4.200000 2 464.6 300.4 36.8 27.0
4.233333 2 469.1 301.3 32.3 23.1
4.266667 2 473.2 298.6 34.0 24.6
4.300000 2 473.9 296.0 37.6 27.9
4.333333 2 478.9 294.0 37.6 27.9
4.366667 2 485.3 293.4 34.5 24.3
4.400000 2 487.1 291.2 36.2 26.3
4.433333 2 491.8 289.4 36.7 25.9
4.466667 2 494.8 288.5 35.5 25.4
4.500000 2 499.1 285.7 37.2 26.9
4.533333 2 502.1 285.0 36.0 26.3
4.566667 2 507.7 283.4 35.0 25.3
4.600000 2 508.9 281.1 38.2 28.2
4.633333 2 514.3 280.2 37.6 26.9
4.666667 2 517.6 279.8 35.8 26.3
4.700000 2 521.7 277.9 38.1 27.7
4.733333 2 526.5 276.6 38.7 28.8
4.766667 2 531.1 278.5 34.3 24.4
4.800000 2 535.7 277.6 35.3 25.5
4.833333 2 537.5 277.5 37.1 26.0
4.866667 2 542.4 277.1 37.4 27.5
4.900000 2 546.0 278.3 34.9 25.5
4.933333 2 550.1 278.2 37.1 27.4
4.966667 2 555.5 279.6 36.2 26.6
5.000000 2 558.2 280.8 35.9 25.2
5.033333 2 562.6 281.3 37.1 26.1
5.066667 2 566.2 282.7 34.2 24.8
5.100000 2 568.9 282.0 38.3 28.2
5.133333 2 573.1 284.3 34.5 24.4
5.166667 2 576.1 284.4 37.0 26.7
5.200000 2 577.7 284.2 38.1 28.0
5.233333 2 582.1 285.3 37.1 27.5
5.266667 2 585.2 285.9 37.9 27.7
5.300000 2 586.0 285.2 39.6 29.7
5.333333 2 589.3 286.2 39.5 29.3
5.366667 2 593.2 288.4 34.4 25.1
5.400000 2 594.4 288.3 37.5 26.5
5.433333 2 597.2 289.4 34.3 25.2
5.466667 2 597.6 288.9 34.8 27.0
5.500000 2 598.2 288.4 32.1 28.0
5.533333 2 600.3 288.9 30.7 28.0
5.566667 2 603.2 290.9 27.7 24.0
5.600000 2 602.0 289.2 30.5 29.0
5.633333 2 603.8 290.1 29.4 28.0
5.666667 2 605.4 291.7 28.5 25.0
5.700000 2 607.1 292.4 27.6 25.0
5.733333 2 605.2 290.5 30.3 29.0
5.766667 2 606.5 292.3 28.2 26.0
5.800000 2 608.1 293.4 28.9 24.0
5.833333 2 608.2 294.2 27.3 24.0
5.866667 2 608.5 294.7 26.2 24.0
5.900000 2 605.7 293.6 29.0 27.0
5.933333 2 605.2 293.3 30.3 28.0
5.966667 2 607.5 296.0 28.7 24.0
6.000000 2 604.5 294.6 30.9 28.0
6.033333 2 605.9 296.4 29.6 25.0
6.066667 2 605.4 297.6 30.1 23.0
6.100000 2 601.9 295.0 32.1 30.0
6.133333 2 601.1 296.3 31.4 28.0
6.166667 2 600.6 296.4 31.1 29.0
6.200000 2 599.2 297.4 33.2 28.0
6.233333 2 600.6 300.2 33.4 23.9
6.266667 2 598.5 299.7 36.3 25.6
6.300000 2 595.7 298.6 38.7 29.0
6.333333 2 595.8 301.0 34.8 25.6
6.366667 2 595.4 301.6 33.8 24.9
6.400000 2 593.5 302.5 34.0 24.2
6.433333 2 591.4 303.2 34.3 24.2
6.466667 2 590.2 303.3 34.6 24.7
6.500000 2 587.4 303.7 35.7 25.3
6.533333 2 586.3 303.8 35.8 25.7
6.566667 2 581.7 302.0 40.4 30.5
6.600000 2 581.3 303.4 39.1 28.1
6.633333 2 581.1 305.2 34.5 25.4
6.666667 2 578.7 304.5 36.9 27.3
6.700000 2 575.7 304.9 37.9 27.7
6.733333 2 576.1 306.1 34.4 25.6
6.766667 2 571.2 305.5 39.3 28.1
6.800000 2 569.1 305.7 38.1 28.6
6.833333 2 567.0 305.6 39.7 29.4
6.866667 2 564.2 306.0 39.7 29.6
6.900000 2 561.8 307.5 38.7 27.8
6.933333 2 559.1 307.8 37.9 28.6
6.966667 2 559.0 309.1 35.1 26.1
7.000000 2 556.4 310.4 33.6 25.0
7.033333 2 552.7 308.9 38.2 28.6
7.066667 2 552.0 311.8 32.8 23.7
7.100000 2 548.2 310.4 37.1 27.6
7.133333 2 547.4 313.3 31.7 22.7
7.166667 2 544.8 312.7 33.2 24.7
7.200000 2 539.2 311.9 37.5 27.9
7.233333 2 537.0 311.9 37.8 28.4
7.266667 2 533.1 312.8 37.8 28.1
7.300000 2 532.1 313.7 35.9 26.7
7.333333 2 527.0 313.8 37.8 28.1
7.366667 2 524.5 316.4 34.2 24.1
7.400000 2 523.2 317.0 32.6 22.9
7.433333 2 515.8 315.2 38.2 28.1
7.466667 2 514.1 318.0 32.3 22.8
7.500000 2 509.1 317.9 32.3 24.0
7.533333 2 504.2 318.5 32.1 23.4
7.566667 2 497.6 317.9 35.0 25.6
7.600000 2 490.9 316.6 38.3 28.5
7.633333 2 488.3 317.1 37.4 28.0
7.666667 2 484.3 319.3 34.6 24.3
7.700000 2 480.0 318.1 37.9 26.9
7.733333 2 474.4 318.0 37.3 27.8
7.766667 2 471.8 318.5 36.5 27.2
7.800000 2 466.0 319.2 36.3 26.2
7.833333 2 462.0 319.1 37.9 27.0
7.866667 2 456.1 319.1 37.7 27.0
7.900000 2 452.3 320.9 32.2 23.8
7.933333 2 449.5 321.4 31.4 23.2
7.966667 2 440.1 319.4 37.6 27.6
8.000000 2 437.6 320.0 36.3 26.5
8.033333 2 433.3 322.2 31.9 22.5
8.066667 2 428.0 320.5 36.1 26.6
8.100000 2 422.3 321.2 34.3 25.5
8.133333 2 415.6 322.1 35.0 24.6
8.166667 2 411.4 321.4 36.7 26.5
8.200000 2 407.1 323.1 32.0 23.7
8.233333 2 399.2 323.2 35.0 24.7
8.266667 2 391.4 322.2 36.9 27.6
8.300000 2 389.3 323.7 34.5 25.0
8.333333 2 381.8 323.4 36.3 26.6
8.366667 2 376.0 324.5 34.1 25.2
8.400000 2 372.3 325.2 34.8 24.4
8.433333 2 365.1 324.9 35.8 25.4
8.466667 2 362.5 325.3 34.3 24.7
8.500000 2 355.2 324.7 35.5 26.3
8.533333 2 352.5 325.2 34.2 25.2
8.566667 2 346.2 325.4 33.7 25.0
8.600000 2 342.8 325.6 33.5 24.2
8.633333 2 336.5 325.9 33.2 23.3
8.666667 2 329.4 324.1 34.8 25.7
8.700000 2 327.3 325.1 32.5 22.8
8.733333 2 320.8 323.9 32.5 23.8
8.766667 2 318.0 323.9 32.3 22.8
8.800000 2 311.7 322.5 33.0 23.7
8.833333 2 306.8 322.3 30.9 21.8
8.866667 2 303.3 321.0 32.7 23.5
8.900000 2 297.6 319.7 32.9 23.4
8.933333 2 295.8 319.6 31.2 22.4
8.966667 2 289.5 317.3 33.3 24.1
9.000000 2 287.6 317.4 31.8 22.9
9.033333 2 283.0 316.2 31.0 21.9
9.066667 2 279.3 314.8 33.3 24.2
9.100000 2 275.0 313.8 32.3 23.5
9.133333 2 272.5 313.1 32.5 23.4
9.166667 2 269.1 313.2 30.1 21.1
9.200000 2 262.9 310.4 33.3 24.1
9.233333 2 262.4 311.4 30.0 21.2
9.266667 2 257.2 309.5 31.5 22.6
9.300000 2 252.3 308.0 32.9 23.7
9.333333 2 250.1 307.5 33.2 23.6
9.366667 2 246.4 306.4 32.6 23.2
9.400000 2 244.6 306.4 32.1 22.5
9.433333 2 238.6 304.9 31.8 22.3
9.466667 2 235.9 303.7 33.9 23.9
9.500000 2 232.9 303.3 32.2 22.7
9.533333 2 229.3 302.1 32.4 23.0
9.566667 2 227.2 301.5 32.6 23.2
9.600000 2 224.1 300.6 32.0 22.7
9.633333 2 221.9 299.1 33.0 24.5
9.666667 2 218.7 298.0 33.3 24.7
9.700000 2 217.1 298.0 33.1 23.8
9.733333 2 214.5 297.4 32.2 22.6
9.766667 2 213.1 296.9 32.0 22.5
9.800000 2 211.0 296.2 30.4 21.5
9.833333 2 207.3 293.7 35.3 25.3
9.866667 2 206.6 293.8 31.3 22.6
9.900000 2 203.3 292.3 32.7 23.4
9.933333 2 202.3 292.2 29.7 21.0
9.966667 2 200.7 290.8 31.0 22.7
10.000000 2 198.5 290.2 31.2 21.9
10.033333 2 196.8 288.8 32.5 23.4
10.066667 2 196.2 288.3 30.0 21.8
10.100000 2 194.9 287.8 29.0 20.4
10.133333 2 192.0 285.4 33.4 23.9
10.166667 2 192.4 285.5 29.5 21.1
10.200000 2 190.4 283.6 32.1 23.6
10.233333 2 189.5 282.7 31.4 23.1
