0.000000 3 427.0 327.0 19.0 21.0
0.033333 3 426.7 327.0 19.0 21.0
0.066667 3 426.4 326.9 19.1 21.0
0.100000 3 426.0 326.9 19.1 21.0
0.133333 3 425.7 326.9 19.1 21.0
0.166667 3 425.4 326.8 19.2 21.0
0.200000 3 425.1 326.8 19.2 21.0
0.233333 3 424.7 326.7 19.3 21.0
0.266667 3 424.4 326.7 19.3 21.0
0.300000 3 424.1 326.7 19.3 21.0
0.333333 3 423.8 326.6 19.4 21.0
0.366667 3 423.5 326.6 19.4 21.0
0.400000 3 423.1 326.6 19.4 21.0
0.433333 3 422.8 326.5 19.5 21.0
0.466667 3 422.5 326.5 19.5 21.0
0.500000 3 422.2 326.5 19.5 21.0
0.533333 3 421.9 326.4 19.6 21.0
0.566667 3 421.5 326.4 19.6 21.0
0.600000 3 421.2 326.4 19.6 21.0
0.633333 3 420.9 326.3 19.7 21.0
0.666667 3 420.6 326.3 19.7 21.0
0.700000 3 420.2 326.2 19.8 21.0
0.733333 3 419.9 326.2 19.8 21.0
0.766667 3 419.6 326.2 19.8 21.0
0.800000 3 419.3 326.1 19.9 21.0
0.833333 3 419.0 326.1 19.9 21.0
0.866667 3 418.6 326.1 19.9 21.0
0.900000 3 418.3 326.0 20.0 21.0
0.933333 3 418.0 326.0 20.0 21.0
0.966667 3 417.7 326.0 20.0 21.0
1.000000 3 417.4 325.9 20.1 21.0
1.033333 3 417.0 325.9 20.1 21.0
1.066667 3 416.7 325.9 20.1 21.0
1.100000 3 416.4 325.8 20.2 21.0
1.133333 3 416.1 325.8 20.2 21.0
1.166667 3 415.7 325.7 20.3 21.0
1.200000 3 415.4 325.7 20.3 21.0
1.233333 3 415.1 325.7 20.3 21.0
1.266667 3 414.8 325.6 20.4 21.0
1.300000 3 414.5 325.6 20.4 21.0
1.333333 3 414.1 325.6 20.4 21.0
1.366667 3 413.8 325.5 20.5 21.0
1.400000 3 413.5 325.5 20.5 21.0
1.433333 3 413.2 325.5 20.5 21.0
1.466667 3 412.9 325.4 20.6 21.0
1.500000 3 412.5 325.4 20.6 21.0
1.533333 3 412.2 325.4 20.6 21.0
1.566667 3 411.9 325.3 20.7 21.0
1.600000 3 411.6 325.3 20.7 21.0
1.633333 3 411.2 325.2 20.8 21.0
1.666667 3 410.9 325.2 20.8 21.0
1.700000 3 410.6 325.2 20.8 21.0
1.733333 3 410.3 325.1 20.9 21.0
1.766667 3 410.0 325.1 20.9 21.0
1.800000 3 409.6 325.1 20.9 21.0
1.833333 3 409.3 325.0 21.0 21.0
1.866667 3 409.0 325.0 21.0 21.0
1.900000 3 408.7 325.0 21.0 21.0
1.933333 3 408.4 324.9 21.1 21.0
1.966667 3 408.0 324.9 21.1 21.0
2.000000 3 407.7 324.9 21.1 21.0
2.033333 3 407.4 324.8 21.2 21.0
2.066667 3 407.1 324.8 21.2 21.0
2.100000 3 406.7 324.7 21.3 21.0
2.133333 3 406.4 324.7 21.3 21.0
2.166667 3 406.1 324.7 21.3 21.0
2.200000 3 405.8 324.6 21.4 21.0
2.233333 3 405.5 324.6 21.4 21.0
2.266667 3 405.1 324.6 21.4 21.0
2.300000 3 404.8 324.5 21.5 21.0
2.333333 3 404.5 324.5 21.5 21.0
2.366667 3 404.2 324.5 21.5 21.0
2.400000 3 403.9 324.4 21.6 21.0
2.433333 3 403.5 324.4 21.6 21.0
2.466667 3 403.2 324.4 21.6 21.0
2.500000 3 402.9 324.3 21.7 21.0
2.533333 3 402.6 324.3 21.7 21.0
2.566667 3 402.2 324.2 21.8 21.0
2.600000 3 401.9 324.2 21.8 21.0
2.633333 3 401.6 324.2 21.8 21.0
2.666667 3 401.3 324.1 21.9 21.0
2.700000 3 401.0 324.1 21.9 21.0
2.733333 3 400.6 324.1 21.9 21.0
2.766667 3 400.3 324.0 22.0 21.0
2.800000 3 400.0 324.0 22.0 21.0
2.833333 3 399.7 323.9 22.1 21.0
2.866667 3 399.4 323.8 22.1 21.1
2.900000 3 399.1 323.8 22.2 21.1
2.933333 3 398.8 323.7 22.3 21.2
2.966667 3 398.5 323.6 22.3 21.2
3.000000 3 398.2 323.5 22.4 21.2
3.033333 3 397.9 323.4 22.5 21.3
3.066667 3 397.6 323.3 22.5 21.3
3.100000 3 397.3 323.3 22.6 21.4
3.133333 3 397.0 323.2 22.7 21.4
3.166667 3 396.7 323.1 22.8 21.5
3.200000 3 396.4 323.0 22.8 21.5
3.233333 3 396.1 322.9 22.9 21.5
3.266667 3 395.8 322.8 23.0 21.6
3.300000 3 395.5 322.8 23.0 21.6
3.333333 3 395.2 322.7 23.1 21.7
3.366667 3 394.9 322.6 23.2 21.7
3.400000 3 394.6 322.5 23.2 21.7
3.433333 3 394.3 322.4 23.3 21.8
3.466667 3 394.0 322.4 23.4 21.8
3.500000 3 393.7 322.3 23.4 21.9
3.533333 3 393.4 322.2 23.5 21.9
3.566667 3 393.1 322.1 23.6 21.9
3.600000 3 392.8 322.0 23.6 22.0
3.633333 3 392.5 321.9 23.7 22.0
3.666667 3 392.2 321.9 23.8 22.1
3.700000 3 391.9 321.8 23.8 22.1
3.733333 3 391.6 321.7 23.9 22.2
3.766667 3 391.3 321.6 24.0 22.2
3.800000 3 391.0 321.5 24.1 22.2
3.833333 3 390.7 321.5 24.1 22.3
3.866667 3 390.4 321.4 24.2 22.3
3.900000 3 390.1 321.3 24.3 22.4
3.933333 3 389.8 321.2 24.3 22.4
3.966667 3 389.5 321.1 24.4 22.4
4.000000 3 389.2 321.0 24.5 22.5
4.033333 3 388.8 321.0 24.5 22.5
4.066667 3 388.5 320.9 24.6 22.6
4.100000 3 388.2 320.8 24.7 22.6
4.133333 3 387.9 320.7 24.7 22.6
4.166667 3 387.6 320.6 24.8 22.7
4.200000 3 387.3 320.5 24.9 22.7
4.233333 3 387.0 320.5 24.9 22.8
4.266667 3 386.7 320.4 25.0 22.8
4.300000 3 386.4 320.3 25.1 22.8
4.333333 3 386.1 320.2 25.2 22.9
4.366667 3 385.8 320.1 25.2 22.9
4.400000 3 385.5 320.1 25.3 23.0
4.433333 3 385.2 320.0 25.4 23.0
4.466667 3 384.9 319.9 25.4 23.1
4.500000 3 384.6 319.8 25.5 23.1
4.533333 3 384.3 319.7 25.6 23.1
4.566667 3 384.0 319.6 25.6 23.2
4.600000 3 383.7 319.6 25.7 23.2
4.633333 3 383.4 319.5 25.8 23.3
4.666667 3 383.1 319.4 25.8 23.3
4.700000 3 382.8 319.3 25.9 23.3
4.733333 3 382.5 319.2 26.0 23.4
4.766667 3 382.2 319.2 26.0 23.4
4.800000 3 381.9 319.1 26.1 23.5
4.833333 3 381.6 319.0 26.2 23.5
4.866667 3 381.3 318.9 26.2 23.5
4.900000 3 381.0 318.8 26.3 23.6
4.933333 3 380.7 318.7 26.4 23.6
4.966667 3 380.4 318.7 26.5 23.7
5.000000 3 380.1 318.6 26.5 23.7
5.033333 3 379.8 318.5 26.6 23.8
5.066667 3 379.5 318.4 26.7 23.8
5.100000 3 379.2 318.3 26.7 23.8
5.133333 3 378.9 318.2 26.8 23.9
5.166667 3 378.6 318.2 26.9 23.9
5.200000 3 378.3 318.1 26.9 24.0
5.233333 3 378.0 318.0 27.0 24.0
5.266667 3 377.7 318.0 27.0 24.0
5.300000 3 377.5 317.9 26.9 24.0
5.333333 3 377.2 317.9 26.9 24.0
5.366667 3 377.0 317.9 26.8 23.9
5.400000 3 376.7 317.9 26.8 23.9
5.433333 3 376.5 317.8 26.8 23.9
5.466667 3 376.2 317.8 26.7 23.9
5.500000 3 376.0 317.8 26.7 23.9
5.533333 3 375.7 317.8 26.7 23.9
5.566667 3 375.5 317.7 26.6 23.9
5.600000 3 375.2 317.7 26.6 23.9
5.633333 3 375.0 317.7 26.5 23.8
5.666667 3 374.7 317.7 26.5 23.8
5.700000 3 374.5 317.6 26.5 23.8
5.733333 3 374.2 317.6 26.4 23.8
5.766667 3 374.0 317.6 26.4 23.8
5.800000 3 373.7 317.6 26.4 23.8
5.833333 3 373.5 317.5 26.3 23.8
5.866667 3 373.2 317.5 26.3 23.8
5.900000 3 373.0 317.5 26.2 23.7
5.933333 3 372.7 317.5 26.2 23.7
5.966667 3 372.5 317.4 26.2 23.7
6.000000 3 372.2 317.4 26.1 23.7
6.033333 3 372.0 317.4 26.1 23.7
6.066667 3 371.7 317.4 26.1 23.7
6.100000 3 371.5 317.3 26.0 23.7
6.133333 3 371.2 317.3 26.0 23.7
6.166667 3 371.0 317.3 25.9 23.6
6.200000 3 370.7 317.3 25.9 23.6
6.233333 3 370.5 317.2 25.9 23.6
6.266667 3 370.2 317.2 25.8 23.6
6.300000 3 370.0 317.2 25.8 23.6
6.333333 3 369.7 317.2 25.8 23.6
6.366667 3 369.5 317.1 25.7 23.6
6.400000 3 369.2 317.1 25.7 23.6
6.433333 3 369.0 317.1 25.6 23.5
6.466667 3 368.7 317.1 25.6 23.5
6.500000 3 368.5 317.0 25.6 23.5
6.533333 3 368.2 317.0 25.5 23.5
6.566667 3 368.0 317.0 25.5 23.5
6.600000 3 367.7 317.0 25.5 23.5
6.633333 3 367.5 316.9 25.4 23.5
6.666667 3 367.2 316.9 25.4 23.5
6.700000 3 367.0 316.9 25.3 23.4
6.733333 3 366.7 316.9 25.3 23.4
6.766667 3 366.5 316.8 25.3 23.4
6.800000 3 366.2 316.8 25.2 23.4
6.833333 3 366.0 316.8 25.2 23.4
6.866667 3 365.7 316.8 25.2 23.4
6.900000 3 365.5 316.7 25.1 23.4
6.933333 3 365.2 316.7 25.1 23.4
6.966667 3 365.0 316.7 25.0 23.3
7.000000 3 364.7 316.7 25.0 23.3
7.033333 3 364.5 316.6 25.0 23.3
7.066667 3 364.2 316.6 24.9 23.3
7.100000 3 364.0 316.6 24.9 23.3
7.133333 3 363.7 316.6 24.9 23.3
7.166667 3 363.5 316.5 24.8 23.3
7.200000 3 363.2 316.5 24.8 23.3
7.233333 3 363.0 316.5 24.7 23.2
7.266667 3 362.7 316.5 24.7 23.2
7.300000 3 362.5 316.4 24.7 23.2
7.333333 3 362.2 316.4 24.6 23.2
7.366667 3 362.0 316.4 24.6 23.2
7.400000 3 361.7 316.4 24.6 23.2
7.433333 3 361.5 316.3 24.5 23.2
7.466667 3 361.2 316.3 24.5 23.2
7.500000 3 361.0 316.3 24.4 23.1
7.533333 3 360.7 316.3 24.4 23.1
7.566667 3 360.5 316.2 24.4 23.1
7.600000 3 360.2 316.2 24.3 23.1
7.633333 3 360.0 316.2 24.3 23.1
7.666667 3 359.7 316.2 24.3 23.1
7.700000 3 359.5 316.1 24.2 23.1
7.733333 3 359.2 316.1 24.2 23.1
7.766667 3 359.0 316.1 24.1 23.0
7.800000 3 358.7 316.1 24.1 23.0
7.833333 3 358.5 316.0 24.1 23.0
7.866667 3 358.2 316.0 24.0 23.0
7.900000 3 358.0 316.0 24.0 23.0
7.933333 3 357.8 315.9 24.0 23.0
7.966667 3 357.6 315.9 24.0 23.0
8.000000 3 357.4 315.8 24.0 23.0
8.033333 3 357.2 315.8 24.0 23.1
8.066667 3 356.9 315.7 24.0 23.1
8.100000 3 356.7 315.7 24.0 23.1
8.133333 3 356.5 315.6 24.0 23.1
8.166667 3 356.3 315.6 24.0 23.1
8.200000 3 356.1 315.5 24.0 23.1
8.233333 3 355.9 315.5 24.0 23.1
8.266667 3 355.7 315.4 24.0 23.1
8.300000 3 355.5 315.4 24.0 23.2
8.333333 3 355.3 315.3 24.0 23.2
8.366667 3 355.1 315.3 24.0 23.2
8.400000 3 354.8 315.2 24.0 23.2
8.433333 3 354.6 315.2 24.0 23.2
8.466667 3 354.4 315.1 24.0 23.2
8.500000 3 354.2 315.1 24.0 23.2
8.533333 3 354.0 315.0 24.0 23.2
8.566667 3 353.8 314.9 24.0 23.3
8.600000 3 353.6 314.9 24.0 23.3
8.633333 3 353.4 314.8 24.0 23.3
8.666667 3 353.2 314.8 24.0 23.3
8.700000 3 352.9 314.7 24.0 23.3
8.733333 3 352.7 314.7 24.0 23.3
8.766667 3 352.5 314.6 24.0 23.3
8.800000 3 352.3 314.6 24.0 23.4
8.833333 3 352.1 314.5 24.0 23.4
8.866667 3 351.9 314.5 24.0 23.4
8.900000 3 351.7 314.4 24.0 23.4
8.933333 3 351.5 314.4 24.0 23.4
8.966667 3 351.3 314.3 24.0 23.4
9.000000 3 351.1 314.3 24.0 23.4
9.033333 3 350.8 314.2 24.0 23.4
9.066667 3 350.6 314.2 24.0 23.5
9.100000 3 350.4 314.1 24.0 23.5
9.133333 3 350.2 314.1 24.0 23.5
9.166667 3 350.0 314.0 24.0 23.5
9.200000 3 349.8 313.9 24.0 23.5
9.233333 3 349.6 313.9 24.0 23.5
9.266667 3 349.4 313.8 24.0 23.5
9.300000 3 349.2 313.8 24.0 23.6
9.333333 3 348.9 313.7 24.0 23.6
9.366667 3 348.7 313.7 24.0 23.6
9.400000 3 348.5 313.6 24.0 23.6
9.433333 3 348.3 313.6 24.0 23.6
9.466667 3 348.1 313.5 24.0 23.6
9.500000 3 347.9 313.5 24.0 23.6
9.533333 3 347.7 313.4 24.0 23.6
9.566667 3 347.5 313.4 24.0 23.7
9.600000 3 347.3 313.3 24.0 23.7
9.633333 3 347.1 313.3 24.0 23.7
9.666667 3 346.8 313.2 24.0 23.7
9.700000 3 346.6 313.2 24.0 23.7
9.733333 3 346.4 313.1 24.0 23.7
9.766667 3 346.2 313.1 24.0 23.7
9.800000 3 346.0 313.0 24.0 23.7
9.833333 3 345.8 312.9 24.0 23.8
9.866667 3 345.6 312.9 24.0 23.8
9.900000 3 345.4 312.8 24.0 23.8
9.933333 3 345.2 312.8 24.0 23.8
9.966667 3 344.9 312.7 24.0 23.8
10.000000 3 344.7 312.7 24.0 23.8
10.033333 3 344.5 312.6 24.0 23.8
10.066667 3 344.3 312.6 24.0 23.9
10.100000 3 344.1 312.5 24.0 23.9
10.133333 3 343.9 312.5 24.0 23.9
10.166667 3 343.7 312.4 24.0 23.9
10.200000 3 343.5 312.4 24.0 23.9
10.233333 3 343.3 312.3 24.0 23.9
10.266667 3 343.1 312.3 24.0 23.9
10.300000 3 342.8 312.2 24.0 23.9
10.333333 3 342.6 312.2 24.0 24.0
10.366667 3 342.4 312.1 24.0 24.0
10.400000 3 342.2 312.1 24.0 24.0
10.433333 3 342.0 312.0 24.0 24.0
