0.033333 3 312.0 243.0 56.0 39.0
0.066667 3 312.0 242.0 56.5 39.7
0.100000 3 312.0 241.0 57.0 40.5
0.133333 3 312.0 240.0 57.5 41.2
0.166667 3 312.0 239.0 58.0 42.0
0.200000 3 312.0 238.0 58.5 42.7
0.233333 3 312.0 237.0 59.0 43.5
0.266667 3 312.0 236.0 59.5 44.2
0.300000 3 312.0 235.0 60.0 45.0
0.333333 3 312.0 234.0 60.5 45.7
0.366667 3 312.0 233.0 61.0 46.5
0.400000 3 312.0 232.0 61.5 47.2
0.433333 3 312.0 231.0 62.0 48.0
0.466667 3 312.0 230.0 62.5 48.7
0.500000 3 312.0 229.0 63.0 49.5
0.533333 3 312.0 228.0 63.5 50.2
0.566667 3 312.0 227.0 64.0 51.0
0.600000 3 312.2 226.8 65.2 51.5
0.633333 3 312.3 226.5 66.5 52.1
0.666667 3 312.5 226.3 67.7 52.6
0.700000 3 312.6 226.1 68.9 53.2
0.733333 3 312.8 225.8 70.2 53.7
0.766667 3 312.9 225.6 71.4 54.2
0.800000 3 313.1 225.4 72.6 54.8
0.833333 3 313.2 225.2 73.8 55.3
0.866667 3 313.4 224.9 75.1 55.8
0.900000 3 313.5 224.7 76.3 56.4
0.933333 3 313.7 224.5 77.5 56.9
0.966667 3 313.8 224.2 78.8 57.5
1.000000 3 314.0 224.0 80.0 58.0
1.033333 3 314.3 223.9 80.0 57.7
1.066667 3 314.7 223.8 80.0 57.3
1.100000 3 315.0 223.7 80.0 57.0
1.133333 3 315.3 223.7 80.0 56.7
1.166667 3 315.7 223.6 80.0 56.3
1.200000 3 316.0 223.5 80.0 56.0
1.233333 3 316.3 223.4 80.0 55.7
1.266667 3 316.7 223.3 80.0 55.3
1.300000 3 317.0 223.2 80.0 55.0
1.333333 3 317.3 223.2 80.0 54.7
1.366667 3 317.7 223.1 80.0 54.3
1.400000 3 318.0 223.0 80.0 54.0
1.433333 3 318.7 222.9 79.9 54.1
1.466667 3 319.4 222.7 79.7 54.3
1.500000 3 320.1 222.6 79.6 54.4
1.533333 3 320.9 222.4 79.4 54.6
1.566667 3 321.6 222.3 79.3 54.7
1.600000 3 322.3 222.1 79.1 54.9
1.633333 3 323.0 222.0 79.0 55.0
1.666667 3 323.7 221.9 78.9 55.1
1.700000 3 324.4 221.7 78.7 55.3
1.733333 3 325.1 221.6 78.6 55.4
1.766667 3 325.9 221.4 78.4 55.6
1.800000 3 326.6 221.3 78.3 55.7
1.833333 3 327.3 221.1 78.1 55.9
1.866667 3 328.0 221.0 78.0 56.0
1.900000 3 327.6 220.6 78.7 56.0
1.933333 3 327.2 220.2 79.3 56.0
1.966667 3 326.8 219.8 80.0 56.0
2.000000 3 326.4 219.4 80.7 56.0
2.033333 3 326.0 219.0 81.3 56.0
2.066667 3 325.6 218.6 82.0 56.0
2.100000 3 325.2 218.2 82.7 56.0
2.133333 3 324.8 217.8 83.3 56.0
2.166667 3 324.4 217.4 84.0 56.0
2.200000 3 324.0 217.0 84.7 56.0
2.233333 3 323.6 216.6 85.3 56.0
2.266667 3 323.2 216.2 86.0 56.0
2.300000 3 322.8 215.8 86.7 56.0
2.333333 3 322.4 215.4 87.3 56.0
2.366667 3 322.0 215.0 88.0 56.0
2.400000 3 321.9 215.6 88.2 56.1
2.433333 3 321.8 216.2 88.5 56.2
2.466667 3 321.6 216.9 88.7 56.4
2.500000 3 321.5 217.5 89.0 56.5
2.533333 3 321.4 218.1 89.2 56.6
2.566667 3 321.3 218.7 89.5 56.7
2.600000 3 321.1 219.4 89.7 56.9
2.633333 3 321.0 220.0 90.0 57.0
2.666667 3 320.9 220.6 90.2 57.1
2.700000 3 320.8 221.2 90.5 57.2
2.733333 3 320.6 221.9 90.7 57.4
2.766667 3 320.5 222.5 91.0 57.5
2.800000 3 320.4 223.1 91.2 57.6
2.833333 3 320.3 223.7 91.5 57.7
2.866667 3 320.1 224.4 91.7 57.9
2.900000 3 320.0 225.0 92.0 58.0
2.933333 3 319.5 225.4 92.1 58.1
2.966667 3 318.9 225.7 92.2 58.2
3.000000 3 318.4 226.1 92.3 58.3
3.033333 3 317.8 226.5 92.4 58.4
3.066667 3 317.3 226.8 92.5 58.5
3.100000 3 316.7 227.2 92.5 58.5
3.133333 3 316.2 227.5 92.6 58.6
3.166667 3 315.6 227.9 92.7 58.7
3.200000 3 315.1 228.3 92.8 58.8
3.233333 3 314.5 228.6 92.9 58.9
3.266667 3 314.0 229.0 93.0 59.0
3.300000 3 315.1 228.5 91.9 59.2
3.333333 3 316.2 228.1 90.8 59.5
3.366667 3 317.2 227.6 89.8 59.7
3.400000 3 318.3 227.2 88.7 59.9
3.433333 3 319.4 226.7 87.6 60.2
3.466667 3 320.5 226.2 86.5 60.4
3.500000 3 321.5 225.8 85.5 60.6
3.533333 3 322.6 225.3 84.4 60.8
3.566667 3 323.7 224.8 83.3 61.1
3.600000 3 324.8 224.4 82.2 61.3
3.633333 3 325.8 223.9 81.2 61.5
3.666667 3 326.9 223.5 80.1 61.8
3.700000 3 328.0 223.0 79.0 62.0
3.733333 3 327.7 222.2 80.4 62.0
3.766667 3 327.5 221.4 81.7 62.0
3.800000 3 327.2 220.5 83.1 62.0
3.833333 3 326.9 219.7 84.5 62.0
3.866667 3 326.6 218.9 85.8 62.0
3.900000 3 326.4 218.1 87.2 62.0
3.933333 3 326.1 217.3 88.5 62.0
3.966667 3 325.8 216.5 89.9 62.0
4.000000 3 325.5 215.6 91.3 62.0
4.033333 3 325.3 214.8 92.6 62.0
4.066667 3 325.0 214.0 94.0 62.0
4.100000 3 324.2 213.8 94.4 61.9
4.133333 3 323.4 213.6 94.7 61.7
4.166667 3 322.6 213.4 95.1 61.6
4.200000 3 321.9 213.1 95.4 61.4
4.233333 3 321.1 212.9 95.8 61.3
4.266667 3 320.3 212.7 96.1 61.1
4.300000 3 319.5 212.5 96.5 61.0
4.333333 3 318.7 212.3 96.9 60.9
4.366667 3 317.9 212.1 97.2 60.7
4.400000 3 317.1 211.9 97.6 60.6
4.433333 3 316.4 211.6 97.9 60.4
4.466667 3 315.6 211.4 98.3 60.3
4.500000 3 314.8 211.2 98.6 60.1
4.533333 3 314.0 211.0 99.0 60.0
4.566667 3 314.0 211.4 98.3 59.9
4.600000 3 314.0 211.9 97.6 59.9
4.633333 3 314.0 212.3 96.9 59.8
4.666667 3 314.0 212.7 96.1 59.7
4.700000 3 314.0 213.1 95.4 59.6
4.733333 3 314.0 213.6 94.7 59.6
4.766667 3 314.0 214.0 94.0 59.5
4.800000 3 314.0 214.4 93.3 59.4
4.833333 3 314.0 214.9 92.6 59.4
4.866667 3 314.0 215.3 91.9 59.3
4.900000 3 314.0 215.7 91.1 59.2
4.933333 3 314.0 216.1 90.4 59.1
4.966667 3 314.0 216.6 89.7 59.1
5.000000 3 314.0 217.0 89.0 59.0
5.033333 3 314.4 217.0 89.0 59.2
5.066667 3 314.8 217.0 89.0 59.3
5.100000 3 315.3 217.0 89.0 59.5
5.133333 3 315.7 217.0 89.0 59.7
5.166667 3 316.1 217.0 89.0 59.8
5.200000 3 316.5 217.0 89.0 60.0
5.233333 3 316.9 217.0 89.0 60.2
5.266667 3 317.3 217.0 89.0 60.3
5.300000 3 317.8 217.0 89.0 60.5
5.333333 3 318.2 217.0 89.0 60.7
5.366667 3 318.6 217.0 89.0 60.8
5.400000 3 319.0 217.0 89.0 61.0
5.433333 3 319.7 216.9 88.8 61.1
5.466667 3 320.3 216.8 88.7 61.2
5.500000 3 321.0 216.7 88.5 61.3
5.533333 3 321.7 216.7 88.3 61.3
5.566667 3 322.3 216.6 88.2 61.4
5.600000 3 323.0 216.5 88.0 61.5
5.633333 3 323.7 216.4 87.8 61.6
5.666667 3 324.3 216.3 87.7 61.7
5.700000 3 325.0 216.2 87.5 61.8
5.733333 3 325.7 216.2 87.3 61.8
5.766667 3 326.3 216.1 87.2 61.9
5.800000 3 327.0 216.0 87.0 62.0
5.833333 3 326.5 216.1 88.7 62.0
5.866667 3 326.1 216.2 90.5 62.0
5.900000 3 325.6 216.3 92.2 62.0
5.933333 3 325.2 216.4 93.9 62.0
5.966667 3 324.7 216.5 95.6 62.0
6.000000 3 324.3 216.5 97.4 62.0
6.033333 3 323.8 216.6 99.1 62.0
6.066667 3 323.4 216.7 100.8 62.0
6.100000 3 322.9 216.8 102.5 62.0
6.133333 3 322.5 216.9 104.3 62.0
6.166667 3 322.0 217.0 106.0 62.0
6.200000 3 322.5 216.5 105.6 62.2
6.233333 3 323.1 215.9 105.3 62.4
6.266667 3 323.6 215.4 104.9 62.5
6.300000 3 324.1 214.9 104.6 62.7
6.333333 3 324.6 214.4 104.2 62.9
6.366667 3 325.2 213.8 103.9 63.1
6.400000 3 325.7 213.3 103.5 63.2
6.433333 3 326.2 212.8 103.2 63.4
6.466667 3 326.8 212.2 102.8 63.6
6.500000 3 327.3 211.7 102.5 63.8
6.533333 3 327.8 211.2 102.1 63.9
6.566667 3 328.4 210.6 101.8 64.1
6.600000 3 328.9 210.1 101.4 64.3
6.633333 3 329.4 209.6 101.1 64.5
6.666667 3 329.9 209.1 100.7 64.6
6.700000 3 330.5 208.5 100.4 64.8
6.733333 3 331.0 208.0 100.0 65.0
6.766667 3 331.2 207.6 99.4 64.7
6.800000 3 331.3 207.2 98.7 64.5
6.833333 3 331.5 206.7 98.1 64.2
6.866667 3 331.6 206.3 97.5 63.9
6.900000 3 331.8 205.9 96.8 63.7
6.933333 3 331.9 205.5 96.2 63.4
6.966667 3 332.1 205.1 95.6 63.2
7.000000 3 332.3 204.6 94.9 62.9
7.033333 3 332.4 204.2 94.3 62.6
7.066667 3 332.6 203.8 93.7 62.4
7.100000 3 332.7 203.4 93.1 62.1
7.133333 3 332.9 202.9 92.4 61.8
7.166667 3 333.1 202.5 91.8 61.6
7.200000 3 333.2 202.1 91.2 61.3
7.233333 3 333.4 201.7 90.5 61.1
7.266667 3 333.5 201.3 89.9 60.8
7.300000 3 333.7 200.8 89.3 60.5
7.333333 3 333.8 200.4 88.6 60.3
7.366667 3 334.0 200.0 88.0 60.0
7.400000 3 333.6 199.9 88.5 60.2
7.433333 3 333.3 199.8 88.9 60.3
7.466667 3 332.9 199.7 89.4 60.5
7.500000 3 332.5 199.6 89.9 60.6
7.533333 3 332.2 199.5 90.4 60.8
7.566667 3 331.8 199.4 90.8 60.9
7.600000 3 331.4 199.3 91.3 61.1
7.633333 3 331.1 199.2 91.8 61.3
7.666667 3 330.7 199.1 92.3 61.4
7.700000 3 330.3 198.9 92.7 61.6
7.733333 3 329.9 198.8 93.2 61.7
7.766667 3 329.6 198.7 93.7 61.9
7.800000 3 329.2 198.6 94.2 62.1
7.833333 3 328.8 198.5 94.6 62.2
7.866667 3 328.5 198.4 95.1 62.4
7.900000 3 328.1 198.3 95.6 62.5
7.933333 3 327.7 198.2 96.1 62.7
7.966667 3 327.4 198.1 96.5 62.8
8.000000 3 327.0 198.0 97.0 63.0
8.033333 3 326.9 198.1 96.9 62.9
8.066667 3 326.7 198.1 96.9 62.9
8.100000 3 326.6 198.2 96.8 62.8
8.133333 3 326.5 198.3 96.7 62.7
8.166667 3 326.4 198.3 96.7 62.7
8.200000 3 326.2 198.4 96.6 62.6
8.233333 3 326.1 198.4 96.6 62.6
8.266667 3 326.0 198.5 96.5 62.5
8.300000 3 325.9 198.6 96.4 62.4
8.333333 3 325.7 198.6 96.4 62.4
8.366667 3 325.6 198.7 96.3 62.3
8.400000 3 325.5 198.8 96.2 62.2
8.433333 3 325.4 198.8 96.2 62.2
8.466667 3 325.2 198.9 96.1 62.1
8.500000 3 325.1 198.9 96.1 62.1
8.533333 3 325.0 199.0 96.0 62.0
8.566667 3 325.7 199.3 95.6 61.7
8.600000 3 326.4 199.6 95.1 61.4
8.633333 3 327.1 199.9 94.7 61.1
8.666667 3 327.7 200.2 94.3 60.8
8.700000 3 328.4 200.6 93.8 60.4
8.733333 3 329.1 200.9 93.4 60.1
8.766667 3 329.8 201.2 92.9 59.8
8.800000 3 330.5 201.5 92.5 59.5
8.833333 3 331.2 201.8 92.1 59.2
8.866667 3 331.9 202.1 91.6 58.9
8.900000 3 332.6 202.4 91.2 58.6
8.933333 3 333.2 202.7 90.8 58.3
8.966667 3 333.9 203.1 90.3 57.9
9.000000 3 334.6 203.4 89.9 57.6
9.033333 3 335.3 203.7 89.4 57.3
9.066667 3 336.0 204.0 89.0 57.0
9.100000 3 335.8 204.1 89.2 57.2
9.133333 3 335.7 204.2 89.3 57.3
9.166667 3 335.5 204.2 89.5 57.5
9.200000 3 335.4 204.3 89.6 57.6
9.233333 3 335.2 204.4 89.8 57.8
9.266667 3 335.1 204.5 89.9 57.9
9.300000 3 334.9 204.5 90.1 58.1
9.333333 3 334.8 204.6 90.2 58.2
9.366667 3 334.6 204.7 90.4 58.4
9.400000 3 334.5 204.8 90.5 58.5
9.433333 3 334.3 204.8 90.7 58.7
9.466667 3 334.2 204.9 90.8 58.8
9.500000 3 334.0 205.0 91.0 59.0
9.533333 3 333.6 204.6 90.7 59.1
9.566667 3 333.1 204.3 90.4 59.1
9.600000 3 332.7 203.9 90.1 59.2
9.633333 3 332.3 203.6 89.9 59.3
9.666667 3 331.9 203.2 89.6 59.4
9.700000 3 331.4 202.9 89.3 59.4
9.733333 3 331.0 202.5 89.0 59.5
9.766667 3 330.6 202.1 88.7 59.6
9.800000 3 330.1 201.8 88.4 59.6
9.833333 3 329.7 201.4 88.1 59.7
9.866667 3 329.3 201.1 87.9 59.8
9.900000 3 328.9 200.7 87.6 59.9
9.933333 3 328.4 200.4 87.3 59.9
9.966667 3 328.0 200.0 87.0 60.0
10.000000 3 327.8 199.9 86.4 59.8
10.033333 3 327.5 199.7 85.8 59.6
10.066667 3 327.3 199.6 85.2 59.5
10.100000 3 327.1 199.5 84.6 59.3
10.133333 3 326.9 199.3 84.0 59.1
10.166667 3 326.6 199.2 83.5 58.9
10.200000 3 326.4 199.0 82.9 58.7
10.233333 3 326.2 198.9 82.3 58.5
10.266667 3 326.0 198.8 81.7 58.4
10.300000 3 325.7 198.6 81.1 58.2
10.333333 3 325.5 198.5 80.5 58.0
10.366667 3 325.3 198.4 79.9 57.8
10.400000 3 325.0 198.2 79.3 57.6
10.433333 3 324.8 198.1 78.7 57.5
10.466667 3 324.6 198.0 78.1 57.3
10.500000 3 324.4 197.8 77.5 57.1
10.533333 3 324.1 197.7 77.0 56.9
10.566667 3 323.9 197.5 76.4 56.7
10.600000 3 323.7 197.4 75.8 56.5
10.633333 3 323.5 197.3 75.2 56.4
10.666667 3 323.2 197.1 74.6 56.2
10.700000 3 323.0 197.0 74.0 56.0
