0.033333 3 195.7 230.8 97.3 88.7
0.066667 3 194.1 229.6 98.3 89.6
0.100000 3 194.3 229.5 96.6 88.0
0.133333 3 193.3 228.7 96.8 88.0
0.166667 3 192.9 228.0 96.7 87.8
0.200000 3 192.6 227.3 96.1 87.3
0.233333 3 192.7 226.7 95.9 86.9
0.266667 3 192.7 225.4 97.2 87.9
0.300000 3 193.7 224.8 96.7 87.4
0.333333 3 194.9 223.9 96.9 87.7
0.366667 3 196.8 224.4 96.1 86.7
0.400000 3 197.7 223.1 96.3 86.8
0.433333 3 199.0 222.1 96.0 86.5
0.466667 3 200.2 221.2 96.0 86.4
0.500000 3 201.7 220.6 95.4 85.7
0.533333 3 202.6 219.8 95.4 85.6
0.566667 3 203.1 219.1 95.5 85.6
0.600000 3 203.9 219.0 95.0 85.0
0.633333 3 203.6 217.9 95.5 85.3
0.666667 3 203.5 217.1 94.7 84.3
0.700000 3 203.1 216.2 94.4 84.0
0.733333 3 202.3 214.8 94.5 84.0
0.766667 3 201.3 212.8 94.4 83.8
0.800000 3 200.0 210.6 95.3 84.4
0.833333 3 199.1 208.6 95.4 84.2
0.866667 3 198.1 206.4 95.1 83.8
0.900000 3 197.2 204.1 95.1 83.8
0.933333 3 196.4 202.4 95.3 83.6
0.966667 3 195.8 199.9 95.1 83.3
1.000000 3 194.4 196.7 96.5 84.4
1.033333 3 193.9 195.5 96.1 84.0
1.066667 3 193.2 193.0 96.3 84.0
1.100000 3 192.7 190.0 96.3 83.9
1.133333 3 191.9 187.9 96.1 83.6
1.166667 3 191.4 186.4 95.9 83.2
1.200000 3 190.3 182.8 97.0 84.2
1.233333 3 189.9 181.4 96.3 83.4
1.266667 3 189.8 179.7 95.9 82.8
1.300000 3 188.6 176.4 97.7 84.5
1.333333 3 188.4 175.0 97.2 83.9
1.366667 3 188.6 173.3 97.3 83.9
1.400000 3 189.0 172.2 97.6 83.9
1.433333 3 189.9 170.8 97.7 83.8
1.466667 3 191.5 170.0 97.0 83.1
1.500000 3 192.7 168.6 97.9 83.8
1.533333 3 194.8 167.3 97.7 83.4
1.566667 3 196.6 166.2 98.3 83.7
1.600000 3 198.5 165.0 99.1 84.4
1.633333 3 201.2 164.2 98.6 83.8
1.666667 3 203.5 164.0 98.7 83.6
1.700000 3 207.7 163.6 98.8 83.6
1.733333 3 211.9 163.5 98.2 82.9
1.766667 3 215.1 162.9 99.2 83.5
1.800000 3 217.4 162.2 99.6 83.6
1.833333 3 219.2 161.0 99.9 83.8
1.866667 3 221.1 160.9 99.2 82.9
1.900000 3 222.3 160.1 99.2 82.8
1.933333 3 223.3 159.5 99.4 82.9
1.966667 3 224.4 158.5 99.0 82.3
2.000000 3 225.1 157.8 100.0 83.0
2.033333 3 226.2 157.0 100.5 83.2
2.066667 3 227.1 157.2 100.3 82.6
2.100000 3 227.4 157.9 100.1 82.4
2.133333 3 226.8 157.7 100.3 82.4
2.166667 3 226.6 157.9 100.4 82.2
2.200000 3 226.9 158.5 99.9 81.8
2.233333 3 227.2 158.7 99.8 81.8
2.266667 3 227.6 159.1 99.9 81.4
2.300000 3 228.0 159.3 100.1 81.7
2.333333 3 228.0 159.9 101.2 82.4
2.366667 3 228.0 160.0 101.6 82.7
2.400000 3 228.2 160.6 101.4 82.5
2.433333 3 228.9 162.2 100.8 81.7
2.466667 3 228.9 162.7 101.8 82.3
2.500000 3 229.4 163.7 101.3 81.8
2.533333 3 229.9 164.2 101.7 82.0
2.566667 3 230.7 164.5 102.2 82.3
2.600000 3 231.6 165.1 102.0 81.9
2.633333 3 232.4 165.3 102.3 82.1
2.666667 3 233.2 166.3 102.2 82.1
2.700000 3 233.4 166.4 103.1 82.8
2.733333 3 234.5 167.2 102.6 82.3
2.766667 3 235.6 168.4 102.3 81.6
2.800000 3 236.7 168.8 102.2 81.7
2.833333 3 237.0 168.7 102.9 82.1
2.866667 3 237.5 169.1 102.5 81.5
2.900000 3 238.4 169.3 102.0 80.9
2.933333 3 239.0 167.9 102.7 81.5
2.966667 3 240.3 168.2 102.3 81.0
3.000000 3 240.8 168.3 103.2 81.8
3.033333 3 241.7 167.7 102.9 81.6
3.066667 3 241.9 167.3 103.1 81.4
3.100000 3 241.7 166.9 103.8 81.9
3.133333 3 241.3 166.8 103.3 81.6
3.166667 3 240.5 166.0 103.3 81.6
3.200000 3 240.1 165.7 102.8 80.8
3.233333 3 240.7 166.0 101.6 79.8
3.266667 3 240.1 165.2 102.6 80.7
3.300000 3 239.1 164.4 103.4 81.4
3.333333 3 238.3 164.8 103.0 80.8
3.366667 3 237.5 164.3 103.1 80.7
3.400000 3 234.9 162.6 103.4 80.8
3.433333 3 232.6 162.4 103.4 80.7
3.466667 3 230.0 161.2 103.8 81.1
3.500000 3 228.0 161.4 103.2 80.4
3.533333 3 227.0 161.4 102.4 79.6
3.566667 3 226.2 160.5 103.4 80.3
3.600000 3 226.2 161.3 102.8 79.7
3.633333 3 226.2 161.1 103.0 79.8
3.666667 3 226.2 161.4 103.3 79.8
3.700000 3 225.4 161.5 104.1 80.4
3.733333 3 225.5 162.6 102.7 79.2
3.766667 3 224.8 162.9 103.4 79.7
3.800000 3 223.4 162.9 104.6 80.6
3.833333 3 222.5 163.5 104.3 80.3
3.866667 3 220.8 163.3 104.9 80.6
3.900000 3 219.1 163.7 104.6 80.3
3.933333 3 217.6 164.5 103.5 79.2
3.966667 3 214.9 163.6 104.8 80.2
4.000000 3 212.0 163.2 105.1 80.4
4.033333 3 209.9 163.2 105.0 80.2
4.066667 3 207.3 163.1 105.6 80.7
4.100000 3 205.9 162.5 105.9 81.0
4.133333 3 205.6 162.3 105.8 80.7
4.166667 3 206.1 161.5 106.6 81.4
4.200000 3 207.2 160.8 106.5 81.1
4.233333 3 207.6 160.1 107.2 81.7
4.266667 3 207.7 160.2 107.0 81.6
4.300000 3 208.3 159.9 106.6 81.0
4.333333 3 208.5 159.6 106.8 81.3
4.366667 3 209.0 160.1 106.5 80.9
4.400000 3 208.4 159.7 106.7 81.0
4.433333 3 207.8 159.2 107.1 81.2
4.466667 3 207.6 159.9 106.7 80.7
4.500000 3 206.5 158.8 107.9 81.8
4.533333 3 205.9 158.8 108.3 82.2
4.566667 3 205.4 159.0 108.3 81.8
4.600000 3 205.3 158.9 108.4 81.9
4.633333 3 204.9 159.1 108.8 82.2
4.666667 3 205.0 159.5 108.4 81.8
4.700000 3 205.9 160.0 108.2 81.6
4.733333 3 207.3 160.6 108.1 81.3
4.766667 3 208.4 160.9 108.9 81.9
4.800000 3 210.1 161.2 109.6 82.5
4.833333 3 214.0 162.5 109.6 82.4
4.866667 3 220.2 163.3 110.0 82.8
4.900000 3 226.5 164.9 109.1 81.6
4.933333 3 229.4 165.6 110.1 82.3
4.966667 3 229.3 165.8 111.0 83.0
5.000000 3 228.7 167.0 111.0 82.9
5.033333 3 227.4 168.3 110.7 82.7
5.066667 3 225.7 169.5 109.9 81.6
5.100000 3 222.4 169.5 111.0 82.5
5.133333 3 219.5 170.1 110.8 82.2
5.166667 3 216.5 170.4 111.2 82.5
5.200000 3 213.6 171.2 110.7 81.7
5.233333 3 209.7 171.3 110.6 81.5
5.266667 3 205.1 171.2 112.1 82.5
5.300000 3 201.5 172.1 111.6 81.6
5.333333 3 198.1 171.7 111.6 81.7
5.366667 3 196.0 172.6 111.1 81.1
5.400000 3 194.3 172.8 111.2 81.3
5.433333 3 193.5 173.2 111.9 81.8
5.466667 3 193.1 174.0 112.1 81.7
5.500000 3 192.9 174.5 112.4 81.9
5.533333 3 193.4 175.8 111.9 81.2
5.566667 3 194.4 176.8 111.7 80.9
5.600000 3 195.3 177.5 111.8 80.8
5.633333 3 196.1 178.4 112.2 81.1
5.666667 3 197.2 179.3 112.6 81.2
5.700000 3 199.2 180.9 112.3 80.9
5.733333 3 202.1 182.6 111.1 79.8
5.766667 3 203.7 183.6 111.6 80.2
5.800000 3 204.7 185.0 111.8 80.3
5.833333 3 205.6 186.2 112.4 80.8
5.866667 3 207.6 187.4 112.4 80.7
5.900000 3 210.0 188.1 112.8 80.9
5.933333 3 213.3 189.3 113.2 81.0
5.966667 3 216.8 190.9 113.0 80.7
6.000000 3 219.4 191.6 113.3 81.2
6.033333 3 221.6 192.8 113.6 81.2
6.066667 3 224.2 194.0 113.0 80.6
6.100000 3 226.4 194.2 113.7 81.2
6.133333 3 228.0 195.5 113.3 80.7
6.166667 3 228.7 196.5 113.0 80.3
6.200000 3 228.9 197.5 112.6 80.0
6.233333 3 229.0 198.1 113.0 80.1
6.266667 3 228.8 198.4 113.4 80.3
6.300000 3 228.5 199.2 113.3 80.2
6.333333 3 227.9 200.0 113.0 79.8
6.366667 3 226.9 200.1 112.8 79.6
6.400000 3 226.9 200.1 112.8 79.6
6.433333 3 227.0 201.5 113.4 79.8
6.466667 3 228.4 201.3 112.8 79.5
6.500000 3 228.4 201.3 112.7 79.4
6.533333 3 229.4 201.5 113.0 79.4
6.566667 3 229.9 201.3 113.0 79.3
6.600000 3 229.9 201.3 113.0 79.3
6.633333 3 231.6 200.6 113.0 79.2
6.666667 3 233.2 200.0 113.4 79.5
6.700000 3 233.2 200.0 113.4 79.5
6.733333 3 237.7 198.8 113.8 79.5
6.766667 3 237.7 198.8 113.9 79.5
6.800000 3 240.7 198.2 113.2 78.8
6.833333 3 245.8 196.7 112.9 78.5
6.866667 3 245.8 196.7 112.9 78.5
6.900000 3 247.5 196.0 113.1 78.6
6.933333 3 248.8 194.6 113.5 78.5
6.966667 3 248.8 194.6 113.5 78.5
7.000000 3 249.2 193.6 113.8 78.9
7.033333 3 249.6 192.7 113.7 78.6
7.066667 3 250.1 192.0 113.5 78.3
7.100000 3 250.0 190.7 114.1 78.6
7.133333 3 250.9 189.7 113.8 78.5
7.166667 3 251.7 188.8 114.3 78.6
7.200000 3 252.4 187.3 114.2 78.4
7.233333 3 252.7 185.7 114.5 78.6
7.266667 3 253.2 184.4 114.3 78.3
7.300000 3 253.1 182.6 115.2 78.9
7.333333 3 253.4 182.0 115.2 78.9
7.366667 3 253.9 181.1 115.3 78.8
7.400000 3 254.1 180.6 115.5 78.8
7.433333 3 254.3 179.6 115.8 78.8
7.466667 3 254.6 179.0 115.6 78.4
7.500000 3 254.5 179.1 115.6 78.2
7.533333 3 254.6 179.1 115.4 77.9
7.566667 3 254.2 179.4 114.9 77.2
7.600000 3 253.0 179.4 115.0 76.9
7.633333 3 252.1 179.3 115.3 77.0
7.666667 3 250.9 179.5 115.7 77.4
7.700000 3 250.2 180.1 115.5 77.1
7.733333 3 249.3 179.9 115.8 77.0
7.766667 3 248.5 179.3 116.2 77.2
7.800000 3 249.0 179.7 115.5 76.5
7.833333 3 248.5 179.7 115.8 76.7
7.866667 3 248.5 180.5 115.8 76.6
7.900000 3 248.2 181.9 116.2 76.5
7.933333 3 247.8 182.4 116.4 76.4
7.966667 3 247.3 183.2 116.4 76.5
8.000000 3 246.7 183.7 116.5 76.2
8.033333 3 246.4 184.5 116.3 76.1
8.066667 3 245.8 185.6 116.7 76.1
8.100000 3 245.8 186.7 115.9 75.1
8.133333 3 245.3 186.7 116.1 75.4
8.166667 3 244.6 186.7 116.9 75.8
8.200000 3 244.4 187.0 116.6 75.6
8.233333 3 244.1 187.9 115.9 74.5
8.266667 3 243.8 187.1 116.4 74.9
8.300000 3 243.5 186.8 116.4 75.1
8.333333 3 243.1 186.0 117.3 75.8
8.366667 3 243.1 185.8 117.1 75.3
8.400000 3 242.9 185.2 117.2 75.4
8.433333 3 242.7 184.3 117.0 74.9
8.466667 3 242.0 182.9 117.5 75.3
8.500000 3 241.8 182.1 117.7 75.4
8.533333 3 241.3 181.5 117.4 75.3
8.566667 3 241.0 180.7 117.3 75.0
8.600000 3 240.3 180.4 117.7 75.2
8.633333 3 239.4 179.9 117.6 75.1
8.666667 3 238.5 179.7 117.8 75.4
8.700000 3 237.8 179.5 117.5 74.9
8.733333 3 236.9 179.6 117.3 74.8
8.766667 3 235.1 179.3 118.1 74.9
8.800000 3 233.8 179.3 117.9 74.9
8.833333 3 232.1 179.1 118.5 75.6
8.866667 3 231.3 180.0 117.6 74.6
8.900000 3 229.6 180.2 118.3 75.1
8.933333 3 228.2 180.8 118.4 74.8
8.966667 3 226.5 180.8 119.4 75.7
9.000000 3 225.1 181.9 118.7 75.1
9.033333 3 223.7 182.7 118.3 74.8
9.066667 3 222.1 183.3 118.6 75.0
9.100000 3 220.1 183.9 118.9 75.2
9.133333 3 218.8 185.0 118.5 74.7
9.166667 3 217.2 186.0 118.9 75.2
9.200000 3 215.8 187.8 118.5 74.5
9.233333 3 214.2 188.5 118.7 74.5
9.266667 3 212.5 189.3 118.6 74.7
9.300000 3 211.2 190.4 118.2 74.2
9.333333 3 209.7 191.2 118.3 74.1
9.366667 3 208.1 191.9 118.1 73.8
9.400000 3 206.3 192.3 118.3 73.9
9.433333 3 204.3 192.6 118.9 74.4
9.466667 3 203.1 193.3 118.3 74.0
9.500000 3 201.4 193.4 118.8 74.5
9.533333 3 200.3 193.7 118.1 73.6
9.566667 3 198.4 193.8 118.6 73.8
9.600000 3 197.3 194.4 118.2 73.6
9.633333 3 195.5 193.9 118.7 74.0
9.666667 3 194.3 194.4 118.1 73.4
9.700000 3 193.1 195.7 117.4 72.6
9.733333 3 191.7 196.1 117.3 72.4
9.766667 3 189.9 196.0 117.8 73.0
9.800000 3 188.8 196.3 118.0 73.2
9.833333 3 187.7 196.1 117.7 73.0
9.866667 3 186.8 195.8 117.7 73.0
9.900000 3 186.0 195.9 118.2 73.2
9.933333 3 184.9 195.7 118.9 73.8
9.966667 3 184.5 196.4 119.0 73.4
10.000000 3 184.5 196.6 117.9 72.6
10.033333 3 184.1 196.6 118.1 72.8
10.066667 3 184.0 196.9 117.7 72.3
10.100000 3 183.9 196.6 117.9 72.5
10.133333 3 183.8 196.3 117.8 72.5
10.166667 3 183.7 195.9 117.8 72.5
10.200000 3 183.7 195.8 117.5 72.0
10.233333 3 183.6 195.1 117.7 72.2
10.266667 3 183.3 194.1 118.4 72.8
10.300000 3 183.1 193.4 118.8 73.2
10.333333 3 182.7 192.3 119.1 73.3
10.366667 3 182.7 191.8 118.8 72.8
10.400000 3 182.3 191.0 119.2 73.0
