0.033333 3 292.0 375.0 46.0 45.0
0.066667 3 291.4 371.4 46.8 45.5
0.100000 3 290.8 367.8 47.6 46.0
0.133333 3 290.2 364.2 48.4 46.5
0.166667 3 289.6 360.6 49.2 47.0
0.200000 3 289.0 357.0 50.0 47.5
0.233333 3 288.4 353.4 50.8 48.0
0.266667 3 287.8 349.8 51.6 48.5
0.300000 3 287.2 346.2 52.4 49.0
0.333333 3 286.6 342.6 53.2 49.5
0.366667 3 286.0 339.0 54.0 50.0
0.400000 3 286.7 336.0 53.7 50.4
0.433333 3 287.4 333.0 53.4 50.8
0.466667 3 288.1 330.0 53.1 51.2
0.500000 3 288.8 327.0 52.8 51.6
0.533333 3 289.5 324.0 52.5 52.0
0.566667 3 290.2 321.0 52.2 52.4
0.600000 3 290.9 318.0 51.9 52.8
0.633333 3 291.6 315.0 51.6 53.2
0.666667 3 292.3 312.0 51.3 53.6
0.700000 3 293.0 309.0 51.0 54.0
0.733333 3 292.0 307.1 52.8 55.3
0.766667 3 291.0 305.2 54.6 56.7
0.800000 3 290.0 303.3 56.3 58.0
0.833333 3 289.0 301.4 58.1 59.3
0.866667 3 288.0 299.6 59.9 60.7
0.900000 3 287.0 297.7 61.7 62.0
0.933333 3 286.0 295.8 63.4 63.3
0.966667 3 285.0 293.9 65.2 64.7
1.000000 3 284.0 292.0 67.0 66.0
1.033333 3 284.3 291.5 68.1 65.9
1.066667 3 284.5 290.9 69.2 65.8
1.100000 3 284.8 290.4 70.3 65.7
1.133333 3 285.1 289.8 71.4 65.6
1.166667 3 285.4 289.3 72.5 65.5
1.200000 3 285.6 288.7 73.5 65.5
1.233333 3 285.9 288.2 74.6 65.4
1.266667 3 286.2 287.6 75.7 65.3
1.300000 3 286.5 287.1 76.8 65.2
1.333333 3 286.7 286.5 77.9 65.1
1.366667 3 287.0 286.0 79.0 65.0
1.400000 3 287.6 283.9 78.2 66.0
1.433333 3 288.1 281.8 77.4 67.0
1.466667 3 288.7 279.7 76.7 68.0
1.500000 3 289.2 277.6 75.9 69.0
1.533333 3 289.8 275.4 75.1 70.0
1.566667 3 290.3 273.3 74.3 71.0
1.600000 3 290.9 271.2 73.6 72.0
1.633333 3 291.4 269.1 72.8 73.0
1.666667 3 292.0 267.0 72.0 74.0
1.700000 3 290.2 264.7 73.0 74.9
1.733333 3 288.5 262.5 74.0 75.8
1.766667 3 286.7 260.2 75.0 76.6
1.800000 3 285.0 258.0 76.0 77.5
1.833333 3 283.2 255.7 77.0 78.4
1.866667 3 281.5 253.5 78.0 79.3
1.900000 3 279.7 251.2 79.0 80.1
1.933333 3 278.0 249.0 80.0 81.0
1.966667 3 274.6 246.6 81.7 81.7
2.000000 3 271.1 244.1 83.4 82.4
2.033333 3 267.7 241.7 85.1 83.1
2.066667 3 264.3 239.3 86.9 83.9
2.100000 3 260.9 236.9 88.6 84.6
2.133333 3 257.4 234.4 90.3 85.3
2.166667 3 254.0 232.0 92.0 86.0
2.200000 3 253.7 229.9 92.9 87.4
2.233333 3 253.4 227.8 93.8 88.8
2.266667 3 253.1 225.7 94.7 90.2
2.300000 3 252.8 223.6 95.6 91.6
2.333333 3 252.5 221.5 96.5 93.0
2.366667 3 252.2 219.4 97.4 94.4
2.400000 3 251.9 217.3 98.3 95.8
2.433333 3 251.6 215.2 99.2 97.2
2.466667 3 251.3 213.1 100.1 98.6
2.500000 3 251.0 211.0 101.0 100.0
2.533333 3 251.1 208.0 101.2 100.6
2.566667 3 251.2 205.0 101.4 101.1
2.600000 3 251.3 202.0 101.7 101.7
2.633333 3 251.4 199.0 101.9 102.2
2.666667 3 251.6 196.0 102.1 102.8
2.700000 3 251.7 193.0 102.3 103.3
2.733333 3 251.8 190.0 102.6 103.9
2.766667 3 251.9 187.0 102.8 104.4
2.800000 3 252.0 184.0 103.0 105.0
2.833333 3 251.3 182.8 104.3 104.5
2.866667 3 250.6 181.6 105.6 104.0
2.900000 3 249.9 180.4 106.9 103.5
2.933333 3 249.2 179.2 108.2 103.0
2.966667 3 248.5 178.0 109.5 102.5
3.000000 3 247.8 176.8 110.8 102.0
3.033333 3 247.1 175.6 112.1 101.5
3.066667 3 246.4 174.4 113.4 101.0
3.100000 3 245.7 173.2 114.7 100.5
3.133333 3 245.0 172.0 116.0 100.0
3.166667 3 243.3 173.0 115.4 100.1
3.200000 3 241.7 174.0 114.9 100.2
3.233333 3 240.0 175.0 114.3 100.3
3.266667 3 238.3 176.0 113.8 100.4
3.300000 3 236.7 177.0 113.2 100.6
3.333333 3 235.0 178.0 112.7 100.7
3.366667 3 233.3 179.0 112.1 100.8
3.400000 3 231.7 180.0 111.6 100.9
3.433333 3 230.0 181.0 111.0 101.0
3.466667 3 228.4 179.2 111.1 101.1
3.500000 3 226.7 177.5 111.3 101.3
3.533333 3 225.1 175.7 111.4 101.4
3.566667 3 223.5 174.0 111.5 101.5
3.600000 3 221.9 172.2 111.6 101.6
3.633333 3 220.2 170.5 111.8 101.8
3.666667 3 218.6 168.7 111.9 101.9
3.700000 3 217.0 167.0 112.0 102.0
3.733333 3 215.4 165.2 112.1 102.1
3.766667 3 213.7 163.5 112.3 102.3
3.800000 3 212.1 161.7 112.4 102.4
3.833333 3 210.5 160.0 112.5 102.5
3.866667 3 208.9 158.2 112.6 102.6
3.900000 3 207.2 156.5 112.8 102.8
3.933333 3 205.6 154.7 112.9 102.9
3.966667 3 204.0 153.0 113.0 103.0
4.000000 3 205.7 153.9 113.9 103.3
4.033333 3 207.5 154.9 114.8 103.6
4.066667 3 209.2 155.8 115.7 103.9
4.100000 3 211.0 156.8 116.6 104.2
4.133333 3 212.7 157.7 117.5 104.5
4.166667 3 214.5 158.7 118.4 104.8
4.200000 3 216.2 159.6 119.3 105.1
4.233333 3 218.0 160.6 120.2 105.4
4.266667 3 219.7 161.5 121.1 105.7
4.300000 3 221.5 162.5 122.0 106.0
4.333333 3 223.2 163.4 122.9 106.3
4.366667 3 225.0 164.4 123.8 106.6
4.400000 3 226.7 165.3 124.7 106.9
4.433333 3 228.5 166.3 125.6 107.2
4.466667 3 230.2 167.2 126.5 107.5
4.500000 3 232.0 168.2 127.4 107.8
4.533333 3 233.7 169.1 128.3 108.1
4.566667 3 235.5 170.1 129.2 108.4
4.600000 3 237.2 171.0 130.1 108.7
4.633333 3 239.0 172.0 131.0 109.0
4.666667 3 237.8 172.4 131.8 108.7
4.700000 3 236.5 172.8 132.5 108.4
4.733333 3 235.3 173.2 133.3 108.1
4.766667 3 234.1 173.5 134.1 107.8
4.800000 3 232.8 173.9 134.8 107.5
4.833333 3 231.6 174.3 135.6 107.2
4.866667 3 230.4 174.7 136.4 106.8
4.900000 3 229.2 175.1 137.2 106.5
4.933333 3 227.9 175.5 137.9 106.2
4.966667 3 226.7 175.8 138.7 105.9
5.000000 3 225.5 176.2 139.5 105.6
5.033333 3 224.2 176.6 140.2 105.3
5.066667 3 223.0 177.0 141.0 105.0
5.100000 3 222.1 175.6 141.6 105.6
5.133333 3 221.2 174.2 142.2 106.2
5.166667 3 220.2 172.8 142.8 106.8
5.200000 3 219.3 171.5 143.5 107.5
5.233333 3 218.4 170.1 144.1 108.1
5.266667 3 217.5 168.7 144.7 108.7
5.300000 3 216.5 167.3 145.3 109.3
5.333333 3 215.6 165.9 145.9 109.9
5.366667 3 214.7 164.5 146.5 110.5
5.400000 3 213.8 163.2 147.2 111.2
5.433333 3 212.8 161.8 147.8 111.8
5.466667 3 211.9 160.4 148.4 112.4
5.500000 3 211.0 159.0 149.0 113.0
5.533333 3 213.2 158.6 147.3 112.3
5.566667 3 215.4 158.2 145.6 111.6
5.600000 3 217.6 157.8 143.9 110.9
5.633333 3 219.8 157.4 142.2 110.2
5.666667 3 222.0 157.0 140.5 109.5
5.700000 3 224.2 156.6 138.8 108.8
5.733333 3 226.4 156.2 137.1 108.1
5.766667 3 228.6 155.8 135.4 107.4
5.800000 3 230.8 155.4 133.7 106.7
5.833333 3 233.0 155.0 132.0 106.0
5.866667 3 231.7 154.4 133.1 106.7
5.900000 3 230.4 153.9 134.3 107.4
5.933333 3 229.1 153.3 135.4 108.1
5.966667 3 227.9 152.7 136.6 108.9
6.000000 3 226.6 152.1 137.7 109.6
6.033333 3 225.3 151.6 138.9 110.3
6.066667 3 224.0 151.0 140.0 111.0
6.100000 3 222.0 151.7 140.2 110.6
6.133333 3 220.0 152.3 140.4 110.1
6.166667 3 218.0 153.0 140.7 109.7
6.200000 3 216.0 153.7 140.9 109.2
6.233333 3 214.0 154.3 141.1 108.8
6.266667 3 212.0 155.0 141.3 108.3
6.300000 3 210.0 155.7 141.6 107.9
6.333333 3 208.0 156.3 141.8 107.4
6.366667 3 206.0 157.0 142.0 107.0
6.400000 3 203.3 159.3 142.7 106.9
6.433333 3 200.6 161.6 143.4 106.8
6.466667 3 197.9 163.9 144.1 106.7
6.500000 3 195.2 166.2 144.8 106.6
6.533333 3 192.5 168.5 145.5 106.5
6.566667 3 189.8 170.8 146.2 106.4
6.600000 3 187.1 173.1 146.9 106.3
6.633333 3 184.4 175.4 147.6 106.2
6.666667 3 181.7 177.7 148.3 106.1
6.700000 3 179.0 180.0 149.0 106.0
6.733333 3 182.2 178.9 146.9 106.2
6.766667 3 185.4 177.8 144.8 106.4
6.800000 3 188.6 176.7 142.7 106.6
6.833333 3 191.8 175.6 140.6 106.8
6.866667 3 195.0 174.5 138.5 107.0
6.900000 3 198.2 173.4 136.4 107.2
6.933333 3 201.4 172.3 134.3 107.4
6.966667 3 204.6 171.2 132.2 107.6
7.000000 3 207.8 170.1 130.1 107.8
7.033333 3 211.0 169.0 128.0 108.0
7.066667 3 211.8 166.2 126.2 107.6
7.100000 3 212.5 163.5 124.5 107.2
7.133333 3 213.3 160.7 122.7 106.9
7.166667 3 214.0 158.0 121.0 106.5
7.200000 3 214.8 155.2 119.2 106.1
7.233333 3 215.5 152.5 117.5 105.7
7.266667 3 216.3 149.7 115.7 105.4
7.300000 3 217.0 147.0 114.0 105.0
7.333333 3 219.8 149.7 113.9 104.4
7.366667 3 222.6 152.5 113.8 103.7
7.400000 3 225.5 155.2 113.7 103.1
7.433333 3 228.3 157.9 113.6 102.5
7.466667 3 231.1 160.6 113.5 101.8
7.500000 3 233.9 163.4 113.5 101.2
7.533333 3 236.7 166.1 113.4 100.5
7.566667 3 239.5 168.8 113.3 99.9
7.600000 3 242.4 171.5 113.2 99.3
7.633333 3 245.2 174.3 113.1 98.6
7.666667 3 248.0 177.0 113.0 98.0
7.700000 3 249.2 177.7 113.6 98.9
7.733333 3 250.4 178.4 114.2 99.8
7.766667 3 251.6 179.1 114.8 100.7
7.800000 3 252.8 179.8 115.4 101.6
7.833333 3 254.0 180.5 116.0 102.5
7.866667 3 255.2 181.2 116.6 103.4
7.900000 3 256.4 181.9 117.2 104.3
7.933333 3 257.6 182.6 117.8 105.2
7.966667 3 258.8 183.3 118.4 106.1
8.000000 3 260.0 184.0 119.0 107.0
8.033333 3 260.6 183.4 117.7 106.5
8.066667 3 261.2 182.8 116.4 106.0
8.100000 3 261.8 182.2 115.1 105.5
8.133333 3 262.4 181.6 113.8 105.0
8.166667 3 263.0 181.0 112.5 104.5
8.200000 3 263.6 180.4 111.2 104.0
8.233333 3 264.2 179.8 109.9 103.5
8.266667 3 264.8 179.2 108.6 103.0
8.300000 3 265.4 178.6 107.3 102.5
8.333333 3 266.0 178.0 106.0 102.0
8.366667 3 266.6 177.2 105.7 102.1
8.400000 3 267.2 176.5 105.5 102.2
8.433333 3 267.8 175.7 105.2 102.3
8.466667 3 268.3 175.0 105.0 102.3
8.500000 3 268.9 174.2 104.7 102.4
8.533333 3 269.5 173.5 104.5 102.5
8.566667 3 270.1 172.7 104.2 102.6
8.600000 3 270.7 172.0 104.0 102.7
8.633333 3 271.3 171.2 103.7 102.8
8.666667 3 271.8 170.5 103.5 102.8
8.700000 3 272.4 169.7 103.2 102.9
8.733333 3 273.0 169.0 103.0 103.0
8.766667 3 271.2 172.3 102.4 101.1
8.800000 3 269.4 175.7 101.9 99.2
8.833333 3 267.7 179.0 101.3 97.3
8.866667 3 265.9 182.3 100.8 95.4
8.900000 3 264.1 185.7 100.2 93.6
8.933333 3 262.3 189.0 99.7 91.7
8.966667 3 260.6 192.3 99.1 89.8
9.000000 3 258.8 195.7 98.6 87.9
9.033333 3 257.0 199.0 98.0 86.0
9.066667 3 254.4 200.2 98.1 86.4
9.100000 3 251.9 201.4 98.2 86.9
9.133333 3 249.3 202.7 98.3 87.3
9.166667 3 246.8 203.9 98.4 87.8
9.200000 3 244.2 205.1 98.6 88.2
9.233333 3 241.7 206.3 98.7 88.7
9.266667 3 239.1 207.6 98.8 89.1
9.300000 3 236.6 208.8 98.9 89.6
9.333333 3 234.0 210.0 99.0 90.0
9.366667 3 233.1 210.7 97.8 90.4
9.400000 3 232.2 211.5 96.6 90.7
9.433333 3 231.3 212.2 95.5 91.1
9.466667 3 230.4 212.9 94.3 91.5
9.500000 3 229.5 213.6 93.1 91.8
9.533333 3 228.5 214.4 91.9 92.2
9.566667 3 227.6 215.1 90.7 92.5
9.600000 3 226.7 215.8 89.5 92.9
9.633333 3 225.8 216.5 88.4 93.3
9.666667 3 224.9 217.3 87.2 93.6
9.700000 3 224.0 218.0 86.0 94.0
9.733333 3 222.7 218.7 87.4 92.9
9.766667 3 221.3 219.3 88.9 91.8
9.800000 3 220.0 220.0 90.3 90.7
9.833333 3 218.7 220.7 91.8 89.6
9.866667 3 217.3 221.3 93.2 88.4
9.900000 3 216.0 222.0 94.7 87.3
9.933333 3 214.7 222.7 96.1 86.2
9.966667 3 213.3 223.3 97.6 85.1
10.000000 3 212.0 224.0 99.0 84.0
10.033333 3 212.2 224.4 98.3 84.0
10.066667 3 212.5 224.8 97.6 84.0
10.100000 3 212.7 225.2 96.9 84.0
10.133333 3 212.9 225.5 96.2 84.0
10.166667 3 213.2 225.9 95.5 84.0
10.200000 3 213.4 226.3 94.8 84.0
10.233333 3 213.6 226.7 94.2 84.0
10.266667 3 213.8 227.1 93.5 84.0
10.300000 3 214.1 227.5 92.8 84.0
10.333333 3 214.3 227.8 92.1 84.0
10.366667 3 214.5 228.2 91.4 84.0
10.400000 3 214.8 228.6 90.7 84.0
10.433333 3 215.0 229.0 90.0 84.0
