0.000000 3 231.0 208.0 15.0 20.0
0.033333 3 231.0 206.0 12.0 22.0
0.066667 3 231.0 210.0 14.0 15.0
0.100000 3 232.0 207.0 16.0 20.0
0.133333 3 234.0 205.0 15.0 21.0
0.166667 3 233.0 206.0 15.0 22.0
0.200000 3 234.0 209.0 15.0 24.0
0.233333 3 234.0 205.0 20.0 24.0
0.266667 3 234.0 206.0 19.0 26.0
0.300000 3 236.0 206.0 12.0 20.0
0.333333 3 236.0 205.0 16.0 22.0
0.366667 3 237.0 205.0 10.0 21.0
0.400000 3 234.0 208.0 20.0 21.0
0.433333 3 234.0 206.0 19.0 20.0
0.466667 3 235.0 208.0 17.0 20.0
0.500000 3 237.0 205.0 18.0 25.0
0.533333 3 236.0 208.0 17.0 19.0
0.566667 3 239.0 208.0 18.0 22.0
0.600000 3 237.0 208.0 18.0 20.0
0.633333 3 238.0 207.0 18.0 23.0
0.666667 3 240.0 211.0 19.0 21.0
0.700000 3 240.0 208.0 18.0 19.0
0.733333 3 240.0 205.0 20.0 25.0
0.766667 3 240.5 204.9 20.6 25.6
0.800000 3 239.6 202.9 24.2 29.6
0.833333 3 239.6 203.0 24.1 29.4
0.866667 3 241.1 204.6 21.9 26.6
0.900000 3 243.0 206.0 19.8 24.7
0.933333 3 242.9 206.0 19.8 24.7
0.966667 3 240.8 202.7 25.7 31.2
1.000000 3 244.0 206.0 20.1 25.0
1.033333 3 244.0 206.0 20.1 25.0
1.066667 3 244.4 205.8 20.9 25.8
1.100000 3 245.4 205.8 20.9 25.8
1.133333 3 245.4 205.8 20.9 25.9
1.166667 3 243.4 203.8 26.0 31.4
1.200000 3 246.7 206.8 20.6 25.6
1.233333 3 246.7 206.8 20.6 25.6
1.266667 3 246.1 205.5 23.3 28.9
1.300000 3 244.1 202.9 29.0 34.9
1.333333 3 244.1 202.8 29.0 35.0
1.366667 3 247.6 206.6 22.5 27.2
1.400000 3 248.2 206.6 23.1 28.4
1.433333 3 248.2 206.6 23.1 28.5
1.466667 3 248.7 206.8 22.8 27.9
1.500000 3 248.3 206.6 25.7 30.7
1.533333 3 248.3 206.5 25.8 30.7
1.566667 3 248.3 206.0 26.2 31.9
1.600000 3 250.3 207.5 24.0 30.0
1.633333 3 250.4 207.6 23.9 29.8
1.666667 3 248.6 205.4 28.1 35.0
1.700000 3 250.7 208.6 24.7 29.3
1.733333 3 250.7 208.6 24.7 29.4
1.766667 3 249.5 206.3 28.1 34.6
1.800000 3 250.5 207.8 27.3 32.3
1.833333 3 250.5 207.7 27.4 32.4
1.866667 3 249.9 206.3 29.3 36.0
1.900000 3 251.4 207.3 28.3 35.3
1.933333 3 251.3 207.2 28.6 35.7
1.966667 3 252.3 208.7 26.8 32.9
2.000000 3 254.8 210.7 24.0 29.9
2.033333 3 254.8 210.7 23.9 29.8
2.066667 3 254.8 210.7 23.9 29.8
2.100000 3 253.0 208.9 29.1 35.4
2.133333 3 253.0 208.9 28.9 35.3
2.166667 3 255.9 212.1 24.0 29.0
2.200000 3 255.3 210.7 27.0 32.9
2.233333 3 255.3 210.8 26.9 32.7
2.266667 3 257.3 213.3 23.2 28.3
2.300000 3 256.7 212.3 26.0 31.7
2.333333 3 256.7 212.3 26.0 31.7
2.366667 3 257.8 213.8 24.3 29.1
2.400000 3 258.2 213.3 25.1 30.7
2.433333 3 258.2 213.3 25.0 30.6
2.466667 3 257.8 213.7 26.2 30.7
2.500000 3 258.0 213.0 27.0 33.7
2.533333 3 257.8 212.8 27.5 34.3
2.566667 3 258.8 214.4 26.0 31.4
2.600000 3 260.7 217.1 22.2 26.7
2.633333 3 260.8 217.1 22.1 26.6
2.666667 3 258.7 213.8 27.8 34.6
2.700000 3 261.8 217.7 22.3 27.1
2.733333 3 261.8 217.7 22.3 27.1
2.766667 3 258.2 213.1 30.7 36.7
2.800000 3 261.8 217.3 24.3 29.0
2.833333 3 261.8 217.3 24.4 29.1
2.866667 3 262.5 217.9 23.4 28.9
2.900000 3 262.6 218.1 24.7 29.3
2.933333 3 262.5 218.0 24.8 29.5
2.966667 3 262.1 216.3 26.8 33.2
3.000000 3 263.7 219.4 24.3 28.7
3.033333 3 263.6 219.3 24.5 28.8
3.066667 3 263.5 218.0 25.8 31.7
3.100000 3 263.0 217.4 27.5 33.3
3.133333 3 263.2 217.6 27.1 32.8
3.166667 3 265.9 221.1 22.0 26.8
3.200000 3 263.4 217.7 28.3 34.7
3.233333 3 263.4 217.6 28.3 34.7
3.266667 3 264.2 218.7 27.1 32.6
3.300000 3 266.5 221.8 23.2 27.9
3.333333 3 266.5 221.7 23.3 27.9
3.366667 3 264.6 219.0 27.8 33.9
3.400000 3 267.5 222.5 22.4 27.9
3.433333 3 267.8 222.7 21.9 27.4
3.466667 3 268.3 223.6 21.2 25.5
3.500000 3 267.9 223.5 22.7 27.9
3.533333 3 268.0 223.5 22.6 27.9
3.566667 3 267.5 222.7 23.7 29.5
3.600000 3 267.9 223.1 23.7 29.3
3.633333 3 267.7 223.1 24.0 29.4
3.666667 3 267.9 223.3 23.6 29.0
3.700000 3 268.9 225.0 22.1 26.4
3.733333 3 269.0 225.2 21.8 26.1
3.766667 3 269.3 225.4 21.4 25.8
3.800000 3 268.5 224.6 23.7 29.2
3.833333 3 268.4 224.5 24.0 29.5
3.866667 3 267.3 223.5 26.7 32.1
3.900000 3 268.5 224.9 24.3 29.4
3.933333 3 268.8 225.2 23.6 28.7
3.966667 3 270.6 227.0 20.3 25.3
4.000000 3 271.1 228.3 19.6 24.2
4.033333 3 271.1 228.2 19.7 24.2
4.066667 3 271.1 228.3 19.7 24.2
4.100000 3 271.5 228.7 19.1 23.7
4.133333 3 271.0 228.3 20.0 24.6
4.166667 3 268.6 225.1 25.6 31.8
4.200000 3 268.4 225.7 25.9 31.4
4.233333 3 268.4 225.7 25.9 31.4
4.266667 3 269.2 226.9 24.3 30.2
4.300000 3 269.5 226.9 24.2 30.2
4.333333 3 269.5 226.9 24.3 30.2
4.366667 3 269.5 226.9 24.3 30.3
4.400000 3 269.5 228.0 24.3 29.5
4.433333 3 269.4 228.0 24.4 29.6
4.466667 3 272.3 230.9 19.1 23.6
4.500000 3 272.2 231.0 19.8 24.4
4.533333 3 272.1 230.9 19.9 24.6
4.566667 3 272.4 231.5 19.2 23.7
4.600000 3 272.3 231.7 19.4 23.9
4.633333 3 272.4 231.8 19.2 23.8
4.666667 3 272.4 231.9 19.2 23.6
4.700000 3 272.4 231.9 19.2 23.7
4.733333 3 272.4 231.9 19.3 23.7
4.766667 3 271.1 230.9 21.8 26.1
4.800000 3 269.1 228.3 26.8 32.1
4.833333 3 269.0 228.3 26.8 32.1
4.866667 3 269.0 228.2 27.0 32.5
4.900000 3 271.8 231.1 21.8 26.9
4.933333 3 271.9 231.3 21.5 26.6
4.966667 3 271.9 231.5 21.5 26.9
5.000000 3 272.6 232.5 20.6 24.8
5.033333 3 272.6 232.5 20.5 24.6
5.066667 3 273.3 233.6 19.5 24.1
5.100000 3 273.7 233.9 18.7 23.3
5.133333 3 273.7 233.9 18.7 23.3
5.166667 3 273.4 233.6 19.3 23.9
5.200000 3 272.6 233.3 21.1 25.9
5.233333 3 272.7 233.3 21.1 25.9
5.266667 3 272.1 232.9 22.2 26.8
5.300000 3 270.6 231.5 26.0 30.4
5.333333 3 270.7 231.6 25.8 30.1
5.366667 3 271.9 232.8 23.3 27.8
5.400000 3 273.6 234.3 20.2 24.7
5.433333 3 273.5 234.2 20.4 24.8
5.466667 3 274.9 235.5 18.0 22.3
5.500000 3 274.5 235.3 18.8 23.2
5.533333 3 274.5 235.4 18.7 23.1
5.566667 3 274.9 236.0 18.2 22.6
5.600000 3 270.9 231.8 26.9 31.8
5.633333 3 271.0 231.8 26.7 31.8
5.666667 3 272.7 233.3 23.8 28.7
5.700000 3 274.0 234.7 21.4 26.1
5.733333 3 274.0 234.7 21.4 26.1
5.766667 3 275.1 236.1 19.4 24.0
5.800000 3 274.5 235.5 21.3 25.9
5.833333 3 274.5 235.5 21.3 25.9
5.866667 3 274.4 235.7 21.4 26.0
5.900000 3 269.8 230.5 31.4 36.8
5.933333 3 269.9 230.6 31.3 36.7
5.966667 3 269.9 230.6 31.4 36.8
6.000000 3 275.4 236.2 20.7 25.4
6.033333 3 275.1 235.8 21.4 26.2
6.066667 3 275.4 236.1 20.8 25.6
6.100000 3 274.8 235.6 22.0 27.1
6.133333 3 274.3 235.1 22.9 28.1
6.166667 3 275.9 236.5 20.3 25.2
6.200000 3 274.5 235.5 23.4 28.7
6.233333 3 274.5 235.5 23.5 28.7
6.266667 3 270.8 231.2 31.6 37.1
6.300000 3 276.0 236.4 21.6 26.8
6.333333 3 276.0 236.4 21.6 26.8
6.366667 3 275.6 236.6 22.3 27.4
6.400000 3 276.7 237.9 20.6 25.4
6.433333 3 276.7 237.9 20.5 25.3
6.466667 3 275.3 236.2 23.8 28.8
6.500000 3 271.5 231.8 32.1 37.7
6.533333 3 271.6 231.8 31.9 37.6
6.566667 3 271.4 231.7 32.2 38.0
6.600000 3 276.1 236.4 23.3 29.0
6.633333 3 276.1 236.4 23.4 29.1
6.666667 3 276.9 237.6 21.9 27.3
6.700000 3 277.0 237.6 22.0 27.2
6.733333 3 276.9 237.5 22.2 27.5
6.766667 3 275.6 236.1 25.3 30.8
6.800000 3 275.3 235.6 26.0 31.8
6.833333 3 275.4 235.6 25.9 31.7
6.866667 3 272.4 232.4 32.6 39.2
6.900000 3 277.1 237.4 23.4 28.9
6.933333 3 277.2 237.4 23.4 28.8
6.966667 3 277.5 237.7 23.2 28.3
7.000000 3 276.5 236.2 25.7 31.7
7.033333 3 276.5 236.2 25.7 31.7
7.066667 3 276.5 236.1 25.9 31.9
7.100000 3 274.6 234.5 30.1 36.5
7.133333 3 274.5 234.4 30.3 36.7
7.166667 3 278.1 238.3 23.4 28.7
7.200000 3 278.5 239.0 22.9 27.5
7.233333 3 278.5 239.0 22.9 27.5
7.266667 3 278.5 239.0 22.9 27.5
7.300000 3 277.4 237.1 25.9 32.0
7.333333 3 277.4 237.1 25.8 31.9
7.366667 3 278.2 237.5 25.2 31.3
7.400000 3 280.3 240.2 21.3 26.1
7.433333 3 280.0 239.8 22.0 26.9
7.466667 3 280.6 240.4 20.9 25.9
7.500000 3 280.5 240.5 21.2 26.2
7.533333 3 280.4 240.5 21.4 26.3
7.566667 3 280.2 240.1 22.0 27.2
7.600000 3 278.5 238.0 25.8 31.7
7.633333 3 278.5 238.0 25.8 31.6
7.666667 3 276.4 236.2 30.3 36.3
7.700000 3 281.7 241.8 20.5 25.4
7.733333 3 281.6 241.8 20.6 25.5
7.766667 3 281.6 241.7 20.8 25.6
7.800000 3 280.5 240.1 23.5 29.0
7.833333 3 280.6 240.1 23.4 28.9
7.866667 3 277.2 236.2 30.8 37.2
7.900000 3 280.4 239.7 24.8 30.4
7.933333 3 280.2 239.6 25.1 30.8
7.966667 3 280.7 240.4 24.2 29.3
8.000000 3 282.1 241.7 22.3 27.7
8.033333 3 281.9 241.5 22.6 28.1
8.066667 3 281.6 241.1 23.4 29.0
8.100000 3 278.5 237.7 29.8 35.9
8.133333 3 278.6 237.8 29.7 35.8
8.166667 3 276.6 235.4 34.0 40.6
8.200000 3 280.5 239.5 26.7 33.0
8.233333 3 280.5 239.5 26.6 33.0
8.266667 3 281.8 240.9 24.6 29.9
8.300000 3 281.6 240.5 25.2 30.6
8.333333 3 281.7 240.6 24.9 30.4
8.366667 3 279.1 237.9 30.8 37.7
8.400000 3 279.8 238.5 30.2 36.9
8.433333 3 280.4 239.3 28.9 35.5
8.466667 3 280.9 240.1 27.9 34.5
8.500000 3 282.4 241.6 25.7 32.0
8.533333 3 281.9 241.1 26.8 33.2
8.566667 3 282.1 241.4 26.3 32.6
8.600000 3 277.0 235.4 37.4 45.3
8.633333 3 277.1 235.5 37.3 45.1
8.666667 3 282.3 241.8 27.4 32.7
8.700000 3 282.6 242.3 26.8 32.1
8.733333 3 282.7 242.4 26.6 31.9
8.766667 3 281.3 241.6 29.7 34.8
8.800000 3 281.3 240.8 30.2 36.4
8.833333 3 281.4 240.8 30.1 36.4
8.866667 3 281.3 240.5 30.3 37.1
8.900000 3 282.0 240.8 29.7 36.6
8.933333 3 281.9 240.7 29.9 36.8
8.966667 3 282.4 241.4 28.9 35.3
9.000000 3 283.5 243.3 27.4 32.9
9.033333 3 283.6 243.4 27.3 32.8
9.066667 3 283.6 243.2 27.3 33.1
9.100000 3 283.3 242.2 29.0 36.0
9.133333 3 283.4 242.3 28.8 35.8
9.166667 3 283.3 242.4 29.0 35.7
9.200000 3 285.2 245.1 25.5 30.5
9.233333 3 285.2 245.1 25.6 30.5
9.266667 3 285.3 245.1 25.7 31.1
9.300000 3 284.6 244.8 27.3 32.6
9.333333 3 284.6 244.9 27.2 32.5
9.366667 3 282.7 241.7 31.9 39.0
9.400000 3 282.9 241.9 31.5 38.5
9.433333 3 282.9 242.0 31.4 38.4
9.466667 3 282.5 242.3 32.1 38.8
9.500000 3 286.4 246.5 25.0 30.2
9.533333 3 286.4 246.5 25.1 30.2
9.566667 3 285.5 246.0 27.0 32.1
9.600000 3 286.9 247.4 24.5 29.9
9.633333 3 286.9 247.5 24.5 29.8
9.666667 3 286.4 247.5 25.5 30.5
9.700000 3 286.4 246.3 26.8 33.2
9.733333 3 286.4 246.3 26.8 33.2
9.766667 3 286.4 246.3 26.8 33.2
9.800000 3 287.1 247.5 25.5 30.8
9.833333 3 287.1 247.4 25.5 30.9
9.866667 3 288.6 249.1 22.5 27.8
9.900000 3 288.6 249.3 22.7 27.6
9.933333 3 288.7 249.4 22.7 27.6
9.966667 3 285.5 247.1 29.4 33.6
