0.000000 3 293.0 194.0 29.0 19.0
0.033333 3 293.2 193.8 29.1 19.1
0.066667 3 293.5 193.5 29.2 19.2
0.100000 3 293.7 193.3 29.4 19.4
0.133333 3 294.0 193.0 29.5 19.5
0.166667 3 294.2 192.8 29.6 19.6
0.200000 3 294.5 192.5 29.7 19.7
0.233333 3 294.7 192.3 29.9 19.9
0.266667 3 295.0 192.0 30.0 20.0
0.300000 3 295.3 191.9 29.9 19.9
0.333333 3 295.5 191.7 29.9 19.7
0.366667 3 295.8 191.6 29.8 19.6
0.400000 3 296.1 191.5 29.7 19.5
0.433333 3 296.3 191.3 29.7 19.3
0.466667 3 296.6 191.2 29.6 19.2
0.500000 3 296.9 191.1 29.5 19.1
0.533333 3 297.1 190.9 29.5 18.9
0.566667 3 297.4 190.8 29.4 18.8
0.600000 3 297.7 190.7 29.3 18.7
0.633333 3 297.9 190.5 29.3 18.5
0.666667 3 298.2 190.4 29.2 18.4
0.700000 3 298.5 190.3 29.1 18.3
0.733333 3 298.7 190.1 29.1 18.1
0.766667 3 299.0 190.0 29.0 18.0
0.800000 3 299.1 189.7 29.0 18.2
0.833333 3 299.2 189.3 29.0 18.4
0.866667 3 299.3 189.0 29.0 18.7
0.900000 3 299.4 188.7 29.0 18.9
0.933333 3 299.6 188.3 29.0 19.1
0.966667 3 299.7 188.0 29.0 19.3
1.000000 3 299.8 187.7 29.0 19.6
1.033333 3 299.9 187.3 29.0 19.8
1.066667 3 300.0 187.0 29.0 20.0
1.100000 3 300.2 187.0 29.2 19.9
1.133333 3 300.4 187.0 29.4 19.8
1.166667 3 300.7 187.0 29.7 19.7
1.200000 3 300.9 187.0 29.9 19.6
1.233333 3 301.1 187.0 30.1 19.4
1.266667 3 301.3 187.0 30.3 19.3
1.300000 3 301.6 187.0 30.6 19.2
1.333333 3 301.8 187.0 30.8 19.1
1.366667 3 302.0 187.0 31.0 19.0
1.400000 3 302.3 186.8 31.1 19.3
1.433333 3 302.5 186.7 31.2 19.5
1.466667 3 302.8 186.5 31.3 19.8
1.500000 3 303.0 186.3 31.3 20.0
1.533333 3 303.3 186.2 31.4 20.3
1.566667 3 303.5 186.0 31.5 20.5
1.600000 3 303.8 185.8 31.6 20.8
1.633333 3 304.0 185.7 31.7 21.0
1.666667 3 304.3 185.5 31.8 21.3
1.700000 3 304.5 185.3 31.8 21.5
1.733333 3 304.8 185.2 31.9 21.8
1.766667 3 305.0 185.0 32.0 22.0
1.800000 3 304.7 184.7 32.0 21.9
1.833333 3 304.3 184.3 32.0 21.8
1.866667 3 304.0 184.0 32.0 21.7
1.900000 3 303.7 183.7 32.0 21.6
1.933333 3 303.3 183.3 32.0 21.4
1.966667 3 303.0 183.0 32.0 21.3
2.000000 3 302.7 182.7 32.0 21.2
2.033333 3 302.3 182.3 32.0 21.1
2.066667 3 302.0 182.0 32.0 21.0
2.100000 3 301.9 181.7 31.8 21.0
2.133333 3 301.7 181.4 31.6 21.0
2.166667 3 301.6 181.1 31.4 21.0
2.200000 3 301.4 180.9 31.1 21.0
2.233333 3 301.3 180.6 30.9 21.0
2.266667 3 301.1 180.3 30.7 21.0
2.300000 3 301.0 180.0 30.5 21.0
2.333333 3 300.9 179.7 30.3 21.0
2.366667 3 300.7 179.4 30.1 21.0
2.400000 3 300.6 179.1 29.9 21.0
2.433333 3 300.4 178.9 29.6 21.0
2.466667 3 300.3 178.6 29.4 21.0
2.500000 3 300.1 178.3 29.2 21.0
2.533333 3 300.0 178.0 29.0 21.0
2.566667 3 300.3 178.0 28.8 20.7
2.600000 3 300.7 178.0 28.7 20.3
2.633333 3 301.0 178.0 28.5 20.0
2.666667 3 301.3 178.0 28.3 19.7
2.700000 3 301.7 178.0 28.2 19.3
2.733333 3 302.0 178.0 28.0 19.0
2.766667 3 301.0 177.7 27.3 19.0
2.800000 3 300.0 177.3 26.7 19.0
2.833333 3 299.0 177.0 26.0 19.0
2.866667 3 297.7 177.0 27.0 19.3
2.900000 3 296.3 177.0 28.0 19.7
2.933333 3 295.0 177.0 29.0 20.0
2.966667 3 295.5 177.0 28.0 20.5
3.000000 3 296.0 177.0 27.0 21.0
3.033333 3 296.2 176.8 27.1 20.8
3.066667 3 296.5 176.7 27.2 20.7
3.100000 3 296.7 176.5 27.2 20.5
3.133333 3 296.9 176.4 27.3 20.4
3.166667 3 297.2 176.2 27.4 20.2
3.200000 3 297.4 176.1 27.5 20.1
3.233333 3 297.6 175.9 27.5 19.9
3.266667 3 297.8 175.8 27.6 19.8
3.300000 3 298.1 175.6 27.7 19.6
3.333333 3 298.3 175.5 27.8 19.5
3.366667 3 298.5 175.3 27.8 19.3
3.400000 3 298.8 175.2 27.9 19.2
3.433333 3 299.0 175.0 28.0 19.0
3.466667 3 298.7 175.2 28.1 19.1
3.500000 3 298.5 175.3 28.2 19.2
3.533333 3 298.2 175.5 28.3 19.3
3.566667 3 297.9 175.6 28.4 19.4
3.600000 3 297.7 175.8 28.5 19.5
3.633333 3 297.4 175.9 28.6 19.6
3.666667 3 297.2 176.1 28.7 19.7
3.700000 3 296.9 176.3 28.8 19.8
3.733333 3 296.6 176.4 28.9 19.9
3.766667 3 296.4 176.6 29.1 20.1
3.800000 3 296.1 176.7 29.2 20.2
3.833333 3 295.8 176.9 29.3 20.3
3.866667 3 295.6 177.1 29.4 20.4
3.900000 3 295.3 177.2 29.5 20.5
3.933333 3 295.1 177.4 29.6 20.6
3.966667 3 294.8 177.5 29.7 20.7
4.000000 3 294.5 177.7 29.8 20.8
4.033333 3 294.3 177.8 29.9 20.9
4.066667 3 294.0 178.0 30.0 21.0
4.100000 3 294.1 177.9 29.6 21.0
4.133333 3 294.1 177.8 29.3 21.0
4.166667 3 294.2 177.7 28.9 21.0
4.200000 3 294.2 177.6 28.5 21.0
4.233333 3 294.3 177.5 28.2 21.0
4.266667 3 294.3 177.4 27.8 21.0
4.300000 3 294.4 177.3 27.4 21.0
4.333333 3 294.4 177.2 27.1 21.0
4.366667 3 294.5 177.1 26.7 21.0
4.400000 3 294.5 176.9 26.3 21.0
4.433333 3 294.6 176.8 25.9 21.0
4.466667 3 294.6 176.7 25.6 21.0
4.500000 3 294.7 176.6 25.2 21.0
4.533333 3 294.7 176.5 24.8 21.0
4.566667 3 294.8 176.4 24.5 21.0
4.600000 3 294.8 176.3 24.1 21.0
4.633333 3 294.9 176.2 23.7 21.0
4.666667 3 294.9 176.1 23.4 21.0
4.700000 3 295.0 176.0 23.0 21.0
4.733333 3 294.6 176.1 23.0 20.8
4.766667 3 294.3 176.3 23.0 20.6
4.800000 3 293.9 176.4 23.0 20.4
4.833333 3 293.6 176.6 23.0 20.1
4.866667 3 293.2 176.7 23.0 19.9
4.900000 3 292.9 176.9 23.0 19.7
4.933333 3 292.5 177.0 23.0 19.5
4.966667 3 292.1 177.1 23.0 19.3
5.000000 3 291.8 177.3 23.0 19.1
5.033333 3 291.4 177.4 23.0 18.9
5.066667 3 291.1 177.6 23.0 18.6
5.100000 3 290.7 177.7 23.0 18.4
5.133333 3 290.4 177.9 23.0 18.2
5.166667 3 290.0 178.0 23.0 18.0
5.200000 3 290.0 178.4 23.1 18.1
5.233333 3 290.0 178.9 23.1 18.2
5.266667 3 290.0 179.3 23.2 18.3
5.300000 3 290.0 179.8 23.2 18.4
5.333333 3 290.0 180.2 23.3 18.6
5.366667 3 290.0 180.7 23.3 18.7
5.400000 3 290.0 181.1 23.4 18.8
5.433333 3 290.0 181.6 23.4 18.9
5.466667 3 290.0 182.0 23.5 19.0
5.500000 3 290.0 182.4 23.6 19.1
5.533333 3 290.0 182.9 23.6 19.2
5.566667 3 290.0 183.3 23.7 19.3
5.600000 3 290.0 183.8 23.7 19.4
5.633333 3 290.0 184.2 23.8 19.6
5.666667 3 290.0 184.7 23.8 19.7
5.700000 3 290.0 185.1 23.9 19.8
5.733333 3 290.0 185.6 23.9 19.9
5.766667 3 290.0 186.0 24.0 20.0
5.800000 3 291.0 215.0 27.0 27.0
5.833333 3 290.0 217.0 29.0 28.0
5.866667 3 290.9 218.0 28.7 28.4
5.900000 3 291.7 219.0 28.4 28.9
5.933333 3 292.6 220.0 28.1 29.3
5.966667 3 293.4 221.0 27.9 29.7
6.000000 3 294.3 222.0 27.6 30.1
6.033333 3 295.1 223.0 27.3 30.6
6.066667 3 296.0 224.0 27.0 31.0
6.100000 3 296.4 225.3 27.0 30.7
6.133333 3 296.9 226.6 27.0 30.4
6.166667 3 297.3 227.9 27.0 30.1
6.200000 3 297.7 229.1 27.0 29.9
6.233333 3 298.1 230.4 27.0 29.6
6.266667 3 298.6 231.7 27.0 29.3
6.300000 3 299.0 233.0 27.0 29.0
6.333333 3 299.6 233.8 26.8 28.8
6.366667 3 300.2 234.7 26.7 28.5
6.400000 3 300.8 235.5 26.5 28.3
6.433333 3 301.5 236.4 26.4 28.1
6.466667 3 302.1 237.2 26.2 27.8
6.500000 3 302.7 238.1 26.1 27.6
6.533333 3 303.3 238.9 25.9 27.4
6.566667 3 303.9 239.8 25.8 27.2
6.600000 3 304.5 240.6 25.6 26.9
6.633333 3 305.2 241.5 25.5 26.7
6.666667 3 305.8 242.3 25.3 26.5
6.700000 3 306.4 243.2 25.2 26.2
6.733333 3 307.0 244.0 25.0 26.0
6.766667 3 307.3 244.0 25.1 26.1
6.800000 3 307.6 244.0 25.3 26.3
6.833333 3 307.9 244.0 25.4 26.4
6.866667 3 308.1 244.0 25.6 26.6
6.900000 3 308.4 244.0 25.7 26.7
6.933333 3 308.7 244.0 25.9 26.9
6.966667 3 309.0 244.0 26.0 27.0
7.000000 3 309.3 244.0 26.1 27.1
7.033333 3 309.6 244.0 26.3 27.3
7.066667 3 309.9 244.0 26.4 27.4
7.100000 3 310.1 244.0 26.6 27.6
7.133333 3 310.4 244.0 26.7 27.7
7.166667 3 310.7 244.0 26.9 27.9
7.200000 3 311.0 244.0 27.0 28.0
7.233333 3 311.1 243.6 27.4 28.2
7.266667 3 311.2 243.3 27.7 28.5
7.300000 3 311.4 242.9 28.1 28.7
7.333333 3 311.5 242.5 28.5 29.0
7.366667 3 311.6 242.1 28.9 29.2
7.400000 3 311.7 241.8 29.2 29.5
7.433333 3 311.9 241.4 29.6 29.7
7.466667 3 312.0 241.0 30.0 30.0
7.500000 3 312.0 240.3 30.0 29.7
7.533333 3 312.0 239.7 30.0 29.4
7.566667 3 312.0 239.0 30.0 29.1
7.600000 3 312.0 238.3 30.0 28.8
7.633333 3 312.0 237.7 30.0 28.5
7.666667 3 312.0 237.0 30.0 28.2
7.700000 3 312.6 236.3 29.1 28.1
7.733333 3 313.1 235.6 28.3 27.9
7.766667 3 313.7 234.9 27.4 27.7
7.800000 3 314.3 234.1 26.6 27.5
7.833333 3 314.9 233.4 25.7 27.4
7.866667 3 315.4 232.7 24.9 27.2
7.900000 3 316.0 232.0 24.0 27.0
7.933333 3 315.7 230.7 24.3 27.7
7.966667 3 315.4 229.4 24.6 28.4
8.000000 3 315.1 228.1 24.9 29.1
8.033333 3 314.9 226.9 25.1 29.9
8.066667 3 314.6 225.6 25.4 30.6
8.100000 3 314.3 224.3 25.7 31.3
8.133333 3 314.0 223.0 26.0 32.0
8.166667 3 314.0 222.9 26.0 31.9
8.200000 3 314.0 222.8 26.0 31.8
8.233333 3 314.0 222.7 26.0 31.7
8.266667 3 314.0 222.6 26.0 31.6
8.300000 3 314.0 222.5 26.0 31.5
8.333333 3 314.0 222.4 26.0 31.4
8.366667 3 314.0 222.3 26.0 31.3
8.400000 3 314.0 222.2 26.0 31.2
8.433333 3 314.0 222.1 26.0 31.1
8.466667 3 314.0 222.0 26.0 31.0
8.500000 3 314.0 222.3 26.1 31.1
8.533333 3 314.0 222.6 26.2 31.2
8.566667 3 314.0 222.9 26.2 31.2
8.600000 3 314.0 223.2 26.3 31.3
8.633333 3 314.0 223.5 26.4 31.4
8.666667 3 314.0 223.8 26.5 31.5
8.700000 3 314.0 224.2 26.5 31.5
8.733333 3 314.0 224.5 26.6 31.6
8.766667 3 314.0 224.8 26.7 31.7
8.800000 3 314.0 225.1 26.8 31.8
8.833333 3 314.0 225.4 26.8 31.8
8.866667 3 314.0 225.7 26.9 31.9
8.900000 3 314.0 226.0 27.0 32.0
8.933333 3 314.3 225.6 26.9 31.9
8.966667 3 314.5 225.3 26.8 31.8
9.000000 3 314.8 224.9 26.7 31.7
9.033333 3 315.1 224.5 26.6 31.6
9.066667 3 315.4 224.2 26.5 31.5
9.100000 3 315.6 223.8 26.5 31.5
9.133333 3 315.9 223.5 26.4 31.4
9.166667 3 316.2 223.1 26.3 31.3
9.200000 3 316.5 222.7 26.2 31.2
9.233333 3 316.7 222.4 26.1 31.1
9.266667 3 317.0 222.0 26.0 31.0
9.300000 3 316.5 221.5 26.1 31.5
9.333333 3 316.0 221.0 26.3 32.0
9.366667 3 315.5 220.5 26.4 32.5
9.400000 3 315.0 220.0 26.5 33.0
9.433333 3 314.5 219.5 26.6 33.5
9.466667 3 314.0 219.0 26.8 34.0
9.500000 3 313.5 218.5 26.9 34.5
9.533333 3 313.0 218.0 27.0 35.0
9.566667 3 312.2 217.4 27.1 34.2
9.600000 3 311.4 216.9 27.2 33.4
9.633333 3 310.7 216.3 27.3 32.7
9.666667 3 309.9 215.8 27.4 31.9
9.700000 3 309.1 215.2 27.6 31.1
9.733333 3 308.3 214.7 27.7 30.3
9.766667 3 307.6 214.1 27.8 29.6
9.800000 3 306.8 213.6 27.9 28.8
9.833333 3 306.0 213.0 28.0 28.0
9.866667 3 390.0 258.0 22.0 25.0
9.900000 3 389.2 257.7 22.5 25.0
9.933333 3 388.5 257.5 23.0 25.0
9.966667 3 387.7 257.2 23.5 25.0
10.000000 3 387.0 257.0 24.0 25.0
