0.000000 3 160.0 73.6 302.6 301.4
0.033333 3 161.3 73.1 300.3 299.1
0.066667 3 161.5 72.0 300.0 298.7
0.100000 3 162.8 71.1 299.2 298.0
0.133333 3 164.1 72.4 296.5 295.3
0.166667 3 164.1 72.4 296.4 295.2
0.200000 3 164.6 72.2 295.3 294.1
0.233333 3 166.0 72.4 294.0 292.8
0.266667 3 167.1 72.6 292.3 291.1
0.300000 3 167.9 73.6 291.3 290.1
0.333333 3 168.4 73.4 289.6 288.5
0.366667 3 168.4 73.4 289.6 288.5
0.400000 3 169.9 72.2 288.6 287.4
0.433333 3 171.0 72.3 286.6 285.5
0.466667 3 171.8 74.1 284.7 283.6
0.500000 3 171.8 75.9 283.5 282.4
0.533333 3 172.0 79.0 280.6 279.4
0.566667 3 172.0 79.0 280.6 279.5
0.600000 3 172.8 81.0 278.5 277.4
0.633333 3 172.2 82.8 277.2 276.1
0.666667 3 170.7 84.5 275.3 274.2
0.700000 3 170.6 87.5 272.6 271.5
0.733333 3 169.9 90.9 270.4 269.3
0.766667 3 169.9 90.9 270.4 269.3
0.800000 3 170.0 95.1 267.9 266.8
0.833333 3 169.8 99.7 265.6 264.5
0.866667 3 169.4 103.4 264.0 262.9
0.900000 3 169.7 106.7 261.7 260.7
0.933333 3 170.0 109.9 259.9 258.8
0.966667 3 170.0 109.9 259.9 258.8
1.000000 3 170.7 113.0 257.2 256.2
1.033333 3 170.0 116.1 255.4 254.3
1.066667 3 170.3 119.9 253.6 252.5
1.100000 3 171.2 123.7 251.3 250.2
1.133333 3 171.7 127.1 248.1 247.1
1.166667 3 171.7 127.1 248.2 247.1
1.200000 3 171.3 129.7 247.0 245.9
1.233333 3 171.7 132.8 244.3 243.3
1.266667 3 171.4 135.7 243.1 242.1
1.300000 3 172.2 138.9 241.9 240.9
1.333333 3 173.2 142.6 239.6 238.6
1.366667 3 173.2 142.6 239.6 238.6
1.400000 3 173.9 145.8 237.4 236.4
1.433333 3 174.4 148.8 235.6 234.6
1.466667 3 175.2 151.9 233.6 232.6
1.500000 3 175.9 154.2 232.3 231.3
1.533333 3 176.9 156.4 230.7 229.7
1.566667 3 176.8 156.4 230.7 229.7
1.600000 3 177.6 158.3 229.5 228.5
1.633333 3 178.7 159.0 228.1 227.1
1.666667 3 179.0 158.6 227.5 226.5
1.700000 3 180.4 159.1 225.8 224.8
1.733333 3 181.7 158.8 224.9 223.9
1.766667 3 181.7 158.8 224.9 223.9
1.800000 3 183.1 158.7 224.1 223.1
1.833333 3 183.9 157.9 223.8 222.8
1.866667 3 184.4 157.3 222.5 221.5
1.900000 3 185.2 156.6 222.4 221.4
1.933333 3 186.2 156.3 221.5 220.5
1.966667 3 186.2 156.2 221.6 220.6
2.000000 3 186.6 155.8 221.3 220.3
2.033333 3 187.0 154.5 221.2 220.2
2.066667 3 187.8 153.4 220.3 219.3
2.100000 3 188.0 152.5 219.6 218.6
2.133333 3 188.7 151.0 219.5 218.5
2.166667 3 188.7 151.0 219.5 218.5
2.200000 3 189.5 148.7 219.7 218.7
2.233333 3 190.2 146.7 220.0 219.0
2.266667 3 190.1 144.5 220.0 219.0
2.300000 3 191.2 142.2 220.0 219.0
2.333333 3 192.0 140.1 220.2 219.2
2.366667 3 192.0 140.1 220.2 219.2
2.400000 3 193.0 137.8 220.6 219.6
2.433333 3 194.1 136.5 220.3 219.3
2.466667 3 195.1 136.1 220.4 219.4
2.500000 3 196.5 132.2 220.3 219.3
2.533333 3 198.2 131.1 220.5 219.5
2.566667 3 198.2 131.2 220.5 219.5
2.600000 3 198.7 129.9 220.4 219.4
2.633333 3 198.7 127.4 220.9 219.9
2.666667 3 199.2 125.6 220.8 219.8
2.700000 3 199.5 123.8 220.5 219.5
2.733333 3 199.4 121.7 220.3 219.3
2.766667 3 199.4 121.7 220.3 219.3
2.800000 3 198.3 120.5 220.1 219.1
2.833333 3 198.1 119.2 218.7 217.7
2.866667 3 198.4 118.3 218.1 217.1
2.900000 3 197.0 115.7 218.5 217.5
2.933333 3 197.7 115.0 217.2 216.2
2.966667 3 197.7 115.0 217.2 216.2
3.000000 3 198.1 113.3 216.9 215.9
3.033333 3 198.8 112.1 215.7 214.7
3.066667 3 199.7 110.7 214.7 213.7
3.100000 3 201.1 109.9 213.7 212.7
3.133333 3 203.1 108.8 212.4 211.4
3.166667 3 203.1 108.9 212.3 211.3
3.200000 3 204.3 107.5 211.4 210.4
3.233333 3 205.5 106.0 210.9 209.9
3.266667 3 208.3 105.7 209.3 208.3
3.300000 3 210.6 103.9 208.1 207.1
3.333333 3 211.1 102.6 208.2 207.2
3.366667 3 211.1 102.6 208.2 207.2
3.400000 3 212.3 102.2 206.9 205.8
3.433333 3 213.1 103.3 205.1 204.1
3.466667 3 214.2 103.5 203.7 202.7
3.500000 3 214.9 103.4 201.9 200.9
3.533333 3 215.0 103.1 201.5 200.5
3.566667 3 215.0 103.1 201.5 200.5
3.600000 3 215.7 104.0 200.3 199.3
3.633333 3 216.4 104.5 199.2 198.1
3.666667 3 217.0 105.6 197.8 196.8
3.700000 3 217.9 106.0 196.9 195.8
3.733333 3 218.5 107.4 195.4 194.4
3.766667 3 218.5 107.3 195.5 194.4
3.800000 3 219.0 107.8 194.3 193.3
3.833333 3 220.0 108.4 193.0 191.9
3.866667 3 221.2 107.6 192.0 191.0
3.900000 3 222.1 108.3 190.9 189.9
3.933333 3 223.2 110.2 188.7 187.7
3.966667 3 223.2 110.2 188.7 187.7
4.000000 3 224.7 109.9 187.6 186.5
4.033333 3 225.8 110.3 186.7 185.7
4.066667 3 225.9 112.1 185.6 184.6
4.100000 3 226.6 112.1 184.5 183.5
4.133333 3 227.1 113.8 183.3 182.2
4.166667 3 227.1 113.8 183.3 182.3
4.200000 3 227.6 115.7 181.6 180.6
4.233333 3 227.8 115.8 181.4 180.4
4.266667 3 228.2 117.7 180.1 179.1
4.300000 3 228.8 120.0 178.0 177.0
4.333333 3 227.9 120.4 177.4 176.3
4.366667 3 227.9 120.4 177.4 176.4
4.400000 3 226.5 120.7 177.1 176.1
4.433333 3 224.8 122.6 175.9 174.9
4.466667 3 223.1 124.5 174.4 173.4
4.500000 3 221.0 125.9 174.1 173.1
4.533333 3 219.1 127.8 173.5 172.5
4.566667 3 219.1 127.8 173.5 172.5
4.600000 3 218.0 129.1 172.8 171.8
4.633333 3 216.1 129.9 172.5 171.5
4.666667 3 214.7 131.9 171.2 170.2
4.700000 3 212.9 133.2 171.3 170.3
4.733333 3 212.4 134.5 170.8 169.8
4.766667 3 212.4 134.5 170.8 169.8
4.800000 3 212.7 135.6 170.1 169.2
4.833333 3 212.5 136.3 169.7 168.7
4.866667 3 212.5 137.0 169.3 168.3
4.900000 3 213.4 136.9 168.9 167.9
4.933333 3 215.0 136.9 168.6 167.6
4.966667 3 215.0 136.9 168.6 167.6
5.000000 3 216.4 136.1 168.5 167.5
5.033333 3 218.9 137.0 167.7 166.7
5.066667 3 221.1 136.3 167.1 166.1
5.100000 3 222.5 136.2 167.5 166.6
5.133333 3 225.1 136.6 166.6 165.7
5.166667 3 225.1 136.6 166.6 165.7
5.200000 3 226.6 136.4 166.5 165.5
5.233333 3 228.0 135.9 166.2 165.3
5.266667 3 228.8 135.0 166.6 165.6
5.300000 3 229.8 135.6 166.1 165.2
5.333333 3 230.2 135.9 166.1 165.2
5.366667 3 230.2 135.9 166.1 165.2
5.400000 3 230.1 135.7 166.2 165.3
5.433333 3 230.2 136.3 165.9 165.0
5.466667 3 230.6 135.8 165.7 164.8
5.500000 3 231.7 134.9 165.6 164.7
5.533333 3 231.9 134.3 165.4 164.5
5.566667 3 231.9 134.3 165.4 164.5
5.600000 3 232.5 134.2 165.3 164.5
5.633333 3 232.4 134.3 165.4 164.5
5.666667 3 231.9 133.8 165.6 164.7
5.700000 3 232.3 133.7 164.9 164.0
5.733333 3 232.0 132.7 165.5 164.7
5.766667 3 231.9 132.6 165.7 164.8
5.800000 3 232.2 131.1 166.4 165.5
5.833333 3 232.7 130.8 166.2 165.4
5.866667 3 232.7 130.2 166.5 165.6
5.900000 3 232.8 130.7 166.9 166.0
5.933333 3 234.0 130.6 166.9 166.0
5.966667 3 234.0 130.6 166.9 166.0
6.000000 3 234.8 130.5 167.2 166.3
6.033333 3 236.1 129.9 167.3 166.4
6.066667 3 237.4 129.2 167.6 166.7
6.100000 3 239.4 128.1 168.3 167.4
6.133333 3 241.3 128.1 168.3 167.5
6.166667 3 241.3 128.1 168.3 167.5
6.200000 3 243.5 128.9 168.0 167.1
6.233333 3 245.5 129.1 168.1 167.2
6.266667 3 248.1 129.4 168.4 167.5
6.300000 3 251.2 129.8 168.1 167.2
6.333333 3 253.4 130.4 167.9 167.0
6.366667 3 253.4 130.4 167.9 167.0
6.400000 3 254.0 130.4 168.9 168.0
6.433333 3 255.5 130.7 168.6 167.7
6.466667 3 256.8 131.3 168.9 168.0
6.500000 3 257.9 132.1 168.9 168.0
6.533333 3 258.2 133.6 168.3 167.4
6.566667 3 258.2 133.6 168.3 167.4
6.600000 3 258.5 134.3 167.7 166.9
6.633333 3 257.8 135.8 167.2 166.3
6.666667 3 257.2 135.8 166.9 166.0
6.700000 3 255.5 137.7 167.1 166.2
6.733333 3 254.7 139.7 166.6 165.7
6.766667 3 254.7 139.7 166.6 165.7
6.800000 3 253.8 141.3 165.9 165.0
6.833333 3 252.4 142.5 165.2 164.4
6.866667 3 249.4 144.2 164.9 164.0
6.900000 3 245.5 145.1 164.7 163.8
6.933333 3 240.0 146.9 164.2 163.3
6.966667 3 240.0 146.9 164.2 163.4
7.000000 3 233.5 147.3 164.0 163.1
7.033333 3 226.2 149.4 163.6 162.7
7.066667 3 219.3 150.2 163.0 162.1
7.100000 3 213.6 151.9 162.7 161.8
7.133333 3 209.4 153.9 161.8 160.9
7.166667 3 209.4 153.9 161.8 160.9
7.200000 3 205.5 155.2 160.9 160.0
7.233333 3 202.6 156.2 160.9 160.0
7.266667 3 201.4 157.3 160.4 159.5
7.300000 3 201.0 157.9 159.7 158.8
7.333333 3 199.5 159.9 159.1 158.2
7.366667 3 199.5 159.9 159.1 158.2
7.400000 3 198.3 160.5 158.7 157.8
7.433333 3 197.6 160.7 158.3 157.4
7.466667 3 198.4 162.0 157.1 156.2
7.500000 3 198.2 162.0 157.3 156.3
7.533333 3 199.2 162.7 156.6 155.7
7.566667 3 199.2 162.7 156.6 155.7
7.600000 3 199.5 164.2 155.6 154.7
7.633333 3 200.5 165.0 154.7 153.7
7.666667 3 202.6 165.8 154.2 153.2
7.700000 3 204.6 166.0 154.3 153.4
7.733333 3 206.8 166.2 153.7 152.7
7.766667 3 206.8 166.3 153.7 152.7
7.800000 3 208.2 167.0 152.8 151.8
7.833333 3 210.2 166.3 152.2 151.2
7.866667 3 211.3 167.5 152.2 151.2
7.900000 3 213.3 168.1 151.4 150.4
7.933333 3 214.7 168.4 150.8 149.9
7.966667 3 214.7 168.4 150.8 149.9
8.000000 3 216.2 168.7 150.8 149.8
8.033333 3 217.3 168.7 149.6 148.6
8.066667 3 218.5 168.5 149.9 148.9
8.100000 3 219.8 169.1 149.3 148.3
8.133333 3 221.4 169.3 148.1 147.1
8.166667 3 221.4 169.3 148.1 147.1
8.200000 3 221.9 168.8 147.8 146.8
8.233333 3 221.9 168.1 147.8 146.8
8.266667 3 222.0 167.2 147.2 146.2
8.300000 3 220.6 167.5 147.1 146.1
8.333333 3 220.0 167.5 146.8 145.8
8.366667 3 220.0 167.5 146.8 145.8
8.400000 3 218.4 167.4 146.1 145.1
8.433333 3 217.2 166.4 145.6 144.6
8.466667 3 215.6 166.3 145.6 144.6
8.500000 3 215.8 165.4 145.0 143.9
8.533333 3 215.1 165.0 145.1 144.0
8.566667 3 215.1 165.0 145.1 144.0
8.600000 3 215.1 164.7 145.2 144.2
8.633333 3 216.2 164.8 145.1 144.1
8.666667 3 216.5 164.4 144.2 143.2
8.700000 3 218.2 164.9 144.0 143.0
8.733333 3 220.6 165.1 143.3 142.3
8.766667 3 220.6 165.1 143.3 142.3
8.800000 3 222.3 165.2 142.9 141.9
8.833333 3 223.2 164.5 143.3 142.2
8.866667 3 223.6 163.6 143.0 142.0
8.900000 3 224.0 163.6 143.4 142.4
8.933333 3 226.1 163.8 142.5 141.5
8.966667 3 226.1 163.8 142.5 141.5
9.000000 3 227.2 163.8 142.5 141.4
9.033333 3 228.9 163.9 142.2 141.2
9.066667 3 230.1 164.8 141.6 140.6
9.100000 3 233.0 164.8 141.0 140.0
9.133333 3 234.7 164.1 141.1 140.1
9.166667 3 234.7 164.1 141.1 140.1
9.200000 3 236.3 164.3 140.9 139.9
9.233333 3 238.9 163.8 140.4 139.4
9.266667 3 240.6 163.5 140.4 139.4
9.300000 3 241.6 162.8 140.1 139.1
9.333333 3 242.4 162.4 139.3 138.3
9.366667 3 242.4 162.4 139.3 138.3
9.400000 3 243.4 162.2 138.8 137.8
9.433333 3 241.7 161.9 139.2 138.2
9.466667 3 239.1 162.1 138.3 137.3
9.500000 3 236.1 162.9 137.1 136.1
9.533333 3 232.5 162.0 137.2 136.2
9.566667 3 232.5 162.0 137.2 136.2
9.600000 3 227.4 161.5 137.2 136.2
9.633333 3 221.8 161.0 136.6 135.6
9.666667 3 217.8 161.1 136.0 135.1
9.700000 3 213.2 161.1 134.8 133.8
9.733333 3 209.6 161.0 133.9 132.9
9.766667 3 209.6 161.0 133.9 132.9
9.800000 3 207.3 160.7 133.8 132.8
9.833333 3 206.0 159.3 133.5 132.5
9.866667 3 206.3 158.8 132.1 131.1
9.900000 3 206.1 158.2 131.9 130.9
9.933333 3 206.3 158.6 130.8 129.8
9.966667 3 206.3 158.6 130.8 129.8
10.000000 3 206.6 158.4 130.8 129.8
10.033333 3 205.7 158.8 130.3 129.3
10.066667 3 206.0 160.0 129.0 128.0
