0.033333 3 330.7 152.1 87.7 68.2
0.066667 3 329.8 152.8 88.1 68.8
0.100000 3 328.9 153.7 88.3 69.0
0.133333 3 327.8 154.2 89.4 69.9
0.166667 3 326.2 153.8 91.3 72.3
0.200000 3 325.4 153.9 92.1 73.2
0.233333 3 323.9 153.3 94.2 75.5
0.266667 3 323.0 153.1 95.6 76.9
0.300000 3 321.5 152.4 98.0 79.5
0.333333 3 320.8 152.4 99.4 81.0
0.366667 3 320.2 152.5 100.6 82.2
0.400000 3 319.4 152.0 102.2 84.0
0.433333 3 318.6 151.6 103.7 85.6
0.466667 3 318.2 151.3 105.0 86.8
0.500000 3 317.9 150.9 105.8 88.0
0.533333 3 319.2 152.1 104.3 86.3
0.566667 3 317.9 151.1 106.8 89.2
0.600000 3 318.7 152.4 105.3 87.8
0.633333 3 317.3 151.8 107.4 89.9
0.666667 3 317.5 153.1 106.7 89.3
0.700000 3 316.6 153.1 107.8 90.2
0.733333 3 316.4 153.7 107.0 89.7
0.766667 3 315.9 153.6 107.3 89.9
0.800000 3 315.4 154.3 106.6 89.5
0.833333 3 314.8 154.5 106.4 89.2
0.866667 3 314.3 154.8 106.1 88.9
0.900000 3 313.8 154.9 106.0 88.9
0.933333 3 313.3 154.9 105.9 88.7
0.966667 3 312.7 154.7 105.5 88.4
1.000000 3 312.5 154.6 105.1 87.8
1.033333 3 311.9 154.8 104.6 87.3
1.066667 3 312.3 155.2 103.0 85.6
1.100000 3 311.9 155.1 102.6 85.1
1.133333 3 311.4 155.1 102.3 84.9
1.166667 3 310.5 154.9 102.6 85.0
1.200000 3 310.1 155.2 101.9 84.5
1.233333 3 309.8 155.8 101.2 83.6
1.266667 3 309.6 156.6 100.0 82.7
1.300000 3 308.9 157.1 99.7 82.3
1.333333 3 308.2 157.2 99.8 82.4
1.366667 3 308.4 158.0 98.5 81.0
1.400000 3 307.6 158.2 98.8 81.3
1.433333 3 307.8 159.5 97.2 79.7
1.466667 3 307.0 159.6 97.2 79.7
1.500000 3 307.4 161.5 95.1 77.6
1.533333 3 306.3 162.0 95.3 78.0
1.566667 3 305.4 162.8 95.3 77.6
1.600000 3 304.9 164.0 94.0 76.5
1.633333 3 303.7 164.4 94.6 76.9
1.666667 3 303.3 166.0 93.1 75.5
1.700000 3 302.8 166.6 92.8 75.0
1.733333 3 302.8 168.0 91.2 73.1
1.766667 3 302.2 169.0 90.3 72.3
1.800000 3 301.7 170.3 89.5 71.5
1.833333 3 301.1 171.6 89.1 71.1
1.866667 3 300.5 173.2 88.5 70.4
1.900000 3 300.1 174.7 87.6 69.6
1.933333 3 300.1 176.2 86.9 68.6
1.966667 3 300.1 177.5 85.8 67.7
2.000000 3 299.9 178.6 85.1 67.0
2.033333 3 299.7 179.6 85.0 66.8
2.066667 3 300.4 181.7 83.1 65.0
2.100000 3 299.9 182.4 83.4 64.8
2.133333 3 299.8 183.2 82.8 64.5
2.166667 3 299.4 184.0 83.1 65.0
2.200000 3 298.9 184.7 83.3 65.3
2.233333 3 298.7 185.9 82.8 65.3
2.266667 3 297.9 186.0 83.7 66.1
2.300000 3 298.0 187.6 82.7 65.4
2.333333 3 297.2 188.1 83.3 65.9
2.366667 3 296.8 188.7 83.3 66.3
2.400000 3 296.5 189.5 83.2 66.4
2.433333 3 296.6 190.9 83.2 66.4
2.466667 3 296.6 191.8 82.7 66.3
2.500000 3 296.4 191.7 83.5 67.1
2.533333 3 297.6 193.2 82.4 66.2
2.566667 3 298.0 192.7 83.9 67.7
2.600000 3 301.5 193.0 83.1 67.4
2.633333 3 304.0 193.8 83.3 67.8
2.666667 3 306.1 194.2 83.5 67.9
2.700000 3 307.3 194.3 83.3 68.1
2.733333 3 307.8 194.4 83.8 68.6
2.766667 3 308.5 195.3 83.2 68.3
2.800000 3 308.3 195.1 83.7 68.9
2.833333 3 308.1 195.7 83.3 68.5
2.866667 3 307.4 196.0 82.9 68.6
2.900000 3 305.5 195.7 83.9 69.6
2.933333 3 304.2 196.3 82.8 68.6
2.966667 3 301.3 195.6 84.4 70.3
3.000000 3 299.5 196.5 83.2 69.4
3.033333 3 296.8 196.7 83.5 70.0
3.066667 3 294.2 196.4 84.1 70.8
3.100000 3 292.3 196.8 83.4 70.1
3.133333 3 290.3 196.5 84.5 71.2
3.166667 3 289.3 197.0 83.7 70.5
3.200000 3 288.1 196.3 84.6 71.4
3.233333 3 287.7 196.3 84.4 71.3
3.266667 3 287.7 196.4 84.3 71.5
3.300000 3 287.1 195.4 85.1 72.5
3.333333 3 286.6 195.8 84.8 72.4
3.366667 3 285.6 195.6 85.2 72.9
3.400000 3 284.8 196.7 84.1 71.9
3.433333 3 283.8 197.0 84.6 72.5
3.466667 3 282.7 197.7 84.3 72.4
3.500000 3 281.2 198.1 84.6 72.8
3.533333 3 279.4 198.5 84.8 73.2
3.566667 3 277.6 199.3 84.3 72.9
3.600000 3 276.3 199.8 84.7 73.1
3.633333 3 276.1 200.2 84.2 73.0
3.666667 3 275.9 200.2 84.9 73.8
3.700000 3 276.8 201.1 84.2 73.1
3.733333 3 278.3 201.2 83.8 73.2
3.766667 3 279.6 200.7 84.9 74.1
3.800000 3 281.6 201.6 84.1 73.4
3.833333 3 283.2 201.4 84.7 74.0
3.866667 3 285.3 201.4 84.6 74.1
3.900000 3 287.8 200.8 84.6 74.3
3.933333 3 291.1 200.2 84.6 74.5
3.966667 3 294.4 199.8 84.5 74.3
4.000000 3 297.7 198.6 85.0 75.0
4.033333 3 300.7 199.0 83.8 73.8
4.066667 3 302.5 198.0 84.5 74.7
4.100000 3 304.3 197.8 83.3 73.8
4.133333 3 304.8 198.0 83.5 74.1
4.166667 3 305.0 197.0 84.1 74.7
4.200000 3 305.2 196.1 83.5 74.2
4.233333 3 304.7 194.4 84.5 75.0
4.266667 3 305.2 193.6 83.9 74.8
4.300000 3 306.5 192.0 83.9 74.9
4.333333 3 307.3 190.5 83.9 75.1
4.366667 3 307.6 189.5 83.8 75.0
4.400000 3 308.5 188.5 83.1 74.6
4.433333 3 308.9 186.9 83.0 74.3
4.466667 3 309.2 185.6 83.3 74.7
4.500000 3 310.0 185.0 82.5 74.1
4.533333 3 310.5 183.7 82.9 74.6
4.566667 3 311.1 183.9 81.6 73.4
4.600000 3 310.2 183.3 82.0 74.0
4.633333 3 309.0 182.9 82.3 74.3
4.666667 3 307.3 183.6 81.6 73.7
4.700000 3 304.7 183.8 81.8 73.9
4.733333 3 302.3 184.5 80.7 72.9
4.766667 3 299.3 183.6 81.3 73.6
4.800000 3 297.6 183.8 81.1 73.6
4.833333 3 295.9 184.0 80.9 73.4
4.866667 3 294.3 183.6 81.6 74.0
4.900000 3 293.8 184.4 80.2 72.7
4.933333 3 293.1 184.2 80.9 73.4
4.966667 3 293.8 184.3 81.1 73.8
5.000000 3 295.8 184.2 81.2 73.9
5.033333 3 299.0 183.8 81.7 74.7
5.066667 3 303.0 184.1 81.3 74.2
5.100000 3 306.5 183.7 81.1 74.3
5.133333 3 310.0 184.2 80.6 73.7
5.166667 3 313.0 184.2 81.1 74.0
5.200000 3 316.9 185.3 79.6 72.6
5.233333 3 318.9 185.1 80.5 73.7
5.266667 3 320.1 185.2 80.8 74.1
5.300000 3 320.8 185.7 80.1 73.3
5.333333 3 320.7 185.4 80.3 73.5
5.366667 3 321.0 185.9 79.6 72.9
5.400000 3 321.7 185.1 79.3 72.9
5.433333 3 322.5 184.7 79.6 73.3
5.466667 3 323.4 184.9 78.6 72.4
5.500000 3 323.8 184.0 79.1 73.0
5.533333 3 325.5 184.0 78.0 71.8
5.566667 3 327.5 183.3 78.8 72.7
5.600000 3 330.5 183.6 78.1 72.0
5.633333 3 333.6 183.3 78.4 72.3
5.666667 3 336.8 183.0 78.6 72.7
5.700000 3 339.5 183.4 78.0 72.0
5.733333 3 341.2 183.2 78.0 72.3
5.766667 3 342.4 183.7 77.3 71.6
5.800000 3 342.2 183.3 78.0 72.3
5.833333 3 342.4 184.0 76.9 71.3
5.866667 3 342.0 184.0 76.9 71.3
5.900000 3 341.3 184.1 76.6 71.2
5.933333 3 339.9 184.3 76.2 70.8
5.966667 3 338.5 183.1 77.4 72.1
6.000000 3 338.1 183.9 76.4 70.9
6.033333 3 337.5 183.9 76.4 70.9
6.066667 3 336.9 184.3 75.9 70.4
6.100000 3 336.5 184.9 75.5 70.3
6.133333 3 336.5 184.9 75.6 70.6
6.166667 3 336.7 185.5 75.3 70.0
6.200000 3 337.3 185.4 75.3 70.1
6.233333 3 338.4 186.2 74.4 69.4
6.266667 3 339.0 186.1 74.8 69.9
6.300000 3 339.4 186.4 74.5 69.5
6.333333 3 339.3 186.5 74.9 69.9
6.366667 3 339.2 187.1 74.5 69.7
6.400000 3 338.2 187.7 74.4 69.6
6.433333 3 337.0 187.5 74.4 69.9
6.466667 3 335.2 188.4 74.1 69.5
6.500000 3 334.4 188.4 74.3 69.6
6.533333 3 331.8 188.2 74.1 69.6
6.566667 3 330.0 188.6 73.8 69.2
6.600000 3 328.9 189.0 73.2 68.4
6.633333 3 325.0 188.9 73.2 68.7
6.666667 3 323.4 188.4 73.4 69.2
6.700000 3 323.0 188.6 73.0 68.7
6.733333 3 321.9 187.8 73.1 69.0
6.766667 3 321.7 187.6 72.8 68.6
6.800000 3 321.2 187.4 72.6 68.4
6.833333 3 320.7 186.4 72.7 68.8
6.866667 3 320.6 186.6 72.2 68.0
6.900000 3 320.4 186.2 72.3 68.2
6.933333 3 320.8 186.1 71.6 67.7
6.966667 3 320.5 185.5 72.2 68.2
7.000000 3 320.1 185.6 72.1 68.2
7.033333 3 318.3 185.2 72.0 68.5
7.066667 3 317.3 185.3 71.7 68.1
7.100000 3 315.4 185.4 71.4 67.9
7.133333 3 314.0 185.4 71.2 67.7
7.166667 3 313.0 185.7 71.0 67.3
7.200000 3 311.3 185.3 71.3 67.8
7.233333 3 309.4 185.9 71.1 67.6
7.266667 3 307.4 186.1 71.0 67.4
7.300000 3 305.6 185.8 71.2 67.9
7.333333 3 303.8 186.0 71.1 67.7
7.366667 3 302.2 186.4 70.7 67.3
7.400000 3 300.7 186.3 70.6 67.4
7.433333 3 299.1 185.9 70.5 67.2
7.466667 3 297.7 185.8 70.2 66.8
7.500000 3 295.8 185.1 70.2 67.0
7.533333 3 293.6 184.7 70.4 67.2
7.566667 3 290.8 184.7 70.1 66.9
7.600000 3 288.2 184.0 70.3 67.2
7.633333 3 285.8 184.3 69.5 66.3
7.666667 3 283.0 183.8 69.9 66.8
7.700000 3 280.8 183.3 69.9 66.7
7.733333 3 278.9 182.3 70.0 66.9
7.766667 3 277.9 182.0 69.6 66.3
7.800000 3 277.1 181.4 69.2 65.9
7.833333 3 276.3 179.7 69.5 66.4
7.866667 3 276.3 178.7 69.4 66.4
7.900000 3 277.5 178.5 69.0 66.2
7.933333 3 278.8 176.9 69.3 66.2
7.966667 3 280.6 175.8 69.2 66.3
8.000000 3 282.8 175.5 68.8 66.0
8.033333 3 284.4 174.8 68.3 65.0
8.066667 3 286.0 174.4 67.5 64.3
8.100000 3 286.5 173.8 67.9 64.6
8.133333 3 286.5 173.1 68.3 65.4
8.166667 3 285.4 172.6 68.2 65.4
8.200000 3 283.5 172.9 67.8 64.8
8.233333 3 280.9 172.8 67.9 65.0
8.266667 3 277.8 172.6 67.9 64.7
8.300000 3 275.0 172.2 68.1 65.1
8.333333 3 272.0 172.4 68.1 65.2
8.366667 3 269.7 172.3 67.8 64.8
8.400000 3 267.6 172.0 67.8 65.0
8.433333 3 265.6 172.5 67.3 64.3
8.466667 3 264.2 172.5 67.7 64.7
8.500000 3 263.6 172.6 67.1 64.0
8.533333 3 264.0 172.6 67.0 63.8
8.566667 3 264.6 172.7 67.2 64.0
8.600000 3 265.9 172.8 66.9 63.7
8.633333 3 267.3 172.9 66.8 63.5
8.666667 3 268.4 173.4 66.8 63.4
8.700000 3 269.8 173.0 67.0 63.5
8.733333 3 271.3 173.3 66.7 63.1
8.766667 3 272.4 173.6 66.7 63.0
8.800000 3 273.2 174.1 66.6 63.0
8.833333 3 273.3 174.4 66.6 62.9
8.866667 3 273.3 174.9 66.3 62.6
8.900000 3 273.5 175.4 66.0 62.4
8.933333 3 274.1 175.2 66.2 62.6
8.966667 3 275.1 175.5 66.4 62.7
9.000000 3 276.6 175.5 66.1 62.4
9.033333 3 278.1 174.8 66.4 62.7
9.066667 3 279.4 174.7 66.0 62.1
9.100000 3 280.5 173.9 66.2 62.2
9.133333 3 281.6 173.2 66.0 62.0
9.166667 3 283.3 171.5 65.8 61.9
9.200000 3 285.2 170.5 65.9 62.0
9.233333 3 287.2 169.5 65.8 61.9
9.266667 3 289.3 168.4 65.8 61.8
9.300000 3 290.9 167.8 65.2 61.0
9.333333 3 291.8 167.2 65.3 61.1
9.366667 3 291.6 167.0 65.1 61.0
9.400000 3 290.4 166.7 64.9 60.6
9.433333 3 289.0 166.5 64.9 60.5
9.466667 3 287.5 166.0 64.1 59.5
9.500000 3 286.6 164.6 64.5 60.1
9.533333 3 286.5 163.7 64.7 60.3
9.566667 3 287.3 162.8 64.7 60.2
9.600000 3 288.7 161.4 64.7 60.3
9.633333 3 290.8 160.8 64.3 59.9
9.666667 3 293.2 160.5 64.4 59.9
9.700000 3 295.1 159.6 64.2 59.6
9.733333 3 297.1 158.7 64.1 59.5
9.766667 3 298.8 158.1 64.4 59.7
9.800000 3 300.9 157.8 63.8 59.0
9.833333 3 303.0 157.1 63.9 59.0
9.866667 3 304.7 156.2 63.4 58.6
9.900000 3 306.1 155.3 64.0 59.3
9.933333 3 307.3 154.7 63.6 58.8
9.966667 3 308.1 153.7 63.5 58.6
10.000000 3 308.2 153.2 63.3 58.4
10.033333 3 307.3 152.5 63.7 58.8
10.066667 3 306.7 152.2 63.3 58.3
10.100000 3 305.8 151.6 63.0 58.0
10.133333 3 305.3 150.6 63.4 58.3
10.166667 3 305.2 150.0 63.3 58.2
10.200000 3 305.0 149.2 63.2 57.9
10.233333 3 304.6 147.9 63.5 58.2
10.266667 3 304.9 147.5 62.9 57.6
10.300000 3 305.6 146.4 63.1 57.8
10.333333 3 306.4 145.5 62.6 57.2
10.366667 3 306.9 144.5 63.0 57.6
10.400000 3 307.5 143.8 62.7 57.2
10.433333 3 307.4 143.2 62.6 57.1
10.466667 3 307.3 142.6 62.8 57.2
10.500000 3 306.9 141.6 62.8 57.3
10.533333 3 306.5 141.5 62.2 56.5
10.566667 3 305.8 140.5 62.7 57.2
