0.033333 3 351.0 210.0 46.0 36.0
0.066667 3 350.7 209.8 46.3 36.1
0.100000 3 350.5 209.6 46.5 36.3
0.133333 3 350.2 209.4 46.8 36.4
0.166667 3 349.9 209.2 47.1 36.5
0.200000 3 349.7 209.0 47.3 36.7
0.233333 3 349.4 208.8 47.6 36.8
0.266667 3 349.1 208.6 47.9 36.9
0.300000 3 348.9 208.4 48.1 37.1
0.333333 3 348.6 208.2 48.4 37.2
0.366667 3 348.3 208.0 48.7 37.3
0.400000 3 348.1 207.8 48.9 37.5
0.433333 3 347.8 207.6 49.2 37.6
0.466667 3 347.5 207.4 49.5 37.7
0.500000 3 347.3 207.2 49.7 37.9
0.533333 3 347.0 207.0 50.0 38.0
0.566667 3 346.5 206.4 50.6 38.5
0.600000 3 346.0 205.9 51.1 39.0
0.633333 3 345.5 205.3 51.7 39.5
0.666667 3 345.0 204.7 52.3 40.0
0.700000 3 344.5 204.1 52.9 40.5
0.733333 3 344.0 203.6 53.4 41.0
0.766667 3 343.5 203.0 54.0 41.5
0.800000 3 343.0 202.4 54.6 42.0
0.833333 3 342.5 201.9 55.1 42.5
0.866667 3 342.0 201.3 55.7 43.0
0.900000 3 341.5 200.7 56.3 43.5
0.933333 3 341.0 200.1 56.9 44.0
0.966667 3 340.5 199.6 57.4 44.5
1.000000 3 340.0 199.0 58.0 45.0
1.033333 3 339.1 198.9 59.0 45.2
1.066667 3 338.3 198.7 60.0 45.4
1.100000 3 337.4 198.6 61.0 45.6
1.133333 3 336.6 198.4 62.0 45.9
1.166667 3 335.7 198.3 63.0 46.1
1.200000 3 334.9 198.1 64.0 46.3
1.233333 3 334.0 198.0 65.0 46.5
1.266667 3 333.1 197.9 66.0 46.7
1.300000 3 332.3 197.7 67.0 46.9
1.333333 3 331.4 197.6 68.0 47.1
1.366667 3 330.6 197.4 69.0 47.4
1.400000 3 329.7 197.3 70.0 47.6
1.433333 3 328.9 197.1 71.0 47.8
1.466667 3 328.0 197.0 72.0 48.0
1.500000 3 327.8 196.9 72.9 48.1
1.533333 3 327.6 196.9 73.7 48.1
1.566667 3 327.4 196.8 74.6 48.2
1.600000 3 327.1 196.7 75.4 48.3
1.633333 3 326.9 196.6 76.3 48.4
1.666667 3 326.7 196.6 77.1 48.4
1.700000 3 326.5 196.5 78.0 48.5
1.733333 3 326.3 196.4 78.9 48.6
1.766667 3 326.1 196.4 79.7 48.6
1.800000 3 325.9 196.3 80.6 48.7
1.833333 3 325.6 196.2 81.4 48.8
1.866667 3 325.4 196.1 82.3 48.9
1.900000 3 325.2 196.1 83.1 48.9
1.933333 3 325.0 196.0 84.0 49.0
1.966667 3 324.4 195.7 85.6 49.7
2.000000 3 323.8 195.4 87.2 50.4
2.033333 3 323.2 195.1 88.8 51.1
2.066667 3 322.5 194.8 90.5 51.8
2.100000 3 321.9 194.5 92.1 52.5
2.133333 3 321.3 194.2 93.7 53.2
2.166667 3 320.7 193.8 95.3 53.8
2.200000 3 320.1 193.5 96.9 54.5
2.233333 3 319.5 193.2 98.5 55.2
2.266667 3 318.8 192.9 100.2 55.9
2.300000 3 318.2 192.6 101.8 56.6
2.333333 3 317.6 192.3 103.4 57.3
2.366667 3 317.0 192.0 105.0 58.0
2.400000 3 317.2 191.9 105.6 59.1
2.433333 3 317.4 191.7 106.2 60.1
2.466667 3 317.6 191.6 106.8 61.2
2.500000 3 317.8 191.5 107.4 62.3
2.533333 3 318.0 191.3 108.0 63.3
2.566667 3 318.2 191.2 108.6 64.4
2.600000 3 318.4 191.1 109.2 65.5
2.633333 3 318.6 190.9 109.8 66.5
2.666667 3 318.8 190.8 110.4 67.6
2.700000 3 319.0 190.7 111.0 68.7
2.733333 3 319.2 190.5 111.6 69.7
2.766667 3 319.4 190.4 112.2 70.8
2.800000 3 319.6 190.3 112.8 71.9
2.833333 3 319.8 190.1 113.4 72.9
2.866667 3 320.0 190.0 114.0 74.0
2.900000 3 318.3 189.5 116.8 75.2
2.933333 3 316.7 189.0 119.7 76.5
2.966667 3 315.0 188.5 122.5 77.7
3.000000 3 313.3 188.0 125.3 79.0
3.033333 3 311.7 187.5 128.2 80.2
3.066667 3 310.0 187.0 131.0 81.5
3.100000 3 308.3 186.5 133.8 82.7
3.133333 3 306.7 186.0 136.7 84.0
3.166667 3 305.0 185.5 139.5 85.2
3.200000 3 303.3 185.0 142.3 86.5
3.233333 3 301.7 184.5 145.2 87.7
3.266667 3 300.0 184.0 148.0 89.0
3.300000 3 299.8 182.9 149.9 90.7
3.333333 3 299.5 181.8 151.7 92.5
3.366667 3 299.3 180.6 153.6 94.2
3.400000 3 299.0 179.5 155.5 96.0
3.433333 3 298.8 178.4 157.4 97.7
3.466667 3 298.5 177.3 159.2 99.5
3.500000 3 298.3 176.1 161.1 101.2
3.533333 3 298.0 175.0 163.0 103.0
3.566667 3 294.6 172.7 168.5 105.4
3.600000 3 291.3 170.5 174.1 107.7
3.633333 3 287.9 168.2 179.6 110.1
3.666667 3 284.5 165.9 185.2 112.5
3.700000 3 281.2 163.6 190.7 114.8
3.733333 3 277.8 161.4 196.3 117.2
3.766667 3 274.5 159.1 201.8 119.5
3.800000 3 271.1 156.8 207.4 121.9
3.833333 3 267.7 154.5 212.9 124.3
3.866667 3 264.4 152.3 218.5 126.6
3.900000 3 261.0 150.0 224.0 129.0
3.933333 3 261.7 147.7 229.3 131.7
3.966667 3 262.4 145.4 234.6 134.4
4.000000 3 263.1 143.1 239.9 137.1
4.033333 3 263.8 140.8 245.2 139.8
4.066667 3 264.5 138.5 250.5 142.5
4.100000 3 265.2 136.2 255.8 145.2
4.133333 3 265.9 133.9 261.1 147.9
4.166667 3 266.6 131.6 266.4 150.6
4.200000 3 267.3 129.3 271.7 153.3
4.233333 3 268.0 127.0 277.0 156.0
4.266667 3 265.4 123.4 283.2 160.0
4.300000 3 262.8 119.8 289.5 164.0
4.333333 3 260.1 116.1 295.7 168.0
4.366667 3 257.5 112.5 302.0 172.0
4.400000 3 254.9 108.9 308.2 176.0
4.433333 3 252.3 105.3 314.5 180.0
4.466667 3 249.6 101.6 320.7 184.0
4.500000 3 247.0 98.0 327.0 188.0
4.533333 3 244.2 99.8 327.1 189.0
4.566667 3 241.4 101.6 327.2 190.0
4.600000 3 238.5 103.5 327.3 191.0
4.633333 3 235.7 105.3 327.4 192.0
4.666667 3 232.9 107.1 327.5 193.0
4.700000 3 230.1 108.9 327.5 194.0
4.733333 3 227.3 110.7 327.6 195.0
4.766667 3 224.5 112.5 327.7 196.0
4.800000 3 221.6 114.4 327.8 197.0
4.833333 3 218.8 116.2 327.9 198.0
4.866667 3 216.0 118.0 328.0 199.0
4.900000 3 211.2 119.2 331.4 198.6
4.933333 3 206.4 120.4 334.8 198.2
4.966667 3 201.6 121.6 338.2 197.8
5.000000 3 196.8 122.8 341.6 197.4
5.033333 3 192.0 124.0 345.0 197.0
5.066667 3 187.2 125.2 348.4 196.6
5.100000 3 182.4 126.4 351.8 196.2
5.133333 3 177.6 127.6 355.2 195.8
5.166667 3 172.8 128.8 358.6 195.4
5.200000 3 168.0 130.0 362.0 195.0
5.233333 3 166.5 129.5 360.5 195.6
5.266667 3 164.9 129.1 359.1 196.2
5.300000 3 163.4 128.6 357.6 196.8
5.333333 3 161.8 128.2 356.2 197.5
5.366667 3 160.3 127.7 354.7 198.1
5.400000 3 158.8 127.2 353.2 198.7
5.433333 3 157.2 126.8 351.8 199.3
5.466667 3 155.7 126.3 350.3 199.9
5.500000 3 154.2 125.8 348.8 200.5
5.533333 3 152.6 125.4 347.4 201.2
5.566667 3 151.1 124.9 345.9 201.8
5.600000 3 149.5 124.5 344.5 202.4
5.633333 3 148.0 124.0 343.0 203.0
5.666667 3 151.9 122.8 342.3 203.5
5.700000 3 155.8 121.5 341.5 204.0
5.733333 3 159.7 120.3 340.8 204.5
5.766667 3 163.7 119.0 340.0 205.0
5.800000 3 167.6 117.8 339.3 205.5
5.833333 3 171.5 116.5 338.5 206.0
5.866667 3 175.4 115.3 337.8 206.5
5.900000 3 179.3 114.0 337.0 207.0
5.933333 3 183.2 112.8 336.3 207.5
5.966667 3 187.2 111.5 335.5 208.0
6.000000 3 191.1 110.3 334.8 208.5
6.033333 3 195.0 109.0 334.0 209.0
6.066667 3 195.6 108.2 334.1 209.0
6.100000 3 196.2 107.5 334.2 209.0
6.133333 3 196.8 106.7 334.2 209.0
6.166667 3 197.5 105.9 334.3 209.0
6.200000 3 198.1 105.2 334.4 209.0
6.233333 3 198.7 104.4 334.5 209.0
6.266667 3 199.3 103.6 334.5 209.0
6.300000 3 199.9 102.8 334.6 209.0
6.333333 3 200.5 102.1 334.7 209.0
6.366667 3 201.2 101.3 334.8 209.0
6.400000 3 201.8 100.5 334.8 209.0
6.433333 3 202.4 99.8 334.9 209.0
6.466667 3 203.0 99.0 335.0 209.0
6.500000 3 204.8 97.7 335.9 209.2
6.533333 3 206.7 96.4 336.8 209.3
6.566667 3 208.5 95.1 337.8 209.5
6.600000 3 210.4 93.8 338.7 209.6
6.633333 3 212.2 92.5 339.6 209.8
6.666667 3 214.1 91.2 340.5 209.9
6.700000 3 215.9 89.8 341.5 210.1
6.733333 3 217.8 88.5 342.4 210.2
6.766667 3 219.6 87.2 343.3 210.4
6.800000 3 221.5 85.9 344.2 210.5
6.833333 3 223.3 84.6 345.2 210.7
6.866667 3 225.2 83.3 346.1 210.8
6.900000 3 227.0 82.0 347.0 211.0
6.933333 3 226.9 81.2 347.2 211.3
6.966667 3 226.9 80.4 347.4 211.6
7.000000 3 226.8 79.6 347.6 211.9
7.033333 3 226.7 78.9 347.9 212.1
7.066667 3 226.6 78.1 348.1 212.4
7.100000 3 226.6 77.3 348.3 212.7
7.133333 3 226.5 76.5 348.5 213.0
7.166667 3 226.4 75.7 348.7 213.3
7.200000 3 226.4 74.9 348.9 213.6
7.233333 3 226.3 74.1 349.1 213.9
7.266667 3 226.2 73.4 349.4 214.1
7.300000 3 226.1 72.6 349.6 214.4
7.333333 3 226.1 71.8 349.8 214.7
7.366667 3 226.0 71.0 350.0 215.0
7.400000 3 225.9 71.2 350.1 215.0
7.433333 3 225.8 71.3 350.2 215.0
7.466667 3 225.7 71.5 350.3 215.0
7.500000 3 225.6 71.6 350.4 215.0
7.533333 3 225.5 71.8 350.5 215.0
7.566667 3 225.4 71.9 350.6 215.0
7.600000 3 225.3 72.1 350.7 215.0
7.633333 3 225.2 72.3 350.8 215.0
7.666667 3 225.1 72.4 350.9 215.0
7.700000 3 224.9 72.6 351.1 215.0
7.733333 3 224.8 72.7 351.2 215.0
7.766667 3 224.7 72.9 351.3 215.0
7.800000 3 224.6 73.1 351.4 215.0
7.833333 3 224.5 73.2 351.5 215.0
7.866667 3 224.4 73.4 351.6 215.0
7.900000 3 224.3 73.5 351.7 215.0
7.933333 3 224.2 73.7 351.8 215.0
7.966667 3 224.1 73.8 351.9 215.0
8.000000 3 224.0 74.0 352.0 215.0
8.033333 3 224.5 74.2 352.8 215.7
8.066667 3 225.0 74.5 353.6 216.5
8.100000 3 225.5 74.7 354.4 217.2
8.133333 3 226.0 75.0 355.2 218.0
8.166667 3 226.5 75.2 356.1 218.7
8.200000 3 227.0 75.5 356.9 219.5
8.233333 3 227.5 75.7 357.7 220.2
8.266667 3 228.0 76.0 358.5 221.0
8.300000 3 228.5 76.2 359.3 221.7
8.333333 3 229.0 76.5 360.1 222.5
8.366667 3 229.5 76.7 360.9 223.2
8.400000 3 230.0 77.0 361.7 224.0
8.433333 3 230.5 77.2 362.6 224.7
8.466667 3 231.0 77.5 363.4 225.5
8.500000 3 231.5 77.7 364.2 226.2
8.533333 3 232.0 78.0 365.0 227.0
8.566667 3 231.6 77.1 364.9 228.4
8.600000 3 231.2 76.2 364.9 229.8
8.633333 3 230.8 75.3 364.8 231.2
8.666667 3 230.4 74.4 364.8 232.6
8.700000 3 230.1 73.6 364.7 233.9
8.733333 3 229.7 72.7 364.7 235.3
8.766667 3 229.3 71.8 364.6 236.7
8.800000 3 228.9 70.9 364.6 238.1
8.833333 3 228.5 70.0 364.5 239.5
8.866667 3 228.1 69.1 364.4 240.9
8.900000 3 227.7 68.2 364.4 242.3
8.933333 3 227.3 67.3 364.3 243.7
8.966667 3 226.9 66.4 364.3 245.1
9.000000 3 226.6 65.6 364.2 246.4
9.033333 3 226.2 64.7 364.2 247.8
9.066667 3 225.8 63.8 364.1 249.2
9.100000 3 225.4 62.9 364.1 250.6
9.133333 3 225.0 62.0 364.0 252.0
9.166667 3 224.9 61.8 363.9 251.6
9.200000 3 224.8 61.7 363.9 251.1
9.233333 3 224.7 61.5 363.8 250.7
9.266667 3 224.6 61.3 363.8 250.2
9.300000 3 224.4 61.2 363.7 249.8
9.333333 3 224.3 61.0 363.7 249.3
9.366667 3 224.2 60.8 363.6 248.9
9.400000 3 224.1 60.7 363.6 248.4
9.433333 3 224.0 60.5 363.5 248.0
9.466667 3 223.9 60.3 363.4 247.6
9.500000 3 223.8 60.2 363.4 247.1
9.533333 3 223.7 60.0 363.3 246.7
9.566667 3 223.6 59.8 363.3 246.2
9.600000 3 223.4 59.7 363.2 245.8
9.633333 3 223.3 59.5 363.2 245.3
9.666667 3 223.2 59.3 363.1 244.9
9.700000 3 223.1 59.2 363.1 244.4
9.733333 3 223.0 59.0 363.0 244.0
9.766667 3 219.9 58.7 364.3 244.5
9.800000 3 216.7 58.5 365.7 244.9
9.833333 3 213.6 58.2 367.0 245.4
9.866667 3 210.5 57.9 368.3 245.9
9.900000 3 207.3 57.7 369.7 246.3
9.933333 3 204.2 57.4 371.0 246.8
9.966667 3 201.1 57.1 372.3 247.3
10.000000 3 197.9 56.9 373.7 247.7
10.033333 3 194.8 56.6 375.0 248.2
10.066667 3 191.7 56.3 376.3 248.7
10.100000 3 188.5 56.1 377.7 249.1
10.133333 3 185.4 55.8 379.0 249.6
10.166667 3 182.3 55.5 380.3 250.1
10.200000 3 179.1 55.3 381.7 250.5
10.233333 3 176.0 55.0 383.0 251.0
