0.000000 3 302.0 365.0 20.0 22.0
0.033333 3 301.8 365.1 20.0 22.0
0.066667 3 301.5 365.2 20.0 22.0
0.100000 3 301.3 365.3 20.1 21.9
0.133333 3 301.1 365.4 20.1 21.9
0.166667 3 300.9 365.5 20.1 21.9
0.200000 3 300.6 365.6 20.1 21.9
0.233333 3 300.4 365.7 20.1 21.9
0.266667 3 300.2 365.8 20.2 21.8
0.300000 3 299.9 365.9 20.2 21.8
0.333333 3 299.7 366.0 20.2 21.8
0.366667 3 299.5 366.1 20.2 21.8
0.400000 3 299.2 366.3 20.3 21.7
0.433333 3 299.0 366.4 20.3 21.7
0.466667 3 298.8 366.5 20.3 21.7
0.500000 3 298.6 366.6 20.3 21.7
0.533333 3 298.3 366.7 20.3 21.7
0.566667 3 298.1 366.8 20.4 21.6
0.600000 3 297.9 366.9 20.4 21.6
0.633333 3 297.6 367.0 20.4 21.6
0.666667 3 297.4 367.1 20.4 21.6
0.700000 3 297.2 367.2 20.4 21.6
0.733333 3 297.0 367.3 20.5 21.5
0.766667 3 296.7 367.4 20.5 21.5
0.800000 3 296.5 367.5 20.5 21.5
0.833333 3 296.3 367.6 20.5 21.5
0.866667 3 296.0 367.7 20.5 21.5
0.900000 3 295.8 367.8 20.6 21.4
0.933333 3 295.6 367.9 20.6 21.4
0.966667 3 295.4 368.0 20.6 21.4
1.000000 3 295.1 368.1 20.6 21.4
1.033333 3 294.9 368.2 20.6 21.4
1.066667 3 294.7 368.3 20.7 21.3
1.100000 3 294.4 368.4 20.7 21.3
1.133333 3 294.2 368.5 20.7 21.3
1.166667 3 294.0 368.6 20.7 21.3
1.200000 3 293.7 368.8 20.8 21.2
1.233333 3 293.5 368.9 20.8 21.2
1.266667 3 293.3 369.0 20.8 21.2
1.300000 3 293.1 369.1 20.8 21.2
1.333333 3 292.8 369.2 20.8 21.2
1.366667 3 292.6 369.3 20.9 21.1
1.400000 3 292.4 369.4 20.9 21.1
1.433333 3 292.1 369.5 20.9 21.1
1.466667 3 291.9 369.6 20.9 21.1
1.500000 3 291.7 369.7 20.9 21.1
1.533333 3 291.5 369.8 21.0 21.0
1.566667 3 291.2 369.9 21.0 21.0
1.600000 3 291.0 370.0 21.0 21.0
1.633333 3 290.8 370.2 21.0 20.9
1.666667 3 290.6 370.3 21.0 20.9
1.700000 3 290.4 370.5 21.0 20.8
1.733333 3 290.3 370.6 21.0 20.8
1.766667 3 290.1 370.8 21.0 20.7
1.800000 3 289.9 370.9 21.0 20.7
1.833333 3 289.7 371.1 21.0 20.6
1.866667 3 289.5 371.3 21.0 20.6
1.900000 3 289.3 371.4 21.0 20.5
1.933333 3 289.2 371.6 21.0 20.5
1.966667 3 289.0 371.7 21.0 20.4
2.000000 3 288.8 371.9 21.0 20.4
2.033333 3 288.6 372.1 21.0 20.3
2.066667 3 288.4 372.2 21.0 20.3
2.100000 3 288.2 372.4 21.0 20.2
2.133333 3 288.1 372.5 21.0 20.2
2.166667 3 287.9 372.7 21.0 20.1
2.200000 3 287.7 372.8 21.0 20.1
2.233333 3 287.5 373.0 21.0 20.0
2.266667 3 287.3 373.2 21.0 19.9
2.300000 3 287.1 373.3 21.0 19.9
2.333333 3 286.9 373.5 21.0 19.8
2.366667 3 286.8 373.6 21.0 19.8
2.400000 3 286.6 373.8 21.0 19.7
2.433333 3 286.4 373.9 21.0 19.7
2.466667 3 286.2 374.1 21.0 19.6
2.500000 3 286.0 374.3 21.0 19.6
2.533333 3 285.8 374.4 21.0 19.5
2.566667 3 285.7 374.6 21.0 19.5
2.600000 3 285.5 374.7 21.0 19.4
2.633333 3 285.3 374.9 21.0 19.4
2.666667 3 285.1 375.1 21.0 19.3
2.700000 3 284.9 375.2 21.0 19.3
2.733333 3 284.7 375.4 21.0 19.2
2.766667 3 284.6 375.5 21.0 19.2
2.800000 3 284.4 375.7 21.0 19.1
2.833333 3 284.2 375.8 21.0 19.1
2.866667 3 284.0 376.0 21.0 19.0
2.900000 3 283.6 376.0 21.1 19.0
2.933333 3 283.2 376.1 21.2 19.1
2.966667 3 282.8 376.1 21.2 19.1
3.000000 3 282.5 376.1 21.3 19.2
3.033333 3 282.1 376.2 21.4 19.2
3.066667 3 281.7 376.2 21.5 19.3
3.100000 3 281.3 376.2 21.5 19.3
3.133333 3 280.9 376.2 21.6 19.4
3.166667 3 280.5 376.3 21.7 19.4
3.200000 3 280.2 376.3 21.8 19.5
3.233333 3 279.8 376.3 21.8 19.5
3.266667 3 279.4 376.4 21.9 19.6
3.300000 3 279.0 376.4 22.0 19.6
3.333333 3 278.6 376.4 22.1 19.6
3.366667 3 278.2 376.5 22.2 19.7
3.400000 3 277.8 376.5 22.2 19.7
3.433333 3 277.5 376.5 22.3 19.8
3.466667 3 277.1 376.6 22.4 19.8
3.500000 3 276.7 376.6 22.5 19.9
3.533333 3 276.3 376.6 22.5 19.9
3.566667 3 275.9 376.6 22.6 20.0
3.600000 3 275.5 376.7 22.7 20.0
3.633333 3 275.2 376.7 22.8 20.1
3.666667 3 274.8 376.7 22.8 20.1
3.700000 3 274.4 376.8 22.9 20.2
3.733333 3 274.0 376.8 23.0 20.2
3.766667 3 273.6 376.8 23.1 20.2
3.800000 3 273.2 376.9 23.2 20.3
3.833333 3 272.8 376.9 23.2 20.3
3.866667 3 272.5 376.9 23.3 20.4
3.900000 3 272.1 377.0 23.4 20.4
3.933333 3 271.7 377.0 23.5 20.5
3.966667 3 271.3 377.0 23.5 20.5
4.000000 3 270.9 377.0 23.6 20.6
4.033333 3 270.5 377.1 23.7 20.6
4.066667 3 270.2 377.1 23.8 20.7
4.100000 3 269.8 377.1 23.8 20.7
4.133333 3 269.4 377.2 23.9 20.8
4.166667 3 269.0 377.2 24.0 20.8
4.200000 3 268.6 377.2 24.1 20.8
4.233333 3 268.2 377.3 24.2 20.9
4.266667 3 267.8 377.3 24.2 20.9
4.300000 3 267.5 377.3 24.3 21.0
4.333333 3 267.1 377.4 24.4 21.0
4.366667 3 266.7 377.4 24.5 21.1
4.400000 3 266.3 377.4 24.5 21.1
4.433333 3 265.9 377.4 24.6 21.2
4.466667 3 265.5 377.5 24.7 21.2
4.500000 3 265.2 377.5 24.8 21.3
4.533333 3 264.8 377.5 24.8 21.3
4.566667 3 264.4 377.6 24.9 21.4
4.600000 3 264.0 377.6 25.0 21.4
4.633333 3 263.6 377.6 25.1 21.4
4.666667 3 263.2 377.7 25.2 21.5
4.700000 3 262.8 377.7 25.2 21.5
4.733333 3 262.5 377.7 25.3 21.6
4.766667 3 262.1 377.8 25.4 21.6
4.800000 3 261.7 377.8 25.5 21.7
4.833333 3 261.3 377.8 25.5 21.7
4.866667 3 260.9 377.8 25.6 21.8
4.900000 3 260.5 377.9 25.7 21.8
4.933333 3 260.2 377.9 25.8 21.9
4.966667 3 259.8 377.9 25.8 21.9
5.000000 3 259.4 378.0 25.9 22.0
5.033333 3 259.0 378.0 26.0 22.0
5.066667 3 258.6 378.1 26.0 22.0
5.100000 3 258.2 378.2 25.9 21.9
5.133333 3 257.8 378.4 25.9 21.9
5.166667 3 257.4 378.5 25.8 21.8
5.200000 3 257.0 378.6 25.8 21.8
5.233333 3 256.7 378.7 25.7 21.7
5.266667 3 256.3 378.9 25.7 21.7
5.300000 3 255.9 379.0 25.6 21.6
5.333333 3 255.5 379.1 25.6 21.6
5.366667 3 255.1 379.2 25.5 21.5
5.400000 3 254.7 379.4 25.5 21.5
5.433333 3 254.3 379.5 25.4 21.4
5.466667 3 253.9 379.6 25.4 21.4
5.500000 3 253.5 379.7 25.3 21.3
5.533333 3 253.1 379.9 25.3 21.3
5.566667 3 252.8 380.0 25.3 21.3
5.600000 3 252.4 380.1 25.2 21.2
5.633333 3 252.0 380.2 25.2 21.2
5.666667 3 251.6 380.4 25.1 21.1
5.700000 3 251.2 380.5 25.1 21.1
5.733333 3 250.8 380.6 25.0 21.0
5.766667 3 250.4 380.7 25.0 21.0
5.800000 3 250.0 380.9 24.9 20.9
5.833333 3 249.6 381.0 24.9 20.9
5.866667 3 249.2 381.1 24.8 20.8
5.900000 3 248.8 381.2 24.8 20.8
5.933333 3 248.5 381.4 24.7 20.7
5.966667 3 248.1 381.5 24.7 20.7
6.000000 3 247.7 381.6 24.6 20.6
6.033333 3 247.3 381.7 24.6 20.6
6.066667 3 246.9 381.9 24.5 20.5
6.100000 3 246.5 382.0 24.5 20.5
6.133333 3 246.1 382.1 24.5 20.5
6.166667 3 245.7 382.2 24.4 20.4
6.200000 3 245.3 382.4 24.4 20.4
6.233333 3 244.9 382.5 24.3 20.3
6.266667 3 244.5 382.6 24.3 20.3
6.300000 3 244.2 382.7 24.2 20.2
6.333333 3 243.8 382.9 24.2 20.2
6.366667 3 243.4 383.0 24.1 20.1
6.400000 3 243.0 383.1 24.1 20.1
6.433333 3 242.6 383.2 24.0 20.0
6.466667 3 242.2 383.4 24.0 20.0
6.500000 3 241.8 383.5 23.9 19.9
6.533333 3 241.4 383.6 23.9 19.9
6.566667 3 241.0 383.7 23.8 19.8
6.600000 3 240.6 383.9 23.8 19.8
6.633333 3 240.3 384.0 23.8 19.8
6.666667 3 239.9 384.1 23.7 19.7
6.700000 3 239.5 384.2 23.7 19.7
6.733333 3 239.1 384.4 23.6 19.6
6.766667 3 238.7 384.5 23.6 19.6
6.800000 3 238.3 384.6 23.5 19.5
6.833333 3 237.9 384.7 23.5 19.5
6.866667 3 237.5 384.9 23.4 19.4
6.900000 3 237.1 385.0 23.4 19.4
6.933333 3 236.7 385.1 23.3 19.3
6.966667 3 236.3 385.2 23.3 19.3
7.000000 3 236.0 385.4 23.2 19.2
7.033333 3 235.6 385.5 23.2 19.2
7.066667 3 235.2 385.6 23.1 19.1
7.100000 3 234.8 385.7 23.1 19.1
7.133333 3 234.4 385.9 23.0 19.0
7.166667 3 234.0 386.0 23.0 19.0
7.200000 3 233.5 386.1 23.0 19.0
7.233333 3 233.1 386.3 22.9 19.0
7.266667 3 232.6 386.4 22.9 18.9
7.300000 3 232.1 386.5 22.9 18.9
7.333333 3 231.7 386.6 22.8 18.9
7.366667 3 231.2 386.8 22.8 18.9
7.400000 3 230.8 386.9 22.7 18.9
7.433333 3 230.3 387.0 22.7 18.9
7.466667 3 229.8 387.2 22.7 18.8
7.500000 3 229.4 387.3 22.6 18.8
7.533333 3 228.9 387.4 22.6 18.8
7.566667 3 228.4 387.6 22.6 18.8
7.600000 3 228.0 387.7 22.5 18.8
7.633333 3 227.5 387.8 22.5 18.7
7.666667 3 227.1 387.9 22.4 18.7
7.700000 3 226.6 388.1 22.4 18.7
7.733333 3 226.1 388.2 22.4 18.7
7.766667 3 225.7 388.3 22.3 18.7
7.800000 3 225.2 388.5 22.3 18.6
7.833333 3 224.7 388.6 22.3 18.6
7.866667 3 224.3 388.7 22.2 18.6
7.900000 3 223.8 388.9 22.2 18.6
7.933333 3 223.4 389.0 22.1 18.6
7.966667 3 222.9 389.1 22.1 18.6
8.000000 3 222.4 389.2 22.1 18.5
8.033333 3 222.0 389.4 22.0 18.5
8.066667 3 221.5 389.5 22.0 18.5
8.100000 3 221.0 389.6 22.0 18.5
8.133333 3 220.6 389.8 21.9 18.5
8.166667 3 220.1 389.9 21.9 18.4
8.200000 3 219.6 390.0 21.9 18.4
8.233333 3 219.2 390.1 21.8 18.4
8.266667 3 218.7 390.3 21.8 18.4
8.300000 3 218.3 390.4 21.7 18.4
8.333333 3 217.8 390.5 21.7 18.4
8.366667 3 217.3 390.7 21.7 18.3
8.400000 3 216.9 390.8 21.6 18.3
8.433333 3 216.4 390.9 21.6 18.3
8.466667 3 215.9 391.1 21.6 18.3
8.500000 3 215.5 391.2 21.5 18.3
8.533333 3 215.0 391.3 21.5 18.2
8.566667 3 214.6 391.4 21.4 18.2
8.600000 3 214.1 391.6 21.4 18.2
8.633333 3 213.6 391.7 21.4 18.2
8.666667 3 213.2 391.8 21.3 18.2
8.700000 3 212.7 392.0 21.3 18.1
8.733333 3 212.2 392.1 21.3 18.1
8.766667 3 211.8 392.2 21.2 18.1
8.800000 3 211.3 392.4 21.2 18.1
8.833333 3 210.9 392.5 21.1 18.1
8.866667 3 210.4 392.6 21.1 18.1
8.900000 3 209.9 392.7 21.1 18.0
8.933333 3 209.5 392.9 21.0 18.0
8.966667 3 209.0 393.0 21.0 18.0
9.000000 3 208.5 393.1 21.0 18.0
9.033333 3 208.1 393.3 20.9 18.0
9.066667 3 207.6 393.4 20.9 18.0
9.100000 3 207.2 393.5 20.8 18.0
9.133333 3 206.7 393.7 20.8 18.0
9.166667 3 206.3 393.8 20.7 18.0
9.200000 3 205.8 394.0 20.7 18.0
9.233333 3 205.4 394.1 20.6 18.0
9.266667 3 204.9 394.2 20.6 18.0
9.300000 3 204.5 394.4 20.5 18.0
9.333333 3 204.0 394.5 20.5 18.0
9.366667 3 203.5 394.6 20.5 18.0
9.400000 3 203.1 394.8 20.4 18.0
9.433333 3 202.6 394.9 20.4 18.0
9.466667 3 202.2 395.0 20.3 18.0
9.500000 3 201.7 395.2 20.3 18.0
9.533333 3 201.3 395.3 20.2 18.0
9.566667 3 200.8 395.5 20.2 18.0
9.600000 3 200.4 395.6 20.1 18.0
9.633333 3 199.9 395.7 20.1 18.0
9.666667 3 199.5 395.9 20.0 18.0
9.700000 3 199.0 396.0 20.0 18.0
9.733333 3 198.5 396.1 20.0 18.0
9.766667 3 198.1 396.3 19.9 18.0
9.800000 3 197.6 396.4 19.9 18.0
9.833333 3 197.2 396.5 19.8 18.0
9.866667 3 196.7 396.7 19.8 18.0
9.900000 3 196.3 396.8 19.7 18.0
9.933333 3 195.8 397.0 19.7 18.0
9.966667 3 195.4 397.1 19.6 18.0
10.000000 3 194.9 397.2 19.6 18.0
10.033333 3 194.5 397.4 19.5 18.0
10.066667 3 194.0 397.5 19.5 18.0
10.100000 3 193.5 397.6 19.5 18.0
10.133333 3 193.1 397.8 19.4 18.0
10.166667 3 192.6 397.9 19.4 18.0
10.200000 3 192.2 398.0 19.3 18.0
10.233333 3 191.7 398.2 19.3 18.0
10.266667 3 191.3 398.3 19.2 18.0
10.300000 3 190.8 398.5 19.2 18.0
10.333333 3 190.4 398.6 19.1 18.0
10.366667 3 189.9 398.7 19.1 18.0
10.400000 3 189.5 398.9 19.0 18.0
10.433333 3 189.0 399.0 19.0 18.0
