0.000000 3 75.1 245.0 136.4 92.2
0.033333 3 81.8 244.8 136.9 92.8
0.066667 3 85.1 244.9 137.1 92.9
0.100000 3 91.6 244.9 136.9 92.8
0.133333 3 94.5 244.2 137.1 93.1
0.166667 3 100.7 244.3 137.4 93.3
0.200000 3 107.3 243.9 137.4 93.2
0.233333 3 110.4 243.6 137.7 93.6
0.266667 3 117.2 244.3 137.9 93.7
0.300000 3 124.2 244.3 137.9 93.7
0.333333 3 126.6 244.1 138.0 93.7
0.366667 3 132.5 244.2 138.1 93.8
0.400000 3 135.1 244.0 138.2 93.8
0.433333 3 140.9 245.0 138.0 93.4
0.466667 3 143.3 245.0 138.3 93.7
0.500000 3 148.8 245.2 138.3 93.7
0.533333 3 152.0 245.4 138.4 93.7
0.566667 3 158.5 246.2 138.4 93.6
0.600000 3 164.0 246.8 138.7 93.8
0.633333 3 167.0 246.5 138.8 93.9
0.666667 3 173.0 246.8 139.3 94.3
0.700000 3 178.9 246.7 139.6 94.4
0.733333 3 181.4 246.8 139.8 94.7
0.766667 3 187.1 246.2 140.3 95.2
0.800000 3 190.0 246.0 140.6 95.4
0.833333 3 195.2 245.7 140.8 95.4
0.866667 3 200.5 245.1 141.2 95.8
0.900000 3 205.7 244.5 141.3 95.8
0.933333 3 208.5 244.4 141.2 95.7
0.966667 3 213.5 243.2 141.5 95.8
1.000000 3 219.2 242.3 141.6 96.1
1.033333 3 221.3 241.5 142.2 96.5
1.066667 3 226.4 240.4 142.3 96.6
1.100000 3 230.7 239.1 142.7 96.7
1.133333 3 232.7 238.7 142.5 96.5
1.166667 3 236.0 237.3 142.9 96.9
1.200000 3 238.1 235.7 142.8 96.6
1.233333 3 239.4 234.9 143.2 96.9
1.266667 3 242.0 232.9 143.4 97.0
1.300000 3 242.6 232.5 143.6 97.2
1.333333 3 245.0 230.6 143.8 97.3
1.366667 3 246.4 229.2 144.4 97.8
1.400000 3 248.2 226.7 144.7 98.2
1.433333 3 250.2 225.0 145.1 98.6
1.466667 3 253.1 222.9 145.2 98.7
1.500000 3 253.2 219.6 145.7 99.2
1.533333 3 252.8 217.9 146.2 99.7
1.566667 3 245.3 213.5 146.7 100.6
1.600000 3 213.0 200.1 147.5 101.2
1.633333 3 198.6 196.6 148.2 101.7
1.666667 3 183.1 194.2 149.1 102.6
1.700000 3 178.2 194.4 149.1 102.7
1.733333 3 165.7 192.4 150.3 104.0
1.766667 3 152.4 190.0 151.1 104.9
1.800000 3 146.4 188.3 151.9 105.8
1.833333 3 129.2 183.4 152.9 107.1
1.866667 3 123.2 181.7 153.6 107.8
1.900000 3 113.1 178.0 154.4 108.7
1.933333 3 103.3 174.1 155.0 109.5
1.966667 3 97.6 171.2 155.5 110.1
2.000000 3 86.4 168.0 156.7 111.4
2.033333 3 80.4 164.9 157.6 112.3
2.066667 3 67.9 160.8 158.9 113.9
2.100000 3 63.4 158.9 159.0 114.0
2.133333 3 56.6 156.8 159.8 114.8
2.166667 3 53.2 153.8 160.3 115.4
2.200000 3 49.8 151.1 160.8 115.9
2.233333 3 49.2 149.0 161.3 116.5
2.266667 3 49.3 148.2 161.2 116.3
2.300000 3 49.5 147.2 161.5 116.5
2.333333 3 50.6 145.2 161.6 116.6
2.366667 3 51.3 144.4 161.7 116.6
2.400000 3 52.8 143.2 162.0 116.8
2.433333 3 53.8 143.0 161.6 116.4
2.466667 3 54.1 141.1 162.2 117.0
2.500000 3 54.7 138.6 162.6 117.5
2.533333 3 56.5 138.3 162.3 117.2
2.566667 3 57.0 136.7 163.0 117.9
2.600000 3 59.3 135.4 162.9 117.7
2.633333 3 60.8 134.5 163.2 118.1
2.666667 3 63.8 133.4 163.1 118.0
2.700000 3 65.7 132.5 163.4 118.2
2.733333 3 69.1 130.6 163.6 118.5
2.766667 3 73.2 129.6 163.7 118.5
2.800000 3 76.5 127.5 164.0 119.0
2.833333 3 77.8 127.3 164.1 119.0
2.866667 3 81.6 125.7 164.0 119.0
2.900000 3 83.3 125.2 164.0 119.0
2.933333 3 86.7 124.1 164.0 119.0
2.966667 3 89.3 122.3 164.4 119.5
3.000000 3 91.6 121.6 164.2 119.4
3.033333 3 96.2 121.0 164.4 119.6
3.066667 3 100.0 119.3 164.9 120.2
3.100000 3 101.8 119.2 164.3 119.7
3.133333 3 106.4 117.3 164.6 120.0
3.166667 3 112.1 116.8 164.4 120.0
3.200000 3 114.6 115.9 164.5 120.1
3.233333 3 118.5 115.3 164.5 120.2
3.266667 3 123.5 113.7 164.7 120.5
3.300000 3 129.3 112.9 164.6 120.5
3.333333 3 131.9 112.9 164.5 120.5
3.366667 3 136.8 111.1 164.7 120.9
3.400000 3 139.5 110.1 165.0 121.2
3.433333 3 144.5 109.5 165.1 121.5
3.466667 3 146.7 108.8 164.9 121.5
3.500000 3 150.6 108.1 164.7 121.3
3.533333 3 154.6 106.8 165.2 122.0
3.566667 3 156.7 106.0 165.0 121.9
3.600000 3 159.6 104.7 165.8 123.0
3.633333 3 161.6 104.4 165.2 122.4
3.666667 3 166.2 103.0 165.3 122.6
3.700000 3 168.4 102.4 165.7 123.1
3.733333 3 172.2 101.5 166.1 123.8
3.766667 3 175.5 99.4 166.4 124.2
3.800000 3 177.9 99.3 166.1 124.1
3.833333 3 182.9 98.2 166.1 124.1
3.866667 3 184.4 97.6 166.5 124.8
3.900000 3 187.0 96.1 166.6 125.0
3.933333 3 190.7 94.9 166.9 125.6
3.966667 3 193.2 94.7 166.5 125.2
4.000000 3 196.2 93.7 166.7 125.6
4.033333 3 198.9 92.4 167.4 126.5
4.066667 3 201.2 92.0 166.9 126.0
4.100000 3 205.1 91.7 167.3 126.6
4.133333 3 206.4 91.1 167.6 127.0
4.166667 3 209.7 89.5 167.4 127.0
4.200000 3 213.3 88.8 167.5 127.3
4.233333 3 214.4 87.9 167.8 127.5
4.266667 3 217.2 88.4 167.8 127.8
4.300000 3 220.6 87.8 168.0 128.2
4.333333 3 224.4 87.3 168.2 128.6
4.366667 3 225.8 87.4 168.3 128.7
4.400000 3 227.3 87.1 168.2 128.8
4.433333 3 230.2 86.6 168.2 128.9
4.466667 3 233.2 86.2 168.2 129.1
4.500000 3 236.7 87.2 168.2 129.2
4.533333 3 238.2 86.4 168.2 129.1
4.566667 3 241.8 86.6 168.2 129.3
4.600000 3 243.5 87.2 168.5 129.6
4.633333 3 245.7 88.1 168.4 129.8
4.666667 3 247.6 87.9 168.7 130.2
4.700000 3 250.3 89.3 168.5 130.1
4.733333 3 251.7 89.8 168.8 130.5
4.766667 3 252.6 90.6 169.1 131.0
4.800000 3 253.3 90.5 169.1 131.1
4.833333 3 255.3 92.9 169.2 131.3
4.866667 3 256.7 95.7 169.3 131.7
4.900000 3 257.2 96.6 169.4 131.8
4.933333 3 259.3 99.8 169.6 132.2
4.966667 3 260.9 101.6 169.4 132.1
5.000000 3 263.0 106.2 169.5 132.4
5.033333 3 264.3 109.2 169.8 132.9
5.066667 3 265.1 111.7 170.1 133.4
5.100000 3 267.5 115.3 170.2 133.6
5.133333 3 269.7 120.2 170.0 133.7
5.166667 3 270.6 121.9 170.2 133.9
5.200000 3 273.8 125.0 170.1 134.1
5.233333 3 276.0 129.5 170.4 134.7
5.266667 3 277.4 132.4 170.6 135.3
5.300000 3 278.3 133.8 170.7 135.5
5.333333 3 281.7 136.8 170.8 135.9
5.366667 3 284.4 140.8 170.8 136.3
5.400000 3 284.6 142.1 170.9 136.3
5.433333 3 286.6 144.1 171.0 136.6
5.466667 3 287.8 145.1 171.4 137.1
5.500000 3 289.8 147.2 171.4 137.4
5.533333 3 290.7 148.2 171.5 137.6
5.566667 3 293.1 149.9 171.6 137.8
5.600000 3 294.9 151.4 172.4 139.2
5.633333 3 295.7 153.5 172.9 140.1
5.666667 3 298.3 155.3 172.5 139.9
5.700000 3 299.7 155.7 173.3 140.8
5.733333 3 301.2 158.6 173.0 141.0
5.766667 3 301.9 159.5 173.1 141.0
5.800000 3 304.6 162.2 172.9 140.9
5.833333 3 306.2 162.1 173.3 141.4
5.866667 3 308.2 164.7 173.7 142.2
5.900000 3 310.4 167.2 173.9 142.5
5.933333 3 311.6 167.5 175.0 144.2
5.966667 3 314.3 169.5 175.7 145.2
6.000000 3 317.2 170.8 176.2 146.3
6.033333 3 318.5 171.8 175.9 145.8
6.066667 3 321.9 173.1 176.0 146.2
6.100000 3 326.0 175.6 175.6 146.0
6.133333 3 329.0 177.5 175.6 146.2
6.166667 3 331.0 178.2 175.6 146.4
6.200000 3 337.3 179.2 175.6 146.7
6.233333 3 343.3 180.8 175.8 147.1
6.266667 3 345.4 181.9 176.0 147.3
6.300000 3 351.0 183.3 175.7 147.1
6.333333 3 355.1 183.6 175.7 147.3
6.366667 3 362.0 183.8 175.4 147.2
6.400000 3 364.5 185.6 175.2 146.9
6.433333 3 371.0 187.1 175.2 146.8
6.466667 3 375.4 187.3 175.2 147.0
6.500000 3 382.6 187.7 175.2 147.1
6.533333 3 385.3 189.0 175.7 147.6
6.566667 3 392.2 188.8 175.6 147.5
6.600000 3 397.5 190.6 175.0 147.1
6.633333 3 399.1 191.2 175.3 147.7
6.666667 3 400.6 192.1 174.8 147.2
6.700000 3 403.0 192.1 174.5 146.7
6.733333 3 404.4 192.9 174.0 146.2
6.766667 3 405.5 193.9 174.3 146.9
6.800000 3 405.7 193.8 173.9 146.5
6.833333 3 406.2 193.8 174.0 146.8
6.866667 3 406.8 194.3 173.6 146.4
6.900000 3 407.1 194.6 173.4 146.4
6.933333 3 406.6 194.1 173.3 146.3
6.966667 3 405.3 193.2 173.0 146.1
7.000000 3 404.1 192.5 172.7 145.9
7.033333 3 399.4 191.3 172.7 146.2
7.066667 3 394.8 189.9 172.3 146.0
7.100000 3 382.5 183.9 172.3 146.0
7.133333 3 380.1 185.5 170.8 144.3
7.166667 3 376.4 183.8 171.0 145.2
7.200000 3 370.1 181.5 170.7 145.0
7.233333 3 364.8 178.7 170.9 145.5
7.266667 3 362.9 177.7 170.3 144.8
7.300000 3 358.8 175.4 170.4 145.1
7.333333 3 357.0 174.3 170.0 144.8
7.366667 3 354.3 172.5 169.8 144.7
7.400000 3 350.7 171.0 169.4 144.3
7.433333 3 348.2 170.0 169.6 144.8
7.466667 3 343.4 169.2 169.0 144.3
7.500000 3 338.3 167.7 169.0 144.5
7.533333 3 335.7 166.8 169.2 144.6
7.566667 3 330.4 165.9 169.1 144.8
7.600000 3 327.9 165.1 168.7 144.6
7.633333 3 322.7 164.2 168.8 144.7
7.666667 3 318.4 163.5 168.3 144.3
7.700000 3 316.7 162.7 168.1 144.3
7.733333 3 314.4 162.2 167.7 143.7
7.766667 3 313.2 162.2 167.6 143.8
7.800000 3 310.6 161.0 166.7 143.0
7.833333 3 307.8 160.8 166.7 143.2
7.866667 3 307.0 160.3 166.5 143.1
7.900000 3 304.1 160.8 166.3 143.0
7.933333 3 302.4 160.0 166.0 142.9
7.966667 3 299.7 159.6 165.6 142.6
8.000000 3 298.5 159.1 165.8 142.7
8.033333 3 297.0 159.4 165.3 142.3
8.066667 3 295.9 158.9 165.2 142.4
8.100000 3 295.5 158.2 164.9 142.1
8.133333 3 295.1 159.1 164.2 141.7
8.166667 3 294.0 159.1 164.5 141.9
8.200000 3 292.7 158.8 164.3 141.7
8.233333 3 293.5 158.9 162.7 140.4
8.266667 3 293.7 159.5 162.2 140.3
8.300000 3 293.3 160.1 162.0 140.1
8.333333 3 291.3 160.4 162.2 140.4
8.366667 3 290.2 159.9 161.6 139.9
8.400000 3 290.7 159.8 161.7 140.2
8.433333 3 290.3 161.3 161.0 139.6
8.466667 3 288.7 161.3 161.3 140.0
8.500000 3 287.2 161.6 160.2 138.9
8.533333 3 286.6 161.8 160.1 138.8
8.566667 3 285.8 162.0 159.5 138.2
8.600000 3 282.9 163.0 158.8 137.7
8.633333 3 282.2 163.0 158.1 137.1
8.666667 3 281.2 164.2 158.3 137.3
8.700000 3 280.0 164.0 158.0 137.1
8.733333 3 278.7 164.2 157.2 136.2
8.766667 3 277.5 164.7 157.1 136.1
8.800000 3 276.9 166.3 156.1 135.1
8.833333 3 275.8 165.8 156.4 135.5
8.866667 3 273.9 166.0 155.7 134.8
8.900000 3 272.8 167.0 155.6 134.7
8.933333 3 272.5 167.1 155.4 134.5
8.966667 3 270.8 167.2 155.1 134.3
9.000000 3 270.3 167.4 154.8 134.0
9.033333 3 269.2 168.1 154.5 133.8
9.066667 3 267.8 168.7 154.2 133.6
9.100000 3 266.6 168.4 154.0 133.3
9.133333 3 266.9 168.2 153.6 132.9
9.166667 3 266.8 169.8 153.3 132.6
9.200000 3 267.1 169.2 153.2 132.6
9.233333 3 267.2 169.6 152.6 132.2
9.266667 3 267.6 169.6 152.4 132.1
9.300000 3 270.1 171.0 151.9 131.5
9.333333 3 271.2 170.7 151.9 131.7
9.366667 3 272.3 170.8 151.5 131.2
9.400000 3 275.2 171.6 151.7 131.3
9.433333 3 277.1 172.0 151.0 130.7
9.466667 3 279.5 172.0 150.8 130.7
9.500000 3 280.9 172.4 150.2 130.1
9.533333 3 283.9 171.9 150.8 130.6
9.566667 3 285.9 172.5 150.7 130.6
9.600000 3 289.0 172.1 151.0 131.0
9.633333 3 292.5 172.9 150.2 130.0
9.666667 3 296.0 173.7 149.8 129.5
9.700000 3 299.4 173.8 149.7 129.2
9.733333 3 301.5 174.5 148.6 128.1
9.766667 3 303.4 174.9 148.7 128.2
9.800000 3 304.2 175.2 148.8 128.2
9.833333 3 306.9 175.0 148.9 128.3
9.866667 3 308.6 176.0 147.9 127.1
9.900000 3 310.4 175.5 148.4 127.7
9.933333 3 312.3 176.9 147.2 126.5
9.966667 3 314.7 176.9 146.9 126.1
10.000000 3 314.9 176.3 147.6 126.6
