0.000000 3 210.0 162.0 115.0 119.0
0.033333 3 209.9 162.4 114.2 118.2
0.066667 3 209.9 162.4 114.2 118.2
0.100000 3 210.0 162.0 114.7 118.6
0.133333 3 208.5 162.2 115.1 119.0
0.166667 3 207.4 162.2 116.3 120.1
0.200000 3 206.0 161.8 116.5 120.3
0.233333 3 205.5 162.9 116.4 120.2
0.266667 3 205.5 162.9 116.4 120.2
0.300000 3 204.5 163.4 116.2 120.0
0.333333 3 203.1 164.5 116.7 120.4
0.366667 3 202.3 165.0 117.2 120.9
0.400000 3 201.7 164.6 117.5 121.1
0.433333 3 201.3 164.6 118.0 121.6
0.466667 3 201.3 164.6 118.1 121.7
0.500000 3 201.3 165.0 118.0 121.6
0.533333 3 202.1 165.9 118.5 122.0
0.566667 3 203.3 166.6 118.6 122.2
0.600000 3 205.2 167.8 118.4 121.9
0.633333 3 207.1 169.8 118.5 122.0
0.666667 3 207.1 169.8 118.5 122.0
0.700000 3 210.2 170.7 118.2 121.7
0.733333 3 213.5 171.4 118.8 122.3
0.766667 3 215.6 173.1 119.1 122.6
0.800000 3 217.8 175.6 119.2 122.6
0.833333 3 219.4 176.4 119.1 122.5
0.866667 3 219.4 176.4 119.1 122.5
0.900000 3 221.0 178.0 119.3 122.8
0.933333 3 222.6 179.2 118.8 122.3
0.966667 3 223.3 180.4 118.9 122.4
1.000000 3 224.1 181.6 118.7 122.2
1.033333 3 223.9 183.4 118.9 122.4
1.066667 3 223.9 183.4 118.9 122.4
1.100000 3 224.0 185.0 118.5 121.9
1.133333 3 223.9 185.4 118.6 122.0
1.166667 3 223.0 186.2 119.1 122.5
1.200000 3 221.8 187.0 118.7 122.0
1.233333 3 220.4 188.0 118.5 121.9
1.266667 3 220.4 188.0 118.5 121.9
1.300000 3 218.9 188.3 118.6 121.9
1.333333 3 217.2 188.7 118.3 121.6
1.366667 3 214.6 188.1 118.9 122.2
1.400000 3 212.0 188.3 119.0 122.3
1.433333 3 208.9 188.3 118.9 122.2
1.466667 3 208.9 188.3 118.9 122.2
1.500000 3 205.4 187.6 119.2 122.5
1.533333 3 201.8 187.2 119.5 122.7
1.566667 3 199.6 186.2 119.1 122.4
1.600000 3 198.7 185.7 119.2 122.5
1.633333 3 198.0 184.0 119.2 122.4
1.666667 3 197.9 184.0 119.2 122.4
1.700000 3 197.3 183.5 119.5 122.7
1.733333 3 198.4 183.8 119.6 122.8
1.766667 3 199.5 183.1 119.9 123.1
1.800000 3 201.9 183.1 119.5 122.7
1.833333 3 203.9 182.9 119.6 122.7
1.866667 3 203.9 182.9 119.6 122.7
1.900000 3 205.9 182.3 119.5 122.6
1.933333 3 208.6 181.2 119.9 123.1
1.966667 3 210.9 180.1 120.3 123.4
2.000000 3 214.3 179.2 119.6 122.8
2.033333 3 216.3 178.7 119.8 122.9
2.066667 3 216.3 178.6 119.9 123.0
2.100000 3 218.0 178.1 120.4 123.5
2.133333 3 220.4 176.4 120.2 123.3
2.166667 3 223.4 176.0 119.7 122.8
2.200000 3 224.9 173.7 120.6 123.7
2.233333 3 226.8 172.6 120.3 123.4
2.266667 3 226.8 172.6 120.3 123.4
2.300000 3 228.7 170.3 120.4 123.4
2.333333 3 230.1 169.4 120.8 123.8
2.366667 3 231.1 168.2 120.4 123.4
2.400000 3 232.5 167.4 120.4 123.4
2.433333 3 234.7 165.9 120.8 123.8
2.466667 3 234.8 165.9 120.8 123.7
2.500000 3 237.1 165.0 120.3 123.3
2.533333 3 237.7 163.0 121.3 124.3
2.566667 3 239.9 163.4 120.7 123.6
2.600000 3 240.7 161.6 121.1 124.0
2.633333 3 241.7 160.6 121.1 124.0
2.666667 3 241.7 160.6 121.1 124.0
2.700000 3 242.6 159.6 120.9 123.8
2.733333 3 243.8 159.4 120.3 123.2
2.766667 3 243.8 157.9 120.8 123.7
2.800000 3 243.8 158.2 120.7 123.6
2.833333 3 243.0 156.6 120.7 123.6
2.866667 3 243.0 156.6 120.6 123.5
2.900000 3 242.0 156.4 120.8 123.7
2.933333 3 239.8 155.9 120.6 123.4
2.966667 3 237.7 155.5 120.5 123.3
3.000000 3 234.8 155.5 120.7 123.5
3.033333 3 232.5 155.5 120.8 123.6
3.066667 3 232.5 155.5 120.8 123.6
3.100000 3 229.7 155.4 121.3 124.1
3.133333 3 227.0 156.5 120.6 123.5
3.166667 3 224.6 156.8 120.4 123.2
3.200000 3 223.0 156.7 120.6 123.4
3.233333 3 221.3 157.7 120.7 123.4
3.266667 3 221.3 157.7 120.7 123.5
3.300000 3 219.9 158.6 120.5 123.3
3.333333 3 218.2 158.4 120.8 123.6
3.366667 3 217.3 158.6 120.9 123.7
3.400000 3 216.2 158.4 121.3 124.0
3.433333 3 215.9 159.6 121.2 124.0
3.466667 3 215.9 159.6 121.2 124.0
3.500000 3 216.1 160.4 120.6 123.4
3.533333 3 215.8 161.2 121.0 123.7
3.566667 3 215.5 161.4 120.9 123.6
3.600000 3 215.1 162.3 120.8 123.5
3.633333 3 213.8 163.6 120.9 123.6
3.666667 3 213.8 163.6 120.9 123.6
3.700000 3 212.3 164.5 120.8 123.6
3.733333 3 209.5 165.2 121.2 124.0
3.766667 3 207.7 166.7 121.0 123.7
3.800000 3 205.3 166.7 120.7 123.4
3.833333 3 202.9 167.9 121.3 124.0
3.866667 3 202.9 167.9 121.3 123.9
3.900000 3 200.9 167.7 120.8 123.5
3.933333 3 198.6 168.1 121.0 123.7
3.966667 3 197.8 167.7 121.1 123.8
4.000000 3 197.3 169.1 120.5 123.2
4.033333 3 198.5 169.2 119.6 122.3
4.066667 3 198.5 169.2 119.6 122.3
4.100000 3 198.7 168.0 120.5 123.1
4.133333 3 199.1 167.6 120.9 123.5
4.166667 3 200.7 168.5 120.6 123.2
4.200000 3 202.1 166.6 120.9 123.5
4.233333 3 203.3 167.0 120.4 123.0
4.266667 3 203.3 167.0 120.4 123.0
4.300000 3 204.7 166.7 120.2 122.8
4.333333 3 206.0 165.7 120.3 122.9
4.366667 3 207.2 164.4 120.0 122.6
4.400000 3 207.3 163.2 120.7 123.3
4.433333 3 208.4 162.8 120.1 122.7
4.466667 3 208.3 162.8 120.1 122.7
4.500000 3 209.5 162.0 120.0 122.6
4.533333 3 209.6 160.6 120.2 122.8
4.566667 3 210.1 159.4 119.5 122.1
4.600000 3 212.0 159.0 118.8 121.4
4.633333 3 212.4 158.0 119.6 122.2
4.666667 3 212.4 158.0 119.6 122.1
4.700000 3 213.3 156.8 119.8 122.4
4.733333 3 214.3 156.0 119.7 122.3
4.766667 3 215.5 155.0 119.8 122.3
4.800000 3 216.9 154.6 119.9 122.5
4.833333 3 218.1 154.7 119.1 121.7
4.866667 3 218.0 154.7 119.2 121.8
4.900000 3 218.8 155.1 119.4 121.9
4.933333 3 219.8 154.8 119.5 122.0
4.966667 3 220.3 154.5 119.6 122.1
5.000000 3 221.9 154.1 119.5 122.0
5.033333 3 223.7 154.4 119.3 121.8
5.066667 3 223.7 154.4 119.3 121.8
5.100000 3 224.6 153.8 119.5 122.0
5.133333 3 226.0 155.0 119.3 121.8
5.166667 3 226.0 154.3 120.2 122.7
5.200000 3 227.8 154.8 119.3 121.8
5.233333 3 229.0 155.3 119.4 121.9
5.266667 3 228.9 155.3 119.5 122.0
5.300000 3 229.8 156.3 119.3 121.7
5.333333 3 230.9 156.4 119.4 121.9
5.366667 3 232.2 157.3 118.7 121.2
5.400000 3 232.9 157.2 119.0 121.5
5.433333 3 233.3 158.1 119.1 121.6
5.466667 3 233.3 158.1 119.1 121.6
5.500000 3 233.1 157.6 119.0 121.4
5.533333 3 233.2 157.8 119.0 121.5
5.566667 3 233.6 157.1 119.2 121.6
5.600000 3 232.8 157.3 119.1 121.6
5.633333 3 233.4 157.0 118.8 121.2
5.666667 3 233.4 157.0 118.8 121.2
5.700000 3 234.0 157.5 118.9 121.4
5.733333 3 235.0 157.4 119.2 121.6
5.766667 3 236.2 157.7 119.3 121.8
5.800000 3 237.7 158.1 119.1 121.6
5.833333 3 239.4 158.1 119.6 122.0
5.866667 3 239.4 158.1 119.6 122.0
5.900000 3 241.2 158.1 119.7 122.1
5.933333 3 243.3 159.5 119.6 122.0
5.966667 3 245.1 159.7 119.3 121.7
6.000000 3 247.2 160.3 119.4 121.8
6.033333 3 248.1 159.0 119.8 122.2
6.066667 3 248.1 159.0 119.8 122.2
6.100000 3 249.7 159.1 119.3 121.7
6.133333 3 249.6 158.0 119.6 122.0
6.166667 3 249.7 157.6 119.6 122.0
6.200000 3 249.7 157.1 119.1 121.5
6.233333 3 249.8 157.2 119.1 121.5
6.266667 3 249.8 157.2 119.1 121.5
6.300000 3 248.5 156.4 119.0 121.4
6.333333 3 246.7 156.2 118.9 121.2
6.366667 3 243.1 154.9 119.1 121.4
6.400000 3 240.6 154.9 118.9 121.3
6.433333 3 238.1 154.7 118.9 121.3
6.466667 3 238.1 154.7 118.9 121.3
6.500000 3 236.2 154.1 119.3 121.6
6.533333 3 234.2 154.7 119.0 121.4
6.566667 3 231.8 154.9 119.1 121.4
6.600000 3 230.0 154.9 118.7 121.1
6.633333 3 227.6 154.9 119.1 121.4
6.666667 3 227.7 154.9 119.0 121.4
6.700000 3 226.2 155.1 118.9 121.2
6.733333 3 226.0 155.3 119.5 121.8
6.766667 3 226.4 154.7 119.1 121.4
6.800000 3 226.5 153.3 118.7 121.0
6.833333 3 225.9 153.3 118.7 121.0
6.866667 3 225.9 153.4 118.6 120.9
6.900000 3 226.2 153.3 118.7 121.0
6.933333 3 226.3 152.3 119.0 121.3
6.966667 3 227.2 152.2 119.0 121.3
7.000000 3 227.6 150.9 118.5 120.8
7.033333 3 228.6 150.0 118.7 121.0
7.066667 3 228.6 150.0 118.7 121.0
7.100000 3 229.3 149.0 118.7 121.0
7.133333 3 229.7 148.5 118.9 121.1
7.166667 3 231.0 148.0 118.8 121.1
7.200000 3 232.3 147.9 118.7 121.0
7.233333 3 233.3 146.4 118.7 121.0
7.266667 3 233.3 146.4 118.5 120.8
7.300000 3 234.1 145.2 118.6 120.9
7.333333 3 234.6 144.0 118.8 121.0
7.366667 3 234.8 142.9 118.8 121.1
7.400000 3 234.4 141.8 119.1 121.3
7.433333 3 234.1 141.9 118.9 121.1
7.466667 3 234.1 141.9 118.9 121.1
7.500000 3 233.8 140.7 118.8 121.1
7.533333 3 232.1 139.0 119.0 121.3
7.566667 3 230.1 136.9 119.0 121.2
7.600000 3 227.5 136.6 119.1 121.3
7.633333 3 226.0 135.6 118.7 121.0
7.666667 3 226.0 135.6 118.7 121.0
7.700000 3 224.2 135.2 119.4 121.7
7.733333 3 222.4 134.5 119.3 121.5
7.766667 3 220.8 134.0 119.3 121.5
7.800000 3 220.8 134.0 119.4 121.6
7.833333 3 219.8 134.5 119.5 121.7
7.866667 3 219.8 134.5 119.5 121.6
7.900000 3 220.5 135.6 119.4 121.5
7.933333 3 221.1 135.7 119.7 121.9
7.966667 3 222.5 136.1 119.5 121.7
8.000000 3 223.7 137.2 119.5 121.7
8.033333 3 225.6 137.2 119.4 121.6
8.066667 3 225.6 137.2 119.4 121.6
8.100000 3 226.6 137.9 119.2 121.3
8.133333 3 227.3 138.4 119.2 121.4
8.166667 3 228.5 139.2 118.9 121.0
8.200000 3 229.1 139.7 118.7 120.9
8.233333 3 229.4 140.2 118.9 121.1
8.266667 3 229.4 140.2 118.9 121.1
8.300000 3 231.2 141.8 118.4 120.6
8.333333 3 232.2 142.6 118.5 120.7
8.366667 3 233.1 142.5 118.6 120.7
8.400000 3 234.9 143.9 118.3 120.4
8.433333 3 236.1 144.7 118.5 120.7
8.466667 3 236.1 144.8 118.5 120.7
8.500000 3 237.5 144.6 118.3 120.5
8.533333 3 238.1 145.4 118.4 120.6
8.566667 3 239.7 146.4 117.4 119.6
8.600000 3 241.0 146.3 117.7 119.8
8.633333 3 241.4 147.2 118.1 120.2
8.666667 3 241.4 147.2 118.1 120.2
8.700000 3 241.9 146.5 118.0 120.1
8.733333 3 242.3 145.7 117.8 119.9
8.766667 3 241.9 144.8 117.9 120.0
8.800000 3 242.1 144.7 118.3 120.4
8.833333 3 242.3 144.6 118.4 120.4
8.866667 3 242.3 144.6 118.4 120.5
8.900000 3 241.2 145.3 118.4 120.4
8.933333 3 239.3 144.6 118.3 120.3
8.966667 3 237.7 144.9 118.0 120.1
9.000000 3 235.8 143.8 118.1 120.2
9.033333 3 234.2 143.5 118.1 120.1
9.066667 3 234.2 143.5 118.1 120.1
9.100000 3 231.3 142.8 118.0 120.1
9.133333 3 228.2 142.8 118.2 120.2
9.166667 3 225.3 142.7 118.3 120.3
9.200000 3 222.2 142.1 118.4 120.4
9.233333 3 218.8 141.0 118.5 120.6
9.266667 3 218.8 141.0 118.6 120.6
9.300000 3 216.4 141.6 118.5 120.5
9.333333 3 214.0 141.0 118.3 120.3
9.366667 3 210.9 140.9 118.5 120.5
9.400000 3 207.7 140.8 118.6 120.6
9.433333 3 206.3 142.2 118.3 120.2
9.466667 3 206.3 142.2 118.3 120.2
9.500000 3 204.3 142.0 118.9 120.8
9.533333 3 204.2 142.1 118.6 120.6
9.566667 3 203.6 141.9 118.6 120.5
9.600000 3 202.5 141.3 118.7 120.6
9.633333 3 201.8 140.5 118.8 120.7
9.666667 3 201.8 140.5 118.8 120.7
9.700000 3 201.7 140.7 119.0 120.9
9.733333 3 202.7 140.2 118.9 120.8
9.766667 3 203.5 139.5 119.2 121.1
9.800000 3 204.4 139.0 119.3 121.1
9.833333 3 204.8 138.8 119.5 121.4
9.866667 3 204.8 138.8 119.5 121.4
9.900000 3 205.2 138.7 119.3 121.1
9.933333 3 206.4 139.9 119.3 121.2
9.966667 3 208.1 139.3 118.9 120.7
10.000000 3 209.0 138.5 119.1 120.8
10.033333 3 209.4 137.4 119.3 121.1
10.066667 3 209.4 137.4 119.3 121.1
10.100000 3 209.5 135.6 119.0 120.7
10.133333 3 209.4 134.5 119.4 121.1
10.166667 3 210.3 132.6 118.7 120.5
10.200000 3 210.6 129.9 118.8 120.6
10.233333 3 211.6 127.5 119.1 120.9
10.266667 3 211.6 127.5 119.1 120.9
10.300000 3 211.6 125.1 119.4 121.2
10.333333 3 212.1 124.3 119.2 121.0
10.366667 3 212.9 123.0 119.2 121.0
10.400000 3 212.7 122.0 119.2 121.0
10.433333 3 213.1 119.8 119.1 120.9
