0.033333 3 153.0 190.0 62.0 65.0
0.066667 3 150.9 190.7 63.4 65.2
0.100000 3 148.8 191.3 64.9 65.4
0.133333 3 146.7 192.0 66.3 65.7
0.166667 3 144.6 192.7 67.8 65.9
0.200000 3 142.4 193.3 69.2 66.1
0.233333 3 140.3 194.0 70.7 66.3
0.266667 3 138.2 194.7 72.1 66.6
0.300000 3 136.1 195.3 73.6 66.8
0.333333 3 134.0 196.0 75.0 67.0
0.366667 3 135.5 196.0 76.0 67.0
0.400000 3 137.0 196.0 77.0 67.0
0.433333 3 138.5 196.0 78.0 67.0
0.466667 3 140.0 196.0 79.0 67.0
0.500000 3 141.5 196.0 80.0 67.0
0.533333 3 143.0 196.0 81.0 67.0
0.566667 3 144.5 196.0 82.0 67.0
0.600000 3 146.0 196.0 83.0 67.0
0.633333 3 147.5 196.0 84.0 67.0
0.666667 3 149.0 196.0 85.0 67.0
0.700000 3 148.9 196.3 84.7 67.0
0.733333 3 148.8 196.6 84.4 67.0
0.766667 3 148.7 196.9 84.1 67.0
0.800000 3 148.6 197.2 83.8 67.0
0.833333 3 148.5 197.5 83.5 67.0
0.866667 3 148.4 197.8 83.2 67.0
0.900000 3 148.3 198.1 82.9 67.0
0.933333 3 148.2 198.4 82.6 67.0
0.966667 3 148.1 198.7 82.3 67.0
1.000000 3 148.0 199.0 82.0 67.0
1.033333 3 150.1 199.7 83.1 68.4
1.066667 3 152.2 200.3 84.2 69.9
1.100000 3 154.3 201.0 85.3 71.3
1.133333 3 156.4 201.7 86.4 72.8
1.166667 3 158.6 202.3 87.6 74.2
1.200000 3 160.7 203.0 88.7 75.7
1.233333 3 162.8 203.7 89.8 77.1
1.266667 3 164.9 204.3 90.9 78.6
1.300000 3 167.0 205.0 92.0 80.0
1.333333 3 169.0 207.8 91.9 79.9
1.366667 3 171.0 210.5 91.7 79.7
1.400000 3 173.0 213.3 91.6 79.6
1.433333 3 175.0 216.0 91.5 79.5
1.466667 3 177.0 218.8 91.4 79.4
1.500000 3 179.0 221.5 91.2 79.2
1.533333 3 181.0 224.3 91.1 79.1
1.566667 3 183.0 227.0 91.0 79.0
1.600000 3 187.0 227.5 92.0 78.6
1.633333 3 191.0 228.0 93.0 78.3
1.666667 3 195.0 228.5 94.0 77.9
1.700000 3 199.0 229.0 95.0 77.5
1.733333 3 203.0 229.5 96.0 77.1
1.766667 3 207.0 230.0 97.0 76.8
1.800000 3 211.0 230.5 98.0 76.4
1.833333 3 215.0 231.0 99.0 76.0
1.866667 3 217.4 231.1 98.9 77.0
1.900000 3 219.9 231.3 98.7 78.0
1.933333 3 222.3 231.4 98.6 79.0
1.966667 3 224.7 231.6 98.4 80.0
2.000000 3 227.1 231.7 98.3 81.0
2.033333 3 229.6 231.9 98.1 82.0
2.066667 3 232.0 232.0 98.0 83.0
2.100000 3 235.1 225.2 96.7 83.8
2.133333 3 238.3 218.5 95.5 84.5
2.166667 3 241.4 211.7 94.2 85.3
2.200000 3 244.5 205.0 93.0 86.0
2.233333 3 247.6 198.2 91.7 86.8
2.266667 3 250.8 191.5 90.5 87.5
2.300000 3 253.9 184.7 89.2 88.3
2.333333 3 257.0 178.0 88.0 89.0
2.366667 3 258.0 175.7 88.5 89.3
2.400000 3 259.0 173.5 89.0 89.7
2.433333 3 260.0 171.2 89.5 90.0
2.466667 3 261.0 169.0 90.0 90.3
2.500000 3 262.0 166.7 90.5 90.7
2.533333 3 263.0 164.5 91.0 91.0
2.566667 3 264.0 162.2 91.5 91.3
2.600000 3 265.0 160.0 92.0 91.7
2.633333 3 266.0 157.7 92.5 92.0
2.666667 3 267.0 155.5 93.0 92.3
2.700000 3 268.0 153.2 93.5 92.7
2.733333 3 269.0 151.0 94.0 93.0
2.766667 3 267.9 153.1 94.4 94.1
2.800000 3 266.8 155.2 94.9 95.2
2.833333 3 265.7 157.3 95.3 96.3
2.866667 3 264.6 159.4 95.8 97.4
2.900000 3 263.4 161.6 96.2 98.6
2.933333 3 262.3 163.7 96.7 99.7
2.966667 3 261.2 165.8 97.1 100.8
3.000000 3 260.1 167.9 97.6 101.9
3.033333 3 259.0 170.0 98.0 103.0
3.066667 3 259.7 172.9 98.2 102.5
3.100000 3 260.5 175.8 98.4 102.1
3.133333 3 261.2 178.7 98.5 101.6
3.166667 3 261.9 181.6 98.7 101.2
3.200000 3 262.6 184.5 98.9 100.7
3.233333 3 263.4 187.5 99.1 100.3
3.266667 3 264.1 190.4 99.3 99.8
3.300000 3 264.8 193.3 99.5 99.4
3.333333 3 265.5 196.2 99.6 98.9
3.366667 3 266.3 199.1 99.8 98.5
3.400000 3 267.0 202.0 100.0 98.0
3.433333 3 266.7 202.3 99.3 98.6
3.466667 3 266.3 202.7 98.7 99.1
3.500000 3 266.0 203.0 98.0 99.7
3.533333 3 265.7 203.3 97.3 100.2
3.566667 3 265.3 203.7 96.7 100.8
3.600000 3 265.0 204.0 96.0 101.3
3.633333 3 264.7 204.3 95.3 101.9
3.666667 3 264.3 204.7 94.7 102.4
3.700000 3 264.0 205.0 94.0 103.0
3.733333 3 264.3 204.4 92.6 101.9
3.766667 3 264.6 203.9 91.1 100.7
3.800000 3 264.9 203.3 89.7 99.6
3.833333 3 265.1 202.7 88.3 98.4
3.866667 3 265.4 202.1 86.9 97.3
3.900000 3 265.7 201.6 85.4 96.1
3.933333 3 266.0 201.0 84.0 95.0
3.966667 3 264.3 201.2 85.5 93.8
4.000000 3 262.7 201.3 87.0 92.7
4.033333 3 261.0 201.5 88.5 91.5
4.066667 3 259.3 201.7 90.0 90.3
4.100000 3 257.7 201.8 91.5 89.2
4.133333 3 256.0 202.0 93.0 88.0
4.166667 3 257.9 194.9 92.7 88.4
4.200000 3 259.8 187.7 92.5 88.8
4.233333 3 261.6 180.6 92.2 89.1
4.266667 3 263.5 173.5 92.0 89.5
4.300000 3 265.4 166.4 91.7 89.9
4.333333 3 267.3 159.2 91.5 90.3
4.366667 3 269.1 152.1 91.2 90.6
4.400000 3 271.0 145.0 91.0 91.0
4.433333 3 272.2 146.7 91.6 89.3
4.466667 3 273.4 148.3 92.1 87.7
4.500000 3 274.7 150.0 92.7 86.0
4.533333 3 275.9 151.7 93.2 84.3
4.566667 3 277.1 153.3 93.8 82.7
4.600000 3 278.3 155.0 94.3 81.0
4.633333 3 279.6 156.7 94.9 79.3
4.666667 3 280.8 158.3 95.4 77.7
4.700000 3 282.0 160.0 96.0 76.0
4.733333 3 280.6 163.7 95.3 76.4
4.766667 3 279.1 167.3 94.7 76.9
4.800000 3 277.7 171.0 94.0 77.3
4.833333 3 276.2 174.7 93.3 77.8
4.866667 3 274.8 178.3 92.7 78.2
4.900000 3 273.3 182.0 92.0 78.7
4.933333 3 271.9 185.7 91.3 79.1
4.966667 3 270.4 189.3 90.7 79.6
5.000000 3 269.0 193.0 90.0 80.0
5.033333 3 267.0 194.2 88.6 79.4
5.066667 3 265.0 195.4 87.1 78.9
5.100000 3 263.0 196.7 85.7 78.3
5.133333 3 261.0 197.9 84.2 77.8
5.166667 3 259.0 199.1 82.8 77.2
5.200000 3 257.0 200.3 81.3 76.7
5.233333 3 255.0 201.6 79.9 76.1
5.266667 3 253.0 202.8 78.4 75.6
5.300000 3 251.0 204.0 77.0 75.0
5.333333 3 252.4 204.4 76.1 74.6
5.366667 3 253.9 204.9 75.3 74.1
5.400000 3 255.3 205.3 74.4 73.7
5.433333 3 256.7 205.7 73.6 73.3
5.466667 3 258.1 206.1 72.7 72.9
5.500000 3 259.6 206.6 71.9 72.4
5.533333 3 261.0 207.0 71.0 72.0
5.566667 3 262.1 209.6 72.4 72.1
5.600000 3 263.3 212.1 73.9 72.3
5.633333 3 264.4 214.7 75.3 72.4
5.666667 3 265.6 217.3 76.7 72.6
5.700000 3 266.7 219.9 78.1 72.7
5.733333 3 267.9 222.4 79.6 72.9
5.766667 3 269.0 225.0 81.0 73.0
5.800000 3 270.3 227.9 79.9 71.4
5.833333 3 271.6 230.7 78.7 69.9
5.866667 3 272.9 233.6 77.6 68.3
5.900000 3 274.1 236.4 76.4 66.7
5.933333 3 275.4 239.3 75.3 65.1
5.966667 3 276.7 242.1 74.1 63.6
6.000000 3 278.0 245.0 73.0 62.0
6.033333 3 279.9 246.1 72.5 61.9
6.066667 3 281.8 247.2 71.9 61.8
6.100000 3 283.7 248.3 71.4 61.7
6.133333 3 285.6 249.4 70.8 61.6
6.166667 3 287.5 250.5 70.3 61.5
6.200000 3 289.5 251.5 69.7 61.5
6.233333 3 291.4 252.6 69.2 61.4
6.266667 3 293.3 253.7 68.6 61.3
6.300000 3 295.2 254.8 68.1 61.2
6.333333 3 297.1 255.9 67.5 61.1
6.366667 3 299.0 257.0 67.0 61.0
6.400000 3 299.4 254.7 68.2 60.9
6.433333 3 299.8 252.3 69.3 60.8
6.466667 3 300.3 250.0 70.5 60.7
6.500000 3 300.7 247.7 71.7 60.7
6.533333 3 301.1 245.3 72.8 60.6
6.566667 3 301.5 243.0 74.0 60.5
6.600000 3 301.9 240.7 75.2 60.4
6.633333 3 302.3 238.3 76.3 60.3
6.666667 3 302.8 236.0 77.5 60.2
6.700000 3 303.2 233.7 78.7 60.2
6.733333 3 303.6 231.3 79.8 60.1
6.766667 3 304.0 229.0 81.0 60.0
6.800000 3 303.6 229.0 80.0 59.3
6.833333 3 303.3 229.0 79.0 58.5
6.866667 3 302.9 229.0 78.0 57.8
6.900000 3 302.5 229.0 77.0 57.1
6.933333 3 302.2 229.0 76.0 56.4
6.966667 3 301.8 229.0 75.0 55.6
7.000000 3 301.5 229.0 74.0 54.9
7.033333 3 301.1 229.0 73.0 54.2
7.066667 3 300.7 229.0 72.0 53.5
7.100000 3 300.4 229.0 71.0 52.7
7.133333 3 300.0 229.0 70.0 52.0
7.166667 3 299.9 227.1 69.8 52.7
7.200000 3 299.8 225.2 69.6 53.5
7.233333 3 299.7 223.3 69.5 54.2
7.266667 3 299.6 221.4 69.3 54.9
7.300000 3 299.5 219.5 69.1 55.6
7.333333 3 299.5 217.5 68.9 56.4
7.366667 3 299.4 215.6 68.7 57.1
7.400000 3 299.3 213.7 68.5 57.8
7.433333 3 299.2 211.8 68.4 58.5
7.466667 3 299.1 209.9 68.2 59.3
7.500000 3 299.0 208.0 68.0 60.0
7.533333 3 299.2 206.5 67.8 59.9
7.566667 3 299.5 204.9 67.5 59.8
7.600000 3 299.7 203.4 67.3 59.8
7.633333 3 299.9 201.8 67.1 59.7
7.666667 3 300.2 200.3 66.8 59.6
7.700000 3 300.4 198.8 66.6 59.5
7.733333 3 300.6 197.2 66.4 59.5
7.766667 3 300.8 195.7 66.2 59.4
7.800000 3 301.1 194.2 65.9 59.3
7.833333 3 301.3 192.6 65.7 59.2
7.866667 3 301.5 191.1 65.5 59.2
7.900000 3 301.8 189.5 65.2 59.1
7.933333 3 302.0 188.0 65.0 59.0
7.966667 3 302.2 188.2 64.5 58.8
8.000000 3 302.4 188.5 64.0 58.5
8.033333 3 302.6 188.7 63.5 58.3
8.066667 3 302.8 188.9 63.0 58.1
8.100000 3 303.0 189.2 62.5 57.8
8.133333 3 303.2 189.4 62.0 57.6
8.166667 3 303.3 189.6 61.5 57.4
8.200000 3 303.5 189.8 61.0 57.2
8.233333 3 303.7 190.1 60.5 56.9
8.266667 3 303.9 190.3 60.0 56.7
8.300000 3 304.1 190.5 59.5 56.5
8.333333 3 304.3 190.8 59.0 56.2
8.366667 3 304.5 191.0 58.5 56.0
8.400000 3 304.7 191.2 58.0 55.8
8.433333 3 304.9 191.5 57.5 55.5
8.466667 3 305.1 191.7 57.0 55.3
8.500000 3 305.3 191.9 56.5 55.1
8.533333 3 305.5 192.2 56.0 54.8
8.566667 3 305.7 192.4 55.5 54.6
8.600000 3 305.8 192.6 55.0 54.4
8.633333 3 306.0 192.8 54.5 54.2
8.666667 3 306.2 193.1 54.0 53.9
8.700000 3 306.4 193.3 53.5 53.7
8.733333 3 306.6 193.5 53.0 53.5
8.766667 3 306.8 193.8 52.5 53.2
8.800000 3 307.0 194.0 52.0 53.0
8.833333 3 307.1 193.7 51.8 52.8
8.866667 3 307.2 193.4 51.6 52.5
8.900000 3 307.4 193.1 51.4 52.3
8.933333 3 307.5 192.8 51.3 52.0
8.966667 3 307.6 192.4 51.1 51.8
9.000000 3 307.7 192.1 50.9 51.5
9.033333 3 307.9 191.8 50.7 51.3
9.066667 3 308.0 191.5 50.5 51.0
9.100000 3 308.1 191.2 50.3 50.8
9.133333 3 308.2 190.9 50.1 50.5
9.166667 3 308.4 190.6 49.9 50.3
9.200000 3 308.5 190.3 49.8 50.0
9.233333 3 308.6 189.9 49.6 49.8
9.266667 3 308.7 189.6 49.4 49.5
9.300000 3 308.9 189.3 49.2 49.3
9.333333 3 309.0 189.0 49.0 49.0
9.366667 3 309.2 189.5 49.0 48.7
9.400000 3 309.4 189.9 49.0 48.4
9.433333 3 309.5 190.4 49.0 48.1
9.466667 3 309.7 190.9 49.0 47.8
9.500000 3 309.9 191.4 49.0 47.5
9.533333 3 310.1 191.8 49.0 47.2
9.566667 3 310.2 192.3 49.0 46.9
9.600000 3 310.4 192.8 49.0 46.6
9.633333 3 310.6 193.2 49.0 46.4
9.666667 3 310.8 193.7 49.0 46.1
9.700000 3 310.9 194.2 49.0 45.8
9.733333 3 311.1 194.6 49.0 45.5
9.766667 3 311.3 195.1 49.0 45.2
9.800000 3 311.5 195.6 49.0 44.9
9.833333 3 311.6 196.1 49.0 44.6
9.866667 3 311.8 196.5 49.0 44.3
9.900000 3 312.0 197.0 49.0 44.0
9.933333 3 311.9 196.5 48.6 43.9
9.966667 3 311.8 196.1 48.2 43.8
10.000000 3 311.7 195.6 47.8 43.7
10.033333 3 311.6 195.2 47.4 43.6
10.066667 3 311.5 194.7 47.0 43.5
10.100000 3 311.4 194.3 46.6 43.4
10.133333 3 311.3 193.8 46.2 43.3
10.166667 3 311.2 193.4 45.8 43.2
10.200000 3 311.1 192.9 45.4 43.1
10.233333 3 311.0 192.5 45.0 43.0
10.266667 3 310.9 192.0 44.6 42.9
10.300000 3 310.8 191.6 44.2 42.8
10.333333 3 310.7 191.1 43.8 42.7
10.366667 3 310.6 190.7 43.4 42.6
10.400000 3 310.5 190.2 43.0 42.5
10.433333 3 310.4 189.8 42.6 42.4
10.466667 3 310.3 189.3 42.2 42.3
10.500000 3 310.2 188.9 41.8 42.2
10.533333 3 310.1 188.4 41.4 42.1
10.566667 3 310.0 188.0 41.0 42.0
