0.000000 3 210.1 274.2 42.7 29.8
0.033333 3 210.1 273.7 43.0 30.0
0.066667 3 210.8 273.6 43.0 30.0
0.100000 3 212.0 273.6 43.0 29.9
0.133333 3 212.0 273.4 43.0 29.9
0.166667 3 212.6 273.4 43.1 30.1
0.200000 3 212.7 273.1 43.0 30.1
0.233333 3 213.0 272.2 43.4 30.5
0.266667 3 213.9 273.1 42.8 29.9
0.300000 3 213.9 273.1 42.8 29.9
0.333333 3 213.5 273.0 43.1 30.3
0.366667 3 213.9 272.0 42.9 29.9
0.400000 3 214.9 272.2 42.9 30.0
0.433333 3 215.8 272.7 43.0 30.0
0.466667 3 216.0 273.0 43.2 30.4
0.500000 3 216.2 272.8 43.4 30.6
0.533333 3 217.0 272.2 42.9 29.9
0.566667 3 217.0 272.1 43.3 30.5
0.600000 3 218.7 272.8 43.0 30.1
0.633333 3 219.1 272.5 43.4 30.5
0.666667 3 219.3 272.4 43.3 30.4
0.700000 3 219.4 272.0 43.2 30.4
0.733333 3 220.1 272.3 43.5 30.6
0.766667 3 221.1 273.5 43.4 30.6
0.800000 3 221.9 274.5 43.0 30.0
0.833333 3 222.0 274.6 43.2 30.3
0.866667 3 223.1 274.4 43.5 30.7
0.900000 3 224.9 275.7 43.0 30.1
0.933333 3 226.0 275.3 43.5 30.7
0.966667 3 225.9 275.8 43.0 30.1
1.000000 3 225.9 275.6 43.1 30.1
1.033333 3 227.0 275.3 43.5 30.6
1.066667 3 228.9 276.5 43.1 30.1
1.100000 3 226.8 289.0 42.9 30.1
1.133333 3 226.3 295.1 43.4 30.6
1.166667 3 228.4 295.4 43.3 30.4
1.200000 3 231.2 296.1 43.5 30.7
1.233333 3 234.9 299.6 43.3 30.5
1.266667 3 232.0 300.3 43.5 30.7
1.300000 3 230.7 299.9 43.0 30.2
1.333333 3 232.4 299.8 43.2 30.5
1.366667 3 235.0 300.1 43.5 30.7
1.400000 3 235.5 299.8 43.2 30.4
1.433333 3 235.0 299.3 43.5 30.7
1.466667 3 235.1 299.0 43.4 30.7
1.500000 3 235.9 299.0 42.9 30.0
1.533333 3 237.0 298.6 43.2 30.4
1.566667 3 237.2 298.3 43.4 30.6
1.600000 3 237.9 298.5 43.0 30.1
1.633333 3 238.1 298.9 43.4 30.7
1.666667 3 238.1 298.2 43.5 30.7
1.700000 3 238.0 298.6 43.3 30.5
1.733333 3 238.9 298.0 42.9 30.1
1.766667 3 240.1 298.9 43.4 30.7
1.800000 3 240.1 299.2 43.5 30.7
1.833333 3 240.4 299.6 43.2 30.5
1.866667 3 241.1 298.5 43.4 30.7
1.900000 3 242.1 298.7 43.4 30.7
1.933333 3 242.9 299.3 42.9 30.1
1.966667 3 243.0 299.0 43.3 30.6
2.000000 3 243.0 299.3 42.9 30.1
2.033333 3 242.9 299.6 42.9 30.1
2.066667 3 244.8 314.9 42.9 30.2
2.100000 3 246.0 324.6 43.3 30.7
2.133333 3 247.0 339.9 43.3 30.6
2.166667 3 245.0 353.2 43.4 30.6
2.200000 3 245.3 351.9 43.2 30.6
2.233333 3 246.3 353.1 43.3 30.7
2.266667 3 247.0 353.1 43.1 30.5
2.300000 3 248.1 352.1 42.9 30.2
2.333333 3 248.8 351.9 42.8 30.2
2.366667 3 249.3 351.8 43.3 30.8
2.400000 3 249.8 351.8 42.9 30.2
2.433333 3 250.1 351.2 43.4 30.9
2.466667 3 251.1 351.2 43.4 30.9
2.500000 3 251.9 351.3 42.7 30.1
2.533333 3 252.5 351.0 43.1 30.6
2.566667 3 252.8 351.2 42.8 30.3
2.600000 3 253.8 350.9 42.8 30.3
2.633333 3 254.1 350.9 42.8 30.3
2.666667 3 254.5 350.8 43.0 30.7
2.700000 3 255.1 350.9 42.8 30.4
2.733333 3 255.9 351.0 42.6 30.2
2.766667 3 256.1 350.8 42.7 30.4
2.800000 3 256.9 350.8 42.7 30.2
2.833333 3 257.1 350.7 42.8 30.5
2.866667 3 257.5 350.5 43.0 30.7
2.900000 3 258.2 350.5 43.1 30.8
2.933333 3 258.6 350.6 42.9 30.6
2.966667 3 259.2 350.4 43.1 30.8
3.000000 3 260.1 350.6 42.7 30.4
3.033333 3 260.2 350.4 43.1 30.9
3.066667 3 260.9 350.7 42.6 30.3
3.100000 3 261.1 350.3 43.1 30.9
3.133333 3 262.1 350.3 43.1 30.9
3.166667 3 262.3 350.3 43.1 30.9
3.200000 3 263.1 350.3 43.0 30.8
3.233333 3 264.0 350.6 42.6 30.4
3.266667 3 264.1 350.4 43.0 30.9
3.300000 3 265.1 350.4 42.9 30.8
3.333333 3 265.3 350.3 43.1 31.0
3.366667 3 266.1 350.5 42.9 30.7
3.400000 3 266.6 350.5 42.8 30.7
3.433333 3 267.1 350.6 42.8 30.7
3.466667 3 267.4 350.4 43.0 30.9
3.500000 3 268.1 350.3 43.0 30.9
3.533333 3 268.6 350.5 42.8 30.8
3.566667 3 269.1 350.4 43.0 31.0
3.600000 3 269.9 350.7 42.6 30.6
3.633333 3 270.2 350.5 43.0 31.1
3.666667 3 270.7 350.6 42.7 30.7
3.700000 3 271.3 350.6 43.0 31.1
3.733333 3 271.8 350.8 42.6 30.7
3.766667 3 272.3 350.6 42.9 31.1
3.800000 3 273.1 350.9 42.5 30.5
3.833333 3 273.4 350.7 42.9 31.1
3.866667 3 274.1 350.9 42.5 30.6
3.900000 3 274.7 350.8 42.7 30.8
3.933333 3 275.1 350.9 42.5 30.6
3.966667 3 275.7 351.1 42.7 30.9
4.000000 3 276.1 351.1 42.5 30.8
4.033333 3 276.4 350.9 42.9 31.2
4.066667 3 277.1 351.2 42.9 31.1
4.100000 3 277.6 351.3 42.7 31.0
4.133333 3 278.2 351.2 42.9 31.3
4.166667 3 278.7 351.4 42.7 31.0
4.200000 3 279.3 351.3 43.0 31.3
4.233333 3 279.8 351.7 42.6 31.0
4.266667 3 280.1 351.6 42.8 31.3
4.300000 3 281.1 351.8 42.5 30.9
4.333333 3 281.7 352.0 42.6 31.1
4.366667 3 282.3 351.8 42.9 31.4
4.400000 3 283.1 352.1 42.4 31.0
4.433333 3 283.7 352.0 42.6 31.1
4.466667 3 284.3 352.1 42.8 31.4
4.500000 3 284.9 352.4 42.5 31.0
4.533333 3 285.2 352.2 42.8 31.4
4.566667 3 286.1 352.4 42.5 31.1
4.600000 3 286.2 352.4 42.8 31.5
4.633333 3 287.1 352.5 42.7 31.3
4.666667 3 287.9 352.8 42.5 31.1
4.700000 3 288.5 352.6 42.7 31.4
4.733333 3 289.2 352.8 42.8 31.6
4.766667 3 289.9 353.0 42.5 31.2
4.800000 3 290.4 352.8 42.7 31.6
4.833333 3 291.1 353.0 42.8 31.6
4.866667 3 291.5 353.0 42.7 31.6
4.900000 3 292.1 353.2 42.9 31.7
4.933333 3 293.0 353.2 42.8 31.6
4.966667 3 293.8 353.6 42.7 31.4
5.000000 3 294.1 353.4 42.9 31.7
5.033333 3 294.9 353.5 42.7 31.5
5.066667 3 295.2 353.5 42.9 31.8
5.100000 3 296.0 353.5 42.8 31.7
5.133333 3 296.3 353.6 42.8 31.8
5.166667 3 297.1 353.7 42.8 31.8
5.200000 3 297.7 353.8 42.6 31.6
5.233333 3 298.3 353.9 42.7 31.8
5.266667 3 299.0 354.0 42.5 31.5
5.300000 3 299.2 353.9 42.6 31.8
5.333333 3 300.0 354.1 42.7 31.7
5.366667 3 300.9 354.2 42.6 31.6
5.400000 3 301.2 354.2 42.7 31.8
5.433333 3 302.0 354.3 42.7 31.7
5.466667 3 302.5 354.3 42.7 31.8
5.500000 3 303.3 354.5 42.7 31.9
5.533333 3 303.9 354.6 42.5 31.6
5.566667 3 304.5 354.5 42.6 31.8
5.600000 3 305.1 354.7 42.5 31.8
5.633333 3 305.9 354.7 42.5 31.7
5.666667 3 306.3 354.7 42.6 31.9
5.700000 3 307.2 354.8 42.6 31.9
5.733333 3 307.7 354.9 42.4 31.8
5.766667 3 308.4 355.0 42.6 32.0
5.800000 3 308.9 355.1 42.5 31.9
5.833333 3 309.3 355.0 42.5 32.0
5.866667 3 310.2 355.2 42.6 32.0
5.900000 3 310.6 355.3 42.5 31.9
5.933333 3 311.4 355.3 42.6 32.0
5.966667 3 312.1 355.4 42.7 32.1
6.000000 3 312.9 355.4 42.7 32.2
6.033333 3 313.4 355.5 42.6 32.2
6.066667 3 314.2 355.5 42.7 32.2
6.100000 3 314.7 355.5 42.5 32.1
6.133333 3 315.1 355.5 42.6 32.2
6.166667 3 316.0 355.5 42.6 32.3
6.200000 3 316.7 355.6 42.6 32.3
6.233333 3 317.2 355.6 42.5 32.3
6.266667 3 317.7 355.6 42.5 32.3
6.300000 3 318.4 355.8 42.5 32.3
6.333333 3 318.9 355.7 42.6 32.4
6.366667 3 319.7 355.7 42.5 32.4
6.400000 3 320.5 355.8 42.5 32.4
6.433333 3 321.0 355.7 42.5 32.5
6.466667 3 321.8 355.7 42.6 32.6
6.500000 3 322.3 355.8 42.4 32.4
6.533333 3 323.3 355.8 42.5 32.5
6.566667 3 323.6 355.9 42.5 32.5
6.600000 3 324.5 355.8 42.5 32.5
6.633333 3 324.8 355.8 42.6 32.7
6.666667 3 325.7 355.8 42.6 32.7
6.700000 3 326.6 355.9 42.6 32.7
6.733333 3 327.3 356.0 42.4 32.5
6.766667 3 327.6 356.0 42.5 32.6
6.800000 3 328.5 356.0 42.4 32.5
6.833333 3 328.9 356.0 42.5 32.7
6.866667 3 329.7 355.9 42.7 32.8
6.900000 3 330.4 356.1 42.4 32.6
6.933333 3 331.2 356.1 42.4 32.6
6.966667 3 331.6 356.1 42.5 32.7
7.000000 3 332.6 356.2 42.5 32.7
7.033333 3 333.4 356.2 42.5 32.6
7.066667 3 333.8 356.0 42.6 32.9
7.100000 3 334.4 356.2 42.4 32.6
7.133333 3 335.3 356.2 42.4 32.7
7.166667 3 335.6 356.1 42.5 32.8
7.200000 3 337.0 356.1 42.5 32.8
7.233333 3 337.5 356.2 42.3 32.7
7.266667 3 338.5 356.2 42.3 32.7
7.300000 3 339.3 356.2 42.4 32.7
7.333333 3 339.6 356.0 42.6 33.0
7.366667 3 340.5 356.1 42.4 32.8
7.400000 3 341.1 356.1 42.4 32.9
7.433333 3 342.0 356.1 42.4 33.0
7.466667 3 342.5 356.1 42.3 32.8
7.500000 3 343.4 356.1 42.3 32.8
7.533333 3 343.7 355.9 42.6 33.2
7.566667 3 344.6 356.0 42.4 33.1
7.600000 3 345.3 356.0 42.2 32.8
7.633333 3 346.1 356.0 42.3 33.0
7.666667 3 346.6 356.0 42.3 32.9
7.700000 3 347.6 355.9 42.3 32.9
7.733333 3 347.9 355.7 42.4 33.2
7.766667 3 348.9 355.7 42.5 33.3
7.800000 3 349.5 355.9 42.1 32.9
7.833333 3 349.8 355.7 42.4 33.3
7.866667 3 350.8 355.7 42.4 33.4
7.900000 3 351.5 355.9 42.0 32.9
7.933333 3 352.2 355.7 42.1 33.1
7.966667 3 353.1 355.7 42.2 33.1
8.000000 3 353.6 355.7 42.2 33.1
8.033333 3 354.5 355.6 42.1 33.0
8.066667 3 354.8 355.4 42.4 33.5
8.100000 3 356.2 355.5 42.2 33.2
8.133333 3 356.6 355.3 42.2 33.2
8.166667 3 357.4 355.6 42.1 33.1
8.200000 3 357.9 355.2 42.4 33.5
8.233333 3 358.7 355.0 42.5 33.6
8.266667 3 359.3 355.5 42.0 33.2
8.300000 3 360.5 355.4 42.0 33.1
8.333333 3 360.9 355.2 42.3 33.6
8.366667 3 361.8 355.2 42.4 33.6
8.400000 3 362.5 355.2 41.9 33.1
8.433333 3 363.2 355.1 42.0 33.3
8.466667 3 363.7 355.0 42.2 33.5
8.500000 3 364.5 355.2 41.8 33.2
8.533333 3 365.4 355.2 41.9 33.3
8.566667 3 366.3 355.2 41.9 33.4
8.600000 3 366.7 355.0 42.2 33.7
8.633333 3 367.6 355.0 42.2 33.7
8.666667 3 368.2 355.0 41.9 33.5
8.700000 3 369.3 355.0 41.9 33.5
8.733333 3 369.7 355.1 41.9 33.5
8.766667 3 370.6 355.1 41.9 33.5
8.800000 3 371.1 354.9 42.1 33.8
8.833333 3 371.7 355.1 41.9 33.5
8.866667 3 372.6 355.0 41.9 33.6
8.900000 3 373.1 354.9 42.0 33.8
8.933333 3 374.1 354.9 42.1 33.8
8.966667 3 374.7 355.0 41.9 33.6
9.000000 3 375.6 355.0 41.9 33.7
9.033333 3 376.0 354.8 42.1 34.0
9.066667 3 376.6 355.0 41.9 33.6
9.100000 3 377.6 355.0 41.9 33.7
9.133333 3 378.6 354.9 42.0 33.8
9.166667 3 379.0 354.8 42.2 34.1
9.200000 3 380.0 354.8 42.2 34.1
9.233333 3 380.6 354.9 42.0 33.9
9.266667 3 381.6 354.7 42.4 34.3
9.300000 3 382.3 354.9 41.9 33.8
9.333333 3 383.3 354.9 41.9 33.9
9.366667 3 383.6 354.6 42.3 34.4
9.400000 3 384.6 354.6 42.4 34.5
9.433333 3 385.4 354.9 41.9 33.9
9.466667 3 386.4 354.8 41.9 33.9
9.500000 3 386.7 354.5 42.4 34.5
9.533333 3 387.6 354.5 42.4 34.6
9.566667 3 388.6 354.4 42.5 34.7
9.600000 3 389.4 354.6 42.1 34.3
9.633333 3 389.8 354.5 42.4 34.7
9.666667 3 390.7 354.5 42.5 34.8
9.700000 3 391.4 354.6 42.3 34.6
9.733333 3 392.4 354.5 42.4 34.8
9.766667 3 393.4 354.5 42.4 34.8
9.800000 3 394.0 354.6 42.2 34.6
9.833333 3 395.0 354.6 42.2 34.6
9.866667 3 395.5 354.5 42.4 34.9
9.900000 3 396.5 354.4 42.4 35.0
9.933333 3 397.3 354.7 42.0 34.4
9.966667 3 398.3 354.6 42.1 34.6
10.000000 3 398.6 354.4 42.5 35.2
10.033333 3 399.6 354.3 42.5 35.1
10.066667 3 400.7 354.4 42.4 35.1
10.100000 3 401.3 354.4 42.3 35.0
10.133333 3 402.3 354.4 42.4 35.0
10.166667 3 403.3 354.3 42.6 35.3
10.200000 3 404.0 354.4 42.3 35.0
10.233333 3 405.1 354.4 42.3 35.0
10.266667 3 405.4 354.2 42.6 35.4
