0.000000 3 292.7 257.5 22.4 28.9
0.033333 3 292.1 257.7 23.7 29.1
0.066667 3 292.1 257.8 23.8 28.8
0.100000 3 292.1 257.8 23.8 28.8
0.133333 3 289.4 255.0 29.6 35.4
0.166667 3 291.4 256.7 25.8 30.9
0.200000 3 291.4 256.7 25.8 30.9
0.233333 3 292.0 257.1 24.7 29.9
0.266667 3 293.9 258.8 21.1 26.6
0.300000 3 293.9 258.8 21.2 26.7
0.333333 3 293.1 258.2 22.7 28.3
0.366667 3 294.2 259.1 20.7 26.4
0.400000 3 294.2 259.1 20.6 26.4
0.433333 3 294.4 259.3 20.3 26.0
0.466667 3 294.6 259.4 20.1 25.9
0.500000 3 294.6 259.4 20.0 25.9
0.533333 3 294.1 259.0 20.8 26.8
0.566667 3 294.8 259.5 19.6 25.7
0.600000 3 294.8 259.5 19.6 25.7
0.633333 3 294.3 259.0 21.0 27.6
0.666667 3 295.8 259.7 18.9 25.8
0.700000 3 295.8 259.7 18.9 25.8
0.733333 3 294.6 259.6 20.5 26.6
0.766667 3 296.7 261.9 16.7 22.4
0.800000 3 296.7 261.8 16.7 22.5
0.833333 3 295.2 260.2 19.7 25.5
0.866667 3 295.2 260.2 20.1 25.4
0.900000 3 295.2 260.2 20.0 25.3
0.933333 3 296.6 261.8 17.4 22.5
0.966667 3 295.4 260.5 19.8 24.9
1.000000 3 295.4 260.5 19.7 24.9
1.033333 3 295.5 260.6 19.7 24.6
1.066667 3 295.3 260.2 20.3 25.4
1.100000 3 295.3 260.2 20.3 25.4
1.133333 3 295.6 260.6 19.6 24.8
1.166667 3 294.3 258.8 22.4 28.2
1.200000 3 294.3 258.8 22.4 28.2
1.233333 3 294.5 258.9 22.2 27.9
1.266667 3 294.7 259.3 21.8 27.1
1.300000 3 294.7 259.4 21.7 27.0
1.333333 3 295.0 259.6 21.3 26.6
1.366667 3 294.6 258.5 22.3 28.5
1.400000 3 294.6 258.5 22.3 28.5
1.433333 3 294.6 258.5 22.3 28.6
1.466667 3 296.7 261.1 18.4 23.6
1.500000 3 296.7 261.2 18.3 23.6
1.533333 3 297.3 261.4 17.8 23.2
1.566667 3 295.6 259.1 20.9 27.2
1.600000 3 295.7 259.1 20.9 27.2
1.633333 3 295.4 258.9 21.3 27.6
1.666667 3 296.3 260.4 19.7 24.9
1.700000 3 296.3 260.4 19.8 24.9
1.733333 3 296.2 260.4 19.8 25.0
1.766667 3 296.1 260.3 20.3 25.1
1.800000 3 296.2 260.4 20.1 25.0
1.833333 3 296.2 260.4 20.2 24.9
1.866667 3 296.2 260.3 20.3 24.9
1.900000 3 296.2 260.3 20.3 24.9
1.933333 3 296.2 260.3 20.3 25.0
1.966667 3 296.4 260.5 20.2 24.7
2.000000 3 296.4 260.5 20.2 24.7
2.033333 3 296.6 260.7 19.8 24.1
2.066667 3 297.2 261.5 18.7 22.7
2.100000 3 297.3 261.5 18.6 22.6
2.133333 3 297.6 261.8 18.0 22.1
2.166667 3 297.8 262.1 17.7 21.6
2.200000 3 297.8 262.1 17.7 21.6
2.233333 3 296.5 260.7 20.2 24.3
2.266667 3 296.8 260.9 19.8 23.9
2.300000 3 296.8 260.9 19.8 23.9
2.333333 3 297.0 261.1 19.4 23.4
2.366667 3 297.6 261.7 18.5 22.5
2.400000 3 297.6 261.7 18.4 22.4
2.433333 3 297.9 261.7 18.2 22.6
2.466667 3 296.9 260.3 21.5 26.5
2.500000 3 296.8 260.3 21.6 26.6
2.533333 3 298.5 263.0 17.8 22.0
2.566667 3 298.4 262.9 17.9 22.6
2.600000 3 298.3 262.9 17.9 22.6
2.633333 3 296.9 260.4 21.2 26.4
2.666667 3 298.7 263.0 17.7 22.0
2.700000 3 298.6 262.9 17.9 22.2
2.733333 3 298.1 262.3 18.9 23.3
2.766667 3 298.3 262.4 18.7 23.2
2.800000 3 298.4 262.4 18.7 23.1
2.833333 3 297.3 260.9 21.0 25.9
2.866667 3 299.0 262.8 17.7 22.3
2.900000 3 299.1 262.8 17.7 22.2
2.933333 3 299.6 263.0 17.4 22.1
2.966667 3 299.5 263.0 17.3 22.2
3.000000 3 299.5 263.0 17.2 22.2
3.033333 3 299.5 263.0 17.2 22.2
3.066667 3 299.4 262.9 17.7 22.5
3.100000 3 299.4 262.9 17.7 22.4
3.133333 3 299.4 262.9 17.6 22.4
3.166667 3 299.3 262.8 18.1 22.8
3.200000 3 299.4 262.9 18.0 22.7
3.233333 3 299.5 262.9 18.0 22.8
3.266667 3 298.9 261.9 19.7 25.1
3.300000 3 298.9 262.0 19.6 25.1
3.333333 3 299.0 262.0 19.5 24.9
3.366667 3 298.9 261.8 19.7 25.5
3.400000 3 298.9 261.8 19.8 25.5
3.433333 3 298.9 261.8 19.8 25.5
3.466667 3 300.6 263.9 17.1 22.1
3.500000 3 300.6 263.9 17.2 22.1
3.533333 3 300.5 263.8 17.3 22.3
3.566667 3 300.3 263.4 18.1 23.1
3.600000 3 300.3 263.3 18.2 23.1
3.633333 3 300.3 263.3 18.3 23.2
3.666667 3 300.6 263.6 17.8 22.7
3.700000 3 300.7 263.6 17.7 22.7
3.733333 3 300.9 263.8 17.4 22.6
3.766667 3 301.0 263.9 17.4 22.5
3.800000 3 300.9 263.9 17.6 22.8
3.833333 3 300.7 263.2 18.9 25.0
3.866667 3 300.2 262.9 20.1 25.7
3.900000 3 300.2 262.9 20.1 25.7
3.933333 3 300.2 262.9 20.2 25.6
3.966667 3 301.6 264.4 17.9 23.0
4.000000 3 301.8 264.5 17.6 22.8
4.033333 3 302.0 264.7 17.4 22.6
4.066667 3 303.0 265.0 16.0 22.0
4.100000 3 303.0 265.0 16.0 22.0
4.133333 3 303.0 265.0 16.0 22.0
4.166667 3 301.4 268.6 21.0 27.0
4.200000 3 302.2 269.7 21.0 23.7
4.233333 3 303.0 268.7 21.0 27.0
4.266667 3 302.1 270.6 20.0 26.0
4.300000 3 305.9 266.8 20.0 26.0
4.333333 3 308.9 273.6 20.0 26.0
4.366667 3 310.5 274.8 18.0 23.8
4.400000 3 310.5 274.8 18.0 23.9
4.433333 3 309.5 274.1 19.8 25.4
4.466667 3 308.2 273.1 22.3 28.0
4.500000 3 308.2 273.1 22.3 28.1
4.533333 3 308.3 273.2 22.2 27.7
4.566667 3 308.1 273.0 22.5 28.0
4.600000 3 308.1 273.0 22.5 28.0
4.633333 3 308.1 273.1 22.4 27.9
4.666667 3 308.2 273.1 22.3 27.9
4.700000 3 308.2 273.1 22.3 27.9
4.733333 3 309.7 274.4 19.3 24.6
4.766667 3 309.8 274.5 19.1 24.4
4.800000 3 309.9 274.5 19.0 24.4
4.833333 3 310.0 274.6 18.7 24.1
4.866667 3 309.5 274.3 19.7 25.1
4.900000 3 309.5 274.3 19.6 25.1
4.933333 3 308.6 273.4 21.6 27.3
4.966667 3 309.3 273.9 20.3 26.0
5.000000 3 309.5 274.0 20.0 25.7
5.033333 3 309.9 274.3 19.2 24.9
5.066667 3 310.0 274.3 19.0 24.8
5.100000 3 310.0 274.3 19.0 24.8
5.133333 3 310.6 274.8 17.8 23.4
5.166667 3 310.3 274.4 18.8 24.2
5.200000 3 310.3 274.4 18.8 24.2
5.233333 3 309.7 273.8 20.2 25.2
5.266667 3 310.6 274.7 17.8 23.3
5.300000 3 310.6 274.7 17.8 23.4
5.333333 3 310.4 274.5 18.3 23.7
5.366667 3 309.0 273.0 21.6 26.2
5.400000 3 309.0 273.1 21.6 26.2
5.433333 3 308.7 272.4 22.6 27.7
5.466667 3 308.6 272.2 22.6 28.0
5.500000 3 308.6 272.2 22.6 28.0
5.533333 3 308.5 271.7 23.0 28.7
5.566667 3 308.9 272.2 22.1 28.0
5.600000 3 308.9 272.2 22.1 28.0
5.633333 3 308.9 272.1 22.2 28.2
5.666667 3 308.7 271.8 22.8 28.9
5.700000 3 308.7 271.8 22.8 28.9
5.733333 3 308.8 271.8 22.5 28.8
5.766667 3 311.0 274.4 18.0 24.0
5.800000 3 311.0 274.4 18.1 24.0
5.833333 3 311.1 274.5 17.8 23.6
5.866667 3 311.1 274.6 17.9 23.6
5.900000 3 311.1 274.6 17.8 23.6
5.933333 3 311.2 274.6 17.7 23.5
5.966667 3 310.6 274.4 18.8 24.2
6.000000 3 310.6 274.4 18.8 24.2
6.033333 3 310.7 274.5 18.7 24.1
6.066667 3 309.1 273.5 21.7 27.0
6.100000 3 309.2 273.5 21.6 27.0
6.133333 3 309.2 272.6 21.7 27.2
6.166667 3 310.8 274.7 18.7 23.7
6.200000 3 310.7 274.7 18.9 23.8
6.233333 3 308.9 273.3 22.1 27.3
6.266667 3 308.4 272.9 23.0 28.2
6.300000 3 308.5 272.9 22.9 28.1
6.333333 3 308.4 272.9 23.1 28.3
6.366667 3 308.3 272.8 23.3 28.4
6.400000 3 308.3 272.8 23.3 28.4
6.433333 3 308.3 272.9 23.3 28.3
6.466667 3 308.4 273.0 23.1 28.4
6.500000 3 308.4 273.0 23.1 28.3
6.533333 3 308.5 272.9 22.6 28.4
6.566667 3 308.3 272.8 22.9 28.7
6.600000 3 308.4 272.9 22.9 28.6
6.633333 3 308.4 273.0 23.1 28.3
6.666667 3 310.2 275.3 19.6 24.2
6.700000 3 310.2 275.3 19.6 24.2
6.733333 3 310.1 275.3 19.6 24.2
6.766667 3 308.0 272.8 23.4 28.6
6.800000 3 308.0 272.7 23.6 28.7
6.833333 3 307.8 272.6 24.5 29.2
6.866667 3 309.6 274.6 20.6 25.4
6.900000 3 309.7 274.7 20.3 25.1
6.933333 3 309.7 274.7 20.3 25.1
6.966667 3 307.9 272.8 24.0 28.7
7.000000 3 307.9 272.8 24.0 28.7
7.033333 3 309.2 274.0 21.7 26.5
7.066667 3 309.3 274.0 21.6 26.5
7.100000 3 309.3 274.0 21.6 26.5
7.133333 3 310.6 275.4 19.1 23.7
7.166667 3 310.7 275.7 18.8 23.3
7.200000 3 310.7 275.7 18.8 23.3
7.233333 3 311.7 275.2 18.1 23.6
7.266667 3 311.9 276.5 16.8 21.6
7.300000 3 311.9 276.4 16.8 21.6
7.333333 3 311.6 276.2 17.3 22.0
7.366667 3 311.3 275.8 17.9 22.7
7.400000 3 311.3 275.8 17.9 22.7
7.433333 3 311.3 275.8 17.9 22.7
7.466667 3 310.2 274.5 20.1 25.2
7.500000 3 310.2 274.5 20.1 25.1
7.533333 3 311.9 276.6 16.7 21.4
7.566667 3 311.8 276.5 16.9 21.6
7.600000 3 311.8 276.5 16.8 21.6
7.633333 3 309.8 274.0 21.0 26.2
7.666667 3 311.1 275.1 18.3 23.2
7.700000 3 311.1 275.1 18.3 23.2
7.733333 3 310.0 274.1 20.6 25.8
7.766667 3 309.9 274.0 20.8 25.9
7.800000 3 309.9 274.0 20.8 26.0
7.833333 3 309.9 274.1 20.7 25.8
7.866667 3 310.0 274.1 20.7 25.8
7.900000 3 310.0 274.1 20.7 25.8
7.933333 3 309.8 274.1 20.9 25.9
7.966667 3 311.3 275.7 17.9 22.9
8.000000 3 311.3 275.7 18.0 22.9
8.033333 3 311.3 275.7 17.9 22.9
8.066667 3 311.5 275.8 17.7 22.7
8.100000 3 311.4 275.8 17.7 22.7
8.133333 3 310.3 274.4 20.0 25.2
8.166667 3 310.4 274.5 19.9 25.2
8.200000 3 310.4 274.5 19.9 25.2
8.233333 3 312.1 276.5 16.4 21.4
8.266667 3 312.1 276.5 16.6 21.6
8.300000 3 312.1 276.5 16.5 21.5
8.333333 3 311.1 276.2 17.9 22.5
8.366667 3 312.2 276.5 16.4 21.5
8.400000 3 312.2 276.5 16.3 21.4
8.433333 3 312.3 276.5 16.2 21.3
8.466667 3 312.2 276.8 16.3 21.2
8.500000 3 312.2 276.8 16.3 21.2
8.533333 3 312.5 276.8 15.7 20.8
8.566667 3 311.9 275.7 17.1 22.7
8.600000 3 311.9 275.7 17.1 22.7
8.633333 3 311.9 275.6 17.2 22.9
8.666667 3 311.5 275.2 18.0 23.7
8.700000 3 311.5 275.2 18.0 23.7
8.733333 3 312.5 276.5 16.1 21.4
8.766667 3 310.7 273.9 20.3 26.2
8.800000 3 310.6 273.9 20.4 26.2
8.833333 3 311.8 275.4 17.3 22.5
8.866667 3 310.8 274.6 19.3 24.6
8.900000 3 310.9 274.7 19.3 24.6
8.933333 3 312.2 275.7 17.4 22.9
8.966667 3 310.6 274.1 20.6 25.8
9.000000 3 310.6 274.1 20.6 25.8
9.033333 3 310.6 274.0 20.7 26.0
9.066667 3 311.9 275.3 17.6 23.3
9.100000 3 311.7 275.2 17.9 23.5
9.133333 3 310.7 274.1 20.4 25.9
9.166667 3 312.6 276.4 16.6 21.8
9.200000 3 312.6 276.4 16.5 21.8
9.233333 3 312.4 275.9 17.0 22.5
9.266667 3 312.4 276.6 16.4 21.0
9.300000 3 312.4 276.6 16.4 21.0
9.333333 3 312.1 275.8 17.3 22.7
9.366667 3 311.9 275.2 17.9 23.8
9.400000 3 311.9 275.2 17.9 23.8
9.433333 3 312.2 276.0 17.1 22.5
9.466667 3 312.1 276.2 17.3 22.9
9.500000 3 312.1 276.2 17.3 22.8
9.533333 3 311.1 275.4 19.5 25.3
9.566667 3 312.0 276.2 17.5 23.0
9.600000 3 312.0 276.2 17.6 23.0
9.633333 3 312.5 276.4 16.7 21.9
9.666667 3 311.7 276.0 18.3 24.0
9.700000 3 311.7 276.0 18.3 24.0
9.733333 3 312.4 276.5 16.8 22.3
9.766667 3 311.8 276.1 18.1 23.8
9.800000 3 311.8 276.1 18.0 23.8
9.833333 3 312.5 276.7 16.5 21.9
9.866667 3 311.9 276.3 17.6 23.2
9.900000 3 311.9 276.4 17.6 23.1
9.933333 3 312.1 276.5 17.2 22.7
9.966667 3 312.2 276.5 17.1 22.8
10.000000 3 312.2 276.5 17.0 22.7
10.033333 3 312.5 276.9 16.3 21.8
10.066667 3 312.8 277.2 15.7 21.0
