0.033333 3 288.9 162.4 70.2 48.8
0.066667 3 289.7 162.9 70.7 49.3
0.100000 3 290.5 163.6 70.8 49.1
0.133333 3 290.9 164.2 70.8 49.3
0.166667 3 290.9 164.7 70.9 49.3
0.200000 3 291.3 165.0 70.9 49.4
0.233333 3 291.7 165.2 71.0 49.4
0.266667 3 291.6 165.1 71.1 49.4
0.300000 3 291.6 165.1 71.2 49.5
0.333333 3 290.7 165.2 71.3 49.5
0.366667 3 289.7 165.9 71.1 49.4
0.400000 3 288.6 166.2 71.1 49.4
0.433333 3 286.9 167.0 71.2 49.4
0.466667 3 285.5 167.7 71.1 49.3
0.500000 3 284.3 168.6 71.0 49.2
0.533333 3 282.7 169.1 71.5 49.7
0.566667 3 281.0 169.7 71.7 49.9
0.600000 3 279.5 170.6 71.7 49.9
0.633333 3 277.7 171.6 71.8 49.9
0.666667 3 276.0 172.3 71.9 49.9
0.700000 3 274.4 173.1 71.8 49.9
0.733333 3 272.9 173.9 72.0 50.1
0.766667 3 271.8 175.0 72.3 50.4
0.800000 3 271.3 175.9 72.3 50.2
0.833333 3 270.8 177.1 72.3 50.2
0.866667 3 269.9 178.1 72.3 50.2
0.900000 3 268.8 179.0 72.4 50.4
0.933333 3 267.4 179.9 72.6 50.7
0.966667 3 266.4 180.9 72.7 51.0
1.000000 3 265.5 181.3 72.8 51.4
1.033333 3 265.0 182.0 73.2 51.8
1.066667 3 264.8 182.6 73.4 52.2
1.100000 3 265.2 183.1 73.5 52.5
1.133333 3 265.3 183.2 73.8 52.7
1.166667 3 265.6 183.5 74.1 52.8
1.200000 3 265.9 183.7 74.3 53.1
1.233333 3 265.9 184.3 74.5 53.2
1.266667 3 266.2 185.3 74.5 53.0
1.300000 3 266.8 186.2 74.6 53.3
1.333333 3 267.7 186.9 74.8 53.4
1.366667 3 268.7 188.0 74.8 53.4
1.400000 3 269.7 189.5 74.9 53.6
1.433333 3 270.7 190.5 74.9 53.7
1.466667 3 271.4 191.4 75.0 53.8
1.500000 3 272.2 192.0 75.3 54.0
1.533333 3 272.3 192.4 75.6 54.3
1.566667 3 272.4 193.1 75.8 54.5
1.600000 3 271.8 193.9 76.0 54.7
1.633333 3 271.2 194.9 76.0 54.5
1.666667 3 270.5 195.3 76.3 54.8
1.700000 3 269.3 195.5 76.8 55.1
1.733333 3 268.0 195.4 77.1 55.2
1.766667 3 267.1 195.0 77.4 55.6
1.800000 3 266.3 194.0 78.0 55.8
1.833333 3 265.9 192.4 78.4 56.1
1.866667 3 265.1 190.6 79.1 56.5
1.900000 3 264.6 190.1 79.6 56.9
1.933333 3 263.6 190.2 80.2 57.3
1.966667 3 262.7 190.8 80.7 57.6
2.000000 3 261.4 191.3 81.5 58.1
2.033333 3 260.2 191.7 82.1 58.5
2.066667 3 259.1 192.1 82.7 59.1
2.100000 3 258.0 192.7 83.9 59.8
2.133333 3 256.8 193.6 85.0 60.4
2.166667 3 255.5 194.7 86.3 61.4
2.200000 3 253.8 195.5 87.3 62.1
2.233333 3 251.1 196.4 88.7 62.9
2.266667 3 249.2 197.1 89.6 63.6
2.300000 3 247.7 197.7 91.2 64.6
2.333333 3 247.7 198.5 92.5 65.4
2.366667 3 247.9 199.0 93.7 66.6
2.400000 3 247.6 199.0 95.4 67.7
2.433333 3 247.8 198.8 96.6 68.8
2.466667 3 247.8 199.4 98.2 70.1
2.500000 3 246.8 199.9 100.3 71.6
2.533333 3 246.6 200.3 102.4 73.5
2.566667 3 247.5 201.5 103.8 74.6
2.600000 3 248.7 201.9 104.5 75.2
2.633333 3 249.0 201.4 106.4 76.7
2.666667 3 248.6 200.6 107.3 77.5
2.700000 3 247.4 199.3 109.1 78.5
2.733333 3 246.3 197.4 110.5 79.9
2.766667 3 244.9 196.0 112.8 81.5
2.800000 3 242.8 195.1 114.1 82.5
2.833333 3 239.9 194.3 116.4 84.5
2.866667 3 237.0 193.6 118.2 85.8
2.900000 3 234.0 191.6 120.2 87.5
2.933333 3 230.5 188.5 122.5 89.3
2.966667 3 227.0 185.8 125.2 91.8
3.000000 3 227.0 185.8 125.2 91.8
3.033333 3 219.8 182.7 129.1 94.7
3.066667 3 216.4 181.6 130.8 96.1
3.100000 3 216.4 181.6 130.8 96.1
3.133333 3 209.4 179.8 134.9 99.3
3.166667 3 205.5 177.6 138.6 101.9
3.200000 3 205.5 177.6 138.6 101.9
3.233333 3 205.0 171.6 144.3 105.9
3.266667 3 209.8 170.1 143.7 105.2
3.300000 3 209.8 170.1 143.7 105.1
3.333333 3 218.0 170.3 149.7 110.0
3.366667 3 218.0 170.3 149.7 110.0
3.400000 3 219.6 170.6 153.3 112.1
3.433333 3 227.4 171.5 160.2 117.2
3.466667 3 227.4 171.5 160.2 117.2
3.500000 3 231.9 172.3 159.0 116.3
3.533333 3 236.0 172.5 167.1 122.7
3.566667 3 236.0 172.5 167.1 122.7
3.600000 3 237.6 173.8 170.1 122.8
3.633333 3 238.8 172.9 172.2 124.7
3.666667 3 238.3 172.6 174.9 125.9
3.700000 3 240.6 173.2 170.5 122.8
3.733333 3 239.5 171.3 173.2 123.6
3.766667 3 239.2 171.0 171.7 123.2
3.800000 3 237.8 170.4 171.6 121.9
3.833333 3 236.3 167.3 172.8 123.8
3.866667 3 233.8 165.7 175.5 125.8
3.900000 3 233.5 163.3 173.1 125.5
3.933333 3 230.6 157.7 178.1 129.9
3.966667 3 230.8 153.8 176.9 130.2
4.000000 3 229.3 149.9 178.3 131.4
4.033333 3 227.7 146.0 180.3 133.3
4.066667 3 227.1 144.9 180.5 133.8
4.100000 3 225.6 143.5 181.6 134.6
4.133333 3 223.5 140.7 184.9 137.3
4.166667 3 223.3 141.6 182.8 136.0
4.200000 3 222.2 143.7 182.7 134.8
4.233333 3 219.7 143.2 185.6 137.2
4.266667 3 218.5 146.2 183.9 135.2
4.300000 3 215.4 145.5 186.8 137.0
4.333333 3 212.6 145.9 189.0 138.9
4.366667 3 211.2 145.9 188.9 139.7
4.400000 3 209.6 145.8 190.0 139.5
4.433333 3 209.5 143.0 190.0 140.6
4.466667 3 209.5 138.9 190.4 141.1
4.500000 3 211.5 132.3 189.7 140.1
4.533333 3 216.7 126.7 187.6 137.6
4.566667 3 224.9 123.4 181.8 131.8
4.600000 3 230.5 117.4 185.1 133.4
4.633333 3 244.4 115.2 178.4 127.1
4.666667 3 254.3 115.6 174.7 121.7
4.700000 3 263.6 116.4 172.1 118.5
4.733333 3 274.8 117.3 168.5 115.0
4.766667 3 281.7 114.6 168.8 118.8
4.800000 3 285.2 112.6 172.6 121.9
4.833333 3 289.6 112.5 169.5 119.8
4.866667 3 287.5 110.8 172.2 123.4
4.900000 3 286.6 112.5 170.9 120.3
4.933333 3 285.8 113.2 170.1 120.1
4.966667 3 283.0 113.3 170.1 119.1
5.000000 3 282.4 113.2 169.5 117.8
5.033333 3 281.1 113.3 167.9 115.6
5.066667 3 278.1 112.2 170.3 117.1
5.100000 3 276.2 111.1 169.7 115.8
5.133333 3 275.8 111.4 167.9 114.1
5.166667 3 274.2 109.0 167.8 114.1
5.200000 3 272.9 107.1 169.4 115.1
5.233333 3 270.3 106.0 168.3 114.2
5.266667 3 268.0 104.4 171.1 116.5
5.300000 3 265.1 102.6 172.8 118.1
5.333333 3 262.0 103.0 174.0 118.0
5.366667 3 230.9 71.7 199.0 171.3
5.400000 3 228.8 69.6 201.0 173.3
5.433333 3 228.8 69.3 200.2 173.0
5.466667 3 230.0 68.1 201.1 173.3
5.500000 3 233.4 67.7 200.3 172.7
5.533333 3 240.9 68.4 197.5 170.3
5.566667 3 247.4 68.2 196.9 169.1
5.600000 3 253.3 69.7 194.8 167.1
5.633333 3 262.4 70.7 191.1 163.5
5.666667 3 271.8 70.7 190.8 162.1
5.700000 3 280.3 73.7 184.2 156.5
5.733333 3 283.4 73.4 185.2 156.7
5.766667 3 289.6 75.5 181.5 153.3
5.800000 3 293.5 75.5 182.4 153.8
5.833333 3 299.1 78.4 178.5 149.9
5.866667 3 299.4 78.2 181.2 151.7
5.900000 3 301.2 79.9 178.0 149.7
5.933333 3 299.5 81.0 179.9 150.1
5.966667 3 299.3 81.9 178.7 149.1
6.000000 3 297.2 81.6 180.2 150.1
6.033333 3 296.5 82.2 177.6 147.6
6.066667 3 293.6 80.4 181.3 150.6
6.100000 3 292.8 82.2 179.7 148.9
6.133333 3 292.8 85.8 177.4 146.2
6.166667 3 291.1 87.6 176.7 145.4
6.200000 3 291.1 90.6 174.1 142.8
6.233333 3 289.7 92.4 173.2 141.0
6.266667 3 287.1 93.3 173.3 140.8
6.300000 3 284.8 95.0 172.7 139.3
6.333333 3 281.4 95.2 173.5 139.3
6.366667 3 279.3 96.9 173.3 139.0
6.400000 3 277.6 99.3 171.4 137.0
6.433333 3 276.1 101.1 169.6 134.8
6.466667 3 273.6 103.1 170.2 135.3
6.500000 3 273.3 106.3 167.3 132.3
6.533333 3 272.9 111.2 164.7 128.8
6.566667 3 272.3 114.4 163.3 127.3
6.600000 3 270.2 116.3 164.0 127.1
6.633333 3 269.6 117.3 163.6 126.7
6.666667 3 270.2 119.8 161.8 124.2
6.700000 3 268.7 119.4 164.0 126.2
6.733333 3 268.7 120.5 164.6 126.1
6.766667 3 269.7 122.4 162.8 124.1
6.800000 3 270.2 124.9 162.2 122.4
6.833333 3 268.2 125.6 164.0 123.6
6.866667 3 266.0 127.0 164.0 123.0
6.900000 3 234.3 94.7 203.1 190.1
6.933333 3 233.9 95.6 201.8 188.8
6.966667 3 234.8 97.2 199.8 186.9
7.000000 3 234.8 100.2 196.4 183.3
7.033333 3 234.4 102.9 193.5 180.7
7.066667 3 231.7 104.3 193.8 180.9
7.100000 3 232.8 110.1 185.6 173.0
7.133333 3 231.3 112.0 184.5 171.9
7.166667 3 230.6 114.0 181.6 169.2
7.200000 3 227.6 115.1 181.0 168.5
7.233333 3 229.9 118.3 175.1 163.2
7.266667 3 226.1 117.7 179.0 166.8
7.300000 3 226.3 119.9 174.5 162.7
7.333333 3 225.5 121.0 173.5 162.0
7.366667 3 224.3 121.7 172.6 161.1
7.400000 3 225.4 122.3 173.2 161.7
7.433333 3 230.7 124.3 169.4 158.2
7.466667 3 233.4 123.9 172.6 161.3
7.500000 3 239.9 125.1 170.0 158.7
7.533333 3 247.3 125.6 170.5 159.2
7.566667 3 257.8 126.2 169.4 158.1
7.600000 3 269.3 126.6 169.7 158.2
7.633333 3 282.8 129.1 166.8 155.5
7.666667 3 292.7 131.2 167.8 156.1
7.700000 3 301.3 135.9 165.7 153.8
7.733333 3 305.8 141.3 164.6 152.6
7.766667 3 307.6 144.9 163.9 151.8
7.800000 3 309.6 148.1 161.1 149.2
7.833333 3 308.9 150.7 159.2 147.4
7.866667 3 306.7 151.8 158.8 146.9
7.900000 3 305.7 152.8 157.1 145.5
7.933333 3 304.1 154.7 155.4 143.8
7.966667 3 299.9 154.9 155.9 144.2
8.000000 3 295.9 156.9 154.1 142.7
8.033333 3 290.3 158.6 153.6 142.3
8.066667 3 284.7 160.5 152.5 141.2
8.100000 3 277.7 161.4 151.5 140.5
8.133333 3 269.9 162.1 150.8 140.0
8.166667 3 263.4 162.7 149.7 138.9
8.200000 3 256.5 162.5 149.0 138.3
8.233333 3 248.2 160.7 148.6 137.9
8.266667 3 241.4 159.0 148.4 137.8
8.300000 3 234.7 156.5 148.1 137.7
8.333333 3 227.7 155.2 148.4 138.0
8.366667 3 221.3 153.5 147.5 137.0
8.400000 3 217.3 150.6 147.6 137.3
8.433333 3 213.6 147.7 146.8 136.5
8.466667 3 210.4 145.2 146.1 135.8
8.500000 3 206.6 141.7 146.6 136.2
8.533333 3 202.7 140.2 145.4 135.2
8.566667 3 199.0 137.7 146.1 135.7
8.600000 3 196.5 136.1 145.8 135.4
8.633333 3 193.6 134.4 145.5 135.2
8.666667 3 191.1 132.6 146.0 135.5
8.700000 3 189.9 131.3 145.7 135.2
8.733333 3 189.6 130.4 146.2 135.6
8.766667 3 190.6 129.0 145.6 134.9
8.800000 3 192.8 127.9 144.8 134.1
8.833333 3 194.9 127.4 145.2 134.4
8.866667 3 198.6 126.4 145.5 134.5
8.900000 3 202.2 125.8 144.0 133.0
8.933333 3 204.8 124.7 144.6 133.5
8.966667 3 206.1 124.6 143.9 132.7
9.000000 3 206.7 123.5 144.0 132.8
9.033333 3 205.7 121.6 144.9 133.8
9.066667 3 205.5 121.6 144.6 133.3
9.100000 3 205.5 121.4 144.0 132.7
9.133333 3 205.9 121.0 144.9 133.5
9.166667 3 206.5 121.7 144.4 132.9
9.200000 3 205.2 123.2 144.6 133.1
9.233333 3 203.8 124.0 144.8 133.2
9.266667 3 204.4 123.8 144.2 132.5
9.300000 3 207.4 121.7 144.0 132.2
9.333333 3 212.9 120.7 143.2 131.2
9.366667 3 218.3 120.3 141.6 129.5
9.400000 3 222.6 120.6 141.3 129.1
9.433333 3 227.2 122.0 140.9 128.2
9.466667 3 231.6 123.2 138.6 126.0
9.500000 3 234.6 124.5 138.9 126.2
9.533333 3 236.8 125.6 139.0 125.8
9.566667 3 237.2 127.0 138.3 125.2
9.600000 3 237.5 128.2 140.0 126.8
9.633333 3 237.9 128.4 139.9 126.6
9.666667 3 238.4 128.6 139.5 126.2
9.700000 3 237.3 127.0 141.5 128.3
9.733333 3 237.5 126.5 141.4 127.9
9.766667 3 238.1 126.9 139.7 126.2
9.800000 3 235.8 123.8 142.5 128.9
9.833333 3 235.3 123.3 142.3 128.5
9.866667 3 235.4 123.5 141.2 127.3
9.900000 3 233.2 122.8 143.3 129.2
9.933333 3 233.6 124.2 142.8 128.5
9.966667 3 232.8 124.5 144.2 130.1
10.000000 3 232.0 126.7 145.2 130.4
10.033333 3 231.4 129.7 144.7 129.8
10.066667 3 230.2 132.4 145.7 130.5
10.100000 3 228.5 135.7 146.6 130.9
10.133333 3 227.8 139.6 145.3 129.6
10.166667 3 224.2 141.8 149.5 133.5
10.200000 3 222.0 145.9 150.3 133.9
10.233333 3 221.1 149.4 149.6 133.2
10.266667 3 218.9 151.2 153.1 136.2
10.300000 3 218.5 153.4 154.0 136.8
10.333333 3 219.2 157.3 151.0 133.4
10.366667 3 216.0 156.5 156.4 139.3
10.400000 3 217.0 157.7 156.1 138.4
10.433333 3 219.1 158.7 155.2 137.7
10.466667 3 220.6 157.8 157.8 140.1
10.500000 3 223.1 159.9 156.8 138.8
10.533333 3 228.2 163.0 154.4 136.1
10.566667 3 232.6 162.8 156.7 138.2
10.600000 3 241.5 167.0 152.0 133.0
