0.033333 3 191.7 181.4 119.5 105.6
0.066667 3 192.8 181.2 119.4 105.3
0.100000 3 196.5 179.5 119.8 106.0
0.133333 3 198.1 179.0 120.2 106.3
0.166667 3 201.1 177.8 121.3 107.4
0.200000 3 207.1 177.4 120.7 106.9
0.233333 3 208.4 176.7 121.6 108.0
0.266667 3 211.8 175.4 122.4 108.7
0.300000 3 217.7 174.7 121.8 108.1
0.333333 3 220.0 174.4 121.7 107.8
0.366667 3 222.9 173.6 121.9 108.2
0.400000 3 226.9 172.4 122.8 109.2
0.433333 3 227.7 171.8 123.4 109.7
0.466667 3 227.4 171.7 123.6 109.9
0.500000 3 227.0 171.4 123.9 110.2
0.533333 3 225.2 171.2 123.8 110.3
0.566667 3 219.9 170.3 126.0 112.4
0.600000 3 218.4 170.4 125.8 112.2
0.633333 3 215.5 170.5 126.3 112.9
0.666667 3 212.2 171.4 127.1 113.7
0.700000 3 211.5 172.3 126.3 113.0
0.733333 3 209.1 172.3 127.3 114.0
0.766667 3 207.2 173.0 127.7 114.7
0.800000 3 204.9 172.7 129.4 116.3
0.833333 3 203.9 174.8 127.6 114.3
0.866667 3 203.0 174.9 128.0 114.9
0.900000 3 202.1 175.0 128.9 115.7
0.933333 3 203.6 177.1 128.9 115.9
0.966667 3 204.9 177.8 128.5 115.5
1.000000 3 207.8 178.4 128.3 115.1
1.033333 3 210.7 179.4 129.7 116.7
1.066667 3 211.9 179.4 130.0 117.0
1.100000 3 215.4 180.3 130.1 117.1
1.133333 3 216.5 180.0 130.7 117.6
1.166667 3 219.5 180.0 130.9 117.9
1.200000 3 221.7 180.0 132.6 119.6
1.233333 3 222.7 180.7 131.7 118.9
1.266667 3 223.9 180.9 131.5 118.5
1.300000 3 225.0 181.9 130.8 118.1
1.333333 3 224.8 181.3 131.6 118.7
1.366667 3 224.7 180.4 132.3 119.5
1.400000 3 226.5 178.9 132.6 119.8
1.433333 3 227.4 178.6 132.6 119.8
1.466667 3 231.9 177.7 132.3 119.5
1.500000 3 233.9 177.2 132.1 119.3
1.533333 3 238.1 175.9 132.7 119.8
1.566667 3 245.0 173.6 133.4 120.7
1.600000 3 246.8 172.6 134.4 121.6
1.633333 3 252.3 171.6 133.9 121.1
1.666667 3 259.3 170.2 134.6 121.9
1.700000 3 261.8 169.9 134.2 121.5
1.733333 3 265.5 168.7 134.7 121.7
1.766667 3 269.4 169.6 133.1 120.2
1.800000 3 270.0 168.0 134.9 121.9
1.833333 3 270.9 167.5 134.0 120.8
1.866667 3 270.3 166.8 134.2 121.3
1.900000 3 269.3 166.6 133.6 120.5
1.933333 3 263.8 165.5 134.1 120.9
1.966667 3 262.2 165.6 133.7 120.3
2.000000 3 258.5 164.9 134.0 120.8
2.033333 3 254.6 164.6 134.5 121.1
2.066667 3 254.2 165.5 133.5 120.0
2.100000 3 249.5 166.5 133.9 120.4
2.133333 3 248.8 167.6 133.0 119.5
2.166667 3 246.4 168.6 133.1 119.7
2.200000 3 243.7 171.8 134.0 120.2
2.233333 3 243.8 174.1 133.5 119.8
2.266667 3 243.5 177.7 133.9 119.9
2.300000 3 245.6 184.4 133.4 119.5
2.333333 3 245.9 186.2 134.0 120.0
2.366667 3 247.7 191.4 133.1 119.1
2.400000 3 250.1 198.0 131.7 117.7
2.433333 3 250.5 199.9 131.6 117.5
2.466667 3 251.3 203.8 131.4 117.3
2.500000 3 251.3 204.7 131.4 117.4
2.533333 3 251.2 206.5 132.2 117.9
2.566667 3 251.6 209.6 132.5 118.0
2.600000 3 251.8 210.6 132.3 117.8
2.633333 3 251.2 212.6 132.8 118.2
2.666667 3 250.2 215.2 132.1 117.5
2.700000 3 250.3 216.5 131.3 116.7
2.733333 3 250.2 218.1 131.5 117.1
2.766667 3 249.6 218.9 131.8 117.4
2.800000 3 247.9 219.8 132.5 118.1
2.833333 3 245.9 221.3 132.8 118.4
2.866667 3 245.7 222.5 132.1 117.6
2.900000 3 244.3 224.6 131.5 117.1
2.933333 3 240.5 226.5 132.9 118.5
2.966667 3 239.1 227.0 133.6 119.2
3.000000 3 237.4 229.3 132.7 118.5
3.033333 3 234.3 232.1 132.5 118.4
3.066667 3 233.2 232.7 132.8 118.8
3.100000 3 230.4 234.5 133.7 119.8
3.133333 3 230.1 235.3 133.2 119.2
3.166667 3 229.5 237.4 133.3 119.3
3.200000 3 229.3 239.5 133.8 120.1
3.233333 3 229.5 240.3 134.1 120.3
3.266667 3 231.3 241.8 133.9 120.1
3.300000 3 235.6 244.0 134.1 120.2
3.333333 3 237.0 244.5 134.5 120.7
3.366667 3 240.0 245.8 134.8 120.8
3.400000 3 244.1 247.6 134.7 120.7
3.433333 3 244.9 248.0 134.8 121.0
3.466667 3 247.3 249.4 135.4 121.6
3.500000 3 248.6 250.5 134.2 120.3
3.533333 3 250.0 252.3 133.4 119.5
3.566667 3 249.8 253.8 133.0 119.1
3.600000 3 249.2 254.1 133.2 119.3
3.633333 3 248.5 255.9 132.4 118.3
3.666667 3 246.7 257.8 132.2 118.2
3.700000 3 246.1 258.6 131.9 117.9
3.733333 3 244.2 259.4 132.3 118.2
3.766667 3 242.5 260.8 132.1 118.0
3.800000 3 240.6 261.4 132.3 118.1
3.833333 3 237.4 262.6 132.2 118.1
3.866667 3 236.6 262.7 132.0 117.9
3.900000 3 234.8 262.7 132.7 118.5
3.933333 3 234.9 263.9 130.7 116.7
3.966667 3 234.1 263.4 131.6 117.5
4.000000 3 234.1 263.5 131.2 117.2
4.033333 3 234.4 263.0 131.6 117.5
4.066667 3 234.4 262.8 131.9 117.8
4.100000 3 234.5 262.8 131.8 117.7
4.133333 3 234.6 261.8 133.3 119.2
4.166667 3 234.5 261.3 134.0 120.1
4.200000 3 234.5 261.3 134.0 120.1
4.233333 3 235.0 261.6 133.3 119.3
4.266667 3 234.9 260.6 134.2 120.2
4.300000 3 234.8 260.6 134.2 120.2
4.333333 3 233.8 258.6 135.5 121.4
4.366667 3 233.1 258.1 135.6 121.7
4.400000 3 233.1 258.1 135.6 121.7
4.433333 3 232.3 256.7 135.8 121.6
4.466667 3 232.4 256.8 135.6 121.4
4.500000 3 230.8 255.3 136.5 122.3
4.533333 3 229.9 254.7 136.0 121.9
4.566667 3 229.9 254.7 136.0 121.8
4.600000 3 228.4 253.3 137.3 123.2
4.633333 3 227.4 252.8 137.5 123.1
4.666667 3 227.4 252.8 137.4 123.1
4.700000 3 226.1 252.0 138.3 123.9
4.733333 3 225.5 252.0 137.8 123.3
4.766667 3 225.5 252.0 137.8 123.3
4.800000 3 225.4 252.3 137.1 122.4
4.833333 3 223.8 251.7 138.5 123.9
4.866667 3 223.9 252.3 136.8 122.1
4.900000 3 223.6 252.1 137.1 122.2
4.933333 3 223.4 251.7 137.2 122.1
4.966667 3 222.5 251.2 137.6 122.4
5.000000 3 222.2 250.8 137.9 122.7
5.033333 3 221.4 249.8 138.8 123.3
5.066667 3 220.6 249.5 138.9 123.0
5.100000 3 220.3 249.2 139.4 123.3
5.133333 3 219.5 248.7 139.9 123.6
5.166667 3 219.5 248.8 139.6 123.3
5.200000 3 219.5 249.0 139.2 122.6
5.233333 3 219.3 249.1 138.6 121.9
5.266667 3 219.2 249.3 138.5 121.6
5.300000 3 218.7 249.1 138.8 121.6
5.333333 3 219.4 249.1 137.4 119.9
5.366667 3 218.9 248.5 138.3 120.7
5.400000 3 218.6 247.7 138.8 120.9
5.433333 3 219.0 247.2 138.3 120.1
5.466667 3 219.3 247.1 137.9 119.4
5.500000 3 220.0 245.5 137.7 118.8
5.533333 3 219.7 244.5 138.7 119.6
5.566667 3 219.9 244.4 138.0 118.6
5.600000 3 219.6 243.2 138.7 119.0
5.633333 3 219.6 243.2 138.7 118.7
5.666667 3 220.0 243.8 137.8 117.6
5.700000 3 220.4 243.7 137.9 117.0
5.733333 3 220.4 244.0 137.9 117.0
5.766667 3 220.8 243.5 138.3 117.1
5.800000 3 222.3 244.5 137.1 115.4
5.833333 3 223.6 244.7 136.5 114.5
5.866667 3 224.3 244.2 137.4 115.1
5.900000 3 224.6 244.2 137.6 115.0
5.933333 3 226.2 244.8 136.5 113.8
5.966667 3 227.9 244.9 136.3 113.0
6.000000 3 228.3 244.5 136.8 113.3
6.033333 3 229.1 243.8 136.8 113.1
6.066667 3 230.2 243.4 136.8 112.7
6.100000 3 230.8 243.5 136.2 112.0
6.133333 3 231.9 242.8 136.1 111.6
6.166667 3 232.6 242.7 135.8 111.0
6.200000 3 233.3 242.4 135.9 110.9
6.233333 3 235.5 242.4 134.0 108.6
6.266667 3 235.9 242.2 134.1 108.3
6.300000 3 236.7 241.5 134.3 108.4
6.333333 3 238.6 240.4 133.9 107.9
6.366667 3 239.1 239.6 134.2 108.1
6.400000 3 240.8 238.2 134.3 107.8
6.433333 3 242.8 237.0 134.4 107.5
6.466667 3 243.8 237.1 134.1 106.8
6.500000 3 246.0 236.9 133.9 106.5
6.533333 3 246.1 236.1 134.7 107.5
6.566667 3 248.1 236.1 134.2 106.6
6.600000 3 249.3 234.5 136.3 108.6
6.633333 3 249.9 234.1 136.7 108.9
6.666667 3 251.3 233.6 136.7 109.1
6.700000 3 252.2 232.5 138.5 110.5
6.733333 3 252.2 231.8 139.3 111.7
6.766667 3 253.5 232.1 139.2 111.3
6.800000 3 254.1 231.4 140.3 112.2
6.833333 3 254.1 230.6 141.8 113.9
6.866667 3 254.6 229.9 143.2 115.0
6.900000 3 254.7 229.6 143.7 115.3
6.933333 3 255.2 229.3 144.6 116.0
6.966667 3 255.7 228.3 146.2 117.1
7.000000 3 255.7 227.9 146.9 117.9
7.033333 3 255.1 226.5 149.2 119.6
7.066667 3 253.2 225.5 151.2 120.5
7.100000 3 252.5 225.2 151.5 120.9
7.133333 3 250.5 224.2 153.4 121.9
7.166667 3 249.7 223.5 154.7 122.8
7.200000 3 247.7 222.3 157.4 124.9
7.233333 3 247.5 222.3 157.4 124.2
7.266667 3 246.4 220.8 159.6 126.0
7.300000 3 246.4 220.3 160.3 126.2
7.333333 3 246.5 218.6 162.7 127.6
7.366667 3 246.8 218.4 163.3 127.8
7.400000 3 247.6 217.6 164.5 128.1
7.433333 3 248.4 216.9 166.1 128.8
7.466667 3 248.3 216.2 167.2 129.7
7.500000 3 248.0 214.6 170.7 131.8
7.533333 3 248.5 214.7 170.3 131.1
7.566667 3 248.7 214.7 170.8 130.4
7.600000 3 246.7 213.2 172.5 131.2
7.633333 3 245.5 212.4 173.0 131.4
7.666667 3 242.9 211.4 173.7 131.7
7.700000 3 238.1 208.3 177.0 133.4
7.733333 3 236.8 207.8 177.1 133.2
7.766667 3 233.3 205.3 179.5 135.1
7.800000 3 230.6 203.0 181.2 136.3
7.833333 3 229.1 201.3 181.6 136.0
7.866667 3 226.8 197.5 183.7 137.1
7.900000 3 226.4 196.7 183.9 137.1
7.933333 3 225.6 193.9 185.0 137.9
7.966667 3 224.6 189.5 188.1 141.1
8.000000 3 224.1 188.1 189.1 141.9
8.033333 3 222.6 184.3 192.2 144.8
8.066667 3 221.5 181.0 193.5 145.9
8.100000 3 221.2 179.6 194.2 146.4
8.133333 3 219.9 175.0 198.0 149.7
8.166667 3 219.9 173.7 198.6 150.3
8.200000 3 219.1 170.6 201.2 152.9
8.233333 3 218.5 167.2 203.5 154.8
8.266667 3 218.3 166.1 204.2 155.6
8.300000 3 217.0 163.5 206.6 157.4
8.333333 3 215.9 160.5 208.8 159.4
8.366667 3 215.6 159.5 209.5 160.1
8.400000 3 214.7 157.6 210.5 161.4
8.433333 3 212.9 155.6 210.9 162.2
8.466667 3 212.0 154.6 211.6 162.5
8.500000 3 209.6 152.0 213.5 164.2
8.533333 3 208.4 151.1 214.4 165.2
8.566667 3 205.3 148.9 216.3 167.1
8.600000 3 202.0 147.7 217.8 168.6
8.633333 3 200.9 147.4 218.1 168.9
8.666667 3 198.0 146.6 219.6 170.3
8.700000 3 193.5 148.8 221.6 172.4
8.733333 3 192.3 151.7 221.4 172.3
8.766667 3 189.5 158.4 222.9 174.0
8.800000 3 187.4 171.1 223.1 174.2
8.833333 3 185.0 183.7 224.7 175.8
8.866667 3 181.9 200.1 227.5 179.2
8.900000 3 181.3 205.4 227.6 179.0
8.933333 3 179.9 214.4 229.0 180.9
8.966667 3 177.2 224.0 232.0 183.9
9.000000 3 176.2 226.4 232.9 184.8
9.033333 3 174.4 229.8 234.8 186.5
9.066667 3 173.3 231.3 236.7 188.0
9.100000 3 173.3 231.3 237.1 188.4
9.133333 3 174.3 229.7 239.1 190.3
9.166667 3 174.4 228.0 240.7 191.6
9.200000 3 176.2 226.1 241.5 192.1
9.233333 3 178.7 221.9 243.7 193.4
9.266667 3 180.0 221.2 243.4 192.9
9.300000 3 182.6 218.4 243.6 192.7
9.333333 3 186.2 213.9 243.7 192.1
9.366667 3 186.6 212.5 244.3 192.2
9.400000 3 187.3 210.8 245.1 192.3
9.433333 3 187.4 211.8 244.1 190.3
9.466667 3 187.4 212.1 243.8 189.7
9.500000 3 186.0 213.8 242.7 187.7
9.533333 3 184.9 214.2 242.6 187.3
9.566667 3 183.2 214.4 242.2 186.5
9.600000 3 181.8 214.4 240.6 184.2
9.633333 3 180.7 214.2 240.4 183.9
9.666667 3 178.2 213.7 239.6 182.4
9.700000 3 174.9 212.3 237.8 180.0
9.733333 3 174.1 212.0 237.1 179.1
9.766667 3 172.1 210.7 236.6 178.4
9.800000 3 170.1 209.0 237.3 178.9
9.833333 3 169.7 208.3 236.2 177.6
9.866667 3 170.1 207.0 235.8 176.7
9.900000 3 170.5 206.7 235.6 176.4
9.933333 3 172.2 206.9 234.3 174.9
9.966667 3 174.3 206.1 234.6 175.1
10.000000 3 175.3 206.5 234.3 174.7
10.033333 3 177.3 206.8 234.3 174.5
10.066667 3 180.2 206.8 233.6 174.1
10.100000 3 181.2 206.9 233.0 173.5
10.133333 3 183.0 205.3 233.3 173.7
10.166667 3 183.9 204.9 232.8 173.4
10.200000 3 185.0 203.1 233.4 174.0
10.233333 3 186.7 200.9 233.3 173.9
10.266667 3 187.1 200.3 233.0 173.8
10.300000 3 188.1 199.0 232.9 173.7
10.333333 3 190.3 196.8 232.4 173.5
10.366667 3 191.0 196.1 232.5 173.8
10.400000 3 192.6 195.2 232.2 173.9
10.433333 3 195.2 193.6 231.6 173.3
10.466667 3 196.3 193.3 231.2 173.0
10.500000 3 199.4 191.3 230.7 172.7
10.533333 3 200.3 190.5 231.3 173.4
10.566667 3 203.0 189.4 230.2 172.5
10.600000 3 207.5 187.7 230.1 172.3
10.633333 3 209.2 187.9 228.8 171.1
10.666667 3 212.1 187.6 227.2 169.6
10.700000 3 216.8 186.5 225.6 168.0
