0.000000 3 164.0 232.0 144.0 104.0
0.033333 3 164.3 231.5 143.0 103.9
0.066667 3 164.6 230.9 142.0 103.9
0.100000 3 164.9 230.4 141.0 103.8
0.133333 3 165.2 229.9 140.0 103.8
0.166667 3 165.5 229.4 139.0 103.7
0.200000 3 165.8 228.8 138.0 103.6
0.233333 3 166.1 228.3 137.0 103.6
0.266667 3 166.4 227.8 136.0 103.5
0.300000 3 166.6 227.2 135.0 103.5
0.333333 3 166.9 226.7 134.0 103.4
0.366667 3 167.2 226.2 133.0 103.4
0.400000 3 167.5 225.6 132.0 103.3
0.433333 3 167.8 225.1 131.0 103.2
0.466667 3 168.1 224.6 130.0 103.2
0.500000 3 168.4 224.1 129.0 103.1
0.533333 3 168.7 223.5 128.0 103.1
0.566667 3 169.0 223.0 127.0 103.0
0.600000 3 168.5 223.6 127.6 102.5
0.633333 3 168.0 224.2 128.2 102.0
0.666667 3 167.5 224.8 128.8 101.5
0.700000 3 167.0 225.3 129.3 101.0
0.733333 3 166.5 225.9 129.9 100.5
0.766667 3 166.0 226.5 130.5 100.0
0.800000 3 165.5 227.1 131.1 99.5
0.833333 3 165.0 227.7 131.7 99.0
0.866667 3 164.5 228.3 132.3 98.5
0.900000 3 164.0 228.8 132.8 98.0
0.933333 3 163.5 229.4 133.4 97.5
0.966667 3 163.0 230.0 134.0 97.0
1.000000 3 163.5 230.9 133.8 96.7
1.033333 3 163.9 231.8 133.6 96.5
1.066667 3 164.4 232.7 133.5 96.2
1.100000 3 164.8 233.6 133.3 95.9
1.133333 3 165.3 234.5 133.1 95.6
1.166667 3 165.7 235.5 132.9 95.4
1.200000 3 166.2 236.4 132.7 95.1
1.233333 3 166.6 237.3 132.5 94.8
1.266667 3 167.1 238.2 132.4 94.5
1.300000 3 167.5 239.1 132.2 94.3
1.333333 3 168.0 240.0 132.0 94.0
1.366667 3 168.7 240.5 131.8 93.9
1.400000 3 169.4 241.1 131.7 93.8
1.433333 3 170.1 241.6 131.5 93.8
1.466667 3 170.8 242.2 131.4 93.7
1.500000 3 171.5 242.7 131.2 93.6
1.533333 3 172.2 243.2 131.1 93.5
1.566667 3 172.8 243.8 130.9 93.5
1.600000 3 173.5 244.3 130.8 93.4
1.633333 3 174.2 244.8 130.6 93.3
1.666667 3 174.9 245.4 130.5 93.2
1.700000 3 175.6 245.9 130.3 93.2
1.733333 3 176.3 246.5 130.2 93.1
1.766667 3 177.0 247.0 130.0 93.0
1.800000 3 179.4 247.3 128.9 93.1
1.833333 3 181.8 247.5 127.8 93.2
1.866667 3 184.3 247.8 126.7 93.3
1.900000 3 186.7 248.0 125.7 93.3
1.933333 3 189.1 248.3 124.6 93.4
1.966667 3 191.5 248.5 123.5 93.5
2.000000 3 193.9 248.8 122.4 93.6
2.033333 3 196.3 249.0 121.3 93.7
2.066667 3 198.8 249.3 120.2 93.8
2.100000 3 201.2 249.5 119.2 93.8
2.133333 3 203.6 249.8 118.1 93.9
2.166667 3 206.0 250.0 117.0 94.0
2.200000 3 204.8 250.2 117.6 94.2
2.233333 3 203.6 250.4 118.2 94.4
2.266667 3 202.4 250.6 118.8 94.6
2.300000 3 201.2 250.8 119.4 94.8
2.333333 3 200.0 251.0 120.0 95.0
2.366667 3 198.8 251.2 120.6 95.2
2.400000 3 197.6 251.4 121.2 95.4
2.433333 3 196.4 251.6 121.8 95.6
2.466667 3 195.2 251.8 122.4 95.8
2.500000 3 194.0 252.0 123.0 96.0
2.533333 3 192.0 252.9 122.7 95.2
2.566667 3 190.0 253.8 122.4 94.3
2.600000 3 188.0 254.8 122.1 93.5
2.633333 3 186.0 255.7 121.8 92.6
2.666667 3 184.0 256.6 121.5 91.8
2.700000 3 182.0 257.5 121.2 90.9
2.733333 3 180.0 258.5 120.8 90.1
2.766667 3 178.0 259.4 120.5 89.2
2.800000 3 176.0 260.3 120.2 88.4
2.833333 3 174.0 261.2 119.9 87.5
2.866667 3 172.0 262.2 119.6 86.7
2.900000 3 170.0 263.1 119.3 85.8
2.933333 3 168.0 264.0 119.0 85.0
2.966667 3 167.2 263.7 119.2 85.2
3.000000 3 166.5 263.4 119.5 85.3
3.033333 3 165.7 263.1 119.7 85.5
3.066667 3 164.9 262.8 119.9 85.6
3.100000 3 164.2 262.5 120.2 85.8
3.133333 3 163.4 262.2 120.4 85.9
3.166667 3 162.6 261.8 120.6 86.1
3.200000 3 161.8 261.5 120.8 86.2
3.233333 3 161.1 261.2 121.1 86.4
3.266667 3 160.3 260.9 121.3 86.5
3.300000 3 159.5 260.6 121.5 86.7
3.333333 3 158.8 260.3 121.8 86.8
3.366667 3 158.0 260.0 122.0 87.0
3.400000 3 158.8 259.6 121.4 86.9
3.433333 3 159.6 259.3 120.7 86.8
3.466667 3 160.5 258.9 120.1 86.7
3.500000 3 161.3 258.5 119.5 86.6
3.533333 3 162.1 258.2 118.8 86.5
3.566667 3 162.9 257.8 118.2 86.5
3.600000 3 163.7 257.5 117.5 86.4
3.633333 3 164.5 257.1 116.9 86.3
3.666667 3 165.4 256.7 116.3 86.2
3.700000 3 166.2 256.4 115.6 86.1
3.733333 3 167.0 256.0 115.0 86.0
3.766667 3 166.9 255.6 114.5 85.7
3.800000 3 166.8 255.2 114.0 85.3
3.833333 3 166.7 254.7 113.5 85.0
3.866667 3 166.7 254.3 113.0 84.7
3.900000 3 166.6 253.9 112.5 84.3
3.933333 3 166.5 253.5 112.0 84.0
3.966667 3 166.4 253.1 111.5 83.7
4.000000 3 166.3 252.7 111.0 83.3
4.033333 3 166.2 252.2 110.5 83.0
4.066667 3 166.2 251.8 110.0 82.7
4.100000 3 166.1 251.4 109.5 82.3
4.133333 3 166.0 251.0 109.0 82.0
4.166667 3 166.3 251.9 108.3 81.9
4.200000 3 166.6 252.7 107.6 81.7
4.233333 3 166.9 253.6 106.9 81.6
4.266667 3 167.1 254.4 106.1 81.4
4.300000 3 167.4 255.3 105.4 81.3
4.333333 3 167.7 256.1 104.7 81.1
4.366667 3 168.0 257.0 104.0 81.0
4.400000 3 168.3 257.9 103.3 80.9
4.433333 3 168.6 258.7 102.6 80.7
4.466667 3 168.9 259.6 101.9 80.6
4.500000 3 169.1 260.4 101.1 80.4
4.533333 3 169.4 261.3 100.4 80.3
4.566667 3 169.7 262.1 99.7 80.1
4.600000 3 170.0 263.0 99.0 80.0
4.633333 3 170.7 263.9 98.1 79.5
4.666667 3 171.4 264.9 97.2 79.1
4.700000 3 172.1 265.8 96.4 78.6
4.733333 3 172.8 266.8 95.5 78.1
4.766667 3 173.5 267.7 94.6 77.6
4.800000 3 174.2 268.6 93.7 77.2
4.833333 3 174.9 269.6 92.8 76.7
4.866667 3 175.6 270.5 91.9 76.2
4.900000 3 176.4 271.5 91.1 75.8
4.933333 3 177.1 272.4 90.2 75.3
4.966667 3 177.8 273.4 89.3 74.8
5.000000 3 178.5 274.3 88.4 74.4
5.033333 3 179.2 275.2 87.5 73.9
5.066667 3 179.9 276.2 86.6 73.4
5.100000 3 180.6 277.1 85.8 72.9
5.133333 3 181.3 278.1 84.9 72.5
5.166667 3 182.0 279.0 84.0 72.0
5.200000 3 182.5 279.4 83.9 71.3
5.233333 3 182.9 279.8 83.7 70.7
5.266667 3 183.4 280.2 83.6 70.0
5.300000 3 183.9 280.6 83.5 69.3
5.333333 3 184.3 281.0 83.3 68.7
5.366667 3 184.8 281.4 83.2 68.0
5.400000 3 185.3 281.8 83.1 67.3
5.433333 3 185.7 282.2 82.9 66.7
5.466667 3 186.2 282.6 82.8 66.0
5.500000 3 186.7 283.0 82.7 65.3
5.533333 3 187.1 283.4 82.5 64.7
5.566667 3 187.6 283.8 82.4 64.0
5.600000 3 188.1 284.2 82.3 63.3
5.633333 3 188.5 284.6 82.1 62.7
5.666667 3 189.0 285.0 82.0 62.0
5.700000 3 189.4 285.8 81.0 61.9
5.733333 3 189.8 286.5 80.0 61.8
5.766667 3 190.3 287.3 79.0 61.7
5.800000 3 190.7 288.0 78.0 61.7
5.833333 3 191.1 288.8 77.0 61.6
5.866667 3 191.5 289.5 76.0 61.5
5.900000 3 191.9 290.3 75.0 61.4
5.933333 3 192.3 291.0 74.0 61.3
5.966667 3 192.8 291.8 73.0 61.2
6.000000 3 193.2 292.5 72.0 61.2
6.033333 3 193.6 293.3 71.0 61.1
6.066667 3 194.0 294.0 70.0 61.0
6.100000 3 194.0 294.4 69.9 60.6
6.133333 3 194.0 294.9 69.9 60.3
6.166667 3 194.0 295.3 69.8 59.9
6.200000 3 194.0 295.7 69.7 59.6
6.233333 3 194.0 296.1 69.6 59.2
6.266667 3 194.0 296.6 69.6 58.9
6.300000 3 194.0 297.0 69.5 58.5
6.333333 3 194.0 297.4 69.4 58.1
6.366667 3 194.0 297.9 69.4 57.8
6.400000 3 194.0 298.3 69.3 57.4
6.433333 3 194.0 298.7 69.2 57.1
6.466667 3 194.0 299.1 69.1 56.7
6.500000 3 194.0 299.6 69.1 56.4
6.533333 3 194.0 300.0 69.0 56.0
6.566667 3 194.0 300.6 68.6 55.6
6.600000 3 194.0 301.1 68.1 55.1
6.633333 3 194.0 301.7 67.7 54.7
6.666667 3 194.0 302.3 67.3 54.3
6.700000 3 194.0 302.9 66.9 53.9
6.733333 3 194.0 303.4 66.4 53.4
6.766667 3 194.0 304.0 66.0 53.0
6.800000 3 194.0 304.6 65.6 52.6
6.833333 3 194.0 305.1 65.1 52.1
6.866667 3 194.0 305.7 64.7 51.7
6.900000 3 194.0 306.3 64.3 51.3
6.933333 3 194.0 306.9 63.9 50.9
6.966667 3 194.0 307.4 63.4 50.4
7.000000 3 194.0 308.0 63.0 50.0
7.033333 3 194.0 308.2 62.9 50.5
7.066667 3 194.0 308.4 62.8 51.1
7.100000 3 194.0 308.5 62.7 51.6
7.133333 3 194.0 308.7 62.6 52.2
7.166667 3 194.0 308.9 62.5 52.7
7.200000 3 194.0 309.1 62.5 53.3
7.233333 3 194.0 309.3 62.4 53.8
7.266667 3 194.0 309.5 62.3 54.4
7.300000 3 194.0 309.6 62.2 54.9
7.333333 3 194.0 309.8 62.1 55.5
7.366667 3 194.0 310.0 62.0 56.0
7.400000 3 194.2 311.3 62.1 55.2
7.433333 3 194.5 312.6 62.2 54.3
7.466667 3 194.7 313.9 62.2 53.5
7.500000 3 194.9 315.2 62.3 52.6
7.533333 3 195.2 316.5 62.4 51.8
7.566667 3 195.4 317.8 62.5 50.9
7.600000 3 195.6 319.2 62.5 50.1
7.633333 3 195.8 320.5 62.6 49.2
7.666667 3 196.1 321.8 62.7 48.4
7.700000 3 196.3 323.1 62.8 47.5
7.733333 3 196.5 324.4 62.8 46.7
7.766667 3 196.8 325.7 62.9 45.8
7.800000 3 197.0 327.0 63.0 45.0
7.833333 3 197.2 327.3 62.9 45.3
7.866667 3 197.4 327.6 62.8 45.6
7.900000 3 197.6 327.9 62.7 45.9
7.933333 3 197.8 328.2 62.6 46.2
7.966667 3 198.0 328.5 62.5 46.5
8.000000 3 198.2 328.8 62.4 46.8
8.033333 3 198.4 329.1 62.3 47.1
8.066667 3 198.6 329.4 62.2 47.4
8.100000 3 198.8 329.7 62.1 47.7
8.133333 3 199.0 330.0 62.0 48.0
8.166667 3 198.7 329.8 62.4 47.8
8.200000 3 198.5 329.6 62.7 47.6
8.233333 3 198.2 329.5 63.1 47.5
8.266667 3 197.9 329.3 63.5 47.3
8.300000 3 197.6 329.1 63.8 47.1
8.333333 3 197.4 328.9 64.2 46.9
8.366667 3 197.1 328.7 64.5 46.7
8.400000 3 196.8 328.5 64.9 46.5
8.433333 3 196.5 328.4 65.3 46.4
8.466667 3 196.3 328.2 65.6 46.2
8.500000 3 196.0 328.0 66.0 46.0
8.533333 3 196.2 328.0 65.4 45.9
8.566667 3 196.3 328.0 64.8 45.9
8.600000 3 196.5 328.0 64.2 45.8
8.633333 3 196.7 328.0 63.6 45.8
8.666667 3 196.8 328.0 62.9 45.7
8.700000 3 197.0 328.0 62.3 45.7
8.733333 3 197.2 328.0 61.7 45.6
8.766667 3 197.3 328.0 61.1 45.6
8.800000 3 197.5 328.0 60.5 45.5
8.833333 3 197.7 328.0 59.9 45.4
8.866667 3 197.8 328.0 59.3 45.4
8.900000 3 198.0 328.0 58.7 45.3
8.933333 3 198.2 328.0 58.1 45.3
8.966667 3 198.3 328.0 57.4 45.2
9.000000 3 198.5 328.0 56.8 45.2
9.033333 3 198.7 328.0 56.2 45.1
9.066667 3 198.8 328.0 55.6 45.1
9.100000 3 199.0 328.0 55.0 45.0
9.133333 3 199.1 327.8 54.8 44.6
9.166667 3 199.1 327.6 54.6 44.2
9.200000 3 199.2 327.3 54.3 43.8
9.233333 3 199.2 327.1 54.1 43.4
9.266667 3 199.3 326.9 53.9 43.1
9.300000 3 199.3 326.7 53.7 42.7
9.333333 3 199.4 326.4 53.4 42.3
9.366667 3 199.4 326.2 53.2 41.9
9.400000 3 199.5 326.0 53.0 41.5
9.433333 3 199.6 325.8 52.8 41.1
9.466667 3 199.6 325.6 52.6 40.7
9.500000 3 199.7 325.3 52.3 40.3
9.533333 3 199.7 325.1 52.1 39.9
9.566667 3 199.8 324.9 51.9 39.6
9.600000 3 199.8 324.7 51.7 39.2
9.633333 3 199.9 324.4 51.4 38.8
9.666667 3 199.9 324.2 51.2 38.4
9.700000 3 200.0 324.0 51.0 38.0
9.733333 3 199.7 323.7 51.0 38.1
9.766667 3 199.5 323.5 51.0 38.2
9.800000 3 199.2 323.2 51.0 38.3
9.833333 3 199.0 323.0 51.0 38.3
9.866667 3 198.7 322.7 51.0 38.4
9.900000 3 198.5 322.5 51.0 38.5
9.933333 3 198.2 322.2 51.0 38.6
9.966667 3 198.0 322.0 51.0 38.7
10.000000 3 197.7 321.7 51.0 38.8
10.033333 3 197.5 321.5 51.0 38.8
10.066667 3 197.2 321.2 51.0 38.9
10.100000 3 197.0 321.0 51.0 39.0
10.133333 3 197.0 321.3 50.1 38.6
10.166667 3 197.0 321.6 49.2 38.2
10.200000 3 197.0 321.9 48.3 37.8
10.233333 3 197.0 322.2 47.4 37.4
10.266667 3 197.0 322.5 46.5 37.0
10.300000 3 197.0 322.8 45.6 36.6
10.333333 3 197.0 323.1 44.7 36.2
10.366667 3 197.0 323.4 43.8 35.8
10.400000 3 197.0 323.7 42.9 35.4
10.433333 3 197.0 324.0 42.0 35.0
