0.000000 3 199.0 419.0 34.0 23.0
0.033333 3 199.2 418.6 34.7 23.4
0.066667 3 199.5 418.2 35.3 23.8
0.100000 3 199.8 417.8 36.0 24.2
0.133333 3 200.0 417.3 36.7 24.7
0.166667 3 200.2 416.9 37.3 25.1
0.200000 3 200.5 416.5 38.0 25.5
0.233333 3 200.8 416.1 38.7 25.9
0.266667 3 201.0 415.7 39.3 26.3
0.300000 3 201.2 415.3 40.0 26.7
0.333333 3 201.5 414.8 40.7 27.2
0.366667 3 201.8 414.4 41.3 27.6
0.400000 3 202.0 414.0 42.0 28.0
0.433333 3 202.6 413.8 41.8 28.3
0.466667 3 203.2 413.7 41.7 28.7
0.500000 3 203.7 413.5 41.5 29.0
0.533333 3 204.3 413.3 41.3 29.3
0.566667 3 204.9 413.2 41.2 29.7
0.600000 3 205.5 413.0 41.0 30.0
0.633333 3 206.1 412.8 40.8 30.3
0.666667 3 206.7 412.7 40.7 30.7
0.700000 3 207.2 412.5 40.5 31.0
0.733333 3 207.8 412.3 40.3 31.3
0.766667 3 208.4 412.2 40.2 31.7
0.800000 3 209.0 412.0 40.0 32.0
0.833333 3 209.2 411.9 40.0 31.8
0.866667 3 209.4 411.8 40.0 31.6
0.900000 3 209.6 411.7 40.0 31.4
0.933333 3 209.8 411.6 40.0 31.2
0.966667 3 210.0 411.5 40.0 31.0
1.000000 3 210.2 411.4 40.0 30.8
1.033333 3 210.4 411.3 40.0 30.6
1.066667 3 210.6 411.2 40.0 30.4
1.100000 3 210.8 411.1 40.0 30.2
1.133333 3 211.0 411.0 40.0 30.0
1.166667 3 210.9 411.0 39.6 29.7
1.200000 3 210.7 411.0 39.1 29.4
1.233333 3 210.6 411.0 38.7 29.1
1.266667 3 210.4 411.0 38.3 28.9
1.300000 3 210.3 411.0 37.9 28.6
1.333333 3 210.1 411.0 37.4 28.3
1.366667 3 210.0 411.0 37.0 28.0
1.400000 3 206.3 410.9 37.0 28.0
1.433333 3 202.6 410.7 37.0 28.0
1.466667 3 198.9 410.6 37.0 28.0
1.500000 3 195.1 410.4 37.0 28.0
1.533333 3 191.4 410.3 37.0 28.0
1.566667 3 187.7 410.1 37.0 28.0
1.600000 3 184.0 410.0 37.0 28.0
1.633333 3 182.4 409.6 37.3 28.7
1.666667 3 180.9 409.1 37.6 29.4
1.700000 3 179.3 408.7 37.9 30.1
1.733333 3 177.7 408.3 38.1 30.9
1.766667 3 176.1 407.9 38.4 31.6
1.800000 3 174.6 407.4 38.7 32.3
1.833333 3 173.0 407.0 39.0 33.0
1.866667 3 169.5 407.3 39.7 32.0
1.900000 3 166.0 407.7 40.3 31.0
1.933333 3 162.5 408.0 41.0 30.0
1.966667 3 159.0 408.3 41.7 29.0
2.000000 3 155.5 408.7 42.3 28.0
2.033333 3 152.0 409.0 43.0 27.0
2.066667 3 148.4 409.0 41.6 26.4
2.100000 3 144.8 409.0 40.2 25.8
2.133333 3 141.2 409.0 38.8 25.2
2.166667 3 137.6 409.0 37.4 24.6
2.200000 3 134.0 409.0 36.0 24.0
2.233333 3 129.8 408.2 35.4 25.2
2.266667 3 125.6 407.4 34.8 26.4
2.300000 3 121.4 406.6 34.2 27.6
2.333333 3 117.2 405.8 33.6 28.8
2.366667 3 113.0 405.0 33.0 30.0
2.400000 3 109.4 405.2 33.2 28.6
2.433333 3 105.8 405.4 33.4 27.2
2.466667 3 102.2 405.6 33.6 25.8
2.500000 3 98.6 405.8 33.8 24.4
2.533333 3 95.0 406.0 34.0 23.0
2.566667 3 94.0 405.9 34.0 23.1
2.600000 3 93.0 405.7 34.0 23.3
2.633333 3 92.0 405.6 34.0 23.4
2.666667 3 91.0 405.4 34.0 23.6
2.700000 3 90.0 405.3 34.0 23.7
2.733333 3 89.0 405.1 34.0 23.9
2.766667 3 88.0 405.0 34.0 24.0
2.800000 3 87.6 404.6 34.0 24.7
2.833333 3 87.1 404.1 34.0 25.4
2.866667 3 86.7 403.7 34.0 26.1
2.900000 3 86.3 403.3 34.0 26.9
2.933333 3 85.9 402.9 34.0 27.6
2.966667 3 85.4 402.4 34.0 28.3
3.000000 3 85.0 402.0 34.0 29.0
3.033333 3 85.1 402.0 33.6 28.5
3.066667 3 85.2 402.0 33.3 28.0
3.100000 3 85.4 402.0 32.9 27.5
3.133333 3 85.5 402.0 32.5 27.0
3.166667 3 85.6 402.0 32.1 26.5
3.200000 3 85.7 402.0 31.8 26.0
3.233333 3 85.9 402.0 31.4 25.5
3.266667 3 86.0 402.0 31.0 25.0
3.300000 3 86.3 402.1 31.0 25.0
3.333333 3 86.5 402.3 31.0 25.0
3.366667 3 86.8 402.4 31.0 25.0
3.400000 3 87.0 402.5 31.0 25.0
3.433333 3 87.3 402.6 31.0 25.0
3.466667 3 87.5 402.8 31.0 25.0
3.500000 3 87.8 402.9 31.0 25.0
3.533333 3 88.0 403.0 31.0 25.0
3.566667 3 88.4 402.6 31.4 25.0
3.600000 3 88.8 402.2 31.8 25.0
3.633333 3 89.2 401.8 32.2 25.0
3.666667 3 89.6 401.4 32.6 25.0
3.700000 3 90.0 401.0 33.0 25.0
3.733333 3 91.1 401.0 32.6 24.6
3.766667 3 92.2 401.0 32.3 24.3
3.800000 3 93.4 401.0 31.9 23.9
3.833333 3 94.5 401.0 31.5 23.5
3.866667 3 95.6 401.0 31.1 23.1
3.900000 3 96.7 401.0 30.8 22.8
3.933333 3 97.9 401.0 30.4 22.4
3.966667 3 99.0 401.0 30.0 22.0
4.000000 3 99.6 400.6 30.7 22.6
4.033333 3 100.1 400.1 31.4 23.1
4.066667 3 100.7 399.7 32.1 23.7
4.100000 3 101.3 399.3 32.9 24.3
4.133333 3 101.9 398.9 33.6 24.9
4.166667 3 102.4 398.4 34.3 25.4
4.200000 3 103.0 398.0 35.0 26.0
4.233333 3 104.0 397.9 35.2 25.8
4.266667 3 105.0 397.8 35.3 25.7
4.300000 3 106.0 397.7 35.5 25.5
4.333333 3 107.0 397.7 35.7 25.3
4.366667 3 108.0 397.6 35.8 25.2
4.400000 3 109.0 397.5 36.0 25.0
4.433333 3 110.0 397.4 36.2 24.8
4.466667 3 111.0 397.3 36.3 24.7
4.500000 3 112.0 397.2 36.5 24.5
4.533333 3 113.0 397.2 36.7 24.3
4.566667 3 114.0 397.1 36.8 24.2
4.600000 3 115.0 397.0 37.0 24.0
4.633333 3 116.4 396.9 36.3 24.1
4.666667 3 117.9 396.8 35.7 24.2
4.700000 3 119.3 396.7 35.0 24.3
4.733333 3 120.8 396.6 34.3 24.4
4.766667 3 122.2 396.4 33.7 24.6
4.800000 3 123.7 396.3 33.0 24.7
4.833333 3 125.1 396.2 32.3 24.8
4.866667 3 126.6 396.1 31.7 24.9
4.900000 3 128.0 396.0 31.0 25.0
4.933333 3 129.3 396.2 31.3 24.7
4.966667 3 130.7 396.4 31.7 24.3
5.000000 3 132.0 396.7 32.0 24.0
5.033333 3 133.3 396.9 32.3 23.7
5.066667 3 134.7 397.1 32.7 23.3
5.100000 3 136.0 397.3 33.0 23.0
5.133333 3 137.3 397.6 33.3 22.7
5.166667 3 138.7 397.8 33.7 22.3
5.200000 3 140.0 398.0 34.0 22.0
5.233333 3 140.9 397.7 33.7 22.1
5.266667 3 141.8 397.3 33.3 22.2
5.300000 3 142.7 397.0 33.0 22.3
5.333333 3 143.6 396.7 32.7 22.4
5.366667 3 144.4 396.3 32.3 22.6
5.400000 3 145.3 396.0 32.0 22.7
5.433333 3 146.2 395.7 31.7 22.8
5.466667 3 147.1 395.3 31.3 22.9
5.500000 3 148.0 395.0 31.0 23.0
5.533333 3 149.3 394.8 31.0 23.3
5.566667 3 150.6 394.6 31.0 23.6
5.600000 3 151.9 394.4 31.0 23.9
5.633333 3 153.2 394.2 31.0 24.2
5.666667 3 154.5 394.0 31.0 24.5
5.700000 3 155.8 393.8 31.0 24.8
5.733333 3 157.1 393.6 31.0 25.1
5.766667 3 158.4 393.4 31.0 25.4
5.800000 3 159.7 393.2 31.0 25.7
5.833333 3 161.0 393.0 31.0 26.0
5.866667 3 161.8 393.1 31.2 25.7
5.900000 3 162.6 393.2 31.4 25.5
5.933333 3 163.5 393.3 31.5 25.2
5.966667 3 164.3 393.4 31.7 24.9
6.000000 3 165.1 393.5 31.9 24.6
6.033333 3 165.9 393.5 32.1 24.4
6.066667 3 166.7 393.6 32.3 24.1
6.100000 3 167.5 393.7 32.5 23.8
6.133333 3 168.4 393.8 32.6 23.5
6.166667 3 169.2 393.9 32.8 23.3
6.200000 3 170.0 394.0 33.0 23.0
6.233333 3 171.4 394.0 32.4 22.9
6.266667 3 172.8 394.0 31.8 22.8
6.300000 3 174.2 394.0 31.2 22.7
6.333333 3 175.6 394.0 30.6 22.6
6.366667 3 177.0 394.0 30.0 22.5
6.400000 3 178.4 394.0 29.4 22.4
6.433333 3 179.8 394.0 28.8 22.3
6.466667 3 181.2 394.0 28.2 22.2
6.500000 3 182.6 394.0 27.6 22.1
6.533333 3 184.0 394.0 27.0 22.0
6.566667 3 184.9 393.9 27.1 22.0
6.600000 3 185.7 393.7 27.1 22.0
6.633333 3 186.6 393.6 27.2 22.0
6.666667 3 187.5 393.5 27.3 22.0
6.700000 3 188.3 393.3 27.3 22.0
6.733333 3 189.2 393.2 27.4 22.0
6.766667 3 190.1 393.1 27.5 22.0
6.800000 3 190.9 392.9 27.5 22.0
6.833333 3 191.8 392.8 27.6 22.0
6.866667 3 192.7 392.7 27.7 22.0
6.900000 3 193.5 392.5 27.7 22.0
6.933333 3 194.4 392.4 27.8 22.0
6.966667 3 195.3 392.3 27.9 22.0
7.000000 3 196.1 392.1 27.9 22.0
7.033333 3 197.0 392.0 28.0 22.0
7.066667 3 197.4 391.9 29.0 22.1
7.100000 3 197.8 391.7 30.0 22.3
7.133333 3 198.1 391.6 31.0 22.4
7.166667 3 198.5 391.5 32.0 22.5
7.200000 3 198.9 391.4 33.0 22.6
7.233333 3 199.3 391.2 34.0 22.8
7.266667 3 199.6 391.1 35.0 22.9
7.300000 3 200.0 391.0 36.0 23.0
7.333333 3 201.2 390.9 35.6 23.0
7.366667 3 202.4 390.8 35.2 23.0
7.400000 3 203.6 390.7 34.8 23.0
7.433333 3 204.8 390.6 34.4 23.0
7.466667 3 206.0 390.5 34.0 23.0
7.500000 3 207.2 390.4 33.6 23.0
7.533333 3 208.4 390.3 33.2 23.0
7.566667 3 209.6 390.2 32.8 23.0
7.600000 3 210.8 390.1 32.4 23.0
7.633333 3 212.0 390.0 32.0 23.0
7.666667 3 212.7 390.1 32.1 22.8
7.700000 3 213.5 390.2 32.2 22.6
7.733333 3 214.2 390.3 32.3 22.5
7.766667 3 214.9 390.4 32.4 22.3
7.800000 3 215.6 390.5 32.5 22.1
7.833333 3 216.4 390.5 32.5 21.9
7.866667 3 217.1 390.6 32.6 21.7
7.900000 3 217.8 390.7 32.7 21.5
7.933333 3 218.5 390.8 32.8 21.4
7.966667 3 219.3 390.9 32.9 21.2
8.000000 3 220.0 391.0 33.0 21.0
8.033333 3 220.9 390.9 32.7 20.9
8.066667 3 221.9 390.9 32.3 20.7
8.100000 3 222.8 390.8 32.0 20.6
8.133333 3 223.7 390.7 31.7 20.5
8.166667 3 224.7 390.7 31.3 20.3
8.200000 3 225.6 390.6 31.0 20.2
8.233333 3 226.5 390.5 30.7 20.1
8.266667 3 227.5 390.5 30.3 19.9
8.300000 3 228.4 390.4 30.0 19.8
8.333333 3 229.3 390.3 29.7 19.7
8.366667 3 230.3 390.3 29.3 19.5
8.400000 3 231.2 390.2 29.0 19.4
8.433333 3 232.1 390.1 28.7 19.3
8.466667 3 233.1 390.1 28.3 19.1
8.500000 3 234.0 390.0 28.0 19.0
8.533333 3 234.9 389.9 28.0 19.2
8.566667 3 235.8 389.7 28.1 19.5
8.600000 3 236.7 389.6 28.1 19.7
8.633333 3 237.6 389.4 28.2 20.0
8.666667 3 238.5 389.3 28.2 20.2
8.700000 3 239.4 389.1 28.3 20.4
8.733333 3 240.3 389.0 28.3 20.7
8.766667 3 241.2 388.9 28.4 20.9
8.800000 3 242.1 388.7 28.4 21.1
8.833333 3 243.0 388.6 28.5 21.4
8.866667 3 244.0 388.4 28.5 21.6
8.900000 3 244.9 388.3 28.6 21.9
8.933333 3 245.8 388.1 28.6 22.1
8.966667 3 246.7 388.0 28.7 22.3
9.000000 3 247.6 387.9 28.7 22.6
9.033333 3 248.5 387.7 28.8 22.8
9.066667 3 249.4 387.6 28.8 23.0
9.100000 3 250.3 387.4 28.9 23.3
9.133333 3 251.2 387.3 28.9 23.5
9.166667 3 252.1 387.1 29.0 23.8
9.200000 3 253.0 387.0 29.0 24.0
9.233333 3 253.9 386.9 29.0 23.9
9.266667 3 254.7 386.9 29.0 23.7
9.300000 3 255.6 386.8 29.0 23.6
9.333333 3 256.5 386.7 29.0 23.5
9.366667 3 257.3 386.7 29.0 23.3
9.400000 3 258.2 386.6 29.0 23.2
9.433333 3 259.1 386.5 29.0 23.1
9.466667 3 259.9 386.5 29.0 22.9
9.500000 3 260.8 386.4 29.0 22.8
9.533333 3 261.7 386.3 29.0 22.7
9.566667 3 262.5 386.3 29.0 22.5
9.600000 3 263.4 386.2 29.0 22.4
9.633333 3 264.3 386.1 29.0 22.3
9.666667 3 265.1 386.1 29.0 22.1
9.700000 3 266.0 386.0 29.0 22.0
9.733333 3 266.9 385.9 28.9 22.0
9.766667 3 267.9 385.9 28.9 22.0
9.800000 3 268.8 385.8 28.8 22.0
9.833333 3 269.8 385.8 28.8 22.0
9.866667 3 270.7 385.7 28.7 22.0
9.900000 3 271.7 385.7 28.7 22.0
9.933333 3 272.6 385.6 28.6 22.0
9.966667 3 273.6 385.6 28.6 22.0
10.000000 3 274.5 385.5 28.5 22.0
10.033333 3 275.4 385.4 28.4 22.0
10.066667 3 276.4 385.4 28.4 22.0
10.100000 3 277.3 385.3 28.3 22.0
10.133333 3 278.3 385.3 28.3 22.0
10.166667 3 279.2 385.2 28.2 22.0
10.200000 3 280.2 385.2 28.2 22.0
10.233333 3 281.1 385.1 28.1 22.0
10.266667 3 282.1 385.1 28.1 22.0
10.300000 3 283.0 385.0 28.0 22.0
