0.000000 3 242.0 379.0 28.0 29.0
0.033333 3 241.6 379.2 28.0 28.9
0.066667 3 241.1 379.4 27.9 28.8
0.100000 3 240.7 379.5 27.9 28.6
0.133333 3 240.2 379.7 27.9 28.5
0.166667 3 239.8 379.9 27.9 28.4
0.200000 3 239.4 380.1 27.8 28.3
0.233333 3 238.9 380.2 27.8 28.2
0.266667 3 238.5 380.4 27.8 28.1
0.300000 3 238.0 380.6 27.7 27.9
0.333333 3 237.6 380.8 27.7 27.8
0.366667 3 237.1 380.9 27.7 27.7
0.400000 3 236.7 381.1 27.6 27.6
0.433333 3 236.3 381.3 27.6 27.5
0.466667 3 235.8 381.5 27.6 27.4
0.500000 3 235.4 381.6 27.6 27.2
0.533333 3 234.9 381.8 27.5 27.1
0.566667 3 234.5 382.0 27.5 27.0
0.600000 3 234.1 382.2 27.5 26.9
0.633333 3 233.6 382.4 27.4 26.8
0.666667 3 233.2 382.5 27.4 26.6
0.700000 3 232.7 382.7 27.4 26.5
0.733333 3 232.3 382.9 27.4 26.4
0.766667 3 231.9 383.1 27.3 26.3
0.800000 3 231.4 383.2 27.3 26.2
0.833333 3 231.0 383.4 27.3 26.1
0.866667 3 230.5 383.6 27.2 25.9
0.900000 3 230.1 383.8 27.2 25.8
0.933333 3 229.6 383.9 27.2 25.7
0.966667 3 229.2 384.1 27.1 25.6
1.000000 3 228.8 384.3 27.1 25.5
1.033333 3 228.3 384.5 27.1 25.4
1.066667 3 227.9 384.6 27.1 25.2
1.100000 3 227.4 384.8 27.0 25.1
1.133333 3 227.0 385.0 27.0 25.0
1.166667 3 226.5 385.0 27.2 25.1
1.200000 3 226.0 385.1 27.4 25.3
1.233333 3 225.4 385.1 27.7 25.4
1.266667 3 224.9 385.2 27.9 25.5
1.300000 3 224.4 385.2 28.1 25.7
1.333333 3 223.9 385.3 28.3 25.8
1.366667 3 223.3 385.3 28.5 25.9
1.400000 3 222.8 385.3 28.7 26.0
1.433333 3 222.3 385.4 29.0 26.2
1.466667 3 221.8 385.4 29.2 26.3
1.500000 3 221.3 385.5 29.4 26.4
1.533333 3 220.7 385.5 29.6 26.6
1.566667 3 220.2 385.6 29.8 26.7
1.600000 3 219.7 385.6 30.0 26.8
1.633333 3 219.2 385.7 30.3 27.0
1.666667 3 218.7 385.7 30.5 27.1
1.700000 3 218.1 385.7 30.7 27.2
1.733333 3 217.6 385.8 30.9 27.3
1.766667 3 217.1 385.8 31.1 27.5
1.800000 3 216.6 385.9 31.3 27.6
1.833333 3 216.0 385.9 31.6 27.7
1.866667 3 215.5 386.0 31.8 27.9
1.900000 3 215.0 386.0 32.0 28.0
1.933333 3 214.6 386.1 31.9 28.0
1.966667 3 214.1 386.3 31.8 28.0
2.000000 3 213.7 386.4 31.7 28.1
2.033333 3 213.2 386.5 31.6 28.1
2.066667 3 212.8 386.6 31.5 28.1
2.100000 3 212.3 386.8 31.4 28.1
2.133333 3 211.9 386.9 31.4 28.1
2.166667 3 211.4 387.0 31.3 28.1
2.200000 3 211.0 387.2 31.2 28.2
2.233333 3 210.6 387.3 31.1 28.2
2.266667 3 210.1 387.4 31.0 28.2
2.300000 3 209.7 387.6 30.9 28.2
2.333333 3 209.2 387.7 30.8 28.2
2.366667 3 208.8 387.8 30.7 28.3
2.400000 3 208.3 387.9 30.6 28.3
2.433333 3 207.9 388.1 30.5 28.3
2.466667 3 207.4 388.2 30.4 28.3
2.500000 3 207.0 388.3 30.3 28.3
2.533333 3 206.6 388.5 30.2 28.4
2.566667 3 206.1 388.6 30.1 28.4
2.600000 3 205.7 388.7 30.1 28.4
2.633333 3 205.2 388.9 30.0 28.4
2.666667 3 204.8 389.0 29.9 28.4
2.700000 3 204.3 389.1 29.8 28.4
2.733333 3 203.9 389.2 29.7 28.5
2.766667 3 203.4 389.4 29.6 28.5
2.800000 3 203.0 389.5 29.5 28.5
2.833333 3 202.6 389.6 29.4 28.5
2.866667 3 202.1 389.8 29.3 28.5
2.900000 3 201.7 389.9 29.2 28.6
2.933333 3 201.2 390.0 29.1 28.6
2.966667 3 200.8 390.1 29.0 28.6
3.000000 3 200.3 390.3 28.9 28.6
3.033333 3 199.9 390.4 28.9 28.6
3.066667 3 199.4 390.5 28.8 28.6
3.100000 3 199.0 390.7 28.7 28.7
3.133333 3 198.6 390.8 28.6 28.7
3.166667 3 198.1 390.9 28.5 28.7
3.200000 3 197.7 391.1 28.4 28.7
3.233333 3 197.2 391.2 28.3 28.7
3.266667 3 196.8 391.3 28.2 28.8
3.300000 3 196.3 391.4 28.1 28.8
3.333333 3 195.9 391.6 28.0 28.8
3.366667 3 195.4 391.7 27.9 28.8
3.400000 3 195.0 391.8 27.8 28.8
3.433333 3 194.6 392.0 27.7 28.9
3.466667 3 194.1 392.1 27.6 28.9
3.500000 3 193.7 392.2 27.6 28.9
3.533333 3 193.2 392.4 27.5 28.9
3.566667 3 192.8 392.5 27.4 28.9
3.600000 3 192.3 392.6 27.3 28.9
3.633333 3 191.9 392.7 27.2 29.0
3.666667 3 191.4 392.9 27.1 29.0
3.700000 3 191.0 393.0 27.0 29.0
3.733333 3 190.4 393.1 27.3 29.1
3.766667 3 189.8 393.1 27.6 29.2
3.800000 3 189.2 393.2 27.8 29.3
3.833333 3 188.6 393.2 28.1 29.4
3.866667 3 187.9 393.3 28.4 29.6
3.900000 3 187.3 393.3 28.7 29.7
3.933333 3 186.7 393.4 28.9 29.8
3.966667 3 186.1 393.4 29.2 29.9
4.000000 3 185.5 393.5 29.5 30.0
4.033333 3 184.9 393.6 29.8 30.1
4.066667 3 184.3 393.6 30.1 30.2
4.100000 3 183.7 393.7 30.3 30.3
4.133333 3 183.1 393.7 30.6 30.4
4.166667 3 182.4 393.8 30.9 30.6
4.200000 3 181.8 393.8 31.2 30.7
4.233333 3 181.2 393.9 31.4 30.8
4.266667 3 180.6 393.9 31.7 30.9
4.300000 3 180.0 394.0 32.0 31.0
4.333333 3 179.5 394.1 32.0 31.1
4.366667 3 179.0 394.2 32.1 31.2
4.400000 3 178.4 394.2 32.1 31.2
4.433333 3 177.9 394.3 32.2 31.3
4.466667 3 177.4 394.4 32.2 31.4
4.500000 3 176.9 394.5 32.2 31.5
4.533333 3 176.4 394.6 32.3 31.6
4.566667 3 175.8 394.6 32.3 31.6
4.600000 3 175.3 394.7 32.4 31.7
4.633333 3 174.8 394.8 32.4 31.8
4.666667 3 174.3 394.9 32.4 31.9
4.700000 3 173.8 395.0 32.5 32.0
4.733333 3 173.2 395.0 32.5 32.0
4.766667 3 172.7 395.1 32.6 32.1
4.800000 3 172.2 395.2 32.6 32.2
4.833333 3 171.7 395.3 32.6 32.3
4.866667 3 171.2 395.4 32.7 32.4
4.900000 3 170.6 395.4 32.7 32.4
4.933333 3 170.1 395.5 32.8 32.5
4.966667 3 169.6 395.6 32.8 32.6
5.000000 3 169.1 395.7 32.8 32.7
5.033333 3 168.6 395.8 32.9 32.8
5.066667 3 168.0 395.8 32.9 32.8
5.100000 3 167.5 395.9 33.0 32.9
5.133333 3 167.0 396.0 33.0 33.0
5.166667 3 168.0 396.2 32.5 32.5
5.200000 3 169.0 396.4 32.0 32.0
5.233333 3 170.0 396.6 31.5 31.5
5.266667 3 171.0 396.8 31.0 31.0
5.300000 3 172.0 397.0 30.5 30.5
5.333333 3 177.5 397.9 30.0 30.0
5.366667 3 178.5 397.4 29.0 29.0
5.400000 3 175.0 397.6 29.0 29.0
5.433333 3 176.0 397.8 28.5 28.5
5.466667 3 177.0 398.0 28.0 28.0
5.500000 3 182.7 396.6 29.0 28.0
5.533333 3 193.6 399.7 30.0 29.0
5.566667 3 201.5 397.5 31.0 29.0
5.600000 3 214.6 392.4 32.0 30.4
5.633333 3 224.0 391.0 33.0 31.0
5.666667 3 236.4 396.5 33.0 31.0
5.700000 3 241.4 395.3 34.0 31.0
5.733333 3 244.8 393.4 35.0 31.0
5.766667 3 243.7 393.6 35.0 31.0
5.800000 3 241.1 392.4 36.6 31.0
5.833333 3 244.6 392.7 37.3 31.0
5.866667 3 248.0 393.0 38.0 31.0
5.900000 3 251.8 390.5 35.5 30.2
5.933333 3 259.2 391.7 32.0 29.0
5.966667 3 263.0 393.0 30.0 28.0
6.000000 3 263.0 383.0 28.0 28.0
6.033333 3 264.5 365.5 28.0 28.0
6.066667 3 266.0 352.5 28.0 28.0
6.100000 3 265.2 348.5 28.7 29.5
6.133333 3 266.0 337.0 29.0 30.0
6.166667 3 268.2 337.9 29.0 30.0
6.200000 3 272.6 338.0 29.0 30.0
6.233333 3 275.6 335.9 29.0 31.0
6.266667 3 277.0 329.3 29.0 31.0
6.300000 3 277.0 319.0 29.0 32.0
6.333333 3 278.2 314.5 28.8 31.0
6.366667 3 279.5 310.0 28.5 30.0
6.400000 3 280.7 305.5 28.3 29.0
6.433333 3 282.0 301.0 28.0 28.0
6.466667 3 288.0 295.2 27.0 27.0
6.500000 3 288.0 282.8 27.0 27.0
6.533333 3 286.5 279.3 27.3 27.3
6.566667 3 288.0 272.0 27.0 27.0
6.600000 3 289.3 272.1 27.6 27.0
6.633333 3 292.8 277.5 28.0 27.0
6.666667 3 291.9 272.4 28.7 27.0
6.700000 3 293.1 272.6 29.3 27.0
6.733333 3 300.4 272.7 29.0 27.0
6.766667 3 299.5 271.4 30.0 27.0
6.800000 3 297.0 273.0 31.0 27.0
6.833333 3 297.3 272.7 30.8 27.3
6.866667 3 297.7 272.3 30.7 27.7
6.900000 3 298.0 272.0 30.5 28.0
6.933333 3 298.3 271.7 30.3 28.3
6.966667 3 298.7 271.3 30.2 28.7
7.000000 3 299.0 271.0 30.0 29.0
7.033333 3 303.0 270.4 29.0 28.4
7.066667 3 307.0 269.8 28.0 27.8
7.100000 3 308.0 272.2 27.0 27.0
7.133333 3 312.0 270.1 26.0 26.0
7.166667 3 319.0 268.0 25.0 26.0
7.200000 3 318.8 268.3 25.3 25.5
7.233333 3 316.4 270.9 25.0 24.0
7.266667 3 318.5 269.0 26.0 24.5
7.300000 3 318.3 269.3 26.3 24.0
7.333333 3 318.2 269.7 26.7 23.5
7.366667 3 318.0 270.0 27.0 23.0
7.400000 3 319.0 268.8 27.2 23.6
7.433333 3 320.0 267.6 27.4 24.2
7.466667 3 321.0 266.4 27.6 24.8
7.500000 3 322.0 265.2 27.8 25.4
7.533333 3 323.0 264.0 28.0 26.0
7.566667 3 324.5 263.0 27.5 25.0
7.600000 3 326.0 262.0 27.0 24.0
7.633333 3 327.5 261.0 26.5 23.0
7.666667 3 329.0 260.0 26.0 22.0
7.700000 3 329.8 257.5 25.2 22.0
7.733333 3 330.5 255.0 24.5 22.0
7.766667 3 331.3 252.5 23.7 22.0
7.800000 3 332.0 250.0 23.0 22.0
7.833333 3 334.2 248.5 23.0 22.2
7.866667 3 336.5 247.0 23.0 22.5
7.900000 3 338.7 245.5 23.0 22.7
7.933333 3 341.0 244.0 23.0 23.0
7.966667 3 341.3 242.8 23.7 23.2
8.000000 3 341.7 241.7 24.3 23.3
8.033333 3 342.0 240.5 25.0 23.5
8.066667 3 342.3 239.3 25.7 23.7
8.100000 3 342.7 238.2 26.3 23.8
8.133333 3 343.0 237.0 27.0 24.0
8.166667 3 342.8 235.4 27.2 24.6
8.200000 3 342.6 233.8 27.4 25.2
8.233333 3 342.4 232.2 27.6 25.8
8.266667 3 342.2 230.6 27.8 26.4
8.300000 3 342.0 229.0 28.0 27.0
8.333333 3 342.2 228.5 26.5 25.5
8.366667 3 342.5 228.0 25.0 24.0
8.400000 3 342.7 227.5 23.5 22.5
8.433333 3 343.0 227.0 22.0 21.0
8.466667 3 342.0 226.3 23.2 21.2
8.500000 3 341.0 225.5 24.5 21.5
8.533333 3 340.0 224.8 25.7 21.7
8.566667 3 339.0 224.0 27.0 22.0
8.600000 3 339.0 223.8 25.4 22.0
8.633333 3 339.0 223.6 23.8 22.0
8.666667 3 339.0 223.4 22.2 22.0
8.700000 3 339.0 223.2 20.6 22.0
8.733333 3 339.0 223.0 19.0 22.0
8.766667 3 337.4 224.4 19.8 21.8
8.800000 3 335.8 225.8 20.6 21.6
8.833333 3 334.2 227.2 21.4 21.4
8.866667 3 332.6 228.6 22.2 21.2
8.900000 3 331.0 230.0 23.0 21.0
8.933333 3 329.2 231.0 22.6 21.2
8.966667 3 327.4 232.0 22.2 21.4
9.000000 3 325.6 233.0 21.8 21.6
9.033333 3 323.8 234.0 21.4 21.8
9.066667 3 322.0 235.0 21.0 22.0
9.100000 3 320.8 236.0 21.2 21.4
9.133333 3 319.6 237.0 21.4 20.8
9.166667 3 318.4 238.0 21.6 20.2
9.200000 3 317.2 239.0 21.8 19.6
9.233333 3 316.0 240.0 22.0 19.0
9.266667 3 315.1 240.3 21.4 19.1
9.300000 3 314.3 240.6 20.9 19.3
9.333333 3 313.4 240.9 20.3 19.4
9.366667 3 312.6 241.1 19.7 19.6
9.400000 3 311.7 241.4 19.1 19.7
9.433333 3 310.9 241.7 18.6 19.9
9.466667 3 310.0 242.0 18.0 20.0
9.500000 3 308.9 242.7 18.7 19.9
9.533333 3 307.7 243.4 19.4 19.7
9.566667 3 306.6 244.1 20.1 19.6
9.600000 3 305.4 244.9 20.9 19.4
9.633333 3 304.3 245.6 21.6 19.3
9.666667 3 303.1 246.3 22.3 19.1
9.700000 3 302.0 247.0 23.0 19.0
9.733333 3 301.9 247.4 22.0 18.7
9.766667 3 301.7 247.9 21.0 18.4
9.800000 3 301.6 248.3 20.0 18.1
9.833333 3 301.4 248.7 19.0 17.9
9.866667 3 301.3 249.1 18.0 17.6
9.900000 3 301.1 249.6 17.0 17.3
9.933333 3 301.0 250.0 16.0 17.0
9.966667 3 299.9 250.0 17.0 17.0
10.000000 3 298.7 250.0 18.0 17.0
10.033333 3 297.6 250.0 19.0 17.0
10.066667 3 296.4 250.0 20.0 17.0
10.100000 3 295.3 250.0 21.0 17.0
10.133333 3 294.1 250.0 22.0 17.0
10.166667 3 293.0 250.0 23.0 17.0
