0.000000 3 332.0 309.0 22.0 20.0
0.033333 3 332.0 309.0 21.9 19.9
0.066667 3 331.5 308.4 23.1 21.1
0.100000 3 330.9 307.8 24.4 22.2
0.133333 3 328.1 304.8 30.4 28.1
0.166667 3 328.0 304.7 30.7 28.3
0.200000 3 327.7 304.4 31.2 28.8
0.233333 3 327.4 304.1 31.8 29.4
0.266667 3 327.4 304.1 31.9 29.4
0.300000 3 327.8 304.3 31.1 28.6
0.333333 3 328.2 304.7 30.3 27.8
0.366667 3 331.6 307.8 23.0 21.0
0.400000 3 331.7 307.8 23.0 20.9
0.433333 3 332.0 307.9 22.3 20.3
0.466667 3 330.3 306.1 26.2 24.0
0.500000 3 330.5 306.3 25.7 23.4
0.533333 3 330.4 306.3 25.8 23.5
0.566667 3 330.2 306.0 26.3 23.9
0.600000 3 328.5 304.3 29.8 27.3
0.633333 3 328.9 304.7 29.2 26.5
0.666667 3 326.0 301.8 35.2 32.2
0.700000 3 326.3 302.1 34.7 31.7
0.733333 3 326.8 302.5 33.8 30.7
0.766667 3 327.4 303.0 32.4 29.5
0.800000 3 328.3 303.7 30.5 28.0
0.833333 3 330.1 305.2 27.0 24.7
0.866667 3 330.9 305.7 25.7 23.5
0.900000 3 331.5 305.9 24.6 22.5
0.933333 3 331.2 305.7 25.0 23.0
0.966667 3 331.3 305.7 24.9 22.8
1.000000 3 331.2 305.6 25.2 23.2
1.033333 3 331.0 305.4 25.6 23.5
1.066667 3 330.9 305.3 25.9 23.7
1.100000 3 329.4 303.6 29.5 26.9
1.133333 3 329.3 303.4 29.9 27.2
1.166667 3 329.8 303.9 29.0 26.4
1.200000 3 329.4 303.5 29.8 27.2
1.233333 3 325.6 299.6 38.4 34.9
1.266667 3 325.5 299.7 38.3 34.9
1.300000 3 325.2 299.3 39.1 35.6
1.333333 3 326.0 299.7 37.3 34.2
1.366667 3 329.5 302.4 30.6 28.1
1.400000 3 329.5 302.4 30.5 28.0
1.433333 3 330.4 303.0 29.3 26.8
1.466667 3 330.6 303.1 28.8 26.3
1.500000 3 330.6 303.0 28.9 26.4
1.533333 3 330.6 303.0 28.9 26.4
1.566667 3 328.2 300.4 34.2 31.2
1.600000 3 327.8 300.0 35.1 32.0
1.633333 3 327.9 299.9 34.9 31.9
1.666667 3 327.8 299.8 35.1 32.1
1.700000 3 328.0 299.9 34.7 31.6
1.733333 3 329.6 301.4 31.3 28.5
1.766667 3 332.1 303.3 26.0 23.9
1.800000 3 331.7 302.5 27.4 25.3
1.833333 3 331.5 302.3 27.8 25.6
1.866667 3 331.5 302.3 27.8 25.7
1.900000 3 329.9 300.7 31.3 28.6
1.933333 3 330.5 301.0 30.6 27.9
1.966667 3 330.6 301.1 30.3 27.7
2.000000 3 330.6 300.8 30.3 27.7
2.033333 3 330.5 300.8 30.5 27.9
2.066667 3 330.6 300.8 30.4 27.8
2.100000 3 331.2 301.3 29.2 26.7
2.133333 3 333.3 302.6 25.3 23.3
2.166667 3 333.5 302.7 25.0 23.0
2.200000 3 333.3 302.3 25.5 23.4
2.233333 3 333.2 302.3 25.6 23.5
2.266667 3 331.7 300.8 29.0 26.4
2.300000 3 331.9 300.7 28.9 26.5
2.333333 3 329.9 298.8 33.0 30.1
2.366667 3 329.0 297.7 35.3 32.6
2.400000 3 329.1 297.8 35.1 32.3
2.433333 3 328.9 297.6 35.5 32.8
2.466667 3 331.3 299.4 30.3 28.3
2.500000 3 331.2 299.3 30.5 28.5
2.533333 3 331.4 299.5 30.0 28.1
2.566667 3 331.9 299.9 29.0 27.1
2.600000 3 333.7 301.3 26.3 24.2
2.633333 3 334.3 301.6 24.9 23.0
2.666667 3 334.4 301.6 24.9 23.0
2.700000 3 334.5 301.5 25.1 23.2
2.733333 3 334.4 301.3 25.5 23.5
2.766667 3 332.1 299.1 30.2 27.6
2.800000 3 332.9 299.8 28.6 26.3
2.833333 3 331.7 298.5 31.3 29.1
2.866667 3 331.7 298.4 31.5 29.2
2.900000 3 332.4 299.0 30.0 27.9
2.933333 3 330.4 297.0 34.2 31.8
2.966667 3 330.5 297.1 34.2 31.7
3.000000 3 332.2 298.5 31.4 28.8
3.033333 3 332.2 298.5 31.4 28.8
3.066667 3 332.3 298.6 31.2 28.6
3.100000 3 332.3 298.6 31.3 28.6
3.133333 3 332.7 298.7 30.9 28.2
3.166667 3 332.4 298.2 32.0 29.4
3.200000 3 332.5 298.3 31.6 29.0
3.233333 3 332.5 298.3 31.6 29.0
3.266667 3 332.6 298.4 31.4 28.9
3.300000 3 332.6 298.4 31.4 28.9
3.333333 3 332.0 297.6 32.9 30.5
3.366667 3 332.0 297.6 32.9 30.5
3.400000 3 331.8 297.4 33.3 30.9
3.433333 3 331.9 297.4 33.1 30.8
3.466667 3 332.1 297.5 32.9 30.6
3.500000 3 333.3 298.5 30.9 28.6
3.533333 3 333.3 298.4 31.0 28.7
3.566667 3 333.4 298.5 30.7 28.4
3.600000 3 333.7 298.8 30.0 27.8
3.633333 3 334.2 299.0 29.6 27.3
3.666667 3 335.1 299.7 27.7 25.7
3.700000 3 335.3 299.9 27.1 25.3
3.733333 3 335.6 299.9 27.0 25.3
3.766667 3 334.8 299.0 28.8 27.0
3.800000 3 335.0 299.3 28.5 26.6
3.833333 3 334.6 299.3 29.3 27.3
3.866667 3 334.3 298.9 30.1 28.0
3.900000 3 334.2 298.9 30.2 28.1
3.933333 3 334.2 298.8 30.4 28.2
3.966667 3 333.8 298.3 31.2 29.0
4.000000 3 334.8 299.0 29.9 27.6
4.033333 3 334.8 299.0 29.9 27.6
4.066667 3 335.6 299.6 28.7 26.4
4.100000 3 335.6 299.6 28.7 26.4
4.133333 3 335.7 299.6 28.6 26.3
4.166667 3 337.5 300.8 25.0 23.2
4.200000 3 337.6 300.9 24.8 23.0
4.233333 3 337.7 300.9 24.6 22.9
4.266667 3 337.0 300.2 26.5 24.7
4.300000 3 337.0 300.3 26.5 24.7
4.333333 3 336.6 299.9 27.3 25.5
4.366667 3 336.1 299.4 28.4 26.6
4.400000 3 336.2 299.3 28.3 26.7
4.433333 3 337.8 300.6 25.6 23.9
4.466667 3 337.9 300.6 25.6 23.8
4.500000 3 337.9 300.6 25.6 23.8
4.533333 3 338.2 300.8 25.3 23.5
4.566667 3 338.7 301.2 24.4 22.7
4.600000 3 339.0 301.4 23.7 22.1
4.633333 3 338.7 300.9 24.7 23.1
4.666667 3 340.0 301.7 22.1 20.9
4.700000 3 340.2 301.9 21.7 20.5
4.733333 3 339.3 300.8 23.8 22.6
4.766667 3 339.3 300.8 23.9 22.8
4.800000 3 340.1 301.3 22.5 21.3
4.833333 3 339.7 300.6 23.9 22.4
4.866667 3 340.0 300.7 23.8 22.1
4.900000 3 339.8 300.6 24.1 22.4
4.933333 3 339.6 300.3 24.7 23.0
4.966667 3 339.6 300.1 25.0 23.4
5.000000 3 339.3 299.8 25.6 23.9
5.033333 3 338.3 298.5 28.2 26.5
5.066667 3 338.2 298.4 28.3 26.6
5.100000 3 340.0 299.7 25.7 23.9
5.133333 3 340.1 299.8 25.3 23.7
5.166667 3 340.5 299.9 24.8 23.2
5.200000 3 341.0 300.4 23.6 22.2
5.233333 3 341.7 300.7 22.5 21.3
5.266667 3 341.6 300.3 23.0 21.9
5.300000 3 341.9 300.7 22.1 21.0
5.333333 3 341.5 299.9 23.4 22.4
5.366667 3 341.5 299.9 23.4 22.3
5.400000 3 341.5 299.8 23.5 22.4
5.433333 3 342.5 300.3 22.4 21.1
5.466667 3 343.0 301.0 21.1 19.9
5.500000 3 342.7 300.6 21.8 20.5
5.533333 3 342.1 299.7 23.6 22.0
5.566667 3 342.0 299.5 23.9 22.3
5.600000 3 341.9 299.4 24.1 22.5
5.633333 3 341.5 298.4 25.9 24.4
5.666667 3 342.7 299.2 24.1 22.6
5.700000 3 343.0 299.5 23.2 21.9
5.733333 3 343.4 299.8 22.4 21.2
5.766667 3 344.1 300.1 20.8 19.8
5.800000 3 344.5 300.2 20.6 19.6
5.833333 3 344.2 299.8 21.4 20.5
5.866667 3 343.9 299.3 22.1 21.1
5.900000 3 343.9 299.0 22.8 21.8
5.933333 3 344.0 299.0 22.7 21.7
5.966667 3 344.0 299.0 22.7 21.7
6.000000 3 343.8 298.5 23.5 22.2
6.033333 3 343.8 298.5 23.5 22.2
6.066667 3 345.1 299.1 21.3 20.3
6.100000 3 345.1 298.8 21.8 20.8
6.133333 3 344.9 298.6 22.2 21.2
6.166667 3 344.7 298.1 23.0 22.2
6.200000 3 344.9 298.2 22.7 21.9
6.233333 3 345.4 298.1 22.4 21.3
6.266667 3 344.6 297.1 24.5 23.2
6.300000 3 344.6 297.1 24.5 23.2
6.333333 3 345.2 296.9 23.8 22.9
6.366667 3 345.0 296.7 24.3 23.4
6.400000 3 345.0 296.7 24.3 23.4
6.433333 3 346.5 297.7 22.0 21.1
6.466667 3 346.7 297.9 21.6 20.7
6.500000 3 345.4 295.5 25.3 24.1
6.533333 3 346.2 296.6 23.6 22.6
6.566667 3 345.1 295.3 26.1 24.9
6.600000 3 345.5 295.5 25.7 24.5
6.633333 3 345.2 295.2 26.2 25.0
6.666667 3 346.6 296.1 24.5 23.1
6.700000 3 347.7 296.7 22.2 21.2
6.733333 3 347.4 296.3 23.0 22.0
6.766667 3 346.5 295.2 25.2 24.3
6.800000 3 346.4 295.0 25.4 24.5
6.833333 3 347.7 295.8 23.4 22.5
6.866667 3 347.6 295.7 23.6 22.7
6.900000 3 348.1 295.9 23.2 22.2
6.933333 3 347.9 295.8 23.4 22.4
6.966667 3 347.1 294.6 25.7 24.4
7.000000 3 346.3 293.6 27.7 26.5
7.033333 3 346.4 293.6 27.7 26.4
7.066667 3 348.3 294.7 24.7 23.5
7.100000 3 347.9 294.4 25.5 24.2
7.133333 3 348.5 294.3 25.0 24.0
7.166667 3 349.0 295.0 23.5 22.5
7.200000 3 348.8 294.5 24.3 23.4
7.233333 3 348.9 294.3 24.7 23.8
7.266667 3 348.6 294.1 25.0 24.1
7.300000 3 349.4 294.3 24.2 23.2
7.333333 3 349.6 294.4 23.9 22.8
7.366667 3 349.9 294.5 23.7 22.6
7.400000 3 348.6 293.0 26.9 25.5
7.433333 3 348.9 293.2 26.4 25.1
7.466667 3 350.2 293.7 24.9 23.6
7.500000 3 350.2 293.8 24.7 23.5
7.533333 3 350.9 294.1 23.8 22.6
7.566667 3 351.0 293.9 23.8 22.7
7.600000 3 351.0 294.0 23.8 22.8
7.633333 3 351.5 293.7 23.7 22.8
7.666667 3 351.6 293.8 23.5 22.6
7.700000 3 352.4 294.3 22.4 21.5
7.733333 3 352.4 294.3 22.5 21.5
7.766667 3 351.1 292.4 26.0 24.7
7.800000 3 350.9 292.2 26.5 25.1
7.833333 3 350.3 291.5 27.9 26.6
7.866667 3 353.1 293.3 23.1 22.0
7.900000 3 353.1 293.3 23.1 22.0
7.933333 3 353.7 293.3 22.4 21.4
7.966667 3 353.1 292.6 24.0 23.1
8.000000 3 353.1 292.6 24.0 23.1
8.033333 3 354.1 293.2 22.8 21.8
8.066667 3 354.2 293.2 22.6 21.6
8.100000 3 354.1 293.0 22.9 21.8
8.133333 3 353.3 291.7 25.3 24.0
8.166667 3 352.9 291.1 26.4 25.1
8.200000 3 352.3 290.4 27.9 26.6
8.233333 3 353.8 291.5 25.2 24.1
8.266667 3 355.5 292.7 22.2 21.2
8.300000 3 356.1 292.9 21.3 20.4
8.333333 3 356.1 292.9 21.4 20.5
8.366667 3 355.3 291.7 23.4 22.5
8.400000 3 355.4 291.6 23.6 22.8
8.433333 3 356.4 292.1 22.4 21.4
8.466667 3 356.6 292.2 22.2 21.2
8.500000 3 355.4 290.6 25.2 24.0
8.533333 3 355.0 289.8 26.4 25.4
8.566667 3 355.8 290.4 24.8 24.0
8.600000 3 358.1 292.1 21.0 20.2
8.633333 3 358.3 291.9 20.9 20.2
8.666667 3 357.1 290.4 23.9 23.2
8.700000 3 357.1 290.3 23.9 23.2
8.733333 3 358.2 291.1 22.3 21.6
8.766667 3 358.7 291.3 21.8 21.0
8.800000 3 358.0 290.4 23.7 22.7
8.833333 3 358.2 290.2 23.5 22.5
8.866667 3 357.0 288.9 26.1 25.2
8.900000 3 357.7 289.3 25.2 24.4
8.933333 3 359.5 290.4 22.1 21.4
8.966667 3 359.6 290.5 22.1 21.4
9.000000 3 358.5 288.8 25.2 24.6
9.033333 3 358.5 288.8 25.2 24.6
9.066667 3 360.3 289.9 22.7 21.9
9.100000 3 360.2 289.8 22.8 22.0
9.133333 3 359.6 288.9 24.6 23.8
9.166667 3 358.7 287.8 26.8 25.9
9.200000 3 359.0 288.0 26.5 25.6
9.233333 3 359.6 288.5 25.4 24.4
9.266667 3 360.9 289.4 23.5 22.5
9.300000 3 361.1 289.4 23.2 22.3
9.333333 3 360.4 288.0 25.3 24.7
9.366667 3 362.4 289.6 22.1 21.4
9.400000 3 362.5 289.7 21.8 21.1
9.433333 3 363.1 289.9 21.2 20.5
9.466667 3 362.3 288.6 23.4 22.9
9.500000 3 361.8 288.1 24.4 23.8
9.533333 3 363.0 289.0 22.7 22.1
9.566667 3 363.6 289.2 21.9 21.2
9.600000 3 363.6 289.1 22.3 21.5
9.633333 3 362.5 287.8 24.9 24.2
9.666667 3 362.5 287.7 25.1 24.4
9.700000 3 362.7 287.4 25.3 24.4
9.733333 3 363.6 288.1 24.0 23.0
9.766667 3 363.7 288.0 24.2 23.3
9.800000 3 362.7 286.7 26.7 25.9
9.833333 3 362.8 286.7 26.7 25.8
9.866667 3 364.1 287.7 24.6 23.7
9.900000 3 364.2 287.7 24.6 23.6
9.933333 3 364.8 287.9 23.9 23.0
9.966667 3 363.1 285.9 28.0 27.1
10.000000 3 364.0 286.6 26.6 25.7
10.033333 3 365.4 287.7 24.2 23.4
10.066667 3 365.4 287.6 24.4 23.5
10.100000 3 365.4 287.1 25.1 24.3
10.133333 3 365.2 287.0 25.4 24.7
10.166667 3 364.9 286.4 26.5 25.8
10.200000 3 366.0 287.3 24.7 23.9
10.233333 3 366.5 287.6 24.0 23.2
10.266667 3 367.0 287.7 23.6 22.8
10.300000 3 365.9 286.3 26.2 25.5
10.333333 3 366.1 286.6 25.8 25.1
