0.033333 3 378.0 256.0 35.0 26.0
0.066667 3 377.9 255.9 35.0 26.3
0.100000 3 377.9 255.8 35.0 26.6
0.133333 3 377.8 255.6 35.0 26.9
0.166667 3 377.8 255.5 35.0 27.2
0.200000 3 377.7 255.4 35.0 27.6
0.233333 3 377.6 255.3 35.0 27.9
0.266667 3 377.6 255.1 35.0 28.2
0.300000 3 377.5 255.0 35.0 28.5
0.333333 3 377.4 254.9 35.0 28.8
0.366667 3 377.4 254.8 35.0 29.1
0.400000 3 377.3 254.6 35.0 29.4
0.433333 3 377.3 254.5 35.0 29.7
0.466667 3 377.2 254.4 35.0 30.1
0.500000 3 377.1 254.3 35.0 30.4
0.533333 3 377.1 254.1 35.0 30.7
0.566667 3 377.0 254.0 35.0 31.0
0.600000 3 376.7 254.0 35.4 31.3
0.633333 3 376.3 254.0 35.8 31.5
0.666667 3 376.0 254.0 36.3 31.8
0.700000 3 375.7 254.0 36.7 32.0
0.733333 3 375.3 254.0 37.1 32.3
0.766667 3 375.0 254.0 37.5 32.5
0.800000 3 374.7 254.0 37.9 32.8
0.833333 3 374.3 254.0 38.3 33.0
0.866667 3 374.0 254.0 38.8 33.3
0.900000 3 373.7 254.0 39.2 33.5
0.933333 3 373.3 254.0 39.6 33.8
0.966667 3 373.0 254.0 40.0 34.0
1.000000 3 372.5 253.9 39.9 33.7
1.033333 3 372.0 253.8 39.8 33.5
1.066667 3 371.5 253.7 39.7 33.2
1.100000 3 371.0 253.7 39.7 33.0
1.133333 3 370.5 253.6 39.6 32.7
1.166667 3 370.0 253.5 39.5 32.5
1.200000 3 369.5 253.4 39.4 32.2
1.233333 3 369.0 253.3 39.3 32.0
1.266667 3 368.5 253.2 39.2 31.7
1.300000 3 368.0 253.2 39.2 31.5
1.333333 3 367.5 253.1 39.1 31.2
1.366667 3 367.0 253.0 39.0 31.0
1.400000 3 366.9 252.8 39.3 31.3
1.433333 3 366.8 252.7 39.5 31.5
1.466667 3 366.7 252.5 39.8 31.8
1.500000 3 366.7 252.3 40.0 32.0
1.533333 3 366.6 252.2 40.3 32.3
1.566667 3 366.5 252.0 40.5 32.5
1.600000 3 366.4 251.8 40.8 32.8
1.633333 3 366.3 251.7 41.0 33.0
1.666667 3 366.2 251.5 41.3 33.3
1.700000 3 366.2 251.3 41.5 33.5
1.733333 3 366.1 251.2 41.8 33.8
1.766667 3 366.0 251.0 42.0 34.0
1.800000 3 365.8 251.4 41.8 33.5
1.833333 3 365.7 251.8 41.7 33.1
1.866667 3 365.5 252.2 41.5 32.6
1.900000 3 365.4 252.5 41.4 32.2
1.933333 3 365.2 252.9 41.2 31.7
1.966667 3 365.1 253.3 41.1 31.2
2.000000 3 364.9 253.7 40.9 30.8
2.033333 3 364.8 254.1 40.8 30.3
2.066667 3 364.6 254.5 40.6 29.8
2.100000 3 364.5 254.8 40.5 29.4
2.133333 3 364.3 255.2 40.3 28.9
2.166667 3 364.2 255.6 40.2 28.5
2.200000 3 364.0 256.0 40.0 28.0
2.233333 3 363.6 255.8 39.8 28.4
2.266667 3 363.3 255.6 39.6 28.7
2.300000 3 362.9 255.4 39.4 29.1
2.333333 3 362.5 255.3 39.3 29.5
2.366667 3 362.1 255.1 39.1 29.9
2.400000 3 361.8 254.9 38.9 30.2
2.433333 3 361.4 254.7 38.7 30.6
2.466667 3 361.0 254.5 38.5 31.0
2.500000 3 360.6 254.3 38.3 31.4
2.533333 3 360.3 254.1 38.1 31.7
2.566667 3 359.9 253.9 37.9 32.1
2.600000 3 359.5 253.8 37.8 32.5
2.633333 3 359.1 253.6 37.6 32.9
2.666667 3 358.8 253.4 37.4 33.2
2.700000 3 358.4 253.2 37.2 33.6
2.733333 3 358.0 253.0 37.0 34.0
2.766667 3 357.9 253.2 37.1 33.8
2.800000 3 357.8 253.4 37.2 33.7
2.833333 3 357.6 253.6 37.2 33.5
2.866667 3 357.5 253.8 37.3 33.4
2.900000 3 357.4 254.0 37.4 33.2
2.933333 3 357.3 254.2 37.5 33.0
2.966667 3 357.2 254.4 37.6 32.9
3.000000 3 357.0 254.6 37.6 32.7
3.033333 3 356.9 254.8 37.7 32.6
3.066667 3 356.8 255.0 37.8 32.4
3.100000 3 356.7 255.2 37.9 32.2
3.133333 3 356.6 255.4 38.0 32.1
3.166667 3 356.4 255.6 38.0 31.9
3.200000 3 356.3 255.8 38.1 31.8
3.233333 3 356.2 256.0 38.2 31.6
3.266667 3 356.1 256.2 38.3 31.4
3.300000 3 356.0 256.4 38.4 31.3
3.333333 3 355.8 256.6 38.4 31.1
3.366667 3 355.7 256.8 38.5 31.0
3.400000 3 355.6 257.0 38.6 30.8
3.433333 3 355.5 257.2 38.7 30.6
3.466667 3 355.4 257.4 38.8 30.5
3.500000 3 355.2 257.6 38.8 30.3
3.533333 3 355.1 257.8 38.9 30.2
3.566667 3 355.0 258.0 39.0 30.0
3.600000 3 355.0 256.8 39.5 30.8
3.633333 3 355.0 255.6 40.0 31.6
3.666667 3 355.0 254.4 40.5 32.4
3.700000 3 355.0 253.2 41.0 33.2
3.733333 3 355.0 252.0 41.5 34.0
3.766667 3 355.0 250.8 42.0 34.8
3.800000 3 355.0 249.6 42.5 35.6
3.833333 3 355.0 248.4 43.0 36.4
3.866667 3 355.0 247.2 43.5 37.2
3.900000 3 355.0 246.0 44.0 38.0
3.933333 3 355.4 246.0 43.4 37.5
3.966667 3 355.8 246.0 42.8 37.0
4.000000 3 356.3 246.0 42.2 36.5
4.033333 3 356.7 246.0 41.7 36.0
4.066667 3 357.1 246.0 41.1 35.5
4.100000 3 357.5 246.0 40.5 35.0
4.133333 3 357.9 246.0 39.9 34.5
4.166667 3 358.3 246.0 39.3 34.0
4.200000 3 358.8 246.0 38.7 33.5
4.233333 3 359.2 246.0 38.2 33.0
4.266667 3 359.6 246.0 37.6 32.5
4.300000 3 360.0 246.0 37.0 32.0
4.333333 3 360.4 245.4 36.8 32.2
4.366667 3 360.9 244.9 36.6 32.4
4.400000 3 361.3 244.3 36.3 32.7
4.433333 3 361.8 243.8 36.1 32.9
4.466667 3 362.2 243.2 35.9 33.1
4.500000 3 362.7 242.7 35.7 33.3
4.533333 3 363.1 242.1 35.4 33.6
4.566667 3 363.6 241.6 35.2 33.8
4.600000 3 364.0 241.0 35.0 34.0
4.633333 3 363.6 241.0 36.4 34.3
4.666667 3 363.3 241.0 37.7 34.5
4.700000 3 362.9 241.0 39.1 34.8
4.733333 3 362.5 241.0 40.5 35.1
4.766667 3 362.2 241.0 41.8 35.4
4.800000 3 361.8 241.0 43.2 35.6
4.833333 3 361.5 241.0 44.5 35.9
4.866667 3 361.1 241.0 45.9 36.2
4.900000 3 360.7 241.0 47.3 36.5
4.933333 3 360.4 241.0 48.6 36.7
4.966667 3 360.0 241.0 50.0 37.0
5.000000 3 361.0 241.0 50.0 37.1
5.033333 3 362.0 241.0 50.0 37.2
5.066667 3 363.0 241.0 50.0 37.3
5.100000 3 364.0 241.0 50.0 37.4
5.133333 3 365.0 241.0 50.0 37.5
5.166667 3 366.0 241.0 50.0 37.6
5.200000 3 367.0 241.0 50.0 37.7
5.233333 3 368.0 241.0 50.0 37.8
5.266667 3 369.0 241.0 50.0 37.9
5.300000 3 370.0 241.0 50.0 38.0
5.333333 3 370.6 241.1 50.1 38.2
5.366667 3 371.2 241.2 50.2 38.4
5.400000 3 371.8 241.3 50.3 38.6
5.433333 3 372.4 241.4 50.4 38.8
5.466667 3 373.0 241.5 50.5 39.0
5.500000 3 373.6 241.6 50.6 39.2
5.533333 3 374.2 241.7 50.7 39.4
5.566667 3 374.8 241.8 50.8 39.6
5.600000 3 375.4 241.9 50.9 39.8
5.633333 3 376.0 242.0 51.0 40.0
5.666667 3 376.7 242.2 51.3 40.6
5.700000 3 377.3 242.4 51.7 41.1
5.733333 3 378.0 242.7 52.0 41.7
5.766667 3 378.7 242.9 52.3 42.2
5.800000 3 379.3 243.1 52.7 42.8
5.833333 3 380.0 243.3 53.0 43.3
5.866667 3 380.7 243.6 53.3 43.9
5.900000 3 381.3 243.8 53.7 44.4
5.933333 3 382.0 244.0 54.0 45.0
5.966667 3 382.3 244.0 54.6 45.3
6.000000 3 382.6 244.0 55.2 45.6
6.033333 3 382.9 244.0 55.8 45.9
6.066667 3 383.2 244.0 56.4 46.2
6.100000 3 383.5 244.0 57.0 46.5
6.133333 3 383.8 244.0 57.6 46.8
6.166667 3 384.1 244.0 58.2 47.1
6.200000 3 384.4 244.0 58.8 47.4
6.233333 3 384.7 244.0 59.4 47.7
6.266667 3 385.0 244.0 60.0 48.0
6.300000 3 385.9 244.8 60.5 48.6
6.333333 3 386.8 245.5 61.0 49.3
6.366667 3 387.6 246.3 61.5 49.9
6.400000 3 388.5 247.0 62.0 50.5
6.433333 3 389.4 247.8 62.5 51.1
6.466667 3 390.3 248.5 63.0 51.8
6.500000 3 391.1 249.3 63.5 52.4
6.533333 3 392.0 250.0 64.0 53.0
6.566667 3 392.0 251.1 64.0 52.9
6.600000 3 392.0 252.3 64.0 52.7
6.633333 3 392.0 253.4 64.0 52.6
6.666667 3 392.0 254.5 64.0 52.5
6.700000 3 392.0 255.6 64.0 52.4
6.733333 3 392.0 256.8 64.0 52.2
6.766667 3 392.0 257.9 64.0 52.1
6.800000 3 392.0 259.0 64.0 52.0
6.833333 3 391.6 258.5 66.0 53.7
6.866667 3 391.3 258.0 68.0 55.5
6.900000 3 390.9 257.5 70.0 57.2
6.933333 3 390.5 257.0 72.0 59.0
6.966667 3 390.1 256.5 74.0 60.7
7.000000 3 389.8 256.0 76.0 62.5
7.033333 3 389.4 255.5 78.0 64.2
7.066667 3 389.0 255.0 80.0 66.0
7.100000 3 389.1 255.7 81.8 66.7
7.133333 3 389.2 256.3 83.6 67.3
7.166667 3 389.3 257.0 85.3 68.0
7.200000 3 389.4 257.7 87.1 68.7
7.233333 3 389.6 258.3 88.9 69.3
7.266667 3 389.7 259.0 90.7 70.0
7.300000 3 389.8 259.7 92.4 70.7
7.333333 3 389.9 260.3 94.2 71.3
7.366667 3 390.0 261.0 96.0 72.0
7.400000 3 389.7 261.3 97.6 72.4
7.433333 3 389.4 261.6 99.1 72.9
7.466667 3 389.1 261.9 100.7 73.3
7.500000 3 388.9 262.1 102.3 73.7
7.533333 3 388.6 262.4 103.9 74.1
7.566667 3 388.3 262.7 105.4 74.6
7.600000 3 388.0 263.0 107.0 75.0
7.633333 3 389.0 262.2 109.5 77.2
7.666667 3 390.0 261.3 112.0 79.3
7.700000 3 391.0 260.5 114.5 81.5
7.733333 3 392.0 259.7 117.0 83.7
7.766667 3 393.0 258.8 119.5 85.8
7.800000 3 394.0 258.0 122.0 88.0
7.833333 3 396.3 259.3 124.2 89.0
7.866667 3 398.7 260.7 126.3 90.0
7.900000 3 401.0 262.0 128.5 91.0
7.933333 3 403.3 263.3 130.7 92.0
7.966667 3 405.7 264.7 132.8 93.0
8.000000 3 408.0 266.0 135.0 94.0
8.033333 3 407.3 265.5 137.9 96.0
8.066667 3 406.6 265.0 140.8 98.0
8.100000 3 405.9 264.5 143.7 100.0
8.133333 3 405.2 264.0 146.6 102.0
8.166667 3 404.5 263.5 149.5 104.0
8.200000 3 403.8 263.0 152.4 106.0
8.233333 3 403.1 262.5 155.3 108.0
8.266667 3 402.4 262.0 158.2 110.0
8.300000 3 401.7 261.5 161.1 112.0
8.333333 3 401.0 261.0 164.0 114.0
8.366667 3 397.6 259.1 165.3 114.4
8.400000 3 394.3 257.2 166.5 114.7
8.433333 3 390.9 255.3 167.8 115.1
8.466667 3 387.5 253.4 169.1 115.5
8.500000 3 384.2 251.5 170.4 115.8
8.533333 3 380.8 249.5 171.6 116.2
8.566667 3 377.5 247.6 172.9 116.5
8.600000 3 374.1 245.7 174.2 116.9
8.633333 3 370.7 243.8 175.5 117.3
8.666667 3 367.4 241.9 176.7 117.6
8.700000 3 364.0 240.0 178.0 118.0
8.733333 3 362.9 239.3 177.6 118.2
8.766667 3 361.9 238.6 177.1 118.4
8.800000 3 360.8 237.9 176.7 118.6
8.833333 3 359.8 237.3 176.3 118.7
8.866667 3 358.7 236.6 175.8 118.9
8.900000 3 357.6 235.9 175.4 119.1
8.933333 3 356.6 235.2 174.9 119.3
8.966667 3 355.5 234.5 174.5 119.5
9.000000 3 354.4 233.8 174.1 119.7
9.033333 3 353.4 233.1 173.6 119.9
9.066667 3 352.3 232.4 173.2 120.1
9.100000 3 351.3 231.8 172.8 120.2
9.133333 3 350.2 231.1 172.3 120.4
9.166667 3 349.1 230.4 171.9 120.6
9.200000 3 348.1 229.7 171.4 120.8
9.233333 3 347.0 229.0 171.0 121.0
9.266667 3 345.7 228.4 172.0 121.4
9.300000 3 344.5 227.8 173.0 121.8
9.333333 3 343.2 227.2 174.0 122.3
9.366667 3 342.0 226.7 175.0 122.7
9.400000 3 340.7 226.1 176.0 123.1
9.433333 3 339.5 225.5 177.0 123.5
9.466667 3 338.2 224.9 178.0 123.9
9.500000 3 337.0 224.3 179.0 124.3
9.533333 3 335.7 223.7 180.0 124.8
9.566667 3 334.5 223.2 181.0 125.2
9.600000 3 333.2 222.6 182.0 125.6
9.633333 3 332.0 222.0 183.0 126.0
9.666667 3 331.8 221.0 182.5 126.2
9.700000 3 331.5 219.9 182.0 126.5
9.733333 3 331.3 218.9 181.5 126.7
9.766667 3 331.1 217.8 181.0 126.9
9.800000 3 330.9 216.8 180.5 127.1
9.833333 3 330.6 215.7 180.0 127.4
9.866667 3 330.4 214.7 179.5 127.6
9.900000 3 330.2 213.6 179.0 127.8
9.933333 3 330.0 212.6 178.5 128.0
9.966667 3 329.7 211.5 178.0 128.3
10.000000 3 329.5 210.5 177.5 128.5
10.033333 3 329.3 209.5 177.0 128.7
10.066667 3 329.0 208.4 176.5 129.0
10.100000 3 328.8 207.4 176.0 129.2
10.133333 3 328.6 206.3 175.5 129.4
10.166667 3 328.4 205.3 175.0 129.6
10.200000 3 328.1 204.2 174.5 129.9
10.233333 3 327.9 203.2 174.0 130.1
10.266667 3 327.7 202.1 173.5 130.3
10.300000 3 327.5 201.1 173.0 130.5
10.333333 3 327.2 200.0 172.5 130.8
10.366667 3 327.0 199.0 172.0 131.0
