0.033333 3 260.0 94.0 170.0 202.0
0.066667 3 257.0 92.1 169.7 201.2
0.100000 3 254.0 90.2 169.4 200.3
0.133333 3 251.0 88.2 169.1 199.5
0.166667 3 248.0 86.3 168.8 198.6
0.200000 3 245.0 84.4 168.5 197.8
0.233333 3 242.0 82.5 168.2 196.9
0.266667 3 239.0 80.5 167.8 196.1
0.300000 3 236.0 78.6 167.5 195.2
0.333333 3 233.0 76.7 167.2 194.4
0.366667 3 230.0 74.8 166.9 193.5
0.400000 3 227.0 72.8 166.6 192.7
0.433333 3 224.0 70.9 166.3 191.8
0.466667 3 221.0 69.0 166.0 191.0
0.500000 3 220.5 70.8 163.5 189.7
0.533333 3 219.9 72.6 161.1 188.3
0.566667 3 219.4 74.4 158.6 187.0
0.600000 3 218.9 76.2 156.1 185.7
0.633333 3 218.3 78.0 153.7 184.3
0.666667 3 217.8 79.8 151.2 183.0
0.700000 3 217.3 81.6 148.7 181.7
0.733333 3 216.7 83.4 146.3 180.3
0.766667 3 216.2 85.2 143.8 179.0
0.800000 3 215.7 87.0 141.3 177.7
0.833333 3 215.1 88.8 138.9 176.3
0.866667 3 214.6 90.6 136.4 175.0
0.900000 3 214.1 92.4 133.9 173.7
0.933333 3 213.5 94.2 131.5 172.3
0.966667 3 213.0 96.0 129.0 171.0
1.000000 3 212.2 96.8 127.9 170.1
1.033333 3 211.4 97.5 126.9 169.1
1.066667 3 210.5 98.3 125.8 168.2
1.100000 3 209.7 99.1 124.8 167.2
1.133333 3 208.9 99.8 123.7 166.3
1.166667 3 208.1 100.6 122.6 165.4
1.200000 3 207.2 101.4 121.6 164.4
1.233333 3 206.4 102.1 120.5 163.5
1.266667 3 205.6 102.9 119.5 162.5
1.300000 3 204.8 103.6 118.4 161.6
1.333333 3 203.9 104.4 117.4 160.6
1.366667 3 203.1 105.2 116.3 159.7
1.400000 3 202.3 105.9 115.2 158.8
1.433333 3 201.5 106.7 114.2 157.8
1.466667 3 200.6 107.5 113.1 156.9
1.500000 3 199.8 108.2 112.1 155.9
1.533333 3 199.0 109.0 111.0 155.0
1.566667 3 199.2 106.8 109.9 152.2
1.600000 3 199.3 104.5 108.8 149.3
1.633333 3 199.5 102.3 107.8 146.5
1.666667 3 199.7 100.0 106.7 143.7
1.700000 3 199.8 97.8 105.6 140.8
1.733333 3 200.0 95.5 104.5 138.0
1.766667 3 200.2 93.3 103.4 135.2
1.800000 3 200.3 91.0 102.3 132.3
1.833333 3 200.5 88.8 101.3 129.5
1.866667 3 200.7 86.5 100.2 126.7
1.900000 3 200.8 84.3 99.1 123.8
1.933333 3 201.0 82.0 98.0 121.0
1.966667 3 202.3 79.9 99.4 121.4
2.000000 3 203.5 77.8 100.7 121.7
2.033333 3 204.8 75.7 102.1 122.1
2.066667 3 206.1 73.6 103.5 122.5
2.100000 3 207.4 71.5 104.8 122.8
2.133333 3 208.6 69.5 106.2 123.2
2.166667 3 209.9 67.4 107.5 123.5
2.200000 3 211.2 65.3 108.9 123.9
2.233333 3 212.5 63.2 110.3 124.3
2.266667 3 213.7 61.1 111.6 124.6
2.300000 3 215.0 59.0 113.0 125.0
2.333333 3 215.1 59.3 113.7 123.9
2.366667 3 215.1 59.6 114.4 122.9
2.400000 3 215.2 59.9 115.1 121.8
2.433333 3 215.3 60.3 115.8 120.7
2.466667 3 215.3 60.6 116.4 119.7
2.500000 3 215.4 60.9 117.1 118.6
2.533333 3 215.4 61.2 117.8 117.6
2.566667 3 215.5 61.5 118.5 116.5
2.600000 3 215.6 61.8 119.2 115.4
2.633333 3 215.6 62.1 119.9 114.4
2.666667 3 215.7 62.4 120.6 113.3
2.700000 3 215.8 62.8 121.3 112.2
2.733333 3 215.8 63.1 121.9 111.2
2.766667 3 215.9 63.4 122.6 110.1
2.800000 3 215.9 63.7 123.3 109.1
2.833333 3 216.0 64.0 124.0 108.0
2.866667 3 221.1 63.8 123.2 109.7
2.900000 3 226.2 63.7 122.3 111.3
2.933333 3 231.2 63.5 121.5 113.0
2.966667 3 236.3 63.3 120.7 114.7
3.000000 3 241.4 63.2 119.8 116.3
3.033333 3 246.5 63.0 119.0 118.0
3.066667 3 251.6 62.8 118.2 119.7
3.100000 3 256.7 62.7 117.3 121.3
3.133333 3 261.7 62.5 116.5 123.0
3.166667 3 266.8 62.3 115.7 124.7
3.200000 3 271.9 62.2 114.8 126.3
3.233333 3 277.0 62.0 114.0 128.0
3.266667 3 281.2 65.7 113.6 127.6
3.300000 3 285.4 69.5 113.3 127.3
3.333333 3 289.5 73.2 112.9 126.9
3.366667 3 293.7 76.9 112.5 126.5
3.400000 3 297.9 80.6 112.2 126.2
3.433333 3 302.1 84.4 111.8 125.8
3.466667 3 306.3 88.1 111.5 125.5
3.500000 3 310.5 91.8 111.1 125.1
3.533333 3 314.6 95.5 110.7 124.7
3.566667 3 318.8 99.3 110.4 124.4
3.600000 3 323.0 103.0 110.0 124.0
3.633333 3 323.6 103.0 110.1 123.3
3.666667 3 324.3 103.0 110.2 122.5
3.700000 3 324.9 103.0 110.3 121.8
3.733333 3 325.5 103.0 110.4 121.1
3.766667 3 326.2 103.0 110.5 120.4
3.800000 3 326.8 103.0 110.5 119.6
3.833333 3 327.5 103.0 110.6 118.9
3.866667 3 328.1 103.0 110.7 118.2
3.900000 3 328.7 103.0 110.8 117.5
3.933333 3 329.4 103.0 110.9 116.7
3.966667 3 330.0 103.0 111.0 116.0
4.000000 3 330.5 103.5 111.1 115.5
4.033333 3 330.9 104.1 111.3 115.1
4.066667 3 331.4 104.6 111.4 114.6
4.100000 3 331.9 105.1 111.5 114.1
4.133333 3 332.3 105.7 111.7 113.7
4.166667 3 332.8 106.2 111.8 113.2
4.200000 3 333.3 106.7 111.9 112.7
4.233333 3 333.7 107.3 112.1 112.3
4.266667 3 334.2 107.8 112.2 111.8
4.300000 3 334.7 108.3 112.3 111.3
4.333333 3 335.1 108.9 112.5 110.9
4.366667 3 335.6 109.4 112.6 110.4
4.400000 3 336.1 109.9 112.7 109.9
4.433333 3 336.5 110.5 112.9 109.5
4.466667 3 337.0 111.0 113.0 109.0
4.500000 3 338.6 112.1 113.0 109.2
4.533333 3 340.2 113.2 113.0 109.3
4.566667 3 341.7 114.2 113.0 109.5
4.600000 3 343.3 115.3 113.0 109.7
4.633333 3 344.9 116.4 113.0 109.8
4.666667 3 346.5 117.5 113.0 110.0
4.700000 3 348.1 118.6 113.0 110.2
4.733333 3 349.7 119.7 113.0 110.3
4.766667 3 351.2 120.7 113.0 110.5
4.800000 3 352.8 121.8 113.0 110.7
4.833333 3 354.4 122.9 113.0 110.8
4.866667 3 356.0 124.0 113.0 111.0
4.900000 3 357.2 125.5 113.5 110.3
4.933333 3 358.4 126.9 114.1 109.5
4.966667 3 359.6 128.4 114.6 108.8
5.000000 3 360.8 129.9 115.1 108.1
5.033333 3 362.0 131.3 115.7 107.3
5.066667 3 363.2 132.8 116.2 106.6
5.100000 3 364.4 134.3 116.7 105.9
5.133333 3 365.6 135.7 117.3 105.1
5.166667 3 366.8 137.2 117.8 104.4
5.200000 3 368.0 138.7 118.3 103.7
5.233333 3 369.2 140.1 118.9 102.9
5.266667 3 370.4 141.6 119.4 102.2
5.300000 3 371.6 143.1 119.9 101.5
5.333333 3 372.8 144.5 120.5 100.7
5.366667 3 374.0 146.0 121.0 100.0
5.400000 3 374.1 147.5 118.5 98.3
5.433333 3 374.3 148.9 116.1 96.5
5.466667 3 374.4 150.4 113.6 94.8
5.500000 3 374.5 151.9 111.1 93.1
5.533333 3 374.7 153.3 108.7 91.3
5.566667 3 374.8 154.8 106.2 89.6
5.600000 3 374.9 156.3 103.7 87.9
5.633333 3 375.1 157.7 101.3 86.1
5.666667 3 375.2 159.2 98.8 84.4
5.700000 3 375.3 160.7 96.3 82.7
5.733333 3 375.5 162.1 93.9 80.9
5.766667 3 375.6 163.6 91.4 79.2
5.800000 3 375.7 165.1 88.9 77.5
5.833333 3 375.9 166.5 86.5 75.7
5.866667 3 376.0 168.0 84.0 74.0
5.900000 3 374.1 169.7 81.8 71.9
5.933333 3 372.2 171.4 79.6 69.8
5.966667 3 370.3 173.1 77.4 67.7
6.000000 3 368.4 174.8 75.2 65.6
6.033333 3 366.5 176.5 73.0 63.5
6.066667 3 364.6 178.2 70.8 61.4
6.100000 3 362.7 179.9 68.6 59.3
6.133333 3 360.8 181.6 66.4 57.2
6.166667 3 358.9 183.3 64.2 55.1
6.200000 3 357.0 185.0 62.0 53.0
6.233333 3 356.8 185.4 60.9 51.9
6.266667 3 356.5 185.8 59.8 50.8
6.300000 3 356.3 186.2 58.8 49.8
6.333333 3 356.0 186.7 57.7 48.7
6.366667 3 355.8 187.1 56.6 47.6
6.400000 3 355.5 187.5 55.5 46.5
6.433333 3 355.3 187.9 54.4 45.4
6.466667 3 355.0 188.3 53.3 44.3
6.500000 3 354.8 188.7 52.3 43.3
6.533333 3 354.5 189.2 51.2 42.2
6.566667 3 354.3 189.6 50.1 41.1
6.600000 3 354.0 190.0 49.0 40.0
6.633333 3 354.8 189.7 49.2 40.2
6.666667 3 355.7 189.3 49.3 40.5
6.700000 3 356.5 189.0 49.5 40.7
6.733333 3 357.3 188.7 49.7 41.0
6.766667 3 358.2 188.3 49.8 41.2
6.800000 3 359.0 188.0 50.0 41.5
6.833333 3 359.8 187.7 50.2 41.7
6.866667 3 360.7 187.3 50.3 42.0
6.900000 3 361.5 187.0 50.5 42.2
6.933333 3 362.3 186.7 50.7 42.5
6.966667 3 363.2 186.3 50.8 42.7
7.000000 3 364.0 186.0 51.0 43.0
7.033333 3 363.9 184.9 51.3 43.6
7.066667 3 363.7 183.9 51.6 44.1
7.100000 3 363.6 182.8 51.9 44.7
7.133333 3 363.5 181.7 52.3 45.3
7.166667 3 363.4 180.7 52.6 45.8
7.200000 3 363.2 179.6 52.9 46.4
7.233333 3 363.1 178.6 53.2 46.9
7.266667 3 363.0 177.5 53.5 47.5
7.300000 3 362.9 176.4 53.8 48.1
7.333333 3 362.7 175.4 54.1 48.6
7.366667 3 362.6 174.3 54.4 49.2
7.400000 3 362.5 173.2 54.8 49.8
7.433333 3 362.4 172.2 55.1 50.3
7.466667 3 362.2 171.1 55.4 50.9
7.500000 3 362.1 170.1 55.7 51.4
7.533333 3 362.0 169.0 56.0 52.0
7.566667 3 361.6 168.8 56.2 51.9
7.600000 3 361.2 168.6 56.4 51.9
7.633333 3 360.8 168.4 56.6 51.8
7.666667 3 360.4 168.2 56.8 51.7
7.700000 3 360.0 168.0 57.0 51.7
7.733333 3 359.6 167.8 57.2 51.6
7.766667 3 359.2 167.6 57.4 51.5
7.800000 3 358.8 167.4 57.6 51.5
7.833333 3 358.4 167.2 57.8 51.4
7.866667 3 358.0 167.0 58.0 51.3
7.900000 3 357.6 166.8 58.2 51.3
7.933333 3 357.2 166.6 58.4 51.2
7.966667 3 356.8 166.4 58.6 51.1
8.000000 3 356.4 166.2 58.8 51.1
8.033333 3 356.0 166.0 59.0 51.0
8.066667 3 355.8 166.0 58.6 51.2
8.100000 3 355.6 166.0 58.2 51.4
8.133333 3 355.4 166.0 57.9 51.6
8.166667 3 355.2 166.0 57.5 51.8
8.200000 3 355.1 166.0 57.1 51.9
8.233333 3 354.9 166.0 56.7 52.1
8.266667 3 354.7 166.0 56.4 52.3
8.300000 3 354.5 166.0 56.0 52.5
8.333333 3 354.3 166.0 55.6 52.7
8.366667 3 354.1 166.0 55.2 52.9
8.400000 3 353.9 166.0 54.9 53.1
8.433333 3 353.7 166.0 54.5 53.3
8.466667 3 353.6 166.0 54.1 53.4
8.500000 3 353.4 166.0 53.7 53.6
8.533333 3 353.2 166.0 53.4 53.8
8.566667 3 353.0 166.0 53.0 54.0
8.600000 3 352.1 166.5 53.5 54.5
8.633333 3 351.1 167.0 54.0 55.0
8.666667 3 350.2 167.5 54.5 55.5
8.700000 3 349.3 168.0 55.0 56.0
8.733333 3 348.4 168.5 55.5 56.5
8.766667 3 347.4 169.0 56.0 57.0
8.800000 3 346.5 169.5 56.5 57.5
8.833333 3 345.6 170.0 57.0 58.0
8.866667 3 344.6 170.5 57.5 58.5
8.900000 3 343.7 171.0 58.0 59.0
8.933333 3 342.8 171.5 58.5 59.5
8.966667 3 341.9 172.0 59.0 60.0
9.000000 3 340.9 172.5 59.5 60.5
9.033333 3 340.0 173.0 60.0 61.0
9.066667 3 340.0 172.3 60.8 62.1
9.100000 3 340.0 171.7 61.6 63.3
9.133333 3 340.0 171.0 62.4 64.4
9.166667 3 340.0 170.3 63.2 65.5
9.200000 3 340.0 169.7 64.0 66.7
9.233333 3 340.0 169.0 64.8 67.8
9.266667 3 340.0 168.3 65.6 68.9
9.300000 3 340.0 167.7 66.4 70.1
9.333333 3 340.0 167.0 67.2 71.2
9.366667 3 340.0 166.3 68.0 72.3
9.400000 3 340.0 165.7 68.8 73.5
9.433333 3 340.0 165.0 69.6 74.6
9.466667 3 340.0 164.3 70.4 75.7
9.500000 3 340.0 163.7 71.2 76.9
9.533333 3 340.0 163.0 72.0 78.0
9.566667 3 337.7 162.3 74.7 81.4
9.600000 3 335.4 161.6 77.4 84.9
9.633333 3 333.1 160.9 80.1 88.3
9.666667 3 330.9 160.1 82.9 91.7
9.700000 3 328.6 159.4 85.6 95.1
9.733333 3 326.3 158.7 88.3 98.6
9.766667 3 324.0 158.0 91.0 102.0
9.800000 3 321.7 157.3 93.7 105.4
9.833333 3 319.4 156.6 96.4 108.9
9.866667 3 317.1 155.9 99.1 112.3
9.900000 3 314.9 155.1 101.9 115.7
9.933333 3 312.6 154.4 104.6 119.1
9.966667 3 310.3 153.7 107.3 122.6
10.000000 3 308.0 153.0 110.0 126.0
10.033333 3 302.9 149.3 115.1 133.0
10.066667 3 297.8 145.5 120.2 140.0
10.100000 3 292.6 141.8 125.4 147.0
10.133333 3 287.5 138.0 130.5 154.0
10.166667 3 282.4 134.3 135.6 161.0
10.200000 3 277.3 130.5 140.7 168.0
10.233333 3 272.1 126.8 145.9 175.0
10.266667 3 267.0 123.0 151.0 182.0
