0.033333 3 282.0 207.0 72.0 61.0
0.066667 3 282.4 206.3 72.4 60.8
0.100000 3 282.7 205.5 72.7 60.6
0.133333 3 283.1 204.8 73.1 60.5
0.166667 3 283.5 204.1 73.5 60.3
0.200000 3 283.8 203.4 73.8 60.1
0.233333 3 284.2 202.6 74.2 59.9
0.266667 3 284.5 201.9 74.5 59.7
0.300000 3 284.9 201.2 74.9 59.5
0.333333 3 285.3 200.5 75.3 59.4
0.366667 3 285.6 199.7 75.6 59.2
0.400000 3 286.0 199.0 76.0 59.0
0.433333 3 286.1 198.3 76.0 59.4
0.466667 3 286.1 197.6 76.0 59.7
0.500000 3 286.2 196.9 76.0 60.1
0.533333 3 286.3 196.1 76.0 60.4
0.566667 3 286.4 195.4 76.0 60.8
0.600000 3 286.4 194.7 76.0 61.1
0.633333 3 286.5 194.0 76.0 61.5
0.666667 3 286.6 193.3 76.0 61.9
0.700000 3 286.6 192.6 76.0 62.2
0.733333 3 286.7 191.9 76.0 62.6
0.766667 3 286.8 191.1 76.0 62.9
0.800000 3 286.9 190.4 76.0 63.3
0.833333 3 286.9 189.7 76.0 63.6
0.866667 3 287.0 189.0 76.0 64.0
0.900000 3 287.2 188.5 75.8 63.8
0.933333 3 287.3 188.1 75.5 63.5
0.966667 3 287.5 187.6 75.3 63.3
1.000000 3 287.6 187.2 75.1 63.1
1.033333 3 287.8 186.7 74.8 62.8
1.066667 3 287.9 186.2 74.6 62.6
1.100000 3 288.1 185.8 74.4 62.4
1.133333 3 288.2 185.3 74.2 62.2
1.166667 3 288.4 184.8 73.9 61.9
1.200000 3 288.5 184.4 73.7 61.7
1.233333 3 288.7 183.9 73.5 61.5
1.266667 3 288.8 183.5 73.2 61.2
1.300000 3 289.0 183.0 73.0 61.0
1.333333 3 288.9 182.3 72.6 60.9
1.366667 3 288.7 181.6 72.3 60.7
1.400000 3 288.6 180.9 71.9 60.6
1.433333 3 288.4 180.1 71.6 60.4
1.466667 3 288.3 179.4 71.2 60.3
1.500000 3 288.1 178.7 70.9 60.1
1.533333 3 288.0 178.0 70.5 60.0
1.566667 3 287.9 177.3 70.1 59.9
1.600000 3 287.7 176.6 69.8 59.7
1.633333 3 287.6 175.9 69.4 59.6
1.666667 3 287.4 175.1 69.1 59.4
1.700000 3 287.3 174.4 68.7 59.3
1.733333 3 287.1 173.7 68.4 59.1
1.766667 3 287.0 173.0 68.0 59.0
1.800000 3 286.9 172.4 67.9 59.2
1.833333 3 286.8 171.9 67.9 59.3
1.866667 3 286.7 171.3 67.8 59.5
1.900000 3 286.6 170.8 67.8 59.7
1.933333 3 286.4 170.2 67.7 59.8
1.966667 3 286.3 169.7 67.7 60.0
2.000000 3 286.2 169.1 67.6 60.2
2.033333 3 286.1 168.6 67.6 60.3
2.066667 3 286.0 168.0 67.5 60.5
2.100000 3 285.9 167.4 67.4 60.7
2.133333 3 285.8 166.9 67.4 60.8
2.166667 3 285.7 166.3 67.3 61.0
2.200000 3 285.6 165.8 67.3 61.2
2.233333 3 285.4 165.2 67.2 61.3
2.266667 3 285.3 164.7 67.2 61.5
2.300000 3 285.2 164.1 67.1 61.7
2.333333 3 285.1 163.6 67.1 61.8
2.366667 3 285.0 163.0 67.0 62.0
2.400000 3 285.3 162.8 66.7 61.9
2.433333 3 285.6 162.5 66.4 61.9
2.466667 3 285.9 162.3 66.1 61.8
2.500000 3 286.2 162.1 65.8 61.8
2.533333 3 286.5 161.8 65.5 61.7
2.566667 3 286.8 161.6 65.2 61.6
2.600000 3 287.1 161.4 64.9 61.6
2.633333 3 287.4 161.1 64.6 61.5
2.666667 3 287.6 160.9 64.4 61.5
2.700000 3 287.9 160.6 64.1 61.4
2.733333 3 288.2 160.4 63.8 61.4
2.766667 3 288.5 160.2 63.5 61.3
2.800000 3 288.8 159.9 63.2 61.2
2.833333 3 289.1 159.7 62.9 61.2
2.866667 3 289.4 159.5 62.6 61.1
2.900000 3 289.7 159.2 62.3 61.1
2.933333 3 290.0 159.0 62.0 61.0
2.966667 3 290.3 159.1 62.1 60.8
3.000000 3 290.6 159.2 62.1 60.5
3.033333 3 290.9 159.4 62.2 60.3
3.066667 3 291.2 159.5 62.2 60.1
3.100000 3 291.5 159.6 62.3 59.8
3.133333 3 291.8 159.7 62.4 59.6
3.166667 3 292.1 159.8 62.4 59.4
3.200000 3 292.4 159.9 62.5 59.1
3.233333 3 292.6 160.1 62.5 58.9
3.266667 3 292.9 160.2 62.6 58.6
3.300000 3 293.2 160.3 62.6 58.4
3.333333 3 293.5 160.4 62.7 58.2
3.366667 3 293.8 160.5 62.8 57.9
3.400000 3 294.1 160.6 62.8 57.7
3.433333 3 294.4 160.8 62.9 57.5
3.466667 3 294.7 160.9 62.9 57.2
3.500000 3 295.0 161.0 63.0 57.0
3.533333 3 295.5 161.0 62.9 57.0
3.566667 3 295.9 161.0 62.9 57.0
3.600000 3 296.4 161.0 62.8 57.0
3.633333 3 296.9 161.0 62.7 57.0
3.666667 3 297.3 161.0 62.7 57.0
3.700000 3 297.8 161.0 62.6 57.0
3.733333 3 298.3 161.0 62.5 57.0
3.766667 3 298.7 161.0 62.5 57.0
3.800000 3 299.2 161.0 62.4 57.0
3.833333 3 299.7 161.0 62.3 57.0
3.866667 3 300.1 161.0 62.3 57.0
3.900000 3 300.6 161.0 62.2 57.0
3.933333 3 301.1 161.0 62.1 57.0
3.966667 3 301.5 161.0 62.1 57.0
4.000000 3 302.0 161.0 62.0 57.0
4.033333 3 302.0 161.0 62.4 57.0
4.066667 3 302.0 161.1 62.8 57.0
4.100000 3 302.0 161.1 63.1 57.0
4.133333 3 302.0 161.2 63.5 57.0
4.166667 3 302.0 161.2 63.9 57.0
4.200000 3 302.0 161.3 64.3 57.0
4.233333 3 302.0 161.3 64.7 57.0
4.266667 3 302.0 161.4 65.0 57.0
4.300000 3 302.0 161.4 65.4 57.0
4.333333 3 302.0 161.5 65.8 57.0
4.366667 3 302.0 161.5 66.2 57.0
4.400000 3 302.0 161.6 66.6 57.0
4.433333 3 302.0 161.6 67.0 57.0
4.466667 3 302.0 161.7 67.3 57.0
4.500000 3 302.0 161.7 67.7 57.0
4.533333 3 302.0 161.8 68.1 57.0
4.566667 3 302.0 161.8 68.5 57.0
4.600000 3 302.0 161.9 68.9 57.0
4.633333 3 302.0 161.9 69.2 57.0
4.666667 3 302.0 162.0 69.6 57.0
4.700000 3 302.0 162.0 70.0 57.0
4.733333 3 299.9 152.8 75.5 72.5
4.766667 3 300.4 153.3 74.8 71.7
4.800000 3 300.7 153.8 74.0 70.9
4.833333 3 301.2 154.3 73.1 70.0
4.866667 3 301.5 154.8 72.4 69.2
4.900000 3 302.0 155.4 71.5 68.3
4.933333 3 302.3 155.9 70.7 67.5
4.966667 3 302.7 156.4 70.0 66.7
5.000000 3 303.2 157.1 68.8 65.5
5.033333 3 303.5 157.5 68.2 64.9
5.066667 3 303.9 158.0 67.3 64.0
5.100000 3 304.2 158.4 66.5 63.2
5.133333 3 304.6 159.0 65.7 62.4
5.166667 3 304.9 159.5 65.0 61.7
5.200000 3 305.6 160.2 63.8 60.6
5.233333 3 306.0 160.8 63.0 59.7
5.266667 3 306.3 161.3 62.3 59.1
5.300000 3 306.7 161.7 61.7 58.4
5.333333 3 307.0 162.0 61.2 58.0
5.366667 3 304.1 156.1 72.3 70.9
5.400000 3 304.5 156.4 71.9 70.4
5.433333 3 304.8 156.8 71.3 69.8
5.466667 3 305.2 157.3 70.7 69.2
5.500000 3 305.5 157.6 70.1 68.6
5.533333 3 305.7 157.9 69.6 68.0
5.566667 3 306.2 158.4 68.9 67.3
5.600000 3 306.4 158.8 68.5 66.9
5.633333 3 306.7 159.2 68.1 66.5
5.666667 3 307.1 159.7 67.2 65.7
5.700000 3 307.6 160.4 66.4 64.8
5.733333 3 307.8 160.7 65.9 64.3
5.766667 3 308.1 161.1 65.2 63.6
5.800000 3 308.4 161.4 64.7 63.0
5.833333 3 308.7 161.8 64.0 62.4
5.866667 3 309.0 162.3 63.3 61.7
5.900000 3 309.1 162.5 63.1 61.5
5.933333 3 309.1 162.6 63.0 61.5
5.966667 3 309.2 162.7 62.9 61.3
6.000000 3 309.3 162.8 62.7 61.1
6.033333 3 309.5 162.9 62.4 60.8
6.066667 3 309.9 163.3 61.8 60.3
6.100000 3 310.0 163.4 61.6 60.1
6.133333 3 310.2 163.4 61.5 60.0
6.166667 3 310.3 163.7 61.3 59.8
6.200000 3 310.5 164.0 61.0 59.5
6.233333 3 310.7 164.1 60.7 59.3
6.266667 3 311.0 164.2 60.5 59.1
6.300000 3 311.2 164.3 60.4 59.0
6.333333 3 311.4 164.4 60.2 58.7
6.366667 3 311.6 164.5 60.1 58.7
6.400000 3 311.7 164.6 60.0 58.5
6.433333 3 311.9 164.7 59.7 58.3
6.466667 3 312.0 164.6 59.7 58.3
6.500000 3 312.3 164.7 59.6 58.2
6.533333 3 312.5 164.7 59.4 58.0
6.566667 3 312.6 164.7 59.3 57.9
6.600000 3 312.7 164.6 59.3 57.9
6.633333 3 312.9 164.6 59.2 57.8
6.666667 3 313.1 164.6 59.0 57.6
6.700000 3 313.3 164.5 58.8 57.4
6.733333 3 313.4 164.4 58.8 57.4
6.766667 3 313.7 164.5 58.4 57.0
6.800000 3 313.8 164.5 58.4 57.0
6.833333 3 314.0 164.3 58.3 56.9
6.866667 3 314.1 164.3 58.2 56.8
6.900000 3 314.4 164.2 58.1 56.7
6.933333 3 314.6 164.2 58.0 56.6
6.966667 3 314.8 164.2 57.9 56.4
7.000000 3 315.1 164.1 57.9 56.4
7.033333 3 315.3 164.0 57.8 56.4
7.066667 3 315.7 164.1 57.7 56.2
7.100000 3 316.0 164.0 57.5 56.0
7.133333 3 315.0 158.8 61.9 68.2
7.166667 3 315.4 155.0 68.9 66.0
7.200000 3 315.8 159.5 71.6 63.0
7.233333 3 316.1 158.8 69.8 65.2
7.266667 3 316.6 154.3 70.0 74.2
7.300000 3 317.2 156.5 72.4 67.5
7.333333 3 317.5 158.0 65.4 65.2
7.366667 3 318.1 163.3 72.3 57.0
7.400000 3 318.6 161.8 67.2 62.2
7.433333 3 319.0 159.5 71.4 63.0
7.466667 3 319.8 160.3 69.0 58.5
7.500000 3 320.3 150.3 79.6 89.2
7.533333 3 320.8 150.6 79.1 88.6
7.566667 3 321.5 150.8 78.9 88.3
7.600000 3 322.3 151.1 78.4 87.8
7.633333 3 322.8 151.3 78.3 87.4
7.666667 3 323.7 151.8 77.7 86.6
7.700000 3 324.2 152.2 77.7 86.4
7.733333 3 325.2 152.7 76.9 85.6
7.766667 3 326.0 153.2 76.7 85.2
7.800000 3 326.5 153.3 76.9 85.2
7.833333 3 327.5 153.8 76.1 84.4
7.866667 3 328.3 154.3 75.8 83.9
7.900000 3 329.0 154.8 75.7 83.6
7.933333 3 329.9 155.3 74.9 82.9
7.966667 3 330.5 155.7 75.0 82.8
8.000000 3 331.4 156.4 74.5 82.3
8.033333 3 332.2 156.9 74.1 81.9
8.066667 3 332.7 157.1 74.4 82.1
8.100000 3 333.6 157.7 73.9 81.6
8.133333 3 334.3 158.0 73.7 81.5
8.166667 3 334.8 158.4 73.8 81.5
8.200000 3 335.6 159.0 73.2 81.0
8.233333 3 336.0 159.2 73.4 81.1
8.266667 3 336.9 159.9 72.8 80.7
8.300000 3 337.2 160.0 73.2 80.9
8.333333 3 337.9 160.6 72.7 80.6
8.366667 3 338.2 161.1 72.8 80.7
8.400000 3 338.4 161.5 72.8 80.7
8.433333 3 338.9 162.2 72.4 80.3
8.466667 3 339.3 162.8 72.2 80.1
8.500000 3 339.4 163.2 72.3 80.2
8.533333 3 339.6 163.8 72.3 80.3
8.566667 3 339.9 164.5 72.1 80.1
8.600000 3 340.0 165.0 71.9 80.0
8.633333 3 340.1 165.7 71.6 79.7
8.666667 3 340.1 166.5 71.4 79.6
8.700000 3 340.3 167.1 71.2 79.4
8.733333 3 340.4 167.8 70.9 79.2
8.766667 3 340.2 168.3 71.0 79.3
8.800000 3 340.3 169.0 70.8 79.2
8.833333 3 340.3 169.6 70.7 79.1
8.866667 3 340.3 170.2 70.6 79.1
8.900000 3 340.5 171.0 70.2 78.8
8.933333 3 340.5 171.7 70.0 78.6
8.966667 3 340.6 172.6 69.7 78.4
9.000000 3 340.6 173.4 69.4 78.3
9.033333 3 340.6 174.3 69.2 78.1
9.066667 3 340.6 175.1 68.9 77.9
9.100000 3 340.5 176.0 68.6 77.8
9.133333 3 340.6 177.0 68.3 77.5
9.166667 3 340.3 177.8 68.1 77.4
9.200000 3 340.1 178.7 68.0 77.5
9.233333 3 340.1 179.6 67.3 77.0
9.266667 3 340.1 180.6 67.0 76.9
9.300000 3 339.3 181.4 66.6 76.7
9.333333 3 338.3 182.4 66.3 76.5
9.366667 3 336.9 183.1 66.3 76.6
9.400000 3 335.8 184.1 65.5 76.0
9.433333 3 334.2 185.1 65.2 75.9
9.466667 3 332.5 185.9 64.8 75.9
9.500000 3 331.0 186.9 64.4 75.6
9.533333 3 329.5 187.7 63.9 75.5
9.566667 3 328.0 188.9 63.2 75.1
9.600000 3 326.2 189.6 63.1 75.1
9.633333 3 324.4 190.5 62.5 74.8
9.666667 3 322.8 191.2 61.9 74.5
9.700000 3 321.0 191.9 61.5 74.7
9.733333 3 319.5 192.7 61.2 74.6
9.766667 3 317.9 193.3 61.1 74.8
9.800000 3 316.8 194.3 60.2 74.4
9.833333 3 315.4 194.7 60.2 74.6
9.866667 3 314.1 195.2 60.1 74.8
9.900000 3 313.1 195.6 59.9 75.0
9.933333 3 312.1 196.0 59.8 75.1
9.966667 3 311.2 196.3 59.7 75.3
10.000000 3 310.2 196.5 59.9 75.6
10.033333 3 309.5 196.9 59.5 75.5
10.066667 3 308.4 197.1 59.3 75.5
10.100000 3 307.4 197.5 58.8 75.3
10.133333 3 305.8 197.4 59.5 76.1
10.166667 3 304.5 197.3 59.5 76.5
10.200000 3 303.5 197.3 59.2 76.4
10.233333 3 302.6 197.4 58.8 76.2
10.266667 3 301.7 197.1 58.6 76.4
10.300000 3 300.8 197.0 58.4 76.4
10.333333 3 299.8 196.6 58.8 76.9
10.366667 3 299.0 196.5 58.8 77.1
10.400000 3 298.2 196.4 58.9 77.4
10.433333 3 297.6 196.4 58.7 77.3
10.466667 3 296.7 196.3 58.9 77.7
10.500000 3 296.0 196.0 59.0 78.0
