0.000000 3 277.4 217.4 124.1 113.3
0.033333 3 278.3 218.7 121.7 111.0
0.066667 3 279.1 220.1 120.0 109.4
0.100000 3 278.0 219.6 122.4 111.7
0.133333 3 279.3 221.0 119.9 109.3
0.166667 3 279.3 222.1 119.6 109.0
0.200000 3 278.8 222.9 119.8 108.9
0.233333 3 279.0 224.3 118.7 108.1
0.266667 3 278.0 224.7 119.0 108.4
0.300000 3 275.1 224.5 121.5 110.9
0.333333 3 277.6 227.9 115.7 105.0
0.366667 3 277.0 226.8 117.4 106.7
0.400000 3 276.0 227.5 118.3 107.7
0.433333 3 278.2 230.2 114.5 104.0
0.466667 3 277.8 229.6 115.8 105.2
0.500000 3 278.3 230.6 115.7 105.3
0.533333 3 279.5 233.8 112.8 102.4
0.566667 3 279.5 234.7 114.4 104.0
0.600000 3 282.2 235.6 112.7 102.4
0.633333 3 286.4 236.6 111.4 101.1
0.666667 3 288.4 237.0 112.1 101.7
0.700000 3 291.2 238.6 110.2 100.0
0.733333 3 292.6 238.9 110.3 100.1
0.766667 3 294.1 238.3 111.9 101.6
0.800000 3 296.3 239.8 107.6 97.4
0.833333 3 295.6 237.8 108.7 98.4
0.866667 3 294.6 234.8 111.8 101.6
0.900000 3 297.2 237.2 106.4 96.3
0.933333 3 296.5 235.5 107.8 97.7
0.966667 3 296.7 234.4 107.8 97.6
1.000000 3 297.9 234.9 105.4 95.3
1.033333 3 297.1 233.9 107.5 97.4
1.066667 3 298.2 233.8 106.1 96.1
1.100000 3 299.4 232.9 104.0 94.1
1.133333 3 298.9 231.1 105.4 95.3
1.166667 3 297.8 229.1 104.4 94.6
1.200000 3 297.5 227.3 103.7 93.8
1.233333 3 295.5 225.9 104.3 94.3
1.266667 3 295.1 225.2 103.2 93.3
1.300000 3 294.0 222.3 103.6 93.9
1.333333 3 292.2 220.4 105.3 95.4
1.366667 3 293.0 221.0 102.2 92.4
1.400000 3 292.1 218.9 102.7 92.9
1.433333 3 291.0 216.2 104.4 94.7
1.466667 3 291.3 216.6 100.8 91.0
1.500000 3 289.7 214.1 102.4 92.7
1.533333 3 288.4 211.6 104.8 95.0
1.566667 3 290.8 213.7 100.1 90.4
1.600000 3 290.8 211.9 101.0 91.3
1.633333 3 291.4 209.3 101.2 91.5
1.666667 3 291.7 209.0 99.6 90.1
1.700000 3 290.9 207.5 101.4 91.7
1.733333 3 292.0 207.3 99.7 90.2
1.766667 3 293.9 207.2 98.4 88.9
1.800000 3 294.6 205.6 100.1 90.5
1.833333 3 295.5 204.5 99.5 90.1
1.866667 3 297.3 202.7 98.9 89.5
1.900000 3 298.5 201.3 99.1 89.5
1.933333 3 299.7 201.0 98.6 89.1
1.966667 3 300.2 199.7 98.6 89.1
2.000000 3 299.6 197.4 99.9 90.4
2.033333 3 300.9 197.4 97.2 87.8
2.066667 3 300.5 196.4 97.4 88.0
2.100000 3 300.2 194.6 99.1 89.6
2.133333 3 302.3 194.6 95.7 86.4
2.166667 3 301.9 192.3 96.9 87.6
2.200000 3 302.6 191.6 96.6 87.3
2.233333 3 304.1 191.6 94.6 85.4
2.266667 3 303.6 190.3 95.4 86.2
2.300000 3 304.0 190.2 94.9 85.8
2.333333 3 305.7 191.5 93.3 84.2
2.366667 3 305.6 192.3 93.8 84.7
2.400000 3 305.3 192.1 92.9 83.9
2.433333 3 305.2 192.4 92.0 83.1
2.466667 3 304.7 193.7 92.2 83.3
2.500000 3 305.6 195.9 90.6 81.8
2.533333 3 305.5 197.5 90.3 81.5
2.566667 3 305.2 198.1 91.1 82.2
2.600000 3 305.8 199.2 89.5 80.9
2.633333 3 305.9 199.9 89.3 80.6
2.666667 3 306.0 200.6 89.6 80.9
2.700000 3 306.5 201.3 88.9 80.4
2.733333 3 306.1 202.0 88.8 80.2
2.766667 3 306.1 201.9 88.9 80.3
2.800000 3 307.3 202.2 87.6 79.2
2.833333 3 306.5 202.3 88.0 79.6
2.866667 3 306.1 202.7 87.3 78.9
2.900000 3 306.4 202.2 86.8 78.5
2.933333 3 306.1 202.1 87.3 79.0
2.966667 3 306.1 203.1 86.3 78.0
3.000000 3 305.5 203.2 85.7 77.5
3.033333 3 304.1 202.0 86.6 78.4
3.066667 3 303.6 202.1 85.2 77.1
3.100000 3 303.4 201.5 84.6 76.5
3.133333 3 302.8 200.5 85.3 77.1
3.166667 3 302.2 201.2 84.6 76.5
3.200000 3 302.2 201.9 84.0 75.9
3.233333 3 301.1 201.5 83.9 75.8
3.266667 3 300.9 200.3 83.9 76.0
3.300000 3 300.2 199.7 83.7 75.7
3.333333 3 299.3 200.0 83.5 75.4
3.366667 3 299.4 200.4 82.7 74.8
3.400000 3 299.1 199.8 83.2 75.3
3.433333 3 299.3 200.5 82.4 74.5
3.466667 3 299.2 201.4 82.0 74.2
3.500000 3 298.5 201.1 83.0 75.2
3.533333 3 298.9 202.2 81.7 74.0
3.566667 3 299.3 202.4 81.6 74.0
3.600000 3 298.8 202.6 82.3 74.7
3.633333 3 299.1 204.3 81.0 73.4
3.666667 3 298.9 205.1 80.8 73.1
3.700000 3 298.7 205.8 81.0 73.3
3.733333 3 298.6 208.0 80.9 73.3
3.766667 3 298.8 210.2 80.5 72.9
3.800000 3 298.8 211.8 80.1 72.5
3.833333 3 298.8 212.1 79.9 72.4
3.866667 3 298.8 212.3 80.0 72.4
3.900000 3 299.0 212.8 79.4 71.8
3.933333 3 299.3 213.5 79.0 71.6
3.966667 3 299.1 213.9 79.3 71.8
4.000000 3 299.1 214.1 79.1 71.7
4.033333 3 298.9 214.0 78.8 71.5
4.066667 3 298.3 213.0 79.5 72.2
4.100000 3 298.0 212.8 78.5 71.2
4.133333 3 297.9 212.1 78.4 71.1
4.166667 3 297.7 211.2 78.8 71.5
4.200000 3 297.9 211.1 77.8 70.6
4.233333 3 297.5 210.6 77.5 70.4
4.266667 3 297.0 209.8 77.5 70.3
4.300000 3 296.3 208.6 77.5 70.4
4.333333 3 295.4 207.1 77.5 70.4
4.366667 3 295.0 206.0 77.3 70.1
4.400000 3 294.6 205.1 77.2 70.2
4.433333 3 294.5 204.3 77.5 70.4
4.466667 3 294.5 203.0 77.2 70.1
4.500000 3 294.5 201.9 76.9 69.9
4.533333 3 294.1 200.8 77.2 70.2
4.566667 3 294.5 199.7 76.8 69.8
4.600000 3 294.7 198.6 76.6 69.6
4.633333 3 294.7 196.9 77.6 70.7
4.666667 3 295.6 196.0 76.5 69.5
4.700000 3 296.2 194.8 76.5 69.5
4.733333 3 297.5 193.8 76.6 69.7
4.766667 3 299.5 193.5 76.1 69.2
4.800000 3 300.2 192.9 76.1 69.2
4.833333 3 300.9 191.3 76.7 69.7
4.866667 3 302.7 190.3 76.6 69.7
4.900000 3 304.0 190.1 76.9 69.9
4.933333 3 304.9 189.2 76.9 69.9
4.966667 3 306.4 188.3 76.6 69.6
5.000000 3 307.0 187.7 77.2 70.1
5.033333 3 307.4 187.5 77.3 70.3
5.066667 3 307.5 187.5 77.3 70.3
5.100000 3 307.1 187.0 78.1 71.0
5.133333 3 306.9 187.1 77.5 70.4
5.166667 3 306.8 187.2 77.5 70.3
5.200000 3 306.5 187.1 78.2 71.0
5.233333 3 306.2 188.2 77.6 70.4
5.266667 3 306.2 189.0 77.7 70.5
5.300000 3 306.2 189.8 78.1 70.8
5.333333 3 306.1 191.2 78.1 70.9
5.366667 3 305.7 192.6 78.3 71.0
5.400000 3 305.0 193.1 78.6 71.3
5.433333 3 304.3 192.8 78.6 71.3
5.466667 3 303.8 192.6 78.8 71.5
5.500000 3 303.5 193.2 78.8 71.3
5.533333 3 303.4 193.7 78.9 71.6
5.566667 3 303.2 193.6 79.4 71.9
5.600000 3 303.3 193.3 79.5 72.0
5.633333 3 303.1 193.3 79.4 72.0
5.666667 3 302.3 192.3 80.4 72.9
5.700000 3 302.5 191.8 79.9 72.3
5.733333 3 301.9 191.4 80.0 72.4
5.766667 3 301.2 190.8 80.7 73.0
5.800000 3 300.5 190.3 80.6 72.9
5.833333 3 299.6 190.4 80.3 72.6
5.866667 3 298.5 189.8 80.6 72.8
5.900000 3 297.4 189.5 80.8 73.1
5.933333 3 296.7 189.2 80.9 73.1
5.966667 3 295.5 188.7 80.9 73.0
6.000000 3 294.4 188.1 80.9 73.2
6.033333 3 293.0 187.0 81.3 73.4
6.066667 3 292.3 186.0 81.2 73.2
6.100000 3 291.4 185.4 81.3 73.6
6.133333 3 290.3 184.7 81.6 73.7
6.166667 3 289.3 184.5 81.5 73.6
6.200000 3 288.3 183.8 81.0 73.2
6.233333 3 287.3 182.1 82.1 74.2
6.266667 3 286.7 181.8 81.4 73.4
6.300000 3 286.2 181.7 81.2 73.2
6.333333 3 284.9 180.7 81.8 73.8
6.366667 3 284.2 180.4 81.8 74.0
6.400000 3 283.0 181.0 82.0 74.0
6.433333 3 274.0 169.5 108.3 94.2
6.466667 3 273.4 171.1 108.2 94.2
6.500000 3 272.6 172.1 108.2 94.0
6.533333 3 272.6 172.9 108.1 93.9
6.566667 3 272.4 174.3 107.8 93.7
6.600000 3 272.4 175.1 108.0 93.8
6.633333 3 272.5 175.5 108.6 94.4
6.666667 3 274.3 177.1 108.1 93.9
6.700000 3 275.8 179.0 108.5 94.3
6.733333 3 278.1 180.5 108.0 93.8
6.766667 3 281.2 182.0 107.6 93.5
6.800000 3 283.5 182.8 108.0 93.9
6.833333 3 286.4 183.9 107.2 93.1
6.866667 3 289.4 184.3 107.0 92.9
6.900000 3 292.4 184.6 107.7 93.5
6.933333 3 293.1 185.6 107.2 93.1
6.966667 3 294.7 185.5 107.4 93.3
7.000000 3 297.2 185.9 107.3 93.1
7.033333 3 299.6 185.9 106.8 92.7
7.066667 3 301.2 184.9 107.1 93.0
7.100000 3 302.4 184.1 107.1 92.9
7.133333 3 303.5 183.6 106.9 92.8
7.166667 3 304.8 183.3 107.4 93.2
7.200000 3 305.9 183.6 107.2 93.0
7.233333 3 307.6 184.1 106.8 92.7
7.266667 3 308.5 183.7 107.6 93.4
7.300000 3 310.3 183.6 106.9 92.7
7.333333 3 311.6 182.9 106.8 92.6
7.366667 3 312.2 182.3 107.1 92.8
7.400000 3 313.9 182.3 107.0 92.7
7.433333 3 314.8 182.6 107.4 93.0
7.466667 3 315.3 183.4 107.5 93.1
7.500000 3 316.3 183.5 107.4 93.0
7.533333 3 316.7 182.5 107.5 93.1
7.566667 3 316.8 181.9 107.8 93.3
7.600000 3 316.9 181.6 107.8 93.4
7.633333 3 317.4 181.4 107.7 93.3
7.666667 3 317.4 180.3 108.6 94.0
7.700000 3 317.7 180.4 108.4 93.9
7.733333 3 317.2 180.8 109.0 94.3
7.766667 3 317.4 181.7 109.3 94.5
7.800000 3 317.4 182.2 109.1 94.4
7.833333 3 316.9 182.8 109.6 94.8
7.866667 3 317.0 183.4 109.6 94.8
7.900000 3 316.6 184.2 110.0 95.1
7.933333 3 316.2 186.1 110.6 95.5
7.966667 3 316.2 188.4 110.4 95.3
8.000000 3 315.8 190.2 110.6 95.5
8.033333 3 315.4 191.4 111.0 95.8
8.066667 3 314.8 191.4 111.3 96.0
8.100000 3 313.9 190.2 112.0 96.6
8.133333 3 312.7 189.7 112.4 96.9
8.166667 3 312.3 189.2 112.1 96.6
8.200000 3 310.9 187.4 112.8 97.2
8.233333 3 309.7 186.1 113.0 97.3
8.266667 3 308.4 184.6 113.1 97.4
8.300000 3 306.9 182.2 114.1 98.4
8.333333 3 305.6 179.7 113.8 98.0
8.366667 3 304.1 176.7 114.1 98.2
8.400000 3 302.0 174.0 114.8 98.8
8.433333 3 301.1 171.2 114.8 98.8
8.466667 3 299.2 167.9 115.5 99.3
8.500000 3 296.9 165.3 116.2 99.9
8.533333 3 296.4 163.6 115.7 99.5
8.566667 3 294.0 161.2 116.4 100.0
8.600000 3 292.1 157.4 116.9 100.4
8.633333 3 290.7 153.7 116.9 100.4
8.666667 3 288.2 150.5 117.5 101.0
8.700000 3 286.5 147.2 119.0 102.3
8.733333 3 284.0 144.7 118.2 101.5
8.766667 3 282.7 141.6 118.9 102.2
8.800000 3 280.8 138.9 118.7 102.0
8.833333 3 278.9 135.7 118.6 101.8
8.866667 3 276.9 132.3 119.7 102.8
8.900000 3 275.5 129.3 119.3 102.3
8.933333 3 273.4 125.4 119.5 102.5
8.966667 3 271.5 121.8 120.2 103.0
9.000000 3 270.5 120.5 120.4 103.1
9.033333 3 268.8 122.3 120.8 103.4
9.066667 3 267.4 120.9 120.7 103.4
9.100000 3 266.3 117.1 120.9 103.5
9.133333 3 264.9 114.0 121.5 103.9
9.166667 3 264.4 113.5 121.9 104.1
9.200000 3 263.3 113.4 121.9 104.2
9.233333 3 262.3 112.6 122.2 104.5
9.266667 3 261.6 113.0 121.7 103.9
9.300000 3 260.7 113.5 122.4 104.5
9.333333 3 259.8 115.2 123.1 105.2
9.366667 3 259.7 117.7 122.2 104.3
9.400000 3 259.6 118.9 122.0 104.0
9.433333 3 258.8 118.5 123.0 104.9
9.466667 3 258.7 118.9 122.6 104.5
9.500000 3 258.6 119.4 122.6 104.5
9.533333 3 257.8 120.3 123.8 105.6
9.566667 3 258.1 122.1 123.3 105.3
9.600000 3 258.1 123.0 123.8 105.7
9.633333 3 258.1 124.2 124.0 105.9
9.666667 3 258.6 125.4 123.6 105.5
9.700000 3 258.6 126.0 124.4 106.3
9.733333 3 259.1 126.7 125.4 107.3
9.766667 3 260.7 128.7 124.3 106.1
9.800000 3 261.4 128.5 125.8 107.6
9.833333 3 262.1 129.9 126.7 108.5
9.866667 3 264.3 132.6 125.7 107.4
9.900000 3 265.2 134.8 126.3 108.0
9.933333 3 267.6 137.8 124.3 106.1
9.966667 3 269.4 140.5 123.9 105.9
10.000000 3 270.7 142.3 124.9 106.5
10.033333 3 272.5 145.0 123.9 105.6
10.066667 3 274.2 147.6 123.1 104.9
10.100000 3 275.0 149.3 124.3 106.3
10.133333 3 276.3 153.6 123.1 105.1
10.166667 3 277.9 155.5 123.0 105.1
10.200000 3 278.8 156.8 123.1 105.1
10.233333 3 280.2 158.4 122.7 104.9
10.266667 3 281.3 161.1 122.5 104.6
10.300000 3 283.0 163.0 122.0 104.0
