0.033333 3 249.9 157.3 190.0 114.2
0.066667 3 250.3 157.2 190.2 114.5
0.100000 3 250.6 156.8 190.7 114.8
0.133333 3 251.0 156.4 190.7 114.9
0.166667 3 251.3 155.9 190.8 115.1
0.200000 3 251.5 155.7 191.0 115.1
0.233333 3 251.7 155.4 191.2 115.3
0.266667 3 252.4 155.2 191.0 115.3
0.300000 3 252.5 154.5 191.6 115.9
0.333333 3 252.9 154.5 191.4 115.6
0.366667 3 253.3 154.1 191.7 115.9
0.400000 3 253.6 153.3 191.8 116.0
0.433333 3 254.0 152.6 192.0 116.3
0.466667 3 254.1 152.4 192.2 116.4
0.500000 3 254.5 152.4 192.1 116.4
0.533333 3 254.3 151.9 192.4 116.5
0.566667 3 254.2 151.7 192.5 116.8
0.600000 3 254.3 151.7 192.6 116.6
0.633333 3 254.5 151.4 192.7 116.8
0.666667 3 254.5 151.3 192.8 116.9
0.700000 3 254.6 151.2 192.9 117.0
0.733333 3 254.6 151.3 193.0 117.0
0.766667 3 254.4 151.2 193.1 117.1
0.800000 3 254.3 150.9 193.3 117.3
0.833333 3 253.9 151.1 193.4 117.3
0.866667 3 253.9 151.4 193.5 117.4
0.900000 3 253.6 151.6 193.4 117.3
0.933333 3 253.0 152.1 193.7 117.4
0.966667 3 252.8 152.4 193.8 117.5
1.000000 3 252.3 153.1 193.6 117.3
1.033333 3 251.9 154.0 193.7 117.3
1.066667 3 251.5 155.2 193.5 117.0
1.100000 3 251.0 155.6 193.7 117.1
1.133333 3 250.5 156.3 193.7 117.0
1.166667 3 250.0 156.8 193.8 117.2
1.200000 3 249.5 156.9 194.2 117.2
1.233333 3 249.0 157.1 193.9 116.9
1.266667 3 248.4 156.9 194.0 117.2
1.300000 3 248.1 156.4 194.3 117.3
1.333333 3 248.0 156.1 194.3 117.3
1.366667 3 247.8 155.5 194.5 117.5
1.400000 3 247.9 153.8 194.5 117.4
1.433333 3 248.1 152.7 194.7 117.5
1.466667 3 248.5 151.8 194.8 117.6
1.500000 3 249.1 150.4 194.9 117.5
1.533333 3 250.2 149.8 195.0 117.7
1.566667 3 252.0 148.9 195.1 117.6
1.600000 3 254.2 147.4 195.2 117.6
1.633333 3 257.1 146.1 195.4 117.7
1.666667 3 261.8 145.6 195.4 117.6
1.700000 3 266.9 144.6 195.5 117.6
1.733333 3 271.6 143.0 195.5 117.5
1.766667 3 276.0 142.1 195.4 117.4
1.800000 3 280.1 141.1 195.6 117.5
1.833333 3 283.3 139.9 195.4 117.5
1.866667 3 286.1 139.2 195.4 117.5
1.900000 3 288.4 138.7 195.3 117.3
1.933333 3 290.0 138.3 195.3 117.3
1.966667 3 291.3 138.1 195.1 117.2
2.000000 3 292.5 138.3 194.6 116.8
2.033333 3 293.1 138.3 194.6 116.7
2.066667 3 293.9 138.4 194.4 116.3
2.100000 3 294.5 138.3 194.5 116.3
2.133333 3 295.2 138.5 194.2 116.0
2.166667 3 295.8 138.8 194.1 116.2
2.200000 3 296.2 139.4 193.9 116.1
2.233333 3 296.6 140.2 193.8 115.9
2.266667 3 296.7 140.9 193.9 115.9
2.300000 3 296.9 141.8 193.7 115.7
2.333333 3 297.0 142.3 193.8 115.7
2.366667 3 296.9 143.1 193.8 115.8
2.400000 3 297.1 143.9 193.6 115.6
2.433333 3 297.0 144.1 193.8 115.8
2.466667 3 297.1 144.6 193.8 115.8
2.500000 3 296.9 145.0 193.9 115.9
2.533333 3 296.8 145.4 193.7 115.8
2.566667 3 296.4 145.4 193.8 115.8
2.600000 3 296.0 145.9 193.9 115.9
2.633333 3 296.0 146.6 193.5 115.5
2.666667 3 295.5 146.4 193.8 115.7
2.700000 3 294.9 146.7 193.9 115.8
2.733333 3 294.4 146.7 194.0 115.8
2.766667 3 294.1 146.9 194.1 115.9
2.800000 3 293.8 147.0 193.9 115.6
2.833333 3 293.5 146.6 194.1 116.0
2.866667 3 293.2 146.9 193.8 115.6
2.900000 3 293.1 146.4 194.0 115.7
2.933333 3 292.6 146.1 194.0 115.6
2.966667 3 292.2 145.8 194.0 115.6
3.000000 3 291.9 145.3 194.2 115.8
3.033333 3 291.5 145.3 194.1 115.6
3.066667 3 291.1 144.7 194.1 115.4
3.100000 3 290.9 143.6 194.2 115.6
3.133333 3 290.7 143.3 194.1 115.2
3.166667 3 290.6 142.5 194.1 115.2
3.200000 3 290.1 142.1 193.8 114.8
3.233333 3 290.0 141.3 193.8 114.9
3.266667 3 289.8 140.6 193.5 114.5
3.300000 3 289.3 139.9 193.7 114.2
3.333333 3 288.9 139.6 193.7 114.3
3.366667 3 288.3 139.8 193.5 113.9
3.400000 3 287.7 139.1 193.8 114.1
3.433333 3 287.3 139.3 193.2 113.4
3.466667 3 286.6 139.4 193.0 113.0
3.500000 3 285.7 139.4 193.0 113.0
3.533333 3 284.8 139.3 192.8 112.5
3.566667 3 283.9 139.1 192.9 112.5
3.600000 3 282.8 139.3 192.4 111.9
3.633333 3 281.2 138.4 192.9 112.2
3.666667 3 280.3 138.6 192.4 112.0
3.700000 3 279.8 138.6 192.4 112.1
3.733333 3 277.3 138.0 192.5 111.8
3.766667 3 276.0 138.6 192.0 111.4
3.800000 3 274.8 118.6 198.6 139.4
3.833333 3 272.6 118.6 198.6 139.2
3.866667 3 270.8 118.5 199.1 139.5
3.900000 3 270.4 119.4 198.6 139.0
3.933333 3 268.6 120.2 198.4 138.7
3.966667 3 267.4 120.7 198.4 138.6
4.000000 3 266.7 120.9 198.7 138.8
4.033333 3 265.6 122.0 198.2 138.2
4.066667 3 265.3 122.3 198.1 138.2
4.100000 3 264.5 122.9 197.9 137.7
4.133333 3 263.3 124.4 197.8 137.4
4.166667 3 262.9 124.6 197.9 137.4
4.200000 3 262.0 125.4 197.9 137.4
4.233333 3 260.9 127.2 197.6 136.9
4.266667 3 260.7 127.8 197.6 136.9
4.300000 3 259.8 128.8 197.8 137.1
4.333333 3 259.2 130.5 197.6 136.8
4.366667 3 258.8 132.2 197.5 136.7
4.400000 3 258.1 133.8 197.8 136.9
4.433333 3 257.5 135.6 197.5 136.6
4.466667 3 256.6 136.8 198.0 137.1
4.500000 3 256.0 139.1 197.6 136.9
4.533333 3 255.2 140.3 197.8 137.1
4.566667 3 254.5 142.0 197.7 136.9
4.600000 3 254.0 144.0 197.6 136.8
4.633333 3 253.1 145.6 198.0 137.3
4.666667 3 252.7 147.6 197.9 137.2
4.700000 3 252.1 148.9 198.2 137.6
4.733333 3 252.1 150.7 198.0 137.3
4.766667 3 251.8 152.2 198.2 137.6
4.800000 3 251.5 154.0 197.9 137.3
4.833333 3 251.4 156.2 197.9 137.3
4.866667 3 251.2 157.8 198.3 137.7
4.900000 3 251.4 159.6 198.0 137.5
4.933333 3 251.2 160.9 198.5 138.0
4.966667 3 251.5 162.8 198.1 137.5
5.000000 3 251.4 164.1 197.9 137.4
5.033333 3 251.5 165.5 197.7 137.1
5.066667 3 251.6 166.4 197.5 136.9
5.100000 3 251.8 166.9 197.7 137.0
5.133333 3 252.0 167.7 197.3 136.6
5.166667 3 251.9 168.5 197.5 136.8
5.200000 3 252.1 169.4 197.0 136.2
5.233333 3 252.1 169.5 197.0 136.2
5.266667 3 252.1 170.0 196.6 135.9
5.300000 3 251.9 170.2 196.5 135.8
5.333333 3 251.6 170.2 196.5 135.9
5.366667 3 251.4 170.3 196.2 135.6
5.400000 3 250.6 169.9 196.5 135.9
5.433333 3 250.5 169.5 195.9 135.3
5.466667 3 250.1 168.8 195.8 135.2
5.500000 3 249.7 168.2 195.5 134.9
5.533333 3 249.5 167.1 195.3 134.6
5.566667 3 249.0 165.6 195.4 134.8
5.600000 3 248.9 164.2 195.0 134.4
5.633333 3 248.4 162.2 195.3 134.8
5.666667 3 248.6 161.0 194.7 134.0
5.700000 3 248.6 159.6 194.5 133.9
5.733333 3 248.7 158.1 194.2 133.5
5.766667 3 248.9 156.6 194.0 133.4
5.800000 3 249.0 155.2 194.0 133.4
5.833333 3 249.6 153.9 193.4 132.9
5.866667 3 249.7 152.2 193.7 133.3
5.900000 3 250.5 151.8 192.9 132.4
5.933333 3 251.1 151.0 192.6 132.2
5.966667 3 251.9 151.0 192.3 131.8
6.000000 3 253.0 150.6 192.0 131.5
6.033333 3 254.2 150.3 192.0 131.5
6.066667 3 255.4 151.5 191.4 131.0
6.100000 3 256.5 151.5 191.3 131.0
6.133333 3 258.0 152.6 190.7 130.3
6.166667 3 259.1 153.1 190.3 130.1
6.200000 3 260.2 154.0 189.9 129.7
6.233333 3 261.6 154.8 189.6 129.4
6.266667 3 262.5 155.4 189.5 129.3
6.300000 3 263.5 156.3 188.8 128.8
6.333333 3 264.3 157.0 188.7 128.7
6.366667 3 265.1 158.0 188.1 128.2
6.400000 3 265.3 159.3 187.9 128.0
6.433333 3 265.5 160.3 187.3 127.6
6.466667 3 265.3 161.1 186.9 127.1
6.500000 3 264.6 161.5 186.9 127.2
6.533333 3 264.0 163.0 186.0 126.0
6.566667 3 245.7 128.3 226.5 174.7
6.600000 3 244.3 128.3 226.3 174.6
6.633333 3 242.8 128.4 226.0 174.3
6.666667 3 241.4 128.4 225.8 174.4
6.700000 3 239.8 129.2 225.2 173.6
6.733333 3 238.2 129.1 224.8 173.4
6.766667 3 236.5 129.8 223.6 172.4
6.800000 3 234.2 129.5 223.7 172.3
6.833333 3 232.3 129.1 223.5 172.3
6.866667 3 230.1 129.3 223.2 172.0
6.900000 3 228.6 128.9 222.9 171.8
6.933333 3 227.1 129.4 221.9 170.7
6.966667 3 225.5 129.4 221.5 170.4
7.000000 3 224.5 129.6 220.6 169.6
7.033333 3 223.0 129.1 220.7 169.7
7.066667 3 222.2 129.3 220.2 169.2
7.100000 3 221.6 129.2 219.5 168.4
7.133333 3 221.0 128.4 219.6 168.6
7.166667 3 221.0 129.0 218.2 167.2
7.200000 3 221.0 128.8 217.9 166.9
7.233333 3 221.4 129.7 216.8 166.0
7.266667 3 221.3 130.3 216.4 165.7
7.300000 3 221.5 130.8 216.1 165.5
7.333333 3 221.6 131.2 215.7 165.0
7.366667 3 222.2 131.8 215.2 164.5
7.400000 3 222.7 133.3 214.1 163.5
7.433333 3 223.4 133.3 213.7 163.2
7.466667 3 224.3 134.0 212.8 162.4
7.500000 3 224.7 134.7 212.5 162.1
7.533333 3 225.3 134.8 212.0 161.8
7.566667 3 225.8 135.7 211.5 161.2
7.600000 3 226.3 136.6 210.9 160.7
7.633333 3 227.0 137.7 209.8 159.6
7.666667 3 227.3 138.2 209.5 159.4
7.700000 3 228.1 138.8 208.6 158.6
7.733333 3 228.3 139.4 208.1 158.2
7.766667 3 228.6 140.3 207.8 158.0
7.800000 3 228.9 141.7 206.9 157.0
7.833333 3 229.0 142.8 206.3 156.7
7.866667 3 229.0 144.1 205.4 155.7
7.900000 3 229.1 144.7 204.9 155.3
7.933333 3 229.3 145.7 203.8 154.3
7.966667 3 229.0 146.5 203.3 153.8
8.000000 3 228.5 146.9 203.1 153.7
8.033333 3 228.4 147.5 202.5 153.0
8.066667 3 228.3 148.8 201.6 152.2
8.100000 3 227.8 149.6 200.9 151.7
8.133333 3 227.1 150.4 200.7 151.4
8.166667 3 226.7 151.6 199.7 150.4
8.200000 3 225.9 152.8 199.3 150.1
8.233333 3 225.6 154.7 198.0 148.9
8.266667 3 224.8 155.6 197.6 148.6
8.300000 3 224.3 157.4 196.6 147.7
8.333333 3 223.4 158.9 195.9 147.0
8.366667 3 222.4 160.5 195.6 146.9
8.400000 3 221.6 162.6 194.6 145.7
8.433333 3 220.6 164.5 194.0 145.4
8.466667 3 219.2 166.7 193.0 144.4
8.500000 3 217.5 168.1 192.5 144.0
8.533333 3 216.1 169.6 191.8 143.5
8.566667 3 215.0 171.1 191.0 142.6
8.600000 3 213.7 172.3 190.7 142.4
8.633333 3 213.2 174.4 189.4 141.1
8.666667 3 212.5 175.7 189.2 141.0
8.700000 3 212.4 177.7 187.6 139.5
8.733333 3 211.9 179.0 187.2 139.1
8.766667 3 211.8 180.5 186.5 138.7
8.800000 3 211.5 181.9 185.8 137.9
8.833333 3 211.2 183.0 185.5 137.7
8.866667 3 211.0 184.4 184.4 136.5
8.900000 3 210.9 185.0 183.8 136.1
8.933333 3 210.7 186.2 182.5 134.8
8.966667 3 209.8 187.2 181.9 134.4
9.000000 3 208.0 187.6 181.6 134.3
9.033333 3 205.3 188.2 180.7 133.3
9.066667 3 202.4 188.2 180.2 132.8
9.100000 3 200.0 188.5 179.3 132.0
9.133333 3 197.7 188.8 178.6 131.4
9.166667 3 195.8 189.1 177.5 130.4
9.200000 3 193.7 189.3 176.9 129.9
9.233333 3 192.1 189.3 176.3 129.5
9.266667 3 191.3 189.9 174.8 128.0
9.300000 3 189.8 189.4 174.7 128.1
9.333333 3 188.1 189.0 173.5 126.8
9.366667 3 187.3 188.3 173.0 126.4
9.400000 3 187.8 188.3 171.8 125.4
9.433333 3 188.6 188.3 170.9 124.5
9.466667 3 189.5 188.3 170.4 124.2
9.500000 3 191.3 188.9 169.1 122.9
9.533333 3 193.2 189.1 168.6 122.6
9.566667 3 195.4 189.9 167.9 121.9
9.600000 3 197.9 190.4 167.1 121.3
9.633333 3 200.8 191.6 166.0 120.4
9.666667 3 203.4 192.0 165.3 119.8
9.700000 3 206.4 192.5 164.5 119.3
9.733333 3 209.7 193.5 163.0 117.8
9.766667 3 212.2 194.0 162.7 117.6
9.800000 3 215.2 194.4 161.7 116.7
9.833333 3 217.8 194.5 161.1 116.3
9.866667 3 220.6 195.0 159.9 115.3
9.900000 3 223.3 194.8 159.2 114.7
9.933333 3 226.1 194.5 158.8 114.4
9.966667 3 229.4 195.1 157.3 113.1
10.000000 3 232.0 194.9 157.1 112.9
10.033333 3 235.0 194.8 156.3 112.2
10.066667 3 237.9 194.5 155.7 111.6
10.100000 3 241.4 194.5 154.5 110.8
10.133333 3 244.6 194.5 153.4 109.7
10.166667 3 247.7 194.5 152.5 109.1
10.200000 3 250.5 195.0 151.5 108.2
10.233333 3 252.5 194.6 151.3 107.9
10.266667 3 254.8 194.1 150.6 107.2
10.300000 3 257.2 194.0 149.8 106.6
10.333333 3 259.8 194.1 148.2 105.5
10.366667 3 262.0 194.1 147.0 104.4
10.400000 3 264.7 194.5 145.1 102.9
10.433333 3 266.6 194.3 144.1 101.9
10.466667 3 269.1 193.0 143.0 100.9
10.500000 3 271.4 192.7 141.5 99.7
10.533333 3 273.5 191.9 140.3 98.7
10.566667 3 275.1 191.2 139.7 98.1
10.600000 3 277.3 190.5 138.7 97.3
10.633333 3 279.4 189.0 138.1 96.7
10.666667 3 283.0 189.5 135.0 94.5
