0.033333 3 600.0 348.0 31.0 27.0
0.066667 3 597.2 348.0 31.0 27.2
0.100000 3 594.4 348.0 31.0 27.5
0.133333 3 591.5 348.0 31.0 27.7
0.166667 3 588.7 348.0 31.0 27.9
0.200000 3 585.9 348.0 31.0 28.1
0.233333 3 583.1 348.0 31.0 28.4
0.266667 3 580.3 348.0 31.0 28.6
0.300000 3 577.5 348.0 31.0 28.8
0.333333 3 574.6 348.0 31.0 29.0
0.366667 3 571.8 348.0 31.0 29.3
0.400000 3 569.0 348.0 31.0 29.5
0.433333 3 566.2 348.0 31.0 29.7
0.466667 3 563.4 348.0 31.0 30.0
0.500000 3 560.5 348.0 31.0 30.2
0.533333 3 557.7 348.0 31.0 30.4
0.566667 3 554.9 348.0 31.0 30.6
0.600000 3 552.1 348.0 31.0 30.9
0.633333 3 549.3 348.0 31.0 31.1
0.666667 3 546.5 348.0 31.0 31.3
0.700000 3 543.6 348.0 31.0 31.5
0.733333 3 540.8 348.0 31.0 31.8
0.766667 3 538.0 348.0 31.0 32.0
0.800000 3 534.9 347.9 31.1 32.0
0.833333 3 531.7 347.8 31.2 32.1
0.866667 3 528.6 347.7 31.3 32.1
0.900000 3 525.5 347.6 31.4 32.2
0.933333 3 522.3 347.5 31.5 32.2
0.966667 3 519.2 347.5 31.5 32.3
1.000000 3 516.0 347.4 31.6 32.3
1.033333 3 512.9 347.3 31.7 32.4
1.066667 3 509.8 347.2 31.8 32.4
1.100000 3 506.6 347.1 31.9 32.5
1.133333 3 503.5 347.0 32.0 32.5
1.166667 3 500.4 346.9 32.1 32.5
1.200000 3 497.2 346.8 32.2 32.6
1.233333 3 494.1 346.7 32.3 32.6
1.266667 3 491.0 346.6 32.4 32.7
1.300000 3 487.8 346.5 32.5 32.7
1.333333 3 484.7 346.5 32.5 32.8
1.366667 3 481.5 346.4 32.6 32.8
1.400000 3 478.4 346.3 32.7 32.9
1.433333 3 475.3 346.2 32.8 32.9
1.466667 3 472.1 346.1 32.9 33.0
1.500000 3 469.0 346.0 33.0 33.0
1.533333 3 465.8 346.0 33.4 32.9
1.566667 3 462.6 346.0 33.9 32.9
1.600000 3 459.4 346.0 34.3 32.8
1.633333 3 456.1 346.0 34.7 32.7
1.666667 3 452.9 346.0 35.1 32.6
1.700000 3 449.7 346.0 35.6 32.6
1.733333 3 446.5 346.0 36.0 32.5
1.766667 3 443.3 346.0 36.4 32.4
1.800000 3 440.1 346.0 36.9 32.4
1.833333 3 436.9 346.0 37.3 32.3
1.866667 3 433.6 346.0 37.7 32.2
1.900000 3 430.4 346.0 38.1 32.1
1.933333 3 427.2 346.0 38.6 32.1
1.966667 3 424.0 346.0 39.0 32.0
2.000000 3 421.1 345.9 38.9 32.1
2.033333 3 418.2 345.9 38.9 32.1
2.066667 3 415.4 345.8 38.8 32.2
2.100000 3 412.5 345.8 38.8 32.2
2.133333 3 409.6 345.7 38.7 32.3
2.166667 3 406.7 345.6 38.6 32.4
2.200000 3 403.8 345.6 38.6 32.4
2.233333 3 400.9 345.5 38.5 32.5
2.266667 3 398.1 345.5 38.5 32.5
2.300000 3 395.2 345.4 38.4 32.6
2.333333 3 392.3 345.4 38.4 32.6
2.366667 3 389.4 345.3 38.3 32.7
2.400000 3 386.5 345.2 38.2 32.8
2.433333 3 383.6 345.2 38.2 32.8
2.466667 3 380.8 345.1 38.1 32.9
2.500000 3 377.9 345.1 38.1 32.9
2.533333 3 375.0 345.0 38.0 33.0
2.566667 3 372.2 345.0 38.1 33.0
2.600000 3 369.3 344.9 38.1 33.0
2.633333 3 366.5 344.9 38.2 33.0
2.666667 3 363.7 344.9 38.3 33.0
2.700000 3 360.9 344.8 38.3 33.0
2.733333 3 358.0 344.8 38.4 33.0
2.766667 3 355.2 344.8 38.5 33.0
2.800000 3 352.4 344.7 38.6 33.0
2.833333 3 349.6 344.7 38.6 33.0
2.866667 3 346.7 344.7 38.7 33.0
2.900000 3 343.9 344.6 38.8 33.0
2.933333 3 341.1 344.6 38.8 33.0
2.966667 3 338.2 344.6 38.9 33.0
3.000000 3 335.4 344.5 39.0 33.0
3.033333 3 332.6 344.5 39.0 33.0
3.066667 3 329.8 344.4 39.1 33.0
3.100000 3 326.9 344.4 39.2 33.0
3.133333 3 324.1 344.4 39.2 33.0
3.166667 3 321.3 344.3 39.3 33.0
3.200000 3 318.4 344.3 39.4 33.0
3.233333 3 315.6 344.3 39.4 33.0
3.266667 3 312.8 344.2 39.5 33.0
3.300000 3 310.0 344.2 39.6 33.0
3.333333 3 307.1 344.2 39.7 33.0
3.366667 3 304.3 344.1 39.7 33.0
3.400000 3 301.5 344.1 39.8 33.0
3.433333 3 298.7 344.1 39.9 33.0
3.466667 3 295.8 344.0 39.9 33.0
3.500000 3 293.0 344.0 40.0 33.0
3.533333 3 290.1 343.9 40.1 32.9
3.566667 3 287.2 343.8 40.1 32.9
3.600000 3 284.3 343.7 40.2 32.8
3.633333 3 281.4 343.6 40.2 32.8
3.666667 3 278.6 343.4 40.3 32.7
3.700000 3 275.7 343.3 40.3 32.7
3.733333 3 272.8 343.2 40.4 32.6
3.766667 3 269.9 343.1 40.4 32.6
3.800000 3 267.0 343.0 40.5 32.5
3.833333 3 264.1 342.9 40.6 32.4
3.866667 3 261.2 342.8 40.6 32.4
3.900000 3 258.3 342.7 40.7 32.3
3.933333 3 255.4 342.6 40.7 32.3
3.966667 3 252.6 342.4 40.8 32.2
4.000000 3 249.7 342.3 40.8 32.2
4.033333 3 246.8 342.2 40.9 32.1
4.066667 3 243.9 342.1 40.9 32.1
4.100000 3 241.0 342.0 41.0 32.0
4.133333 3 238.1 342.1 41.0 31.9
4.166667 3 235.2 342.1 41.1 31.8
4.200000 3 232.4 342.2 41.1 31.7
4.233333 3 229.5 342.3 41.1 31.6
4.266667 3 226.6 342.3 41.2 31.5
4.300000 3 223.7 342.4 41.2 31.4
4.333333 3 220.9 342.4 41.2 31.3
4.366667 3 218.0 342.5 41.3 31.2
4.400000 3 215.1 342.6 41.3 31.2
4.433333 3 212.2 342.6 41.3 31.1
4.466667 3 209.4 342.7 41.3 31.0
4.500000 3 206.5 342.8 41.4 30.9
4.533333 3 203.6 342.8 41.4 30.8
4.566667 3 200.7 342.9 41.4 30.7
4.600000 3 197.9 342.9 41.5 30.6
4.633333 3 195.0 343.0 41.5 30.5
4.666667 3 192.1 343.1 41.5 30.4
4.700000 3 189.2 343.1 41.6 30.3
4.733333 3 186.4 343.2 41.6 30.2
4.766667 3 183.5 343.3 41.6 30.1
4.800000 3 180.6 343.3 41.7 30.0
4.833333 3 177.7 343.4 41.7 29.9
4.866667 3 174.9 343.4 41.7 29.8
4.900000 3 172.0 343.5 41.8 29.7
4.933333 3 169.1 343.6 41.8 29.7
4.966667 3 166.2 343.6 41.8 29.6
5.000000 3 163.4 343.7 41.8 29.5
5.033333 3 160.5 343.8 41.9 29.4
5.066667 3 157.6 343.8 41.9 29.3
5.100000 3 154.7 343.9 41.9 29.2
5.133333 3 151.9 343.9 42.0 29.1
5.166667 3 149.0 344.0 42.0 29.0
5.200000 3 301.0 341.0 42.0 26.0
5.233333 3 298.3 341.0 41.9 26.0
5.266667 3 295.6 341.0 41.7 25.9
5.300000 3 292.8 340.9 41.6 25.9
5.333333 3 290.1 340.9 41.4 25.8
5.366667 3 287.4 340.9 41.3 25.8
5.400000 3 284.7 340.9 41.1 25.7
5.433333 3 281.9 340.8 41.0 25.7
5.466667 3 279.2 340.8 40.8 25.6
5.500000 3 276.5 340.8 40.7 25.6
5.533333 3 273.8 340.8 40.5 25.5
5.566667 3 271.0 340.7 40.4 25.5
5.600000 3 268.3 340.7 40.2 25.4
5.633333 3 265.6 340.7 40.1 25.4
5.666667 3 262.9 340.7 39.9 25.3
5.700000 3 260.1 340.6 39.8 25.3
5.733333 3 257.4 340.6 39.6 25.2
5.766667 3 254.7 340.6 39.5 25.2
5.800000 3 252.0 340.6 39.3 25.1
5.833333 3 249.2 340.5 39.2 25.1
5.866667 3 246.5 340.5 39.0 25.0
5.900000 3 243.8 340.5 38.9 25.0
5.933333 3 241.1 340.5 38.7 24.9
5.966667 3 238.3 340.4 38.6 24.9
6.000000 3 235.6 340.4 38.4 24.8
6.033333 3 232.9 340.4 38.3 24.8
6.066667 3 230.2 340.4 38.1 24.7
6.100000 3 227.4 340.3 38.0 24.7
6.133333 3 224.7 340.3 37.8 24.6
6.166667 3 222.0 340.3 37.7 24.6
6.200000 3 219.3 340.3 37.5 24.5
6.233333 3 216.5 340.2 37.4 24.5
6.266667 3 213.8 340.2 37.2 24.4
6.300000 3 211.1 340.2 37.1 24.4
6.333333 3 208.4 340.2 36.9 24.3
6.366667 3 205.6 340.1 36.8 24.3
6.400000 3 202.9 340.1 36.6 24.2
6.433333 3 200.2 340.1 36.5 24.2
6.466667 3 197.5 340.1 36.3 24.1
6.500000 3 194.7 340.0 36.2 24.1
6.533333 3 192.0 340.0 36.0 24.0
6.566667 3 121.0 335.0 34.0 30.0
6.600000 3 117.9 334.9 34.0 29.9
6.633333 3 114.8 334.8 34.0 29.8
6.666667 3 111.7 334.8 34.0 29.8
6.700000 3 108.6 334.7 34.0 29.7
6.733333 3 105.5 334.6 34.0 29.6
6.766667 3 102.4 334.5 34.0 29.5
6.800000 3 99.2 334.4 34.0 29.4
6.833333 3 96.1 334.4 34.0 29.4
6.866667 3 93.0 334.3 34.0 29.3
6.900000 3 89.9 334.2 34.0 29.2
6.933333 3 86.8 334.1 34.0 29.1
6.966667 3 83.7 334.0 34.0 29.0
7.000000 3 80.6 333.9 34.0 28.9
7.033333 3 77.5 333.9 34.0 28.9
7.066667 3 74.4 333.8 34.0 28.8
7.100000 3 71.3 333.7 34.0 28.7
7.133333 3 68.2 333.6 34.0 28.6
7.166667 3 65.1 333.5 34.0 28.5
7.200000 3 61.9 333.5 34.0 28.5
7.233333 3 58.8 333.4 34.0 28.4
7.266667 3 55.7 333.3 34.0 28.3
7.300000 3 52.6 333.2 34.0 28.2
7.333333 3 49.5 333.1 34.0 28.1
7.366667 3 46.4 333.1 34.0 28.1
7.400000 3 43.3 333.0 34.0 28.0
7.433333 3 40.2 332.9 34.0 27.9
7.466667 3 37.1 332.8 34.0 27.8
7.500000 3 34.0 332.7 34.0 27.7
7.533333 3 30.9 332.6 34.0 27.6
7.566667 3 27.8 332.6 34.0 27.6
7.600000 3 24.6 332.5 34.0 27.5
7.633333 3 21.5 332.4 34.0 27.4
7.666667 3 18.4 332.3 34.0 27.3
7.700000 3 15.3 332.2 34.0 27.2
7.733333 3 12.2 332.2 34.0 27.2
7.766667 3 9.1 332.1 34.0 27.1
7.800000 3 6.0 332.0 34.0 27.0
7.833333 3 197.0 335.0 30.0 23.0
7.866667 3 194.4 335.0 30.7 23.0
7.900000 3 191.8 335.0 31.3 23.0
7.933333 3 189.2 335.0 32.0 23.0
7.966667 3 186.7 335.0 32.7 23.0
8.000000 3 184.1 335.0 33.3 23.0
8.033333 3 181.5 335.0 34.0 23.0
8.066667 3 178.9 335.0 34.7 23.0
8.100000 3 176.3 335.0 35.3 23.0
8.133333 3 173.7 335.0 36.0 23.0
8.166667 3 171.2 335.0 36.7 23.0
8.200000 3 168.6 335.0 37.3 23.0
8.233333 3 166.0 335.0 38.0 23.0
8.266667 3 163.4 334.9 37.5 22.9
8.300000 3 160.7 334.8 36.9 22.9
8.333333 3 158.1 334.7 36.4 22.8
8.366667 3 155.5 334.6 35.9 22.8
8.400000 3 152.8 334.5 35.4 22.7
8.433333 3 150.2 334.4 34.8 22.7
8.466667 3 147.6 334.3 34.3 22.6
8.500000 3 144.9 334.2 33.8 22.6
8.533333 3 142.3 334.1 33.3 22.5
8.566667 3 139.7 333.9 32.7 22.5
8.600000 3 137.1 333.8 32.2 22.4
8.633333 3 134.4 333.7 31.7 22.4
8.666667 3 131.8 333.6 31.2 22.3
8.700000 3 129.2 333.5 30.6 22.3
8.733333 3 126.5 333.4 30.1 22.2
8.766667 3 123.9 333.3 29.6 22.2
8.800000 3 121.3 333.2 29.1 22.1
8.833333 3 118.6 333.1 28.5 22.1
8.866667 3 116.0 333.0 28.0 22.0
8.900000 3 113.4 332.9 28.0 22.0
8.933333 3 110.7 332.9 28.1 22.0
8.966667 3 108.1 332.8 28.1 22.0
9.000000 3 105.5 332.7 28.1 22.0
9.033333 3 102.9 332.7 28.2 22.0
9.066667 3 100.2 332.6 28.2 22.0
9.100000 3 97.6 332.6 28.2 22.0
9.133333 3 95.0 332.5 28.3 22.0
9.166667 3 92.4 332.4 28.3 22.0
9.200000 3 89.7 332.4 28.3 22.0
9.233333 3 87.1 332.3 28.3 22.0
9.266667 3 84.5 332.2 28.4 22.0
9.300000 3 81.9 332.2 28.4 22.0
9.333333 3 79.2 332.1 28.4 22.0
9.366667 3 76.6 332.1 28.5 22.0
9.400000 3 74.0 332.0 28.5 22.0
9.433333 3 71.4 331.9 28.5 22.0
9.466667 3 68.7 331.9 28.6 22.0
9.500000 3 66.1 331.8 28.6 22.0
9.533333 3 63.5 331.7 28.6 22.0
9.566667 3 60.9 331.7 28.7 22.0
9.600000 3 58.2 331.6 28.7 22.0
9.633333 3 55.6 331.6 28.7 22.0
9.666667 3 53.0 331.5 28.8 22.0
9.700000 3 50.4 331.4 28.8 22.0
9.733333 3 47.7 331.4 28.8 22.0
9.766667 3 45.1 331.3 28.8 22.0
9.800000 3 42.5 331.2 28.9 22.0
9.833333 3 39.9 331.2 28.9 22.0
9.866667 3 37.2 331.1 28.9 22.0
9.900000 3 34.6 331.1 29.0 22.0
9.933333 3 32.0 331.0 29.0 22.0
9.966667 3 29.2 331.1 28.6 21.8
10.000000 3 26.4 331.2 28.1 21.6
10.033333 3 23.7 331.3 27.7 21.3
10.066667 3 20.9 331.4 27.2 21.1
10.100000 3 18.1 331.6 26.8 20.9
10.133333 3 15.3 331.7 26.3 20.7
10.166667 3 12.6 331.8 25.9 20.4
10.200000 3 9.8 331.9 25.4 20.2
10.233333 3 7.0 332.0 25.0 20.0
