0.000000 3 379.0 325.0 38.0 37.0
0.033333 3 379.2 325.0 38.0 37.0
0.066667 3 379.3 325.0 38.0 36.9
0.100000 3 379.5 325.0 38.1 36.9
0.133333 3 379.6 325.0 38.1 36.9
0.166667 3 379.8 325.0 38.1 36.8
0.200000 3 379.9 325.0 38.1 36.8
0.233333 3 380.1 325.0 38.1 36.8
0.266667 3 380.2 325.0 38.1 36.7
0.300000 3 380.4 325.0 38.2 36.7
0.333333 3 380.5 325.0 38.2 36.7
0.366667 3 380.7 325.0 38.2 36.6
0.400000 3 380.8 325.0 38.2 36.6
0.433333 3 381.0 325.0 38.2 36.6
0.466667 3 381.1 325.0 38.2 36.5
0.500000 3 381.3 325.0 38.3 36.5
0.533333 3 381.4 325.0 38.3 36.5
0.566667 3 381.6 325.0 38.3 36.4
0.600000 3 381.7 325.0 38.3 36.4
0.633333 3 381.9 325.0 38.3 36.4
0.666667 3 382.0 325.0 38.3 36.3
0.700000 3 382.2 325.0 38.4 36.3
0.733333 3 382.3 325.0 38.4 36.3
0.766667 3 382.5 325.0 38.4 36.2
0.800000 3 382.6 325.0 38.4 36.2
0.833333 3 382.8 325.0 38.4 36.2
0.866667 3 382.9 325.0 38.4 36.1
0.900000 3 383.1 325.0 38.5 36.1
0.933333 3 383.2 325.0 38.5 36.1
0.966667 3 383.4 325.0 38.5 36.0
1.000000 3 383.5 325.0 38.5 36.0
1.033333 3 383.7 325.0 38.5 36.0
1.066667 3 383.8 325.0 38.5 35.9
1.100000 3 384.0 325.0 38.6 35.9
1.133333 3 384.1 325.0 38.6 35.9
1.166667 3 384.3 325.0 38.6 35.8
1.200000 3 384.4 325.0 38.6 35.8
1.233333 3 384.6 325.0 38.6 35.8
1.266667 3 384.7 325.0 38.6 35.7
1.300000 3 384.9 325.0 38.7 35.7
1.333333 3 385.0 325.0 38.7 35.7
1.366667 3 385.2 325.0 38.7 35.6
1.400000 3 385.3 325.0 38.7 35.6
1.433333 3 385.5 325.0 38.7 35.6
1.466667 3 385.6 325.0 38.7 35.5
1.500000 3 385.8 325.0 38.8 35.5
1.533333 3 385.9 325.0 38.8 35.5
1.566667 3 386.1 325.0 38.8 35.4
1.600000 3 386.2 325.0 38.8 35.4
1.633333 3 386.4 325.0 38.8 35.4
1.666667 3 386.5 325.0 38.8 35.3
1.700000 3 386.7 325.0 38.9 35.3
1.733333 3 386.8 325.0 38.9 35.3
1.766667 3 387.0 325.0 38.9 35.2
1.800000 3 387.1 325.0 38.9 35.2
1.833333 3 387.3 325.0 38.9 35.2
1.866667 3 387.4 325.0 38.9 35.1
1.900000 3 387.6 325.0 39.0 35.1
1.933333 3 387.7 325.0 39.0 35.1
1.966667 3 387.9 325.0 39.0 35.0
2.000000 3 388.0 325.0 39.0 35.0
2.033333 3 388.2 325.0 38.9 35.0
2.066667 3 388.3 325.1 38.8 34.9
2.100000 3 388.5 325.1 38.7 34.9
2.133333 3 388.7 325.2 38.6 34.9
2.166667 3 388.9 325.2 38.5 34.8
2.200000 3 389.0 325.3 38.4 34.8
2.233333 3 389.2 325.3 38.3 34.7
2.266667 3 389.4 325.4 38.2 34.7
2.300000 3 389.6 325.4 38.1 34.7
2.333333 3 389.7 325.5 38.0 34.6
2.366667 3 389.9 325.5 37.9 34.6
2.400000 3 390.1 325.6 37.8 34.6
2.433333 3 390.2 325.6 37.7 34.5
2.466667 3 390.4 325.7 37.6 34.5
2.500000 3 390.6 325.7 37.5 34.4
2.533333 3 390.8 325.8 37.4 34.4
2.566667 3 390.9 325.8 37.3 34.4
2.600000 3 391.1 325.9 37.2 34.3
2.633333 3 391.3 325.9 37.1 34.3
2.666667 3 391.5 326.0 37.0 34.3
2.700000 3 391.6 326.0 36.9 34.2
2.733333 3 391.8 326.1 36.8 34.2
2.766667 3 392.0 326.1 36.7 34.1
2.800000 3 392.1 326.2 36.6 34.1
2.833333 3 392.3 326.2 36.5 34.1
2.866667 3 392.5 326.3 36.4 34.0
2.900000 3 392.7 326.3 36.3 34.0
2.933333 3 392.8 326.4 36.2 34.0
2.966667 3 393.0 326.4 36.1 33.9
3.000000 3 393.2 326.5 36.0 33.9
3.033333 3 393.4 326.5 35.9 33.9
3.066667 3 393.5 326.6 35.8 33.8
3.100000 3 393.7 326.6 35.7 33.8
3.133333 3 393.9 326.7 35.6 33.7
3.166667 3 394.0 326.7 35.5 33.7
3.200000 3 394.2 326.8 35.4 33.7
3.233333 3 394.4 326.8 35.3 33.6
3.266667 3 394.6 326.9 35.2 33.6
3.300000 3 394.7 326.9 35.1 33.6
3.333333 3 394.9 327.0 35.0 33.5
3.366667 3 395.1 327.0 35.0 33.5
3.400000 3 395.3 327.1 34.9 33.4
3.433333 3 395.4 327.1 34.8 33.4
3.466667 3 395.6 327.2 34.7 33.4
3.500000 3 395.8 327.2 34.6 33.3
3.533333 3 396.0 327.3 34.5 33.3
3.566667 3 396.1 327.3 34.4 33.3
3.600000 3 396.3 327.4 34.3 33.2
3.633333 3 396.5 327.4 34.2 33.2
3.666667 3 396.6 327.5 34.1 33.1
3.700000 3 396.8 327.5 34.0 33.1
3.733333 3 397.0 327.6 33.9 33.1
3.766667 3 397.2 327.6 33.8 33.0
3.800000 3 397.3 327.7 33.7 33.0
3.833333 3 397.5 327.7 33.6 33.0
3.866667 3 397.7 327.8 33.5 32.9
3.900000 3 397.9 327.8 33.4 32.9
3.933333 3 398.0 327.9 33.3 32.9
3.966667 3 398.2 327.9 33.2 32.8
4.000000 3 398.4 328.0 33.1 32.8
4.033333 3 398.5 328.0 33.0 32.7
4.066667 3 398.7 328.1 32.9 32.7
4.100000 3 398.9 328.1 32.8 32.7
4.133333 3 399.1 328.2 32.7 32.6
4.166667 3 399.2 328.2 32.6 32.6
4.200000 3 399.4 328.3 32.5 32.6
4.233333 3 399.6 328.3 32.4 32.5
4.266667 3 399.8 328.4 32.3 32.5
4.300000 3 399.9 328.4 32.2 32.4
4.333333 3 400.1 328.5 32.1 32.4
4.366667 3 400.3 328.5 32.0 32.4
4.400000 3 400.4 328.6 31.9 32.3
4.433333 3 400.6 328.6 31.8 32.3
4.466667 3 400.8 328.7 31.7 32.3
4.500000 3 401.0 328.7 31.6 32.2
4.533333 3 401.1 328.8 31.5 32.2
4.566667 3 401.3 328.8 31.4 32.1
4.600000 3 401.5 328.9 31.3 32.1
4.633333 3 401.7 328.9 31.2 32.1
4.666667 3 401.8 329.0 31.1 32.0
4.700000 3 402.0 329.0 31.0 32.0
4.733333 3 402.1 329.0 31.0 32.0
4.766667 3 402.1 329.0 31.0 32.0
4.800000 3 402.2 329.0 31.0 32.0
4.833333 3 402.3 329.1 30.9 31.9
4.866667 3 402.4 329.1 30.9 31.9
4.900000 3 402.4 329.1 30.9 31.9
4.933333 3 402.5 329.1 30.9 31.9
4.966667 3 402.6 329.1 30.9 31.9
5.000000 3 402.7 329.1 30.9 31.9
5.033333 3 402.7 329.1 30.9 31.9
5.066667 3 402.8 329.2 30.8 31.8
5.100000 3 402.9 329.2 30.8 31.8
5.133333 3 403.0 329.2 30.8 31.8
5.166667 3 403.0 329.2 30.8 31.8
5.200000 3 403.1 329.2 30.8 31.8
5.233333 3 403.2 329.2 30.8 31.8
5.266667 3 403.3 329.3 30.7 31.7
5.300000 3 403.3 329.3 30.7 31.7
5.333333 3 403.4 329.3 30.7 31.7
5.366667 3 403.5 329.3 30.7 31.7
5.400000 3 403.6 329.3 30.7 31.7
5.433333 3 403.6 329.3 30.7 31.7
5.466667 3 403.7 329.3 30.7 31.7
5.500000 3 403.8 329.4 30.6 31.6
5.533333 3 403.9 329.4 30.6 31.6
5.566667 3 403.9 329.4 30.6 31.6
5.600000 3 404.0 329.4 30.6 31.6
5.633333 3 404.1 329.4 30.6 31.6
5.666667 3 404.2 329.4 30.6 31.6
5.700000 3 404.2 329.4 30.6 31.6
5.733333 3 404.3 329.5 30.5 31.5
5.766667 3 404.4 329.5 30.5 31.5
5.800000 3 404.5 329.5 30.5 31.5
5.833333 3 404.5 329.5 30.5 31.5
5.866667 3 404.6 329.5 30.5 31.5
5.900000 3 404.7 329.5 30.5 31.5
5.933333 3 404.8 329.6 30.4 31.4
5.966667 3 404.8 329.6 30.4 31.4
6.000000 3 404.9 329.6 30.4 31.4
6.033333 3 405.0 329.6 30.4 31.4
6.066667 3 405.1 329.6 30.4 31.4
6.100000 3 405.1 329.6 30.4 31.4
6.133333 3 405.2 329.6 30.4 31.4
6.166667 3 405.3 329.7 30.3 31.3
6.200000 3 405.4 329.7 30.3 31.3
6.233333 3 405.4 329.7 30.3 31.3
6.266667 3 405.5 329.7 30.3 31.3
6.300000 3 405.6 329.7 30.3 31.3
6.333333 3 405.7 329.7 30.3 31.3
6.366667 3 405.7 329.7 30.3 31.3
6.400000 3 405.8 329.8 30.2 31.2
6.433333 3 405.9 329.8 30.2 31.2
6.466667 3 406.0 329.8 30.2 31.2
6.500000 3 406.0 329.8 30.2 31.2
6.533333 3 406.1 329.8 30.2 31.2
6.566667 3 406.2 329.8 30.2 31.2
6.600000 3 406.3 329.9 30.1 31.1
6.633333 3 406.3 329.9 30.1 31.1
6.666667 3 406.4 329.9 30.1 31.1
6.700000 3 406.5 329.9 30.1 31.1
6.733333 3 406.6 329.9 30.1 31.1
6.766667 3 406.6 329.9 30.1 31.1
6.800000 3 406.7 329.9 30.1 31.1
6.833333 3 406.8 330.0 30.0 31.0
6.866667 3 406.9 330.0 30.0 31.0
6.900000 3 406.9 330.0 30.0 31.0
6.933333 3 407.0 330.0 30.0 31.0
6.966667 3 407.1 330.0 30.0 31.0
7.000000 3 407.3 330.0 30.1 31.0
7.033333 3 407.4 330.0 30.1 31.0
7.066667 3 407.6 330.0 30.1 31.0
7.100000 3 407.7 330.0 30.1 31.0
7.133333 3 407.9 329.9 30.2 31.0
7.166667 3 408.0 329.9 30.2 31.0
7.200000 3 408.2 329.9 30.2 31.0
7.233333 3 408.3 329.9 30.3 31.0
7.266667 3 408.5 329.9 30.3 31.0
7.300000 3 408.6 329.9 30.3 31.0
7.333333 3 408.8 329.9 30.4 31.0
7.366667 3 408.9 329.9 30.4 31.0
7.400000 3 409.1 329.9 30.4 31.0
7.433333 3 409.2 329.9 30.4 31.0
7.466667 3 409.4 329.8 30.5 31.0
7.500000 3 409.5 329.8 30.5 31.0
7.533333 3 409.6 329.8 30.5 31.0
7.566667 3 409.8 329.8 30.6 31.0
7.600000 3 409.9 329.8 30.6 31.0
7.633333 3 410.1 329.8 30.6 31.0
7.666667 3 410.2 329.8 30.6 31.0
7.700000 3 410.4 329.8 30.7 31.0
7.733333 3 410.5 329.8 30.7 31.0
7.766667 3 410.7 329.8 30.7 31.0
7.800000 3 410.8 329.7 30.8 31.0
7.833333 3 411.0 329.7 30.8 31.0
7.866667 3 411.1 329.7 30.8 31.0
7.900000 3 411.3 329.7 30.9 31.0
7.933333 3 411.4 329.7 30.9 31.0
7.966667 3 411.6 329.7 30.9 31.0
8.000000 3 411.7 329.7 30.9 31.0
8.033333 3 411.9 329.7 31.0 31.0
8.066667 3 412.0 329.7 31.0 31.0
8.100000 3 412.1 329.7 31.0 31.0
8.133333 3 412.3 329.6 31.1 31.0
8.166667 3 412.4 329.6 31.1 31.0
8.200000 3 412.6 329.6 31.1 31.0
8.233333 3 412.7 329.6 31.1 31.0
8.266667 3 412.9 329.6 31.2 31.0
8.300000 3 413.0 329.6 31.2 31.0
8.333333 3 413.2 329.6 31.2 31.0
8.366667 3 413.3 329.6 31.3 31.0
8.400000 3 413.5 329.6 31.3 31.0
8.433333 3 413.6 329.6 31.3 31.0
8.466667 3 413.8 329.5 31.4 31.0
8.500000 3 413.9 329.5 31.4 31.0
8.533333 3 414.1 329.5 31.4 31.0
8.566667 3 414.2 329.5 31.4 31.0
8.600000 3 414.4 329.5 31.5 31.0
8.633333 3 414.5 329.5 31.5 31.0
8.666667 3 414.6 329.5 31.5 31.0
8.700000 3 414.8 329.5 31.6 31.0
8.733333 3 414.9 329.5 31.6 31.0
8.766667 3 415.1 329.5 31.6 31.0
8.800000 3 415.2 329.5 31.6 31.0
8.833333 3 415.4 329.4 31.7 31.0
8.866667 3 415.5 329.4 31.7 31.0
8.900000 3 415.7 329.4 31.7 31.0
8.933333 3 415.8 329.4 31.8 31.0
8.966667 3 416.0 329.4 31.8 31.0
9.000000 3 416.1 329.4 31.8 31.0
9.033333 3 416.3 329.4 31.9 31.0
9.066667 3 416.4 329.4 31.9 31.0
9.100000 3 416.6 329.4 31.9 31.0
9.133333 3 416.7 329.4 31.9 31.0
9.166667 3 416.9 329.3 32.0 31.0
9.200000 3 417.0 329.3 32.0 31.0
9.233333 3 417.1 329.3 32.0 31.0
9.266667 3 417.3 329.3 32.1 31.0
9.300000 3 417.4 329.3 32.1 31.0
9.333333 3 417.6 329.3 32.1 31.0
9.366667 3 417.7 329.3 32.1 31.0
9.400000 3 417.9 329.3 32.2 31.0
9.433333 3 418.0 329.3 32.2 31.0
9.466667 3 418.2 329.3 32.2 31.0
9.500000 3 418.3 329.2 32.3 31.0
9.533333 3 418.5 329.2 32.3 31.0
9.566667 3 418.6 329.2 32.3 31.0
9.600000 3 418.8 329.2 32.4 31.0
9.633333 3 418.9 329.2 32.4 31.0
9.666667 3 419.1 329.2 32.4 31.0
9.700000 3 419.2 329.2 32.4 31.0
9.733333 3 419.4 329.2 32.5 31.0
9.766667 3 419.5 329.2 32.5 31.0
9.800000 3 419.6 329.2 32.5 31.0
9.833333 3 419.8 329.1 32.6 31.0
9.866667 3 419.9 329.1 32.6 31.0
9.900000 3 420.1 329.1 32.6 31.0
9.933333 3 420.2 329.1 32.6 31.0
9.966667 3 420.4 329.1 32.7 31.0
10.000000 3 420.5 329.1 32.7 31.0
10.033333 3 420.7 329.1 32.7 31.0
10.066667 3 420.8 329.1 32.8 31.0
10.100000 3 421.0 329.1 32.8 31.0
10.133333 3 421.1 329.1 32.8 31.0
10.166667 3 421.3 329.0 32.9 31.0
10.200000 3 421.4 329.0 32.9 31.0
10.233333 3 421.6 329.0 32.9 31.0
10.266667 3 421.7 329.0 32.9 31.0
10.300000 3 421.9 329.0 33.0 31.0
10.333333 3 422.0 329.0 33.0 31.0
