0.000000 3 401.0 350.0 59.0 41.0
0.033333 3 401.6 350.0 59.0 41.1
0.066667 3 402.6 349.8 59.2 41.2
0.100000 3 403.2 350.0 59.0 41.0
0.133333 3 404.2 349.9 59.1 41.2
0.166667 3 404.7 349.9 59.2 41.3
0.200000 3 405.8 349.8 59.3 41.4
0.233333 3 406.4 349.9 59.1 41.2
0.266667 3 407.5 349.9 59.1 41.3
0.300000 3 408.0 349.9 59.2 41.3
0.333333 3 409.1 349.8 59.2 41.4
0.366667 3 409.6 349.8 59.1 41.4
0.400000 3 410.1 349.8 59.4 41.6
0.433333 3 411.1 349.8 59.4 41.7
0.466667 3 411.6 349.8 59.3 41.7
0.500000 3 412.9 349.8 59.4 41.6
0.533333 3 413.5 349.8 59.3 41.6
0.566667 3 414.4 349.8 59.3 41.7
0.600000 3 415.2 349.9 59.2 41.6
0.633333 3 416.2 349.8 59.2 41.6
0.666667 3 416.8 349.8 59.4 41.8
0.700000 3 417.7 349.7 59.5 41.9
0.733333 3 418.4 349.8 59.2 41.7
0.766667 3 419.5 349.7 59.3 41.8
0.800000 3 420.0 349.7 59.3 41.8
0.833333 3 421.1 349.7 59.5 42.0
0.866667 3 421.7 349.7 59.3 41.9
0.900000 3 422.3 349.8 59.2 41.8
0.933333 3 423.4 349.7 59.4 42.0
0.966667 3 423.9 349.7 59.3 42.0
1.000000 3 424.9 349.7 59.3 42.0
1.033333 3 425.6 349.7 59.3 42.0
1.066667 3 426.6 349.6 59.4 42.1
1.100000 3 427.4 349.7 59.0 41.9
1.133333 3 427.9 349.6 59.1 41.9
1.166667 3 429.0 349.4 59.2 42.1
1.200000 3 429.8 349.5 59.0 41.9
1.233333 3 430.9 349.5 59.1 42.1
1.266667 3 431.8 349.4 59.3 42.2
1.300000 3 432.5 349.4 59.1 42.1
1.333333 3 433.5 349.2 59.4 42.4
1.366667 3 434.5 349.2 59.5 42.6
1.400000 3 435.4 349.3 59.0 42.1
1.433333 3 435.9 349.2 59.0 42.1
1.466667 3 437.1 349.3 59.1 42.2
1.500000 3 438.1 349.2 59.2 42.3
1.533333 3 439.3 349.2 59.2 42.4
1.566667 3 440.5 349.1 59.3 42.6
1.600000 3 441.0 349.1 59.3 42.6
1.633333 3 442.2 349.0 59.3 42.7
1.666667 3 443.3 348.9 59.5 42.8
1.700000 3 444.0 349.0 59.3 42.7
1.733333 3 444.5 348.9 59.5 42.8
1.766667 3 445.5 348.9 59.5 42.9
1.800000 3 446.3 349.2 59.3 42.7
1.833333 3 447.5 348.9 59.4 42.9
1.866667 3 448.1 348.8 59.4 42.9
1.900000 3 449.8 348.8 59.5 42.9
1.933333 3 450.4 348.8 59.4 42.9
1.966667 3 451.5 348.7 59.5 43.0
2.000000 3 452.2 348.6 59.4 42.9
2.033333 3 453.3 348.9 59.3 42.8
2.066667 3 454.5 348.8 59.4 42.9
2.100000 3 455.4 348.6 59.2 42.8
2.133333 3 456.4 348.8 59.2 42.8
2.166667 3 457.0 348.5 59.3 42.9
2.200000 3 458.2 348.8 59.2 42.7
2.233333 3 458.6 348.6 59.5 43.1
2.266667 3 459.7 348.3 59.7 43.3
2.300000 3 460.5 348.4 59.5 43.1
2.333333 3 461.6 348.4 59.5 43.1
2.366667 3 462.4 348.5 59.3 42.9
2.400000 3 463.4 348.4 59.5 43.1
2.433333 3 464.5 348.0 59.8 43.5
2.466667 3 465.3 348.4 59.2 42.9
2.500000 3 465.7 348.2 59.5 43.2
2.533333 3 466.9 348.0 59.4 43.2
2.566667 3 468.0 348.0 59.5 43.2
2.600000 3 468.5 347.8 59.7 43.4
2.633333 3 469.5 347.5 59.8 43.5
2.666667 3 470.5 347.7 59.7 43.5
2.700000 3 471.2 347.9 59.3 43.1
2.733333 3 472.5 347.8 59.4 43.2
2.766667 3 473.0 347.8 59.4 43.2
2.800000 3 473.5 347.6 59.4 43.2
2.833333 3 474.7 347.5 59.5 43.3
2.866667 3 475.5 347.7 59.2 43.0
2.900000 3 477.3 347.4 59.1 43.0
2.933333 3 477.9 347.3 59.3 43.3
2.966667 3 478.9 347.3 59.3 43.3
3.000000 3 480.3 347.4 59.1 43.0
3.033333 3 481.5 347.3 59.2 43.2
3.066667 3 482.0 347.3 59.1 43.2
3.100000 3 483.4 347.3 59.0 43.1
3.133333 3 483.6 347.3 59.0 43.2
3.166667 3 484.4 347.4 58.9 43.1
3.200000 3 484.7 347.5 59.0 43.2
3.233333 3 484.7 347.5 59.0 43.2
3.266667 3 483.9 347.5 59.0 43.2
3.300000 3 482.6 346.3 58.7 42.9
3.333333 3 483.0 346.8 58.9 43.2
3.366667 3 477.7 346.8 58.9 43.2
3.400000 3 469.9 346.5 58.8 43.0
3.433333 3 446.6 345.8 58.4 42.6
3.466667 3 436.0 345.3 58.1 42.3
3.500000 3 416.9 346.7 58.2 42.4
3.533333 3 397.8 346.6 58.0 42.1
3.566667 3 388.8 347.0 58.0 42.2
3.600000 3 372.9 346.8 57.9 42.2
3.633333 3 363.3 347.6 58.1 42.5
3.666667 3 343.0 347.3 57.8 41.9
3.700000 3 334.8 346.4 57.6 41.9
3.733333 3 328.7 345.8 57.6 41.9
3.766667 3 318.3 347.1 57.8 42.2
3.800000 3 313.3 348.0 57.3 41.5
3.833333 3 305.8 347.1 57.3 41.6
3.866667 3 305.2 346.5 57.2 41.4
3.900000 3 306.7 346.2 57.6 41.9
3.933333 3 306.8 346.8 57.3 41.6
3.966667 3 307.8 347.2 57.3 41.7
4.000000 3 309.4 346.7 57.2 41.5
4.033333 3 309.4 346.7 57.6 42.0
4.066667 3 310.2 347.1 57.4 41.7
4.100000 3 311.5 347.2 57.3 41.6
4.133333 3 313.5 347.1 57.3 41.7
4.166667 3 313.2 347.3 57.4 41.7
4.200000 3 309.6 348.2 57.6 42.1
4.233333 3 307.3 347.8 57.1 41.5
4.266667 3 305.4 347.6 57.3 41.7
4.300000 3 305.7 347.5 57.5 42.0
4.333333 3 298.9 348.3 57.6 42.0
4.366667 3 295.3 348.0 57.2 41.6
4.400000 3 293.6 347.2 57.5 42.0
4.433333 3 294.5 347.2 57.6 42.2
4.466667 3 293.3 347.8 57.5 42.0
4.500000 3 294.1 347.8 57.7 42.2
4.533333 3 295.6 347.2 57.8 42.4
4.566667 3 298.7 347.3 57.8 42.4
4.600000 3 299.1 347.7 57.8 42.3
4.633333 3 300.2 347.3 58.0 42.7
4.666667 3 301.2 347.4 58.0 42.6
4.700000 3 303.4 348.3 58.0 42.8
4.733333 3 304.0 348.1 57.9 42.6
4.766667 3 305.3 347.9 58.1 42.9
4.800000 3 306.2 348.1 58.3 43.3
4.833333 3 306.8 347.8 58.6 43.5
4.866667 3 307.6 348.1 58.4 43.2
4.900000 3 308.4 348.0 58.7 43.7
4.933333 3 309.1 347.9 58.7 43.7
4.966667 3 310.4 348.1 58.7 43.7
5.000000 3 310.8 348.2 59.0 44.0
5.033333 3 312.0 348.0 58.9 44.0
5.066667 3 312.5 347.9 59.3 44.4
5.100000 3 313.5 348.1 59.4 44.6
5.133333 3 314.3 348.1 59.2 44.3
5.166667 3 315.3 348.0 59.6 44.9
5.200000 3 316.1 348.3 59.2 44.4
5.233333 3 316.5 348.3 59.4 44.7
5.266667 3 317.8 348.6 59.3 44.7
5.300000 3 318.3 348.6 59.4 44.7
5.333333 3 319.4 348.5 59.7 45.0
5.366667 3 320.2 348.7 59.6 44.9
5.400000 3 321.1 348.6 60.0 45.3
5.433333 3 322.0 348.8 59.6 45.0
5.466667 3 323.1 348.9 59.9 45.2
5.500000 3 323.7 349.0 59.7 45.1
5.533333 3 325.0 349.2 59.7 45.1
5.566667 3 325.8 349.3 59.6 45.0
5.600000 3 326.8 349.5 59.8 45.1
5.633333 3 327.4 349.3 60.1 45.5
5.666667 3 328.6 349.5 60.0 45.4
5.700000 3 329.0 349.5 60.4 45.8
5.733333 3 330.4 349.7 60.2 45.7
5.766667 3 330.9 349.6 60.5 45.9
5.800000 3 331.8 349.9 60.2 45.7
5.833333 3 332.9 349.8 60.6 46.1
5.866667 3 333.6 349.8 60.4 45.9
5.900000 3 334.7 350.1 60.7 46.2
5.933333 3 335.5 350.1 60.6 46.1
5.966667 3 336.6 350.0 60.8 46.3
6.000000 3 337.1 350.2 60.8 46.3
6.033333 3 337.7 350.3 61.0 46.5
6.066667 3 339.0 350.3 61.0 46.5
6.100000 3 339.7 350.2 61.0 46.5
6.133333 3 340.9 350.5 61.0 46.5
6.166667 3 341.4 350.3 61.4 46.8
6.200000 3 342.5 350.5 61.5 47.1
6.233333 3 343.1 350.5 61.5 46.9
6.266667 3 344.4 350.7 61.5 47.0
6.300000 3 345.6 350.7 61.6 47.1
6.333333 3 346.3 351.0 61.5 46.9
6.366667 3 347.5 351.0 61.6 47.1
6.400000 3 348.2 351.0 61.7 47.1
6.433333 3 349.3 351.1 61.9 47.4
6.466667 3 350.5 351.1 61.9 47.4
6.500000 3 351.1 351.2 62.0 47.5
6.533333 3 352.4 351.4 62.0 47.5
6.566667 3 353.1 351.3 62.0 47.5
6.600000 3 353.7 351.6 61.9 47.4
6.633333 3 355.0 351.8 61.9 47.5
6.666667 3 356.2 351.9 62.0 47.6
6.700000 3 356.8 351.8 62.2 47.8
6.733333 3 358.1 352.0 62.3 47.8
6.766667 3 358.7 351.9 62.4 48.0
6.800000 3 360.0 352.2 62.3 47.9
6.833333 3 360.8 352.2 62.3 47.7
6.866667 3 362.1 352.6 62.2 47.7
6.900000 3 362.9 352.6 62.2 47.6
6.933333 3 363.4 352.5 62.4 47.7
6.966667 3 364.7 352.7 62.5 48.0
7.000000 3 365.2 352.7 62.6 48.1
7.033333 3 366.6 352.9 62.6 48.1
7.066667 3 367.3 353.0 62.6 48.0
7.100000 3 368.7 353.2 62.5 47.9
7.133333 3 369.2 353.1 62.8 48.1
7.166667 3 370.0 353.5 62.6 47.9
7.200000 3 371.2 353.5 62.7 47.9
7.233333 3 372.0 353.7 62.5 47.7
7.266667 3 373.1 353.8 62.8 48.1
7.300000 3 373.9 353.9 62.7 47.9
7.333333 3 375.2 354.1 62.8 48.0
7.366667 3 376.0 354.3 62.5 47.7
7.400000 3 377.2 354.5 62.6 47.8
7.433333 3 378.7 354.7 62.6 47.8
7.466667 3 379.2 354.7 62.7 47.9
7.500000 3 380.6 354.9 62.7 47.9
7.533333 3 381.8 355.1 62.8 48.0
7.566667 3 382.5 355.1 62.8 48.0
7.600000 3 383.8 355.4 62.8 48.0
7.633333 3 384.5 355.2 63.1 48.2
7.666667 3 385.7 355.5 63.1 48.3
7.700000 3 386.4 355.5 63.2 48.3
7.733333 3 387.6 355.7 63.2 48.4
7.766667 3 388.4 356.0 63.1 48.3
7.800000 3 388.7 355.8 63.6 48.7
7.833333 3 390.3 356.2 63.3 48.4
7.866667 3 390.8 356.2 63.5 48.7
7.900000 3 392.2 356.6 63.3 48.5
7.933333 3 392.8 356.4 63.6 48.8
7.966667 3 393.6 356.7 63.4 48.5
8.000000 3 394.7 356.7 63.8 49.0
8.033333 3 395.7 357.2 63.3 48.4
8.066667 3 396.9 357.4 63.5 48.7
8.100000 3 397.6 357.4 63.6 48.8
8.133333 3 398.8 357.5 63.9 49.0
8.166667 3 399.7 357.9 63.4 48.6
8.200000 3 400.5 358.2 63.3 48.4
8.233333 3 401.7 358.3 63.7 48.8
8.266667 3 402.6 358.8 63.1 48.1
8.300000 3 403.8 358.7 63.7 48.8
8.333333 3 404.8 359.3 63.1 48.2
8.366667 3 405.9 359.4 63.5 48.6
8.400000 3 406.8 359.6 63.1 48.1
8.433333 3 408.3 360.1 63.0 48.0
8.466667 3 408.9 360.2 63.3 48.4
8.500000 3 410.5 360.7 62.9 48.0
8.533333 3 411.1 360.8 63.2 48.2
8.566667 3 412.7 361.4 62.7 47.8
8.600000 3 413.2 361.4 63.0 48.1
8.633333 3 414.8 361.8 62.8 48.0
8.666667 3 415.5 362.0 62.8 47.8
8.700000 3 417.0 362.4 62.6 47.7
8.733333 3 418.1 362.6 63.0 48.2
8.766667 3 419.1 363.0 62.6 47.7
8.800000 3 420.3 363.1 62.9 48.1
8.833333 3 421.0 363.4 62.7 47.9
8.866667 3 422.0 363.8 62.3 47.3
8.900000 3 423.1 363.8 62.7 47.9
8.933333 3 424.1 364.3 62.1 47.0
8.966667 3 425.3 364.3 62.7 47.7
9.000000 3 426.2 364.6 62.4 47.4
9.033333 3 427.3 364.8 62.7 47.6
9.066667 3 428.1 365.1 62.5 47.4
9.100000 3 429.4 365.4 62.6 47.4
9.133333 3 430.0 365.3 62.9 47.8
9.166667 3 431.4 365.6 62.9 47.8
9.200000 3 432.9 366.0 62.7 47.7
9.233333 3 433.6 366.3 62.7 47.5
9.266667 3 434.9 366.4 62.8 47.8
9.300000 3 435.6 366.4 62.8 47.7
9.333333 3 436.9 366.7 62.9 47.9
9.366667 3 437.6 366.8 62.9 47.8
9.400000 3 438.9 367.0 63.2 48.1
9.433333 3 440.4 367.3 63.2 48.0
9.466667 3 441.1 367.6 63.0 47.9
9.500000 3 442.6 367.9 63.1 47.9
9.533333 3 443.2 367.8 63.2 48.0
9.566667 3 443.9 368.1 63.2 47.9
9.600000 3 445.4 368.4 63.1 47.8
9.633333 3 446.2 368.7 62.7 47.5
9.666667 3 447.6 368.9 62.9 47.6
9.700000 3 448.4 369.3 62.6 47.2
9.733333 3 449.8 369.4 62.8 47.5
9.766667 3 450.7 369.5 62.7 47.3
9.800000 3 451.9 369.6 63.0 47.5
9.833333 3 452.7 369.9 62.9 47.3
9.866667 3 454.0 370.1 63.0 47.4
9.900000 3 455.4 370.3 63.0 47.6
9.933333 3 456.2 370.6 62.9 47.5
9.966667 3 457.6 370.8 63.1 47.5
10.000000 3 458.3 371.0 62.9 47.3
10.033333 3 459.7 371.1 63.1 47.5
10.066667 3 460.7 371.1 63.3 47.6
10.100000 3 461.5 371.2 63.3 47.6
10.133333 3 462.2 371.3 63.2 47.5
10.166667 3 463.7 371.8 63.3 47.6
10.200000 3 465.1 371.8 63.2 47.6
10.233333 3 465.8 371.9 63.4 47.7
10.266667 3 467.3 372.3 63.4 47.7
10.300000 3 468.5 372.6 63.5 47.8
10.333333 3 469.0 372.7 63.4 47.7
10.366667 3 470.9 372.7 63.4 47.7
10.400000 3 471.5 372.5 63.7 47.9
10.433333 3 472.7 373.0 63.8 48.0
