0.033333 3 330.2 230.0 70.0 72.5
0.066667 3 330.2 229.8 70.1 72.6
0.100000 3 330.1 229.6 70.2 72.7
0.133333 3 330.1 229.5 70.1 72.6
0.166667 3 330.2 229.4 70.0 72.5
0.200000 3 329.8 229.4 70.3 72.7
0.233333 3 329.4 229.5 70.5 73.0
0.266667 3 328.9 230.0 70.5 73.0
0.300000 3 328.4 230.3 70.5 73.0
0.333333 3 328.0 230.6 70.7 73.2
0.366667 3 327.6 230.9 70.8 73.3
0.400000 3 327.4 231.1 70.8 73.3
0.433333 3 327.1 231.1 70.9 73.4
0.466667 3 327.0 231.0 70.9 73.4
0.500000 3 326.7 230.8 71.0 73.5
0.533333 3 326.5 230.5 70.9 73.4
0.566667 3 326.4 229.8 71.0 73.5
0.600000 3 326.2 229.7 71.0 73.5
0.633333 3 326.1 229.4 71.0 73.5
0.666667 3 326.2 228.9 71.1 73.5
0.700000 3 326.4 228.5 71.0 73.5
0.733333 3 326.8 227.9 71.1 73.6
0.766667 3 327.3 227.5 71.0 73.5
0.800000 3 327.5 227.5 71.1 73.6
0.833333 3 327.9 227.5 71.1 73.6
0.866667 3 328.2 228.0 71.0 73.5
0.900000 3 328.7 228.6 71.0 73.5
0.933333 3 329.1 229.2 70.9 73.3
0.966667 3 329.4 229.4 71.0 73.5
1.000000 3 329.6 229.9 70.8 73.3
1.033333 3 329.6 230.0 71.0 73.4
1.066667 3 329.6 230.4 70.9 73.3
1.100000 3 329.6 230.5 70.9 73.3
1.133333 3 329.3 230.5 70.9 73.3
1.166667 3 329.0 230.7 70.8 73.2
1.200000 3 328.5 230.6 71.0 73.4
1.233333 3 328.2 230.4 70.9 73.4
1.266667 3 328.3 230.2 70.9 73.3
1.300000 3 328.3 229.4 71.1 73.5
1.333333 3 328.3 229.0 71.0 73.5
1.366667 3 328.6 228.8 70.9 73.4
1.400000 3 328.7 228.1 71.2 73.7
1.433333 3 329.1 228.1 71.0 73.4
1.466667 3 329.6 227.7 71.0 73.4
1.500000 3 330.1 227.0 71.1 73.5
1.533333 3 330.6 226.6 71.2 73.7
1.566667 3 331.1 226.6 71.0 73.4
1.600000 3 331.4 226.2 71.2 73.6
1.633333 3 331.7 226.2 71.0 73.4
1.666667 3 331.9 225.8 71.0 73.4
1.700000 3 331.9 225.0 71.3 73.7
1.733333 3 332.2 224.9 71.1 73.5
1.766667 3 332.0 224.2 71.4 73.8
1.800000 3 331.6 223.0 71.7 74.1
1.833333 3 331.4 222.3 71.5 74.0
1.866667 3 331.1 221.2 71.6 74.1
1.900000 3 331.0 220.2 71.7 74.2
1.933333 3 331.4 219.5 71.6 74.0
1.966667 3 331.7 218.6 71.8 74.2
2.000000 3 331.8 218.0 71.9 74.3
2.033333 3 331.9 217.7 71.7 74.1
2.066667 3 331.5 217.0 72.1 74.6
2.100000 3 331.2 216.8 72.1 74.6
2.133333 3 331.1 216.6 71.9 74.3
2.166667 3 330.8 215.6 72.4 74.8
2.200000 3 330.9 215.5 72.1 74.6
2.233333 3 330.9 215.3 72.4 74.8
2.266667 3 331.0 215.0 72.7 75.2
2.300000 3 331.6 215.7 72.5 75.0
2.333333 3 332.2 216.4 72.6 75.0
2.366667 3 332.7 216.7 72.8 75.2
2.400000 3 333.5 217.4 72.8 75.3
2.433333 3 334.3 217.6 72.9 75.4
2.466667 3 334.9 217.5 73.2 75.7
2.500000 3 335.6 217.6 73.1 75.6
2.533333 3 336.1 216.8 73.6 76.1
2.566667 3 336.7 216.2 73.7 76.3
2.600000 3 337.4 215.5 73.6 76.1
2.633333 3 337.6 213.9 74.3 76.8
2.666667 3 337.9 212.8 74.3 76.9
2.700000 3 338.0 211.8 74.4 76.9
2.733333 3 337.8 210.1 75.0 77.6
2.766667 3 337.9 208.9 75.0 77.6
2.800000 3 338.0 207.8 75.3 77.9
2.833333 3 337.9 206.5 75.8 78.4
2.866667 3 338.0 206.0 75.6 78.2
2.900000 3 337.8 205.1 76.2 78.9
2.933333 3 337.7 204.0 76.7 79.4
2.966667 3 338.0 203.9 76.5 79.2
3.000000 3 338.1 202.9 77.4 80.2
3.033333 3 338.4 202.4 77.8 80.6
3.066667 3 338.8 202.4 77.7 80.5
3.100000 3 338.7 201.6 78.6 81.4
3.133333 3 338.8 201.0 79.0 81.9
3.166667 3 338.9 200.9 79.1 82.0
3.200000 3 338.3 200.0 80.6 83.5
3.233333 3 338.0 199.9 81.0 84.0
3.266667 3 337.6 200.1 81.1 84.1
3.300000 3 336.7 199.3 82.5 85.5
3.333333 3 336.4 199.4 82.5 85.6
3.366667 3 335.9 199.1 83.0 86.1
3.400000 3 335.2 198.2 84.2 87.5
3.433333 3 335.0 198.1 84.4 87.6
3.466667 3 334.7 197.3 85.2 88.4
3.500000 3 334.0 196.0 86.7 90.1
3.533333 3 333.8 195.7 86.9 90.3
3.566667 3 333.2 194.5 88.4 91.9
3.600000 3 332.6 193.8 89.8 93.4
3.633333 3 332.4 194.2 90.0 93.7
3.666667 3 331.6 194.1 91.9 95.7
3.700000 3 330.9 194.7 93.1 96.9
3.733333 3 330.7 196.4 93.2 97.1
3.766667 3 329.8 197.0 95.7 99.7
3.800000 3 329.4 198.6 96.7 100.8
3.833333 3 329.3 200.2 97.6 101.8
3.866667 3 328.3 200.6 100.5 104.8
3.900000 3 328.2 202.5 101.2 105.7
3.933333 3 328.0 204.3 102.2 106.7
3.966667 3 326.5 204.3 105.6 110.2
4.000000 3 326.2 206.3 105.5 110.2
4.033333 3 325.4 207.1 106.1 110.8
4.066667 3 323.7 206.4 108.3 113.2
4.100000 3 322.8 206.7 108.6 113.5
4.133333 3 321.0 205.5 110.8 115.9
4.166667 3 318.8 203.7 114.1 119.4
4.200000 3 317.5 203.8 115.1 120.3
4.233333 3 315.3 202.6 118.2 123.6
4.266667 3 312.7 201.0 121.9 127.4
4.300000 3 310.5 200.0 124.8 130.4
4.333333 3 308.4 198.7 128.3 134.0
4.366667 3 306.4 197.2 131.6 137.5
4.400000 3 305.0 196.6 133.8 139.8
4.433333 3 303.6 195.2 136.5 142.8
4.466667 3 301.8 194.0 139.2 145.5
4.500000 3 300.5 193.5 140.6 147.0
4.533333 3 297.9 191.3 144.8 151.4
4.566667 3 296.3 191.0 146.6 153.3
4.600000 3 294.7 190.8 148.9 155.6
4.633333 3 292.2 189.9 152.6 159.5
4.666667 3 290.1 190.4 154.9 162.0
4.700000 3 288.1 191.4 156.9 164.0
4.733333 3 285.7 191.6 160.1 167.4
4.766667 3 283.6 193.1 161.8 169.1
4.800000 3 281.5 194.5 164.0 171.4
4.833333 3 279.2 195.6 166.1 173.6
4.866667 3 277.5 197.7 166.8 174.3
4.900000 3 275.2 198.1 169.0 176.6
4.933333 3 273.3 198.7 170.3 178.1
4.966667 3 271.9 199.8 170.7 178.5
5.000000 3 269.7 200.1 173.2 181.1
5.033333 3 268.0 202.0 174.0 182.0
5.066667 3 376.6 180.7 143.3 140.1
5.100000 3 379.3 179.8 143.6 140.4
5.133333 3 381.6 178.8 144.3 140.9
5.166667 3 383.6 177.9 144.8 141.2
5.200000 3 385.8 178.1 144.2 140.6
5.233333 3 387.6 178.0 144.5 140.8
5.266667 3 389.6 178.0 144.9 141.0
5.300000 3 391.8 178.4 145.4 141.3
5.333333 3 394.6 179.0 145.0 140.9
5.366667 3 397.5 179.4 145.7 141.3
5.400000 3 401.8 180.7 145.4 140.9
5.433333 3 406.4 181.1 145.5 140.9
5.466667 3 411.2 180.6 145.8 141.0
5.500000 3 416.0 179.5 146.7 141.6
5.533333 3 421.2 178.1 147.2 141.8
5.566667 3 426.6 176.7 147.2 141.5
5.600000 3 431.5 175.8 146.9 141.1
5.633333 3 435.7 174.9 147.4 141.3
5.666667 3 439.7 174.7 147.2 140.9
5.700000 3 443.0 173.9 147.9 141.2
5.733333 3 445.9 173.1 148.5 141.5
5.766667 3 449.3 173.5 147.6 140.3
5.800000 3 452.7 173.8 147.3 139.8
5.833333 3 456.5 173.7 147.2 139.4
5.866667 3 460.9 173.4 146.6 138.4
5.900000 3 464.5 172.5 146.2 137.7
5.933333 3 467.0 171.6 145.9 137.2
5.966667 3 469.1 171.2 145.0 136.2
6.000000 3 471.4 171.3 143.6 134.5
6.033333 3 472.4 170.8 143.3 133.9
6.066667 3 473.0 170.9 142.0 132.4
6.100000 3 472.6 171.3 141.1 131.2
6.133333 3 472.0 171.8 139.7 129.6
6.166667 3 471.0 172.1 138.8 128.5
6.200000 3 470.1 172.6 137.2 126.7
6.233333 3 468.9 172.6 136.1 125.4
6.266667 3 467.8 172.6 135.3 124.3
6.300000 3 467.5 172.1 133.9 122.5
6.333333 3 467.6 170.2 132.5 121.0
6.366667 3 467.7 167.2 131.3 119.6
6.400000 3 467.4 163.2 130.2 118.2
6.433333 3 467.1 159.6 129.1 116.8
6.466667 3 467.5 156.4 127.4 114.8
6.500000 3 467.9 152.9 126.3 113.5
6.533333 3 468.6 150.0 124.2 111.4
6.566667 3 468.5 146.7 124.0 110.8
6.600000 3 468.5 144.0 122.4 109.1
6.633333 3 468.0 141.8 120.7 107.1
6.666667 3 467.1 140.2 118.6 104.9
6.700000 3 466.3 138.6 116.3 102.4
6.733333 3 464.8 137.1 114.9 100.9
6.766667 3 462.2 134.9 115.7 101.7
6.800000 3 459.4 132.2 117.6 104.0
6.833333 3 456.5 129.2 119.8 106.4
6.866667 3 454.3 127.1 120.2 107.0
6.900000 3 451.9 123.8 121.8 108.9
6.933333 3 449.4 120.4 123.4 110.9
6.966667 3 447.2 117.4 124.8 112.5
7.000000 3 445.5 114.7 126.3 114.3
7.033333 3 444.0 111.6 128.4 116.6
7.066667 3 443.6 109.6 128.4 117.0
7.100000 3 443.4 106.9 130.2 119.0
7.133333 3 444.8 103.8 131.3 120.5
7.166667 3 446.2 101.0 132.2 121.6
7.200000 3 446.7 98.2 133.4 123.1
7.233333 3 446.6 95.5 133.9 124.0
7.266667 3 446.2 93.0 134.6 124.9
7.300000 3 445.1 90.5 135.4 126.0
7.333333 3 444.0 88.0 135.7 126.6
7.366667 3 442.2 84.7 136.7 128.0
7.400000 3 440.3 82.2 136.2 127.7
7.433333 3 437.3 78.5 136.9 128.7
7.466667 3 434.4 75.2 136.4 128.6
7.500000 3 431.0 71.8 136.9 129.6
7.533333 3 427.9 68.6 136.6 129.7
7.566667 3 424.5 65.2 136.8 130.3
7.600000 3 421.6 62.2 136.4 130.2
7.633333 3 418.2 58.8 136.7 131.0
7.666667 3 415.5 56.3 135.3 129.9
7.700000 3 411.9 52.9 135.7 130.8
7.733333 3 409.1 50.3 135.0 130.5
7.766667 3 406.6 48.1 134.0 129.9
7.800000 3 404.0 45.7 133.1 129.4
7.833333 3 401.0 42.7 132.8 129.5
7.866667 3 398.6 40.2 132.1 129.1
7.900000 3 396.1 36.9 132.1 129.5
7.933333 3 394.3 34.4 130.5 128.3
7.966667 3 392.4 31.3 129.5 127.6
8.000000 3 390.5 28.2 129.1 127.6
8.033333 3 388.9 25.3 128.1 127.0
8.066667 3 387.1 22.5 127.3 126.5
8.100000 3 385.3 20.2 125.8 125.4
8.133333 3 383.1 17.5 124.5 124.5
8.166667 3 380.3 15.2 123.5 123.7
8.200000 3 377.5 29.9 122.0 105.1
8.233333 3 374.6 29.1 120.0 102.4
8.266667 3 371.3 20.1 120.0 107.8
8.300000 3 368.4 20.1 118.0 104.3
8.333333 3 366.2 13.4 116.0 107.6
8.366667 3 364.2 16.4 114.0 103.3
8.400000 3 361.9 15.6 113.0 103.4
8.433333 3 360.3 12.6 112.0 106.0
8.466667 3 358.4 14.1 111.0 104.2
8.500000 3 355.7 16.4 109.0 102.5
8.533333 3 353.2 14.9 107.0 104.4
8.566667 3 350.7 11.9 106.0 110.0
8.600000 3 346.6 17.9 105.0 100.6
8.633333 3 343.6 14.9 104.0 100.7
8.666667 3 340.7 16.4 104.0 96.6
8.700000 3 338.1 13.4 103.0 97.8
8.733333 3 336.3 11.9 102.0 98.6
8.766667 3 334.0 12.6 102.0 98.7
8.800000 3 332.1 14.1 101.0 98.6
8.833333 3 329.5 13.4 101.0 101.4
8.866667 3 326.7 10.6 101.2 107.2
8.900000 3 323.9 12.2 100.5 106.7
8.933333 3 320.7 14.1 99.0 105.1
8.966667 3 319.3 14.5 98.1 104.3
9.000000 3 318.6 15.7 96.8 103.2
9.033333 3 318.0 16.8 96.5 103.0
9.066667 3 317.5 18.7 95.9 102.4
9.100000 3 317.1 20.0 95.2 101.9
9.133333 3 316.2 21.2 95.2 102.2
9.166667 3 315.7 22.7 94.5 101.7
9.200000 3 315.1 24.1 94.2 101.5
9.233333 3 315.4 25.9 93.1 100.4
9.266667 3 315.5 27.0 92.7 100.1
9.300000 3 315.6 27.9 93.4 101.0
9.333333 3 316.5 29.4 92.6 100.5
9.366667 3 316.8 29.9 93.1 101.0
9.400000 3 317.9 31.2 91.9 100.0
9.433333 3 318.2 31.3 92.4 100.4
9.466667 3 319.2 31.7 91.3 99.4
9.500000 3 319.3 31.3 91.4 99.7
9.533333 3 319.5 31.3 91.2 99.6
9.566667 3 319.6 32.4 90.8 99.4
9.600000 3 317.9 34.4 90.3 98.8
9.633333 3 314.0 36.5 89.9 98.5
9.666667 3 310.2 38.3 89.8 98.4
9.700000 3 308.8 40.0 88.7 97.2
9.733333 3 305.9 41.9 87.8 96.3
9.766667 3 303.2 43.1 87.4 95.9
9.800000 3 301.0 44.3 86.7 95.3
9.833333 3 298.7 45.5 86.3 95.0
9.866667 3 296.4 47.1 86.2 95.1
9.900000 3 294.6 49.4 85.6 94.6
9.933333 3 293.1 51.3 85.4 94.3
9.966667 3 292.2 53.6 84.9 93.8
10.000000 3 292.1 55.7 84.0 93.0
10.033333 3 292.0 57.0 83.8 93.0
10.066667 3 292.4 58.3 83.3 92.7
10.100000 3 292.4 58.6 83.6 93.3
10.133333 3 292.5 59.5 83.7 93.4
10.166667 3 292.9 60.7 83.3 92.9
10.200000 3 293.4 61.8 82.6 92.1
10.233333 3 293.3 61.3 82.9 92.8
10.266667 3 293.2 60.9 82.8 92.9
10.300000 3 293.0 61.0 82.4 93.0
10.333333 3 292.4 62.0 82.0 92.6
10.366667 3 291.7 63.9 80.9 91.7
10.400000 3 290.1 65.3 81.0 92.0
10.433333 3 288.5 67.4 80.4 91.3
10.466667 3 287.0 68.8 80.0 91.2
