0.000000 3 405.0 202.0 31.0 30.0
0.033333 3 404.9 202.0 31.0 30.0
0.066667 3 404.9 202.0 30.9 29.9
0.100000 3 404.8 202.0 30.9 29.9
0.133333 3 404.7 202.0 30.9 29.9
0.166667 3 404.7 202.0 30.8 29.8
0.200000 3 404.6 202.0 30.8 29.8
0.233333 3 404.5 202.0 30.8 29.8
0.266667 3 404.5 202.0 30.7 29.7
0.300000 3 404.4 202.0 30.7 29.7
0.333333 3 404.3 202.0 30.7 29.7
0.366667 3 404.3 202.0 30.6 29.6
0.400000 3 404.2 202.0 30.6 29.6
0.433333 3 404.1 202.0 30.6 29.6
0.466667 3 404.1 202.0 30.5 29.5
0.500000 3 404.0 202.0 30.5 29.5
0.533333 3 403.9 202.0 30.5 29.5
0.566667 3 403.9 202.0 30.4 29.4
0.600000 3 403.8 202.0 30.4 29.4
0.633333 3 403.7 202.0 30.4 29.4
0.666667 3 403.7 202.0 30.3 29.3
0.700000 3 403.6 202.0 30.3 29.3
0.733333 3 403.5 202.0 30.3 29.3
0.766667 3 403.5 202.0 30.2 29.2
0.800000 3 403.4 202.0 30.2 29.2
0.833333 3 403.3 202.0 30.2 29.2
0.866667 3 403.3 202.0 30.1 29.1
0.900000 3 403.2 202.0 30.1 29.1
0.933333 3 403.1 202.0 30.1 29.1
0.966667 3 403.1 202.0 30.0 29.0
1.000000 3 403.0 202.0 30.0 29.0
1.033333 3 402.8 201.9 30.1 29.0
1.066667 3 402.6 201.8 30.1 28.9
1.100000 3 402.3 201.6 30.2 28.9
1.133333 3 402.1 201.5 30.2 28.9
1.166667 3 401.9 201.4 30.3 28.8
1.200000 3 401.7 201.3 30.4 28.8
1.233333 3 401.5 201.1 30.4 28.8
1.266667 3 401.3 201.0 30.5 28.8
1.300000 3 401.0 200.9 30.6 28.7
1.333333 3 400.8 200.8 30.6 28.7
1.366667 3 400.6 200.6 30.7 28.7
1.400000 3 400.4 200.5 30.7 28.6
1.433333 3 400.2 200.4 30.8 28.6
1.466667 3 399.9 200.3 30.9 28.6
1.500000 3 399.7 200.1 30.9 28.5
1.533333 3 399.5 200.0 31.0 28.5
1.566667 3 399.3 199.9 31.1 28.5
1.600000 3 399.1 199.8 31.1 28.4
1.633333 3 398.8 199.6 31.2 28.4
1.666667 3 398.6 199.5 31.2 28.4
1.700000 3 398.4 199.4 31.3 28.3
1.733333 3 398.2 199.3 31.4 28.3
1.766667 3 398.0 199.1 31.4 28.3
1.800000 3 397.8 199.0 31.5 28.3
1.833333 3 397.5 198.9 31.6 28.2
1.866667 3 397.3 198.8 31.6 28.2
1.900000 3 397.1 198.6 31.7 28.2
1.933333 3 396.9 198.5 31.7 28.1
1.966667 3 396.7 198.4 31.8 28.1
2.000000 3 396.4 198.3 31.9 28.1
2.033333 3 396.2 198.1 31.9 28.0
2.066667 3 396.0 198.0 32.0 28.0
2.100000 3 395.8 198.0 31.9 28.1
2.133333 3 395.5 197.9 31.8 28.2
2.166667 3 395.3 197.9 31.7 28.3
2.200000 3 395.1 197.8 31.7 28.4
2.233333 3 394.9 197.8 31.6 28.5
2.266667 3 394.6 197.7 31.5 28.6
2.300000 3 394.4 197.7 31.4 28.7
2.333333 3 394.2 197.7 31.3 28.8
2.366667 3 393.9 197.6 31.2 28.9
2.400000 3 393.7 197.6 31.2 29.0
2.433333 3 393.5 197.5 31.1 29.1
2.466667 3 393.2 197.5 31.0 29.3
2.500000 3 393.0 197.5 30.9 29.4
2.533333 3 392.8 197.4 30.8 29.5
2.566667 3 392.6 197.4 30.7 29.6
2.600000 3 392.3 197.3 30.7 29.7
2.633333 3 392.1 197.3 30.6 29.8
2.666667 3 391.9 197.2 30.5 29.9
2.700000 3 391.6 197.2 30.4 30.0
2.733333 3 391.4 197.2 30.3 30.1
2.766667 3 391.2 197.1 30.2 30.2
2.800000 3 391.0 197.1 30.2 30.3
2.833333 3 390.7 197.0 30.1 30.4
2.866667 3 390.5 197.0 30.0 30.5
2.900000 3 390.3 197.0 29.9 30.6
2.933333 3 390.0 196.9 29.8 30.7
2.966667 3 389.8 196.9 29.7 30.8
3.000000 3 389.6 196.8 29.7 30.9
3.033333 3 389.4 196.8 29.6 31.0
3.066667 3 389.1 196.7 29.5 31.1
3.100000 3 388.9 196.7 29.4 31.2
3.133333 3 388.7 196.7 29.3 31.3
3.166667 3 388.4 196.6 29.2 31.4
3.200000 3 388.2 196.6 29.2 31.5
3.233333 3 388.0 196.5 29.1 31.6
3.266667 3 387.7 196.5 29.0 31.8
3.300000 3 387.5 196.5 28.9 31.9
3.333333 3 387.3 196.4 28.8 32.0
3.366667 3 387.1 196.4 28.7 32.1
3.400000 3 386.8 196.3 28.7 32.2
3.433333 3 386.6 196.3 28.6 32.3
3.466667 3 386.4 196.2 28.5 32.4
3.500000 3 386.1 196.2 28.4 32.5
3.533333 3 385.9 196.2 28.3 32.6
3.566667 3 385.7 196.1 28.2 32.7
3.600000 3 385.5 196.1 28.2 32.8
3.633333 3 385.2 196.0 28.1 32.9
3.666667 3 385.0 196.0 28.0 33.0
3.700000 3 384.5 196.1 27.9 32.8
3.733333 3 384.1 196.2 27.9 32.7
3.766667 3 383.6 196.3 27.8 32.5
3.800000 3 383.2 196.4 27.8 32.4
3.833333 3 382.7 196.5 27.7 32.2
3.866667 3 382.2 196.6 27.6 32.0
3.900000 3 381.8 196.7 27.6 31.9
3.933333 3 381.3 196.8 27.5 31.7
3.966667 3 380.9 196.9 27.5 31.6
4.000000 3 380.4 197.0 27.4 31.4
4.033333 3 379.9 197.1 27.3 31.2
4.066667 3 379.5 197.2 27.3 31.1
4.100000 3 379.0 197.3 27.2 30.9
4.133333 3 378.6 197.4 27.2 30.8
4.166667 3 378.1 197.5 27.1 30.6
4.200000 3 377.6 197.6 27.0 30.4
4.233333 3 377.2 197.7 27.0 30.3
4.266667 3 376.7 197.8 26.9 30.1
4.300000 3 376.3 197.9 26.9 30.0
4.333333 3 375.8 198.0 26.8 29.8
4.366667 3 375.3 198.1 26.7 29.6
4.400000 3 374.9 198.2 26.7 29.5
4.433333 3 374.4 198.3 26.6 29.3
4.466667 3 374.0 198.4 26.6 29.2
4.500000 3 373.5 198.5 26.5 29.0
4.533333 3 373.0 198.6 26.4 28.8
4.566667 3 372.6 198.7 26.4 28.7
4.600000 3 372.1 198.8 26.3 28.5
4.633333 3 371.7 198.9 26.3 28.4
4.666667 3 371.2 199.0 26.2 28.2
4.700000 3 370.7 199.1 26.1 28.0
4.733333 3 370.3 199.2 26.1 27.9
4.766667 3 369.8 199.3 26.0 27.7
4.800000 3 369.4 199.4 26.0 27.6
4.833333 3 368.9 199.5 25.9 27.4
4.866667 3 368.4 199.6 25.8 27.2
4.900000 3 368.0 199.7 25.8 27.1
4.933333 3 367.5 199.8 25.7 26.9
4.966667 3 367.1 199.9 25.7 26.8
5.000000 3 366.6 200.0 25.6 26.6
5.033333 3 366.1 200.1 25.5 26.4
5.066667 3 365.7 200.2 25.5 26.3
5.100000 3 365.2 200.3 25.4 26.1
5.133333 3 364.8 200.4 25.4 26.0
5.166667 3 364.3 200.5 25.3 25.8
5.200000 3 363.8 200.6 25.2 25.6
5.233333 3 363.4 200.7 25.2 25.5
5.266667 3 362.9 200.8 25.1 25.3
5.300000 3 362.5 200.9 25.1 25.2
5.333333 3 362.0 201.0 25.0 25.0
5.366667 3 361.2 201.0 25.1 25.1
5.400000 3 360.4 201.0 25.3 25.2
5.433333 3 359.6 201.1 25.4 25.2
5.466667 3 358.8 201.1 25.6 25.3
5.500000 3 358.0 201.1 25.7 25.4
5.533333 3 357.2 201.1 25.9 25.5
5.566667 3 356.4 201.1 26.0 25.6
5.600000 3 355.6 201.2 26.1 25.7
5.633333 3 354.8 201.2 26.3 25.7
5.666667 3 354.0 201.2 26.4 25.8
5.700000 3 353.2 201.2 26.6 25.9
5.733333 3 352.4 201.2 26.7 26.0
5.766667 3 351.7 201.3 26.9 26.1
5.800000 3 350.9 201.3 27.0 26.1
5.833333 3 350.1 201.3 27.1 26.2
5.866667 3 349.3 201.3 27.3 26.3
5.900000 3 348.5 201.3 27.4 26.4
5.933333 3 347.7 201.4 27.6 26.5
5.966667 3 346.9 201.4 27.7 26.6
6.000000 3 346.1 201.4 27.9 26.6
6.033333 3 345.3 201.4 28.0 26.7
6.066667 3 344.5 201.4 28.1 26.8
6.100000 3 343.7 201.5 28.3 26.9
6.133333 3 342.9 201.5 28.4 27.0
6.166667 3 342.1 201.5 28.6 27.0
6.200000 3 341.3 201.5 28.7 27.1
6.233333 3 340.5 201.6 28.9 27.2
6.266667 3 339.7 201.6 29.0 27.3
6.300000 3 338.9 201.6 29.1 27.4
6.333333 3 338.1 201.6 29.3 27.4
6.366667 3 337.3 201.6 29.4 27.5
6.400000 3 336.5 201.7 29.6 27.6
6.433333 3 335.7 201.7 29.7 27.7
6.466667 3 334.9 201.7 29.9 27.8
6.500000 3 334.1 201.7 30.0 27.9
6.533333 3 333.3 201.7 30.1 27.9
6.566667 3 332.6 201.8 30.3 28.0
6.600000 3 331.8 201.8 30.4 28.1
6.633333 3 331.0 201.8 30.6 28.2
6.666667 3 330.2 201.8 30.7 28.3
6.700000 3 329.4 201.8 30.9 28.3
6.733333 3 328.6 201.9 31.0 28.4
6.766667 3 327.8 201.9 31.1 28.5
6.800000 3 327.0 201.9 31.3 28.6
6.833333 3 326.2 201.9 31.4 28.7
6.866667 3 325.4 201.9 31.6 28.8
6.900000 3 324.6 202.0 31.7 28.8
6.933333 3 323.8 202.0 31.9 28.9
6.966667 3 323.0 202.0 32.0 29.0
7.000000 3 322.1 202.2 32.3 29.0
7.033333 3 321.2 202.4 32.6 29.0
7.066667 3 320.3 202.6 32.9 29.0
7.100000 3 319.4 202.8 33.2 29.0
7.133333 3 318.5 203.0 33.5 29.0
7.166667 3 317.6 203.2 33.8 29.0
7.200000 3 316.7 203.4 34.1 29.0
7.233333 3 315.8 203.6 34.4 29.0
7.266667 3 314.9 203.8 34.7 29.0
7.300000 3 314.0 204.0 35.0 29.0
7.333333 3 312.9 204.2 35.1 28.9
7.366667 3 311.8 204.3 35.2 28.8
7.400000 3 310.7 204.5 35.2 28.7
7.433333 3 309.5 204.6 35.3 28.5
7.466667 3 308.4 204.8 35.4 28.4
7.500000 3 307.3 204.9 35.5 28.3
7.533333 3 306.2 205.1 35.5 28.2
7.566667 3 305.1 205.2 35.6 28.1
7.600000 3 304.0 205.4 35.7 28.0
7.633333 3 302.8 205.5 35.8 27.8
7.666667 3 301.7 205.7 35.8 27.7
7.700000 3 300.6 205.8 35.9 27.6
7.733333 3 299.5 206.0 36.0 27.5
7.766667 3 298.4 206.2 36.1 27.4
7.800000 3 297.3 206.3 36.2 27.3
7.833333 3 296.2 206.5 36.2 27.2
7.866667 3 295.0 206.6 36.3 27.0
7.900000 3 293.9 206.8 36.4 26.9
7.933333 3 292.8 206.9 36.5 26.8
7.966667 3 291.7 207.1 36.5 26.7
8.000000 3 290.6 207.2 36.6 26.6
8.033333 3 289.5 207.4 36.7 26.5
8.066667 3 288.3 207.5 36.8 26.3
8.100000 3 287.2 207.7 36.8 26.2
8.133333 3 286.1 207.8 36.9 26.1
8.166667 3 285.0 208.0 37.0 26.0
8.200000 3 283.7 207.9 37.1 26.2
8.233333 3 282.5 207.9 37.3 26.4
8.266667 3 281.2 207.8 37.4 26.6
8.300000 3 279.9 207.7 37.5 26.8
8.333333 3 278.7 207.7 37.7 27.0
8.366667 3 277.4 207.6 37.8 27.2
8.400000 3 276.1 207.5 37.9 27.4
8.433333 3 274.9 207.5 38.1 27.6
8.466667 3 273.6 207.4 38.2 27.8
8.500000 3 272.3 207.3 38.3 28.0
8.533333 3 271.1 207.3 38.5 28.2
8.566667 3 269.8 207.2 38.6 28.4
8.600000 3 268.5 207.1 38.7 28.6
8.633333 3 267.3 207.1 38.9 28.8
8.666667 3 266.0 207.0 39.0 29.0
8.700000 3 264.4 207.0 38.9 29.0
8.733333 3 262.7 206.9 38.7 29.1
8.766667 3 261.1 206.9 38.6 29.1
8.800000 3 259.5 206.8 38.5 29.2
8.833333 3 257.8 206.8 38.3 29.2
8.866667 3 256.2 206.7 38.2 29.3
8.900000 3 254.5 206.7 38.0 29.3
8.933333 3 252.9 206.6 37.9 29.4
8.966667 3 251.3 206.6 37.8 29.4
9.000000 3 249.6 206.5 37.6 29.5
9.033333 3 248.0 206.5 37.5 29.5
9.066667 3 246.4 206.5 37.4 29.5
9.100000 3 244.7 206.4 37.2 29.6
9.133333 3 243.1 206.4 37.1 29.6
9.166667 3 241.5 206.3 37.0 29.7
9.200000 3 239.8 206.3 36.8 29.7
9.233333 3 238.2 206.2 36.7 29.8
9.266667 3 236.5 206.2 36.5 29.8
9.300000 3 234.9 206.1 36.4 29.9
9.333333 3 233.3 206.1 36.3 29.9
9.366667 3 231.6 206.0 36.1 30.0
9.400000 3 230.0 206.0 36.0 30.0
9.433333 3 228.2 205.8 36.1 30.0
9.466667 3 226.4 205.7 36.3 30.0
9.500000 3 224.6 205.5 36.4 30.1
9.533333 3 222.8 205.3 36.6 30.1
9.566667 3 221.0 205.2 36.7 30.1
9.600000 3 219.3 205.0 36.8 30.1
9.633333 3 217.5 204.9 37.0 30.2
9.666667 3 215.7 204.7 37.1 30.2
9.700000 3 213.9 204.5 37.3 30.2
9.733333 3 212.1 204.4 37.4 30.2
9.766667 3 210.3 204.2 37.5 30.3
9.800000 3 208.5 204.0 37.7 30.3
9.833333 3 206.7 203.9 37.8 30.3
9.866667 3 204.9 203.7 38.0 30.3
9.900000 3 203.1 203.6 38.1 30.3
9.933333 3 201.3 203.4 38.2 30.4
9.966667 3 199.6 203.2 38.4 30.4
10.000000 3 197.8 203.1 38.5 30.4
10.033333 3 196.0 202.9 38.7 30.4
10.066667 3 194.2 202.7 38.8 30.5
10.100000 3 192.4 202.6 38.9 30.5
10.133333 3 190.6 202.4 39.1 30.5
10.166667 3 188.8 202.3 39.2 30.5
10.200000 3 187.0 202.1 39.3 30.6
10.233333 3 185.2 201.9 39.5 30.6
10.266667 3 183.4 201.8 39.6 30.6
10.300000 3 181.7 201.6 39.8 30.6
10.333333 3 179.9 201.4 39.9 30.7
10.366667 3 178.1 201.3 40.0 30.7
10.400000 3 176.3 201.1 40.2 30.7
10.433333 3 174.5 201.0 40.3 30.7
10.466667 3 172.7 200.8 40.5 30.7
10.500000 3 170.9 200.6 40.6 30.8
10.533333 3 169.1 200.5 40.7 30.8
10.566667 3 167.3 200.3 40.9 30.8
10.600000 3 165.5 200.1 41.0 30.8
10.633333 3 163.7 200.0 41.2 30.9
10.666667 3 162.0 199.8 41.3 30.9
10.700000 3 160.2 199.7 41.4 30.9
10.733333 3 158.4 199.5 41.6 30.9
10.766667 3 156.6 199.3 41.7 31.0
10.800000 3 154.8 199.2 41.9 31.0
10.833333 3 153.0 199.0 42.0 31.0
