0.033333 3 484.0 226.0 33.0 30.0
0.066667 3 482.5 225.9 33.4 30.0
0.100000 3 481.0 225.7 33.9 30.1
0.133333 3 479.6 225.6 34.3 30.1
0.166667 3 478.1 225.5 34.7 30.2
0.200000 3 476.6 225.3 35.2 30.2
0.233333 3 475.1 225.2 35.6 30.3
0.266667 3 473.7 225.1 36.0 30.3
0.300000 3 472.2 225.0 36.5 30.3
0.333333 3 470.7 224.8 36.9 30.4
0.366667 3 469.2 224.7 37.3 30.4
0.400000 3 467.7 224.6 37.8 30.5
0.433333 3 466.3 224.4 38.2 30.5
0.466667 3 464.8 224.3 38.7 30.6
0.500000 3 463.3 224.2 39.1 30.6
0.533333 3 461.8 224.0 39.5 30.7
0.566667 3 460.3 223.9 40.0 30.7
0.600000 3 458.9 223.8 40.4 30.7
0.633333 3 457.4 223.7 40.8 30.8
0.666667 3 455.9 223.5 41.3 30.8
0.700000 3 454.4 223.4 41.7 30.9
0.733333 3 453.0 223.3 42.1 30.9
0.766667 3 451.5 223.1 42.6 31.0
0.800000 3 450.0 223.0 43.0 31.0
0.833333 3 448.4 222.9 43.0 31.0
0.866667 3 446.8 222.8 43.0 31.0
0.900000 3 445.3 222.6 43.0 31.0
0.933333 3 443.7 222.5 43.0 31.0
0.966667 3 442.1 222.4 43.0 31.0
1.000000 3 440.5 222.3 43.0 31.0
1.033333 3 438.9 222.1 43.0 31.0
1.066667 3 437.3 222.0 43.0 31.0
1.100000 3 435.8 221.9 43.0 31.0
1.133333 3 434.2 221.8 43.0 31.0
1.166667 3 432.6 221.6 43.0 31.0
1.200000 3 431.0 221.5 43.0 31.0
1.233333 3 429.4 221.4 43.0 31.0
1.266667 3 427.8 221.3 43.0 31.0
1.300000 3 426.3 221.1 43.0 31.0
1.333333 3 424.7 221.0 43.0 31.0
1.366667 3 423.1 220.9 43.0 31.0
1.400000 3 421.5 220.8 43.0 31.0
1.433333 3 419.9 220.6 43.0 31.0
1.466667 3 418.3 220.5 43.0 31.0
1.500000 3 416.8 220.4 43.0 31.0
1.533333 3 415.2 220.3 43.0 31.0
1.566667 3 413.6 220.1 43.0 31.0
1.600000 3 412.0 220.0 43.0 31.0
1.633333 3 410.4 220.0 42.8 31.0
1.666667 3 408.9 220.0 42.7 30.9
1.700000 3 407.3 220.0 42.5 30.9
1.733333 3 405.7 220.0 42.3 30.8
1.766667 3 404.2 220.0 42.1 30.8
1.800000 3 402.6 220.0 42.0 30.7
1.833333 3 401.0 220.0 41.8 30.7
1.866667 3 399.5 220.0 41.6 30.7
1.900000 3 397.9 220.0 41.4 30.6
1.933333 3 396.3 220.0 41.3 30.6
1.966667 3 394.8 220.0 41.1 30.5
2.000000 3 393.2 220.0 40.9 30.5
2.033333 3 391.7 220.0 40.7 30.4
2.066667 3 390.1 220.0 40.6 30.4
2.100000 3 388.5 220.0 40.4 30.3
2.133333 3 387.0 220.0 40.2 30.3
2.166667 3 385.4 220.0 40.0 30.3
2.200000 3 383.8 220.0 39.9 30.2
2.233333 3 382.3 220.0 39.7 30.2
2.266667 3 380.7 220.0 39.5 30.1
2.300000 3 379.1 220.0 39.3 30.1
2.333333 3 377.6 220.0 39.2 30.0
2.366667 3 376.0 220.0 39.0 30.0
2.400000 3 374.3 219.9 39.0 30.1
2.433333 3 372.6 219.7 39.1 30.3
2.466667 3 370.9 219.6 39.1 30.4
2.500000 3 369.2 219.5 39.2 30.5
2.533333 3 367.5 219.3 39.2 30.7
2.566667 3 365.8 219.2 39.3 30.8
2.600000 3 364.1 219.1 39.3 30.9
2.633333 3 362.4 219.0 39.3 31.0
2.666667 3 360.7 218.8 39.4 31.2
2.700000 3 359.0 218.7 39.4 31.3
2.733333 3 357.3 218.6 39.5 31.4
2.766667 3 355.7 218.4 39.5 31.6
2.800000 3 354.0 218.3 39.6 31.7
2.833333 3 352.3 218.2 39.6 31.8
2.866667 3 350.6 218.0 39.7 32.0
2.900000 3 348.9 217.9 39.7 32.1
2.933333 3 347.2 217.8 39.7 32.2
2.966667 3 345.5 217.7 39.8 32.3
3.000000 3 343.8 217.5 39.8 32.5
3.033333 3 342.1 217.4 39.9 32.6
3.066667 3 340.4 217.3 39.9 32.7
3.100000 3 338.7 217.1 40.0 32.9
3.133333 3 337.0 217.0 40.0 33.0
3.166667 3 335.3 216.8 40.0 33.1
3.200000 3 333.6 216.5 40.1 33.2
3.233333 3 331.9 216.3 40.1 33.2
3.266667 3 330.2 216.1 40.2 33.3
3.300000 3 328.5 215.8 40.2 33.4
3.333333 3 326.8 215.6 40.2 33.5
3.366667 3 325.2 215.4 40.3 33.5
3.400000 3 323.5 215.2 40.3 33.6
3.433333 3 321.8 214.9 40.3 33.7
3.466667 3 320.1 214.7 40.4 33.8
3.500000 3 318.4 214.5 40.4 33.8
3.533333 3 316.7 214.2 40.5 33.9
3.566667 3 315.0 214.0 40.5 34.0
3.600000 3 313.3 213.8 40.5 34.1
3.633333 3 311.6 213.5 40.6 34.2
3.666667 3 309.9 213.3 40.6 34.2
3.700000 3 308.2 213.1 40.7 34.3
3.733333 3 306.5 212.8 40.7 34.4
3.766667 3 304.8 212.6 40.7 34.5
3.800000 3 303.2 212.4 40.8 34.5
3.833333 3 301.5 212.2 40.8 34.6
3.866667 3 299.8 211.9 40.8 34.7
3.900000 3 298.1 211.7 40.9 34.8
3.933333 3 296.4 211.5 40.9 34.8
3.966667 3 294.7 211.2 41.0 34.9
4.000000 3 293.0 211.0 41.0 35.0
4.033333 3 290.9 210.8 41.3 35.0
4.066667 3 288.8 210.5 41.7 34.9
4.100000 3 286.7 210.3 42.0 34.9
4.133333 3 284.6 210.0 42.3 34.8
4.166667 3 282.5 209.8 42.7 34.8
4.200000 3 280.4 209.6 43.0 34.7
4.233333 3 278.3 209.3 43.3 34.7
4.266667 3 276.2 209.1 43.7 34.6
4.300000 3 274.1 208.9 44.0 34.6
4.333333 3 272.0 208.6 44.3 34.5
4.366667 3 270.0 208.4 44.7 34.5
4.400000 3 267.9 208.1 45.0 34.4
4.433333 3 265.8 207.9 45.3 34.4
4.466667 3 263.7 207.7 45.7 34.3
4.500000 3 261.6 207.4 46.0 34.3
4.533333 3 259.5 207.2 46.3 34.2
4.566667 3 257.4 207.0 46.7 34.2
4.600000 3 255.3 206.7 47.0 34.1
4.633333 3 253.2 206.5 47.3 34.1
4.666667 3 251.1 206.2 47.7 34.0
4.700000 3 249.0 206.0 48.0 34.0
4.733333 3 247.9 206.0 47.7 34.1
4.766667 3 246.8 206.0 47.3 34.2
4.800000 3 245.7 206.0 47.0 34.3
4.833333 3 244.6 206.0 46.7 34.4
4.866667 3 243.4 206.0 46.3 34.6
4.900000 3 242.3 206.0 46.0 34.7
4.933333 3 241.2 206.0 45.7 34.8
4.966667 3 240.1 206.0 45.3 34.9
5.000000 3 239.0 206.0 45.0 35.0
5.033333 3 400.0 202.0 54.0 40.0
5.066667 3 399.6 201.8 54.5 40.5
5.100000 3 399.3 201.6 54.9 40.9
5.133333 3 398.9 201.5 55.4 41.4
5.166667 3 398.6 201.3 55.9 41.9
5.200000 3 398.2 201.1 56.4 42.4
5.233333 3 397.9 200.9 56.8 42.8
5.266667 3 397.5 200.8 57.3 43.3
5.300000 3 397.2 200.6 57.8 43.8
5.333333 3 396.8 200.4 58.2 44.2
5.366667 3 396.5 200.2 58.7 44.7
5.400000 3 396.1 200.1 59.2 45.2
5.433333 3 395.8 199.9 59.6 45.6
5.466667 3 395.4 199.7 60.1 46.1
5.500000 3 395.1 199.5 60.6 46.6
5.533333 3 394.7 199.4 61.1 47.1
5.566667 3 394.4 199.2 61.5 47.5
5.600000 3 394.0 199.0 62.0 48.0
5.633333 3 392.7 198.4 62.9 48.8
5.666667 3 391.4 197.7 63.8 49.6
5.700000 3 390.1 197.1 64.6 50.4
5.733333 3 388.7 196.5 65.5 51.3
5.766667 3 387.4 195.9 66.4 52.1
5.800000 3 386.1 195.2 67.3 52.9
5.833333 3 384.8 194.6 68.1 53.7
5.866667 3 383.5 194.0 69.0 54.5
5.900000 3 382.2 193.4 69.9 55.3
5.933333 3 380.9 192.7 70.8 56.1
5.966667 3 379.6 192.1 71.6 56.9
6.000000 3 378.2 191.5 72.5 57.8
6.033333 3 376.9 190.9 73.4 58.6
6.066667 3 375.6 190.2 74.3 59.4
6.100000 3 374.3 189.6 75.1 60.2
6.133333 3 373.0 189.0 76.0 61.0
6.166667 3 371.3 188.6 77.5 61.6
6.200000 3 369.6 188.3 79.0 62.1
6.233333 3 367.9 187.9 80.5 62.7
6.266667 3 366.1 187.6 82.0 63.3
6.300000 3 364.4 187.2 83.5 63.9
6.333333 3 362.7 186.9 85.0 64.4
6.366667 3 361.0 186.5 86.5 65.0
6.400000 3 359.3 186.1 88.0 65.6
6.433333 3 357.6 185.8 89.5 66.1
6.466667 3 355.9 185.4 91.0 66.7
6.500000 3 354.1 185.1 92.5 67.3
6.533333 3 352.4 184.7 94.0 67.9
6.566667 3 350.7 184.4 95.5 68.4
6.600000 3 349.0 184.0 97.0 69.0
6.633333 3 347.1 184.1 98.6 69.8
6.666667 3 345.2 184.1 100.2 70.6
6.700000 3 343.4 184.2 101.8 71.5
6.733333 3 341.5 184.2 103.4 72.3
6.766667 3 339.6 184.3 104.9 73.1
6.800000 3 337.7 184.4 106.5 73.9
6.833333 3 335.8 184.4 108.1 74.8
6.866667 3 333.9 184.5 109.7 75.6
6.900000 3 332.1 184.5 111.3 76.4
6.933333 3 330.2 184.6 112.9 77.2
6.966667 3 328.3 184.6 114.5 78.1
7.000000 3 326.4 184.7 116.1 78.9
7.033333 3 324.5 184.8 117.6 79.7
7.066667 3 322.6 184.8 119.2 80.5
7.100000 3 320.8 184.9 120.8 81.4
7.133333 3 318.9 184.9 122.4 82.2
7.166667 3 317.0 185.0 124.0 83.0
7.200000 3 315.2 184.8 126.0 84.6
7.233333 3 313.4 184.6 128.0 86.3
7.266667 3 311.6 184.4 130.0 87.9
7.300000 3 309.9 184.1 132.0 89.6
7.333333 3 308.1 183.9 134.0 91.2
7.366667 3 306.3 183.7 136.0 92.9
7.400000 3 304.5 183.5 138.0 94.5
7.433333 3 302.7 183.3 140.0 96.1
7.466667 3 300.9 183.1 142.0 97.8
7.500000 3 299.1 182.9 144.0 99.4
7.533333 3 297.4 182.6 146.0 101.1
7.566667 3 295.6 182.4 148.0 102.7
7.600000 3 293.8 182.2 150.0 104.4
7.633333 3 292.0 182.0 152.0 106.0
7.666667 3 288.1 179.2 157.7 109.6
7.700000 3 284.2 176.3 163.3 113.2
7.733333 3 280.3 173.5 169.0 116.7
7.766667 3 276.3 170.7 174.7 120.3
7.800000 3 272.4 167.8 180.3 123.9
7.833333 3 268.5 165.0 186.0 127.5
7.866667 3 264.6 162.2 191.7 131.1
7.900000 3 260.7 159.3 197.3 134.7
7.933333 3 256.8 156.5 203.0 138.2
7.966667 3 252.8 153.7 208.7 141.8
8.000000 3 248.9 150.8 214.3 145.4
8.033333 3 245.0 148.0 220.0 149.0
8.066667 3 242.7 146.7 224.7 153.1
8.100000 3 240.4 145.4 229.4 157.1
8.133333 3 238.1 144.1 234.1 161.2
8.166667 3 235.9 142.9 238.9 165.3
8.200000 3 233.6 141.6 243.6 169.4
8.233333 3 231.3 140.3 248.3 173.4
8.266667 3 229.0 139.0 253.0 177.5
8.300000 3 226.7 137.7 257.7 181.6
8.333333 3 224.4 136.4 262.4 185.6
8.366667 3 222.1 135.1 267.1 189.7
8.400000 3 219.9 133.9 271.9 193.8
8.433333 3 217.6 132.6 276.6 197.9
8.466667 3 215.3 131.3 281.3 201.9
8.500000 3 213.0 130.0 286.0 206.0
8.533333 3 209.7 128.3 290.8 207.3
8.566667 3 206.4 126.6 295.6 208.6
8.600000 3 203.1 124.9 300.4 209.9
8.633333 3 199.9 123.1 305.1 211.1
8.666667 3 196.6 121.4 309.9 212.4
8.700000 3 193.3 119.7 314.7 213.7
8.733333 3 190.0 118.0 319.5 215.0
8.766667 3 186.7 116.3 324.3 216.3
8.800000 3 183.4 114.6 329.1 217.6
8.833333 3 180.1 112.9 333.9 218.9
8.866667 3 176.9 111.1 338.6 220.1
8.900000 3 173.6 109.4 343.4 221.4
8.933333 3 170.3 107.7 348.2 222.7
8.966667 3 167.0 106.0 353.0 224.0
9.000000 3 164.9 105.7 352.6 224.5
9.033333 3 162.8 105.4 352.3 224.9
9.066667 3 160.6 105.1 351.9 225.4
9.100000 3 158.5 104.8 351.6 225.9
9.133333 3 156.4 104.5 351.2 226.4
9.166667 3 154.3 104.2 350.9 226.8
9.200000 3 152.2 103.9 350.5 227.3
9.233333 3 150.1 103.6 350.2 227.8
9.266667 3 147.9 103.4 349.8 228.2
9.300000 3 145.8 103.1 349.5 228.7
9.333333 3 143.7 102.8 349.1 229.2
9.366667 3 141.6 102.5 348.8 229.6
9.400000 3 139.5 102.2 348.4 230.1
9.433333 3 137.4 101.9 348.1 230.6
9.466667 3 135.2 101.6 347.7 231.1
9.500000 3 133.1 101.3 347.4 231.5
9.533333 3 131.0 101.0 347.0 232.0
9.566667 3 130.0 100.2 348.5 232.0
9.600000 3 129.0 99.5 350.0 232.0
9.633333 3 128.0 98.7 351.5 232.0
9.666667 3 127.0 98.0 353.0 232.0
9.700000 3 126.0 97.2 354.5 232.0
9.733333 3 125.0 96.5 356.0 232.0
9.766667 3 124.0 95.7 357.5 232.0
9.800000 3 123.0 95.0 359.0 232.0
9.833333 3 122.0 94.2 360.5 232.0
9.866667 3 121.0 93.5 362.0 232.0
9.900000 3 120.0 92.7 363.5 232.0
9.933333 3 119.0 92.0 365.0 232.0
9.966667 3 118.0 91.2 366.5 232.0
10.000000 3 117.0 90.5 368.0 232.0
10.033333 3 116.0 89.7 369.5 232.0
10.066667 3 115.0 89.0 371.0 232.0
10.100000 3 108.5 85.7 371.0 235.0
10.133333 3 102.0 82.5 371.0 238.0
10.166667 3 95.5 79.2 371.0 241.0
10.200000 3 89.0 76.0 371.0 244.0
