0.033333 3 152.4 147.0 278.3 188.1
0.066667 3 153.8 147.4 277.1 187.2
0.100000 3 154.9 147.3 276.0 186.0
0.133333 3 156.0 147.4 275.3 185.4
0.166667 3 156.9 147.8 274.5 184.6
0.200000 3 158.2 148.2 273.3 183.3
0.233333 3 159.3 148.3 272.3 182.4
0.266667 3 160.6 148.6 271.2 181.3
0.300000 3 161.5 148.4 270.7 181.0
0.333333 3 162.5 148.4 270.2 180.5
0.366667 3 164.4 149.1 268.9 179.2
0.400000 3 165.6 149.2 268.1 178.2
0.433333 3 167.1 149.3 267.3 177.6
0.466667 3 168.7 149.8 266.5 176.7
0.500000 3 170.1 150.3 265.6 175.9
0.533333 3 171.1 150.2 264.6 175.0
0.566667 3 171.8 150.0 264.3 174.6
0.600000 3 173.2 150.9 262.7 173.2
0.633333 3 173.8 151.1 262.4 173.0
0.666667 3 174.8 151.8 261.1 171.7
0.700000 3 174.8 151.8 261.1 171.7
0.733333 3 176.6 152.5 259.7 170.8
0.766667 3 178.2 153.5 258.2 169.3
0.800000 3 178.2 153.5 258.2 169.3
0.833333 3 179.6 153.7 257.2 168.7
0.866667 3 180.6 153.9 256.7 168.5
0.900000 3 180.6 153.9 256.7 168.4
0.933333 3 182.9 154.2 255.3 167.3
0.966667 3 183.5 154.0 255.1 167.3
1.000000 3 183.5 154.0 255.1 167.3
1.033333 3 184.9 153.8 253.8 166.3
1.066667 3 184.9 153.8 253.8 166.3
1.100000 3 185.3 153.3 253.2 165.8
1.133333 3 186.1 152.5 252.4 165.4
1.166667 3 186.1 152.5 252.4 165.4
1.200000 3 187.1 152.9 250.9 164.2
1.233333 3 187.3 151.0 250.3 164.2
1.266667 3 187.3 151.0 250.3 164.2
1.300000 3 187.5 150.4 250.1 164.4
1.333333 3 188.6 150.6 248.8 163.4
1.366667 3 188.6 150.5 248.8 163.4
1.400000 3 188.6 149.8 249.1 164.0
1.433333 3 189.4 149.9 248.1 163.2
1.466667 3 189.5 149.2 247.9 163.3
1.500000 3 189.6 148.8 247.7 163.1
1.533333 3 189.6 148.8 247.0 162.6
1.566667 3 189.2 148.7 247.3 163.1
1.600000 3 189.4 148.9 246.5 162.4
1.633333 3 188.8 148.7 246.5 162.7
1.666667 3 188.6 149.3 245.8 162.0
1.700000 3 188.2 149.2 245.7 162.1
1.733333 3 187.7 149.5 245.3 161.6
1.766667 3 187.7 149.7 244.3 160.8
1.800000 3 187.0 149.2 244.1 161.0
1.833333 3 187.1 149.7 243.1 160.0
1.866667 3 186.7 149.9 242.8 159.8
1.900000 3 186.8 150.3 242.5 159.4
1.933333 3 187.0 150.1 241.5 158.5
1.966667 3 186.5 149.5 241.9 159.1
2.000000 3 187.3 150.1 241.1 158.4
2.033333 3 187.7 150.5 240.5 158.1
2.066667 3 188.4 150.8 239.9 157.4
2.100000 3 189.6 151.4 238.9 156.4
2.133333 3 190.3 151.5 238.6 156.3
2.166667 3 191.4 152.3 237.5 155.2
2.200000 3 192.3 152.6 237.3 155.2
2.233333 3 193.4 153.1 236.8 154.7
2.266667 3 194.0 153.6 236.7 154.5
2.300000 3 195.0 154.4 236.2 153.9
2.333333 3 196.6 156.1 234.9 152.6
2.366667 3 197.2 156.8 234.7 153.0
2.400000 3 198.5 158.2 233.8 151.9
2.433333 3 199.1 158.9 233.4 152.0
2.466667 3 200.0 159.8 232.6 151.1
2.500000 3 201.4 161.1 231.2 149.5
2.533333 3 201.4 161.4 231.1 150.1
2.566667 3 202.1 162.4 230.0 149.0
2.600000 3 202.1 162.3 229.4 148.9
2.633333 3 202.2 162.0 228.6 147.9
2.666667 3 202.6 162.2 227.1 146.5
2.700000 3 201.8 161.7 227.6 147.5
2.733333 3 202.6 162.2 226.4 145.8
2.766667 3 202.4 161.7 226.1 146.1
2.800000 3 202.9 161.6 225.5 145.7
2.833333 3 203.5 161.8 224.8 145.2
2.866667 3 203.7 162.0 224.5 144.9
2.900000 3 204.5 162.6 223.6 143.9
2.933333 3 204.5 162.5 223.5 144.5
2.966667 3 205.6 163.0 222.5 143.2
3.000000 3 205.8 163.3 221.8 143.2
3.033333 3 206.4 163.7 220.8 142.2
3.066667 3 207.5 164.8 218.8 140.3
3.100000 3 206.8 164.3 219.0 141.3
3.133333 3 206.9 164.3 217.9 140.3
3.166667 3 206.4 164.0 217.5 140.4
3.200000 3 206.6 164.1 216.5 139.5
3.233333 3 206.6 164.7 215.3 138.2
3.266667 3 205.5 164.0 215.4 138.9
3.300000 3 205.4 163.5 214.6 138.0
3.333333 3 205.1 162.4 214.3 138.3
3.366667 3 205.1 162.0 213.9 137.6
3.400000 3 205.6 162.2 212.8 136.8
3.433333 3 205.2 161.7 212.9 137.1
3.466667 3 205.6 161.9 212.1 136.4
3.500000 3 205.4 161.7 211.8 136.5
3.533333 3 205.5 162.1 211.3 135.9
3.566667 3 206.1 162.5 210.1 135.0
3.600000 3 206.4 162.6 209.8 135.0
3.633333 3 207.2 163.2 208.7 133.7
3.666667 3 207.3 162.7 209.1 134.6
3.700000 3 208.3 163.1 208.4 133.7
3.733333 3 208.6 163.9 208.0 133.4
3.766667 3 209.0 164.9 207.9 133.2
3.800000 3 209.6 166.3 206.6 131.7
3.833333 3 209.4 166.8 207.1 132.6
3.866667 3 209.4 167.8 206.8 132.1
3.900000 3 209.3 169.3 206.1 131.8
3.933333 3 210.3 170.6 204.9 130.8
3.966667 3 211.0 170.8 203.9 129.5
4.000000 3 210.7 170.5 204.0 130.0
4.033333 3 211.6 171.7 203.3 129.1
4.066667 3 212.0 172.7 202.6 128.7
4.100000 3 211.8 173.1 202.1 128.2
4.133333 3 212.4 173.7 201.1 127.4
4.166667 3 212.3 173.6 200.8 127.3
4.200000 3 212.5 173.9 200.0 126.4
4.233333 3 212.7 173.8 199.3 126.1
4.266667 3 213.2 173.9 198.6 125.1
4.300000 3 213.0 173.4 198.3 125.2
4.333333 3 213.3 173.2 197.6 124.6
4.366667 3 213.6 173.3 196.6 123.6
4.400000 3 213.5 173.3 196.0 123.3
4.433333 3 213.6 173.3 195.3 122.5
4.466667 3 213.3 173.0 194.7 122.3
4.500000 3 213.2 172.9 194.3 122.1
4.533333 3 213.5 172.9 193.2 121.0
4.566667 3 213.3 172.2 193.4 121.6
4.600000 3 213.5 172.0 192.9 121.0
4.633333 3 213.3 171.0 192.7 121.0
4.666667 3 213.7 170.8 192.3 120.6
4.700000 3 214.3 171.7 191.3 119.4
4.733333 3 213.7 171.5 191.6 120.2
4.766667 3 213.6 171.7 191.4 119.9
4.800000 3 213.4 172.2 190.8 119.6
4.833333 3 213.2 172.5 190.4 119.3
4.866667 3 212.8 172.7 190.1 119.1
4.900000 3 212.7 172.5 189.6 119.0
4.933333 3 212.7 172.9 188.9 118.4
4.966667 3 212.6 172.9 188.2 118.0
5.000000 3 212.6 172.9 187.5 117.2
5.033333 3 212.1 173.1 187.0 116.9
5.066667 3 211.3 173.1 187.1 117.3
5.100000 3 211.2 173.3 186.5 116.4
5.133333 3 210.7 173.5 186.0 116.0
5.166667 3 210.5 173.9 185.2 115.1
5.200000 3 209.7 173.9 185.1 115.1
5.233333 3 209.5 174.5 184.6 114.6
5.266667 3 209.6 174.1 184.4 115.1
5.300000 3 209.3 174.0 183.7 114.0
5.333333 3 312.0 221.0 102.0 88.0
5.366667 3 308.6 222.8 105.6 86.0
5.400000 3 305.2 224.6 109.2 84.0
5.433333 3 301.8 226.4 112.8 82.0
5.466667 3 298.4 228.2 116.4 80.0
5.500000 3 295.0 230.0 120.0 78.0
5.533333 3 294.3 229.3 120.2 79.5
5.566667 3 293.5 228.5 120.4 80.9
5.600000 3 292.8 227.8 120.5 82.4
5.633333 3 292.1 227.1 120.7 83.8
5.666667 3 291.4 226.4 120.9 85.3
5.700000 3 290.6 225.6 121.1 86.7
5.733333 3 289.9 224.9 121.3 88.2
5.766667 3 289.2 224.2 121.5 89.6
5.800000 3 288.5 223.5 121.6 91.1
5.833333 3 287.7 222.7 121.8 92.5
5.866667 3 287.0 222.0 122.0 94.0
5.900000 3 286.9 222.1 122.6 94.4
5.933333 3 286.9 222.3 123.3 94.9
5.966667 3 286.8 222.4 123.9 95.3
6.000000 3 286.7 222.6 124.6 95.7
6.033333 3 286.6 222.7 125.2 96.1
6.066667 3 286.6 222.9 125.9 96.6
6.100000 3 286.5 223.0 126.5 97.0
6.133333 3 286.4 223.1 127.1 97.4
6.166667 3 286.4 223.3 127.8 97.9
6.200000 3 286.3 223.4 128.4 98.3
6.233333 3 286.2 223.6 129.1 98.7
6.266667 3 286.1 223.7 129.7 99.1
6.300000 3 286.1 223.9 130.4 99.6
6.333333 3 286.0 224.0 131.0 100.0
6.366667 3 286.5 224.8 130.9 99.7
6.400000 3 286.9 225.6 130.8 99.5
6.433333 3 287.4 226.5 130.7 99.2
6.466667 3 287.8 227.3 130.6 98.9
6.500000 3 288.3 228.1 130.5 98.6
6.533333 3 288.7 228.9 130.5 98.4
6.566667 3 289.2 229.7 130.4 98.1
6.600000 3 289.6 230.5 130.3 97.8
6.633333 3 290.1 231.4 130.2 97.5
6.666667 3 290.5 232.2 130.1 97.3
6.700000 3 291.0 233.0 130.0 97.0
6.733333 3 291.6 233.0 129.4 97.3
6.766667 3 292.2 233.0 128.8 97.7
6.800000 3 292.8 233.0 128.2 98.0
6.833333 3 293.4 233.0 127.6 98.3
6.866667 3 294.0 233.0 127.0 98.7
6.900000 3 294.6 233.0 126.4 99.0
6.933333 3 295.2 233.0 125.8 99.3
6.966667 3 295.8 233.0 125.2 99.7
7.000000 3 296.4 233.0 124.6 100.0
7.033333 3 297.0 233.0 124.0 100.3
7.066667 3 297.6 233.0 123.4 100.7
7.100000 3 298.2 233.0 122.8 101.0
7.133333 3 298.8 233.0 122.2 101.3
7.166667 3 299.4 233.0 121.6 101.7
7.200000 3 300.0 233.0 121.0 102.0
7.233333 3 289.9 220.2 140.1 123.5
7.266667 3 291.2 219.7 140.3 123.6
7.300000 3 292.5 218.9 140.7 123.9
7.333333 3 294.1 218.4 140.9 124.1
7.366667 3 295.8 217.6 141.3 124.6
7.400000 3 298.0 217.0 141.5 124.6
7.433333 3 300.0 216.5 141.6 124.8
7.466667 3 302.2 215.8 142.1 125.2
7.500000 3 304.7 215.4 142.0 125.0
7.533333 3 306.8 215.2 142.2 125.2
7.566667 3 309.4 214.9 142.3 125.2
7.600000 3 312.8 215.5 141.2 124.0
7.633333 3 315.0 215.1 141.7 124.3
7.666667 3 316.6 214.4 142.4 125.0
7.700000 3 318.4 214.1 142.5 125.0
7.733333 3 320.0 213.6 143.1 125.6
7.766667 3 321.5 213.5 143.0 125.4
7.800000 3 323.3 213.9 142.5 124.8
7.833333 3 324.3 213.7 142.9 125.2
7.866667 3 325.2 213.5 143.1 125.3
7.900000 3 326.1 213.3 143.4 125.5
7.933333 3 327.0 213.5 143.4 125.3
7.966667 3 327.4 213.5 143.4 125.2
8.000000 3 327.3 213.3 143.6 125.3
8.033333 3 327.1 213.0 143.5 125.2
8.066667 3 326.6 212.4 143.9 125.5
8.100000 3 325.9 211.8 144.6 126.1
8.133333 3 325.5 211.6 144.6 126.1
8.166667 3 325.0 211.3 144.2 125.5
8.200000 3 323.6 210.3 145.1 126.4
8.233333 3 323.0 210.0 145.2 126.5
8.266667 3 322.2 209.2 145.9 127.1
8.300000 3 321.4 208.9 146.3 127.4
8.333333 3 320.2 208.6 146.7 127.7
8.366667 3 319.5 208.4 146.4 127.3
8.400000 3 318.2 207.6 146.9 127.8
8.433333 3 316.5 206.6 147.9 128.8
8.466667 3 315.5 205.8 148.4 129.2
8.500000 3 314.5 205.1 148.9 129.7
8.533333 3 313.5 204.4 149.6 130.1
8.566667 3 313.1 204.6 149.0 129.4
8.600000 3 312.4 204.0 149.2 129.5
8.633333 3 311.9 203.7 149.8 130.0
8.666667 3 311.2 203.3 150.4 130.5
8.700000 3 310.3 202.8 150.9 130.9
8.733333 3 310.0 202.8 150.8 130.6
8.766667 3 310.0 203.0 150.2 129.8
8.800000 3 309.4 202.6 150.9 130.3
8.833333 3 309.1 202.2 151.5 130.9
8.866667 3 309.1 201.8 151.8 131.0
8.900000 3 309.3 201.4 152.2 131.3
8.933333 3 309.8 201.1 152.5 131.3
8.966667 3 311.1 201.9 151.3 129.9
9.000000 3 311.3 201.7 151.7 130.1
9.033333 3 311.4 200.9 152.6 130.9
9.066667 3 311.5 200.2 153.1 131.3
9.100000 3 311.8 199.7 153.9 131.8
9.133333 3 312.5 199.6 154.0 131.7
9.166667 3 313.8 200.2 152.8 130.2
9.200000 3 314.0 199.5 153.6 130.9
9.233333 3 314.0 198.4 154.6 131.7
9.266667 3 314.7 197.6 155.1 132.1
9.300000 3 315.3 196.9 155.6 132.5
9.333333 3 316.1 196.4 156.4 133.0
9.366667 3 318.2 197.2 155.6 131.9
9.400000 3 318.9 196.7 156.2 132.4
9.433333 3 319.7 196.2 156.8 132.8
9.466667 3 319.8 195.8 158.0 133.7
9.500000 3 320.2 195.4 158.6 134.2
9.533333 3 321.0 195.7 158.8 134.1
9.566667 3 321.2 196.0 158.9 134.0
9.600000 3 320.7 195.9 159.8 134.7
9.633333 3 320.4 196.4 160.4 135.2
9.666667 3 319.6 196.8 161.4 135.9
9.700000 3 319.4 197.9 161.7 136.1
9.733333 3 318.3 198.7 162.9 136.9
9.766667 3 317.3 200.0 163.2 137.0
9.800000 3 316.9 201.2 163.7 137.4
9.833333 3 315.4 202.0 165.4 138.9
9.866667 3 314.7 203.2 166.3 139.6
9.900000 3 313.6 204.0 167.9 141.2
9.933333 3 312.3 204.3 169.4 142.6
9.966667 3 311.4 205.1 170.4 143.5
10.000000 3 310.2 205.4 171.8 144.8
10.033333 3 308.8 205.8 172.9 145.6
10.066667 3 307.7 206.1 173.8 146.4
10.100000 3 306.4 206.0 175.2 147.7
10.133333 3 305.0 205.7 176.9 149.3
10.166667 3 304.2 205.9 177.9 150.2
10.200000 3 303.7 206.2 178.9 151.0
10.233333 3 302.8 206.3 180.0 151.9
10.266667 3 302.2 206.7 180.6 152.4
10.300000 3 302.0 207.3 181.2 152.8
10.333333 3 301.6 207.6 182.3 153.7
10.366667 3 302.9 210.1 180.7 151.9
10.400000 3 304.0 212.0 180.0 151.0
