0.000000 3 255.0 170.0 82.0 89.0
0.033333 3 254.3 171.1 82.1 88.5
0.066667 3 253.6 172.1 82.1 88.0
0.100000 3 252.9 173.2 82.2 87.5
0.133333 3 252.1 174.3 82.3 87.0
0.166667 3 251.4 175.4 82.4 86.5
0.200000 3 250.7 176.4 82.4 86.0
0.233333 3 250.0 177.5 82.5 85.5
0.266667 3 249.3 178.6 82.6 85.0
0.300000 3 248.6 179.6 82.6 84.5
0.333333 3 247.9 180.7 82.7 84.0
0.366667 3 247.1 181.8 82.8 83.5
0.400000 3 246.4 182.9 82.9 83.0
0.433333 3 245.7 183.9 82.9 82.5
0.466667 3 245.0 185.0 83.0 82.0
0.500000 3 244.0 184.7 84.1 83.4
0.533333 3 243.0 184.5 85.1 84.7
0.566667 3 242.0 184.2 86.2 86.1
0.600000 3 241.0 183.9 87.2 87.5
0.633333 3 240.0 183.7 88.3 88.8
0.666667 3 239.0 183.4 89.3 90.2
0.700000 3 238.0 183.2 90.4 91.6
0.733333 3 237.0 182.9 91.4 92.9
0.766667 3 236.0 182.6 92.5 94.3
0.800000 3 235.0 182.4 93.5 95.7
0.833333 3 234.0 182.1 94.6 97.1
0.866667 3 233.0 181.8 95.6 98.4
0.900000 3 232.0 181.6 96.7 99.8
0.933333 3 231.0 181.3 97.7 101.2
0.966667 3 230.0 181.1 98.8 102.5
1.000000 3 229.0 180.8 99.8 103.9
1.033333 3 228.0 180.5 100.9 105.3
1.066667 3 227.0 180.3 101.9 106.6
1.100000 3 226.0 180.0 103.0 108.0
1.133333 3 227.6 181.8 101.5 107.1
1.166667 3 229.2 183.7 99.9 106.2
1.200000 3 230.8 185.5 98.4 105.2
1.233333 3 232.5 187.4 96.8 104.3
1.266667 3 234.1 189.2 95.3 103.4
1.300000 3 235.7 191.1 93.8 102.5
1.333333 3 237.3 192.9 92.2 101.5
1.366667 3 238.9 194.8 90.7 100.6
1.400000 3 240.5 196.6 89.2 99.7
1.433333 3 242.2 198.5 87.6 98.8
1.466667 3 243.8 200.3 86.1 97.8
1.500000 3 245.4 202.2 84.5 96.9
1.533333 3 247.0 204.0 83.0 96.0
1.566667 3 246.0 204.6 84.1 96.3
1.600000 3 245.0 205.2 85.1 96.6
1.633333 3 244.0 205.9 86.2 96.9
1.666667 3 243.0 206.5 87.2 97.2
1.700000 3 242.0 207.1 88.3 97.6
1.733333 3 241.0 207.7 89.4 97.9
1.766667 3 240.0 208.4 90.4 98.2
1.800000 3 239.0 209.0 91.5 98.5
1.833333 3 238.0 209.6 92.6 98.8
1.866667 3 237.0 210.2 93.6 99.1
1.900000 3 236.0 210.9 94.7 99.4
1.933333 3 235.0 211.5 95.7 99.7
1.966667 3 234.0 212.1 96.8 100.1
2.000000 3 233.0 212.7 97.9 100.4
2.033333 3 232.0 213.4 98.9 100.7
2.066667 3 231.0 214.0 100.0 101.0
2.100000 3 230.7 212.1 101.1 101.7
2.133333 3 230.4 210.1 102.3 102.4
2.166667 3 230.1 208.2 103.4 103.1
2.200000 3 229.9 206.3 104.6 103.9
2.233333 3 229.6 204.4 105.7 104.6
2.266667 3 229.3 202.4 106.9 105.3
2.300000 3 229.0 200.5 108.0 106.0
2.333333 3 228.7 198.6 109.1 106.7
2.366667 3 228.4 196.6 110.3 107.4
2.400000 3 228.1 194.7 111.4 108.1
2.433333 3 227.9 192.8 112.6 108.9
2.466667 3 227.6 190.9 113.7 109.6
2.500000 3 227.3 188.9 114.9 110.3
2.533333 3 227.0 187.0 116.0 111.0
2.566667 3 227.1 186.1 115.3 111.8
2.600000 3 227.2 185.2 114.7 112.7
2.633333 3 227.2 184.2 114.0 113.5
2.666667 3 227.3 183.3 113.3 114.3
2.700000 3 227.4 182.4 112.7 115.2
2.733333 3 227.5 181.5 112.0 116.0
2.766667 3 227.6 180.6 111.3 116.8
2.800000 3 227.7 179.7 110.7 117.7
2.833333 3 227.7 178.7 110.0 118.5
2.866667 3 227.8 177.8 109.3 119.3
2.900000 3 227.9 176.9 108.7 120.2
2.933333 3 228.0 176.0 108.0 121.0
2.966667 3 226.1 175.6 108.9 121.2
3.000000 3 224.3 175.1 109.9 121.4
3.033333 3 222.4 174.7 110.8 121.6
3.066667 3 220.6 174.3 111.7 121.9
3.100000 3 218.7 173.9 112.6 122.1
3.133333 3 216.9 173.4 113.6 122.3
3.166667 3 215.0 173.0 114.5 122.5
3.200000 3 213.1 172.6 115.4 122.7
3.233333 3 211.3 172.1 116.4 122.9
3.266667 3 209.4 171.7 117.3 123.1
3.300000 3 207.6 171.3 118.2 123.4
3.333333 3 205.7 170.9 119.1 123.6
3.366667 3 203.9 170.4 120.1 123.8
3.400000 3 202.0 170.0 121.0 124.0
3.433333 3 202.7 171.4 119.7 123.8
3.466667 3 203.4 172.8 118.4 123.6
3.500000 3 204.1 174.2 117.1 123.4
3.533333 3 204.8 175.6 115.8 123.2
3.566667 3 205.5 177.0 114.5 123.0
3.600000 3 206.2 178.4 113.2 122.8
3.633333 3 206.9 179.8 111.9 122.6
3.666667 3 207.6 181.2 110.6 122.4
3.700000 3 208.3 182.6 109.3 122.2
3.733333 3 209.0 184.0 108.0 122.0
3.766667 3 208.9 185.5 109.4 122.3
3.800000 3 208.8 187.0 110.8 122.6
3.833333 3 208.7 188.5 112.2 122.9
3.866667 3 208.6 190.0 113.6 123.2
3.900000 3 208.5 191.5 115.0 123.5
3.933333 3 208.4 193.0 116.4 123.8
3.966667 3 208.3 194.5 117.8 124.1
4.000000 3 208.2 196.0 119.2 124.4
4.033333 3 208.1 197.5 120.6 124.7
4.066667 3 208.0 199.0 122.0 125.0
4.100000 3 207.1 199.3 122.7 125.2
4.133333 3 206.2 199.7 123.3 125.4
4.166667 3 205.3 200.0 124.0 125.7
4.200000 3 204.4 200.3 124.7 125.9
4.233333 3 203.6 200.7 125.3 126.1
4.266667 3 202.7 201.0 126.0 126.3
4.300000 3 201.8 201.3 126.7 126.6
4.333333 3 200.9 201.7 127.3 126.8
4.366667 3 200.0 202.0 128.0 127.0
4.400000 3 201.4 201.8 127.5 127.3
4.433333 3 202.8 201.5 126.9 127.6
4.466667 3 204.2 201.3 126.4 127.9
4.500000 3 205.5 201.1 125.8 128.2
4.533333 3 206.9 200.8 125.3 128.5
4.566667 3 208.3 200.6 124.8 128.8
4.600000 3 209.7 200.4 124.2 129.2
4.633333 3 211.1 200.2 123.7 129.5
4.666667 3 212.5 199.9 123.2 129.8
4.700000 3 213.8 199.7 122.6 130.1
4.733333 3 215.2 199.5 122.1 130.4
4.766667 3 216.6 199.2 121.5 130.7
4.800000 3 218.0 199.0 121.0 131.0
4.833333 3 216.8 199.3 121.0 130.3
4.866667 3 215.7 199.6 121.0 129.6
4.900000 3 214.5 199.9 121.0 128.9
4.933333 3 213.4 200.2 121.0 128.2
4.966667 3 212.2 200.5 121.0 127.5
5.000000 3 211.1 200.8 121.0 126.8
5.033333 3 209.9 201.2 121.0 126.2
5.066667 3 208.8 201.5 121.0 125.5
5.100000 3 207.6 201.8 121.0 124.8
5.133333 3 206.5 202.1 121.0 124.1
5.166667 3 205.3 202.4 121.0 123.4
5.200000 3 204.2 202.7 121.0 122.7
5.233333 3 203.0 203.0 121.0 122.0
5.266667 3 202.9 203.1 120.4 121.9
5.300000 3 202.9 203.3 119.7 121.9
5.333333 3 202.8 203.4 119.1 121.8
5.366667 3 202.7 203.6 118.4 121.7
5.400000 3 202.6 203.7 117.8 121.6
5.433333 3 202.6 203.9 117.1 121.6
5.466667 3 202.5 204.0 116.5 121.5
5.500000 3 202.4 204.1 115.9 121.4
5.533333 3 202.4 204.3 115.2 121.4
5.566667 3 202.3 204.4 114.6 121.3
5.600000 3 202.2 204.6 113.9 121.2
5.633333 3 202.1 204.7 113.3 121.1
5.666667 3 202.1 204.9 112.6 121.1
5.700000 3 202.0 205.0 112.0 121.0
5.733333 3 203.6 204.9 112.4 120.7
5.766667 3 205.2 204.8 112.8 120.4
5.800000 3 206.8 204.7 113.2 120.1
5.833333 3 208.4 204.6 113.6 119.8
5.866667 3 210.0 204.5 114.0 119.5
5.900000 3 211.6 204.4 114.4 119.2
5.933333 3 213.2 204.3 114.8 118.9
5.966667 3 214.8 204.2 115.2 118.6
6.000000 3 216.4 204.1 115.6 118.3
6.033333 3 218.0 204.0 116.0 118.0
6.066667 3 218.5 203.8 115.8 117.8
6.100000 3 219.1 203.6 115.6 117.6
6.133333 3 219.6 203.5 115.5 117.5
6.166667 3 220.2 203.3 115.3 117.3
6.200000 3 220.7 203.1 115.1 117.1
6.233333 3 221.3 202.9 114.9 116.9
6.266667 3 221.8 202.7 114.7 116.7
6.300000 3 222.4 202.5 114.5 116.5
6.333333 3 222.9 202.4 114.4 116.4
6.366667 3 223.5 202.2 114.2 116.2
6.400000 3 224.0 202.0 114.0 116.0
6.433333 3 223.2 202.7 114.2 114.9
6.466667 3 222.4 203.5 114.4 113.8
6.500000 3 221.5 204.2 114.5 112.7
6.533333 3 220.7 204.9 114.7 111.6
6.566667 3 219.9 205.6 114.9 110.5
6.600000 3 219.1 206.4 115.1 109.5
6.633333 3 218.3 207.1 115.3 108.4
6.666667 3 217.5 207.8 115.5 107.3
6.700000 3 216.6 208.5 115.6 106.2
6.733333 3 215.8 209.3 115.8 105.1
6.766667 3 215.0 210.0 116.0 104.0
6.800000 3 215.8 209.1 115.7 104.9
6.833333 3 216.5 208.2 115.5 105.8
6.866667 3 217.3 207.4 115.2 106.6
6.900000 3 218.0 206.5 115.0 107.5
6.933333 3 218.8 205.6 114.7 108.4
6.966667 3 219.5 204.7 114.5 109.3
7.000000 3 220.3 203.9 114.2 110.1
7.033333 3 221.0 203.0 114.0 111.0
7.066667 3 221.9 202.6 112.9 111.1
7.100000 3 222.8 202.1 111.8 111.2
7.133333 3 223.7 201.7 110.7 111.3
7.166667 3 224.6 201.2 109.6 111.4
7.200000 3 225.4 200.8 108.4 111.6
7.233333 3 226.3 200.3 107.3 111.7
7.266667 3 227.2 199.9 106.2 111.8
7.300000 3 228.1 199.4 105.1 111.9
7.333333 3 229.0 199.0 104.0 112.0
7.366667 3 227.9 198.8 104.3 112.3
7.400000 3 226.8 198.6 104.6 112.6
7.433333 3 225.7 198.4 104.9 112.9
7.466667 3 224.6 198.2 105.2 113.2
7.500000 3 223.5 198.0 105.5 113.5
7.533333 3 222.4 197.8 105.8 113.8
7.566667 3 221.3 197.6 106.1 114.1
7.600000 3 220.2 197.4 106.4 114.4
7.633333 3 219.1 197.2 106.7 114.7
7.666667 3 218.0 197.0 107.0 115.0
7.700000 3 216.1 197.3 107.1 114.4
7.733333 3 214.2 197.5 107.3 113.7
7.766667 3 212.4 197.8 107.4 113.1
7.800000 3 210.5 198.0 107.5 112.5
7.833333 3 208.6 198.3 107.6 111.9
7.866667 3 206.7 198.5 107.8 111.2
7.900000 3 204.9 198.8 107.9 110.6
7.933333 3 203.0 199.0 108.0 110.0
7.966667 3 202.2 200.1 107.8 109.5
8.000000 3 201.4 201.2 107.6 108.9
8.033333 3 200.5 202.3 107.5 108.4
8.066667 3 199.7 203.4 107.3 107.8
8.100000 3 198.9 204.5 107.1 107.3
8.133333 3 198.1 205.5 106.9 106.7
8.166667 3 197.3 206.6 106.7 106.2
8.200000 3 196.5 207.7 106.5 105.6
8.233333 3 195.6 208.8 106.4 105.1
8.266667 3 194.8 209.9 106.2 104.5
8.300000 3 194.0 211.0 106.0 104.0
8.333333 3 193.1 212.0 105.4 103.9
8.366667 3 192.3 213.0 104.9 103.7
8.400000 3 191.4 214.0 104.3 103.6
8.433333 3 190.6 215.0 103.7 103.4
8.466667 3 189.7 216.0 103.1 103.3
8.500000 3 188.9 217.0 102.6 103.1
8.533333 3 188.0 218.0 102.0 103.0
8.566667 3 186.8 219.1 102.8 102.2
8.600000 3 185.6 220.2 103.6 101.4
8.633333 3 184.4 221.3 104.4 100.6
8.666667 3 183.2 222.4 105.2 99.8
8.700000 3 182.0 223.5 106.0 99.0
8.733333 3 180.8 224.6 106.8 98.2
8.766667 3 179.6 225.7 107.6 97.4
8.800000 3 178.4 226.8 108.4 96.6
8.833333 3 177.2 227.9 109.2 95.8
8.866667 3 176.0 229.0 110.0 95.0
8.900000 3 177.5 229.5 110.0 95.4
8.933333 3 178.9 230.1 110.0 95.7
8.966667 3 180.4 230.6 110.0 96.1
9.000000 3 181.8 231.2 110.0 96.5
9.033333 3 183.3 231.7 110.0 96.8
9.066667 3 184.7 232.3 110.0 97.2
9.100000 3 186.2 232.8 110.0 97.5
9.133333 3 187.6 233.4 110.0 97.9
9.166667 3 189.1 233.9 110.0 98.3
9.200000 3 190.5 234.5 110.0 98.6
9.233333 3 192.0 235.0 110.0 99.0
9.266667 3 190.6 235.3 111.1 99.5
9.300000 3 189.3 235.5 112.2 99.9
9.333333 3 187.9 235.8 113.3 100.4
9.366667 3 186.5 236.1 114.4 100.8
9.400000 3 185.2 236.4 115.5 101.3
9.433333 3 183.8 236.6 116.5 101.7
9.466667 3 182.5 236.9 117.6 102.2
9.500000 3 181.1 237.2 118.7 102.6
9.533333 3 179.7 237.5 119.8 103.1
9.566667 3 178.4 237.7 120.9 103.5
9.600000 3 177.0 238.0 122.0 104.0
9.633333 3 177.8 238.3 121.6 102.7
9.666667 3 178.6 238.6 121.2 101.4
9.700000 3 179.4 238.9 120.8 100.1
9.733333 3 180.2 239.2 120.4 98.8
9.766667 3 181.0 239.5 120.0 97.5
9.800000 3 181.8 239.8 119.6 96.2
9.833333 3 182.6 240.1 119.2 94.9
9.866667 3 183.4 240.4 118.8 93.6
9.900000 3 184.2 240.7 118.4 92.3
9.933333 3 185.0 241.0 118.0 91.0
9.966667 3 184.4 240.1 118.5 91.7
10.000000 3 183.8 239.2 119.0 92.4
10.033333 3 183.2 238.3 119.5 93.1
10.066667 3 182.6 237.4 120.0 93.8
10.100000 3 182.0 236.5 120.5 94.5
10.133333 3 181.4 235.6 121.0 95.2
10.166667 3 180.8 234.7 121.5 95.9
10.200000 3 180.2 233.8 122.0 96.6
10.233333 3 179.6 232.9 122.5 97.3
10.266667 3 179.0 232.0 123.0 98.0
10.300000 3 178.1 231.8 123.2 97.7
10.333333 3 177.2 231.5 123.5 97.4
10.366667 3 176.2 231.3 123.7 97.1
10.400000 3 175.3 231.1 123.9 96.8
10.433333 3 174.4 230.8 124.2 96.5
10.466667 3 173.5 230.6 124.4 96.2
10.500000 3 172.5 230.4 124.6 95.8
10.533333 3 171.6 230.2 124.8 95.5
10.566667 3 170.7 229.9 125.1 95.2
10.600000 3 169.8 229.7 125.3 94.9
10.633333 3 168.8 229.5 125.5 94.6
10.666667 3 167.9 229.2 125.8 94.3
10.700000 3 167.0 229.0 126.0 94.0
