0.000000 3 207.1 196.7 185.4 167.3
0.033333 3 209.7 189.0 185.6 167.5
0.066667 3 211.5 179.4 186.3 168.2
0.100000 3 212.7 175.5 185.5 167.5
0.133333 3 212.7 167.3 185.4 167.5
0.166667 3 210.4 159.5 186.0 168.1
0.200000 3 209.2 156.4 185.3 167.4
0.233333 3 204.9 150.1 185.6 167.7
0.266667 3 200.7 145.6 183.9 166.0
0.300000 3 197.8 143.4 183.1 165.3
0.333333 3 190.9 139.8 183.3 165.4
0.366667 3 183.1 137.3 183.4 165.5
0.400000 3 179.8 137.2 182.2 164.2
0.433333 3 171.9 134.2 183.5 165.7
0.466667 3 165.2 131.0 183.5 165.7
0.500000 3 162.6 129.5 182.6 164.6
0.533333 3 158.4 126.1 182.8 164.9
0.566667 3 155.3 125.0 182.9 164.9
0.600000 3 154.6 126.4 182.6 164.6
0.633333 3 154.2 129.8 181.5 163.8
0.666667 3 153.2 132.5 181.1 163.4
0.700000 3 152.5 134.7 181.0 163.2
0.733333 3 150.5 140.9 181.2 163.4
0.766667 3 148.7 146.9 181.1 163.5
0.800000 3 147.1 149.5 181.3 163.6
0.833333 3 145.3 155.2 181.0 163.3
0.866667 3 143.8 159.4 179.7 162.2
0.900000 3 142.8 160.5 180.2 162.7
0.933333 3 141.4 162.5 180.3 162.9
0.966667 3 140.8 165.3 179.8 162.6
1.000000 3 140.7 166.5 179.3 162.1
1.033333 3 141.2 168.5 178.6 161.3
1.066667 3 142.5 170.4 178.1 161.0
1.100000 3 142.8 170.5 177.8 160.6
1.133333 3 144.0 170.1 176.3 159.3
1.166667 3 144.5 167.5 176.9 159.8
1.200000 3 145.0 167.1 176.3 159.4
1.233333 3 145.3 165.5 176.5 159.5
1.266667 3 145.0 164.2 176.1 159.1
1.300000 3 145.5 163.4 174.9 158.0
1.333333 3 144.5 161.8 175.1 158.1
1.366667 3 143.2 159.7 176.5 159.4
1.400000 3 143.1 160.0 175.5 158.4
1.433333 3 141.8 159.4 176.0 158.8
1.466667 3 140.8 159.2 176.1 158.9
1.500000 3 140.9 158.6 175.7 158.6
1.533333 3 140.3 156.9 175.3 158.3
1.566667 3 139.2 155.8 175.4 158.4
1.600000 3 138.0 154.9 176.0 158.8
1.633333 3 137.0 153.6 175.6 158.4
1.666667 3 136.0 152.9 175.1 157.8
1.700000 3 135.6 152.5 175.2 157.9
1.733333 3 134.5 150.2 175.4 158.1
1.766667 3 133.6 148.1 175.5 158.1
1.800000 3 133.3 147.4 175.5 158.1
1.833333 3 132.6 145.0 175.6 158.2
1.866667 3 132.0 143.4 175.7 158.4
1.900000 3 131.7 143.4 174.6 157.2
1.933333 3 130.7 142.0 175.1 157.6
1.966667 3 130.2 140.1 175.2 157.5
2.000000 3 130.0 139.1 175.2 157.4
2.033333 3 129.3 136.0 176.4 158.5
2.066667 3 128.3 134.8 176.1 158.1
2.100000 3 128.1 134.9 175.9 157.9
2.133333 3 126.7 133.8 176.5 158.4
2.166667 3 125.0 133.7 176.8 158.7
2.200000 3 124.8 134.3 175.5 157.4
2.233333 3 121.1 132.9 177.2 158.9
2.266667 3 117.9 134.4 176.5 158.1
2.300000 3 116.4 135.8 176.0 157.6
2.333333 3 113.1 137.4 176.6 158.1
2.366667 3 109.7 140.3 176.9 158.2
2.400000 3 108.0 140.8 177.4 158.7
2.433333 3 105.5 143.3 176.8 158.1
2.466667 3 102.9 145.0 177.1 158.4
2.500000 3 101.9 146.5 176.7 157.9
2.533333 3 98.5 149.5 177.8 158.9
2.566667 3 96.2 153.0 177.2 158.4
2.600000 3 94.5 154.8 178.0 159.0
2.633333 3 92.4 159.2 178.2 159.1
2.666667 3 91.6 163.2 178.4 159.4
2.700000 3 90.8 165.3 178.9 159.8
2.733333 3 90.1 169.8 178.7 159.6
2.766667 3 89.3 175.9 178.8 159.6
2.800000 3 88.9 179.3 178.7 159.4
2.833333 3 88.1 186.6 179.5 160.0
2.866667 3 88.1 194.6 178.6 159.2
2.900000 3 87.7 197.5 179.1 159.6
2.933333 3 88.0 203.2 178.5 158.9
2.966667 3 88.8 208.4 179.4 159.6
3.000000 3 89.1 211.4 179.6 159.6
3.033333 3 90.7 217.0 178.6 158.7
3.066667 3 92.1 221.1 177.7 157.7
3.100000 3 92.7 222.4 178.2 158.0
3.133333 3 94.8 226.0 177.5 157.2
3.166667 3 96.8 229.1 177.8 157.4
3.200000 3 98.0 230.5 178.0 157.6
3.233333 3 100.9 234.0 177.2 156.7
3.266667 3 104.3 235.9 176.1 155.8
3.300000 3 105.7 236.8 175.7 155.3
3.333333 3 109.2 238.1 175.9 155.3
3.366667 3 113.7 239.2 175.5 154.7
3.400000 3 116.3 239.8 175.0 154.2
3.433333 3 121.0 238.1 176.1 155.2
3.466667 3 126.9 237.9 174.3 153.5
3.500000 3 128.6 236.9 175.1 154.2
3.533333 3 133.1 235.3 174.6 153.8
3.566667 3 137.1 232.8 174.2 153.3
3.600000 3 138.8 231.4 174.3 153.2
3.633333 3 142.5 228.1 174.2 153.0
3.666667 3 147.2 225.2 172.6 151.3
3.700000 3 149.3 222.9 172.1 150.8
3.733333 3 154.1 216.6 170.5 149.4
3.766667 3 158.1 208.6 170.4 149.1
3.800000 3 159.9 205.4 170.9 149.4
3.833333 3 164.4 199.7 170.5 148.9
3.866667 3 168.2 194.3 170.4 148.8
3.900000 3 170.2 191.5 170.2 148.5
3.933333 3 174.8 186.4 169.2 147.3
3.966667 3 179.2 183.1 168.4 146.5
4.000000 3 181.1 181.3 168.6 146.7
4.033333 3 184.7 179.0 168.9 147.0
4.066667 3 187.9 176.1 170.0 148.1
4.100000 3 189.7 175.6 169.8 147.9
4.133333 3 192.5 174.0 170.7 148.8
4.166667 3 195.5 172.0 170.8 148.9
4.200000 3 196.8 171.4 171.0 149.2
4.233333 3 199.6 170.3 171.2 149.4
4.266667 3 202.4 169.1 171.3 149.4
4.300000 3 203.8 168.5 171.5 149.5
4.333333 3 206.3 166.6 171.4 149.5
4.366667 3 208.5 163.4 172.3 150.2
4.400000 3 210.1 162.2 171.8 149.9
4.433333 3 211.5 158.8 173.4 151.4
4.466667 3 213.3 157.0 173.8 151.7
4.500000 3 213.9 156.3 174.0 152.0
4.533333 3 215.8 154.7 173.6 151.6
4.566667 3 216.9 152.2 174.5 152.4
4.600000 3 217.5 151.0 174.7 152.7
4.633333 3 218.5 148.4 175.0 153.0
4.666667 3 219.9 147.5 174.9 152.8
4.700000 3 220.1 146.7 175.3 153.4
4.733333 3 220.6 145.3 176.2 154.1
4.766667 3 221.2 143.9 177.4 155.2
4.800000 3 221.4 143.2 177.7 155.7
4.833333 3 222.9 143.0 176.3 154.3
4.866667 3 223.2 140.3 177.8 155.7
4.900000 3 223.9 139.9 177.8 155.7
4.933333 3 224.1 138.3 179.0 156.8
4.966667 3 224.0 137.4 179.9 157.7
5.000000 3 224.7 137.3 179.2 157.1
5.033333 3 224.6 135.4 180.3 158.1
5.066667 3 225.2 134.8 179.4 157.3
5.100000 3 225.6 135.0 179.3 157.2
5.133333 3 225.4 135.5 179.9 157.7
5.166667 3 224.8 135.8 181.1 158.7
5.200000 3 225.1 136.7 180.0 157.8
5.233333 3 224.0 136.1 180.8 158.5
5.266667 3 223.2 136.6 181.2 158.9
5.300000 3 222.8 137.0 181.3 159.0
5.333333 3 221.9 137.7 181.7 159.5
5.366667 3 222.0 138.7 181.9 159.6
5.400000 3 221.9 139.5 181.8 159.5
5.433333 3 221.1 141.7 181.6 159.2
5.466667 3 220.5 144.2 182.4 159.9
5.500000 3 220.4 145.1 182.6 160.2
5.533333 3 220.4 147.3 183.3 160.8
5.566667 3 220.8 149.8 183.6 161.0
5.600000 3 220.9 151.1 184.1 161.4
5.633333 3 222.0 154.4 183.9 161.3
5.666667 3 223.1 156.0 183.9 161.2
5.700000 3 223.4 155.8 184.4 161.6
5.733333 3 225.4 156.3 183.4 160.6
5.766667 3 226.1 156.3 184.3 161.4
5.800000 3 226.8 156.7 184.1 161.2
5.833333 3 228.5 156.6 184.0 161.1
5.866667 3 230.0 156.3 184.6 161.5
5.900000 3 230.9 156.7 184.4 161.2
5.933333 3 232.8 157.0 183.7 160.4
5.966667 3 234.2 155.7 183.7 160.4
6.000000 3 234.4 154.6 184.8 161.3
6.033333 3 236.4 154.4 184.8 161.3
6.066667 3 237.6 153.7 185.8 162.1
6.100000 3 238.1 153.3 186.4 162.7
6.133333 3 240.0 153.4 185.6 162.0
6.166667 3 241.1 151.0 186.6 162.8
6.200000 3 241.7 149.3 187.1 163.3
6.233333 3 243.3 146.1 187.4 163.4
6.266667 3 245.4 144.5 186.6 162.6
6.300000 3 245.7 142.7 187.6 163.7
6.333333 3 247.5 139.4 188.6 164.7
6.366667 3 248.8 135.5 189.0 164.9
6.400000 3 249.5 133.2 189.5 165.5
6.433333 3 250.9 129.7 189.9 165.8
6.466667 3 252.7 125.6 189.3 165.0
6.500000 3 252.6 122.5 190.3 165.9
6.533333 3 254.2 118.6 189.4 165.1
6.566667 3 254.9 112.8 190.2 165.8
6.600000 3 255.7 110.6 189.8 165.3
6.633333 3 256.2 105.9 190.1 165.5
6.666667 3 256.7 102.1 190.4 165.7
6.700000 3 256.8 100.0 191.0 166.1
6.733333 3 256.8 97.4 191.9 167.0
6.766667 3 257.0 94.7 191.4 166.5
6.800000 3 256.8 92.7 191.8 166.9
6.833333 3 256.3 88.7 192.2 167.2
6.866667 3 255.4 86.7 192.3 167.3
6.900000 3 255.1 85.9 192.1 167.2
6.933333 3 253.2 84.9 193.1 168.0
6.966667 3 251.3 83.9 193.8 168.7
7.000000 3 251.0 83.9 193.3 168.3
7.033333 3 248.5 81.4 194.8 169.8
7.066667 3 246.8 80.0 194.9 169.9
7.100000 3 245.4 79.5 195.4 170.2
7.133333 3 242.8 80.3 195.9 170.7
7.166667 3 240.2 82.4 196.3 171.0
7.200000 3 237.6 83.2 196.4 171.1
7.233333 3 228.5 84.2 197.8 172.2
7.266667 3 219.8 88.9 199.1 173.5
7.300000 3 215.8 96.0 199.1 173.4
7.333333 3 208.0 110.7 199.7 173.9
7.366667 3 201.3 123.6 200.9 174.9
7.400000 3 198.9 130.1 200.6 174.7
7.433333 3 194.9 143.2 200.0 174.0
7.466667 3 190.7 157.0 201.5 175.3
7.500000 3 189.3 165.4 201.5 175.3
7.533333 3 186.5 180.1 201.8 175.5
7.566667 3 184.3 190.0 201.9 175.6
7.600000 3 183.1 193.1 202.2 175.9
7.633333 3 181.9 199.8 202.2 175.9
7.666667 3 180.0 206.1 203.6 177.1
7.700000 3 179.4 209.0 204.1 177.5
7.733333 3 178.3 215.1 204.8 178.1
7.766667 3 177.7 220.3 204.6 177.9
7.800000 3 176.9 222.6 205.2 178.6
7.833333 3 175.7 226.8 206.1 179.4
7.866667 3 174.5 231.3 206.9 180.0
7.900000 3 174.0 234.0 207.0 180.0
7.933333 3 174.0 234.0 195.0 192.0
7.966667 3 174.0 269.0 195.0 157.0
8.000000 3 174.0 269.0 210.0 172.0
8.033333 3 157.0 276.0 227.0 165.0
8.066667 3 157.0 276.0 224.0 179.0
8.100000 3 167.0 296.0 213.0 159.0
8.133333 3 167.0 296.0 222.0 176.0
8.166667 3 146.0 307.0 243.0 165.0
8.200000 3 146.0 307.0 252.0 174.0
8.233333 3 149.0 322.0 249.0 159.0
8.266667 3 148.0 322.0 249.0 170.0
8.300000 3 140.0 322.0 257.0 170.0
8.333333 3 140.0 322.0 270.0 177.0
8.366667 3 145.0 330.0 265.0 170.0
8.400000 3 151.0 330.0 246.0 171.0
8.433333 3 151.0 330.0 250.0 175.0
8.466667 3 136.0 342.0 264.0 163.0
8.500000 3 136.0 342.0 275.0 161.0
8.533333 3 136.0 351.0 276.0 152.0
8.566667 3 132.0 348.0 279.0 156.0
8.600000 3 327.5 227.2 75.1 70.4
8.633333 3 327.2 226.1 75.3 70.6
8.666667 3 326.9 225.2 75.2 70.5
8.700000 3 326.6 224.2 75.4 70.7
8.733333 3 326.5 223.2 75.3 70.6
8.766667 3 326.7 222.3 75.6 70.9
8.800000 3 327.1 221.4 75.7 70.9
8.833333 3 327.3 220.9 75.6 70.9
8.866667 3 327.4 220.4 75.6 70.9
8.900000 3 327.0 219.9 75.8 71.1
8.933333 3 326.5 219.5 76.1 71.4
8.966667 3 326.5 219.3 75.9 71.1
9.000000 3 326.1 218.5 76.3 71.5
9.033333 3 326.2 218.3 76.2 71.5
9.066667 3 326.2 218.0 76.4 71.6
9.100000 3 326.3 217.9 76.7 71.9
9.133333 3 326.9 218.5 76.5 71.7
9.166667 3 327.6 219.1 76.4 71.7
9.200000 3 327.9 219.4 76.8 72.0
9.233333 3 328.7 220.2 76.9 72.1
9.266667 3 329.5 220.4 77.0 72.2
9.300000 3 330.2 220.3 77.2 72.4
9.333333 3 330.9 220.3 77.2 72.4
9.366667 3 331.4 219.8 77.5 72.6
9.400000 3 332.0 219.1 77.7 72.8
9.433333 3 332.7 218.5 77.5 72.7
9.466667 3 333.0 217.1 78.1 73.1
9.500000 3 333.2 216.0 78.0 73.1
9.533333 3 333.4 215.0 78.0 73.1
9.566667 3 333.2 213.4 78.7 73.7
9.600000 3 333.3 212.3 78.5 73.5
9.633333 3 333.4 211.3 78.7 73.8
9.666667 3 333.2 209.9 79.3 74.3
9.700000 3 333.4 209.6 79.0 74.0
9.733333 3 333.3 208.8 79.4 74.3
9.766667 3 333.0 207.7 80.2 75.0
9.800000 3 333.3 207.6 80.0 74.9
9.833333 3 333.3 206.6 81.0 75.7
9.866667 3 333.5 206.2 81.6 76.2
9.900000 3 334.0 206.2 81.5 76.1
9.933333 3 333.8 205.5 82.5 77.0
9.966667 3 333.7 204.9 83.0 77.5
10.000000 3 333.9 205.0 83.1 77.5
10.033333 3 333.0 203.9 84.9 79.2
10.066667 3 332.5 203.8 85.7 79.9
10.100000 3 332.3 204.2 85.6 79.7
10.133333 3 331.2 203.4 87.1 81.0
10.166667 3 330.9 203.6 87.1 81.0
10.200000 3 330.3 203.4 87.7 81.4
10.233333 3 329.5 202.7 89.0 82.6
10.266667 3 329.2 202.5 89.2 82.7
10.300000 3 328.8 201.8 90.1 83.5
10.333333 3 328.0 200.7 91.8 84.9
10.366667 3 327.8 200.4 92.0 85.1
10.400000 3 327.0 199.4 93.5 86.4
10.433333 3 326.2 198.7 95.2 87.9
10.466667 3 326.0 199.0 95.4 88.1
10.500000 3 325.0 199.1 97.3 89.7
10.533333 3 324.2 199.8 98.5 90.7
10.566667 3 323.9 201.5 98.7 90.8
10.600000 3 323.0 202.4 100.9 92.8
10.633333 3 322.2 203.8 102.4 94.1
10.666667 3 322.0 205.4 103.3 94.8
10.700000 3 320.8 206.0 106.4 97.6
10.733333 3 320.3 207.7 107.6 98.5
10.766667 3 319.9 209.3 108.9 99.7
10.800000 3 318.3 209.7 111.9 102.4
10.833333 3 317.8 211.6 112.1 102.5
10.866667 3 316.8 212.3 112.9 103.2
10.900000 3 315.0 212.0 115.0 105.0
