0.033333 3 197.0 155.0 75.0 69.0
0.066667 3 196.8 154.5 74.9 69.0
0.100000 3 196.4 153.5 75.3 69.3
0.133333 3 196.3 153.5 75.4 69.4
0.166667 3 196.2 153.0 75.3 69.3
0.200000 3 195.1 152.3 75.3 69.3
0.233333 3 194.7 151.3 75.6 69.6
0.266667 3 194.5 150.7 75.6 69.6
0.300000 3 193.3 149.9 76.3 70.3
0.333333 3 193.3 149.9 76.3 70.3
0.366667 3 192.3 149.1 76.4 70.3
0.400000 3 191.7 148.1 76.4 70.3
0.433333 3 191.0 147.2 76.5 70.5
0.466667 3 189.6 145.9 76.9 70.9
0.500000 3 188.9 145.0 76.8 70.8
0.533333 3 188.9 145.0 76.8 70.8
0.566667 3 188.1 144.2 77.0 71.0
0.600000 3 187.1 143.4 77.0 71.1
0.633333 3 185.5 142.6 77.5 71.5
0.666667 3 184.5 142.0 77.6 71.7
0.700000 3 182.7 141.4 77.9 72.0
0.733333 3 182.7 141.4 77.9 72.0
0.766667 3 180.2 140.8 78.1 72.2
0.800000 3 176.9 140.0 78.3 72.4
0.833333 3 173.1 139.6 78.6 72.8
0.866667 3 169.0 139.3 78.5 72.7
0.900000 3 164.8 138.8 78.6 72.7
0.933333 3 164.8 138.8 78.6 72.7
0.966667 3 160.7 138.3 78.6 72.7
1.000000 3 157.0 137.9 78.7 72.9
1.033333 3 153.3 137.6 78.9 73.0
1.066667 3 150.3 137.3 79.0 73.1
1.100000 3 147.3 137.0 79.0 73.1
1.133333 3 147.3 137.0 79.0 73.1
1.166667 3 144.3 136.4 79.1 73.2
1.200000 3 141.6 135.4 79.3 73.4
1.233333 3 139.2 134.8 79.3 73.4
1.266667 3 136.7 134.2 79.6 73.6
1.300000 3 134.4 133.3 79.7 73.7
1.333333 3 134.4 133.3 79.7 73.7
1.366667 3 132.4 132.3 79.9 73.9
1.400000 3 130.4 131.5 80.0 74.0
1.433333 3 128.8 130.8 80.1 74.0
1.466667 3 128.3 129.8 80.2 74.0
1.500000 3 128.4 128.3 80.6 74.4
1.533333 3 128.4 128.3 80.6 74.4
1.566667 3 128.4 127.3 80.6 74.4
1.600000 3 128.4 126.2 80.6 74.5
1.633333 3 127.9 125.2 80.8 74.6
1.666667 3 127.5 124.3 80.9 74.7
1.700000 3 127.1 123.2 81.1 75.0
1.733333 3 127.1 123.2 81.1 75.0
1.766667 3 126.7 122.4 81.2 75.0
1.800000 3 126.6 121.8 81.3 75.1
1.833333 3 126.3 120.6 81.6 75.4
1.866667 3 126.4 119.2 81.5 75.3
1.900000 3 126.4 118.1 81.8 75.6
1.933333 3 126.3 118.1 81.8 75.6
1.966667 3 126.4 117.3 81.8 75.5
2.000000 3 126.8 116.5 81.8 75.5
2.033333 3 126.9 115.1 82.0 75.7
2.066667 3 127.2 114.2 81.9 75.6
2.100000 3 127.9 113.4 82.2 75.8
2.133333 3 127.9 113.4 82.2 75.8
2.166667 3 128.6 112.6 82.3 75.9
2.200000 3 128.8 111.8 82.6 76.2
2.233333 3 129.3 111.2 82.7 76.2
2.266667 3 129.7 110.7 82.7 76.3
2.300000 3 129.9 110.3 83.1 76.6
2.333333 3 129.9 110.3 83.1 76.6
2.366667 3 129.7 110.1 83.4 76.9
2.400000 3 129.7 110.0 83.6 77.1
2.433333 3 129.6 109.9 83.8 77.3
2.466667 3 129.9 109.9 83.8 77.2
2.500000 3 130.1 110.1 84.0 77.4
2.533333 3 130.1 110.1 84.0 77.4
2.566667 3 130.0 110.5 84.3 77.7
2.600000 3 130.1 111.3 84.6 77.9
2.633333 3 130.0 112.2 84.9 78.2
2.666667 3 130.0 113.5 85.3 78.6
2.700000 3 130.2 114.7 85.5 78.8
2.733333 3 130.2 114.7 85.5 78.8
2.766667 3 130.4 115.8 85.8 79.0
2.800000 3 130.5 117.1 86.1 79.3
2.833333 3 130.0 118.3 86.4 79.6
2.866667 3 129.6 119.3 86.7 79.8
2.900000 3 128.3 120.2 86.9 80.0
2.933333 3 128.3 120.2 86.9 80.0
2.966667 3 127.1 121.3 87.0 80.0
3.000000 3 125.4 121.9 87.7 80.8
3.033333 3 124.3 123.0 88.0 81.0
3.066667 3 123.5 124.0 88.2 81.2
3.100000 3 122.9 124.5 88.7 81.6
3.133333 3 122.9 124.5 88.7 81.6
3.166667 3 122.4 124.6 89.1 82.0
3.200000 3 122.4 124.4 89.3 82.2
3.233333 3 122.4 124.0 90.0 82.8
3.266667 3 123.7 123.8 90.2 83.1
3.300000 3 125.3 123.1 90.8 83.6
3.333333 3 125.3 123.1 90.8 83.6
3.366667 3 127.0 123.0 91.2 84.0
3.400000 3 128.5 122.6 91.6 84.3
3.433333 3 129.5 122.2 92.2 84.9
3.466667 3 130.3 121.7 92.9 85.6
3.500000 3 130.9 121.5 93.3 86.1
3.533333 3 130.9 121.5 93.3 86.1
3.566667 3 131.1 121.2 93.8 86.6
3.600000 3 131.0 121.0 94.3 87.0
3.633333 3 130.9 121.0 94.9 87.6
3.666667 3 130.6 121.1 95.5 88.2
3.700000 3 130.0 121.3 95.8 88.5
3.733333 3 130.0 121.3 95.8 88.5
3.766667 3 128.9 121.5 96.3 88.9
3.800000 3 127.8 121.6 96.9 89.5
3.833333 3 127.2 121.4 97.2 89.8
3.866667 3 126.8 121.1 97.6 90.2
3.900000 3 126.8 120.5 98.1 90.7
3.933333 3 126.8 120.5 98.1 90.7
3.966667 3 126.9 120.0 98.2 90.8
4.000000 3 127.2 119.6 98.5 91.1
4.033333 3 127.3 118.9 99.3 91.8
4.066667 3 127.4 118.8 99.4 92.0
4.100000 3 128.3 118.7 99.6 92.1
4.133333 3 128.3 118.7 99.6 92.1
4.166667 3 129.5 119.3 100.0 92.4
4.200000 3 130.0 118.5 100.4 92.9
4.233333 3 131.5 118.5 100.6 93.0
4.266667 3 132.5 118.6 100.6 93.1
4.300000 3 133.4 118.3 101.0 93.4
4.333333 3 133.4 118.3 101.0 93.4
4.366667 3 133.2 118.4 101.1 93.5
4.400000 3 133.6 117.8 101.4 93.8
4.433333 3 134.3 118.0 101.5 93.9
4.466667 3 134.4 117.9 101.9 94.3
4.500000 3 134.2 117.8 102.2 94.5
4.533333 3 134.2 117.8 102.2 94.5
4.566667 3 134.5 117.1 102.5 94.8
4.600000 3 134.2 117.6 102.5 94.7
4.633333 3 132.4 116.7 102.9 95.2
4.666667 3 129.8 117.1 102.7 95.0
4.700000 3 125.9 116.7 103.2 95.5
4.733333 3 125.9 116.7 103.2 95.5
4.766667 3 122.7 116.5 103.4 95.6
4.800000 3 120.1 116.1 103.5 95.7
4.833333 3 118.3 115.7 103.9 96.0
4.866667 3 116.9 115.6 104.1 96.2
4.900000 3 115.7 114.9 104.5 96.6
4.933333 3 115.7 114.9 104.5 96.6
4.966667 3 114.7 114.6 104.6 96.7
5.000000 3 113.8 114.3 105.0 97.0
5.033333 3 113.3 114.2 105.2 97.2
5.066667 3 112.6 113.9 105.5 97.5
5.100000 3 112.9 113.4 105.8 97.8
5.133333 3 112.9 113.4 105.8 97.8
5.166667 3 113.3 112.8 106.3 98.2
5.200000 3 114.7 112.7 106.5 98.4
5.233333 3 116.4 112.3 106.8 98.7
5.266667 3 117.5 111.7 107.3 99.2
5.300000 3 119.1 111.6 107.5 99.4
5.333333 3 119.1 111.6 107.5 99.4
5.366667 3 181.0 94.0 138.0 191.0
5.400000 3 179.3 94.8 136.7 189.1
5.433333 3 175.9 95.8 137.5 189.3
5.466667 3 173.7 97.4 137.1 188.4
5.500000 3 171.6 97.9 136.7 187.9
5.533333 3 169.5 99.1 136.4 186.1
5.566667 3 167.6 101.0 135.0 184.3
5.600000 3 167.1 101.3 133.3 183.5
5.633333 3 164.9 102.3 133.1 182.6
5.666667 3 162.8 102.8 133.0 182.1
5.700000 3 161.5 103.0 132.2 180.3
5.733333 3 158.8 103.2 133.1 181.4
5.766667 3 156.8 103.8 133.5 181.1
5.800000 3 154.5 103.8 134.3 181.8
5.833333 3 153.6 104.7 134.0 180.8
5.866667 3 152.1 105.1 134.3 180.4
5.900000 3 150.3 105.6 135.3 181.0
5.933333 3 149.0 106.0 135.9 181.0
5.966667 3 148.1 106.6 136.4 181.0
6.000000 3 147.0 106.9 137.1 181.1
6.033333 3 146.5 107.6 137.5 180.9
6.066667 3 146.3 108.0 137.8 180.7
6.100000 3 146.0 108.3 138.2 180.4
6.133333 3 145.9 108.6 138.5 180.2
6.166667 3 145.9 108.8 138.8 180.2
6.200000 3 146.0 108.8 139.1 179.9
6.233333 3 146.4 108.9 139.2 179.4
6.266667 3 147.1 108.6 139.1 179.0
6.300000 3 147.9 108.4 139.1 178.5
6.333333 3 148.6 108.0 139.0 178.0
6.366667 3 149.5 107.2 139.0 177.7
6.400000 3 151.0 107.2 138.2 176.4
6.433333 3 152.0 106.9 137.9 175.8
6.466667 3 153.4 106.5 137.6 175.2
6.500000 3 155.3 106.1 136.6 173.7
6.533333 3 156.6 105.8 136.0 172.8
6.566667 3 157.7 105.2 135.5 171.9
6.600000 3 159.3 105.2 134.3 170.4
6.633333 3 160.8 105.1 133.2 169.1
6.666667 3 162.0 104.8 132.6 168.0
6.700000 3 162.7 104.4 132.4 167.8
6.733333 3 163.8 103.6 131.8 167.2
6.766667 3 164.0 103.3 131.8 167.0
6.800000 3 165.0 103.6 130.8 165.8
6.833333 3 165.9 103.6 129.9 164.7
6.866667 3 163.9 102.3 131.1 166.2
6.900000 3 159.7 99.3 134.3 170.0
6.933333 3 155.0 96.1 137.8 174.3
6.966667 3 152.5 94.8 139.3 176.1
7.000000 3 152.1 94.8 139.0 175.8
7.033333 3 151.8 95.3 138.4 175.3
7.066667 3 152.0 96.9 137.1 173.6
7.100000 3 152.0 98.8 135.9 172.3
7.133333 3 152.2 100.6 134.7 170.9
7.166667 3 152.4 102.5 133.3 169.3
7.200000 3 152.1 104.4 132.0 167.9
7.233333 3 151.4 106.3 131.0 166.8
7.266667 3 151.9 109.3 128.7 163.9
7.300000 3 151.0 111.0 127.7 162.8
7.333333 3 150.3 113.5 126.9 161.6
7.366667 3 150.4 116.5 124.9 159.2
7.400000 3 149.7 118.7 123.8 158.1
7.433333 3 149.0 120.9 122.6 156.6
7.466667 3 147.9 123.3 121.6 155.5
7.500000 3 147.2 125.7 120.4 154.2
7.533333 3 145.9 128.1 119.9 153.5
7.566667 3 144.9 130.3 118.9 152.4
7.600000 3 143.9 132.6 118.1 151.6
7.633333 3 142.6 134.7 117.5 150.9
7.666667 3 141.2 137.2 116.9 150.1
7.700000 3 140.1 139.4 116.4 149.6
7.733333 3 138.9 141.5 116.0 149.0
7.766667 3 137.4 143.9 115.7 148.5
7.800000 3 135.6 146.0 115.5 148.3
7.833333 3 135.1 149.3 114.1 146.4
7.866667 3 133.8 151.7 114.1 146.3
7.900000 3 132.6 154.0 113.8 145.9
7.933333 3 132.6 156.7 111.8 143.1
7.966667 3 130.9 159.2 111.7 142.9
8.000000 3 128.6 161.5 112.3 143.2
8.033333 3 127.9 164.5 111.1 141.6
8.066667 3 126.6 166.7 111.0 141.4
8.100000 3 119.0 173.0 119.0 147.0
8.133333 3 116.3 172.8 121.9 149.8
8.166667 3 115.3 176.2 121.1 148.6
8.200000 3 113.3 177.0 122.5 150.0
8.233333 3 111.3 177.4 124.3 151.7
8.266667 3 111.0 180.9 122.5 149.7
8.300000 3 107.3 177.4 128.1 155.9
8.333333 3 105.8 178.5 129.1 157.0
8.366667 3 103.3 177.8 131.6 159.8
8.400000 3 101.0 176.7 134.2 162.8
8.433333 3 100.0 177.8 134.6 163.2
8.466667 3 99.3 179.5 133.9 162.4
8.500000 3 98.2 181.0 133.1 161.6
8.533333 3 97.1 182.9 132.1 160.5
8.566667 3 96.5 185.0 131.0 159.4
8.600000 3 95.3 187.3 130.0 158.3
8.633333 3 94.4 189.2 129.1 157.3
8.666667 3 81.0 167.4 155.7 186.4
8.700000 3 82.7 174.9 146.7 176.9
8.733333 3 82.6 178.7 143.7 173.5
8.766667 3 75.6 169.5 155.5 186.5
8.800000 3 76.3 176.2 147.2 178.2
8.833333 3 74.0 175.7 149.1 179.9
8.866667 3 73.2 179.9 143.8 175.3
8.900000 3 71.0 180.6 143.0 174.7
8.933333 3 69.9 183.1 140.9 172.5
8.966667 3 68.2 184.8 139.9 171.5
9.000000 3 66.1 185.9 139.9 171.5
9.033333 3 63.2 186.3 139.8 171.6
9.066667 3 60.9 187.4 140.3 171.9
9.100000 3 58.2 187.0 143.6 174.6
9.133333 3 55.5 189.6 140.5 172.4
9.166667 3 52.7 188.8 144.9 175.8
9.200000 3 51.9 194.9 136.8 168.7
9.233333 3 50.4 198.6 135.1 166.5
9.266667 3 47.0 198.0 136.1 168.0
9.300000 3 44.4 198.4 137.8 169.8
9.333333 3 52.6 223.3 125.4 146.1
9.366667 3 60.1 236.0 114.3 134.7
9.400000 3 54.1 233.0 118.0 138.5
9.433333 3 47.4 235.3 124.1 138.5
9.466667 3 48.1 237.5 129.3 141.2
9.500000 3 50.1 246.1 111.2 123.3
9.533333 3 44.4 244.3 127.2 135.8
9.566667 3 42.9 246.5 131.5 136.0
9.600000 3 43.6 255.5 122.6 125.5
9.633333 3 39.9 250.3 128.5 132.9
9.666667 3 44.4 250.3 119.2 131.2
9.700000 3 39.9 250.3 120.1 131.8
9.733333 3 35.4 256.3 137.9 133.7
9.766667 3 39.1 257.0 119.4 128.8
9.800000 3 32.1 253.1 107.4 135.1
9.833333 3 34.6 266.0 117.8 121.5
9.866667 3 35.4 263.7 116.0 125.3
9.900000 3 32.4 263.7 117.0 126.3
9.933333 3 30.9 272.0 114.5 118.7
9.966667 3 32.4 265.2 111.7 126.3
10.000000 3 27.9 277.2 119.5 117.1
10.033333 3 26.4 275.7 114.7 117.7
10.066667 3 27.1 268.2 113.0 125.6
10.100000 3 27.9 271.2 111.2 124.3
10.133333 3 27.9 268.2 108.6 127.1
10.166667 3 32.4 278.7 103.7 117.9
10.200000 3 18.9 272.7 99.1 136.0
10.233333 3 27.1 274.2 96.6 130.8
10.266667 3 18.9 280.2 108.9 128.3
10.300000 3 18.9 277.2 94.4 126.3
10.333333 3 27.1 292.2 91.9 112.8
10.366667 3 18.1 289.2 98.4 115.1
10.400000 3 16.6 287.0 90.7 115.9
10.433333 3 24.1 286.2 95.2 119.0
