0.000000 3 328.0 262.0 47.0 38.0
0.033333 3 328.3 262.6 46.7 37.8
0.066667 3 328.9 263.4 46.8 37.9
0.100000 3 329.7 263.9 46.2 37.4
0.133333 3 330.6 264.6 46.4 37.6
0.166667 3 330.8 265.2 46.7 37.8
0.200000 3 331.7 266.1 46.5 37.6
0.233333 3 332.0 266.4 46.2 37.4
0.266667 3 332.8 267.3 45.8 37.0
0.300000 3 333.3 268.0 45.9 37.2
0.333333 3 334.6 268.2 45.3 36.7
0.366667 3 335.3 269.7 45.4 36.7
0.400000 3 335.7 269.6 45.2 36.5
0.433333 3 336.9 270.8 45.3 36.7
0.466667 3 337.6 271.3 45.1 36.5
0.500000 3 338.0 272.3 44.9 36.3
0.533333 3 338.7 272.5 44.9 36.4
0.566667 3 338.8 273.2 44.8 36.2
0.600000 3 339.6 273.4 44.7 36.1
0.633333 3 339.8 273.7 44.6 36.1
0.666667 3 339.9 273.8 44.5 36.1
0.700000 3 340.2 274.9 44.3 35.8
0.733333 3 341.6 274.6 44.4 35.9
0.766667 3 342.9 274.9 44.3 35.8
0.800000 3 343.2 275.7 44.3 35.8
0.833333 3 342.7 276.7 44.3 35.8
0.866667 3 343.6 276.1 43.8 35.4
0.900000 3 344.9 276.4 44.3 35.8
0.933333 3 344.3 277.4 44.2 35.8
0.966667 3 345.1 276.8 44.0 35.6
1.000000 3 345.4 277.0 43.9 35.5
1.033333 3 345.8 278.0 44.0 35.6
1.066667 3 346.1 278.1 44.0 35.6
1.100000 3 346.8 278.2 43.6 35.2
1.133333 3 346.9 278.2 43.5 35.2
1.166667 3 346.6 278.7 43.8 35.5
1.200000 3 347.6 278.6 43.9 35.5
1.233333 3 348.3 277.4 43.4 35.1
1.266667 3 348.2 277.2 43.4 35.1
1.300000 3 348.3 277.2 43.4 35.2
1.333333 3 348.7 276.7 43.7 35.3
1.366667 3 349.1 274.9 43.4 35.1
1.400000 3 349.0 272.6 43.1 34.9
1.433333 3 349.2 271.8 43.1 34.9
1.466667 3 349.4 269.0 43.3 35.0
1.500000 3 349.5 266.6 43.0 34.8
1.533333 3 348.4 262.0 43.1 34.9
1.566667 3 347.7 258.2 43.0 34.9
1.600000 3 347.1 255.1 42.9 34.7
1.633333 3 347.1 252.7 42.6 34.5
1.666667 3 346.2 249.7 42.6 34.5
1.700000 3 345.6 247.9 42.7 34.6
1.733333 3 344.1 244.7 42.5 34.5
1.766667 3 343.7 241.8 42.8 34.7
1.800000 3 343.6 241.0 42.6 34.6
1.833333 3 342.8 237.0 42.7 34.6
1.866667 3 342.4 234.7 42.2 34.3
1.900000 3 341.8 229.8 42.4 34.5
1.933333 3 341.5 227.1 42.3 34.3
1.966667 3 341.3 224.3 42.2 34.3
2.000000 3 340.6 220.6 42.2 34.3
2.033333 3 340.4 218.3 42.1 34.2
2.066667 3 340.0 215.4 42.3 34.4
2.100000 3 339.7 211.8 42.0 34.1
2.133333 3 339.4 208.3 42.1 34.2
2.166667 3 338.6 205.4 42.1 34.2
2.200000 3 338.5 204.6 41.9 34.1
2.233333 3 338.4 200.6 42.0 34.1
2.266667 3 338.4 199.5 41.8 34.0
2.300000 3 338.2 197.7 41.9 34.2
2.333333 3 337.9 196.4 41.9 34.1
2.366667 3 337.9 194.9 41.8 34.1
2.400000 3 338.2 194.6 41.9 34.2
2.433333 3 338.2 193.2 41.8 34.1
2.466667 3 338.2 191.9 41.9 34.1
2.500000 3 338.3 191.3 41.7 34.0
2.533333 3 338.9 190.4 41.5 33.8
2.566667 3 339.0 189.9 41.7 34.0
2.600000 3 339.6 189.0 41.6 33.9
2.633333 3 339.6 187.8 41.6 33.9
2.666667 3 339.9 187.2 41.3 33.7
2.700000 3 340.0 186.2 41.5 33.8
2.733333 3 339.9 185.8 41.5 33.9
2.766667 3 340.8 185.4 41.3 33.6
2.800000 3 341.2 185.3 41.6 33.9
2.833333 3 341.2 184.2 41.6 33.9
2.866667 3 341.6 184.4 41.4 33.7
2.900000 3 341.8 184.0 41.3 33.7
2.933333 3 342.0 183.4 41.2 33.6
2.966667 3 342.4 183.2 41.4 33.8
3.000000 3 342.4 182.7 41.5 33.9
3.033333 3 342.4 182.7 41.5 33.9
3.066667 3 343.0 183.1 41.2 33.6
3.100000 3 343.5 182.5 41.4 33.8
3.133333 3 343.5 182.5 41.3 33.7
3.166667 3 343.7 182.7 41.2 33.6
3.200000 3 344.1 182.9 41.2 33.7
3.233333 3 344.7 182.7 41.2 33.6
3.266667 3 345.1 183.4 41.1 33.5
3.300000 3 345.3 183.1 41.4 33.8
3.333333 3 345.4 183.5 41.3 33.7
3.366667 3 346.2 183.6 41.2 33.6
3.400000 3 346.6 183.6 41.2 33.6
3.433333 3 347.1 184.4 40.9 33.4
3.466667 3 347.2 184.4 41.1 33.5
3.500000 3 347.4 185.1 41.3 33.7
3.533333 3 347.5 184.9 41.3 33.7
3.566667 3 347.9 185.7 40.9 33.4
3.600000 3 348.3 186.0 41.2 33.6
3.633333 3 348.4 186.5 41.1 33.5
3.666667 3 348.4 186.4 41.2 33.6
3.700000 3 349.1 187.3 40.9 33.3
3.733333 3 349.8 188.3 41.0 33.4
3.766667 3 350.0 188.3 40.9 33.3
3.800000 3 349.6 188.9 41.2 33.6
3.833333 3 350.2 189.5 41.0 33.5
3.866667 3 350.6 190.3 41.2 33.6
3.900000 3 350.6 190.5 41.1 33.5
3.933333 3 350.4 191.1 41.2 33.6
3.966667 3 350.6 191.3 41.2 33.6
4.000000 3 351.3 192.6 41.1 33.5
4.033333 3 351.4 192.1 41.2 33.6
4.066667 3 351.2 193.2 41.1 33.5
4.100000 3 351.3 193.1 41.1 33.5
4.133333 3 351.9 194.6 40.9 33.4
4.166667 3 352.2 194.7 40.9 33.4
4.200000 3 352.2 195.2 40.9 33.3
4.233333 3 352.2 195.2 40.8 33.3
4.266667 3 352.2 196.2 40.8 33.3
4.300000 3 352.4 196.2 41.1 33.6
4.333333 3 352.5 196.9 41.1 33.6
4.366667 3 352.7 197.0 41.0 33.5
4.400000 3 352.8 197.7 40.9 33.4
4.433333 3 353.1 198.1 40.7 33.2
4.466667 3 353.3 198.8 40.7 33.2
4.500000 3 354.2 198.1 40.7 33.2
4.533333 3 353.4 199.6 40.8 33.3
4.566667 3 353.6 199.8 41.0 33.5
4.600000 3 354.1 200.8 40.7 33.2
4.633333 3 354.1 200.3 40.7 33.2
4.666667 3 353.8 200.9 40.9 33.4
4.700000 3 353.9 201.4 40.8 33.2
4.733333 3 353.6 201.8 41.0 33.5
4.766667 3 354.2 202.6 40.7 33.2
4.800000 3 354.4 203.0 40.9 33.4
4.833333 3 354.1 203.4 40.7 33.2
4.866667 3 354.4 203.7 40.8 33.4
4.900000 3 354.3 204.2 40.6 33.2
4.933333 3 354.5 204.5 40.9 33.4
4.966667 3 354.3 205.5 40.7 33.2
5.000000 3 354.4 205.8 40.7 33.3
5.033333 3 354.4 206.4 40.8 33.4
5.066667 3 354.5 206.6 40.8 33.4
5.100000 3 354.4 207.4 40.8 33.4
5.133333 3 354.6 207.4 41.0 33.5
5.166667 3 354.6 207.8 41.0 33.6
5.200000 3 354.7 208.1 41.0 33.6
5.233333 3 354.5 208.9 40.9 33.5
5.266667 3 354.7 209.4 41.0 33.5
5.300000 3 354.5 210.2 41.0 33.5
5.333333 3 354.8 210.3 40.9 33.4
5.366667 3 354.8 211.2 40.9 33.4
5.400000 3 355.2 211.3 40.6 33.2
5.433333 3 354.8 212.2 40.9 33.4
5.466667 3 355.1 212.8 40.6 33.2
5.500000 3 355.2 212.8 40.6 33.2
5.533333 3 355.1 213.5 40.7 33.2
5.566667 3 355.2 213.8 40.6 33.2
5.600000 3 355.2 214.6 40.7 33.2
5.633333 3 355.2 215.2 40.7 33.2
5.666667 3 355.2 215.8 40.6 33.2
5.700000 3 355.2 215.8 40.6 33.2
5.733333 3 355.1 216.6 40.7 33.2
5.766667 3 355.1 217.2 40.7 33.2
5.800000 3 355.2 217.4 40.6 33.2
5.833333 3 355.0 218.0 40.7 33.3
5.866667 3 355.2 218.6 40.6 33.2
5.900000 3 355.1 219.1 40.6 33.2
5.933333 3 355.0 219.4 40.7 33.2
5.966667 3 354.8 220.2 40.9 33.4
6.000000 3 354.9 220.4 40.8 33.3
6.033333 3 354.6 220.9 40.9 33.5
6.066667 3 354.6 221.1 40.9 33.5
6.100000 3 354.4 222.2 40.7 33.3
6.133333 3 354.3 222.5 40.8 33.3
6.166667 3 354.3 223.2 40.7 33.2
6.200000 3 354.2 223.7 40.7 33.2
6.233333 3 354.1 224.1 40.7 33.2
6.266667 3 354.1 224.2 40.6 33.2
6.300000 3 354.1 225.0 40.6 33.2
6.333333 3 354.0 225.4 40.7 33.3
6.366667 3 353.6 226.2 41.0 33.5
6.400000 3 353.4 226.7 40.8 33.3
6.433333 3 353.4 226.9 40.7 33.3
6.466667 3 353.3 227.1 40.6 33.2
6.500000 3 353.2 227.8 40.6 33.2
6.533333 3 352.9 228.3 40.8 33.3
6.566667 3 352.8 228.4 40.8 33.3
6.600000 3 352.6 228.9 40.8 33.4
6.633333 3 352.6 229.2 40.9 33.4
6.666667 3 352.6 229.6 40.9 33.4
6.700000 3 352.6 229.9 40.7 33.4
6.733333 3 352.4 230.8 40.6 33.2
6.766667 3 352.3 231.0 40.5 33.1
6.800000 3 351.9 231.6 40.7 33.3
6.833333 3 351.9 232.2 40.8 33.3
6.866667 3 351.7 232.1 40.9 33.4
6.900000 3 351.3 233.2 40.6 33.2
6.933333 3 351.1 233.4 40.7 33.2
6.966667 3 350.7 234.3 40.8 33.3
7.000000 3 350.6 234.4 40.8 33.3
7.033333 3 350.5 234.9 40.6 33.2
7.066667 3 350.3 235.5 40.6 33.2
7.100000 3 349.8 235.7 40.8 33.4
7.133333 3 349.4 236.5 40.7 33.2
7.166667 3 349.2 237.3 40.5 33.1
7.200000 3 348.8 237.4 40.9 33.4
7.233333 3 348.6 237.5 41.0 33.5
7.266667 3 348.4 238.4 40.8 33.3
7.300000 3 348.2 238.9 40.6 33.2
7.333333 3 347.6 239.5 40.9 33.5
7.366667 3 347.5 239.8 40.7 33.3
7.400000 3 347.2 240.3 40.6 33.1
7.433333 3 346.8 240.4 40.8 33.3
7.466667 3 346.5 241.0 40.6 33.3
7.500000 3 346.3 241.5 40.6 33.2
7.533333 3 345.9 241.6 40.8 33.3
7.566667 3 345.6 241.7 40.8 33.4
7.600000 3 345.3 242.5 40.5 33.1
7.633333 3 345.1 243.0 40.5 33.2
7.666667 3 344.7 243.3 40.7 33.3
7.700000 3 344.5 243.9 40.5 33.2
7.733333 3 344.4 244.1 40.3 33.0
7.766667 3 343.7 244.4 40.7 33.3
7.800000 3 343.6 244.8 40.6 33.2
7.833333 3 343.2 245.6 40.5 33.1
7.866667 3 342.6 246.0 40.6 33.2
7.900000 3 342.5 246.1 40.5 33.2
7.933333 3 342.1 246.5 40.6 33.1
7.966667 3 341.8 246.7 40.7 33.2
8.000000 3 341.4 247.5 40.5 33.0
8.033333 3 341.3 247.6 40.4 32.9
8.066667 3 340.9 247.9 40.6 33.1
8.100000 3 340.7 248.2 40.6 33.2
8.133333 3 340.5 248.7 40.5 33.1
8.166667 3 340.0 249.5 40.6 33.1
8.200000 3 339.9 249.3 40.7 33.2
8.233333 3 339.5 249.6 40.7 33.2
8.266667 3 339.4 250.0 40.5 33.1
8.300000 3 339.0 250.6 40.7 33.2
8.333333 3 338.6 250.5 40.8 33.3
8.366667 3 338.4 251.1 40.6 33.2
8.400000 3 337.8 251.6 40.8 33.3
8.433333 3 337.7 251.6 40.8 33.3
8.466667 3 337.4 252.7 40.8 33.3
8.500000 3 337.3 252.8 40.6 33.1
8.533333 3 336.6 253.3 40.9 33.4
8.566667 3 336.4 253.6 40.8 33.3
8.600000 3 336.3 253.9 40.6 33.1
8.633333 3 336.0 254.5 40.7 33.2
8.666667 3 335.6 254.6 40.9 33.4
8.700000 3 335.4 255.1 40.6 33.2
8.733333 3 335.3 255.4 40.5 33.0
8.766667 3 335.0 255.6 40.7 33.2
8.800000 3 334.6 255.7 40.8 33.3
8.833333 3 334.4 256.2 40.6 33.2
8.866667 3 334.3 256.3 40.6 33.1
8.900000 3 334.1 257.3 40.6 33.1
8.933333 3 333.8 257.2 40.7 33.2
8.966667 3 333.4 257.4 40.7 33.2
9.000000 3 333.3 258.0 40.4 33.0
9.033333 3 333.1 258.3 40.5 33.1
9.066667 3 332.7 258.6 40.8 33.3
9.100000 3 332.5 258.8 40.7 33.3
9.133333 3 332.2 259.2 40.5 33.0
9.166667 3 332.0 259.8 40.6 33.2
9.200000 3 331.6 260.2 40.7 33.3
9.233333 3 331.4 260.7 40.6 33.2
9.266667 3 331.2 260.9 40.4 33.0
9.300000 3 330.8 261.4 40.7 33.2
9.333333 3 330.4 262.2 40.4 33.1
9.366667 3 330.3 262.4 40.4 33.0
9.400000 3 330.0 262.8 40.6 33.2
9.433333 3 330.0 263.2 40.6 33.2
9.466667 3 329.6 263.3 40.8 33.3
9.500000 3 329.6 263.5 40.7 33.3
9.533333 3 329.2 264.1 40.4 33.0
9.566667 3 328.9 264.2 40.7 33.2
9.600000 3 328.8 264.6 40.8 33.3
9.633333 3 328.8 264.8 40.7 33.3
9.666667 3 328.4 265.0 40.5 33.1
9.700000 3 328.1 265.3 40.5 33.0
9.733333 3 328.1 265.7 40.6 33.1
9.766667 3 327.8 266.2 40.7 33.2
9.800000 3 327.7 266.3 40.8 33.2
9.833333 3 327.4 266.7 40.7 33.2
9.866667 3 327.1 267.1 40.6 33.1
9.900000 3 326.9 267.2 40.6 33.1
9.933333 3 326.7 267.7 40.8 33.3
9.966667 3 326.5 268.1 40.6 33.2
