0.033333 3 331.0 234.0 112.0 61.0
0.066667 3 329.8 234.0 113.0 60.8
0.100000 3 328.7 234.0 114.0 60.7
0.133333 3 327.5 234.0 115.0 60.5
0.166667 3 326.3 234.0 116.0 60.3
0.200000 3 325.2 234.0 117.0 60.2
0.233333 3 324.0 234.0 118.0 60.0
0.266667 3 323.7 234.4 117.4 60.0
0.300000 3 323.4 234.8 116.8 59.9
0.333333 3 323.1 235.2 116.2 59.9
0.366667 3 322.8 235.6 115.6 59.9
0.400000 3 322.5 236.1 115.1 59.8
0.433333 3 322.2 236.5 114.5 59.8
0.466667 3 321.9 236.9 113.9 59.8
0.500000 3 321.6 237.3 113.3 59.8
0.533333 3 321.4 237.7 112.7 59.7
0.566667 3 321.1 238.1 112.1 59.7
0.600000 3 320.8 238.5 111.5 59.7
0.633333 3 320.5 238.9 110.9 59.6
0.666667 3 320.2 239.4 110.4 59.6
0.700000 3 319.9 239.8 109.8 59.6
0.733333 3 319.6 240.2 109.2 59.5
0.766667 3 319.3 240.6 108.6 59.5
0.800000 3 319.0 241.0 108.0 59.5
0.833333 3 317.3 241.7 110.0 59.7
0.866667 3 315.7 242.3 112.0 59.8
0.900000 3 314.0 243.0 114.0 60.0
0.933333 3 313.2 242.8 115.0 60.3
0.966667 3 312.4 242.6 116.0 60.6
1.000000 3 311.6 242.4 117.0 61.0
1.033333 3 310.8 242.2 118.0 61.3
1.066667 3 310.0 242.0 119.0 61.6
1.100000 3 309.2 241.8 120.0 61.9
1.133333 3 308.4 241.6 121.0 62.3
1.166667 3 307.6 241.4 122.0 62.6
1.200000 3 306.8 241.2 123.0 62.9
1.233333 3 306.0 241.0 124.0 63.2
1.266667 3 306.2 240.7 123.3 63.8
1.300000 3 306.3 240.5 122.7 64.4
1.333333 3 306.5 240.2 122.0 64.9
1.366667 3 306.7 240.0 121.3 65.5
1.400000 3 306.8 239.7 120.7 66.0
1.433333 3 307.0 239.5 120.0 66.6
1.466667 3 307.2 239.2 119.3 67.2
1.500000 3 307.3 239.0 118.7 67.7
1.533333 3 307.5 238.7 118.0 68.3
1.566667 3 307.7 238.5 117.3 68.9
1.600000 3 307.8 238.2 116.7 69.4
1.633333 3 308.0 238.0 116.0 70.0
1.666667 3 307.4 237.4 116.0 70.4
1.700000 3 306.8 236.8 116.0 70.8
1.733333 3 306.2 236.2 116.0 71.2
1.766667 3 305.6 235.6 116.0 71.6
1.800000 3 305.0 235.0 116.0 72.0
1.833333 3 304.4 234.4 116.0 72.4
1.866667 3 303.8 233.8 116.0 72.8
1.900000 3 303.2 233.2 116.0 73.2
1.933333 3 302.6 232.6 116.0 73.6
1.966667 3 302.0 232.0 116.0 74.0
2.000000 3 302.6 231.6 114.8 74.3
2.033333 3 303.1 231.1 113.6 74.6
2.066667 3 303.7 230.7 112.4 74.9
2.100000 3 304.3 230.3 111.1 75.1
2.133333 3 304.9 229.9 109.9 75.4
2.166667 3 305.4 229.4 108.7 75.7
2.200000 3 306.0 229.0 107.5 76.0
2.233333 3 306.6 228.6 106.3 76.3
2.266667 3 307.1 228.1 105.1 76.6
2.300000 3 307.7 227.7 103.9 76.9
2.333333 3 308.3 227.3 102.6 77.1
2.366667 3 308.9 226.9 101.4 77.4
2.400000 3 309.4 226.4 100.2 77.7
2.433333 3 310.0 226.0 99.0 78.0
2.466667 3 309.6 225.5 99.8 77.6
2.500000 3 309.2 225.1 100.5 77.2
2.533333 3 308.8 224.6 101.3 76.8
2.566667 3 308.5 224.2 102.1 76.5
2.600000 3 308.1 223.7 102.8 76.1
2.633333 3 307.7 223.2 103.6 75.7
2.666667 3 307.3 222.8 104.4 75.3
2.700000 3 306.9 222.3 105.2 74.9
2.733333 3 306.5 221.8 105.9 74.5
2.766667 3 306.2 221.4 106.7 74.2
2.800000 3 305.8 220.9 107.5 73.8
2.833333 3 305.4 220.5 108.2 73.4
2.866667 3 305.0 220.0 109.0 73.0
2.900000 3 304.5 219.2 109.1 73.5
2.933333 3 304.1 218.3 109.2 73.9
2.966667 3 303.6 217.5 109.2 74.4
3.000000 3 303.2 216.6 109.3 74.8
3.033333 3 302.7 215.8 109.4 75.3
3.066667 3 302.2 214.9 109.5 75.8
3.100000 3 301.8 214.1 109.5 76.2
3.133333 3 301.3 213.2 109.6 76.7
3.166667 3 300.8 212.4 109.7 77.2
3.200000 3 300.4 211.5 109.8 77.6
3.233333 3 299.9 210.7 109.8 78.1
3.266667 3 299.5 209.8 109.9 78.5
3.300000 3 299.0 209.0 110.0 79.0
3.333333 3 299.3 208.6 111.1 78.8
3.366667 3 299.6 208.2 112.2 78.7
3.400000 3 299.9 207.8 113.2 78.5
3.433333 3 300.2 207.5 114.3 78.4
3.466667 3 300.5 207.1 115.4 78.2
3.500000 3 300.8 206.7 116.5 78.1
3.533333 3 301.2 206.3 117.5 77.9
3.566667 3 301.5 205.9 118.6 77.8
3.600000 3 301.8 205.5 119.7 77.6
3.633333 3 302.1 205.2 120.8 77.5
3.666667 3 302.4 204.8 121.8 77.3
3.700000 3 302.7 204.4 122.9 77.2
3.733333 3 303.0 204.0 124.0 77.0
3.766667 3 302.0 203.9 123.7 77.1
3.800000 3 301.0 203.8 123.3 77.2
3.833333 3 300.0 203.7 123.0 77.3
3.866667 3 299.0 203.7 122.7 77.3
3.900000 3 298.0 203.6 122.3 77.4
3.933333 3 297.0 203.5 122.0 77.5
3.966667 3 296.0 203.4 121.7 77.6
4.000000 3 295.0 203.3 121.3 77.7
4.033333 3 294.0 203.2 121.0 77.8
4.066667 3 293.0 203.2 120.7 77.8
4.100000 3 292.0 203.1 120.3 77.9
4.133333 3 291.0 203.0 120.0 78.0
4.166667 3 289.9 202.7 120.2 78.4
4.200000 3 288.8 202.5 120.4 78.7
4.233333 3 287.7 202.2 120.5 79.1
4.266667 3 286.6 201.9 120.7 79.5
4.300000 3 285.5 201.6 120.9 79.8
4.333333 3 284.5 201.4 121.1 80.2
4.366667 3 283.4 201.1 121.3 80.5
4.400000 3 282.3 200.8 121.5 80.9
4.433333 3 281.2 200.5 121.6 81.3
4.466667 3 280.1 200.3 121.8 81.6
4.500000 3 279.0 200.0 122.0 82.0
4.533333 3 278.5 200.1 122.9 81.6
4.566667 3 278.0 200.1 123.9 81.1
4.600000 3 277.5 200.2 124.8 80.7
4.633333 3 277.0 200.3 125.7 80.3
4.666667 3 276.5 200.4 126.6 79.9
4.700000 3 276.0 200.4 127.6 79.4
4.733333 3 275.5 200.5 128.5 79.0
4.766667 3 275.0 200.6 129.4 78.6
4.800000 3 274.5 200.6 130.4 78.1
4.833333 3 274.0 200.7 131.3 77.7
4.866667 3 273.5 200.8 132.2 77.3
4.900000 3 273.0 200.9 133.1 76.9
4.933333 3 272.5 200.9 134.1 76.4
4.966667 3 272.0 201.0 135.0 76.0
5.000000 3 272.2 200.6 134.2 76.4
5.033333 3 272.4 200.3 133.4 76.7
5.066667 3 272.5 199.9 132.5 77.1
5.100000 3 272.7 199.5 131.7 77.5
5.133333 3 272.9 199.2 130.9 77.8
5.166667 3 273.1 198.8 130.1 78.2
5.200000 3 273.3 198.5 129.3 78.5
5.233333 3 273.5 198.1 128.5 78.9
5.266667 3 273.6 197.7 127.6 79.3
5.300000 3 273.8 197.4 126.8 79.6
5.333333 3 274.0 197.0 126.0 80.0
5.366667 3 275.1 197.1 125.9 79.5
5.400000 3 276.2 197.2 125.8 79.0
5.433333 3 277.3 197.3 125.7 78.5
5.466667 3 278.4 197.4 125.6 78.0
5.500000 3 279.5 197.5 125.5 77.5
5.533333 3 280.6 197.6 125.4 77.0
5.566667 3 281.7 197.7 125.3 76.5
5.600000 3 282.8 197.8 125.2 76.0
5.633333 3 283.9 197.9 125.1 75.5
5.666667 3 285.0 198.0 125.0 75.0
5.700000 3 286.0 197.7 123.6 74.6
5.733333 3 287.0 197.5 122.2 74.2
5.766667 3 288.0 197.2 120.9 73.9
5.800000 3 289.0 197.0 119.5 73.5
5.833333 3 290.0 196.7 118.1 73.1
5.866667 3 291.0 196.5 116.7 72.7
5.900000 3 292.0 196.2 115.4 72.4
5.933333 3 293.0 196.0 114.0 72.0
5.966667 3 294.9 194.3 114.1 73.1
6.000000 3 296.7 192.6 114.3 74.3
6.033333 3 298.6 190.9 114.4 75.4
6.066667 3 300.4 189.1 114.6 76.6
6.100000 3 302.3 187.4 114.7 77.7
6.133333 3 304.1 185.7 114.9 78.9
6.166667 3 306.0 184.0 115.0 80.0
6.200000 3 308.1 181.8 113.5 80.6
6.233333 3 310.2 179.6 112.0 81.3
6.266667 3 312.3 177.5 110.6 81.9
6.300000 3 314.5 175.3 109.1 82.5
6.333333 3 316.6 173.1 107.6 83.2
6.366667 3 318.7 170.9 106.1 83.8
6.400000 3 320.8 168.7 104.7 84.5
6.433333 3 322.9 166.5 103.2 85.1
6.466667 3 325.0 164.4 101.7 85.7
6.500000 3 327.1 162.2 100.2 86.4
6.533333 3 329.2 160.0 98.8 87.0
6.566667 3 330.2 158.4 99.2 87.5
6.600000 3 331.2 156.7 99.7 88.1
6.633333 3 332.2 155.1 100.2 88.6
6.666667 3 333.2 153.5 100.7 89.2
6.700000 3 334.1 151.8 101.1 89.7
6.733333 3 335.1 150.2 101.6 90.3
6.766667 3 336.1 148.5 102.1 90.8
6.800000 3 337.1 146.9 102.6 91.4
6.833333 3 338.0 145.3 103.0 91.9
6.866667 3 339.0 143.6 103.5 92.5
6.900000 3 340.0 142.0 104.0 93.0
6.933333 3 342.1 140.1 104.4 93.3
6.966667 3 344.3 138.2 104.8 93.5
7.000000 3 346.4 136.4 105.1 93.8
7.033333 3 348.5 134.5 105.5 94.0
7.066667 3 350.6 132.6 105.9 94.3
7.100000 3 352.8 130.7 106.3 94.5
7.133333 3 354.9 128.9 106.6 94.8
7.166667 3 357.0 127.0 107.0 95.0
7.200000 3 356.5 126.6 108.1 94.6
7.233333 3 356.0 126.3 109.2 94.3
7.266667 3 355.5 125.9 110.4 93.9
7.300000 3 355.0 125.5 111.5 93.5
7.333333 3 354.5 125.1 112.6 93.1
7.366667 3 354.0 124.8 113.7 92.8
7.400000 3 353.5 124.4 114.9 92.4
7.433333 3 353.0 124.0 116.0 92.0
7.466667 3 350.7 124.1 116.6 91.7
7.500000 3 348.5 124.3 117.3 91.5
7.533333 3 346.2 124.4 117.9 91.2
7.566667 3 344.0 124.5 118.5 91.0
7.600000 3 341.7 124.6 119.1 90.7
7.633333 3 339.5 124.8 119.8 90.5
7.666667 3 337.2 124.9 120.4 90.2
7.700000 3 335.0 125.0 121.0 90.0
7.733333 3 334.6 126.4 120.7 88.9
7.766667 3 334.1 127.9 120.4 87.7
7.800000 3 333.7 129.3 120.1 86.6
7.833333 3 333.3 130.7 119.9 85.4
7.866667 3 332.9 132.1 119.6 84.3
7.900000 3 332.4 133.6 119.3 83.1
7.933333 3 332.0 135.0 119.0 82.0
7.966667 3 330.5 134.5 117.5 82.9
8.000000 3 329.0 134.0 116.0 83.8
8.033333 3 327.5 133.5 114.5 84.6
8.066667 3 326.0 133.0 113.0 85.5
8.100000 3 324.5 132.5 111.5 86.4
8.133333 3 323.0 132.0 110.0 87.3
8.166667 3 321.5 131.5 108.5 88.1
8.200000 3 320.0 131.0 107.0 89.0
8.233333 3 316.8 131.8 109.3 89.0
8.266667 3 313.6 132.6 111.6 89.0
8.300000 3 310.4 133.4 113.9 89.0
8.333333 3 307.2 134.2 116.2 89.0
8.366667 3 304.0 135.0 118.5 89.0
8.400000 3 300.8 135.8 120.8 89.0
8.433333 3 297.6 136.6 123.1 89.0
8.466667 3 294.4 137.4 125.4 89.0
8.500000 3 291.2 138.2 127.7 89.0
8.533333 3 288.0 139.0 130.0 89.0
8.566667 3 286.3 139.1 129.6 90.2
8.600000 3 284.6 139.2 129.2 91.4
8.633333 3 282.9 139.3 128.8 92.6
8.666667 3 281.2 139.4 128.4 93.8
8.700000 3 279.5 139.5 128.0 95.0
8.733333 3 277.8 139.6 127.6 96.2
8.766667 3 276.1 139.7 127.2 97.4
8.800000 3 274.4 139.8 126.8 98.6
8.833333 3 272.7 139.9 126.4 99.8
8.866667 3 271.0 140.0 126.0 101.0
8.900000 3 271.8 140.4 125.5 100.1
8.933333 3 272.5 140.8 125.0 99.2
8.966667 3 273.3 141.1 124.5 98.4
9.000000 3 274.0 141.5 124.0 97.5
9.033333 3 274.8 141.9 123.5 96.6
9.066667 3 275.5 142.3 123.0 95.7
9.100000 3 276.3 142.6 122.5 94.9
9.133333 3 277.0 143.0 122.0 94.0
9.166667 3 277.3 144.7 121.7 94.1
9.200000 3 277.6 146.4 121.4 94.3
9.233333 3 277.9 148.1 121.1 94.4
9.266667 3 278.1 149.9 120.9 94.6
9.300000 3 278.4 151.6 120.6 94.7
9.333333 3 278.7 153.3 120.3 94.9
9.366667 3 279.0 155.0 120.0 95.0
9.400000 3 279.2 155.1 120.6 96.0
9.433333 3 279.4 155.2 121.1 97.0
9.466667 3 279.7 155.3 121.7 98.0
9.500000 3 279.9 155.4 122.2 99.0
9.533333 3 280.1 155.6 122.8 100.0
9.566667 3 280.3 155.7 123.3 101.0
9.600000 3 280.6 155.8 123.9 102.0
9.633333 3 280.8 155.9 124.4 103.0
9.666667 3 281.0 156.0 125.0 104.0
9.700000 3 280.4 157.4 126.4 103.3
9.733333 3 279.9 158.9 127.9 102.7
9.766667 3 279.3 160.3 129.3 102.0
9.800000 3 278.8 161.8 130.8 101.3
9.833333 3 278.2 163.2 132.2 100.7
9.866667 3 277.7 164.7 133.7 100.0
9.900000 3 277.1 166.1 135.1 99.3
9.933333 3 276.6 167.6 136.6 98.7
9.966667 3 276.0 169.0 138.0 98.0
10.000000 3 277.4 169.0 135.2 98.6
10.033333 3 278.8 169.0 132.4 99.2
10.066667 3 280.2 169.0 129.6 99.8
10.100000 3 281.6 169.0 126.8 100.4
10.133333 3 283.0 169.0 124.0 101.0
10.166667 3 282.6 169.3 124.8 100.9
10.200000 3 282.3 169.6 125.6 100.7
10.233333 3 281.9 169.9 126.4 100.6
10.266667 3 281.6 170.1 127.1 100.4
10.300000 3 281.2 170.4 127.9 100.3
10.333333 3 280.9 170.7 128.7 100.1
10.366667 3 280.5 171.0 129.5 100.0
10.400000 3 280.1 171.3 130.3 99.9
10.433333 3 279.8 171.6 131.1 99.7
10.466667 3 279.4 171.9 131.9 99.6
10.500000 3 279.1 172.1 132.6 99.4
10.533333 3 278.7 172.4 133.4 99.3
10.566667 3 278.4 172.7 134.2 99.1
10.600000 3 278.0 173.0 135.0 99.0
