0.033333 3 368.0 190.0 32.0 27.0
0.066667 3 367.6 190.1 32.6 27.3
0.100000 3 367.2 190.1 33.2 27.7
0.133333 3 366.8 190.2 33.8 28.0
0.166667 3 366.4 190.3 34.4 28.3
0.200000 3 366.0 190.3 35.0 28.7
0.233333 3 365.6 190.4 35.6 29.0
0.266667 3 365.2 190.5 36.2 29.3
0.300000 3 364.8 190.5 36.8 29.7
0.333333 3 364.4 190.6 37.4 30.0
0.366667 3 364.0 190.7 38.0 30.3
0.400000 3 363.6 190.7 38.6 30.7
0.433333 3 363.2 190.8 39.2 31.0
0.466667 3 362.8 190.9 39.8 31.3
0.500000 3 362.4 190.9 40.4 31.7
0.533333 3 362.0 191.0 41.0 32.0
0.566667 3 362.0 191.3 41.1 32.3
0.600000 3 362.0 191.5 41.3 32.7
0.633333 3 362.0 191.8 41.4 33.0
0.666667 3 362.0 192.1 41.5 33.3
0.700000 3 362.0 192.3 41.7 33.7
0.733333 3 362.0 192.6 41.8 34.0
0.766667 3 362.0 192.9 41.9 34.3
0.800000 3 362.0 193.1 42.1 34.7
0.833333 3 362.0 193.4 42.2 35.0
0.866667 3 362.0 193.7 42.3 35.3
0.900000 3 362.0 193.9 42.5 35.7
0.933333 3 362.0 194.2 42.6 36.0
0.966667 3 362.0 194.5 42.7 36.3
1.000000 3 362.0 194.7 42.9 36.7
1.033333 3 362.0 195.0 43.0 37.0
1.066667 3 362.1 195.1 43.7 37.3
1.100000 3 362.1 195.3 44.5 37.5
1.133333 3 362.2 195.4 45.2 37.8
1.166667 3 362.3 195.5 45.9 38.1
1.200000 3 362.3 195.7 46.7 38.3
1.233333 3 362.4 195.8 47.4 38.6
1.266667 3 362.5 195.9 48.1 38.9
1.300000 3 362.5 196.1 48.9 39.1
1.333333 3 362.6 196.2 49.6 39.4
1.366667 3 362.7 196.3 50.3 39.7
1.400000 3 362.7 196.5 51.1 39.9
1.433333 3 362.8 196.6 51.8 40.2
1.466667 3 362.9 196.7 52.5 40.5
1.500000 3 362.9 196.9 53.3 40.7
1.533333 3 363.0 197.0 54.0 41.0
1.566667 3 363.4 196.0 54.4 41.8
1.600000 3 363.7 195.0 54.7 42.6
1.633333 3 364.1 194.0 55.1 43.4
1.666667 3 364.4 193.0 55.4 44.1
1.700000 3 364.8 192.0 55.8 44.9
1.733333 3 365.1 191.0 56.1 45.7
1.766667 3 365.5 190.0 56.5 46.5
1.800000 3 365.9 189.0 56.9 47.3
1.833333 3 366.2 188.0 57.2 48.1
1.866667 3 366.6 187.0 57.6 48.9
1.900000 3 366.9 186.0 57.9 49.6
1.933333 3 367.3 185.0 58.3 50.4
1.966667 3 367.6 184.0 58.6 51.2
2.000000 3 368.0 183.0 59.0 52.0
2.033333 3 367.4 181.9 61.1 52.9
2.066667 3 366.8 180.7 63.1 53.7
2.100000 3 366.2 179.6 65.2 54.6
2.133333 3 365.6 178.5 67.3 55.5
2.166667 3 365.0 177.3 69.3 56.3
2.200000 3 364.4 176.2 71.4 57.2
2.233333 3 363.8 175.1 73.5 58.1
2.266667 3 363.2 173.9 75.5 58.9
2.300000 3 362.6 172.8 77.6 59.8
2.333333 3 362.0 171.7 79.7 60.7
2.366667 3 361.4 170.5 81.7 61.5
2.400000 3 360.8 169.4 83.8 62.4
2.433333 3 360.2 168.3 85.9 63.3
2.466667 3 359.6 167.1 87.9 64.1
2.500000 3 359.0 166.0 90.0 65.0
2.533333 3 357.3 162.6 93.2 68.0
2.566667 3 355.5 159.2 96.3 71.0
2.600000 3 353.8 155.8 99.5 74.0
2.633333 3 352.0 152.3 102.7 77.0
2.666667 3 350.3 148.9 105.8 80.0
2.700000 3 348.5 145.5 109.0 83.0
2.733333 3 346.8 142.1 112.2 86.0
2.766667 3 345.0 138.7 115.3 89.0
2.800000 3 343.3 135.3 118.5 92.0
2.833333 3 341.5 131.8 121.7 95.0
2.866667 3 339.8 128.4 124.8 98.0
2.900000 3 338.0 125.0 128.0 101.0
2.933333 3 336.2 123.8 131.2 102.8
2.966667 3 334.4 122.6 134.4 104.6
3.000000 3 332.6 121.4 137.6 106.4
3.033333 3 330.8 120.2 140.8 108.2
3.066667 3 329.0 119.0 144.0 110.0
3.100000 3 327.2 117.8 147.2 111.8
3.133333 3 325.4 116.6 150.4 113.6
3.166667 3 323.6 115.4 153.6 115.4
3.200000 3 321.8 114.2 156.8 117.2
3.233333 3 320.0 113.0 160.0 119.0
3.266667 3 317.1 113.1 161.4 119.3
3.300000 3 314.3 113.3 162.8 119.5
3.333333 3 311.4 113.4 164.2 119.8
3.366667 3 308.5 113.5 165.6 120.1
3.400000 3 305.7 113.7 167.0 120.3
3.433333 3 302.8 113.8 168.4 120.6
3.466667 3 299.9 113.9 169.8 120.9
3.500000 3 297.1 114.1 171.2 121.1
3.533333 3 294.2 114.2 172.6 121.4
3.566667 3 291.3 114.3 174.0 121.7
3.600000 3 288.5 114.5 175.4 121.9
3.633333 3 285.6 114.6 176.8 122.2
3.666667 3 282.7 114.7 178.2 122.5
3.700000 3 279.9 114.9 179.6 122.7
3.733333 3 277.0 115.0 181.0 123.0
3.766667 3 279.9 114.9 180.5 123.5
3.800000 3 282.9 114.7 180.0 124.0
3.833333 3 285.8 114.6 179.5 124.5
3.866667 3 288.7 114.4 179.0 125.0
3.900000 3 291.6 114.3 178.5 125.5
3.933333 3 294.6 114.1 178.0 126.0
3.966667 3 297.5 114.0 177.5 126.5
4.000000 3 300.4 113.9 177.0 127.0
4.033333 3 303.4 113.7 176.5 127.5
4.066667 3 306.3 113.6 176.0 128.0
4.100000 3 309.2 113.4 175.5 128.5
4.133333 3 312.1 113.3 175.0 129.0
4.166667 3 315.1 113.1 174.5 129.5
4.200000 3 318.0 113.0 174.0 130.0
4.233333 3 317.7 112.5 174.2 130.6
4.266667 3 317.4 112.1 174.3 131.2
4.300000 3 317.1 111.6 174.5 131.8
4.333333 3 316.8 111.2 174.6 132.5
4.366667 3 316.5 110.7 174.8 133.1
4.400000 3 316.2 110.2 174.9 133.7
4.433333 3 315.8 109.8 175.1 134.3
4.466667 3 315.5 109.3 175.2 134.9
4.500000 3 315.2 108.8 175.4 135.5
4.533333 3 314.9 108.4 175.5 136.2
4.566667 3 314.6 107.9 175.7 136.8
4.600000 3 314.3 107.5 175.8 137.4
4.633333 3 314.0 107.0 176.0 138.0
4.666667 3 310.9 107.1 177.1 138.4
4.700000 3 307.9 107.3 178.3 138.7
4.733333 3 304.8 107.4 179.4 139.1
4.766667 3 301.7 107.6 180.6 139.4
4.800000 3 298.6 107.7 181.7 139.8
4.833333 3 295.6 107.9 182.9 140.1
4.866667 3 292.5 108.0 184.0 140.5
4.900000 3 289.4 108.1 185.1 140.9
4.933333 3 286.4 108.3 186.3 141.2
4.966667 3 283.3 108.4 187.4 141.6
5.000000 3 280.2 108.6 188.6 141.9
5.033333 3 277.1 108.7 189.7 142.3
5.066667 3 274.1 108.9 190.9 142.6
5.100000 3 271.0 109.0 192.0 143.0
5.133333 3 272.3 110.4 191.1 142.7
5.166667 3 273.6 111.8 190.2 142.5
5.200000 3 274.9 113.1 189.4 142.2
5.233333 3 276.3 114.5 188.5 142.0
5.266667 3 277.6 115.9 187.6 141.7
5.300000 3 278.9 117.3 186.7 141.5
5.333333 3 280.2 118.6 185.9 141.2
5.366667 3 281.5 120.0 185.0 141.0
5.400000 3 282.8 121.4 184.1 140.7
5.433333 3 284.1 122.8 183.2 140.5
5.466667 3 285.4 124.1 182.4 140.2
5.500000 3 286.8 125.5 181.5 140.0
5.533333 3 288.1 126.9 180.6 139.7
5.566667 3 289.4 128.3 179.7 139.5
5.600000 3 290.7 129.6 178.9 139.2
5.633333 3 292.0 131.0 178.0 139.0
5.666667 3 289.5 131.6 180.0 139.2
5.700000 3 287.0 132.3 182.0 139.4
5.733333 3 284.5 132.9 184.0 139.6
5.766667 3 282.0 133.6 186.0 139.9
5.800000 3 279.5 134.2 188.0 140.1
5.833333 3 277.0 134.9 190.0 140.3
5.866667 3 274.5 135.5 192.0 140.5
5.900000 3 272.0 136.1 194.0 140.7
5.933333 3 269.5 136.8 196.0 140.9
5.966667 3 267.0 137.4 198.0 141.1
6.000000 3 264.5 138.1 200.0 141.4
6.033333 3 262.0 138.7 202.0 141.6
6.066667 3 259.5 139.4 204.0 141.8
6.100000 3 257.0 140.0 206.0 142.0
6.133333 3 255.9 140.2 205.4 142.6
6.166667 3 254.7 140.4 204.8 143.2
6.200000 3 253.6 140.6 204.2 143.8
6.233333 3 252.5 140.8 203.6 144.4
6.266667 3 251.3 141.0 203.0 145.0
6.300000 3 250.2 141.2 202.4 145.6
6.333333 3 249.1 141.4 201.8 146.2
6.366667 3 247.9 141.6 201.2 146.8
6.400000 3 246.8 141.8 200.6 147.4
6.433333 3 245.7 142.0 200.0 148.0
6.466667 3 244.5 142.2 199.4 148.6
6.500000 3 243.4 142.4 198.8 149.2
6.533333 3 242.3 142.6 198.2 149.8
6.566667 3 241.1 142.8 197.6 150.4
6.600000 3 240.0 143.0 197.0 151.0
6.633333 3 235.7 142.3 197.4 151.4
6.666667 3 231.3 141.7 197.8 151.8
6.700000 3 227.0 141.0 198.2 152.2
6.733333 3 222.7 140.3 198.6 152.6
6.766667 3 218.3 139.7 199.0 153.0
6.800000 3 214.0 139.0 199.4 153.4
6.833333 3 209.7 138.3 199.8 153.8
6.866667 3 205.3 137.7 200.2 154.2
6.900000 3 201.0 137.0 200.6 154.6
6.933333 3 196.7 136.3 201.0 155.0
6.966667 3 192.3 135.7 201.4 155.4
7.000000 3 188.0 135.0 201.8 155.8
7.033333 3 183.7 134.3 202.2 156.2
7.066667 3 179.3 133.7 202.6 156.6
7.100000 3 175.0 133.0 203.0 157.0
7.133333 3 175.5 133.2 203.6 157.2
7.166667 3 175.9 133.4 204.2 157.3
7.200000 3 176.4 133.6 204.7 157.5
7.233333 3 176.9 133.8 205.3 157.6
7.266667 3 177.4 134.1 205.9 157.8
7.300000 3 177.8 134.3 206.5 157.9
7.333333 3 178.3 134.5 207.1 158.1
7.366667 3 178.8 134.7 207.6 158.3
7.400000 3 179.3 134.9 208.2 158.4
7.433333 3 179.7 135.1 208.8 158.6
7.466667 3 180.2 135.3 209.4 158.7
7.500000 3 180.7 135.5 209.9 158.9
7.533333 3 181.2 135.7 210.5 159.1
7.566667 3 181.6 135.9 211.1 159.2
7.600000 3 182.1 136.2 211.7 159.4
7.633333 3 182.6 136.4 212.3 159.5
7.666667 3 183.1 136.6 212.8 159.7
7.700000 3 183.5 136.8 213.4 159.8
7.733333 3 184.0 137.0 214.0 160.0
7.766667 3 186.6 137.3 214.4 160.4
7.800000 3 189.1 137.6 214.8 160.9
7.833333 3 191.7 137.8 215.2 161.3
7.866667 3 194.2 138.1 215.6 161.8
7.900000 3 196.8 138.4 215.9 162.2
7.933333 3 199.3 138.7 216.3 162.7
7.966667 3 201.9 138.9 216.7 163.1
8.000000 3 204.4 139.2 217.1 163.6
8.033333 3 207.0 139.5 217.5 164.0
8.066667 3 209.6 139.8 217.9 164.4
8.100000 3 212.1 140.1 218.3 164.9
8.133333 3 214.7 140.3 218.7 165.3
8.166667 3 217.2 140.6 219.1 165.8
8.200000 3 219.8 140.9 219.4 166.2
8.233333 3 222.3 141.2 219.8 166.7
8.266667 3 224.9 141.4 220.2 167.1
8.300000 3 227.4 141.7 220.6 167.6
8.333333 3 230.0 142.0 221.0 168.0
8.366667 3 230.1 142.0 221.4 168.2
8.400000 3 230.3 142.0 221.8 168.4
8.433333 3 230.4 142.0 222.2 168.6
8.466667 3 230.6 142.0 222.6 168.8
8.500000 3 230.7 142.0 223.0 169.0
8.533333 3 230.9 142.0 223.4 169.2
8.566667 3 231.0 142.0 223.8 169.4
8.600000 3 231.2 142.0 224.2 169.6
8.633333 3 231.3 142.0 224.6 169.8
8.666667 3 231.5 142.0 225.0 170.0
8.700000 3 231.6 142.0 225.4 170.2
8.733333 3 231.8 142.0 225.8 170.4
8.766667 3 231.9 142.0 226.2 170.6
8.800000 3 232.1 142.0 226.6 170.8
8.833333 3 232.2 142.0 227.0 171.0
8.866667 3 232.4 142.0 227.4 171.2
8.900000 3 232.5 142.0 227.8 171.4
8.933333 3 232.7 142.0 228.2 171.6
8.966667 3 232.8 142.0 228.6 171.8
9.000000 3 233.0 142.0 229.0 172.0
9.033333 3 233.1 140.2 228.8 172.6
9.066667 3 233.1 138.5 228.6 173.2
9.100000 3 233.2 136.7 228.5 173.8
9.133333 3 233.2 134.9 228.3 174.4
9.166667 3 233.3 133.2 228.1 174.9
9.200000 3 233.4 131.4 227.9 175.5
9.233333 3 233.4 129.6 227.8 176.1
9.266667 3 233.5 127.9 227.6 176.7
9.300000 3 233.5 126.1 227.4 177.3
9.333333 3 233.6 124.4 227.2 177.9
9.366667 3 233.6 122.6 227.1 178.5
9.400000 3 233.7 120.8 226.9 179.1
9.433333 3 233.8 119.1 226.7 179.6
9.466667 3 233.8 117.3 226.5 180.2
9.500000 3 233.9 115.5 226.4 180.8
9.533333 3 233.9 113.8 226.2 181.4
9.566667 3 234.0 112.0 226.0 182.0
9.600000 3 233.4 110.5 225.6 181.9
9.633333 3 232.8 109.0 225.2 181.9
9.666667 3 232.2 107.5 224.8 181.8
9.700000 3 231.6 106.0 224.4 181.8
9.733333 3 230.9 104.5 224.1 181.7
9.766667 3 230.3 103.0 223.7 181.7
9.800000 3 229.7 101.5 223.3 181.6
9.833333 3 229.1 100.0 222.9 181.6
9.866667 3 228.5 98.5 222.5 181.5
9.900000 3 227.9 97.0 222.1 181.4
9.933333 3 227.3 95.5 221.7 181.4
9.966667 3 226.7 94.0 221.3 181.3
10.000000 3 226.1 92.5 220.9 181.3
10.033333 3 225.4 91.0 220.6 181.2
10.066667 3 224.8 89.5 220.2 181.2
10.100000 3 224.2 88.0 219.8 181.1
10.133333 3 223.6 86.5 219.4 181.1
10.166667 3 223.0 85.0 219.0 181.0
10.200000 3 223.6 84.6 220.0 181.4
10.233333 3 224.2 84.3 221.0 181.7
10.266667 3 224.7 83.9 222.0 182.1
10.300000 3 225.3 83.5 223.0 182.5
10.333333 3 225.9 83.2 224.0 182.8
10.366667 3 226.5 82.8 225.0 183.2
10.400000 3 227.1 82.4 226.0 183.6
10.433333 3 227.6 82.1 227.0 183.9
10.466667 3 228.2 81.7 228.0 184.3
10.500000 3 228.8 81.3 229.0 184.7
10.533333 3 229.4 80.9 230.0 185.1
10.566667 3 229.9 80.6 231.0 185.4
10.600000 3 230.5 80.2 232.0 185.8
10.633333 3 231.1 79.8 233.0 186.2
10.666667 3 231.7 79.5 234.0 186.5
10.700000 3 232.3 79.1 235.0 186.9
10.733333 3 232.8 78.7 236.0 187.3
10.766667 3 233.4 78.4 237.0 187.6
10.800000 3 234.0 78.0 238.0 188.0
