0.000000 3 252.0 329.0 20.0 22.0
0.033333 3 252.1 329.7 20.2 22.2
0.066667 3 252.9 328.7 20.2 22.2
0.100000 3 252.9 329.6 20.3 22.3
0.133333 3 254.1 329.6 19.9 21.9
0.166667 3 254.2 329.1 20.3 22.3
0.200000 3 254.9 329.7 20.3 22.3
0.233333 3 255.2 329.4 20.1 22.1
0.266667 3 256.1 329.4 19.9 21.9
0.300000 3 256.2 329.3 20.2 22.2
0.333333 3 257.1 329.4 19.9 21.9
0.366667 3 258.0 329.2 20.0 22.0
0.400000 3 258.1 329.1 20.1 22.0
0.433333 3 258.1 328.9 20.5 22.4
0.466667 3 258.2 328.4 21.1 23.1
0.500000 3 259.6 328.4 20.4 22.3
0.533333 3 260.1 328.8 20.3 22.3
0.566667 3 260.0 328.7 20.9 22.9
0.600000 3 260.6 328.6 20.5 22.5
0.633333 3 261.9 328.8 20.3 22.2
0.666667 3 261.9 328.8 20.2 22.2
0.700000 3 262.0 328.3 21.4 23.3
0.733333 3 263.0 328.5 20.9 22.9
0.766667 3 263.4 328.7 20.8 22.7
0.800000 3 264.2 328.3 21.1 23.1
0.833333 3 265.1 328.6 20.3 22.4
0.866667 3 265.1 328.7 20.2 22.2
0.900000 3 266.0 328.9 20.9 22.9
0.933333 3 266.5 328.4 20.7 22.7
0.966667 3 266.9 328.7 20.3 22.3
1.000000 3 268.1 328.4 19.9 21.9
1.033333 3 267.9 328.3 21.1 23.1
1.066667 3 269.0 328.4 19.9 21.8
1.100000 3 270.0 329.1 20.0 22.0
1.133333 3 269.9 327.8 21.2 23.1
1.166667 3 270.0 328.0 21.4 23.3
1.200000 3 270.8 328.7 20.3 22.3
1.233333 3 271.9 328.7 20.4 22.4
1.266667 3 271.9 328.6 20.5 22.5
1.300000 3 273.0 328.5 20.1 22.1
1.333333 3 273.1 328.1 20.6 22.5
1.366667 3 273.6 328.6 20.5 22.5
1.400000 3 274.0 328.3 20.6 22.6
1.433333 3 274.6 328.6 20.5 22.5
1.466667 3 275.0 328.6 20.1 22.1
1.500000 3 275.5 328.3 20.6 22.6
1.533333 3 275.8 328.6 20.4 22.4
1.566667 3 276.1 328.8 20.4 22.4
1.600000 3 277.0 328.0 20.2 22.1
1.633333 3 277.0 328.5 20.2 22.1
1.666667 3 277.1 328.1 21.1 23.1
1.700000 3 278.4 328.3 20.7 22.7
1.733333 3 278.1 327.2 20.8 22.8
1.766667 3 279.2 328.1 20.1 22.1
1.800000 3 279.7 328.5 20.2 22.2
1.833333 3 279.6 328.4 20.4 22.4
1.866667 3 279.9 328.2 21.2 23.2
1.900000 3 281.2 328.3 20.0 22.0
1.933333 3 281.1 329.0 20.2 22.1
1.966667 3 281.8 328.6 20.4 22.4
2.000000 3 282.2 328.1 21.1 23.0
2.033333 3 282.9 328.6 20.0 22.0
2.066667 3 283.2 327.9 21.0 23.0
2.100000 3 283.2 328.1 21.0 23.0
2.133333 3 284.3 328.3 21.1 23.1
2.166667 3 285.1 328.2 20.1 22.1
2.200000 3 285.9 328.3 20.1 22.1
2.233333 3 286.0 328.6 20.5 22.5
2.266667 3 286.1 328.0 21.4 23.4
2.300000 3 287.1 327.9 21.2 23.2
2.333333 3 287.1 328.1 21.2 23.2
2.366667 3 287.8 328.6 20.6 22.6
2.400000 3 287.9 328.2 21.5 23.5
2.433333 3 289.0 328.5 21.3 23.2
2.466667 3 289.6 328.4 20.5 22.5
2.500000 3 290.2 328.3 20.1 22.1
2.533333 3 290.0 327.9 21.1 23.1
2.566667 3 291.0 328.3 20.1 22.1
2.600000 3 291.0 328.0 21.0 23.0
2.633333 3 292.1 328.2 20.2 22.1
2.666667 3 292.0 328.4 20.2 22.2
2.700000 3 292.9 328.5 20.1 22.1
2.733333 3 293.0 328.1 20.2 22.2
2.766667 3 293.1 327.8 20.9 22.8
2.800000 3 293.8 327.8 20.5 22.5
2.833333 3 294.1 327.7 20.7 22.7
2.866667 3 294.2 327.6 21.0 23.0
2.900000 3 294.9 327.7 20.6 22.6
2.933333 3 295.1 327.6 20.7 22.8
2.966667 3 295.8 327.4 20.8 22.8
3.000000 3 296.1 327.4 20.7 22.8
3.033333 3 296.7 327.4 20.8 22.8
3.066667 3 297.0 327.6 20.6 22.6
3.100000 3 297.7 327.3 20.2 22.2
3.133333 3 297.8 327.3 20.5 22.5
3.166667 3 298.6 327.5 20.7 22.7
3.200000 3 298.9 327.5 20.7 22.7
3.233333 3 299.1 327.0 21.0 23.0
3.266667 3 299.8 327.1 20.3 22.3
3.300000 3 300.1 327.1 20.4 22.4
3.333333 3 300.7 327.4 20.3 22.4
3.366667 3 301.0 327.3 20.4 22.4
3.400000 3 301.7 327.1 20.2 22.3
3.433333 3 301.9 327.1 20.4 22.4
3.466667 3 302.9 327.1 20.3 22.3
3.500000 3 303.4 326.9 20.8 22.8
3.533333 3 303.9 327.2 20.2 22.2
3.566667 3 303.9 326.4 21.4 23.4
3.600000 3 304.7 327.0 20.4 22.4
3.633333 3 305.0 326.7 21.0 23.0
3.666667 3 305.4 327.0 20.8 22.8
3.700000 3 306.0 326.9 20.9 22.9
3.733333 3 306.6 326.8 20.6 22.6
3.766667 3 306.8 326.7 20.6 22.6
3.800000 3 307.0 326.4 20.7 22.8
3.833333 3 307.7 326.4 20.8 22.8
3.866667 3 307.9 326.4 20.9 22.9
3.900000 3 307.9 326.3 21.0 23.0
3.933333 3 309.0 326.3 20.3 22.3
3.966667 3 309.1 326.2 20.7 22.7
4.000000 3 309.8 326.3 20.3 22.3
4.033333 3 310.4 325.9 20.8 22.8
4.066667 3 310.5 326.1 20.5 22.5
4.100000 3 311.1 325.9 20.4 22.4
4.133333 3 311.0 325.5 21.2 23.2
4.166667 3 311.5 325.7 20.6 22.7
4.200000 3 311.9 325.4 21.3 23.3
4.233333 3 312.5 325.7 20.6 22.7
4.266667 3 312.9 325.2 20.9 23.0
4.300000 3 313.0 325.0 21.3 23.3
4.333333 3 314.1 325.3 20.3 22.4
4.366667 3 314.0 325.1 20.9 22.9
4.400000 3 314.9 325.3 20.4 22.4
4.433333 3 314.9 324.8 20.5 22.5
4.466667 3 315.0 324.3 21.3 23.3
4.500000 3 315.8 324.5 20.7 22.8
4.533333 3 316.3 324.5 20.9 23.0
4.566667 3 317.0 324.2 20.8 22.8
4.600000 3 317.0 324.0 20.8 22.8
4.633333 3 318.0 324.1 20.7 22.7
4.666667 3 318.7 324.4 20.5 22.5
4.700000 3 318.8 324.4 20.4 22.4
4.733333 3 319.5 324.0 20.8 22.8
4.766667 3 319.9 324.3 20.2 22.2
4.800000 3 320.4 323.7 20.9 22.9
4.833333 3 320.8 323.3 21.1 23.2
4.866667 3 320.8 323.5 21.1 23.1
4.900000 3 321.1 323.2 21.5 23.5
4.933333 3 322.0 323.1 20.4 22.5
4.966667 3 321.9 323.2 20.9 23.0
5.000000 3 322.8 322.8 21.8 23.8
5.033333 3 323.0 323.5 21.4 23.4
5.066667 3 323.9 322.9 20.9 22.9
5.100000 3 323.9 322.7 21.1 23.1
5.133333 3 323.8 322.3 21.4 23.4
5.166667 3 324.9 322.6 20.9 22.9
5.200000 3 325.0 322.9 20.7 22.7
5.233333 3 324.8 321.9 21.7 23.7
5.266667 3 325.7 322.4 20.7 22.8
5.300000 3 325.9 322.3 20.7 22.7
5.333333 3 325.8 321.8 21.6 23.6
5.366667 3 327.0 322.2 20.4 22.4
5.400000 3 327.1 321.8 21.3 23.2
5.433333 3 327.8 321.3 20.6 22.7
5.466667 3 327.7 321.4 21.4 23.4
5.500000 3 327.6 320.9 21.5 23.5
5.533333 3 328.8 321.9 20.6 22.6
5.566667 3 328.7 321.5 21.2 23.2
5.600000 3 328.7 320.6 21.9 23.9
5.633333 3 329.7 320.8 21.2 23.2
5.666667 3 329.7 320.3 21.5 23.5
5.700000 3 330.6 321.1 20.6 22.6
5.733333 3 330.8 320.8 21.3 23.3
5.766667 3 331.6 320.4 20.7 22.8
5.800000 3 331.7 320.3 21.4 23.4
5.833333 3 331.8 320.1 21.8 23.8
5.866667 3 332.8 320.4 21.2 23.3
5.900000 3 332.8 320.0 21.8 23.8
5.933333 3 333.9 320.3 20.4 22.5
5.966667 3 333.9 320.1 21.0 23.1
6.000000 3 334.5 320.0 20.7 22.7
6.033333 3 335.0 320.1 20.3 22.4
6.066667 3 335.0 319.6 21.4 23.4
6.100000 3 335.1 319.6 21.2 23.2
6.133333 3 335.8 320.0 20.4 22.4
6.166667 3 336.6 319.6 20.7 22.7
6.200000 3 336.9 319.6 21.1 23.1
6.233333 3 337.8 319.5 20.8 22.8
6.266667 3 337.7 319.3 20.8 22.8
6.300000 3 338.0 319.0 20.8 22.8
6.333333 3 338.8 319.2 20.3 22.3
6.366667 3 338.8 319.2 20.3 22.4
6.400000 3 339.6 319.4 20.6 22.7
6.433333 3 339.7 319.4 20.8 22.8
6.466667 3 340.1 319.0 21.1 23.1
6.500000 3 340.6 318.7 20.6 22.7
6.533333 3 341.0 318.6 20.8 22.8
6.566667 3 340.9 318.4 21.2 23.2
6.600000 3 341.7 319.0 20.4 22.4
6.633333 3 342.0 318.8 20.5 22.5
6.666667 3 342.0 318.1 21.4 23.4
6.700000 3 342.7 318.4 20.5 22.6
6.733333 3 343.0 318.0 21.3 23.3
6.766667 3 343.7 318.3 20.6 22.6
6.800000 3 344.1 318.0 20.6 22.6
6.833333 3 344.1 317.8 21.1 23.1
6.866667 3 344.6 317.8 20.5 22.5
6.900000 3 345.2 318.2 20.3 22.3
6.933333 3 345.5 317.9 20.6 22.6
6.966667 3 345.6 317.5 20.9 22.9
7.000000 3 345.7 317.5 20.9 22.9
7.033333 3 346.0 317.3 21.2 23.3
7.066667 3 346.5 317.5 20.8 22.8
7.100000 3 346.7 317.3 20.9 22.9
7.133333 3 347.5 317.3 20.9 22.9
7.166667 3 347.7 317.1 20.4 22.4
7.200000 3 348.0 317.2 20.8 22.9
7.233333 3 348.5 316.9 20.7 22.7
7.266667 3 349.0 317.1 20.5 22.5
7.300000 3 349.1 317.2 20.7 22.8
7.333333 3 349.9 317.1 20.5 22.5
7.366667 3 350.2 317.0 20.6 22.6
7.400000 3 350.4 316.9 20.7 22.7
7.433333 3 350.6 316.3 20.9 22.9
7.466667 3 351.1 316.2 21.1 23.2
7.500000 3 351.1 316.1 21.1 23.1
7.533333 3 352.1 316.1 21.1 23.1
7.566667 3 352.6 316.5 20.7 22.8
7.600000 3 353.0 316.2 20.4 22.4
7.633333 3 353.1 316.2 20.7 22.7
7.666667 3 353.7 316.3 20.6 22.6
7.700000 3 354.0 316.3 20.5 22.5
7.733333 3 354.7 316.0 20.5 22.5
7.766667 3 354.7 316.0 20.5 22.5
7.800000 3 354.8 315.6 20.8 22.8
7.833333 3 355.1 315.8 20.7 22.8
7.866667 3 355.6 315.4 21.0 23.0
7.900000 3 355.9 315.5 20.8 22.8
7.933333 3 356.3 315.5 20.9 22.9
7.966667 3 356.8 315.2 20.7 22.7
8.000000 3 357.0 315.1 21.0 23.1
8.033333 3 357.2 315.1 21.0 23.0
8.066667 3 358.0 315.1 20.5 22.5
8.100000 3 358.1 315.1 20.4 22.4
8.133333 3 358.1 314.8 20.8 22.8
8.166667 3 359.1 315.0 20.8 22.8
8.200000 3 359.0 314.6 20.9 22.9
8.233333 3 359.6 314.6 20.8 22.8
8.266667 3 360.0 314.4 20.9 22.9
8.300000 3 360.0 314.6 20.8 22.8
8.333333 3 360.5 314.5 20.8 22.9
8.366667 3 361.0 314.3 20.8 22.9
8.400000 3 361.0 314.2 20.9 23.0
8.433333 3 361.4 314.1 20.7 22.8
8.466667 3 361.9 314.3 20.9 22.9
8.500000 3 361.9 313.9 21.4 23.5
8.533333 3 362.8 314.0 20.6 22.6
8.566667 3 363.1 314.0 20.7 22.7
8.600000 3 363.7 314.1 20.5 22.5
8.633333 3 363.8 313.7 20.8 22.8
8.666667 3 364.1 313.8 21.1 23.1
8.700000 3 364.2 313.6 21.0 23.1
8.733333 3 365.0 313.4 20.8 22.9
8.766667 3 365.0 313.6 21.0 23.0
8.800000 3 365.6 313.4 21.1 23.1
8.833333 3 365.9 313.3 21.3 23.3
8.866667 3 365.9 313.4 21.2 23.2
8.900000 3 366.5 313.2 21.0 23.0
8.933333 3 366.9 313.2 20.8 22.9
8.966667 3 366.8 312.9 21.4 23.5
9.000000 3 367.6 313.2 20.9 22.9
9.033333 3 368.0 312.9 21.1 23.1
9.066667 3 367.9 312.8 21.4 23.4
9.100000 3 369.1 313.0 20.5 22.6
9.133333 3 369.0 312.8 21.2 23.2
9.166667 3 369.7 313.0 20.7 22.7
9.200000 3 369.9 312.6 20.8 22.8
9.233333 3 370.0 312.4 20.9 23.0
9.266667 3 370.5 312.4 21.1 23.1
9.300000 3 370.8 312.4 21.0 23.0
9.333333 3 370.9 312.0 21.4 23.4
9.366667 3 372.1 312.1 20.6 22.7
9.400000 3 372.1 312.2 20.5 22.6
9.433333 3 372.3 312.0 20.9 23.0
9.466667 3 372.5 312.2 21.1 23.1
9.500000 3 373.3 312.2 21.0 23.1
9.533333 3 373.6 312.1 20.7 22.7
9.566667 3 373.6 312.0 20.8 22.8
9.600000 3 374.1 311.6 20.9 23.0
9.633333 3 374.5 311.7 20.7 22.7
9.666667 3 375.1 312.1 20.9 23.0
9.700000 3 375.2 312.2 20.7 22.8
9.733333 3 375.1 311.6 20.9 22.9
9.766667 3 375.4 311.5 21.1 23.1
9.800000 3 376.3 311.9 20.6 22.6
9.833333 3 376.6 311.9 20.8 22.8
9.866667 3 377.3 311.8 20.6 22.7
9.900000 3 377.4 311.2 20.8 22.9
9.933333 3 378.1 311.3 20.8 22.8
9.966667 3 378.4 311.2 20.8 22.9
