0.000000 3 248.0 223.0 36.0 32.0
0.033333 3 247.9 224.1 35.7 31.8
0.066667 3 247.7 225.1 35.4 31.6
0.100000 3 247.6 226.2 35.1 31.4
0.133333 3 247.4 227.3 34.9 31.1
0.166667 3 247.3 228.4 34.6 30.9
0.200000 3 247.1 229.4 34.3 30.7
0.233333 3 247.0 230.5 34.0 30.5
0.266667 3 246.9 231.6 33.7 30.3
0.300000 3 246.7 232.6 33.4 30.1
0.333333 3 246.6 233.7 33.1 29.9
0.366667 3 246.4 234.8 32.9 29.6
0.400000 3 246.3 235.9 32.6 29.4
0.433333 3 246.1 236.9 32.3 29.2
0.466667 3 246.0 238.0 32.0 29.0
0.500000 3 245.8 239.5 31.8 28.8
0.533333 3 245.7 241.1 31.7 28.5
0.566667 3 245.5 242.6 31.5 28.3
0.600000 3 245.4 244.2 31.4 28.1
0.633333 3 245.2 245.7 31.2 27.8
0.666667 3 245.1 247.2 31.1 27.6
0.700000 3 244.9 248.8 30.9 27.4
0.733333 3 244.8 250.3 30.8 27.2
0.766667 3 244.6 251.8 30.6 26.9
0.800000 3 244.5 253.4 30.5 26.7
0.833333 3 244.3 254.9 30.3 26.5
0.866667 3 244.2 256.5 30.2 26.2
0.900000 3 244.0 258.0 30.0 26.0
0.933333 3 243.8 258.6 30.4 26.4
0.966667 3 243.7 259.2 30.8 26.8
1.000000 3 243.5 259.8 31.3 27.2
1.033333 3 243.3 260.3 31.7 27.7
1.066667 3 243.2 260.9 32.1 28.1
1.100000 3 243.0 261.5 32.5 28.5
1.133333 3 242.8 262.1 32.9 28.9
1.166667 3 242.7 262.7 33.3 29.3
1.200000 3 242.5 263.3 33.8 29.7
1.233333 3 242.3 263.8 34.2 30.2
1.266667 3 242.2 264.4 34.6 30.6
1.300000 3 242.0 265.0 35.0 31.0
1.333333 3 242.3 264.5 35.1 30.8
1.366667 3 242.5 264.1 35.2 30.6
1.400000 3 242.8 263.6 35.3 30.5
1.433333 3 243.1 263.2 35.4 30.3
1.466667 3 243.4 262.7 35.5 30.1
1.500000 3 243.6 262.3 35.5 29.9
1.533333 3 243.9 261.8 35.6 29.7
1.566667 3 244.2 261.4 35.7 29.5
1.600000 3 244.5 260.9 35.8 29.4
1.633333 3 244.7 260.5 35.9 29.2
1.666667 3 245.0 260.0 36.0 29.0
1.700000 3 245.5 259.4 36.2 29.0
1.733333 3 246.1 258.7 36.4 29.0
1.766667 3 246.6 258.1 36.5 29.0
1.800000 3 247.2 257.5 36.7 29.0
1.833333 3 247.7 256.8 36.9 29.0
1.866667 3 248.3 256.2 37.1 29.0
1.900000 3 248.8 255.5 37.3 29.0
1.933333 3 249.4 254.9 37.5 29.0
1.966667 3 249.9 254.3 37.6 29.0
2.000000 3 250.5 253.6 37.8 29.0
2.033333 3 251.0 253.0 38.0 29.0
2.066667 3 251.3 252.8 38.2 29.3
2.100000 3 251.5 252.6 38.4 29.5
2.133333 3 251.8 252.5 38.5 29.8
2.166667 3 252.1 252.3 38.7 30.1
2.200000 3 252.4 252.1 38.9 30.4
2.233333 3 252.6 251.9 39.1 30.6
2.266667 3 252.9 251.7 39.3 30.9
2.300000 3 253.2 251.5 39.5 31.2
2.333333 3 253.5 251.4 39.6 31.5
2.366667 3 253.7 251.2 39.8 31.7
2.400000 3 254.0 251.0 40.0 32.0
2.433333 3 254.3 250.4 40.1 32.2
2.466667 3 254.7 249.9 40.2 32.4
2.500000 3 255.0 249.3 40.3 32.7
2.533333 3 255.3 248.8 40.4 32.9
2.566667 3 255.7 248.2 40.6 33.1
2.600000 3 256.0 247.7 40.7 33.3
2.633333 3 256.3 247.1 40.8 33.6
2.666667 3 256.7 246.6 40.9 33.8
2.700000 3 257.0 246.0 41.0 34.0
2.733333 3 257.3 245.5 40.8 34.4
2.766667 3 257.6 245.0 40.6 34.8
2.800000 3 257.9 244.5 40.4 35.2
2.833333 3 258.2 244.0 40.2 35.6
2.866667 3 258.5 243.5 40.0 36.0
2.900000 3 258.8 243.0 39.8 36.4
2.933333 3 259.1 242.5 39.6 36.8
2.966667 3 259.4 242.0 39.4 37.2
3.000000 3 259.7 241.5 39.2 37.6
3.033333 3 260.0 241.0 39.0 38.0
3.066667 3 260.1 240.5 38.9 37.8
3.100000 3 260.2 239.9 38.8 37.6
3.133333 3 260.3 239.4 38.7 37.5
3.166667 3 260.4 238.8 38.6 37.3
3.200000 3 260.5 238.3 38.5 37.1
3.233333 3 260.5 237.7 38.5 36.9
3.266667 3 260.6 237.2 38.4 36.7
3.300000 3 260.7 236.6 38.3 36.5
3.333333 3 260.8 236.1 38.2 36.4
3.366667 3 260.9 235.5 38.1 36.2
3.400000 3 261.0 235.0 38.0 36.0
3.433333 3 261.2 234.1 38.0 36.4
3.466667 3 261.5 233.3 38.0 36.7
3.500000 3 261.7 232.4 38.0 37.1
3.533333 3 262.0 231.5 38.0 37.5
3.566667 3 262.2 230.6 38.0 37.9
3.600000 3 262.5 229.8 38.0 38.2
3.633333 3 262.7 228.9 38.0 38.6
3.666667 3 263.0 228.0 38.0 39.0
3.700000 3 263.4 227.6 38.0 38.6
3.733333 3 263.8 227.2 38.0 38.2
3.766667 3 264.2 226.8 38.0 37.8
3.800000 3 264.6 226.4 38.0 37.4
3.833333 3 265.0 226.0 38.0 37.0
3.866667 3 265.4 225.6 38.0 36.6
3.900000 3 265.8 225.2 38.0 36.2
3.933333 3 266.2 224.8 38.0 35.8
3.966667 3 266.6 224.4 38.0 35.4
4.000000 3 267.0 224.0 38.0 35.0
4.033333 3 267.0 222.6 38.4 36.2
4.066667 3 267.0 221.3 38.7 37.5
4.100000 3 267.0 219.9 39.1 38.7
4.133333 3 267.0 218.5 39.5 40.0
4.166667 3 267.0 217.1 39.9 41.2
4.200000 3 267.0 215.8 40.2 42.5
4.233333 3 267.0 214.4 40.6 43.7
4.266667 3 267.0 213.0 41.0 45.0
4.300000 3 266.8 212.2 41.4 45.1
4.333333 3 266.6 211.5 41.8 45.1
4.366667 3 266.5 210.7 42.2 45.2
4.400000 3 266.3 209.9 42.6 45.2
4.433333 3 266.1 209.2 43.1 45.3
4.466667 3 265.9 208.4 43.5 45.4
4.500000 3 265.8 207.6 43.9 45.4
4.533333 3 265.6 206.9 44.3 45.5
4.566667 3 265.4 206.1 44.7 45.5
4.600000 3 265.2 205.4 45.1 45.6
4.633333 3 265.1 204.6 45.5 45.6
4.666667 3 264.9 203.8 45.9 45.7
4.700000 3 264.7 203.1 46.4 45.8
4.733333 3 264.5 202.3 46.8 45.8
4.766667 3 264.4 201.5 47.2 45.9
4.800000 3 264.2 200.8 47.6 45.9
4.833333 3 264.0 200.0 48.0 46.0
4.866667 3 263.8 199.6 48.2 45.9
4.900000 3 263.6 199.3 48.4 45.8
4.933333 3 263.5 198.9 48.5 45.7
4.966667 3 263.3 198.5 48.7 45.6
5.000000 3 263.1 198.2 48.9 45.5
5.033333 3 262.9 197.8 49.1 45.5
5.066667 3 262.7 197.5 49.3 45.4
5.100000 3 262.5 197.1 49.5 45.3
5.133333 3 262.4 196.7 49.6 45.2
5.166667 3 262.2 196.4 49.8 45.1
5.200000 3 262.0 196.0 50.0 45.0
5.233333 3 261.8 196.6 50.1 45.9
5.266667 3 261.6 197.2 50.2 46.8
5.300000 3 261.4 197.8 50.3 47.7
5.333333 3 261.2 198.4 50.4 48.6
5.366667 3 261.0 199.0 50.5 49.5
5.400000 3 260.8 199.6 50.6 50.4
5.433333 3 260.6 200.2 50.7 51.3
5.466667 3 260.4 200.8 50.8 52.2
5.500000 3 260.2 201.4 50.9 53.1
5.533333 3 260.0 202.0 51.0 54.0
5.566667 3 260.3 202.8 51.1 53.6
5.600000 3 260.5 203.5 51.3 53.2
5.633333 3 260.8 204.3 51.4 52.9
5.666667 3 261.0 205.0 51.5 52.5
5.700000 3 261.3 205.8 51.6 52.1
5.733333 3 261.5 206.5 51.8 51.7
5.766667 3 261.8 207.3 51.9 51.4
5.800000 3 262.0 208.0 52.0 51.0
5.833333 3 262.3 207.3 52.6 51.0
5.866667 3 262.7 206.7 53.1 51.0
5.900000 3 263.0 206.0 53.7 51.0
5.933333 3 263.3 205.3 54.2 51.0
5.966667 3 263.7 204.7 54.8 51.0
6.000000 3 264.0 204.0 55.3 51.0
6.033333 3 264.3 203.3 55.9 51.0
6.066667 3 264.7 202.7 56.4 51.0
6.100000 3 265.0 202.0 57.0 51.0
6.133333 3 265.0 200.1 57.0 51.6
6.166667 3 265.0 198.3 57.0 52.2
6.200000 3 265.0 196.4 57.0 52.9
6.233333 3 265.0 194.5 57.0 53.5
6.266667 3 265.0 192.6 57.0 54.1
6.300000 3 265.0 190.8 57.0 54.7
6.333333 3 265.0 188.9 57.0 55.4
6.366667 3 265.0 187.0 57.0 56.0
6.400000 3 264.8 185.8 56.8 55.8
6.433333 3 264.6 184.6 56.6 55.6
6.466667 3 264.4 183.4 56.4 55.4
6.500000 3 264.2 182.2 56.2 55.2
6.533333 3 264.0 181.0 56.0 55.0
6.566667 3 263.8 179.8 55.8 54.8
6.600000 3 263.6 178.6 55.6 54.6
6.633333 3 263.4 177.4 55.4 54.4
6.666667 3 263.2 176.2 55.2 54.2
6.700000 3 263.0 175.0 55.0 54.0
6.733333 3 263.1 173.9 55.1 54.9
6.766667 3 263.2 172.8 55.2 55.8
6.800000 3 263.3 171.7 55.3 56.7
6.833333 3 263.4 170.6 55.4 57.6
6.866667 3 263.5 169.5 55.5 58.5
6.900000 3 263.6 168.4 55.6 59.4
6.933333 3 263.7 167.3 55.7 60.3
6.966667 3 263.8 166.2 55.8 61.2
7.000000 3 263.9 165.1 55.9 62.1
7.033333 3 264.0 164.0 56.0 63.0
7.066667 3 263.9 164.0 56.7 63.1
7.100000 3 263.7 164.0 57.4 63.3
7.133333 3 263.6 164.0 58.1 63.4
7.166667 3 263.4 164.0 58.9 63.6
7.200000 3 263.3 164.0 59.6 63.7
7.233333 3 263.1 164.0 60.3 63.9
7.266667 3 263.0 164.0 61.0 64.0
7.300000 3 263.8 165.4 60.7 63.4
7.333333 3 264.5 166.8 60.5 62.7
7.366667 3 265.3 168.1 60.2 62.1
7.400000 3 266.0 169.5 60.0 61.5
7.433333 3 266.8 170.9 59.7 60.9
7.466667 3 267.5 172.3 59.5 60.2
7.500000 3 268.3 173.6 59.2 59.6
7.533333 3 269.0 175.0 59.0 59.0
7.566667 3 269.2 175.0 59.8 60.2
7.600000 3 269.3 175.0 60.7 61.3
7.633333 3 269.5 175.0 61.5 62.5
7.666667 3 269.7 175.0 62.3 63.7
7.700000 3 269.8 175.0 63.2 64.8
7.733333 3 270.0 175.0 64.0 66.0
7.766667 3 269.5 176.8 64.5 65.2
7.800000 3 269.0 178.7 65.0 64.3
7.833333 3 268.5 180.5 65.5 63.5
7.866667 3 268.0 182.3 66.0 62.7
7.900000 3 267.5 184.2 66.5 61.8
7.933333 3 267.0 186.0 67.0 61.0
7.966667 3 266.4 187.0 67.3 60.9
8.000000 3 265.9 188.0 67.6 60.7
8.033333 3 265.3 189.0 67.9 60.6
8.066667 3 264.7 190.0 68.1 60.4
8.100000 3 264.1 191.0 68.4 60.3
8.133333 3 263.6 192.0 68.7 60.1
8.166667 3 263.0 193.0 69.0 60.0
8.200000 3 263.0 193.0 68.0 60.1
8.233333 3 263.0 193.0 67.0 60.3
8.266667 3 263.0 193.0 66.0 60.4
8.300000 3 263.0 193.0 65.0 60.5
8.333333 3 263.0 193.0 64.0 60.6
8.366667 3 263.0 193.0 63.0 60.8
8.400000 3 263.0 193.0 62.0 60.9
8.433333 3 263.0 193.0 61.0 61.0
8.466667 3 262.4 191.3 62.0 62.1
8.500000 3 261.9 189.6 63.0 63.3
8.533333 3 261.3 187.9 64.0 64.4
8.566667 3 260.7 186.1 65.0 65.6
8.600000 3 260.1 184.4 66.0 66.7
8.633333 3 259.6 182.7 67.0 67.9
8.666667 3 259.0 181.0 68.0 69.0
8.700000 3 259.2 180.3 67.8 68.9
8.733333 3 259.5 179.7 67.7 68.8
8.766667 3 259.8 179.0 67.5 68.7
8.800000 3 260.0 178.3 67.3 68.7
8.833333 3 260.2 177.7 67.2 68.6
8.866667 3 260.5 177.0 67.0 68.5
8.900000 3 260.8 176.3 66.8 68.4
8.933333 3 261.0 175.7 66.7 68.3
8.966667 3 261.2 175.0 66.5 68.2
9.000000 3 261.5 174.3 66.3 68.2
9.033333 3 261.8 173.7 66.2 68.1
9.066667 3 262.0 173.0 66.0 68.0
9.100000 3 262.6 173.2 65.9 68.1
9.133333 3 263.3 173.4 65.8 68.2
9.166667 3 263.9 173.5 65.7 68.3
9.200000 3 264.5 173.7 65.6 68.4
9.233333 3 265.2 173.9 65.5 68.5
9.266667 3 265.8 174.1 65.5 68.5
9.300000 3 266.5 174.3 65.4 68.6
9.333333 3 267.1 174.5 65.3 68.7
9.366667 3 267.7 174.6 65.2 68.8
9.400000 3 268.4 174.8 65.1 68.9
9.433333 3 269.0 175.0 65.0 69.0
9.466667 3 268.6 175.5 65.2 68.8
9.500000 3 268.2 175.9 65.5 68.6
9.533333 3 267.8 176.4 65.7 68.5
9.566667 3 267.4 176.9 65.9 68.3
9.600000 3 266.9 177.4 66.2 68.1
9.633333 3 266.5 177.8 66.4 67.9
9.666667 3 266.1 178.3 66.6 67.8
9.700000 3 265.7 178.8 66.9 67.6
9.733333 3 265.3 179.2 67.1 67.4
9.766667 3 264.9 179.7 67.4 67.2
9.800000 3 264.5 180.2 67.6 67.1
9.833333 3 264.1 180.6 67.8 66.9
9.866667 3 263.6 181.1 68.1 66.7
9.900000 3 263.2 181.6 68.3 66.5
9.933333 3 262.8 182.1 68.5 66.4
9.966667 3 262.4 182.5 68.8 66.2
10.000000 3 262.0 183.0 69.0 66.0
