0.000000 3 363.0 282.0 31.0 33.0
0.033333 3 363.2 281.9 31.1 33.1
0.066667 3 363.1 281.9 31.1 33.1
0.100000 3 363.4 281.6 31.3 33.3
0.133333 3 363.4 281.6 31.3 33.3
0.166667 3 363.4 281.6 31.3 33.3
0.200000 3 363.9 281.8 31.1 33.1
0.233333 3 364.2 281.8 31.0 33.0
0.266667 3 364.2 281.8 31.0 33.0
0.300000 3 364.4 281.6 31.3 33.3
0.333333 3 365.0 281.8 31.1 33.1
0.366667 3 365.0 281.8 31.1 33.1
0.400000 3 365.3 281.8 31.0 33.0
0.433333 3 365.4 281.6 31.3 33.3
0.466667 3 365.4 281.6 31.3 33.3
0.500000 3 365.8 281.6 31.2 33.2
0.533333 3 366.1 281.7 31.0 33.0
0.566667 3 366.1 281.7 31.0 33.0
0.600000 3 366.3 281.6 31.0 33.0
0.633333 3 366.4 281.4 31.3 33.2
0.666667 3 366.4 281.4 31.3 33.2
0.700000 3 366.7 281.5 31.2 33.2
0.733333 3 367.0 281.7 30.9 32.9
0.766667 3 367.0 281.7 30.9 32.9
0.800000 3 367.4 281.5 31.2 33.2
0.833333 3 367.4 281.5 31.3 33.2
0.866667 3 367.4 281.5 31.3 33.2
0.900000 3 368.1 281.6 31.0 33.0
0.933333 3 368.3 281.6 30.9 32.9
0.966667 3 368.3 281.6 30.9 32.9
1.000000 3 368.7 281.4 31.2 33.2
1.033333 3 368.7 281.3 31.2 33.2
1.066667 3 368.7 281.3 31.2 33.2
1.100000 3 369.1 281.3 31.1 33.0
1.133333 3 369.4 281.3 31.1 33.1
1.166667 3 369.4 281.3 31.1 33.1
1.200000 3 369.5 281.3 31.2 33.2
1.233333 3 370.1 281.3 31.1 33.1
1.266667 3 370.1 281.3 31.1 33.1
1.300000 3 370.4 281.4 31.0 33.0
1.333333 3 370.5 281.3 31.2 33.2
1.366667 3 370.5 281.3 31.2 33.2
1.400000 3 371.1 281.5 31.1 33.1
1.433333 3 371.1 281.4 31.1 33.1
1.466667 3 371.1 281.4 31.1 33.1
1.500000 3 371.5 281.1 31.2 33.2
1.533333 3 371.8 281.2 31.1 33.1
1.566667 3 371.7 281.2 31.1 33.1
1.600000 3 372.1 281.3 31.1 33.1
1.633333 3 372.4 281.1 31.0 33.0
1.666667 3 372.4 281.1 31.0 33.0
1.700000 3 372.7 281.1 31.1 33.1
1.733333 3 373.0 281.1 31.2 33.2
1.766667 3 373.0 281.1 31.2 33.2
1.800000 3 373.5 281.0 31.2 33.2
1.833333 3 373.6 281.0 31.2 33.2
1.866667 3 373.6 281.0 31.2 33.2
1.900000 3 374.1 281.0 31.2 33.2
1.933333 3 374.1 280.9 31.3 33.2
1.966667 3 374.1 280.9 31.3 33.3
2.000000 3 374.5 281.0 31.1 33.1
2.033333 3 374.8 281.0 31.1 33.0
2.066667 3 374.8 281.0 31.1 33.0
2.100000 3 375.3 281.0 31.0 33.0
2.133333 3 375.4 281.0 31.0 33.0
2.166667 3 375.4 281.0 31.0 33.0
2.200000 3 375.9 281.0 31.0 33.0
2.233333 3 375.9 280.9 31.1 33.0
2.266667 3 375.9 280.9 31.1 33.0
2.300000 3 376.2 280.9 31.1 33.1
2.333333 3 376.4 280.8 31.2 33.1
2.366667 3 376.4 280.8 31.2 33.1
2.400000 3 376.9 280.9 31.0 33.0
2.433333 3 377.1 280.8 31.2 33.2
2.466667 3 377.1 280.8 31.2 33.2
2.500000 3 377.6 280.7 31.2 33.2
2.533333 3 377.6 280.7 31.2 33.2
2.566667 3 377.6 280.7 31.3 33.3
2.600000 3 377.9 280.8 31.0 33.0
2.633333 3 378.2 281.0 31.1 33.1
2.666667 3 378.2 281.0 31.1 33.1
2.700000 3 378.4 280.7 31.3 33.3
2.733333 3 378.5 280.8 31.3 33.3
2.766667 3 378.5 280.8 31.3 33.3
2.800000 3 379.2 280.8 31.2 33.2
2.833333 3 379.2 280.8 31.1 33.1
2.866667 3 379.2 280.8 31.1 33.1
2.900000 3 379.4 280.8 31.3 33.3
2.933333 3 379.6 280.8 31.3 33.2
2.966667 3 379.6 280.8 31.3 33.3
3.000000 3 380.0 280.9 31.2 33.2
3.033333 3 380.1 280.9 31.2 33.2
3.066667 3 380.1 280.9 31.2 33.2
3.100000 3 380.6 281.0 31.2 33.1
3.133333 3 380.9 281.0 31.2 33.2
3.166667 3 380.9 281.0 31.2 33.2
3.200000 3 381.2 281.1 31.2 33.2
3.233333 3 381.5 281.0 31.2 33.2
3.266667 3 381.5 281.1 31.2 33.2
3.300000 3 381.7 281.2 31.1 33.1
3.333333 3 381.9 281.2 31.2 33.2
3.366667 3 381.9 281.2 31.2 33.2
3.400000 3 382.4 281.3 31.0 33.0
3.433333 3 382.4 281.4 31.1 33.1
3.466667 3 382.4 281.4 31.1 33.0
3.500000 3 382.6 281.4 31.2 33.2
3.533333 3 382.9 281.4 31.2 33.2
3.566667 3 382.9 281.4 31.2 33.2
3.600000 3 383.1 281.5 31.2 33.2
3.633333 3 383.3 281.5 31.1 33.1
3.666667 3 383.3 281.5 31.1 33.1
3.700000 3 383.9 281.6 31.1 33.1
3.733333 3 383.9 281.7 31.4 33.4
3.766667 3 383.9 281.7 31.4 33.4
3.800000 3 384.4 281.8 31.1 33.1
3.833333 3 384.9 281.8 31.1 33.1
3.866667 3 384.9 281.8 31.1 33.1
3.900000 3 384.8 281.7 31.4 33.4
3.933333 3 385.2 281.8 31.2 33.2
3.966667 3 385.2 281.8 31.3 33.2
4.000000 3 385.6 282.0 31.0 33.0
4.033333 3 385.6 282.1 31.0 33.0
4.066667 3 385.6 282.1 31.0 33.0
4.100000 3 385.9 281.9 31.5 33.4
4.133333 3 386.0 281.9 31.4 33.4
4.166667 3 386.0 281.9 31.4 33.4
4.200000 3 386.5 282.2 31.0 33.0
4.233333 3 386.8 282.1 31.0 33.0
4.266667 3 386.8 282.1 31.0 33.0
4.300000 3 386.9 282.0 31.4 33.3
4.333333 3 387.1 282.0 31.3 33.3
4.366667 3 387.1 282.0 31.3 33.3
4.400000 3 387.6 282.2 31.0 33.0
4.433333 3 387.6 282.2 31.0 33.0
4.466667 3 387.6 282.2 31.0 33.0
4.500000 3 387.9 282.2 31.1 33.1
4.533333 3 387.9 282.1 31.3 33.3
4.566667 3 387.9 282.1 31.3 33.3
4.600000 3 388.5 282.2 30.9 32.9
4.633333 3 388.5 282.2 30.9 32.9
4.666667 3 388.5 282.2 30.9 32.9
4.700000 3 388.9 282.1 31.2 33.2
4.733333 3 388.8 282.1 31.2 33.2
4.766667 3 388.8 282.1 31.2 33.2
4.800000 3 389.1 282.0 31.4 33.3
4.833333 3 389.5 282.2 30.9 32.9
4.866667 3 389.5 282.2 30.9 32.9
4.900000 3 389.8 282.2 31.0 33.0
4.933333 3 389.8 281.9 31.4 33.4
4.966667 3 389.8 281.9 31.4 33.4
5.000000 3 390.2 282.0 31.3 33.3
5.033333 3 390.2 282.0 31.2 33.2
5.066667 3 390.2 282.0 31.2 33.2
5.100000 3 390.5 282.1 31.1 33.0
5.133333 3 390.8 282.1 31.0 33.0
5.166667 3 390.8 282.1 31.0 33.0
5.200000 3 390.9 281.8 31.3 33.3
5.233333 3 390.9 281.9 31.3 33.3
5.266667 3 391.0 281.9 31.3 33.3
5.300000 3 391.4 282.0 31.1 33.1
5.333333 3 391.5 281.9 31.2 33.1
5.366667 3 391.5 281.9 31.2 33.1
5.400000 3 391.8 282.0 31.0 33.0
5.433333 3 392.1 281.9 31.2 33.1
5.466667 3 392.1 281.9 31.2 33.2
5.500000 3 392.4 282.0 31.1 33.0
5.533333 3 392.5 281.9 31.0 33.0
5.566667 3 392.5 281.9 31.0 33.0
5.600000 3 392.9 281.9 31.1 33.1
5.633333 3 392.9 281.9 31.2 33.2
5.666667 3 392.9 281.9 31.2 33.2
5.700000 3 393.2 281.9 31.2 33.2
5.733333 3 393.3 282.0 31.0 33.0
5.766667 3 393.3 282.0 31.0 33.0
5.800000 3 393.6 281.9 31.1 33.1
5.833333 3 393.9 281.9 31.2 33.2
5.866667 3 393.9 281.9 31.2 33.2
5.900000 3 394.0 281.9 31.4 33.3
5.933333 3 394.5 282.0 31.0 33.0
5.966667 3 394.5 282.1 31.0 33.0
6.000000 3 394.8 282.1 31.0 33.0
6.033333 3 394.9 282.2 30.9 32.9
6.066667 3 394.9 282.2 30.9 32.9
6.100000 3 394.9 282.1 31.2 33.2
6.133333 3 394.9 282.0 31.3 33.2
6.166667 3 394.9 282.0 31.3 33.2
6.200000 3 395.5 282.3 30.9 32.9
6.233333 3 395.5 282.3 31.0 32.9
6.266667 3 395.5 282.3 31.0 33.0
6.300000 3 395.8 282.4 31.0 33.0
6.333333 3 395.9 282.4 31.3 33.3
6.366667 3 395.9 282.4 31.3 33.3
6.400000 3 396.4 282.6 30.9 32.9
6.433333 3 396.5 282.8 31.0 33.0
6.466667 3 396.5 282.8 31.0 33.0
6.500000 3 396.9 282.9 30.9 32.9
6.533333 3 396.9 283.0 31.1 33.0
6.566667 3 396.9 283.0 31.1 33.0
6.600000 3 397.2 283.2 31.1 33.1
6.633333 3 397.3 283.3 31.0 33.0
6.666667 3 397.3 283.3 31.0 33.0
6.700000 3 397.7 283.5 31.0 32.9
6.733333 3 397.9 283.6 30.8 32.8
6.766667 3 397.9 283.6 30.8 32.8
6.800000 3 398.0 283.6 31.3 33.2
6.833333 3 398.2 283.8 31.1 33.1
6.866667 3 398.3 283.8 31.1 33.1
6.900000 3 398.5 284.0 31.0 33.0
6.933333 3 398.6 284.2 31.0 33.0
6.966667 3 398.6 284.2 31.0 33.0
7.000000 3 398.9 284.3 31.1 33.1
7.033333 3 399.2 284.3 31.1 33.1
7.066667 3 399.2 284.3 31.1 33.1
7.100000 3 399.2 284.7 31.0 33.0
7.133333 3 399.4 284.9 31.0 33.0
7.166667 3 399.4 284.9 31.0 33.0
7.200000 3 399.9 285.1 31.0 32.9
7.233333 3 399.9 285.1 30.9 32.9
7.266667 3 399.9 285.1 30.9 32.9
7.300000 3 400.1 285.1 31.1 33.1
7.333333 3 400.4 285.2 30.9 32.9
7.366667 3 400.4 285.2 30.9 32.9
7.400000 3 400.5 285.2 31.1 33.1
7.433333 3 400.7 285.4 31.1 33.0
7.466667 3 400.7 285.4 31.1 33.0
7.500000 3 400.9 285.5 30.9 32.9
7.533333 3 401.3 285.6 30.8 32.8
7.566667 3 401.3 285.6 30.8 32.8
7.600000 3 401.4 285.6 31.0 33.0
7.633333 3 401.5 285.6 31.1 33.0
7.666667 3 401.5 285.6 31.1 33.0
7.700000 3 401.8 285.9 31.1 33.0
7.733333 3 402.1 285.9 31.1 33.1
7.766667 3 402.1 285.9 31.1 33.1
7.800000 3 402.2 286.2 31.0 33.0
7.833333 3 402.5 286.2 30.9 32.9
7.866667 3 402.5 286.2 30.9 32.9
7.900000 3 402.7 286.2 31.0 33.0
7.933333 3 402.7 286.3 31.0 33.0
7.966667 3 402.7 286.3 31.0 33.0
8.000000 3 403.2 286.4 31.0 33.0
8.033333 3 403.2 286.4 31.1 33.0
8.066667 3 403.2 286.4 31.1 33.0
8.100000 3 403.5 286.5 30.8 32.8
8.133333 3 403.6 286.5 30.9 32.9
8.166667 3 403.6 286.5 30.9 32.9
8.200000 3 403.9 286.8 31.0 33.0
8.233333 3 404.2 286.7 31.1 33.1
8.266667 3 404.2 286.7 31.1 33.1
8.300000 3 404.3 286.8 31.0 33.0
8.333333 3 404.5 286.9 31.0 32.9
8.366667 3 404.5 286.9 31.0 32.9
8.400000 3 404.7 286.9 31.0 33.0
8.433333 3 404.7 287.1 31.0 33.0
8.466667 3 404.7 287.1 31.0 33.0
8.500000 3 404.9 287.1 31.2 33.1
8.533333 3 405.1 287.2 31.2 33.2
8.566667 3 405.1 287.2 31.2 33.2
8.600000 3 405.5 287.5 30.8 32.7
8.633333 3 405.5 287.5 30.8 32.8
8.666667 3 405.5 287.5 30.8 32.8
8.700000 3 405.7 287.7 30.9 32.9
8.733333 3 406.0 287.8 30.9 32.8
8.766667 3 406.0 287.8 30.9 32.8
8.800000 3 406.3 287.9 31.1 33.0
8.833333 3 406.2 288.0 31.1 33.0
8.866667 3 406.2 288.0 31.1 33.0
8.900000 3 406.5 288.3 31.0 32.9
8.933333 3 406.7 288.4 31.0 33.0
8.966667 3 406.6 288.4 31.0 33.0
9.000000 3 406.8 288.4 30.9 32.9
9.033333 3 407.0 288.4 31.2 33.2
9.066667 3 407.0 288.4 31.2 33.2
9.100000 3 406.9 288.6 31.3 33.3
9.133333 3 407.4 288.8 30.9 32.9
9.166667 3 407.4 288.8 30.9 32.9
9.200000 3 407.5 289.1 30.9 32.9
9.233333 3 407.6 289.1 31.0 33.0
9.266667 3 407.6 289.1 31.0 33.0
9.300000 3 407.9 289.4 30.8 32.8
9.333333 3 407.9 289.6 30.8 32.8
9.366667 3 407.9 289.6 30.8 32.8
9.400000 3 408.1 289.7 31.2 33.1
9.433333 3 408.1 289.9 31.1 33.1
9.466667 3 408.1 289.9 31.1 33.1
9.500000 3 408.6 290.2 30.8 32.8
9.533333 3 408.8 290.2 30.9 32.9
9.566667 3 408.8 290.2 30.9 32.9
9.600000 3 409.0 290.3 31.0 33.0
9.633333 3 409.1 290.5 31.1 33.1
9.666667 3 409.1 290.5 31.1 33.1
9.700000 3 409.6 290.8 30.7 32.7
9.733333 3 409.5 291.0 30.8 32.8
9.766667 3 409.5 291.0 30.8 32.8
9.800000 3 409.7 291.2 30.9 32.9
9.833333 3 410.0 291.3 30.7 32.7
9.866667 3 410.0 291.3 30.7 32.7
9.900000 3 410.1 291.5 31.0 33.0
9.933333 3 410.1 291.5 31.1 33.0
9.966667 3 410.1 291.5 31.1 33.0
10.000000 3 410.5 291.9 30.8 32.8
10.033333 3 410.5 292.2 30.8 32.8
10.066667 3 410.5 292.2 30.8 32.8
10.100000 3 410.8 292.4 30.9 32.8
10.133333 3 410.8 292.4 30.8 32.8
10.166667 3 410.8 292.4 30.8 32.8
10.200000 3 411.0 292.6 31.0 32.9
10.233333 3 411.1 292.7 31.2 33.1
10.266667 3 411.1 292.7 31.2 33.1
10.300000 3 411.6 293.0 30.8 32.7
10.333333 3 411.6 293.3 30.8 32.7
10.366667 3 411.6 293.3 30.8 32.7
10.400000 3 412.0 293.4 30.7 32.7
10.433333 3 412.0 293.7 30.7 32.7
10.466667 3 412.0 293.7 30.7 32.7
