0.033333 3 215.5 184.6 49.4 33.5
0.066667 3 215.8 184.4 49.4 33.4
0.100000 3 216.1 184.3 49.3 33.3
0.133333 3 216.5 184.0 49.3 33.4
0.166667 3 216.9 183.7 49.3 33.4
0.200000 3 217.2 183.4 49.5 33.5
0.233333 3 217.7 183.2 49.3 33.2
0.266667 3 217.7 183.3 49.3 33.2
0.300000 3 217.7 183.3 49.3 33.2
0.333333 3 218.1 183.3 49.3 33.3
0.366667 3 218.4 183.2 49.5 33.5
0.400000 3 219.2 183.3 49.2 33.2
0.433333 3 219.7 183.3 49.3 33.2
0.466667 3 220.2 183.4 49.2 33.2
0.500000 3 220.5 183.4 49.5 33.5
0.533333 3 220.5 183.4 49.5 33.4
0.566667 3 220.5 183.5 49.4 33.4
0.600000 3 220.8 183.6 49.3 33.2
0.633333 3 220.9 183.5 49.4 33.5
0.666667 3 221.3 183.7 49.2 33.2
0.700000 3 221.4 183.6 49.4 33.4
0.733333 3 221.5 183.6 49.4 33.4
0.766667 3 221.7 183.5 49.4 33.4
0.800000 3 221.8 183.2 49.6 33.7
0.833333 3 222.4 183.3 49.4 33.4
0.866667 3 222.7 183.2 49.2 33.2
0.900000 3 223.0 182.8 49.3 33.5
0.933333 3 223.4 182.8 49.2 33.2
0.966667 3 223.8 182.8 49.2 33.3
1.000000 3 224.3 182.6 49.3 33.2
1.033333 3 224.6 182.3 49.5 33.4
1.066667 3 225.1 182.1 49.3 33.4
1.100000 3 225.6 182.1 49.1 33.2
1.133333 3 225.6 181.9 49.2 33.2
1.166667 3 225.6 181.9 49.2 33.2
1.200000 3 225.1 181.5 49.4 33.5
1.233333 3 224.6 181.6 49.3 33.3
1.266667 3 224.4 181.3 49.3 33.2
1.300000 3 224.0 181.1 49.4 33.6
1.333333 3 223.8 181.1 49.5 33.6
1.366667 3 223.1 181.2 49.3 33.4
1.400000 3 222.5 181.3 49.3 33.3
1.433333 3 221.5 181.3 49.3 33.3
1.466667 3 220.9 181.5 49.5 33.6
1.500000 3 221.0 181.9 49.3 33.5
1.533333 3 221.3 182.4 49.2 33.1
1.566667 3 222.0 182.4 49.5 33.6
1.600000 3 223.0 182.9 49.3 33.6
1.633333 3 223.7 183.4 49.6 33.6
1.666667 3 224.8 183.9 49.3 33.3
1.700000 3 225.6 184.2 49.5 33.4
1.733333 3 226.6 184.4 49.4 33.3
1.766667 3 227.6 184.4 49.5 33.4
1.800000 3 228.4 184.4 49.5 33.4
1.833333 3 229.3 184.5 49.3 33.2
1.866667 3 229.7 184.4 49.5 33.5
1.900000 3 229.7 184.3 49.6 33.6
1.933333 3 229.5 184.4 49.4 33.3
1.966667 3 229.3 184.3 49.3 33.2
2.000000 3 228.9 184.0 49.5 33.6
2.033333 3 229.1 183.9 49.3 33.5
2.066667 3 229.1 183.6 49.4 33.4
2.100000 3 229.3 183.6 49.3 33.2
2.133333 3 229.5 183.4 49.4 33.3
2.166667 3 229.8 183.2 49.6 33.6
2.200000 3 230.4 183.2 49.3 33.3
2.233333 3 231.0 182.9 49.3 33.5
2.266667 3 231.5 182.7 49.3 33.3
2.300000 3 231.7 182.6 49.4 33.4
2.333333 3 232.0 182.4 49.5 33.6
2.366667 3 232.0 182.4 49.4 33.5
2.400000 3 231.8 182.3 49.5 33.6
2.433333 3 231.5 182.4 49.5 33.4
2.466667 3 231.3 182.2 49.5 33.5
2.500000 3 231.1 182.1 49.2 33.3
2.533333 3 230.4 182.1 49.3 33.3
2.566667 3 229.5 182.2 49.4 33.3
2.600000 3 228.7 182.1 49.4 33.5
2.633333 3 228.3 182.2 49.3 33.3
2.666667 3 228.0 182.0 49.3 33.5
2.700000 3 228.0 182.0 49.3 33.5
2.733333 3 228.5 182.1 49.2 33.2
2.766667 3 228.9 181.9 49.3 33.5
2.800000 3 229.3 182.0 49.0 33.1
2.833333 3 229.5 182.0 49.1 33.2
2.866667 3 229.5 182.0 49.1 33.1
2.900000 3 229.5 182.0 49.1 33.2
2.933333 3 229.7 182.0 49.1 33.1
2.966667 3 229.8 181.7 49.5 33.6
3.000000 3 230.0 181.6 49.4 33.5
3.033333 3 230.2 181.7 49.4 33.3
3.066667 3 230.2 181.6 49.5 33.4
3.100000 3 230.2 181.6 49.5 33.4
3.133333 3 230.4 181.5 49.6 33.5
3.166667 3 231.2 181.4 49.4 33.3
3.200000 3 231.9 181.0 49.6 33.6
3.233333 3 232.8 181.0 49.6 33.7
3.266667 3 233.8 181.0 49.3 33.3
3.300000 3 234.4 181.1 49.1 33.2
3.333333 3 234.9 180.9 49.4 33.5
3.366667 3 235.3 180.7 49.4 33.3
3.400000 3 235.6 180.6 49.5 33.4
3.433333 3 235.8 180.2 49.7 33.7
3.466667 3 236.3 180.4 49.3 33.2
3.500000 3 236.4 180.3 49.5 33.4
3.533333 3 236.5 180.3 49.5 33.3
3.566667 3 236.6 180.1 49.5 33.5
3.600000 3 236.9 180.1 49.6 33.7
3.633333 3 237.6 180.2 49.3 33.2
3.666667 3 238.0 180.0 49.4 33.6
3.700000 3 238.6 180.2 49.4 33.3
3.733333 3 239.0 180.0 49.5 33.6
3.766667 3 239.4 180.2 49.4 33.3
3.800000 3 239.6 180.1 49.6 33.6
3.833333 3 239.8 180.2 49.7 33.8
3.866667 3 240.2 180.4 49.5 33.4
3.900000 3 240.7 180.5 49.6 33.7
3.933333 3 241.3 180.6 49.5 33.5
3.966667 3 242.2 180.8 49.3 33.4
4.000000 3 242.7 180.9 49.8 33.9
4.033333 3 243.7 181.1 49.8 33.9
4.066667 3 244.7 181.8 49.3 33.4
4.100000 3 245.4 182.3 49.6 33.4
4.133333 3 246.4 183.0 49.2 33.2
4.166667 3 246.9 183.3 49.7 33.7
4.200000 3 247.8 183.7 49.5 33.6
4.233333 3 248.6 184.4 49.8 33.7
4.266667 3 249.5 185.1 49.4 33.3
4.300000 3 250.2 185.7 49.5 33.3
4.333333 3 250.5 186.2 49.8 33.6
4.366667 3 250.9 186.9 49.5 33.7
4.400000 3 250.8 187.2 49.8 33.9
4.433333 3 250.8 187.9 49.7 33.8
4.466667 3 250.8 188.6 49.6 33.7
4.500000 3 250.7 189.0 49.8 33.8
4.533333 3 250.8 189.9 49.3 33.2
4.566667 3 250.6 190.3 49.6 33.5
4.600000 3 250.9 190.8 49.4 33.5
4.633333 3 250.9 191.1 49.7 33.6
4.666667 3 251.3 191.5 49.7 33.6
4.700000 3 252.1 191.9 49.3 33.4
4.733333 3 252.4 192.2 49.7 33.5
4.766667 3 253.0 192.4 49.6 33.5
4.800000 3 253.5 192.7 49.5 33.4
4.833333 3 253.8 193.0 49.5 33.5
4.866667 3 254.1 193.2 49.6 33.5
4.900000 3 254.6 193.4 49.7 33.6
4.933333 3 255.3 194.0 49.1 33.1
4.966667 3 255.4 194.1 49.7 33.5
5.000000 3 255.8 194.8 49.4 33.3
5.033333 3 256.0 195.2 49.6 33.5
5.066667 3 256.7 195.9 49.3 33.2
5.100000 3 256.9 196.5 49.7 33.6
5.133333 3 257.3 197.3 49.8 33.7
5.166667 3 258.1 198.2 49.8 33.7
5.200000 3 258.7 199.2 49.8 33.7
5.233333 3 259.1 200.5 49.7 33.7
5.266667 3 259.4 201.9 49.4 33.5
5.300000 3 259.3 203.1 49.8 33.7
5.333333 3 259.2 204.5 49.8 33.8
5.366667 3 259.3 205.9 49.3 33.4
5.400000 3 259.2 207.1 49.6 33.6
5.433333 3 259.0 208.5 49.6 33.5
5.466667 3 258.6 209.8 49.4 33.3
5.500000 3 258.2 211.2 49.3 33.2
5.533333 3 257.6 212.4 49.6 33.4
5.566667 3 257.2 213.3 49.9 33.8
5.600000 3 257.4 214.0 49.6 33.6
5.633333 3 257.4 215.0 49.5 33.5
5.666667 3 257.7 216.3 49.6 33.5
5.700000 3 258.0 217.3 49.5 33.5
5.733333 3 258.0 218.4 49.5 33.4
5.766667 3 258.1 219.2 49.9 33.8
5.800000 3 258.4 220.2 49.7 33.6
5.833333 3 259.2 221.2 49.4 33.4
5.866667 3 259.9 222.1 49.1 33.1
5.900000 3 260.2 222.6 49.5 33.6
5.933333 3 260.1 223.3 49.9 33.9
5.966667 3 260.1 224.3 49.6 33.6
6.000000 3 259.7 225.2 49.4 33.3
6.033333 3 259.2 226.2 49.0 33.1
6.066667 3 258.3 227.0 49.2 33.3
6.100000 3 257.5 228.0 49.4 33.5
6.133333 3 256.7 229.1 49.3 33.2
6.166667 3 256.2 230.1 49.1 33.2
6.200000 3 255.3 230.9 49.6 33.6
6.233333 3 255.3 232.1 49.1 33.1
6.266667 3 254.8 232.7 49.4 33.4
6.300000 3 254.1 233.4 49.8 33.7
6.333333 3 253.7 234.2 49.6 33.5
6.366667 3 253.4 234.6 49.6 33.6
6.400000 3 253.4 235.1 49.8 33.7
6.433333 3 253.9 235.8 49.4 33.3
6.466667 3 254.2 236.0 49.9 33.8
6.500000 3 255.0 236.6 49.5 33.4
6.533333 3 255.8 237.1 49.3 33.2
6.566667 3 256.2 237.1 50.0 33.9
6.600000 3 257.2 237.5 49.7 33.7
6.633333 3 257.7 238.1 49.6 33.6
6.666667 3 258.1 238.7 49.5 33.5
6.700000 3 258.1 239.0 50.0 33.9
6.733333 3 258.1 239.4 50.0 33.9
6.766667 3 258.2 240.0 49.4 33.4
6.800000 3 257.5 240.5 49.7 33.5
6.833333 3 257.3 241.0 49.4 33.5
6.866667 3 257.1 241.5 49.5 33.4
6.900000 3 257.3 242.1 48.9 33.0
6.933333 3 256.8 242.3 49.5 33.5
6.966667 3 256.6 243.0 49.2 33.3
7.000000 3 256.2 243.4 49.4 33.4
7.033333 3 256.0 244.0 49.0 33.1
7.066667 3 255.3 244.1 49.4 33.4
7.100000 3 254.5 244.3 49.6 33.5
7.133333 3 254.0 245.0 49.0 33.0
7.166667 3 238.9 231.9 71.6 50.5
7.200000 3 238.2 232.6 71.6 50.4
7.233333 3 237.2 233.0 71.7 50.5
7.266667 3 235.7 233.7 71.8 50.6
7.300000 3 234.2 234.1 71.9 50.6
7.333333 3 232.9 234.7 71.8 50.5
7.366667 3 231.7 234.9 72.1 50.8
7.400000 3 230.9 235.4 72.1 50.7
7.433333 3 230.0 236.1 72.3 50.8
7.466667 3 229.4 237.0 72.5 51.0
7.500000 3 229.2 237.7 72.8 51.2
7.533333 3 229.6 238.3 73.0 51.3
7.566667 3 230.6 238.8 73.1 51.3
7.600000 3 231.3 239.3 73.5 51.6
7.633333 3 231.7 239.4 73.8 51.7
7.666667 3 231.4 239.8 74.4 52.1
7.700000 3 230.5 239.8 74.9 52.4
7.733333 3 228.9 240.1 75.4 52.6
7.766667 3 227.2 240.3 76.1 53.1
7.800000 3 225.7 240.9 76.6 53.3
7.833333 3 223.8 241.3 77.3 53.6
7.866667 3 221.0 242.0 78.0 54.0
7.900000 3 208.3 236.7 100.0 68.4
7.933333 3 204.4 237.1 102.0 69.8
7.966667 3 200.7 236.9 104.0 71.2
8.000000 3 196.7 236.6 106.0 72.5
8.033333 3 192.5 235.9 108.3 74.2
8.066667 3 189.0 235.5 110.6 75.9
8.100000 3 185.1 234.7 113.0 77.6
8.133333 3 180.5 234.0 116.5 79.9
8.166667 3 176.1 233.1 119.5 81.9
8.200000 3 171.1 232.6 123.0 84.2
8.233333 3 165.9 232.1 126.4 86.2
8.266667 3 161.3 231.3 130.4 88.8
8.300000 3 157.6 229.6 134.8 91.8
8.333333 3 154.9 228.5 139.6 94.7
8.366667 3 152.7 228.2 143.9 97.5
8.400000 3 150.4 229.2 148.3 100.3
8.433333 3 148.7 230.0 152.7 103.3
8.466667 3 148.0 231.8 156.4 105.4
8.500000 3 148.2 232.8 160.5 108.1
8.533333 3 149.2 234.0 165.1 111.0
8.566667 3 151.3 235.1 169.2 113.8
8.600000 3 153.0 236.5 172.8 116.1
8.633333 3 155.4 236.6 176.4 118.7
8.666667 3 156.7 237.6 179.5 120.4
8.700000 3 158.0 238.5 181.6 121.8
8.733333 3 159.6 239.5 183.4 122.9
8.766667 3 161.8 240.7 184.9 124.1
8.800000 3 163.4 241.9 186.0 125.0
8.833333 3 166.2 244.2 186.0 125.0
8.866667 3 168.8 246.5 186.8 125.6
8.900000 3 171.7 249.5 186.9 125.5
8.933333 3 174.3 252.8 186.7 125.4
8.966667 3 175.5 255.3 187.9 126.4
9.000000 3 177.3 258.2 188.5 126.9
9.033333 3 179.8 260.6 188.7 127.0
9.066667 3 181.4 262.8 188.9 127.2
9.100000 3 181.6 264.8 189.3 127.5
9.133333 3 181.6 266.5 190.1 128.1
9.166667 3 182.1 268.1 190.2 128.4
9.200000 3 182.4 269.4 190.8 129.0
9.233333 3 182.6 270.1 191.4 129.4
9.266667 3 184.2 270.6 191.7 129.8
9.300000 3 186.1 271.4 192.5 130.3
9.333333 3 187.5 272.1 192.7 130.6
9.366667 3 188.1 273.3 192.9 130.9
9.400000 3 188.4 273.4 193.9 131.8
9.433333 3 189.2 274.2 194.5 132.6
9.466667 3 189.9 274.8 195.2 133.3
9.500000 3 190.5 275.4 195.5 133.5
9.533333 3 190.8 275.7 196.5 134.4
9.566667 3 191.3 275.9 196.7 134.5
9.600000 3 191.5 275.9 197.2 135.0
9.633333 3 191.7 275.6 197.7 135.7
9.666667 3 191.6 275.7 198.6 136.2
9.700000 3 191.2 275.5 198.6 136.4
9.733333 3 190.1 275.0 199.1 136.6
9.766667 3 189.2 274.1 199.6 136.7
9.800000 3 189.0 273.1 199.6 136.8
9.833333 3 188.7 271.8 200.3 137.2
9.866667 3 189.0 270.2 200.6 137.3
9.900000 3 189.4 268.9 200.9 137.4
9.933333 3 189.1 267.0 201.4 137.7
9.966667 3 188.0 265.0 202.3 138.4
10.000000 3 187.2 263.7 202.4 138.2
10.033333 3 186.5 262.0 202.4 138.1
10.066667 3 185.4 260.2 203.5 138.7
10.100000 3 184.7 258.6 203.4 138.4
10.133333 3 183.0 256.5 204.0 138.6
10.166667 3 181.0 253.8 204.9 139.0
10.200000 3 178.7 251.9 205.3 139.0
10.233333 3 176.8 249.2 205.0 138.5
10.266667 3 175.1 246.2 206.0 138.9
10.300000 3 174.6 244.3 206.0 138.9
10.333333 3 174.1 242.1 206.3 138.9
10.366667 3 174.2 240.1 207.0 139.4
10.400000 3 174.7 238.7 207.7 139.5
10.433333 3 175.7 237.4 208.0 139.3
10.466667 3 177.2 236.5 207.9 139.0
10.500000 3 178.4 235.7 208.5 139.2
10.533333 3 180.0 234.7 208.8 139.3
10.566667 3 181.6 234.1 209.2 139.0
10.600000 3 183.4 233.3 209.5 139.0
10.633333 3 184.7 232.2 210.3 139.2
10.666667 3 186.0 231.6 210.7 139.2
10.700000 3 186.9 230.8 211.3 139.1
10.733333 3 187.6 230.2 211.5 138.9
10.766667 3 188.0 229.6 211.6 138.8
10.800000 3 188.2 228.7 212.0 138.9
10.833333 3 188.2 227.7 212.3 138.8
10.866667 3 188.0 227.0 213.0 139.0
