0.000000 3 333.0 271.0 28.0 30.0
0.033333 3 330.0 268.7 33.7 35.9
0.066667 3 329.4 268.4 34.7 36.9
0.100000 3 328.7 268.5 35.5 37.7
0.133333 3 328.9 268.9 34.8 37.3
0.166667 3 330.3 271.0 31.5 33.6
0.200000 3 330.8 272.0 30.0 32.1
0.233333 3 326.0 267.7 39.3 41.8
0.266667 3 328.4 270.8 33.9 36.2
0.300000 3 327.4 270.6 35.8 38.1
0.333333 3 328.6 272.5 32.6 34.8
0.366667 3 328.8 273.1 32.2 34.3
0.400000 3 327.7 272.1 34.1 36.5
0.433333 3 325.2 270.0 38.5 41.2
0.466667 3 326.1 271.5 36.4 38.7
0.500000 3 327.1 273.3 33.7 35.8
0.533333 3 327.2 273.5 33.5 35.6
0.566667 3 324.7 271.3 38.6 40.8
0.600000 3 326.3 273.5 34.9 37.2
0.633333 3 324.8 272.2 37.5 40.0
0.666667 3 323.5 272.1 38.9 41.0
0.700000 3 325.7 274.1 34.6 36.7
0.733333 3 323.2 271.8 39.2 41.6
0.766667 3 322.5 271.7 40.4 43.0
0.800000 3 323.1 273.2 38.3 40.7
0.833333 3 323.2 273.4 38.1 40.6
0.866667 3 324.4 275.2 35.2 37.3
0.900000 3 326.0 277.0 32.0 34.1
0.933333 3 323.8 275.4 36.0 38.2
0.966667 3 324.7 276.3 34.2 36.4
1.000000 3 321.8 273.7 39.7 42.4
1.033333 3 324.9 277.8 32.7 35.0
1.066667 3 323.9 277.7 34.2 36.3
1.100000 3 324.4 278.3 32.9 35.0
1.133333 3 324.8 279.0 32.0 34.1
1.166667 3 321.4 276.0 38.2 40.9
1.200000 3 323.2 278.9 33.9 36.1
1.233333 3 322.4 278.1 35.5 37.6
1.266667 3 322.9 279.3 34.0 36.1
1.300000 3 319.5 276.1 40.5 43.2
1.333333 3 321.6 279.0 35.7 38.3
1.366667 3 321.8 279.9 34.7 36.9
1.400000 3 321.9 280.0 34.5 36.6
1.433333 3 319.2 278.0 39.4 41.7
1.466667 3 319.1 277.9 39.6 41.9
1.500000 3 320.4 279.4 36.6 39.2
1.533333 3 318.3 277.3 40.7 43.5
1.566667 3 320.1 280.0 36.4 38.7
1.600000 3 319.5 280.1 37.2 39.5
1.633333 3 319.5 280.3 36.9 39.0
1.666667 3 320.4 281.5 34.7 37.0
1.700000 3 317.7 278.8 40.1 42.6
1.733333 3 317.0 278.2 41.3 43.9
1.766667 3 320.1 282.2 34.1 36.4
1.800000 3 318.8 281.2 36.5 38.7
1.833333 3 321.2 284.1 31.6 33.7
1.866667 3 319.9 283.1 34.0 36.2
1.900000 3 319.3 282.7 35.0 37.4
1.933333 3 314.8 278.4 43.9 46.9
1.966667 3 318.3 282.6 36.0 38.5
2.000000 3 320.0 284.6 32.5 34.7
2.033333 3 320.9 285.8 30.4 32.6
2.066667 3 321.4 286.5 29.2 31.3
2.100000 3 318.2 283.7 35.3 37.8
2.133333 3 317.8 283.4 35.9 38.4
2.166667 3 316.0 282.5 39.3 41.5
2.200000 3 317.3 284.1 36.2 38.3
2.233333 3 318.2 285.3 34.2 36.6
2.266667 3 318.0 285.6 33.6 36.0
2.300000 3 314.6 282.4 40.3 42.8
2.333333 3 314.2 282.5 40.8 43.2
2.366667 3 317.3 286.1 34.1 36.4
2.400000 3 317.4 287.2 33.2 35.4
2.433333 3 318.3 288.4 31.3 33.4
2.466667 3 316.5 287.0 34.5 36.9
2.500000 3 314.5 285.3 38.4 41.1
2.533333 3 315.1 286.5 36.6 38.9
2.566667 3 316.2 287.9 34.2 36.6
2.600000 3 316.6 288.7 33.2 35.4
2.633333 3 316.2 288.7 33.6 35.5
2.666667 3 316.7 289.7 32.4 34.3
2.700000 3 316.8 290.2 32.0 34.1
2.733333 3 315.1 288.7 35.4 37.6
2.766667 3 312.9 286.8 39.3 42.1
2.800000 3 316.0 290.7 32.3 34.5
2.833333 3 316.6 291.5 31.1 33.2
2.866667 3 316.7 291.9 30.6 32.6
2.900000 3 313.6 289.4 36.6 38.7
2.933333 3 315.7 291.8 32.2 34.2
2.966667 3 314.3 290.5 34.8 37.2
3.000000 3 313.2 289.5 36.8 39.1
3.033333 3 315.1 292.8 31.8 33.9
3.066667 3 315.1 292.8 31.9 34.0
3.100000 3 315.1 292.8 31.9 34.0
3.133333 3 315.2 292.9 31.7 33.8
3.166667 3 316.8 294.9 28.5 30.5
3.200000 3 312.1 290.6 37.1 39.3
3.233333 3 312.0 291.2 37.3 39.5
3.266667 3 311.9 291.1 37.6 39.8
3.300000 3 314.2 294.0 32.2 34.3
3.333333 3 314.1 294.1 32.3 34.6
3.366667 3 315.3 295.7 29.6 31.7
3.400000 3 316.0 296.7 28.2 30.1
3.433333 3 316.2 297.5 27.2 29.0
3.466667 3 316.1 297.5 27.6 29.4
3.500000 3 311.9 294.0 35.7 37.7
3.533333 3 312.4 294.5 34.6 36.5
3.566667 3 311.1 293.5 37.2 39.2
3.600000 3 315.7 299.0 26.7 28.5
3.633333 3 315.9 299.7 26.2 28.0
3.666667 3 315.1 299.1 27.4 29.3
3.700000 3 316.2 300.3 25.5 27.1
3.733333 3 316.1 300.3 25.5 27.2
3.766667 3 313.1 298.1 31.3 33.3
3.800000 3 309.7 294.6 37.7 40.0
3.833333 3 309.3 294.6 38.6 40.7
3.866667 3 312.5 299.2 31.0 33.0
3.900000 3 313.3 299.9 29.6 31.6
3.933333 3 314.0 301.2 27.7 29.5
3.966667 3 311.8 298.1 33.0 35.2
4.000000 3 313.3 301.1 29.1 31.1
4.033333 3 308.3 296.4 38.4 40.6
4.066667 3 308.6 296.8 37.8 40.0
4.100000 3 308.2 296.4 38.6 40.8
4.133333 3 313.1 300.9 29.6 31.7
4.166667 3 308.8 297.6 37.2 39.2
4.200000 3 311.2 301.3 31.2 33.1
4.233333 3 304.8 294.9 43.9 46.0
4.266667 3 308.0 297.2 38.9 41.2
4.300000 3 308.6 298.6 37.5 39.8
4.333333 3 305.2 296.0 42.7 45.0
4.366667 3 310.5 302.7 31.1 33.1
4.400000 3 307.9 299.2 37.9 39.9
4.433333 3 310.0 301.3 33.7 35.6
4.466667 3 310.7 303.4 30.6 32.7
4.500000 3 302.9 295.7 45.8 48.1
4.533333 3 311.0 303.6 30.0 32.2
4.566667 3 308.2 300.3 36.4 38.8
4.600000 3 311.3 304.1 29.5 31.4
4.633333 3 309.5 302.8 32.6 34.5
4.666667 3 309.6 303.7 31.3 33.3
4.700000 3 310.5 305.1 29.4 31.3
4.733333 3 308.9 303.0 33.7 35.7
4.766667 3 305.9 297.7 43.6 46.1
4.800000 3 307.3 298.7 42.8 45.0
4.833333 3 315.0 306.2 27.8 29.8
4.866667 3 314.0 305.4 29.9 31.9
4.900000 3 310.4 300.4 38.1 40.7
4.933333 3 310.5 300.5 38.7 40.8
4.966667 3 313.7 303.0 35.4 37.6
5.000000 3 316.2 305.1 32.2 34.3
5.033333 3 317.4 305.7 30.8 32.7
5.066667 3 316.3 304.9 31.8 33.9
5.100000 3 310.4 297.1 44.9 47.3
5.133333 3 312.2 296.3 43.0 45.1
5.166667 3 318.7 302.1 33.4 35.4
5.200000 3 313.6 295.2 44.4 46.8
5.233333 3 316.5 295.7 35.6 38.1
5.266667 3 317.5 300.9 33.3 35.6
5.300000 3 316.7 300.1 34.8 37.2
5.333333 3 315.6 296.9 35.1 37.5
5.366667 3 317.1 300.1 29.9 31.9
5.400000 3 314.1 298.5 36.0 38.4
5.433333 3 313.0 298.5 36.0 38.4
5.466667 3 304.4 290.1 46.6 49.3
5.500000 3 307.1 294.8 39.6 41.9
5.533333 3 309.6 297.2 35.5 37.4
5.566667 3 306.6 293.1 40.6 43.2
5.600000 3 301.4 289.1 48.7 51.3
5.633333 3 302.5 290.2 46.7 49.2
5.666667 3 302.7 288.4 46.4 48.8
5.700000 3 303.4 288.9 44.7 47.0
5.733333 3 309.6 295.8 32.6 34.5
5.766667 3 307.7 292.6 36.3 38.4
5.800000 3 302.4 287.0 46.7 49.2
5.833333 3 306.1 291.6 39.7 42.1
5.866667 3 306.7 291.2 38.5 40.9
5.900000 3 301.0 272.9 43.1 45.6
5.933333 3 301.1 259.6 41.6 44.1
5.966667 3 306.1 261.3 33.9 35.9
6.000000 3 306.9 260.6 34.2 36.3
6.033333 3 304.2 259.3 37.5 39.3
6.066667 3 303.8 259.7 38.2 40.2
6.100000 3 300.1 256.4 47.4 49.2
6.133333 3 300.1 256.6 47.4 49.2
6.166667 3 299.4 256.4 48.8 50.7
6.200000 3 302.6 263.7 40.5 42.2
6.233333 3 300.8 266.3 45.8 47.6
6.266667 3 299.9 264.6 49.8 52.0
6.300000 3 303.5 268.1 40.9 43.0
6.333333 3 303.2 269.8 41.5 43.6
6.366667 3 303.3 274.6 40.1 42.2
6.400000 3 306.6 275.7 36.7 38.3
6.433333 3 301.8 271.3 48.0 49.6
6.466667 3 302.2 271.9 47.0 48.9
6.500000 3 307.4 277.6 35.6 37.4
6.533333 3 308.1 279.1 34.2 35.8
6.566667 3 308.4 279.4 33.6 35.2
6.600000 3 307.6 279.0 35.3 37.3
6.633333 3 307.5 278.8 35.5 37.6
6.666667 3 307.2 278.8 35.6 37.7
6.700000 3 308.7 280.7 32.5 34.1
6.733333 3 304.1 276.2 41.5 43.1
6.766667 3 305.2 277.5 39.3 40.8
6.800000 3 305.1 277.5 39.5 41.0
6.833333 3 305.5 278.6 38.8 40.3
6.866667 3 305.5 278.6 38.8 40.3
6.900000 3 304.2 277.8 40.8 42.3
6.933333 3 303.7 277.3 41.7 43.2
6.966667 3 304.7 278.6 39.6 40.9
7.000000 3 304.3 278.2 40.6 42.1
7.033333 3 305.5 279.9 38.1 39.6
7.066667 3 306.1 280.7 36.6 38.1
7.100000 3 306.1 281.0 36.8 38.2
7.133333 3 307.5 282.7 33.6 35.1
7.166667 3 307.2 282.6 34.4 35.9
7.200000 3 308.2 283.8 32.1 33.6
7.233333 3 309.6 285.7 29.1 30.3
7.266667 3 309.6 286.1 28.7 30.0
7.300000 3 309.6 286.1 28.9 30.2
7.333333 3 310.6 287.7 26.8 28.0
7.366667 3 310.5 287.7 26.8 28.0
7.400000 3 310.0 287.6 27.9 29.3
7.433333 3 309.6 287.2 28.6 29.9
7.466667 3 308.7 286.4 30.6 32.1
7.500000 3 309.7 288.1 28.4 29.6
7.533333 3 309.7 288.2 28.2 29.4
7.566667 3 305.8 284.6 36.1 37.6
7.600000 3 305.3 284.1 37.0 38.6
7.633333 3 306.3 285.7 34.9 36.1
7.666667 3 306.0 285.6 35.6 36.7
7.700000 3 304.1 283.6 39.4 40.6
7.733333 3 302.9 282.6 41.9 43.4
7.766667 3 301.0 280.8 45.8 47.4
7.800000 3 304.2 284.5 38.4 40.1
7.833333 3 305.9 286.8 34.9 36.2
7.866667 3 305.7 286.6 35.4 36.6
7.900000 3 305.1 286.3 36.5 37.9
7.933333 3 304.2 285.5 38.5 40.2
7.966667 3 305.2 286.8 36.4 37.8
8.000000 3 305.0 287.0 36.7 37.9
8.033333 3 304.3 286.5 38.1 39.6
8.066667 3 305.8 288.7 34.9 36.1
8.100000 3 305.7 288.6 35.1 36.3
8.133333 3 305.5 288.6 35.6 36.9
8.166667 3 305.1 288.7 36.4 37.9
8.200000 3 305.5 289.4 34.9 36.4
8.233333 3 306.5 290.6 33.0 34.3
8.266667 3 306.2 290.6 33.5 34.8
8.300000 3 305.4 289.9 35.3 36.9
8.333333 3 306.4 291.6 33.2 34.5
8.366667 3 306.3 291.5 33.4 34.7
8.400000 3 306.3 291.6 33.4 34.7
8.433333 3 304.9 290.7 36.2 37.7
8.466667 3 306.4 292.5 33.1 34.3
8.500000 3 306.3 292.6 33.4 34.6
8.533333 3 299.2 285.8 47.5 48.9
8.566667 3 299.4 286.1 47.1 48.6
8.600000 3 300.0 287.0 45.8 47.2
8.633333 3 300.4 287.6 45.0 46.3
8.666667 3 299.5 287.1 46.9 48.5
8.700000 3 300.7 288.7 43.6 45.2
8.733333 3 302.1 290.7 40.9 42.2
8.766667 3 301.8 290.6 41.6 42.9
8.800000 3 300.8 289.8 43.6 45.2
8.833333 3 301.2 290.2 42.6 44.2
8.866667 3 302.5 292.3 39.9 41.3
8.900000 3 303.8 293.7 37.2 38.6
8.933333 3 303.3 293.7 38.1 39.9
8.966667 3 303.4 293.7 38.0 39.7
9.000000 3 305.7 296.8 33.0 34.3
9.033333 3 306.1 297.2 32.2 33.5
9.066667 3 305.9 297.2 32.5 33.9
9.100000 3 303.7 295.3 36.5 38.4
9.133333 3 305.8 297.9 32.4 33.7
9.166667 3 305.3 297.7 33.2 34.6
9.200000 3 305.4 297.8 33.1 34.5
9.233333 3 304.7 297.6 34.5 36.0
9.266667 3 304.9 297.9 34.1 35.5
9.300000 3 305.1 298.2 33.8 35.2
9.333333 3 304.6 298.0 34.6 35.9
9.366667 3 303.6 297.1 36.7 38.4
9.400000 3 303.2 297.2 37.5 39.0
9.433333 3 301.1 295.2 41.7 43.1
9.466667 3 301.7 296.0 40.4 41.8
9.500000 3 297.9 292.5 47.9 49.3
9.533333 3 297.2 291.9 49.3 50.8
9.566667 3 297.2 291.9 49.3 51.0
9.600000 3 297.7 292.7 48.2 49.9
9.633333 3 298.8 294.0 46.0 47.4
9.666667 3 300.5 296.9 42.4 43.7
9.700000 3 301.5 298.0 40.0 41.3
9.733333 3 302.3 298.8 38.4 39.7
9.766667 3 303.4 300.1 36.0 37.2
9.800000 3 304.4 301.5 33.8 35.0
9.833333 3 303.2 300.5 36.3 37.9
9.866667 3 303.8 301.1 35.0 36.6
9.900000 3 305.5 303.3 31.5 32.7
9.933333 3 306.0 304.3 30.3 31.5
9.966667 3 306.4 304.9 29.2 30.3
10.000000 3 304.8 303.4 32.4 33.9
10.033333 3 305.5 304.5 30.9 32.2
10.066667 3 304.4 303.5 33.0 34.3
