0.000000 3 337.0 208.0 91.0 81.0
0.033333 3 339.2 207.8 91.1 81.2
0.066667 3 339.7 207.5 91.2 81.2
0.100000 3 341.0 207.8 91.2 81.2
0.133333 3 344.7 207.9 90.9 80.9
0.166667 3 346.2 208.0 90.7 80.8
0.200000 3 347.6 207.6 90.8 80.9
0.233333 3 349.8 207.9 90.7 81.0
0.266667 3 352.8 207.7 90.3 80.7
0.300000 3 353.9 207.8 89.5 79.8
0.333333 3 355.1 208.1 89.3 79.7
0.366667 3 356.6 208.1 89.5 80.0
0.400000 3 360.0 207.6 89.4 79.9
0.433333 3 361.5 207.4 89.6 80.1
0.466667 3 363.1 207.4 89.5 80.2
0.500000 3 364.6 207.8 88.6 79.3
0.533333 3 367.5 207.7 88.8 79.5
0.566667 3 368.7 206.8 89.0 79.7
0.600000 3 370.5 207.4 88.8 79.5
0.633333 3 372.6 206.9 89.0 79.7
0.666667 3 374.0 207.3 88.5 79.3
0.700000 3 375.3 207.1 88.4 79.3
0.733333 3 376.0 207.0 88.5 79.4
0.766667 3 376.6 206.5 88.5 79.4
0.800000 3 377.4 206.4 88.6 79.6
0.833333 3 378.2 206.3 88.3 79.3
0.866667 3 378.0 206.4 87.9 79.0
0.900000 3 377.4 206.5 87.8 78.8
0.933333 3 377.6 206.4 87.6 78.7
0.966667 3 378.7 206.0 87.4 78.5
1.000000 3 378.5 206.3 87.4 78.5
1.033333 3 376.0 203.4 87.3 78.5
1.066667 3 375.6 204.4 87.3 78.6
1.100000 3 376.1 203.3 87.0 78.2
1.133333 3 376.3 203.9 86.6 78.0
1.166667 3 376.2 203.2 86.8 78.1
1.200000 3 376.1 202.0 86.8 78.3
1.233333 3 375.9 201.9 86.9 78.4
1.266667 3 376.9 202.1 86.6 78.1
1.300000 3 377.6 201.5 86.5 78.1
1.333333 3 376.8 200.6 86.4 78.0
1.366667 3 376.7 200.8 86.0 77.7
1.400000 3 378.8 200.4 86.2 78.0
1.433333 3 379.4 200.2 86.0 77.7
1.466667 3 379.0 197.5 86.2 78.1
1.500000 3 379.4 197.9 85.8 77.7
1.533333 3 380.8 196.2 85.7 77.6
1.566667 3 383.0 189.6 85.9 77.9
1.600000 3 384.7 183.7 86.0 77.9
1.633333 3 385.8 176.5 86.0 78.0
1.666667 3 387.5 172.0 85.7 77.8
1.700000 3 389.0 167.5 85.6 77.6
1.733333 3 388.0 159.0 85.5 77.6
1.766667 3 386.8 158.5 85.5 77.6
1.800000 3 385.3 154.5 85.4 77.7
1.833333 3 384.8 150.9 85.1 77.4
1.866667 3 380.7 144.0 85.0 77.3
1.900000 3 378.0 141.1 85.2 77.5
1.933333 3 373.0 136.4 85.3 77.6
1.966667 3 369.0 134.9 84.9 77.3
2.000000 3 358.0 130.1 84.7 77.1
2.033333 3 350.9 128.4 84.6 77.0
2.066667 3 342.8 126.7 84.6 77.0
2.100000 3 336.8 126.1 84.7 77.2
2.133333 3 323.4 123.8 84.7 77.2
2.166667 3 317.7 123.5 84.6 77.1
2.200000 3 308.9 123.0 84.5 77.1
2.233333 3 302.3 122.4 84.3 77.0
2.266667 3 298.7 122.3 84.5 77.1
2.300000 3 292.1 122.2 84.6 77.3
2.333333 3 288.4 121.8 84.6 77.3
2.366667 3 285.2 121.9 84.5 77.3
2.400000 3 282.2 122.4 83.9 76.7
2.433333 3 277.4 121.9 83.5 76.4
2.466667 3 274.3 122.4 83.6 76.5
2.500000 3 273.0 122.4 84.0 76.9
2.533333 3 269.2 122.4 84.3 77.2
2.566667 3 267.8 122.5 83.6 76.5
2.600000 3 265.8 123.1 83.4 76.5
2.633333 3 264.3 123.6 83.5 76.6
2.666667 3 262.5 123.5 83.7 76.8
2.700000 3 259.0 124.3 83.8 76.8
2.733333 3 258.1 124.6 83.5 76.6
2.766667 3 257.2 125.2 83.4 76.5
2.800000 3 255.8 125.8 83.6 76.7
2.833333 3 252.8 126.5 83.7 76.9
2.866667 3 251.2 127.5 83.6 76.8
2.900000 3 250.7 128.0 83.6 76.8
2.933333 3 249.6 128.2 83.6 76.9
2.966667 3 246.2 129.9 83.4 76.7
3.000000 3 245.9 130.8 83.4 76.7
3.033333 3 246.5 131.4 83.4 76.7
3.066667 3 246.5 132.2 83.7 77.1
3.100000 3 246.4 132.8 83.7 77.2
3.133333 3 247.1 134.5 83.6 77.0
3.166667 3 248.6 135.3 83.5 76.9
3.200000 3 252.1 136.9 83.4 76.9
3.233333 3 253.5 138.2 83.4 76.8
3.266667 3 256.0 140.4 83.4 76.9
3.300000 3 259.8 143.3 83.5 77.1
3.333333 3 263.7 146.1 83.6 77.2
3.366667 3 265.8 147.5 83.0 76.7
3.400000 3 269.6 150.1 83.1 76.8
3.433333 3 271.6 151.3 83.1 76.7
3.466667 3 274.9 153.6 82.9 76.6
3.500000 3 276.2 154.9 82.3 76.0
3.533333 3 277.2 156.0 82.4 76.1
3.566667 3 279.0 157.3 82.4 76.2
3.600000 3 280.1 158.6 82.3 76.0
3.633333 3 279.6 159.1 82.1 75.9
3.666667 3 278.3 159.8 81.9 75.7
3.700000 3 275.9 160.6 82.1 75.9
3.733333 3 275.9 161.5 81.9 75.7
3.766667 3 273.7 161.6 81.8 75.6
3.800000 3 269.9 162.4 81.7 75.6
3.833333 3 268.8 162.2 81.8 75.7
3.866667 3 267.2 162.6 81.8 75.7
3.900000 3 265.4 163.1 81.4 75.3
3.933333 3 261.4 163.9 81.5 75.5
3.966667 3 261.2 164.0 81.0 75.0
4.000000 3 258.6 164.2 81.4 75.4
4.033333 3 256.3 164.3 80.8 74.8
4.066667 3 252.6 164.6 81.1 75.1
4.100000 3 251.8 164.7 81.1 75.2
4.133333 3 250.6 165.2 80.6 74.7
4.166667 3 246.3 164.8 80.6 74.7
4.200000 3 244.7 164.7 80.8 75.0
4.233333 3 243.7 165.1 80.9 75.1
4.266667 3 241.8 166.1 80.7 75.0
4.300000 3 237.3 164.9 80.8 75.1
4.333333 3 235.8 165.6 80.7 75.0
4.366667 3 235.7 166.5 80.5 74.8
4.400000 3 233.4 166.0 80.4 74.8
4.433333 3 231.5 165.7 80.5 74.9
4.466667 3 229.4 166.2 80.5 74.9
4.500000 3 227.9 166.2 80.4 74.8
4.533333 3 225.5 165.8 80.5 75.0
4.566667 3 223.2 164.6 80.7 75.2
4.600000 3 221.2 163.7 80.8 75.3
4.633333 3 221.0 163.5 80.2 74.7
4.666667 3 219.2 162.8 80.1 74.6
4.700000 3 218.4 162.1 80.0 74.6
4.733333 3 217.2 161.1 80.1 74.7
4.766667 3 216.9 160.4 79.7 74.3
4.800000 3 214.8 159.2 79.8 74.4
4.833333 3 214.3 157.1 79.6 74.3
4.866667 3 214.6 156.0 79.5 74.2
4.900000 3 215.2 150.9 79.6 74.3
4.933333 3 215.6 147.7 79.7 74.4
4.966667 3 217.8 144.1 79.8 74.5
5.000000 3 219.9 139.1 79.7 74.5
5.033333 3 222.2 133.3 80.0 74.8
5.066667 3 225.7 127.9 79.7 74.6
5.100000 3 227.6 126.2 79.9 74.7
5.133333 3 231.3 121.4 79.7 74.6
5.166667 3 234.3 115.6 79.7 74.6
5.200000 3 236.4 112.5 79.4 74.3
5.233333 3 241.6 109.4 79.5 74.4
5.266667 3 246.6 105.7 79.5 74.5
5.300000 3 248.3 104.2 79.2 74.1
5.333333 3 252.6 102.8 79.3 74.3
5.366667 3 255.8 103.2 79.2 74.1
5.400000 3 262.3 101.9 79.2 74.2
5.433333 3 267.9 101.2 79.0 74.1
5.466667 3 274.4 101.5 79.2 74.2
5.500000 3 278.1 101.4 78.8 73.9
5.533333 3 284.1 101.4 78.8 73.9
5.566667 3 290.0 101.3 78.9 74.0
5.600000 3 297.8 101.7 78.7 73.9
5.633333 3 304.9 102.2 78.7 73.9
5.666667 3 311.6 102.5 78.7 73.9
5.700000 3 315.7 103.2 78.3 73.4
5.733333 3 323.3 104.9 78.0 73.2
5.766667 3 325.9 104.6 77.8 73.1
5.800000 3 330.4 106.3 77.7 73.0
5.833333 3 333.0 106.8 77.4 72.7
5.866667 3 332.6 107.5 77.2 72.5
5.900000 3 331.5 107.7 76.9 72.2
5.933333 3 329.3 109.7 76.7 72.0
5.966667 3 324.0 109.0 77.0 72.3
6.000000 3 314.8 108.8 76.9 72.3
6.033333 3 307.2 110.1 77.2 72.6
6.066667 3 305.0 109.8 76.8 72.2
6.100000 3 297.7 110.4 76.9 72.3
6.133333 3 294.8 110.8 76.6 72.0
6.166667 3 291.6 111.1 76.4 71.8
6.200000 3 289.1 111.4 76.2 71.7
6.233333 3 282.1 111.8 76.2 71.7
6.266667 3 275.3 112.4 75.9 71.4
6.300000 3 272.4 112.7 75.9 71.4
6.333333 3 269.7 113.0 75.3 70.8
6.366667 3 264.3 113.7 75.5 71.0
6.400000 3 260.2 114.4 75.3 70.8
6.433333 3 258.6 114.6 75.1 70.6
6.466667 3 254.6 115.9 75.1 70.6
6.500000 3 252.9 116.4 74.8 70.3
6.533333 3 248.7 117.0 74.5 70.1
6.566667 3 244.7 118.1 74.7 70.3
6.600000 3 241.2 119.2 74.6 70.2
6.633333 3 240.1 120.0 74.2 69.9
6.666667 3 237.6 120.8 74.3 70.0
6.700000 3 235.7 122.4 74.1 69.8
6.733333 3 235.0 122.7 74.1 69.8
6.766667 3 233.6 123.7 74.2 69.9
6.800000 3 233.3 124.5 73.7 69.4
6.833333 3 232.4 126.5 73.7 69.5
6.866667 3 231.5 127.3 73.7 69.5
6.900000 3 230.7 127.7 73.5 69.3
6.933333 3 229.4 129.1 73.7 69.5
6.966667 3 228.8 130.1 73.6 69.5
7.000000 3 227.8 131.0 73.4 69.2
7.033333 3 226.4 132.4 73.1 69.0
7.066667 3 226.1 134.1 73.2 69.1
7.100000 3 225.3 134.0 73.2 69.1
7.133333 3 222.2 136.0 73.2 69.1
7.166667 3 222.2 136.4 72.7 68.6
7.200000 3 222.2 138.1 72.8 68.7
7.233333 3 221.5 138.1 72.9 68.8
7.266667 3 218.2 139.4 72.9 68.9
7.300000 3 218.3 140.3 72.4 68.4
7.333333 3 218.5 141.7 72.5 68.5
7.366667 3 218.1 142.6 72.2 68.2
7.400000 3 215.3 143.5 72.2 68.3
7.433333 3 214.6 144.6 72.5 68.5
7.466667 3 214.3 146.2 72.4 68.5
7.500000 3 213.3 147.0 72.1 68.2
7.533333 3 212.0 148.2 72.0 68.2
7.566667 3 211.8 148.5 72.2 68.3
7.600000 3 210.5 150.0 72.2 68.3
7.633333 3 209.5 151.1 71.5 67.7
7.666667 3 208.6 152.1 71.5 67.6
7.700000 3 208.5 153.5 71.6 67.8
7.733333 3 205.9 154.2 71.4 67.6
7.766667 3 205.3 156.1 71.2 67.4
7.800000 3 205.8 156.4 71.5 67.6
7.833333 3 204.4 157.3 71.4 67.6
7.866667 3 201.7 158.7 71.4 67.7
7.900000 3 201.6 159.3 71.5 67.7
7.933333 3 199.5 160.3 71.4 67.6
7.966667 3 198.5 160.6 70.8 67.1
8.000000 3 198.4 162.0 70.7 67.0
8.033333 3 198.4 163.0 70.3 66.7
8.066667 3 195.8 163.5 70.3 66.6
8.100000 3 195.9 164.7 70.2 66.6
8.133333 3 196.0 165.4 70.3 66.6
8.166667 3 194.5 166.4 70.3 66.6
8.200000 3 193.7 166.8 70.3 66.7
8.233333 3 194.5 167.6 70.5 66.9
8.266667 3 195.1 168.5 70.5 66.8
8.300000 3 195.3 169.2 70.2 66.6
8.333333 3 195.6 170.0 70.2 66.6
8.366667 3 199.3 171.1 70.1 66.5
8.400000 3 203.3 173.2 70.1 66.5
8.433333 3 208.4 175.2 70.1 66.5
8.466667 3 211.7 175.5 70.1 66.5
8.500000 3 217.3 177.5 70.1 66.5
8.533333 3 222.1 179.7 70.1 66.6
8.566667 3 228.2 181.3 70.1 66.5
8.600000 3 236.9 186.9 69.7 66.1
8.633333 3 239.7 188.3 69.6 66.1
8.666667 3 245.5 191.3 69.6 66.0
8.700000 3 251.3 193.9 69.4 65.9
8.733333 3 257.4 196.0 69.6 66.1
8.766667 3 259.9 197.5 69.2 65.7
8.800000 3 265.6 199.9 69.2 65.7
8.833333 3 270.1 201.4 69.2 65.8
8.866667 3 273.1 203.4 69.3 65.8
8.900000 3 276.1 205.4 69.3 65.8
8.933333 3 279.0 207.0 69.1 65.6
8.966667 3 280.0 207.9 69.0 65.6
9.000000 3 281.7 209.4 69.0 65.6
9.033333 3 283.5 210.7 69.0 65.6
9.066667 3 284.3 211.3 68.8 65.4
9.100000 3 286.1 213.1 68.7 65.3
9.133333 3 287.2 214.1 68.7 65.3
9.166667 3 288.2 215.4 68.6 65.2
9.200000 3 288.8 216.1 68.5 65.1
9.233333 3 290.4 217.2 68.4 65.1
9.266667 3 290.8 218.2 68.5 65.1
9.300000 3 291.2 218.8 68.3 64.9
9.333333 3 292.9 220.5 68.3 64.9
9.366667 3 293.8 220.9 67.9 64.6
9.400000 3 294.3 222.0 67.9 64.5
9.433333 3 294.8 223.0 68.0 64.7
9.466667 3 295.8 223.2 68.0 64.6
9.500000 3 297.1 224.5 67.9 64.6
9.533333 3 297.8 225.6 67.9 64.5
9.566667 3 298.9 226.6 67.8 64.5
9.600000 3 299.5 227.4 67.6 64.3
9.633333 3 301.1 228.0 67.8 64.5
9.666667 3 301.4 228.7 67.6 64.3
9.700000 3 302.4 229.5 67.6 64.3
9.733333 3 303.4 230.2 67.3 64.0
9.766667 3 304.6 231.3 67.3 64.1
9.800000 3 305.1 231.8 67.4 64.2
9.833333 3 305.7 232.9 67.0 63.8
9.866667 3 307.4 233.7 67.0 63.7
9.900000 3 307.9 234.4 66.9 63.7
9.933333 3 308.5 234.8 67.0 63.8
9.966667 3 309.2 236.0 67.0 63.8
10.000000 3 310.1 236.9 66.7 63.5
10.033333 3 311.1 237.9 66.7 63.6
10.066667 3 311.8 238.9 66.7 63.5
10.100000 3 312.3 239.5 66.7 63.6
10.133333 3 313.3 240.3 66.7 63.6
