0.000000 3 227.0 154.0 125.0 90.0
0.033333 3 224.0 153.9 125.1 90.1
0.066667 3 221.0 153.8 125.1 90.3
0.100000 3 218.2 153.3 125.1 90.8
0.133333 3 215.1 152.2 124.7 90.8
0.166667 3 215.1 152.2 124.8 90.9
0.200000 3 212.8 152.8 124.7 91.0
0.233333 3 210.0 152.0 124.8 91.0
0.266667 3 207.0 152.0 125.0 91.1
0.300000 3 203.9 151.9 124.9 91.3
0.333333 3 202.4 153.1 124.7 91.3
0.366667 3 202.4 153.1 124.7 91.3
0.400000 3 200.4 152.9 125.3 91.7
0.433333 3 199.9 152.9 125.5 91.9
0.466667 3 199.5 152.6 125.2 92.1
0.500000 3 198.3 151.9 125.5 92.5
0.533333 3 197.5 151.1 125.5 92.4
0.566667 3 197.5 151.1 125.5 92.4
0.600000 3 197.3 151.2 125.9 92.6
0.633333 3 198.3 150.6 125.8 92.7
0.666667 3 199.2 150.0 125.8 93.0
0.700000 3 200.2 149.4 125.8 93.3
0.733333 3 200.7 149.2 125.8 93.5
0.766667 3 200.7 149.2 125.8 93.5
0.800000 3 201.1 149.0 125.7 93.6
0.833333 3 201.9 150.0 126.2 93.8
0.866667 3 203.3 149.2 126.1 93.7
0.900000 3 204.4 148.5 126.0 93.8
0.933333 3 204.8 147.4 126.2 94.0
0.966667 3 204.8 147.4 126.2 94.0
1.000000 3 204.7 145.5 126.1 93.8
1.033333 3 204.4 144.2 126.6 94.5
1.066667 3 205.5 142.4 125.9 94.0
1.100000 3 205.9 139.6 126.0 94.2
1.133333 3 207.0 137.3 126.1 94.2
1.166667 3 207.0 137.3 126.1 94.2
1.200000 3 207.0 134.9 126.3 94.6
1.233333 3 207.3 134.2 126.4 94.2
1.266667 3 208.5 133.0 126.0 94.4
1.300000 3 208.1 131.9 126.3 94.4
1.333333 3 208.8 129.9 125.7 94.3
1.366667 3 208.8 129.9 125.7 94.3
1.400000 3 208.7 128.8 125.9 94.5
1.433333 3 209.0 127.1 125.6 94.2
1.466667 3 208.5 125.8 125.4 93.4
1.500000 3 206.6 123.9 125.6 93.5
1.533333 3 204.6 123.1 125.7 93.4
1.566667 3 204.6 123.1 125.7 93.4
1.600000 3 202.4 121.7 125.8 93.9
1.633333 3 201.1 121.4 125.1 93.8
1.666667 3 199.3 119.7 125.1 93.6
1.700000 3 196.5 118.4 125.0 93.7
1.733333 3 193.6 117.2 124.7 93.6
1.766667 3 193.6 117.2 124.7 93.6
1.800000 3 190.5 116.8 124.8 93.2
1.833333 3 188.8 116.9 125.0 93.2
1.866667 3 189.1 117.8 124.3 92.8
1.900000 3 189.0 117.2 124.9 92.9
1.933333 3 189.2 115.9 124.7 93.0
1.966667 3 189.2 115.9 124.7 93.0
2.000000 3 188.1 115.9 125.0 93.0
2.033333 3 187.5 115.0 124.6 92.7
2.066667 3 187.5 115.5 124.4 92.4
2.100000 3 187.4 115.4 124.7 92.6
2.133333 3 187.2 115.6 124.2 92.5
2.166667 3 187.2 115.6 124.2 92.5
2.200000 3 187.1 115.4 124.1 92.5
2.233333 3 186.5 115.3 124.9 92.9
2.266667 3 186.3 116.1 124.9 92.0
2.300000 3 186.0 116.8 124.9 91.7
2.333333 3 185.8 117.7 124.8 91.7
2.366667 3 185.8 117.7 124.8 91.7
2.400000 3 184.8 117.8 124.9 91.8
2.433333 3 183.0 117.6 125.1 92.1
2.466667 3 181.0 118.3 125.0 91.9
2.500000 3 180.4 118.7 125.0 92.0
2.533333 3 180.7 120.1 124.7 91.9
2.566667 3 180.7 120.1 124.7 91.9
2.600000 3 180.4 121.6 125.0 92.1
2.633333 3 179.5 123.4 124.9 92.2
2.666667 3 178.6 123.6 124.8 92.0
2.700000 3 177.3 124.1 125.1 92.1
2.733333 3 177.0 125.6 125.1 92.2
2.766667 3 177.0 125.6 125.1 92.2
2.800000 3 177.0 127.1 125.1 92.2
2.833333 3 176.5 128.3 125.1 92.2
2.866667 3 176.0 128.4 125.7 92.7
2.900000 3 175.6 130.1 125.3 92.4
2.933333 3 174.0 130.2 125.4 92.5
2.966667 3 174.0 130.2 125.4 92.5
3.000000 3 173.0 131.6 125.7 93.1
3.033333 3 172.5 132.4 125.7 93.0
3.066667 3 172.5 134.1 125.2 92.7
3.100000 3 171.5 134.4 125.8 93.2
3.133333 3 170.7 135.2 126.1 93.6
3.166667 3 170.7 135.2 126.1 93.6
3.200000 3 169.7 135.0 126.0 93.7
3.233333 3 168.0 135.5 125.9 93.4
3.266667 3 165.9 136.2 126.2 93.9
3.300000 3 164.1 137.6 126.4 94.2
3.333333 3 162.2 137.3 126.7 94.6
3.366667 3 162.2 137.3 126.7 94.6
3.400000 3 160.4 138.7 126.6 94.5
3.433333 3 158.0 139.0 126.3 94.4
3.466667 3 156.1 138.2 126.7 94.9
3.500000 3 156.9 138.7 126.4 94.9
3.533333 3 157.8 138.4 127.0 95.6
3.566667 3 157.8 138.4 127.0 95.6
3.600000 3 159.1 139.2 127.4 95.9
3.633333 3 161.0 140.0 127.6 96.2
3.666667 3 162.0 138.4 127.8 96.3
3.700000 3 162.9 139.2 127.9 96.4
3.733333 3 163.5 139.4 128.4 96.9
3.766667 3 163.5 139.4 128.4 96.9
3.800000 3 164.4 140.2 128.1 96.6
3.833333 3 165.3 139.3 128.1 96.8
3.866667 3 165.8 140.0 128.2 96.9
3.900000 3 167.6 140.4 128.1 97.1
3.933333 3 169.3 140.5 128.2 97.3
3.966667 3 169.3 140.5 128.2 97.3
4.000000 3 171.2 141.2 127.9 97.2
4.033333 3 172.3 142.7 129.0 98.3
4.066667 3 174.7 142.5 129.3 98.7
4.100000 3 177.0 142.6 128.9 98.5
4.133333 3 179.3 143.5 129.3 98.9
4.166667 3 179.3 143.5 129.3 98.9
4.200000 3 181.4 143.5 129.0 98.8
4.233333 3 182.8 143.8 129.2 99.0
4.266667 3 184.1 144.2 129.4 99.2
4.300000 3 184.6 144.1 129.1 99.1
4.333333 3 185.2 144.5 129.2 99.3
4.366667 3 185.2 144.5 129.2 99.3
4.400000 3 185.8 143.9 129.3 99.4
4.433333 3 185.8 144.3 129.4 99.6
4.466667 3 187.5 144.1 129.6 99.9
4.500000 3 188.8 144.0 130.0 100.4
4.533333 3 191.1 145.2 128.8 99.3
4.566667 3 191.1 145.2 128.8 99.4
4.600000 3 191.6 145.9 129.0 99.7
4.633333 3 193.5 147.2 127.7 98.7
4.666667 3 195.6 149.3 127.0 98.3
4.700000 3 197.5 150.1 126.2 97.6
4.733333 3 197.3 150.0 125.7 97.3
4.766667 3 197.3 150.0 125.7 97.3
4.800000 3 197.2 150.0 124.5 96.4
4.833333 3 197.1 149.8 123.9 96.0
4.866667 3 196.8 150.0 123.4 95.5
4.900000 3 196.2 149.8 122.8 95.1
4.933333 3 195.8 150.2 122.2 94.7
4.966667 3 195.8 150.2 122.2 94.7
5.000000 3 195.1 150.7 121.4 94.0
5.033333 3 193.9 151.0 120.9 93.5
5.066667 3 193.1 150.6 119.9 92.7
5.100000 3 191.9 150.9 120.0 92.9
5.133333 3 191.0 151.0 119.3 92.3
5.166667 3 191.0 151.0 119.2 92.3
5.200000 3 190.2 151.7 118.4 91.5
5.233333 3 187.5 151.6 117.3 90.5
5.266667 3 184.5 151.4 116.3 89.6
5.300000 3 180.7 151.8 116.0 89.4
5.333333 3 176.4 152.0 115.3 88.8
5.366667 3 176.4 152.0 115.3 88.8
5.400000 3 172.2 152.7 114.4 88.1
5.433333 3 167.8 153.3 113.6 87.4
5.466667 3 163.2 153.4 113.2 87.2
5.500000 3 160.3 153.4 112.5 86.8
5.533333 3 158.7 153.6 111.8 86.2
5.566667 3 158.7 153.6 111.8 86.2
5.600000 3 156.5 153.6 111.3 85.7
5.633333 3 155.1 153.5 110.8 85.4
5.666667 3 153.3 153.6 110.2 85.0
5.700000 3 152.5 153.2 109.2 84.1
5.733333 3 151.7 153.9 108.4 83.5
5.766667 3 151.7 153.9 108.4 83.5
5.800000 3 150.9 154.5 108.6 83.9
5.833333 3 151.4 155.6 107.8 83.3
5.866667 3 152.0 156.2 107.1 82.8
5.900000 3 152.5 156.2 106.2 82.1
5.933333 3 152.9 156.4 105.7 81.6
5.966667 3 152.9 156.4 105.6 81.6
6.000000 3 153.9 156.4 105.4 81.5
6.033333 3 155.0 157.1 105.0 81.2
6.066667 3 155.4 156.7 104.7 81.1
6.100000 3 156.3 157.1 104.0 80.6
6.133333 3 157.4 157.0 103.1 79.9
6.166667 3 157.4 157.0 103.1 79.9
6.200000 3 158.5 157.4 102.5 79.4
6.233333 3 160.0 156.6 102.4 79.3
6.266667 3 162.7 156.1 101.6 78.8
6.300000 3 164.8 155.0 100.7 77.9
6.333333 3 166.3 155.6 100.4 77.7
6.366667 3 166.2 155.6 100.4 77.7
6.400000 3 168.4 154.9 99.6 77.1
6.433333 3 171.1 154.8 99.1 76.8
6.466667 3 173.0 154.5 98.5 76.2
6.500000 3 174.9 154.0 98.1 75.8
6.533333 3 177.5 153.0 97.2 75.2
6.566667 3 177.5 153.0 97.2 75.2
6.600000 3 180.5 152.6 96.0 74.2
6.633333 3 183.4 151.7 95.1 73.3
6.666667 3 185.5 151.6 94.8 73.3
6.700000 3 188.7 151.6 93.4 71.9
6.733333 3 191.1 150.8 93.2 71.8
6.766667 3 191.1 150.8 93.3 71.8
6.800000 3 194.3 151.0 91.9 70.7
6.833333 3 196.7 150.7 91.7 70.5
6.866667 3 199.5 149.5 91.2 70.1
6.900000 3 202.8 149.9 89.7 68.7
6.933333 3 205.0 149.3 89.0 68.0
6.966667 3 204.9 149.2 89.0 68.0
7.000000 3 208.4 149.0 87.7 66.8
7.033333 3 211.3 148.0 87.5 66.6
7.066667 3 213.7 147.7 87.1 66.4
7.100000 3 215.8 147.1 86.0 65.4
7.133333 3 218.2 146.9 85.5 64.9
7.166667 3 218.2 146.9 85.5 64.9
7.200000 3 220.4 146.8 84.6 64.1
7.233333 3 222.3 146.5 84.2 63.8
7.266667 3 224.5 146.8 83.4 63.1
7.300000 3 227.1 146.1 83.0 62.6
7.333333 3 230.0 146.3 81.7 61.5
7.366667 3 230.0 146.3 81.7 61.5
7.400000 3 232.0 146.1 81.2 61.0
7.433333 3 233.5 146.0 80.5 60.4
7.466667 3 235.3 146.8 79.9 59.9
7.500000 3 237.2 146.8 79.4 59.5
7.533333 3 239.0 147.2 79.2 59.3
7.566667 3 239.0 147.2 79.3 59.3
7.600000 3 240.8 147.3 78.5 58.7
7.633333 3 242.9 148.0 77.6 57.9
7.666667 3 244.3 148.2 77.4 57.7
7.700000 3 246.2 148.4 76.9 57.3
7.733333 3 247.9 149.0 76.3 56.8
7.766667 3 247.9 149.0 76.3 56.8
7.800000 3 249.4 149.9 75.6 56.1
7.833333 3 250.7 150.4 75.2 55.7
7.866667 3 252.6 151.6 74.3 54.9
7.900000 3 253.7 152.2 74.1 54.7
7.933333 3 254.9 153.2 73.4 54.1
7.966667 3 254.9 153.2 73.4 54.1
8.000000 3 255.9 153.7 73.4 54.1
8.033333 3 257.2 155.0 72.6 53.4
8.066667 3 257.9 156.6 72.0 52.8
8.100000 3 258.5 158.0 71.3 52.2
8.133333 3 259.2 158.8 70.8 51.8
8.166667 3 259.2 158.8 70.8 51.8
8.200000 3 260.8 160.4 69.7 50.8
8.233333 3 261.7 161.1 69.2 50.4
8.266667 3 262.3 162.1 68.6 49.8
8.300000 3 263.3 163.0 68.3 49.6
8.333333 3 264.5 164.6 67.4 48.8
8.366667 3 264.5 164.6 67.4 48.8
8.400000 3 265.3 165.8 66.8 48.2
8.433333 3 265.8 167.0 66.5 48.0
8.466667 3 266.9 167.8 65.9 47.5
8.500000 3 267.3 168.9 65.7 47.4
8.533333 3 267.4 169.2 65.6 47.4
8.566667 3 267.4 169.2 65.6 47.4
8.600000 3 267.7 169.7 65.2 47.2
8.633333 3 268.0 169.7 65.0 47.1
8.666667 3 268.8 169.8 65.0 47.4
8.700000 3 269.6 170.1 64.8 47.3
8.733333 3 270.1 170.5 64.4 47.2
8.766667 3 270.1 170.5 64.4 47.2
8.800000 3 270.8 171.0 64.3 47.2
8.833333 3 271.7 171.2 63.9 47.1
8.866667 3 272.1 171.1 63.9 47.2
8.900000 3 273.0 171.3 63.7 47.2
8.933333 3 273.5 170.8 63.6 47.2
8.966667 3 273.5 170.8 63.6 47.2
9.000000 3 274.6 170.8 63.4 47.3
9.033333 3 274.9 170.6 63.1 47.2
9.066667 3 274.8 171.0 63.1 47.3
9.100000 3 275.3 170.8 62.8 47.3
9.133333 3 275.7 170.7 62.5 47.2
9.166667 3 275.7 170.7 62.5 47.2
9.200000 3 275.5 170.4 62.5 47.3
9.233333 3 275.5 170.2 62.1 47.2
9.266667 3 275.6 170.0 62.2 47.4
9.300000 3 275.8 169.7 62.1 47.6
9.333333 3 276.0 169.5 61.9 47.6
9.366667 3 276.0 169.5 61.9 47.6
9.400000 3 276.3 169.5 61.8 47.6
9.433333 3 276.6 168.9 61.8 47.8
9.466667 3 277.4 168.7 61.6 47.8
9.500000 3 277.6 168.4 61.6 48.0
9.533333 3 278.1 168.2 61.4 48.0
9.566667 3 278.1 168.2 61.4 48.0
9.600000 3 278.6 168.1 61.3 48.0
9.633333 3 279.4 168.0 61.2 48.1
9.666667 3 280.0 167.6 61.1 48.1
9.700000 3 280.8 167.6 60.9 48.1
9.733333 3 281.0 167.2 60.9 48.1
9.766667 3 281.0 167.2 60.9 48.1
9.800000 3 281.5 167.9 60.7 48.1
9.833333 3 282.1 167.9 60.6 48.1
9.866667 3 282.8 168.1 60.4 48.1
9.900000 3 283.1 168.1 60.3 48.0
9.933333 3 283.4 168.3 60.2 48.1
9.966667 3 283.4 168.3 60.2 48.1
10.000000 3 283.6 168.2 60.0 48.0
10.033333 3 283.8 168.4 59.9 48.0
