0.000000 3 270.0 193.0 96.0 91.0
0.033333 3 270.1 190.6 96.8 92.0
0.066667 3 270.1 190.6 96.8 92.0
0.100000 3 270.6 188.4 96.3 91.3
0.133333 3 271.2 185.2 97.1 92.2
0.166667 3 273.7 182.1 96.1 91.2
0.200000 3 275.3 178.3 96.9 92.0
0.233333 3 277.5 176.5 97.3 92.3
0.266667 3 277.5 176.5 97.3 92.3
0.300000 3 279.1 176.0 98.1 93.2
0.333333 3 279.3 177.0 100.6 95.7
0.366667 3 281.8 180.5 98.0 93.1
0.400000 3 282.7 184.0 98.6 93.7
0.433333 3 282.7 186.5 98.9 94.0
0.466667 3 282.7 186.5 98.9 94.0
0.500000 3 282.0 189.3 99.2 94.3
0.533333 3 281.1 191.3 99.3 94.3
0.566667 3 279.2 193.9 100.4 95.4
0.600000 3 277.6 198.4 100.4 95.4
0.633333 3 276.2 200.8 100.7 95.8
0.666667 3 276.1 200.8 100.8 95.8
0.700000 3 274.4 204.3 101.5 96.6
0.733333 3 274.1 206.2 101.6 96.6
0.766667 3 271.7 207.3 102.6 97.7
0.800000 3 269.3 210.5 102.6 97.7
0.833333 3 269.0 211.5 103.0 98.0
0.866667 3 269.0 211.5 103.0 98.0
0.900000 3 269.4 212.3 103.2 98.2
0.933333 3 268.9 213.8 104.1 99.1
0.966667 3 268.7 214.6 104.2 99.2
1.000000 3 269.0 214.8 104.9 99.9
1.033333 3 269.9 214.7 104.6 99.6
1.066667 3 269.9 214.7 104.6 99.6
1.100000 3 270.5 213.8 105.5 100.5
1.133333 3 270.2 213.1 105.7 100.6
1.166667 3 269.9 213.0 105.9 100.9
1.200000 3 269.6 211.1 107.8 102.8
1.233333 3 269.8 210.4 106.8 101.8
1.266667 3 269.8 210.4 106.8 101.8
1.300000 3 270.0 207.4 107.1 102.0
1.333333 3 269.9 205.8 107.2 102.2
1.366667 3 270.1 202.3 108.5 103.4
1.400000 3 270.7 200.0 108.4 103.3
1.433333 3 271.2 196.5 109.3 104.3
1.466667 3 271.1 196.5 109.4 104.3
1.500000 3 271.8 194.1 109.4 104.3
1.533333 3 272.1 191.5 110.1 105.0
1.566667 3 271.4 189.1 112.2 107.1
1.600000 3 273.3 189.9 110.4 105.3
1.633333 3 273.0 188.8 111.6 106.4
1.666667 3 273.0 188.8 111.6 106.4
1.700000 3 273.9 189.0 111.6 106.4
1.733333 3 274.6 188.0 112.4 107.2
1.766667 3 274.5 189.3 113.2 108.0
1.800000 3 274.5 189.3 114.2 109.0
1.833333 3 274.2 190.1 114.4 109.2
1.866667 3 274.2 190.1 114.5 109.2
1.900000 3 273.7 190.4 115.5 110.3
1.933333 3 274.7 192.7 115.4 110.1
1.966667 3 275.1 193.5 115.3 110.0
2.000000 3 274.9 194.9 115.9 110.6
2.033333 3 275.4 195.9 116.0 110.7
2.066667 3 275.5 195.9 116.0 110.7
2.100000 3 275.8 195.3 117.7 112.3
2.133333 3 276.9 197.0 116.8 111.4
2.166667 3 276.4 196.8 117.1 111.7
2.200000 3 276.2 197.6 117.0 111.6
2.233333 3 276.1 197.5 117.5 112.0
2.266667 3 276.1 197.5 117.5 112.0
2.300000 3 275.4 197.3 117.6 112.2
2.333333 3 275.1 196.8 118.4 112.9
2.366667 3 274.9 196.5 118.8 113.3
2.400000 3 274.3 196.1 118.5 113.0
2.433333 3 272.6 194.1 120.7 115.2
2.466667 3 272.6 194.1 120.7 115.2
2.500000 3 272.5 194.1 119.5 114.0
2.533333 3 270.5 191.7 120.4 114.8
2.566667 3 268.6 190.5 121.2 115.6
2.600000 3 267.3 188.4 121.2 115.6
2.633333 3 265.8 186.1 121.8 116.1
2.666667 3 265.7 186.1 121.8 116.1
2.700000 3 264.2 184.8 122.5 116.9
2.733333 3 262.4 184.1 123.5 117.8
2.766667 3 260.6 184.7 124.4 118.7
2.800000 3 259.3 184.8 125.1 119.4
2.833333 3 258.2 185.9 125.2 119.5
2.866667 3 258.2 185.9 125.2 119.5
2.900000 3 256.9 186.7 127.0 121.2
2.933333 3 255.1 188.5 126.8 121.1
2.966667 3 254.1 190.0 127.7 121.9
3.000000 3 252.2 191.8 128.9 123.1
3.033333 3 249.9 192.8 130.5 124.7
3.066667 3 249.9 192.8 130.5 124.7
3.100000 3 248.2 195.7 131.3 125.5
3.133333 3 247.1 197.2 132.8 127.0
3.166667 3 245.9 199.2 133.7 127.9
3.200000 3 244.6 199.7 135.1 129.3
3.233333 3 242.0 200.3 136.8 131.0
3.266667 3 242.0 200.2 136.8 131.0
3.300000 3 240.3 201.0 137.2 131.3
3.333333 3 238.3 200.7 138.7 132.9
3.366667 3 235.9 200.1 140.1 134.3
3.400000 3 233.2 199.9 141.6 135.7
3.433333 3 230.0 199.2 144.2 138.3
3.466667 3 230.0 199.2 144.2 138.3
3.500000 3 227.2 198.0 146.0 140.1
3.533333 3 226.3 197.4 145.7 139.8
3.566667 3 223.6 195.5 148.2 142.3
3.600000 3 221.6 194.5 149.3 143.4
3.633333 3 219.4 192.8 151.1 145.3
3.666667 3 219.4 192.8 151.1 145.3
3.700000 3 218.3 191.3 151.8 145.9
3.733333 3 215.9 190.5 153.5 147.7
3.766667 3 213.7 189.5 155.4 149.6
3.800000 3 212.9 188.8 156.2 150.3
3.833333 3 212.9 187.0 156.6 150.7
3.866667 3 212.9 187.0 156.6 150.7
3.900000 3 211.7 186.4 156.9 151.0
3.933333 3 209.3 184.6 159.9 154.1
3.966667 3 208.7 183.5 160.8 155.0
4.000000 3 207.4 182.0 162.9 157.0
4.033333 3 207.8 182.2 161.9 156.1
4.066667 3 207.8 182.2 161.9 156.1
4.100000 3 205.4 181.5 165.2 159.5
4.133333 3 204.3 181.0 166.6 160.8
4.166667 3 204.1 180.7 168.0 162.3
4.200000 3 202.8 181.6 168.8 163.1
4.233333 3 203.0 182.8 169.3 163.5
4.266667 3 202.8 182.7 169.6 163.9
4.300000 3 203.4 183.7 169.3 163.6
4.333333 3 203.1 184.8 168.9 163.2
4.366667 3 202.0 185.6 170.3 164.6
4.400000 3 203.2 186.3 170.2 164.6
4.433333 3 203.5 185.9 170.7 165.0
4.466667 3 203.6 185.9 170.7 165.0
4.500000 3 204.2 185.9 171.0 165.3
4.533333 3 204.9 186.5 170.2 164.6
4.566667 3 204.8 185.2 171.5 165.9
4.600000 3 205.7 184.1 171.8 166.2
4.633333 3 205.6 182.4 171.9 166.3
4.666667 3 205.6 182.4 171.9 166.3
4.700000 3 206.4 180.2 172.0 166.3
4.733333 3 205.6 178.9 173.6 168.0
4.766667 3 205.2 177.5 174.0 168.4
4.800000 3 205.2 175.7 174.5 168.9
4.833333 3 204.9 174.2 174.5 168.9
4.866667 3 204.9 174.2 174.5 168.9
4.900000 3 204.4 173.4 175.9 170.4
4.933333 3 203.5 174.0 175.4 169.8
4.966667 3 202.9 173.7 175.9 170.2
5.000000 3 201.4 173.0 177.0 171.4
5.033333 3 201.5 175.1 176.3 170.7
5.066667 3 201.5 175.1 176.3 170.7
5.100000 3 200.1 175.5 177.1 171.5
5.133333 3 199.5 176.8 177.4 171.8
5.166667 3 197.7 177.1 178.0 172.4
5.200000 3 196.9 180.1 177.7 172.1
5.233333 3 197.0 180.4 178.6 173.0
5.266667 3 197.0 180.4 178.6 173.0
5.300000 3 195.6 182.4 179.5 173.8
5.333333 3 195.6 185.4 179.3 173.7
5.366667 3 195.8 187.2 179.6 174.0
5.400000 3 195.4 190.4 178.1 172.5
5.433333 3 195.6 191.6 179.7 174.1
5.466667 3 195.6 191.5 179.7 174.1
5.500000 3 196.3 192.7 180.2 174.6
5.533333 3 196.9 194.2 180.8 175.1
5.566667 3 197.8 196.0 180.4 174.7
5.600000 3 198.0 197.6 181.0 175.3
5.633333 3 199.4 198.7 181.1 175.5
5.666667 3 199.4 198.7 181.1 175.5
5.700000 3 199.4 199.7 182.2 176.5
5.733333 3 199.8 200.9 181.4 175.7
5.766667 3 201.0 202.8 181.1 175.4
5.800000 3 201.2 202.3 181.9 176.3
5.833333 3 201.4 203.6 181.3 175.7
5.866667 3 201.4 203.6 181.4 175.7
5.900000 3 201.5 203.8 181.8 176.1
5.933333 3 202.6 205.5 180.6 174.9
5.966667 3 201.1 205.7 183.0 177.3
6.000000 3 200.6 207.0 183.6 177.9
6.033333 3 199.8 207.0 184.1 178.3
6.066667 3 199.8 207.0 184.1 178.3
6.100000 3 199.8 208.2 183.5 177.8
6.133333 3 199.5 208.0 184.5 178.7
6.166667 3 200.0 209.3 184.9 179.1
6.200000 3 199.1 211.1 184.5 178.7
6.233333 3 198.9 211.7 185.6 179.8
6.266667 3 198.9 211.7 185.6 179.8
6.300000 3 199.5 213.0 184.6 178.7
6.333333 3 199.1 212.6 186.2 180.3
6.366667 3 199.7 213.0 186.4 180.6
6.400000 3 199.8 214.3 186.4 180.5
6.433333 3 200.1 215.6 185.9 180.0
6.466667 3 200.1 215.6 185.9 180.0
6.500000 3 199.5 215.1 188.1 182.1
6.533333 3 200.8 216.4 187.2 181.2
6.566667 3 199.1 216.1 189.1 183.1
6.600000 3 199.5 217.5 188.2 182.3
6.633333 3 200.1 218.7 186.6 180.6
6.666667 3 200.1 218.6 186.7 180.7
6.700000 3 199.3 218.0 188.0 182.0
6.733333 3 199.0 217.5 189.1 183.1
6.766667 3 198.9 217.0 188.9 182.9
6.800000 3 199.8 216.5 187.9 181.9
6.833333 3 199.2 214.2 190.3 184.2
6.866667 3 199.1 214.1 190.4 184.3
6.900000 3 198.8 211.5 190.8 184.7
6.933333 3 199.0 209.8 190.5 184.4
6.966667 3 198.5 208.6 191.0 184.9
7.000000 3 198.3 207.9 190.3 184.2
7.033333 3 197.8 206.0 191.5 185.4
7.066667 3 197.8 206.0 191.5 185.4
7.100000 3 196.8 204.0 192.9 186.7
7.133333 3 195.4 203.2 193.2 187.0
7.166667 3 195.4 204.6 191.9 185.8
7.200000 3 193.2 204.1 194.3 188.2
7.233333 3 191.9 204.3 195.0 188.8
7.266667 3 191.9 204.3 195.0 188.8
7.300000 3 190.9 204.7 195.3 189.1
7.333333 3 190.5 205.2 195.1 188.8
7.366667 3 188.6 204.9 197.1 190.8
7.400000 3 188.7 205.7 196.5 190.3
7.433333 3 187.9 205.9 197.4 191.2
7.466667 3 187.9 205.9 197.5 191.2
7.500000 3 187.1 207.0 198.2 191.9
7.533333 3 187.6 208.4 196.7 190.4
7.566667 3 185.9 206.8 199.3 193.0
7.600000 3 185.7 206.7 199.4 193.1
7.633333 3 185.5 206.9 199.5 193.3
7.666667 3 185.5 206.9 199.5 193.3
7.700000 3 185.2 208.7 198.7 192.4
7.733333 3 183.5 206.9 201.5 195.1
7.766667 3 182.9 206.6 202.5 196.1
7.800000 3 182.6 206.6 202.1 195.8
7.833333 3 182.3 206.2 202.8 196.4
7.866667 3 182.3 206.2 202.8 196.4
7.900000 3 183.2 206.2 201.7 195.3
7.933333 3 182.7 205.4 203.9 197.4
7.966667 3 182.9 204.6 204.0 197.6
8.000000 3 182.9 204.5 204.0 197.6
8.033333 3 183.6 205.4 202.2 195.8
8.066667 3 183.7 205.4 202.2 195.7
8.100000 3 183.6 204.0 204.0 197.5
8.133333 3 183.5 203.0 204.7 198.1
8.166667 3 183.4 203.0 205.7 199.1
8.200000 3 184.3 204.3 204.4 197.8
8.233333 3 183.4 203.1 207.1 200.5
8.266667 3 183.4 203.1 207.1 200.5
8.300000 3 183.1 204.1 207.1 200.5
8.333333 3 183.9 205.2 206.8 200.1
8.366667 3 183.3 206.6 207.2 200.5
8.400000 3 184.5 209.7 206.1 199.4
8.433333 3 184.5 209.5 207.6 200.8
8.466667 3 184.5 209.5 207.6 200.9
8.500000 3 184.4 211.0 207.8 201.0
8.533333 3 184.3 212.3 208.0 201.2
8.566667 3 184.8 213.8 208.3 201.5
8.600000 3 183.7 212.9 210.5 203.6
8.633333 3 184.5 214.9 209.7 202.8
8.666667 3 184.5 214.9 209.7 202.8
8.700000 3 183.9 214.1 211.5 204.5
8.733333 3 184.0 215.6 211.1 204.2
8.766667 3 185.0 216.9 209.9 203.0
8.800000 3 183.5 215.8 212.2 205.2
8.833333 3 182.7 215.0 213.3 206.3
8.866667 3 182.7 215.0 213.3 206.3
8.900000 3 183.1 215.4 213.2 206.2
8.933333 3 182.7 215.2 213.2 206.2
8.966667 3 181.2 213.5 215.7 208.6
9.000000 3 181.6 212.8 215.6 208.4
9.033333 3 180.6 211.1 217.4 210.2
9.066667 3 180.5 211.1 217.4 210.3
9.100000 3 180.2 208.9 217.9 210.7
9.133333 3 179.1 206.9 219.6 212.4
9.166667 3 178.7 205.6 219.4 212.1
9.200000 3 178.4 202.8 220.1 212.9
9.233333 3 177.6 201.0 221.2 213.9
9.266667 3 177.6 201.0 221.2 213.9
9.300000 3 178.1 199.4 220.0 212.7
9.333333 3 176.8 196.4 221.8 214.5
9.366667 3 176.1 194.4 222.5 215.2
9.400000 3 175.5 193.0 222.8 215.5
9.433333 3 173.9 190.1 224.3 216.9
9.466667 3 173.9 190.1 224.3 216.9
9.500000 3 173.2 188.9 224.5 217.1
9.533333 3 172.9 188.3 225.1 217.7
9.566667 3 172.3 186.9 225.6 218.2
9.600000 3 171.8 185.3 226.0 218.5
9.633333 3 171.7 185.6 225.4 218.0
9.666667 3 171.7 185.7 225.4 217.9
9.700000 3 169.8 182.5 228.4 221.0
9.733333 3 169.8 181.9 228.1 220.6
9.766667 3 168.6 180.9 229.1 221.6
9.800000 3 168.7 181.0 228.9 221.3
9.833333 3 167.6 179.5 230.2 222.7
9.866667 3 167.6 179.5 230.2 222.7
9.900000 3 166.7 179.2 230.7 223.2
9.933333 3 166.4 178.8 231.3 223.8
9.966667 3 165.5 178.8 232.2 224.6
10.000000 3 164.2 178.2 234.8 227.2
10.033333 3 164.3 179.2 234.0 226.3
10.066667 3 164.3 179.2 234.0 226.3
10.100000 3 163.7 179.7 234.1 226.4
10.133333 3 162.8 179.1 236.0 228.3
10.166667 3 164.1 180.2 234.3 226.6
10.200000 3 163.1 179.8 236.2 228.5
10.233333 3 163.5 180.8 236.8 229.1
10.266667 3 163.4 180.8 236.9 229.1
10.300000 3 163.3 180.0 238.3 230.6
10.333333 3 163.7 181.4 238.0 230.3
10.366667 3 162.6 181.1 240.3 232.4
10.400000 3 163.1 181.4 240.3 232.4
10.433333 3 164.0 182.1 241.1 233.3
