0.000000 3 302.0 132.0 124.0 100.0
0.033333 3 302.0 132.0 124.0 100.0
0.066667 3 302.2 132.9 124.3 100.3
0.100000 3 302.2 133.4 124.6 100.5
0.133333 3 302.6 133.6 124.9 100.9
0.166667 3 302.8 133.6 125.3 101.3
0.200000 3 303.6 133.3 125.6 101.5
0.233333 3 303.6 133.3 125.6 101.5
0.266667 3 303.5 133.6 125.8 101.7
0.300000 3 303.7 133.0 126.2 102.1
0.333333 3 303.6 132.7 126.3 102.2
0.366667 3 303.5 132.2 127.0 102.8
0.400000 3 303.3 132.6 127.0 102.8
0.433333 3 303.3 132.6 126.9 102.8
0.466667 3 303.2 132.6 127.3 103.1
0.500000 3 303.2 132.9 127.6 103.4
0.533333 3 303.1 134.4 127.9 103.7
0.566667 3 302.8 135.7 128.1 103.8
0.600000 3 303.2 135.1 128.2 103.9
0.633333 3 303.2 135.1 128.2 103.9
0.666667 3 303.2 135.8 128.6 104.2
0.700000 3 302.4 137.7 128.7 104.3
0.733333 3 302.0 138.2 129.3 104.8
0.766667 3 301.3 139.5 129.7 105.2
0.800000 3 301.2 141.4 130.0 105.5
0.833333 3 301.2 141.4 130.0 105.5
0.866667 3 300.5 142.4 130.7 106.1
0.900000 3 300.7 143.4 130.8 106.3
0.933333 3 300.4 144.1 131.3 106.7
0.966667 3 300.6 143.3 131.4 106.8
1.000000 3 301.2 141.8 131.9 107.3
1.033333 3 301.2 141.8 131.9 107.3
1.066667 3 301.9 141.6 132.2 107.6
1.100000 3 302.2 141.8 132.7 108.0
1.133333 3 302.8 142.4 133.3 108.6
1.166667 3 303.4 144.4 133.8 109.1
1.200000 3 304.7 147.2 134.5 109.7
1.233333 3 304.7 147.2 134.5 109.7
1.266667 3 306.0 149.5 134.5 109.7
1.300000 3 307.3 149.7 134.9 110.1
1.333333 3 307.8 151.2 135.4 110.5
1.366667 3 308.9 153.4 135.6 110.6
1.400000 3 309.9 155.5 136.1 111.0
1.433333 3 309.9 155.5 136.1 111.0
1.466667 3 311.1 158.4 136.5 111.4
1.500000 3 312.3 161.8 136.7 111.5
1.533333 3 313.6 164.5 137.1 111.8
1.566667 3 314.5 166.6 137.8 112.5
1.600000 3 315.8 169.2 138.2 112.8
1.633333 3 315.8 169.2 138.2 112.8
1.666667 3 317.0 170.6 138.5 113.0
1.700000 3 317.4 170.0 138.7 113.2
1.733333 3 318.1 168.9 139.5 113.9
1.766667 3 317.9 169.7 139.8 114.2
1.800000 3 318.1 170.0 140.1 114.5
1.833333 3 318.1 170.0 140.1 114.5
1.866667 3 317.9 169.7 140.2 114.6
1.900000 3 317.5 168.0 140.3 114.7
1.933333 3 317.2 164.2 140.1 114.5
1.966667 3 315.9 159.6 140.3 114.7
2.000000 3 315.7 154.6 140.4 114.7
2.033333 3 315.7 154.6 140.4 114.7
2.066667 3 315.6 149.6 140.6 115.0
2.100000 3 315.2 144.8 140.4 114.7
2.133333 3 314.0 140.1 140.2 114.3
2.166667 3 311.6 135.2 140.0 114.1
2.200000 3 309.2 130.3 140.1 114.2
2.233333 3 309.2 130.3 140.2 114.3
2.266667 3 306.3 125.5 140.2 114.2
2.300000 3 303.6 121.2 140.0 113.9
2.333333 3 300.1 116.9 140.0 113.8
2.366667 3 297.0 112.6 140.1 113.9
2.400000 3 293.8 108.5 140.0 113.8
2.433333 3 293.8 108.4 140.0 113.8
2.466667 3 290.8 103.8 140.2 114.0
2.500000 3 288.1 99.9 140.1 113.8
2.533333 3 285.6 95.9 140.2 113.8
2.566667 3 283.0 91.3 140.3 113.9
2.600000 3 280.5 86.8 140.8 114.4
2.633333 3 280.6 86.8 140.8 114.4
2.666667 3 278.3 83.1 141.0 114.5
2.700000 3 276.3 79.2 141.5 114.9
2.733333 3 274.7 76.0 141.8 115.2
2.766667 3 273.2 73.1 142.2 115.5
2.800000 3 271.9 70.1 142.4 115.7
2.833333 3 271.9 70.1 142.4 115.7
2.866667 3 270.7 67.2 142.7 115.9
2.900000 3 269.1 65.1 143.1 116.3
2.933333 3 268.4 62.5 143.1 116.4
2.966667 3 267.9 60.0 143.1 116.4
3.000000 3 267.5 58.4 142.5 115.9
3.033333 3 267.5 58.4 142.5 115.9
3.066667 3 266.9 57.0 142.3 115.8
3.100000 3 266.7 56.0 141.8 115.5
3.133333 3 266.8 55.4 141.1 114.9
3.166667 3 266.8 55.8 140.5 114.4
3.200000 3 266.9 56.6 140.2 114.2
3.233333 3 266.9 56.6 140.2 114.2
3.266667 3 267.4 57.6 139.5 113.6
3.300000 3 268.0 58.6 138.9 113.1
3.333333 3 268.8 59.5 138.2 112.5
3.366667 3 269.7 59.9 137.6 112.1
3.400000 3 270.4 60.5 137.1 111.7
3.433333 3 270.4 60.5 137.1 111.7
3.466667 3 271.3 61.0 136.5 111.1
3.500000 3 271.9 61.2 135.8 110.5
3.533333 3 272.7 61.3 135.2 110.0
3.566667 3 273.7 61.1 134.4 109.4
3.600000 3 274.1 60.3 134.1 109.1
3.633333 3 274.1 60.3 134.1 109.1
3.666667 3 274.8 58.9 133.5 108.6
3.700000 3 275.5 57.6 133.2 108.3
3.733333 3 276.0 56.7 132.5 107.7
3.766667 3 276.7 55.9 131.8 107.1
3.800000 3 277.0 54.9 131.3 106.7
3.833333 3 277.0 54.9 131.3 106.7
3.866667 3 277.5 53.9 130.9 106.4
3.900000 3 277.7 53.2 130.5 106.1
3.933333 3 277.7 53.0 130.0 105.6
3.966667 3 278.0 53.5 129.4 105.1
4.000000 3 278.1 54.4 129.0 104.8
4.033333 3 278.1 54.4 129.0 104.8
4.066667 3 278.2 55.6 128.3 104.2
4.100000 3 278.1 56.6 128.0 103.9
4.133333 3 278.2 57.8 127.3 103.2
4.166667 3 278.1 58.9 126.7 102.7
4.200000 3 278.1 59.8 126.3 102.4
4.233333 3 278.1 59.8 126.4 102.4
4.266667 3 278.1 60.7 125.6 101.8
4.300000 3 277.8 61.4 125.1 101.3
4.333333 3 277.8 62.4 124.4 100.7
4.366667 3 277.6 63.1 123.7 100.0
4.400000 3 277.8 63.7 122.9 99.3
4.433333 3 277.8 63.7 122.9 99.3
4.466667 3 277.9 63.9 122.5 98.9
4.500000 3 278.0 63.2 122.3 98.8
4.533333 3 278.3 63.0 121.6 98.2
4.566667 3 278.8 62.0 121.2 97.9
4.600000 3 279.5 61.5 120.4 97.2
4.633333 3 279.5 61.5 120.5 97.3
4.666667 3 279.6 60.7 120.1 97.0
4.700000 3 279.9 60.2 119.4 96.4
4.733333 3 279.9 59.7 119.1 96.2
4.766667 3 280.3 58.8 118.3 95.5
4.800000 3 280.5 57.5 118.1 95.4
4.833333 3 280.5 57.5 118.1 95.4
4.866667 3 280.7 56.4 117.8 95.2
4.900000 3 281.0 55.4 117.2 94.6
4.933333 3 280.8 54.0 117.0 94.6
4.966667 3 280.9 52.5 116.7 94.4
5.000000 3 281.1 50.9 116.5 94.2
5.033333 3 281.1 50.9 116.4 94.2
5.066667 3 281.2 49.5 116.0 93.9
5.100000 3 281.3 48.0 115.6 93.6
5.133333 3 281.1 46.6 115.4 93.4
5.166667 3 281.0 45.4 114.9 93.0
5.200000 3 280.9 44.1 114.5 92.7
5.233333 3 280.9 44.1 114.5 92.7
5.266667 3 280.4 43.0 114.0 92.3
5.300000 3 280.5 41.8 113.3 91.8
5.333333 3 280.3 40.3 113.1 91.6
5.366667 3 280.3 39.3 112.3 90.9
5.400000 3 280.0 38.1 111.8 90.3
5.433333 3 280.0 38.1 111.8 90.3
5.466667 3 280.0 36.6 111.3 90.0
5.500000 3 280.1 35.6 110.7 89.4
5.533333 3 280.2 34.7 110.3 89.0
5.566667 3 280.4 34.0 109.6 88.4
5.600000 3 280.5 33.3 109.4 88.2
5.633333 3 280.5 33.3 109.4 88.3
5.666667 3 280.6 32.5 109.0 88.0
5.700000 3 280.7 31.9 108.8 87.9
5.733333 3 280.9 31.6 108.6 87.9
5.766667 3 280.9 31.7 108.5 87.7
5.800000 3 281.2 32.2 108.3 87.7
5.833333 3 281.2 32.2 108.3 87.7
5.866667 3 281.4 33.9 108.2 87.7
5.900000 3 281.4 37.0 108.2 87.8
5.933333 3 281.8 41.5 108.0 87.8
5.966667 3 282.3 46.8 107.8 87.6
6.000000 3 282.6 51.7 107.7 87.5
6.033333 3 282.6 51.7 107.6 87.5
6.066667 3 283.1 55.7 107.4 87.4
6.100000 3 283.1 58.8 107.4 87.4
6.133333 3 283.6 61.6 107.3 87.4
6.166667 3 283.9 64.6 107.2 87.3
6.200000 3 284.4 67.4 107.0 87.1
6.233333 3 284.4 67.4 107.0 87.1
6.266667 3 284.6 69.9 106.7 86.9
6.300000 3 285.2 72.4 106.4 86.6
6.333333 3 285.5 74.3 106.4 86.7
6.366667 3 286.1 76.1 106.1 86.4
6.400000 3 286.4 77.4 105.7 86.1
6.433333 3 286.4 77.4 105.7 86.1
6.466667 3 286.8 78.5 105.6 86.0
6.500000 3 287.2 79.3 105.2 85.8
6.533333 3 287.8 79.8 104.8 85.4
6.566667 3 288.2 79.6 104.6 85.2
6.600000 3 288.8 78.1 103.9 84.6
6.633333 3 288.8 78.1 103.9 84.6
6.666667 3 289.4 76.0 103.3 84.1
6.700000 3 290.0 72.8 103.1 83.9
6.733333 3 290.5 69.8 102.7 83.6
6.766667 3 290.9 66.6 102.5 83.4
6.800000 3 291.4 63.6 102.3 83.3
6.833333 3 291.4 63.6 102.3 83.3
6.866667 3 291.7 61.0 101.9 83.0
6.900000 3 292.1 58.4 101.8 83.0
6.933333 3 292.4 55.9 101.6 82.9
6.966667 3 292.7 53.8 101.3 82.7
7.000000 3 292.8 51.8 101.2 82.7
7.033333 3 292.8 51.8 101.2 82.7
7.066667 3 293.1 50.2 100.9 82.4
7.100000 3 293.0 48.6 101.1 82.6
7.133333 3 293.1 47.6 101.1 82.7
7.166667 3 292.8 46.7 101.4 83.0
7.200000 3 292.7 45.8 101.8 83.5
7.233333 3 292.7 45.8 101.8 83.5
7.266667 3 292.3 45.1 102.5 84.1
7.300000 3 292.3 44.5 102.7 84.4
7.333333 3 292.3 44.1 102.8 84.7
7.366667 3 292.3 43.4 103.2 85.2
7.400000 3 292.0 42.8 103.9 86.0
7.433333 3 292.0 42.8 103.9 86.0
7.466667 3 292.2 42.9 103.7 85.9
7.500000 3 291.9 42.7 104.3 86.5
7.533333 3 291.8 42.7 104.5 86.8
7.566667 3 291.2 42.1 105.5 87.9
7.600000 3 290.3 41.4 106.8 88.9
7.633333 3 290.1 41.3 107.1 89.2
7.666667 3 289.6 41.0 107.6 89.7
7.700000 3 288.7 40.1 108.8 90.9
7.733333 3 288.4 39.7 108.9 91.2
7.766667 3 288.2 39.2 108.9 91.5
7.800000 3 287.6 38.4 109.6 92.3
7.833333 3 287.5 38.4 109.7 92.3
7.866667 3 287.4 37.6 109.4 92.5
7.900000 3 287.0 36.3 109.9 93.1
7.933333 3 286.7 35.5 110.4 93.7
7.966667 3 286.2 34.2 111.3 94.7
8.000000 3 286.1 33.2 111.6 94.9
8.033333 3 286.1 33.1 111.7 95.0
8.066667 3 285.7 31.7 112.5 95.8
8.100000 3 285.2 30.6 113.3 96.6
8.133333 3 285.0 29.7 113.6 96.9
8.166667 3 284.7 28.7 113.9 97.4
8.200000 3 284.5 27.5 114.3 97.8
8.233333 3 284.5 27.5 114.3 97.8
8.266667 3 284.5 26.7 114.3 97.9
8.300000 3 284.2 25.7 115.0 98.6
8.333333 3 284.3 25.7 114.7 98.4
8.366667 3 284.1 25.2 114.7 98.5
8.400000 3 283.9 24.7 114.8 98.6
8.433333 3 283.8 24.6 114.8 98.7
8.466667 3 283.4 24.1 115.1 99.0
8.500000 3 283.3 23.5 115.0 99.0
8.533333 3 283.1 23.2 114.9 99.0
8.566667 3 282.9 23.1 114.5 98.7
8.600000 3 282.7 22.5 114.6 98.9
8.633333 3 282.7 22.5 114.6 98.9
8.666667 3 282.6 22.2 114.3 98.7
8.700000 3 282.4 22.2 114.2 98.7
8.733333 3 282.5 22.5 113.9 98.5
8.766667 3 282.5 22.4 113.6 98.2
8.800000 3 282.4 22.2 113.7 98.4
8.833333 3 282.4 22.2 113.7 98.5
8.866667 3 282.2 22.1 113.7 98.5
8.900000 3 282.5 22.3 113.3 98.2
8.933333 3 282.7 22.8 113.2 98.2
8.966667 3 282.9 23.2 113.2 98.2
9.000000 3 283.2 23.6 113.0 98.2
9.033333 3 283.2 23.6 113.0 98.2
9.066667 3 283.4 24.0 113.0 98.1
9.100000 3 283.8 25.0 112.7 97.9
9.133333 3 283.7 25.9 112.9 98.1
9.166667 3 283.8 27.1 113.3 98.6
9.200000 3 284.0 28.8 113.4 98.7
9.233333 3 284.0 28.8 113.4 98.8
9.266667 3 284.3 30.8 113.1 98.4
9.300000 3 284.6 32.4 112.7 98.1
9.333333 3 285.0 33.7 112.2 97.5
9.366667 3 285.1 34.7 112.1 97.4
9.400000 3 285.6 35.3 112.0 97.2
9.433333 3 285.6 35.3 112.0 97.2
9.466667 3 285.8 35.4 111.9 97.1
9.500000 3 286.1 35.9 111.5 96.6
9.533333 3 286.2 36.0 111.3 96.4
9.566667 3 286.2 35.9 111.3 96.3
9.600000 3 286.4 35.7 111.0 96.0
9.633333 3 286.4 35.7 111.0 96.0
9.666667 3 286.5 35.0 110.9 95.9
9.700000 3 286.6 34.2 110.6 95.7
9.733333 3 286.8 33.5 110.2 95.3
9.766667 3 286.9 33.0 109.8 94.9
9.800000 3 287.0 32.3 109.7 94.8
9.833333 3 287.0 32.3 109.7 94.8
9.866667 3 287.0 32.1 109.3 94.4
9.900000 3 287.2 31.7 108.9 94.1
9.933333 3 287.3 31.0 108.7 93.9
9.966667 3 287.4 30.1 108.7 93.8
10.000000 3 287.4 29.4 108.5 93.8
10.033333 3 287.4 29.4 108.5 93.8
10.066667 3 287.3 28.8 108.6 93.9
10.100000 3 287.2 28.0 108.3 93.6
10.133333 3 287.2 27.0 108.3 93.6
10.166667 3 287.0 26.3 108.0 93.4
10.200000 3 287.0 25.5 108.0 93.5
10.233333 3 287.0 25.5 108.0 93.5
10.266667 3 286.9 24.6 107.7 93.3
10.300000 3 286.9 23.8 107.4 93.1
10.333333 3 286.9 23.2 107.1 92.8
10.366667 3 286.7 22.4 106.9 92.6
10.400000 3 286.5 21.2 106.9 92.7
10.433333 3 286.5 21.1 106.9 92.7
10.466667 3 286.2 19.9 106.7 92.6
10.500000 3 285.8 18.6 106.6 92.5
10.533333 3 285.6 17.2 106.7 92.6
10.566667 3 285.4 16.0 106.5 92.5
10.600000 3 285.2 15.3 106.4 92.3
10.633333 3 285.2 15.3 106.4 92.3
10.666667 3 285.0 14.4 106.2 92.2
10.700000 3 284.8 14.1 106.1 92.1
10.733333 3 284.7 13.9 105.5 91.6
10.766667 3 284.6 13.6 105.1 91.2
10.800000 3 284.4 13.1 105.1 91.3
10.833333 3 284.4 13.1 105.1 91.3
