0.000000 3 370.0 311.0 34.0 22.0
0.033333 3 370.8 310.3 33.6 23.5
0.066667 3 371.0 311.0 33.9 22.1
0.100000 3 369.5 308.0 38.3 28.1
0.133333 3 370.0 308.5 37.1 27.1
0.166667 3 371.4 309.7 36.0 24.7
0.200000 3 373.6 311.5 31.9 21.3
0.233333 3 372.0 309.9 35.6 24.3
0.266667 3 370.8 308.7 39.3 26.3
0.300000 3 370.8 307.5 39.8 28.9
0.333333 3 371.8 309.1 38.5 25.6
0.366667 3 371.9 307.4 39.7 29.1
0.400000 3 371.6 307.3 39.8 29.2
0.433333 3 375.4 309.5 34.0 23.2
0.466667 3 374.5 308.7 36.3 25.8
0.500000 3 376.4 310.3 33.0 21.7
0.533333 3 374.6 308.1 37.4 25.6
0.566667 3 375.6 308.5 36.0 25.1
0.600000 3 376.7 310.0 34.4 22.6
0.633333 3 377.9 310.6 33.1 21.6
0.666667 3 378.3 310.5 32.2 21.1
0.700000 3 376.1 308.3 36.8 25.4
0.733333 3 377.4 308.8 36.0 24.2
0.766667 3 379.7 310.6 31.6 20.9
0.800000 3 379.3 310.0 33.2 22.3
0.833333 3 378.7 309.3 34.4 22.3
0.866667 3 377.0 306.9 39.1 28.1
0.900000 3 378.9 309.1 36.1 23.7
0.933333 3 380.0 309.5 34.8 23.1
0.966667 3 377.8 307.8 39.3 26.0
1.000000 3 378.5 307.5 39.2 26.4
1.033333 3 380.4 309.2 35.9 23.6
1.066667 3 381.1 309.0 35.0 24.1
1.100000 3 382.6 309.7 32.4 21.0
1.133333 3 380.6 306.7 37.5 26.7
1.166667 3 380.6 307.9 38.9 25.9
1.200000 3 381.4 308.5 38.1 24.8
1.233333 3 382.2 307.4 36.5 25.2
1.266667 3 380.9 306.0 39.2 27.9
1.300000 3 381.9 306.5 38.8 27.5
1.333333 3 382.7 307.7 38.7 25.9
1.366667 3 383.6 307.3 36.8 25.7
1.400000 3 383.0 307.2 39.0 25.3
1.433333 3 384.8 307.8 35.6 24.3
1.466667 3 384.0 305.8 38.6 28.3
1.500000 3 383.8 306.0 39.1 27.7
1.533333 3 386.0 307.4 36.1 24.0
1.566667 3 384.7 305.3 39.4 28.0
1.600000 3 386.2 306.9 36.7 25.3
1.633333 3 385.1 306.2 39.8 27.3
1.666667 3 385.8 305.3 39.1 27.9
1.700000 3 388.2 308.1 34.4 22.7
1.733333 3 386.8 305.5 38.9 27.6
1.766667 3 388.6 306.9 35.5 24.5
1.800000 3 390.2 308.2 33.1 21.7
1.833333 3 388.5 305.8 37.3 26.3
1.866667 3 390.9 308.1 33.2 21.7
1.900000 3 388.6 305.6 38.3 26.8
1.933333 3 388.1 305.4 40.2 26.9
1.966667 3 388.2 305.3 40.5 27.0
2.000000 3 389.2 305.2 39.3 27.3
2.033333 3 389.6 304.5 39.2 27.8
2.066667 3 389.0 303.9 40.9 29.0
2.100000 3 392.1 306.8 35.1 23.4
2.133333 3 391.2 305.2 37.8 26.3
2.166667 3 392.6 305.7 35.7 25.0
2.200000 3 394.3 307.4 32.6 21.1
2.233333 3 391.4 303.4 39.7 28.9
2.266667 3 393.2 305.3 36.4 25.2
2.300000 3 394.7 306.9 33.6 22.3
2.333333 3 393.8 305.9 36.2 24.2
2.366667 3 393.2 305.4 38.6 25.0
2.400000 3 393.2 304.2 39.1 27.5
2.433333 3 393.5 305.0 39.0 25.9
2.466667 3 394.1 304.4 38.8 26.6
2.500000 3 394.7 304.3 37.9 26.7
2.533333 3 394.1 302.8 40.5 28.9
2.566667 3 395.0 303.7 38.9 27.3
2.600000 3 397.6 306.1 33.8 22.4
2.633333 3 395.5 302.7 39.5 28.5
2.666667 3 395.4 302.6 40.0 28.7
2.700000 3 398.3 305.4 34.9 23.3
2.733333 3 395.8 302.6 41.0 28.6
2.766667 3 396.2 302.1 40.8 29.6
2.800000 3 396.7 302.7 41.3 27.8
2.833333 3 398.6 303.4 37.7 25.9
2.866667 3 400.7 305.2 33.9 22.4
2.900000 3 399.7 303.2 36.5 25.7
2.933333 3 401.2 304.4 34.5 23.3
2.966667 3 399.4 302.4 39.4 26.9
3.000000 3 399.7 302.3 39.6 26.9
3.033333 3 399.7 301.9 39.9 28.0
3.066667 3 398.7 300.5 43.6 30.3
3.100000 3 403.8 304.4 33.7 21.9
3.133333 3 403.0 303.0 35.9 24.5
3.166667 3 401.2 299.7 40.5 30.4
3.200000 3 405.2 304.2 32.9 21.8
3.233333 3 404.6 303.9 34.3 22.2
3.266667 3 401.8 299.8 41.4 29.9
3.300000 3 404.5 303.0 36.2 23.8
3.333333 3 402.5 300.2 41.5 29.2
3.366667 3 401.4 299.0 44.0 31.4
3.400000 3 404.5 302.1 38.1 25.1
3.433333 3 405.1 301.9 37.9 25.2
3.466667 3 403.4 299.0 41.9 30.7
3.500000 3 408.3 303.3 32.4 21.6
3.533333 3 405.4 299.1 39.6 29.7
3.566667 3 406.7 300.5 37.4 27.0
3.600000 3 409.3 303.4 32.5 21.2
3.633333 3 407.7 302.0 36.3 23.9
3.666667 3 405.5 299.0 41.8 29.5
3.700000 3 408.0 301.1 37.4 25.7
3.733333 3 407.8 301.1 38.3 25.5
3.766667 3 408.3 301.1 38.5 25.2
3.800000 3 409.5 301.1 36.4 24.8
3.833333 3 408.1 298.9 40.3 28.9
3.866667 3 411.9 302.6 33.2 21.5
3.900000 3 411.9 301.5 33.7 23.0
3.933333 3 410.4 299.4 38.1 26.9
3.966667 3 412.6 301.8 34.1 22.3
4.000000 3 409.1 296.8 42.5 31.9
4.033333 3 411.3 299.4 38.4 27.0
4.066667 3 411.6 299.9 38.7 25.8
4.100000 3 409.6 297.3 43.6 30.8
4.133333 3 412.5 299.6 38.4 26.5
4.166667 3 413.1 300.3 37.9 24.7
4.200000 3 411.5 298.1 41.9 28.9
4.233333 3 416.4 301.7 32.4 21.1
4.266667 3 415.7 300.5 34.5 23.6
4.300000 3 416.9 301.3 33.1 22.1
4.333333 3 418.0 301.9 31.2 20.4
4.366667 3 414.9 297.4 39.0 29.1
4.400000 3 418.0 301.0 32.8 22.1
4.433333 3 417.0 299.2 35.9 25.6
4.466667 3 415.0 297.3 40.8 28.9
4.500000 3 417.4 299.5 36.5 24.9
4.533333 3 417.9 300.2 36.0 23.4
4.566667 3 418.2 300.0 36.5 23.8
4.600000 3 417.6 298.3 38.0 26.8
4.633333 3 416.9 297.3 40.9 28.4
4.666667 3 419.0 299.4 36.9 24.4
4.700000 3 419.9 299.6 35.8 23.9
4.733333 3 419.0 296.7 38.6 28.6
4.766667 3 420.5 299.0 36.0 25.1
4.800000 3 422.4 300.0 32.8 22.3
4.833333 3 422.7 299.5 33.4 23.0
4.866667 3 424.1 301.0 30.8 20.1
4.900000 3 420.5 296.6 39.7 28.4
4.933333 3 423.8 299.8 33.6 22.3
4.966667 3 423.8 299.8 33.5 22.3
5.000000 3 421.6 296.6 39.2 28.5
5.033333 3 423.0 298.0 37.1 25.7
5.066667 3 422.2 296.9 40.1 27.7
5.100000 3 424.1 298.2 37.0 25.3
5.133333 3 424.1 298.2 36.8 25.4
5.166667 3 423.6 297.2 39.7 27.2
5.200000 3 425.2 298.1 36.8 25.7
5.233333 3 425.4 298.6 37.4 24.4
5.266667 3 427.4 299.1 34.2 22.8
5.300000 3 426.9 298.2 36.2 24.4
5.333333 3 426.2 297.0 38.4 26.9
5.366667 3 428.3 298.8 34.6 23.5
5.400000 3 428.2 297.3 35.6 25.6
5.433333 3 431.1 299.9 31.0 20.2
5.466667 3 431.2 299.9 30.8 20.2
5.500000 3 428.6 296.1 37.2 27.6
5.533333 3 432.3 299.9 30.7 20.2
5.566667 3 431.9 299.6 31.5 20.8
5.600000 3 432.3 299.1 32.3 21.7
5.633333 3 431.3 298.2 34.7 23.4
5.666667 3 429.5 295.6 39.7 28.4
5.700000 3 431.7 297.7 35.6 24.4
5.733333 3 431.4 297.2 36.7 25.4
5.766667 3 431.6 296.7 37.5 25.6
5.800000 3 432.5 297.1 35.9 25.0
5.833333 3 432.4 296.9 37.5 25.2
5.866667 3 434.0 298.2 34.9 22.6
5.900000 3 434.3 297.7 34.4 23.8
5.933333 3 433.2 295.6 38.1 27.5
5.966667 3 436.3 298.9 32.3 21.0
6.000000 3 436.1 297.8 33.7 22.9
6.033333 3 434.5 295.3 37.6 27.7
6.066667 3 438.3 299.0 30.6 20.1
6.100000 3 435.2 294.7 38.0 28.2
6.133333 3 438.9 298.8 31.1 20.3
6.166667 3 437.0 296.8 35.7 24.1
6.200000 3 437.4 296.9 36.1 23.9
6.233333 3 437.4 296.2 36.3 25.4
6.266667 3 439.0 297.1 34.8 22.8
6.300000 3 439.0 296.7 35.1 23.8
6.333333 3 437.1 293.4 40.5 29.9
6.366667 3 440.2 295.8 34.5 24.6
6.400000 3 440.9 296.3 33.9 23.8
6.433333 3 438.6 292.9 39.4 30.4
6.466667 3 442.4 297.0 32.1 22.1
6.500000 3 440.5 294.0 37.1 27.9
6.533333 3 441.7 294.9 35.3 25.9
6.566667 3 442.1 294.8 35.7 26.2
6.600000 3 443.5 296.8 34.1 22.2
6.633333 3 441.2 293.5 40.1 28.4
6.666667 3 444.2 296.5 34.6 22.8
6.700000 3 443.5 295.2 37.2 24.7
6.733333 3 443.0 294.3 38.9 26.7
6.766667 3 444.0 294.7 38.1 25.8
6.800000 3 443.7 293.6 39.4 27.7
6.833333 3 447.3 295.7 32.9 22.9
6.866667 3 445.1 292.1 38.4 29.7
6.900000 3 449.5 296.9 30.2 20.3
6.933333 3 448.0 294.8 33.7 24.5
6.966667 3 449.3 295.4 33.0 23.0
7.000000 3 446.7 291.9 39.0 29.8
7.033333 3 449.7 295.6 33.4 22.5
7.066667 3 448.0 292.8 38.3 27.8
7.100000 3 447.4 292.2 40.1 28.7
7.133333 3 450.4 295.1 34.7 23.0
7.166667 3 448.2 291.7 40.1 29.4
7.200000 3 453.1 295.9 30.7 20.6
7.233333 3 452.6 295.0 32.3 22.4
7.266667 3 452.1 293.3 34.5 25.2
7.300000 3 451.1 291.2 38.1 29.2
7.333333 3 452.9 293.1 35.0 25.6
7.366667 3 453.9 294.7 33.9 22.3
7.400000 3 450.9 290.8 40.8 29.7
7.433333 3 454.1 293.8 35.1 23.7
7.466667 3 453.6 293.0 36.9 25.1
7.500000 3 452.4 290.0 40.0 30.4
7.533333 3 455.0 292.1 36.1 26.1
7.566667 3 457.0 293.5 32.8 23.1
7.600000 3 456.2 291.9 35.5 26.2
7.633333 3 456.0 291.0 36.8 27.8
7.666667 3 458.4 294.3 32.7 21.2
7.700000 3 455.5 290.4 39.3 28.8
7.733333 3 457.8 292.7 35.8 24.3
7.766667 3 456.5 290.8 39.3 27.5
7.800000 3 460.6 294.0 31.9 20.8
7.833333 3 458.1 289.7 38.6 28.9
7.866667 3 460.5 291.6 34.8 25.1
7.900000 3 458.5 288.2 39.8 31.2
7.933333 3 463.0 293.4 31.2 21.2
7.966667 3 459.6 288.9 39.2 29.8
8.000000 3 463.2 293.2 32.6 21.4
8.033333 3 461.2 290.3 38.6 26.7
8.066667 3 462.9 291.8 35.5 23.7
8.100000 3 462.1 290.0 38.8 27.1
8.133333 3 465.0 292.5 33.2 21.9
8.166667 3 461.7 286.5 41.2 32.8
8.200000 3 464.3 289.4 36.2 27.1
8.233333 3 462.5 286.5 41.7 32.5
8.266667 3 465.2 289.7 36.6 26.2
8.300000 3 464.6 289.2 38.9 27.0
8.333333 3 464.1 288.2 40.8 29.0
8.366667 3 466.3 290.1 37.3 25.0
8.400000 3 468.1 289.7 34.8 24.9
8.433333 3 469.1 290.5 33.1 23.2
8.466667 3 465.1 284.8 42.4 34.1
8.500000 3 469.5 290.2 34.1 23.4
8.533333 3 467.7 287.7 38.7 28.1
8.566667 3 468.9 289.3 37.4 25.0
8.600000 3 469.7 289.9 36.2 23.5
8.633333 3 468.1 286.9 40.9 29.1
8.666667 3 471.9 289.5 33.5 23.3
8.700000 3 467.2 282.7 44.5 36.0
8.733333 3 471.6 288.0 35.9 25.8
8.766667 3 468.1 283.9 44.5 33.6
8.800000 3 472.0 288.4 37.6 24.8
8.833333 3 469.4 284.4 43.9 32.2
8.866667 3 473.9 287.8 35.4 24.8
8.900000 3 473.2 286.4 37.5 27.5
8.933333 3 474.3 287.5 36.7 24.8
8.966667 3 471.1 283.2 44.6 32.7
9.000000 3 475.0 287.6 37.3 24.3
9.033333 3 475.9 287.1 35.8 24.5
9.066667 3 474.1 283.8 41.0 30.9
9.100000 3 477.7 287.3 34.1 23.7
9.133333 3 473.6 281.6 43.7 34.7
9.166667 3 478.9 287.5 33.5 23.0
9.200000 3 474.2 281.7 44.7 34.0
9.233333 3 478.0 287.3 35.5 23.1
9.266667 3 475.1 284.0 40.9 29.6
9.300000 3 476.4 285.7 34.8 24.6
9.333333 3 477.3 286.3 34.7 23.3
9.366667 3 476.8 285.4 36.2 25.1
9.400000 3 475.8 285.3 35.4 25.3
9.433333 3 456.4 283.7 39.3 28.2
9.466667 3 445.8 283.5 36.3 26.8
9.500000 3 425.5 284.9 36.1 23.7
9.533333 3 419.0 285.8 35.2 24.0
9.566667 3 399.0 281.5 41.0 31.3
9.600000 3 371.2 280.0 44.5 33.0
9.633333 3 362.7 283.5 36.4 25.6
9.666667 3 342.9 286.3 35.4 23.1
9.700000 3 329.1 281.2 40.2 31.4
9.733333 3 303.8 280.3 38.5 29.3
9.766667 3 294.3 283.5 34.5 22.7
9.800000 3 285.5 284.0 34.1 22.7
9.833333 3 267.1 284.0 35.4 23.0
9.866667 3 251.4 279.0 41.9 30.8
9.900000 3 229.9 280.2 35.6 23.2
9.933333 3 216.7 277.7 38.8 28.8
9.966667 3 212.9 278.8 41.3 29.3
10.000000 3 211.6 280.5 36.6 24.2
10.033333 3 209.9 279.3 35.8 25.3
10.066667 3 212.2 279.6 35.2 24.7
