0.000000 3 411.0 284.0 28.0 31.0
0.033333 3 411.1 283.4 28.0 31.1
0.066667 3 411.3 282.8 28.0 31.3
0.100000 3 411.4 282.2 28.0 31.4
0.133333 3 411.5 281.6 28.0 31.5
0.166667 3 411.7 281.0 28.0 31.7
0.200000 3 411.8 280.4 28.0 31.8
0.233333 3 411.9 279.8 28.0 31.9
0.266667 3 412.1 279.2 28.0 32.1
0.300000 3 412.2 278.6 28.0 32.2
0.333333 3 412.3 278.0 28.0 32.3
0.366667 3 412.5 277.4 28.0 32.5
0.400000 3 412.6 276.8 28.0 32.6
0.433333 3 412.7 276.2 28.0 32.7
0.466667 3 412.9 275.6 28.0 32.9
0.500000 3 413.0 275.0 28.0 33.0
0.533333 3 413.1 274.6 27.8 32.6
0.566667 3 413.1 274.2 27.5 32.3
0.600000 3 413.2 273.8 27.3 31.9
0.633333 3 413.2 273.4 27.1 31.6
0.666667 3 413.3 272.9 26.8 31.2
0.700000 3 413.4 272.5 26.6 30.9
0.733333 3 413.4 272.1 26.4 30.5
0.766667 3 413.5 271.7 26.1 30.2
0.800000 3 413.5 271.3 25.9 29.8
0.833333 3 413.6 270.9 25.6 29.5
0.866667 3 413.6 270.5 25.4 29.1
0.900000 3 413.7 270.1 25.2 28.8
0.933333 3 413.8 269.6 24.9 28.4
0.966667 3 413.8 269.2 24.7 28.1
1.000000 3 413.9 268.8 24.5 27.7
1.033333 3 413.9 268.4 24.2 27.4
1.066667 3 414.0 268.0 24.0 27.0
1.100000 3 414.0 267.5 23.9 27.2
1.133333 3 414.1 267.0 23.8 27.5
1.166667 3 414.1 266.5 23.7 27.8
1.200000 3 414.2 266.0 23.7 28.0
1.233333 3 414.2 265.5 23.6 28.2
1.266667 3 414.2 265.0 23.5 28.5
1.300000 3 414.3 264.5 23.4 28.8
1.333333 3 414.3 264.0 23.3 29.0
1.366667 3 414.4 263.5 23.2 29.2
1.400000 3 414.4 263.0 23.2 29.5
1.433333 3 414.5 262.5 23.1 29.8
1.466667 3 414.5 262.0 23.0 30.0
1.500000 3 414.5 261.5 22.9 30.2
1.533333 3 414.6 261.0 22.8 30.5
1.566667 3 414.6 260.5 22.7 30.8
1.600000 3 414.7 260.0 22.7 31.0
1.633333 3 414.7 259.5 22.6 31.2
1.666667 3 414.7 259.0 22.5 31.5
1.700000 3 414.8 258.5 22.4 31.8
1.733333 3 414.8 258.0 22.3 32.0
1.766667 3 414.9 257.5 22.2 32.2
1.800000 3 414.9 257.0 22.2 32.5
1.833333 3 415.0 256.5 22.1 32.8
1.866667 3 415.0 256.0 22.0 33.0
1.900000 3 414.8 255.7 22.2 33.0
1.933333 3 414.6 255.5 22.4 32.9
1.966667 3 414.4 255.2 22.6 32.9
2.000000 3 414.1 255.0 22.9 32.9
2.033333 3 413.9 254.7 23.1 32.8
2.066667 3 413.7 254.5 23.3 32.8
2.100000 3 413.5 254.2 23.5 32.7
2.133333 3 413.3 254.0 23.7 32.7
2.166667 3 413.1 253.7 23.9 32.7
2.200000 3 412.9 253.5 24.1 32.6
2.233333 3 412.6 253.2 24.4 32.6
2.266667 3 412.4 253.0 24.6 32.6
2.300000 3 412.2 252.7 24.8 32.5
2.333333 3 412.0 252.5 25.0 32.5
2.366667 3 411.8 252.2 25.2 32.5
2.400000 3 411.6 252.0 25.4 32.4
2.433333 3 411.4 251.7 25.6 32.4
2.466667 3 411.1 251.5 25.9 32.4
2.500000 3 410.9 251.2 26.1 32.3
2.533333 3 410.7 251.0 26.3 32.3
2.566667 3 410.5 250.7 26.5 32.2
2.600000 3 410.3 250.5 26.7 32.2
2.633333 3 410.1 250.2 26.9 32.2
2.666667 3 409.9 250.0 27.1 32.1
2.700000 3 409.6 249.7 27.4 32.1
2.733333 3 409.4 249.5 27.6 32.1
2.766667 3 409.2 249.2 27.8 32.0
2.800000 3 409.0 249.0 28.0 32.0
2.833333 3 409.0 248.8 28.0 31.9
2.866667 3 409.0 248.5 28.0 31.8
2.900000 3 409.0 248.3 28.0 31.8
2.933333 3 409.1 248.1 27.9 31.7
2.966667 3 409.1 247.9 27.9 31.6
3.000000 3 409.1 247.6 27.9 31.5
3.033333 3 409.1 247.4 27.9 31.4
3.066667 3 409.1 247.2 27.9 31.4
3.100000 3 409.1 247.0 27.9 31.3
3.133333 3 409.1 246.7 27.9 31.2
3.166667 3 409.1 246.5 27.9 31.1
3.200000 3 409.2 246.3 27.8 31.0
3.233333 3 409.2 246.1 27.8 31.0
3.266667 3 409.2 245.8 27.8 30.9
3.300000 3 409.2 245.6 27.8 30.8
3.333333 3 409.2 245.4 27.8 30.7
3.366667 3 409.2 245.1 27.8 30.6
3.400000 3 409.2 244.9 27.8 30.6
3.433333 3 409.3 244.7 27.7 30.5
3.466667 3 409.3 244.5 27.7 30.4
3.500000 3 409.3 244.2 27.7 30.3
3.533333 3 409.3 244.0 27.7 30.2
3.566667 3 409.3 243.8 27.7 30.2
3.600000 3 409.3 243.6 27.7 30.1
3.633333 3 409.3 243.3 27.7 30.0
3.666667 3 409.3 243.1 27.7 29.9
3.700000 3 409.4 242.9 27.6 29.8
3.733333 3 409.4 242.7 27.6 29.8
3.766667 3 409.4 242.4 27.6 29.7
3.800000 3 409.4 242.2 27.6 29.6
3.833333 3 409.4 242.0 27.6 29.5
3.866667 3 409.4 241.7 27.6 29.4
3.900000 3 409.4 241.5 27.6 29.4
3.933333 3 409.5 241.3 27.5 29.3
3.966667 3 409.5 241.1 27.5 29.2
4.000000 3 409.5 240.8 27.5 29.1
4.033333 3 409.5 240.6 27.5 29.0
4.066667 3 409.5 240.4 27.5 29.0
4.100000 3 409.5 240.2 27.5 28.9
4.133333 3 409.5 239.9 27.5 28.8
4.166667 3 409.5 239.7 27.5 28.7
4.200000 3 409.6 239.5 27.4 28.6
4.233333 3 409.6 239.3 27.4 28.6
4.266667 3 409.6 239.0 27.4 28.5
4.300000 3 409.6 238.8 27.4 28.4
4.333333 3 409.6 238.6 27.4 28.3
4.366667 3 409.6 238.3 27.4 28.2
4.400000 3 409.6 238.1 27.4 28.2
4.433333 3 409.7 237.9 27.3 28.1
4.466667 3 409.7 237.7 27.3 28.0
4.500000 3 409.7 237.4 27.3 27.9
4.533333 3 409.7 237.2 27.3 27.8
4.566667 3 409.7 237.0 27.3 27.8
4.600000 3 409.7 236.8 27.3 27.7
4.633333 3 409.7 236.5 27.3 27.6
4.666667 3 409.7 236.3 27.3 27.5
4.700000 3 409.8 236.1 27.2 27.4
4.733333 3 409.8 235.9 27.2 27.4
4.766667 3 409.8 235.6 27.2 27.3
4.800000 3 409.8 235.4 27.2 27.2
4.833333 3 409.8 235.2 27.2 27.1
4.866667 3 409.8 234.9 27.2 27.0
4.900000 3 409.8 234.7 27.2 27.0
4.933333 3 409.9 234.5 27.1 26.9
4.966667 3 409.9 234.3 27.1 26.8
5.000000 3 409.9 234.0 27.1 26.7
5.033333 3 409.9 233.8 27.1 26.6
5.066667 3 409.9 233.6 27.1 26.6
5.100000 3 409.9 233.4 27.1 26.5
5.133333 3 409.9 233.1 27.1 26.4
5.166667 3 409.9 232.9 27.1 26.3
5.200000 3 410.0 232.7 27.0 26.2
5.233333 3 410.0 232.5 27.0 26.2
5.266667 3 410.0 232.2 27.0 26.1
5.300000 3 410.0 232.0 27.0 26.0
5.333333 3 410.0 231.7 26.9 26.1
5.366667 3 410.0 231.5 26.8 26.1
5.400000 3 409.9 231.2 26.7 26.2
5.433333 3 409.9 231.0 26.6 26.2
5.466667 3 409.9 230.7 26.5 26.3
5.500000 3 409.9 230.5 26.4 26.4
5.533333 3 409.9 230.2 26.3 26.4
5.566667 3 409.8 230.0 26.2 26.5
5.600000 3 409.8 229.7 26.1 26.5
5.633333 3 409.8 229.5 26.0 26.6
5.666667 3 409.8 229.2 25.9 26.6
5.700000 3 409.8 228.9 25.8 26.7
5.733333 3 409.7 228.7 25.7 26.8
5.766667 3 409.7 228.4 25.6 26.8
5.800000 3 409.7 228.2 25.5 26.9
5.833333 3 409.7 227.9 25.4 26.9
5.866667 3 409.7 227.7 25.3 27.0
5.900000 3 409.6 227.4 25.2 27.1
5.933333 3 409.6 227.2 25.1 27.1
5.966667 3 409.6 226.9 25.0 27.2
6.000000 3 409.6 226.6 24.9 27.2
6.033333 3 409.6 226.4 24.8 27.3
6.066667 3 409.5 226.1 24.7 27.4
6.100000 3 409.5 225.9 24.6 27.4
6.133333 3 409.5 225.6 24.5 27.5
6.166667 3 409.5 225.4 24.5 27.5
6.200000 3 409.5 225.1 24.4 27.6
6.233333 3 409.5 224.9 24.3 27.6
6.266667 3 409.4 224.6 24.2 27.7
6.300000 3 409.4 224.4 24.1 27.8
6.333333 3 409.4 224.1 24.0 27.8
6.366667 3 409.4 223.8 23.9 27.9
6.400000 3 409.4 223.6 23.8 27.9
6.433333 3 409.3 223.3 23.7 28.0
6.466667 3 409.3 223.1 23.6 28.1
6.500000 3 409.3 222.8 23.5 28.1
6.533333 3 409.3 222.6 23.4 28.2
6.566667 3 409.3 222.3 23.3 28.2
6.600000 3 409.2 222.1 23.2 28.3
6.633333 3 409.2 221.8 23.1 28.4
6.666667 3 409.2 221.5 23.0 28.4
6.700000 3 409.2 221.3 22.9 28.5
6.733333 3 409.2 221.0 22.8 28.5
6.766667 3 409.1 220.8 22.7 28.6
6.800000 3 409.1 220.5 22.6 28.6
6.833333 3 409.1 220.3 22.5 28.7
6.866667 3 409.1 220.0 22.4 28.8
6.900000 3 409.1 219.8 22.3 28.8
6.933333 3 409.0 219.5 22.2 28.9
6.966667 3 409.0 219.3 22.1 28.9
7.000000 3 409.0 219.0 22.0 29.0
7.033333 3 409.0 218.9 22.1 29.0
7.066667 3 408.9 218.7 22.2 29.0
7.100000 3 408.9 218.6 22.2 29.1
7.133333 3 408.9 218.5 22.3 29.1
7.166667 3 408.9 218.3 22.4 29.1
7.200000 3 408.8 218.2 22.5 29.1
7.233333 3 408.8 218.0 22.5 29.1
7.266667 3 408.8 217.9 22.6 29.2
7.300000 3 408.7 217.8 22.7 29.2
7.333333 3 408.7 217.6 22.8 29.2
7.366667 3 408.7 217.5 22.9 29.2
7.400000 3 408.6 217.4 22.9 29.2
7.433333 3 408.6 217.2 23.0 29.3
7.466667 3 408.6 217.1 23.1 29.3
7.500000 3 408.6 216.9 23.2 29.3
7.533333 3 408.5 216.8 23.3 29.3
7.566667 3 408.5 216.7 23.3 29.3
7.600000 3 408.5 216.5 23.4 29.4
7.633333 3 408.4 216.4 23.5 29.4
7.666667 3 408.4 216.3 23.6 29.4
7.700000 3 408.4 216.1 23.6 29.4
7.733333 3 408.4 216.0 23.7 29.4
7.766667 3 408.3 215.8 23.8 29.5
7.800000 3 408.3 215.7 23.9 29.5
7.833333 3 408.3 215.6 24.0 29.5
7.866667 3 408.2 215.4 24.0 29.5
7.900000 3 408.2 215.3 24.1 29.5
7.933333 3 408.2 215.2 24.2 29.5
7.966667 3 408.1 215.0 24.3 29.6
8.000000 3 408.1 214.9 24.4 29.6
8.033333 3 408.1 214.7 24.4 29.6
8.066667 3 408.1 214.6 24.5 29.6
8.100000 3 408.0 214.5 24.6 29.6
8.133333 3 408.0 214.3 24.7 29.7
8.166667 3 408.0 214.2 24.7 29.7
8.200000 3 407.9 214.1 24.8 29.7
8.233333 3 407.9 213.9 24.9 29.7
8.266667 3 407.9 213.8 25.0 29.7
8.300000 3 407.9 213.6 25.1 29.8
8.333333 3 407.8 213.5 25.1 29.8
8.366667 3 407.8 213.4 25.2 29.8
8.400000 3 407.8 213.2 25.3 29.8
8.433333 3 407.7 213.1 25.4 29.8
8.466667 3 407.7 213.0 25.5 29.9
8.500000 3 407.7 212.8 25.5 29.9
8.533333 3 407.6 212.7 25.6 29.9
8.566667 3 407.6 212.5 25.7 29.9
8.600000 3 407.6 212.4 25.8 29.9
8.633333 3 407.6 212.3 25.8 30.0
8.666667 3 407.5 212.1 25.9 30.0
8.700000 3 407.5 212.0 26.0 30.0
8.733333 3 407.5 211.9 26.1 30.0
8.766667 3 407.4 211.7 26.2 30.0
8.800000 3 407.4 211.6 26.2 30.1
8.833333 3 407.4 211.5 26.3 30.1
8.866667 3 407.4 211.3 26.4 30.1
8.900000 3 407.3 211.2 26.5 30.1
8.933333 3 407.3 211.0 26.5 30.1
8.966667 3 407.3 210.9 26.6 30.2
9.000000 3 407.2 210.8 26.7 30.2
9.033333 3 407.2 210.6 26.8 30.2
9.066667 3 407.2 210.5 26.9 30.2
9.100000 3 407.1 210.4 26.9 30.2
9.133333 3 407.1 210.2 27.0 30.3
9.166667 3 407.1 210.1 27.1 30.3
9.200000 3 407.1 209.9 27.2 30.3
9.233333 3 407.0 209.8 27.3 30.3
9.266667 3 407.0 209.7 27.3 30.3
9.300000 3 407.0 209.5 27.4 30.4
9.333333 3 406.9 209.4 27.5 30.4
9.366667 3 406.9 209.3 27.6 30.4
9.400000 3 406.9 209.1 27.6 30.4
9.433333 3 406.9 209.0 27.7 30.4
9.466667 3 406.8 208.8 27.8 30.5
9.500000 3 406.8 208.7 27.9 30.5
9.533333 3 406.8 208.6 28.0 30.5
9.566667 3 406.7 208.4 28.0 30.5
9.600000 3 406.7 208.3 28.1 30.5
9.633333 3 406.7 208.2 28.2 30.5
9.666667 3 406.6 208.0 28.3 30.6
9.700000 3 406.6 207.9 28.4 30.6
9.733333 3 406.6 207.7 28.4 30.6
9.766667 3 406.6 207.6 28.5 30.6
9.800000 3 406.5 207.5 28.6 30.6
9.833333 3 406.5 207.3 28.7 30.7
9.866667 3 406.5 207.2 28.7 30.7
9.900000 3 406.4 207.1 28.8 30.7
9.933333 3 406.4 206.9 28.9 30.7
9.966667 3 406.4 206.8 29.0 30.7
10.000000 3 406.4 206.6 29.1 30.8
10.033333 3 406.3 206.5 29.1 30.8
10.066667 3 406.3 206.4 29.2 30.8
10.100000 3 406.3 206.2 29.3 30.8
10.133333 3 406.2 206.1 29.4 30.8
10.166667 3 406.2 206.0 29.5 30.9
10.200000 3 406.2 205.8 29.5 30.9
10.233333 3 406.1 205.7 29.6 30.9
10.266667 3 406.1 205.5 29.7 30.9
10.300000 3 406.1 205.4 29.8 30.9
10.333333 3 406.1 205.3 29.8 31.0
10.366667 3 406.0 205.1 29.9 31.0
10.400000 3 406.0 205.0 30.0 31.0
