0.000000 3 338.0 329.0 34.0 31.0
0.033333 3 338.1 329.0 34.0 31.0
0.066667 3 338.3 328.9 34.0 31.0
0.100000 3 338.4 328.9 34.1 31.0
0.133333 3 338.5 328.9 34.1 31.0
0.166667 3 338.7 328.8 34.1 31.1
0.200000 3 338.8 328.8 34.1 31.1
0.233333 3 338.9 328.7 34.2 31.1
0.266667 3 339.1 328.7 34.2 31.1
0.300000 3 339.2 328.7 34.2 31.1
0.333333 3 339.3 328.6 34.2 31.1
0.366667 3 339.5 328.6 34.3 31.1
0.400000 3 339.6 328.6 34.3 31.1
0.433333 3 339.7 328.5 34.3 31.2
0.466667 3 339.9 328.5 34.3 31.2
0.500000 3 340.0 328.5 34.4 31.2
0.533333 3 340.1 328.4 34.4 31.2
0.566667 3 340.3 328.4 34.4 31.2
0.600000 3 340.4 328.3 34.4 31.2
0.633333 3 340.5 328.3 34.5 31.2
0.666667 3 340.7 328.3 34.5 31.2
0.700000 3 340.8 328.2 34.5 31.3
0.733333 3 341.0 328.2 34.5 31.3
0.766667 3 341.1 328.2 34.6 31.3
0.800000 3 341.2 328.1 34.6 31.3
0.833333 3 341.4 328.1 34.6 31.3
0.866667 3 341.5 328.0 34.6 31.3
0.900000 3 341.6 328.0 34.7 31.3
0.933333 3 341.8 328.0 34.7 31.3
0.966667 3 341.9 327.9 34.7 31.4
1.000000 3 342.0 327.9 34.7 31.4
1.033333 3 342.2 327.9 34.8 31.4
1.066667 3 342.3 327.8 34.8 31.4
1.100000 3 342.4 327.8 34.8 31.4
1.133333 3 342.6 327.8 34.8 31.4
1.166667 3 342.7 327.7 34.9 31.4
1.200000 3 342.8 327.7 34.9 31.4
1.233333 3 343.0 327.6 34.9 31.5
1.266667 3 343.1 327.6 34.9 31.5
1.300000 3 343.2 327.6 35.0 31.5
1.333333 3 343.4 327.5 35.0 31.5
1.366667 3 343.5 327.5 35.0 31.5
1.400000 3 343.6 327.5 35.0 31.5
1.433333 3 343.8 327.4 35.0 31.5
1.466667 3 343.9 327.4 35.1 31.5
1.500000 3 344.0 327.4 35.1 31.5
1.533333 3 344.2 327.3 35.1 31.6
1.566667 3 344.3 327.3 35.1 31.6
1.600000 3 344.4 327.2 35.2 31.6
1.633333 3 344.6 327.2 35.2 31.6
1.666667 3 344.7 327.2 35.2 31.6
1.700000 3 344.8 327.1 35.2 31.6
1.733333 3 345.0 327.1 35.3 31.6
1.766667 3 345.1 327.1 35.3 31.6
1.800000 3 345.2 327.0 35.3 31.7
1.833333 3 345.4 327.0 35.3 31.7
1.866667 3 345.5 327.0 35.4 31.7
1.900000 3 345.6 326.9 35.4 31.7
1.933333 3 345.8 326.9 35.4 31.7
1.966667 3 345.9 326.8 35.4 31.7
2.000000 3 346.0 326.8 35.5 31.7
2.033333 3 346.2 326.8 35.5 31.7
2.066667 3 346.3 326.7 35.5 31.8
2.100000 3 346.5 326.7 35.5 31.8
2.133333 3 346.6 326.7 35.6 31.8
2.166667 3 346.7 326.6 35.6 31.8
2.200000 3 346.9 326.6 35.6 31.8
2.233333 3 347.0 326.5 35.6 31.8
2.266667 3 347.1 326.5 35.7 31.8
2.300000 3 347.3 326.5 35.7 31.8
2.333333 3 347.4 326.4 35.7 31.9
2.366667 3 347.5 326.4 35.7 31.9
2.400000 3 347.7 326.4 35.8 31.9
2.433333 3 347.8 326.3 35.8 31.9
2.466667 3 347.9 326.3 35.8 31.9
2.500000 3 348.1 326.3 35.8 31.9
2.533333 3 348.2 326.2 35.9 31.9
2.566667 3 348.3 326.2 35.9 31.9
2.600000 3 348.5 326.1 35.9 32.0
2.633333 3 348.6 326.1 35.9 32.0
2.666667 3 348.7 326.1 36.0 32.0
2.700000 3 348.9 326.0 36.0 32.0
2.733333 3 349.0 326.0 36.0 32.0
2.766667 3 349.2 326.1 35.9 31.9
2.800000 3 349.3 326.1 35.9 31.9
2.833333 3 349.5 326.2 35.8 31.8
2.866667 3 349.6 326.2 35.7 31.7
2.900000 3 349.8 326.3 35.7 31.7
2.933333 3 349.9 326.3 35.6 31.6
2.966667 3 350.1 326.4 35.6 31.6
3.000000 3 350.2 326.4 35.5 31.5
3.033333 3 350.4 326.5 35.4 31.4
3.066667 3 350.5 326.5 35.4 31.4
3.100000 3 350.7 326.6 35.3 31.3
3.133333 3 350.8 326.6 35.2 31.2
3.166667 3 351.0 326.7 35.2 31.2
3.200000 3 351.1 326.7 35.1 31.1
3.233333 3 351.3 326.8 35.1 31.1
3.266667 3 351.4 326.8 35.0 31.0
3.300000 3 351.6 326.9 34.9 30.9
3.333333 3 351.7 326.9 34.9 30.9
3.366667 3 351.9 327.0 34.8 30.8
3.400000 3 352.0 327.0 34.7 30.7
3.433333 3 352.2 327.1 34.7 30.7
3.466667 3 352.3 327.1 34.6 30.6
3.500000 3 352.5 327.2 34.6 30.6
3.533333 3 352.6 327.2 34.5 30.5
3.566667 3 352.8 327.3 34.4 30.4
3.600000 3 352.9 327.3 34.4 30.4
3.633333 3 353.1 327.4 34.3 30.3
3.666667 3 353.2 327.4 34.2 30.2
3.700000 3 353.4 327.5 34.2 30.2
3.733333 3 353.5 327.5 34.1 30.1
3.766667 3 353.7 327.6 34.1 30.1
3.800000 3 353.8 327.6 34.0 30.0
3.833333 3 354.0 327.7 33.9 29.9
3.866667 3 354.1 327.7 33.9 29.9
3.900000 3 354.3 327.8 33.8 29.8
3.933333 3 354.4 327.8 33.7 29.7
3.966667 3 354.6 327.9 33.7 29.7
4.000000 3 354.7 327.9 33.6 29.6
4.033333 3 354.9 328.0 33.6 29.6
4.066667 3 355.0 328.0 33.5 29.5
4.100000 3 355.2 328.1 33.4 29.4
4.133333 3 355.3 328.1 33.4 29.4
4.166667 3 355.5 328.2 33.3 29.3
4.200000 3 355.6 328.2 33.2 29.2
4.233333 3 355.8 328.3 33.2 29.2
4.266667 3 355.9 328.3 33.1 29.1
4.300000 3 356.1 328.4 33.1 29.1
4.333333 3 356.2 328.4 33.0 29.0
4.366667 3 356.4 328.5 32.9 28.9
4.400000 3 356.5 328.5 32.9 28.9
4.433333 3 356.7 328.6 32.8 28.8
4.466667 3 356.8 328.6 32.7 28.7
4.500000 3 357.0 328.7 32.7 28.7
4.533333 3 357.1 328.7 32.6 28.6
4.566667 3 357.3 328.8 32.6 28.6
4.600000 3 357.4 328.8 32.5 28.5
4.633333 3 357.6 328.9 32.4 28.4
4.666667 3 357.7 328.9 32.4 28.4
4.700000 3 357.9 329.0 32.3 28.3
4.733333 3 358.0 329.0 32.2 28.2
4.766667 3 358.2 329.1 32.2 28.2
4.800000 3 358.3 329.1 32.1 28.1
4.833333 3 358.5 329.2 32.1 28.1
4.866667 3 358.6 329.2 32.0 28.0
4.900000 3 358.8 329.3 31.9 27.9
4.933333 3 358.9 329.3 31.9 27.9
4.966667 3 359.1 329.4 31.8 27.8
5.000000 3 359.2 329.4 31.7 27.7
5.033333 3 359.4 329.5 31.7 27.7
5.066667 3 359.5 329.5 31.6 27.6
5.100000 3 359.7 329.6 31.6 27.6
5.133333 3 359.8 329.6 31.5 27.5
5.166667 3 360.0 329.7 31.4 27.4
5.200000 3 360.1 329.7 31.4 27.4
5.233333 3 360.3 329.8 31.3 27.3
5.266667 3 360.4 329.8 31.2 27.2
5.300000 3 360.6 329.9 31.2 27.2
5.333333 3 360.7 329.9 31.1 27.1
5.366667 3 360.9 330.0 31.1 27.1
5.400000 3 361.0 330.0 31.0 27.0
5.433333 3 361.1 330.0 31.0 27.0
5.466667 3 361.3 330.0 31.0 27.0
5.500000 3 361.4 330.0 31.0 27.0
5.533333 3 361.6 330.0 31.0 27.0
5.566667 3 361.7 330.0 30.9 27.0
5.600000 3 361.9 330.0 30.9 27.0
5.633333 3 362.0 330.0 30.9 27.0
5.666667 3 362.2 330.0 30.9 27.0
5.700000 3 362.3 330.0 30.9 27.0
5.733333 3 362.5 330.0 30.9 27.0
5.766667 3 362.6 330.0 30.9 27.0
5.800000 3 362.8 330.0 30.9 27.0
5.833333 3 362.9 330.0 30.8 27.0
5.866667 3 363.0 330.0 30.8 27.0
5.900000 3 363.2 330.0 30.8 27.0
5.933333 3 363.3 330.0 30.8 27.0
5.966667 3 363.5 330.0 30.8 27.0
6.000000 3 363.6 330.0 30.8 27.0
6.033333 3 363.8 330.0 30.8 27.0
6.066667 3 363.9 330.0 30.8 27.0
6.100000 3 364.1 330.0 30.7 27.0
6.133333 3 364.2 330.0 30.7 27.0
6.166667 3 364.4 330.0 30.7 27.0
6.200000 3 364.5 330.0 30.7 27.0
6.233333 3 364.7 330.0 30.7 27.0
6.266667 3 364.8 330.0 30.7 27.0
6.300000 3 365.0 330.0 30.7 27.0
6.333333 3 365.1 330.0 30.7 27.0
6.366667 3 365.2 330.0 30.6 27.0
6.400000 3 365.4 330.0 30.6 27.0
6.433333 3 365.5 330.0 30.6 27.0
6.466667 3 365.7 330.0 30.6 27.0
6.500000 3 365.8 330.0 30.6 27.0
6.533333 3 366.0 330.0 30.6 27.0
6.566667 3 366.1 330.0 30.6 27.0
6.600000 3 366.3 330.0 30.6 27.0
6.633333 3 366.4 330.0 30.5 27.0
6.666667 3 366.6 330.0 30.5 27.0
6.700000 3 366.7 330.0 30.5 27.0
6.733333 3 366.9 330.0 30.5 27.0
6.766667 3 367.0 330.0 30.5 27.0
6.800000 3 367.1 330.0 30.5 27.0
6.833333 3 367.3 330.0 30.5 27.0
6.866667 3 367.4 330.0 30.5 27.0
6.900000 3 367.6 330.0 30.5 27.0
6.933333 3 367.7 330.0 30.4 27.0
6.966667 3 367.9 330.0 30.4 27.0
7.000000 3 368.0 330.0 30.4 27.0
7.033333 3 368.2 330.0 30.4 27.0
7.066667 3 368.3 330.0 30.4 27.0
7.100000 3 368.5 330.0 30.4 27.0
7.133333 3 368.6 330.0 30.4 27.0
7.166667 3 368.8 330.0 30.4 27.0
7.200000 3 368.9 330.0 30.3 27.0
7.233333 3 369.0 330.0 30.3 27.0
7.266667 3 369.2 330.0 30.3 27.0
7.300000 3 369.3 330.0 30.3 27.0
7.333333 3 369.5 330.0 30.3 27.0
7.366667 3 369.6 330.0 30.3 27.0
7.400000 3 369.8 330.0 30.3 27.0
7.433333 3 369.9 330.0 30.3 27.0
7.466667 3 370.1 330.0 30.2 27.0
7.500000 3 370.2 330.0 30.2 27.0
7.533333 3 370.4 330.0 30.2 27.0
7.566667 3 370.5 330.0 30.2 27.0
7.600000 3 370.7 330.0 30.2 27.0
7.633333 3 370.8 330.0 30.2 27.0
7.666667 3 371.0 330.0 30.2 27.0
7.700000 3 371.1 330.0 30.2 27.0
7.733333 3 371.2 330.0 30.1 27.0
7.766667 3 371.4 330.0 30.1 27.0
7.800000 3 371.5 330.0 30.1 27.0
7.833333 3 371.7 330.0 30.1 27.0
7.866667 3 371.8 330.0 30.1 27.0
7.900000 3 372.0 330.0 30.1 27.0
7.933333 3 372.1 330.0 30.1 27.0
7.966667 3 372.3 330.0 30.1 27.0
8.000000 3 372.4 330.0 30.0 27.0
8.033333 3 372.6 330.0 30.0 27.0
8.066667 3 372.7 330.0 30.0 27.0
8.100000 3 372.9 330.0 30.0 27.0
8.133333 3 373.0 330.0 30.0 27.0
8.166667 3 373.2 330.0 29.9 27.0
8.200000 3 373.3 330.0 29.9 26.9
8.233333 3 373.5 330.0 29.8 26.9
8.266667 3 373.6 330.0 29.7 26.9
8.300000 3 373.8 330.0 29.7 26.9
8.333333 3 373.9 330.0 29.6 26.8
8.366667 3 374.1 330.0 29.6 26.8
8.400000 3 374.2 330.0 29.5 26.8
8.433333 3 374.4 330.0 29.4 26.8
8.466667 3 374.5 330.0 29.4 26.7
8.500000 3 374.7 330.0 29.3 26.7
8.533333 3 374.8 330.0 29.2 26.7
8.566667 3 375.0 330.0 29.2 26.7
8.600000 3 375.1 330.0 29.1 26.6
8.633333 3 375.3 330.0 29.1 26.6
8.666667 3 375.4 330.0 29.0 26.6
8.700000 3 375.6 330.0 28.9 26.6
8.733333 3 375.7 330.0 28.9 26.5
8.766667 3 375.9 330.0 28.8 26.5
8.800000 3 376.0 330.0 28.7 26.5
8.833333 3 376.2 330.0 28.7 26.5
8.866667 3 376.3 330.0 28.6 26.4
8.900000 3 376.5 330.0 28.5 26.4
8.933333 3 376.6 330.0 28.5 26.4
8.966667 3 376.8 330.0 28.4 26.4
9.000000 3 376.9 330.0 28.4 26.3
9.033333 3 377.1 330.0 28.3 26.3
9.066667 3 377.3 330.0 28.2 26.3
9.100000 3 377.4 330.0 28.2 26.3
9.133333 3 377.6 330.0 28.1 26.2
9.166667 3 377.7 330.0 28.0 26.2
9.200000 3 377.9 330.0 28.0 26.2
9.233333 3 378.0 330.0 27.9 26.2
9.266667 3 378.2 330.0 27.8 26.1
9.300000 3 378.3 330.0 27.8 26.1
9.333333 3 378.5 330.0 27.7 26.1
9.366667 3 378.6 330.0 27.7 26.1
9.400000 3 378.8 330.0 27.6 26.0
9.433333 3 378.9 330.0 27.5 26.0
9.466667 3 379.1 330.0 27.5 26.0
9.500000 3 379.2 330.0 27.4 26.0
9.533333 3 379.4 330.0 27.3 25.9
9.566667 3 379.5 330.0 27.3 25.9
9.600000 3 379.7 330.0 27.2 25.9
9.633333 3 379.8 330.0 27.2 25.9
9.666667 3 380.0 330.0 27.1 25.8
9.700000 3 380.1 330.0 27.0 25.8
9.733333 3 380.3 330.0 27.0 25.8
9.766667 3 380.4 330.0 26.9 25.8
9.800000 3 380.6 330.0 26.8 25.7
9.833333 3 380.7 330.0 26.8 25.7
9.866667 3 380.9 330.0 26.7 25.7
9.900000 3 381.1 330.0 26.6 25.7
9.933333 3 381.2 330.0 26.6 25.6
9.966667 3 381.4 330.0 26.5 25.6
10.000000 3 381.5 330.0 26.5 25.6
10.033333 3 381.7 330.0 26.4 25.6
10.066667 3 381.8 330.0 26.3 25.5
10.100000 3 382.0 330.0 26.3 25.5
10.133333 3 382.1 330.0 26.2 25.5
10.166667 3 382.3 330.0 26.1 25.5
10.200000 3 382.4 330.0 26.1 25.4
10.233333 3 382.6 330.0 26.0 25.4
10.266667 3 382.7 330.0 25.9 25.4
10.300000 3 382.9 330.0 25.9 25.4
10.333333 3 383.0 330.0 25.8 25.3
10.366667 3 383.2 330.0 25.8 25.3
10.400000 3 383.3 330.0 25.7 25.3
10.433333 3 383.5 330.0 25.6 25.3
10.466667 3 383.6 330.0 25.6 25.2
10.500000 3 383.8 330.0 25.5 25.2
10.533333 3 383.9 330.0 25.4 25.2
10.566667 3 384.1 330.0 25.4 25.2
10.600000 3 384.2 330.0 25.3 25.1
10.633333 3 384.4 330.0 25.3 25.1
10.666667 3 384.5 330.0 25.2 25.1
10.700000 3 384.7 330.0 25.1 25.1
10.733333 3 384.8 330.0 25.1 25.0
10.766667 3 385.0 330.0 25.0 25.0
