0.033333 3 251.0 203.0 154.0 108.0
0.066667 3 249.7 202.7 155.7 107.8
0.100000 3 248.3 202.3 157.5 107.7
0.133333 3 247.0 202.0 159.2 107.5
0.166667 3 245.7 201.7 161.0 107.3
0.200000 3 244.3 201.3 162.7 107.2
0.233333 3 243.0 201.0 164.5 107.0
0.266667 3 241.7 200.7 166.2 106.8
0.300000 3 240.3 200.3 168.0 106.7
0.333333 3 239.0 200.0 169.7 106.5
0.366667 3 237.7 199.7 171.5 106.3
0.400000 3 236.3 199.3 173.2 106.2
0.433333 3 235.0 199.0 175.0 106.0
0.466667 3 235.8 199.0 174.8 106.0
0.500000 3 236.5 199.0 174.7 106.0
0.533333 3 237.3 199.0 174.5 106.0
0.566667 3 238.1 199.0 174.4 106.0
0.600000 3 238.8 199.0 174.2 106.0
0.633333 3 239.6 199.0 174.1 106.0
0.666667 3 240.4 199.0 173.9 106.0
0.700000 3 241.2 199.0 173.8 106.0
0.733333 3 241.9 199.0 173.6 106.0
0.766667 3 242.7 199.0 173.5 106.0
0.800000 3 243.5 199.0 173.3 106.0
0.833333 3 244.2 199.0 173.2 106.0
0.866667 3 245.0 199.0 173.0 106.0
0.900000 3 245.0 198.7 173.5 106.2
0.933333 3 245.0 198.4 174.0 106.4
0.966667 3 245.0 198.1 174.5 106.6
1.000000 3 245.0 197.9 175.0 106.9
1.033333 3 245.0 197.6 175.5 107.1
1.066667 3 245.0 197.3 176.0 107.3
1.100000 3 245.0 197.0 176.5 107.5
1.133333 3 245.0 196.7 177.0 107.7
1.166667 3 245.0 196.4 177.5 107.9
1.200000 3 245.0 196.1 178.0 108.1
1.233333 3 245.0 195.9 178.5 108.4
1.266667 3 245.0 195.6 179.0 108.6
1.300000 3 245.0 195.3 179.5 108.8
1.333333 3 245.0 195.0 180.0 109.0
1.366667 3 244.6 195.0 180.0 109.1
1.400000 3 244.1 195.0 180.0 109.1
1.433333 3 243.7 195.0 180.0 109.2
1.466667 3 243.3 195.0 180.0 109.3
1.500000 3 242.9 195.0 180.0 109.4
1.533333 3 242.4 195.0 180.0 109.4
1.566667 3 242.0 195.0 180.0 109.5
1.600000 3 241.6 195.0 180.0 109.6
1.633333 3 241.1 195.0 180.0 109.6
1.666667 3 240.7 195.0 180.0 109.7
1.700000 3 240.3 195.0 180.0 109.8
1.733333 3 239.9 195.0 180.0 109.9
1.766667 3 239.4 195.0 180.0 109.9
1.800000 3 239.0 195.0 180.0 110.0
1.833333 3 238.4 194.9 180.9 110.6
1.866667 3 237.8 194.7 181.7 111.2
1.900000 3 237.2 194.6 182.6 111.8
1.933333 3 236.6 194.5 183.5 112.4
1.966667 3 236.0 194.3 184.3 113.0
2.000000 3 235.4 194.2 185.2 113.6
2.033333 3 234.8 194.1 186.1 114.2
2.066667 3 234.2 193.9 186.9 114.8
2.100000 3 233.6 193.8 187.8 115.4
2.133333 3 233.0 193.7 188.7 116.0
2.166667 3 232.4 193.5 189.5 116.6
2.200000 3 231.8 193.4 190.4 117.2
2.233333 3 231.2 193.3 191.3 117.8
2.266667 3 230.6 193.1 192.1 118.4
2.300000 3 230.0 193.0 193.0 119.0
2.333333 3 229.7 192.9 192.6 119.1
2.366667 3 229.3 192.8 192.2 119.2
2.400000 3 229.0 192.7 191.8 119.3
2.433333 3 228.6 192.7 191.4 119.3
2.466667 3 228.3 192.6 191.0 119.4
2.500000 3 227.9 192.5 190.7 119.5
2.533333 3 227.6 192.4 190.3 119.6
2.566667 3 227.2 192.3 189.9 119.7
2.600000 3 226.9 192.2 189.5 119.8
2.633333 3 226.5 192.1 189.1 119.9
2.666667 3 226.2 192.0 188.7 120.0
2.700000 3 225.8 192.0 188.3 120.0
2.733333 3 225.5 191.9 187.9 120.1
2.766667 3 225.1 191.8 187.5 120.2
2.800000 3 224.8 191.7 187.1 120.3
2.833333 3 224.4 191.6 186.7 120.4
2.866667 3 224.1 191.5 186.3 120.5
2.900000 3 223.7 191.4 186.0 120.6
2.933333 3 223.4 191.3 185.6 120.7
2.966667 3 223.0 191.3 185.2 120.7
3.000000 3 222.7 191.2 184.8 120.8
3.033333 3 222.3 191.1 184.4 120.9
3.066667 3 222.0 191.0 184.0 121.0
3.100000 3 221.3 190.6 184.6 121.1
3.133333 3 220.6 190.1 185.3 121.3
3.166667 3 219.9 189.7 185.9 121.4
3.200000 3 219.1 189.3 186.6 121.6
3.233333 3 218.4 188.9 187.2 121.7
3.266667 3 217.7 188.4 187.9 121.9
3.300000 3 217.0 188.0 188.5 122.0
3.333333 3 216.3 187.6 189.1 122.1
3.366667 3 215.6 187.1 189.8 122.3
3.400000 3 214.9 186.7 190.4 122.4
3.433333 3 214.1 186.3 191.1 122.6
3.466667 3 213.4 185.9 191.7 122.7
3.500000 3 212.7 185.4 192.4 122.9
3.533333 3 212.0 185.0 193.0 123.0
3.566667 3 211.3 185.2 194.2 123.0
3.600000 3 210.6 185.3 195.3 123.0
3.633333 3 209.9 185.5 196.5 123.0
3.666667 3 209.2 185.6 197.6 123.0
3.700000 3 208.5 185.8 198.8 123.0
3.733333 3 207.8 185.9 199.9 123.0
3.766667 3 207.2 186.1 201.1 123.0
3.800000 3 206.5 186.2 202.2 123.0
3.833333 3 205.8 186.4 203.4 123.0
3.866667 3 205.1 186.5 204.5 123.0
3.900000 3 204.4 186.7 205.7 123.0
3.933333 3 203.7 186.8 206.8 123.0
3.966667 3 203.0 187.0 208.0 123.0
4.000000 3 202.6 186.0 207.5 123.5
4.033333 3 202.2 185.0 206.9 124.1
4.066667 3 201.8 184.0 206.4 124.6
4.100000 3 201.4 183.0 205.9 125.1
4.133333 3 201.0 182.0 205.3 125.7
4.166667 3 200.6 181.0 204.8 126.2
4.200000 3 200.2 180.0 204.3 126.7
4.233333 3 199.8 179.0 203.7 127.3
4.266667 3 199.4 178.0 203.2 127.8
4.300000 3 199.0 177.0 202.7 128.3
4.333333 3 198.6 176.0 202.1 128.9
4.366667 3 198.2 175.0 201.6 129.4
4.400000 3 197.8 174.0 201.1 129.9
4.433333 3 197.4 173.0 200.5 130.5
4.466667 3 197.0 172.0 200.0 131.0
4.500000 3 196.2 172.5 200.0 130.7
4.533333 3 195.5 173.0 200.0 130.5
4.566667 3 194.7 173.5 200.0 130.2
4.600000 3 194.0 174.0 200.0 130.0
4.633333 3 193.2 174.5 200.0 129.7
4.666667 3 192.5 175.0 200.0 129.5
4.700000 3 191.7 175.5 200.0 129.2
4.733333 3 191.0 176.0 200.0 129.0
4.766667 3 190.2 176.5 200.0 128.7
4.800000 3 189.5 177.0 200.0 128.5
4.833333 3 188.7 177.5 200.0 128.2
4.866667 3 188.0 178.0 200.0 128.0
4.900000 3 187.4 178.6 200.7 128.2
4.933333 3 186.8 179.2 201.3 128.4
4.966667 3 186.2 179.8 202.0 128.6
5.000000 3 185.6 180.4 202.7 128.8
5.033333 3 185.0 181.0 203.3 129.0
5.066667 3 184.4 181.6 204.0 129.2
5.100000 3 183.8 182.2 204.7 129.4
5.133333 3 183.2 182.8 205.3 129.6
5.166667 3 182.6 183.4 206.0 129.8
5.200000 3 182.0 184.0 206.7 130.0
5.233333 3 181.4 184.6 207.3 130.2
5.266667 3 180.8 185.2 208.0 130.4
5.300000 3 180.2 185.8 208.7 130.6
5.333333 3 179.6 186.4 209.3 130.8
5.366667 3 179.0 187.0 210.0 131.0
5.400000 3 178.3 187.3 210.3 131.1
5.433333 3 177.7 187.5 210.5 131.2
5.466667 3 177.0 187.8 210.8 131.3
5.500000 3 176.3 188.0 211.0 131.3
5.533333 3 175.7 188.3 211.3 131.4
5.566667 3 175.0 188.5 211.5 131.5
5.600000 3 174.3 188.8 211.8 131.6
5.633333 3 173.7 189.0 212.0 131.7
5.666667 3 173.0 189.3 212.3 131.8
5.700000 3 172.3 189.5 212.5 131.8
5.733333 3 171.7 189.8 212.8 131.9
5.766667 3 171.0 190.0 213.0 132.0
5.800000 3 172.2 190.1 212.2 132.8
5.833333 3 173.3 190.2 211.3 133.5
5.866667 3 174.5 190.3 210.5 134.3
5.900000 3 175.7 190.3 209.7 135.0
5.933333 3 176.8 190.4 208.8 135.8
5.966667 3 178.0 190.5 208.0 136.5
6.000000 3 179.2 190.6 207.2 137.3
6.033333 3 180.3 190.7 206.3 138.0
6.066667 3 181.5 190.8 205.5 138.8
6.100000 3 182.7 190.8 204.7 139.5
6.133333 3 183.8 190.9 203.8 140.3
6.166667 3 185.0 191.0 203.0 141.0
6.200000 3 184.1 191.7 204.6 140.5
6.233333 3 183.2 192.4 206.2 139.9
6.266667 3 182.2 193.1 207.8 139.4
6.300000 3 181.3 193.8 209.5 138.8
6.333333 3 180.4 194.5 211.1 138.3
6.366667 3 179.5 195.2 212.7 137.8
6.400000 3 178.5 195.8 214.3 137.2
6.433333 3 177.6 196.5 215.9 136.7
6.466667 3 176.7 197.2 217.5 136.2
6.500000 3 175.8 197.9 219.2 135.6
6.533333 3 174.8 198.6 220.8 135.1
6.566667 3 173.9 199.3 222.4 134.5
6.600000 3 173.0 200.0 224.0 134.0
6.633333 3 172.8 200.1 224.4 134.1
6.666667 3 172.5 200.2 224.8 134.2
6.700000 3 172.3 200.4 225.2 134.4
6.733333 3 172.1 200.5 225.6 134.5
6.766667 3 171.8 200.6 226.1 134.6
6.800000 3 171.6 200.7 226.5 134.7
6.833333 3 171.4 200.8 226.9 134.8
6.866667 3 171.1 200.9 227.3 134.9
6.900000 3 170.9 201.1 227.7 135.1
6.933333 3 170.6 201.2 228.1 135.2
6.966667 3 170.4 201.3 228.5 135.3
7.000000 3 170.2 201.4 228.9 135.4
7.033333 3 169.9 201.5 229.4 135.5
7.066667 3 169.7 201.6 229.8 135.6
7.100000 3 169.5 201.8 230.2 135.8
7.133333 3 169.2 201.9 230.6 135.9
7.166667 3 169.0 202.0 231.0 136.0
7.200000 3 169.1 201.9 231.2 136.4
7.233333 3 169.2 201.9 231.5 136.7
7.266667 3 169.4 201.8 231.7 137.1
7.300000 3 169.5 201.8 232.0 137.5
7.333333 3 169.6 201.7 232.2 137.9
7.366667 3 169.7 201.6 232.5 138.2
7.400000 3 169.9 201.6 232.7 138.6
7.433333 3 170.0 201.5 233.0 139.0
7.466667 3 170.1 201.4 233.2 139.4
7.500000 3 170.2 201.4 233.5 139.7
7.533333 3 170.4 201.3 233.7 140.1
7.566667 3 170.5 201.3 234.0 140.5
7.600000 3 170.6 201.2 234.2 140.9
7.633333 3 170.7 201.1 234.5 141.2
7.666667 3 170.9 201.1 234.7 141.6
7.700000 3 171.0 201.0 235.0 142.0
7.733333 3 171.9 200.9 235.1 141.9
7.766667 3 172.8 200.8 235.2 141.8
7.800000 3 173.8 200.8 235.2 141.8
7.833333 3 174.7 200.7 235.3 141.7
7.866667 3 175.6 200.6 235.4 141.6
7.900000 3 176.5 200.5 235.5 141.5
7.933333 3 177.5 200.5 235.5 141.5
7.966667 3 178.4 200.4 235.6 141.4
8.000000 3 179.3 200.3 235.7 141.3
8.033333 3 180.2 200.2 235.8 141.2
8.066667 3 181.2 200.2 235.8 141.2
8.100000 3 182.1 200.1 235.9 141.1
8.133333 3 183.0 200.0 236.0 141.0
8.166667 3 183.3 199.5 236.3 141.6
8.200000 3 183.5 199.1 236.6 142.3
8.233333 3 183.8 198.6 236.9 142.9
8.266667 3 184.1 198.1 237.3 143.5
8.300000 3 184.3 197.6 237.6 144.2
8.333333 3 184.6 197.2 237.9 144.8
8.366667 3 184.8 196.7 238.2 145.4
8.400000 3 185.1 196.2 238.5 146.1
8.433333 3 185.4 195.7 238.8 146.7
8.466667 3 185.6 195.3 239.2 147.3
8.500000 3 185.9 194.8 239.5 147.9
8.533333 3 186.2 194.3 239.8 148.6
8.566667 3 186.4 193.8 240.1 149.2
8.600000 3 186.7 193.4 240.4 149.8
8.633333 3 186.9 192.9 240.7 150.5
8.666667 3 187.2 192.4 241.1 151.1
8.700000 3 187.5 191.9 241.4 151.7
8.733333 3 187.7 191.5 241.7 152.4
8.766667 3 188.0 191.0 242.0 153.0
8.800000 3 187.0 191.2 242.4 152.8
8.833333 3 186.0 191.4 242.9 152.6
8.866667 3 185.0 191.6 243.3 152.4
8.900000 3 184.0 191.9 243.7 152.1
8.933333 3 183.0 192.1 244.1 151.9
8.966667 3 182.0 192.3 244.6 151.7
9.000000 3 181.0 192.5 245.0 151.5
9.033333 3 180.0 192.7 245.4 151.3
9.066667 3 179.0 192.9 245.9 151.1
9.100000 3 178.0 193.1 246.3 150.9
9.133333 3 177.0 193.4 246.7 150.6
9.166667 3 176.0 193.6 247.1 150.4
9.200000 3 175.0 193.8 247.6 150.2
9.233333 3 174.0 194.0 248.0 150.0
9.266667 3 173.1 194.1 248.5 149.8
9.300000 3 172.3 194.2 248.9 149.7
9.333333 3 171.4 194.3 249.4 149.5
9.366667 3 170.6 194.4 249.8 149.4
9.400000 3 169.7 194.5 250.3 149.2
9.433333 3 168.9 194.6 250.7 149.1
9.466667 3 168.0 194.7 251.2 148.9
9.500000 3 167.2 194.8 251.6 148.8
9.533333 3 166.3 194.9 252.1 148.6
9.566667 3 165.5 195.0 252.5 148.5
9.600000 3 164.6 195.1 253.0 148.3
9.633333 3 163.8 195.2 253.4 148.2
9.666667 3 162.9 195.3 253.9 148.0
9.700000 3 162.1 195.4 254.3 147.9
9.733333 3 161.2 195.5 254.8 147.7
9.766667 3 160.4 195.6 255.2 147.6
9.800000 3 159.5 195.7 255.7 147.4
9.833333 3 158.7 195.8 256.1 147.3
9.866667 3 157.8 195.9 256.6 147.1
9.900000 3 157.0 196.0 257.0 147.0
9.933333 3 157.3 195.3 257.0 147.5
9.966667 3 157.7 194.6 257.0 148.0
10.000000 3 158.0 193.9 257.0 148.6
10.033333 3 158.3 193.1 257.0 149.1
10.066667 3 158.7 192.4 257.0 149.6
10.100000 3 159.0 191.7 257.0 150.1
10.133333 3 159.3 191.0 257.0 150.7
10.166667 3 159.7 190.3 257.0 151.2
10.200000 3 160.0 189.6 257.0 151.7
10.233333 3 160.3 188.9 257.0 152.2
10.266667 3 160.7 188.1 257.0 152.8
10.300000 3 161.0 187.4 257.0 153.3
10.333333 3 161.3 186.7 257.0 153.8
10.366667 3 161.7 186.0 257.0 154.3
10.400000 3 162.0 185.3 257.0 154.9
10.433333 3 162.3 184.6 257.0 155.4
10.466667 3 162.7 183.9 257.0 155.9
10.500000 3 163.0 183.1 257.0 156.4
10.533333 3 163.3 182.4 257.0 157.0
10.566667 3 163.7 181.7 257.0 157.5
10.600000 3 164.0 181.0 257.0 158.0
