0.033333 3 246.0 196.0 106.0 74.0
0.066667 3 244.1 195.4 108.4 74.6
0.100000 3 242.3 194.9 110.9 75.1
0.133333 3 240.4 194.3 113.3 75.7
0.166667 3 238.6 193.7 115.7 76.3
0.200000 3 236.7 193.1 118.1 76.9
0.233333 3 234.9 192.6 120.6 77.4
0.266667 3 233.0 192.0 123.0 78.0
0.300000 3 233.7 191.6 122.2 78.1
0.333333 3 234.4 191.3 121.4 78.3
0.366667 3 235.1 190.9 120.6 78.4
0.400000 3 235.9 190.6 119.9 78.6
0.433333 3 236.6 190.2 119.1 78.7
0.466667 3 237.3 189.9 118.3 78.9
0.500000 3 238.0 189.5 117.5 79.0
0.533333 3 238.7 189.1 116.7 79.1
0.566667 3 239.4 188.8 115.9 79.3
0.600000 3 240.1 188.4 115.1 79.4
0.633333 3 240.9 188.1 114.4 79.6
0.666667 3 241.6 187.7 113.6 79.7
0.700000 3 242.3 187.4 112.8 79.9
0.733333 3 243.0 187.0 112.0 80.0
0.766667 3 241.9 186.7 112.8 80.2
0.800000 3 240.8 186.3 113.6 80.4
0.833333 3 239.7 186.0 114.3 80.7
0.866667 3 238.6 185.7 115.1 80.9
0.900000 3 237.4 185.3 115.9 81.1
0.933333 3 236.3 185.0 116.7 81.3
0.966667 3 235.2 184.7 117.4 81.6
1.000000 3 234.1 184.3 118.2 81.8
1.033333 3 233.0 184.0 119.0 82.0
1.066667 3 233.0 184.6 118.8 81.5
1.100000 3 233.0 185.1 118.6 81.0
1.133333 3 233.0 185.7 118.4 80.5
1.166667 3 233.0 186.3 118.1 80.0
1.200000 3 233.0 186.9 117.9 79.5
1.233333 3 233.0 187.4 117.7 79.0
1.266667 3 233.0 188.0 117.5 78.5
1.300000 3 233.0 188.6 117.3 78.0
1.333333 3 233.0 189.1 117.1 77.5
1.366667 3 233.0 189.7 116.9 77.0
1.400000 3 233.0 190.3 116.6 76.5
1.433333 3 233.0 190.9 116.4 76.0
1.466667 3 233.0 191.4 116.2 75.5
1.500000 3 233.0 192.0 116.0 75.0
1.533333 3 232.4 191.6 115.5 75.4
1.566667 3 231.8 191.2 115.0 75.8
1.600000 3 231.2 190.8 114.5 76.2
1.633333 3 230.6 190.4 114.0 76.6
1.666667 3 230.0 190.0 113.5 77.0
1.700000 3 229.4 189.6 113.0 77.4
1.733333 3 228.8 189.2 112.5 77.8
1.766667 3 228.2 188.8 112.0 78.2
1.800000 3 227.6 188.4 111.5 78.6
1.833333 3 227.0 188.0 111.0 79.0
1.866667 3 227.4 189.0 112.3 78.9
1.900000 3 227.8 190.0 113.5 78.7
1.933333 3 228.1 191.0 114.8 78.6
1.966667 3 228.5 192.0 116.0 78.5
2.000000 3 228.9 193.0 117.3 78.4
2.033333 3 229.3 194.0 118.5 78.2
2.066667 3 229.6 195.0 119.8 78.1
2.100000 3 230.0 196.0 121.0 78.0
2.133333 3 231.1 196.2 120.4 77.8
2.166667 3 232.2 196.3 119.8 77.5
2.200000 3 233.2 196.5 119.2 77.3
2.233333 3 234.3 196.6 118.5 77.1
2.266667 3 235.4 196.8 117.9 76.8
2.300000 3 236.5 196.9 117.3 76.6
2.333333 3 237.5 197.1 116.7 76.4
2.366667 3 238.6 197.2 116.1 76.2
2.400000 3 239.7 197.4 115.5 75.9
2.433333 3 240.8 197.5 114.8 75.7
2.466667 3 241.8 197.7 114.2 75.5
2.500000 3 242.9 197.8 113.6 75.2
2.533333 3 244.0 198.0 113.0 75.0
2.566667 3 243.0 198.0 114.7 75.6
2.600000 3 242.0 198.0 116.4 76.1
2.633333 3 241.0 198.0 118.1 76.7
2.666667 3 240.0 198.0 119.9 77.3
2.700000 3 239.0 198.0 121.6 77.9
2.733333 3 238.0 198.0 123.3 78.4
2.766667 3 237.0 198.0 125.0 79.0
2.800000 3 236.0 198.0 126.7 79.6
2.833333 3 235.0 198.0 128.4 80.1
2.866667 3 234.0 198.0 130.1 80.7
2.900000 3 233.0 198.0 131.9 81.3
2.933333 3 232.0 198.0 133.6 81.9
2.966667 3 231.0 198.0 135.3 82.4
3.000000 3 230.0 198.0 137.0 83.0
3.033333 3 229.7 198.1 135.8 82.7
3.066667 3 229.4 198.2 134.6 82.4
3.100000 3 229.1 198.3 133.4 82.1
3.133333 3 228.8 198.4 132.2 81.8
3.166667 3 228.5 198.5 131.0 81.5
3.200000 3 228.2 198.6 129.8 81.2
3.233333 3 227.9 198.7 128.6 80.9
3.266667 3 227.6 198.8 127.4 80.6
3.300000 3 227.3 198.9 126.2 80.3
3.333333 3 227.0 199.0 125.0 80.0
3.366667 3 228.8 199.5 124.7 80.5
3.400000 3 230.6 200.0 124.4 81.0
3.433333 3 232.4 200.5 124.1 81.5
3.466667 3 234.2 201.0 123.8 82.0
3.500000 3 236.0 201.5 123.5 82.5
3.533333 3 237.8 202.0 123.2 83.0
3.566667 3 239.6 202.5 122.9 83.5
3.600000 3 241.4 203.0 122.6 84.0
3.633333 3 243.2 203.5 122.3 84.5
3.666667 3 245.0 204.0 122.0 85.0
3.700000 3 247.2 203.6 121.4 85.1
3.733333 3 249.4 203.1 120.9 85.2
3.766667 3 251.7 202.7 120.3 85.3
3.800000 3 253.9 202.2 119.8 85.4
3.833333 3 256.1 201.8 119.2 85.6
3.866667 3 258.3 201.3 118.7 85.7
3.900000 3 260.6 200.9 118.1 85.8
3.933333 3 262.8 200.4 117.6 85.9
3.966667 3 265.0 200.0 117.0 86.0
4.000000 3 264.0 199.4 118.4 86.6
4.033333 3 263.0 198.8 119.7 87.2
4.066667 3 262.0 198.1 121.1 87.9
4.100000 3 261.0 197.5 122.5 88.5
4.133333 3 260.0 196.9 123.9 89.1
4.166667 3 259.0 196.3 125.2 89.7
4.200000 3 258.0 195.6 126.6 90.4
4.233333 3 257.0 195.0 128.0 91.0
4.266667 3 256.0 194.4 129.4 91.6
4.300000 3 255.0 193.8 130.7 92.2
4.333333 3 254.0 193.1 132.1 92.9
4.366667 3 253.0 192.5 133.5 93.5
4.400000 3 252.0 191.9 134.9 94.1
4.433333 3 251.0 191.3 136.2 94.7
4.466667 3 250.0 190.6 137.6 95.4
4.500000 3 249.0 190.0 139.0 96.0
4.533333 3 248.5 190.1 138.2 95.6
4.566667 3 248.0 190.1 137.4 95.3
4.600000 3 247.5 190.2 136.6 94.9
4.633333 3 247.0 190.2 135.8 94.5
4.666667 3 246.5 190.3 134.9 94.1
4.700000 3 246.0 190.4 134.1 93.8
4.733333 3 245.5 190.4 133.3 93.4
4.766667 3 245.0 190.5 132.5 93.0
4.800000 3 244.5 190.6 131.7 92.6
4.833333 3 244.0 190.6 130.9 92.3
4.866667 3 243.5 190.7 130.1 91.9
4.900000 3 243.0 190.7 129.3 91.5
4.933333 3 242.5 190.8 128.4 91.1
4.966667 3 242.0 190.9 127.6 90.8
5.000000 3 241.5 190.9 126.8 90.4
5.033333 3 241.0 191.0 126.0 90.0
5.066667 3 239.8 190.8 127.4 90.8
5.100000 3 238.5 190.5 128.8 91.7
5.133333 3 237.2 190.2 130.3 92.5
5.166667 3 236.0 190.0 131.7 93.3
5.200000 3 234.8 189.8 133.1 94.2
5.233333 3 233.5 189.5 134.5 95.0
5.266667 3 232.2 189.2 135.9 95.8
5.300000 3 231.0 189.0 137.3 96.7
5.333333 3 229.8 188.8 138.8 97.5
5.366667 3 228.5 188.5 140.2 98.3
5.400000 3 227.2 188.2 141.6 99.2
5.433333 3 226.0 188.0 143.0 100.0
5.466667 3 224.9 187.4 143.5 99.7
5.500000 3 223.9 186.8 143.9 99.3
5.533333 3 222.8 186.2 144.4 99.0
5.566667 3 221.7 185.6 144.9 98.7
5.600000 3 220.7 185.0 145.3 98.3
5.633333 3 219.6 184.4 145.8 98.0
5.666667 3 218.5 183.8 146.3 97.7
5.700000 3 217.5 183.2 146.7 97.3
5.733333 3 216.4 182.6 147.2 97.0
5.766667 3 215.3 182.0 147.7 96.7
5.800000 3 214.3 181.4 148.1 96.3
5.833333 3 213.2 180.8 148.6 96.0
5.866667 3 212.1 180.2 149.1 95.7
5.900000 3 211.1 179.6 149.5 95.3
5.933333 3 210.0 179.0 150.0 95.0
5.966667 3 212.2 179.5 148.5 94.8
6.000000 3 214.4 179.9 146.9 94.6
6.033333 3 216.5 180.4 145.4 94.5
6.066667 3 218.7 180.8 143.8 94.3
6.100000 3 220.9 181.3 142.3 94.1
6.133333 3 223.1 181.7 140.7 93.9
6.166667 3 225.3 182.2 139.2 93.7
6.200000 3 227.5 182.6 137.6 93.5
6.233333 3 229.6 183.1 136.1 93.4
6.266667 3 231.8 183.5 134.5 93.2
6.300000 3 234.0 184.0 133.0 93.0
6.333333 3 233.7 184.8 134.5 93.2
6.366667 3 233.4 185.7 136.1 93.3
6.400000 3 233.1 186.5 137.6 93.5
6.433333 3 232.8 187.4 139.2 93.6
6.466667 3 232.5 188.2 140.7 93.8
6.500000 3 232.2 189.1 142.2 93.9
6.533333 3 231.8 189.9 143.8 94.1
6.566667 3 231.5 190.8 145.3 94.2
6.600000 3 231.2 191.6 146.8 94.4
6.633333 3 230.9 192.5 148.4 94.5
6.666667 3 230.6 193.3 149.9 94.7
6.700000 3 230.3 194.2 151.5 94.8
6.733333 3 230.0 195.0 153.0 95.0
6.766667 3 231.0 195.7 152.2 95.2
6.800000 3 232.0 196.3 151.3 95.5
6.833333 3 233.0 197.0 150.5 95.8
6.866667 3 234.0 197.7 149.7 96.0
6.900000 3 235.0 198.3 148.8 96.2
6.933333 3 236.0 199.0 148.0 96.5
6.966667 3 237.0 199.7 147.2 96.8
7.000000 3 238.0 200.3 146.3 97.0
7.033333 3 239.0 201.0 145.5 97.2
7.066667 3 240.0 201.7 144.7 97.5
7.100000 3 241.0 202.3 143.8 97.8
7.133333 3 242.0 203.0 143.0 98.0
7.166667 3 242.0 202.7 143.6 98.9
7.200000 3 242.0 202.5 144.3 99.8
7.233333 3 242.0 202.2 144.9 100.7
7.266667 3 242.0 201.9 145.5 101.6
7.300000 3 242.0 201.6 146.2 102.5
7.333333 3 242.0 201.4 146.8 103.5
7.366667 3 242.0 201.1 147.5 104.4
7.400000 3 242.0 200.8 148.1 105.3
7.433333 3 242.0 200.5 148.7 106.2
7.466667 3 242.0 200.3 149.4 107.1
7.500000 3 242.0 200.0 150.0 108.0
7.533333 3 241.2 199.8 151.6 108.5
7.566667 3 240.4 199.6 153.3 109.0
7.600000 3 239.6 199.4 154.9 109.5
7.633333 3 238.9 199.1 156.6 110.0
7.666667 3 238.1 198.9 158.2 110.5
7.700000 3 237.3 198.7 159.9 111.0
7.733333 3 236.5 198.5 161.5 111.5
7.766667 3 235.7 198.3 163.1 112.0
7.800000 3 234.9 198.1 164.8 112.5
7.833333 3 234.1 197.9 166.4 113.0
7.866667 3 233.4 197.6 168.1 113.5
7.900000 3 232.6 197.4 169.7 114.0
7.933333 3 231.8 197.2 171.4 114.5
7.966667 3 231.0 197.0 173.0 115.0
8.000000 3 231.2 196.8 172.6 115.2
8.033333 3 231.4 196.6 172.2 115.3
8.066667 3 231.6 196.4 171.7 115.5
8.100000 3 231.8 196.2 171.3 115.6
8.133333 3 232.1 195.9 170.9 115.8
8.166667 3 232.3 195.7 170.5 115.9
8.200000 3 232.5 195.5 170.1 116.1
8.233333 3 232.7 195.3 169.6 116.3
8.266667 3 232.9 195.1 169.2 116.4
8.300000 3 233.1 194.9 168.8 116.6
8.333333 3 233.3 194.7 168.4 116.7
8.366667 3 233.5 194.5 167.9 116.9
8.400000 3 233.7 194.3 167.5 117.1
8.433333 3 233.9 194.1 167.1 117.2
8.466667 3 234.2 193.8 166.7 117.4
8.500000 3 234.4 193.6 166.3 117.5
8.533333 3 234.6 193.4 165.8 117.7
8.566667 3 234.8 193.2 165.4 117.8
8.600000 3 235.0 193.0 165.0 118.0
8.633333 3 235.2 193.2 165.4 117.9
8.666667 3 235.4 193.4 165.7 117.8
8.700000 3 235.5 193.5 166.1 117.7
8.733333 3 235.7 193.7 166.5 117.6
8.766667 3 235.9 193.9 166.8 117.5
8.800000 3 236.1 194.1 167.2 117.5
8.833333 3 236.3 194.3 167.5 117.4
8.866667 3 236.5 194.5 167.9 117.3
8.900000 3 236.6 194.6 168.3 117.2
8.933333 3 236.8 194.8 168.6 117.1
8.966667 3 237.0 195.0 169.0 117.0
9.000000 3 236.8 194.3 170.2 118.5
9.033333 3 236.5 193.6 171.3 120.1
9.066667 3 236.3 192.9 172.5 121.6
9.100000 3 236.1 192.2 173.6 123.2
9.133333 3 235.8 191.5 174.8 124.7
9.166667 3 235.6 190.8 175.9 126.2
9.200000 3 235.4 190.2 177.1 127.8
9.233333 3 235.2 189.5 178.2 129.3
9.266667 3 234.9 188.8 179.4 130.8
9.300000 3 234.7 188.1 180.5 132.4
9.333333 3 234.5 187.4 181.7 133.9
9.366667 3 234.2 186.7 182.8 135.5
9.400000 3 234.0 186.0 184.0 137.0
9.433333 3 234.2 186.4 184.2 136.4
9.466667 3 234.4 186.8 184.4 135.8
9.500000 3 234.6 187.2 184.6 135.2
9.533333 3 234.8 187.6 184.8 134.6
9.566667 3 235.0 188.0 185.0 134.0
9.600000 3 235.2 188.4 185.2 133.4
9.633333 3 235.4 188.8 185.4 132.8
9.666667 3 235.6 189.2 185.6 132.2
9.700000 3 235.8 189.6 185.8 131.6
9.733333 3 236.0 190.0 186.0 131.0
9.766667 3 236.7 190.3 186.2 131.3
9.800000 3 237.3 190.6 186.4 131.6
9.833333 3 238.0 190.8 186.7 131.8
9.866667 3 238.7 191.1 186.9 132.1
9.900000 3 239.3 191.4 187.1 132.4
9.933333 3 240.0 191.7 187.3 132.7
9.966667 3 240.7 191.9 187.6 132.9
10.000000 3 241.3 192.2 187.8 133.2
10.033333 3 242.0 192.5 188.0 133.5
10.066667 3 242.7 192.8 188.2 133.8
10.100000 3 243.3 193.1 188.4 134.1
10.133333 3 244.0 193.3 188.7 134.3
10.166667 3 244.7 193.6 188.9 134.6
10.200000 3 245.3 193.9 189.1 134.9
10.233333 3 246.0 194.2 189.3 135.2
10.266667 3 246.7 194.4 189.6 135.4
10.300000 3 247.3 194.7 189.8 135.7
10.333333 3 248.0 195.0 190.0 136.0
