0.033333 3 325.0 212.0 57.0 44.0
0.066667 3 325.0 211.8 57.2 44.1
0.100000 3 325.0 211.6 57.4 44.2
0.133333 3 325.0 211.5 57.5 44.4
0.166667 3 325.0 211.3 57.7 44.5
0.200000 3 325.0 211.1 57.9 44.6
0.233333 3 325.0 210.9 58.1 44.7
0.266667 3 325.0 210.8 58.2 44.8
0.300000 3 325.0 210.6 58.4 44.9
0.333333 3 325.0 210.4 58.6 45.1
0.366667 3 325.0 210.2 58.8 45.2
0.400000 3 325.0 210.1 58.9 45.3
0.433333 3 325.0 209.9 59.1 45.4
0.466667 3 325.0 209.7 59.3 45.5
0.500000 3 325.0 209.5 59.5 45.6
0.533333 3 325.0 209.4 59.6 45.8
0.566667 3 325.0 209.2 59.8 45.9
0.600000 3 325.0 209.0 60.0 46.0
0.633333 3 324.8 208.5 60.3 46.3
0.666667 3 324.7 208.1 60.6 46.6
0.700000 3 324.5 207.6 60.9 46.9
0.733333 3 324.4 207.2 61.2 47.2
0.766667 3 324.2 206.7 61.5 47.5
0.800000 3 324.1 206.3 61.8 47.8
0.833333 3 323.9 205.8 62.1 48.1
0.866667 3 323.8 205.4 62.4 48.4
0.900000 3 323.6 204.9 62.7 48.7
0.933333 3 323.5 204.5 63.0 49.0
0.966667 3 323.3 204.0 63.3 49.3
1.000000 3 323.2 203.6 63.6 49.6
1.033333 3 323.0 203.1 63.9 49.9
1.066667 3 322.9 202.7 64.2 50.2
1.100000 3 322.7 202.2 64.5 50.5
1.133333 3 322.6 201.8 64.8 50.8
1.166667 3 322.4 201.3 65.1 51.1
1.200000 3 322.3 200.9 65.4 51.4
1.233333 3 322.1 200.4 65.7 51.7
1.266667 3 322.0 200.0 66.0 52.0
1.300000 3 322.2 200.6 65.6 51.6
1.333333 3 322.5 201.1 65.1 51.3
1.366667 3 322.7 201.7 64.7 50.9
1.400000 3 323.0 202.2 64.3 50.5
1.433333 3 323.2 202.8 63.8 50.1
1.466667 3 323.5 203.4 63.4 49.8
1.500000 3 323.7 203.9 62.9 49.4
1.533333 3 324.0 204.5 62.5 49.0
1.566667 3 324.2 205.1 62.1 48.6
1.600000 3 324.5 205.6 61.6 48.3
1.633333 3 324.7 206.2 61.2 47.9
1.666667 3 325.0 206.7 60.8 47.5
1.700000 3 325.2 207.3 60.3 47.1
1.733333 3 325.5 207.9 59.9 46.8
1.766667 3 325.7 208.4 59.4 46.4
1.800000 3 326.0 209.0 59.0 46.0
1.833333 3 325.4 208.7 58.1 45.9
1.866667 3 324.9 208.3 57.1 45.8
1.900000 3 324.3 208.0 56.2 45.7
1.933333 3 323.8 207.7 55.2 45.6
1.966667 3 323.2 207.3 54.3 45.4
2.000000 3 322.7 207.0 53.3 45.3
2.033333 3 322.1 206.7 52.4 45.2
2.066667 3 321.6 206.3 51.4 45.1
2.100000 3 321.0 206.0 50.5 45.0
2.133333 3 320.4 205.7 49.6 44.9
2.166667 3 319.9 205.3 48.6 44.8
2.200000 3 319.3 205.0 47.7 44.7
2.233333 3 318.8 204.7 46.7 44.6
2.266667 3 318.2 204.3 45.8 44.4
2.300000 3 317.7 204.0 44.8 44.3
2.333333 3 317.1 203.7 43.9 44.2
2.366667 3 316.6 203.3 42.9 44.1
2.400000 3 316.0 203.0 42.0 44.0
2.433333 3 315.5 203.4 42.2 43.4
2.466667 3 315.1 203.7 42.4 42.8
2.500000 3 314.6 204.1 42.5 42.2
2.533333 3 314.1 204.4 42.7 41.6
2.566667 3 313.6 204.8 42.9 41.1
2.600000 3 313.2 205.1 43.1 40.5
2.633333 3 312.7 205.5 43.2 39.9
2.666667 3 312.2 205.8 43.4 39.3
2.700000 3 311.8 206.2 43.6 38.7
2.733333 3 311.3 206.5 43.8 38.1
2.766667 3 310.8 206.9 43.9 37.5
2.800000 3 310.4 207.2 44.1 36.9
2.833333 3 309.9 207.6 44.3 36.4
2.866667 3 309.4 207.9 44.5 35.8
2.900000 3 308.9 208.3 44.6 35.2
2.933333 3 308.5 208.6 44.8 34.6
2.966667 3 308.0 209.0 45.0 34.0
3.000000 3 308.2 207.4 45.1 35.1
3.033333 3 308.4 205.9 45.1 36.2
3.066667 3 308.7 204.3 45.2 37.3
3.100000 3 308.9 202.8 45.2 38.4
3.133333 3 309.1 201.2 45.3 39.6
3.166667 3 309.3 199.7 45.3 40.7
3.200000 3 309.6 198.1 45.4 41.8
3.233333 3 309.8 196.6 45.4 42.9
3.266667 3 310.0 195.0 45.5 44.0
3.300000 3 310.2 193.4 45.6 45.1
3.333333 3 310.4 191.9 45.6 46.2
3.366667 3 310.7 190.3 45.7 47.3
3.400000 3 310.9 188.8 45.7 48.4
3.433333 3 311.1 187.2 45.8 49.6
3.466667 3 311.3 185.7 45.8 50.7
3.500000 3 311.6 184.1 45.9 51.8
3.533333 3 311.8 182.6 45.9 52.9
3.566667 3 312.0 181.0 46.0 54.0
3.600000 3 311.3 180.9 47.0 54.1
3.633333 3 310.6 180.7 48.0 54.3
3.666667 3 309.9 180.6 49.0 54.4
3.700000 3 309.2 180.5 50.0 54.5
3.733333 3 308.6 180.4 51.0 54.6
3.766667 3 307.9 180.2 52.0 54.8
3.800000 3 307.2 180.1 53.0 54.9
3.833333 3 306.5 180.0 54.0 55.0
3.866667 3 305.8 179.9 55.0 55.1
3.900000 3 305.1 179.7 56.0 55.3
3.933333 3 304.4 179.6 57.0 55.4
3.966667 3 303.7 179.5 58.0 55.5
4.000000 3 303.1 179.4 59.0 55.6
4.033333 3 302.4 179.2 60.0 55.8
4.066667 3 301.7 179.1 61.0 55.9
4.100000 3 301.0 179.0 62.0 56.0
4.133333 3 301.8 179.9 61.4 56.2
4.166667 3 302.5 180.9 60.8 56.5
4.200000 3 303.3 181.8 60.2 56.7
4.233333 3 304.1 182.8 59.6 56.9
4.266667 3 304.8 183.7 59.1 57.2
4.300000 3 305.6 184.6 58.5 57.4
4.333333 3 306.4 185.6 57.9 57.6
4.366667 3 307.1 186.5 57.3 57.9
4.400000 3 307.9 187.5 56.7 58.1
4.433333 3 308.6 188.4 56.1 58.4
4.466667 3 309.4 189.4 55.5 58.6
4.500000 3 310.2 190.3 54.9 58.8
4.533333 3 310.9 191.2 54.4 59.1
4.566667 3 311.7 192.2 53.8 59.3
4.600000 3 312.5 193.1 53.2 59.5
4.633333 3 313.2 194.1 52.6 59.8
4.666667 3 314.0 195.0 52.0 60.0
4.700000 3 312.7 195.4 53.4 61.1
4.733333 3 311.3 195.8 54.8 62.2
4.766667 3 310.0 196.1 56.1 63.3
4.800000 3 308.7 196.5 57.5 64.4
4.833333 3 307.3 196.9 58.9 65.5
4.866667 3 306.0 197.3 60.3 66.6
4.900000 3 304.7 197.7 61.7 67.7
4.933333 3 303.3 198.0 63.0 68.8
4.966667 3 302.0 198.4 64.4 69.9
5.000000 3 300.7 198.8 65.8 71.0
5.033333 3 299.3 199.2 67.2 72.0
5.066667 3 298.0 199.6 68.6 73.1
5.100000 3 296.7 200.0 70.0 74.2
5.133333 3 295.3 200.3 71.3 75.3
5.166667 3 294.0 200.7 72.7 76.4
5.200000 3 292.7 201.1 74.1 77.5
5.233333 3 291.3 201.5 75.5 78.6
5.266667 3 290.0 201.9 76.9 79.7
5.300000 3 288.7 202.2 78.2 80.8
5.333333 3 287.3 202.6 79.6 81.9
5.366667 3 286.0 203.0 81.0 83.0
5.400000 3 284.4 203.1 82.6 85.8
5.433333 3 282.8 203.3 84.2 88.6
5.466667 3 281.2 203.4 85.8 91.4
5.500000 3 279.6 203.5 87.4 94.2
5.533333 3 278.0 203.7 89.0 97.0
5.566667 3 276.4 203.8 90.6 99.8
5.600000 3 274.8 203.9 92.2 102.6
5.633333 3 273.2 204.1 93.8 105.4
5.666667 3 271.6 204.2 95.4 108.2
5.700000 3 270.0 204.3 97.0 111.0
5.733333 3 268.4 204.5 98.6 113.8
5.766667 3 266.8 204.6 100.2 116.6
5.800000 3 265.2 204.7 101.8 119.4
5.833333 3 263.6 204.9 103.4 122.2
5.866667 3 262.0 205.0 105.0 125.0
5.900000 3 257.4 204.1 108.5 129.6
5.933333 3 252.7 203.1 112.0 134.3
5.966667 3 248.1 202.2 115.5 138.9
6.000000 3 243.4 201.3 119.0 143.6
6.033333 3 238.8 200.4 122.5 148.2
6.066667 3 234.1 199.4 126.0 152.9
6.100000 3 229.5 198.5 129.5 157.5
6.133333 3 224.9 197.6 133.0 162.1
6.166667 3 220.2 196.6 136.5 166.8
6.200000 3 215.6 195.7 140.0 171.4
6.233333 3 210.9 194.8 143.5 176.1
6.266667 3 206.3 193.9 147.0 180.7
6.300000 3 201.6 192.9 150.5 185.4
6.333333 3 197.0 192.0 154.0 190.0
6.366667 3 193.4 188.8 157.0 195.1
6.400000 3 189.8 185.6 160.0 200.2
6.433333 3 186.2 182.4 163.0 205.3
6.466667 3 182.6 179.2 166.0 210.4
6.500000 3 179.0 176.0 169.0 215.5
6.533333 3 175.4 172.8 172.0 220.6
6.566667 3 171.8 169.6 175.0 225.7
6.600000 3 168.2 166.4 178.0 230.8
6.633333 3 164.6 163.2 181.0 235.9
6.666667 3 161.0 160.0 184.0 241.0
6.700000 3 161.2 159.7 183.0 242.1
6.733333 3 161.5 159.3 182.0 243.2
6.766667 3 161.7 159.0 181.0 244.2
6.800000 3 162.0 158.7 180.0 245.3
6.833333 3 162.2 158.3 179.0 246.4
6.866667 3 162.5 158.0 178.0 247.5
6.900000 3 162.7 157.7 177.0 248.6
6.933333 3 163.0 157.3 176.0 249.7
6.966667 3 163.2 157.0 175.0 250.7
7.000000 3 163.5 156.7 174.0 251.8
7.033333 3 163.7 156.3 173.0 252.9
7.066667 3 164.0 156.0 172.0 254.0
7.100000 3 164.4 155.5 171.3 253.0
7.133333 3 164.8 155.1 170.6 252.0
7.166667 3 165.2 154.6 169.9 251.0
7.200000 3 165.5 154.2 169.2 250.0
7.233333 3 165.9 153.7 168.5 249.0
7.266667 3 166.3 153.2 167.8 248.0
7.300000 3 166.7 152.8 167.2 247.0
7.333333 3 167.1 152.3 166.5 246.0
7.366667 3 167.5 151.8 165.8 245.0
7.400000 3 167.8 151.4 165.1 244.0
7.433333 3 168.2 150.9 164.4 243.0
7.466667 3 168.6 150.5 163.7 242.0
7.500000 3 169.0 150.0 163.0 241.0
7.533333 3 168.9 150.6 163.4 241.4
7.566667 3 168.8 151.2 163.9 241.9
7.600000 3 168.6 151.9 164.3 242.3
7.633333 3 168.5 152.5 164.7 242.7
7.666667 3 168.4 153.1 165.2 243.2
7.700000 3 168.3 153.7 165.6 243.6
7.733333 3 168.1 154.4 166.1 244.1
7.766667 3 168.0 155.0 166.5 244.5
7.800000 3 167.9 155.6 166.9 244.9
7.833333 3 167.8 156.2 167.4 245.4
7.866667 3 167.6 156.9 167.8 245.8
7.900000 3 167.5 157.5 168.2 246.2
7.933333 3 167.4 158.1 168.7 246.7
7.966667 3 167.3 158.7 169.1 247.1
8.000000 3 167.1 159.4 169.6 247.6
8.033333 3 167.0 160.0 170.0 248.0
8.066667 3 168.9 158.5 171.1 245.9
8.100000 3 170.9 157.0 172.3 243.7
8.133333 3 172.8 155.5 173.4 241.6
8.166667 3 174.7 154.0 174.6 239.4
8.200000 3 176.6 152.5 175.7 237.3
8.233333 3 178.6 151.0 176.9 235.1
8.266667 3 180.5 149.5 178.0 233.0
8.300000 3 182.4 148.0 179.1 230.9
8.333333 3 184.4 146.5 180.3 228.7
8.366667 3 186.3 145.0 181.4 226.6
8.400000 3 188.2 143.5 182.6 224.4
8.433333 3 190.1 142.0 183.7 222.3
8.466667 3 192.1 140.5 184.9 220.1
8.500000 3 194.0 139.0 186.0 218.0
8.533333 3 196.8 140.0 184.9 216.0
8.566667 3 199.6 141.0 183.9 214.0
8.600000 3 202.4 142.0 182.8 212.0
8.633333 3 205.2 143.0 181.7 210.0
8.666667 3 208.0 144.0 180.7 208.0
8.700000 3 210.8 145.0 179.6 206.0
8.733333 3 213.6 146.0 178.5 204.0
8.766667 3 216.4 147.0 177.5 202.0
8.800000 3 219.2 148.0 176.4 200.0
8.833333 3 222.0 149.0 175.3 198.0
8.866667 3 224.8 150.0 174.3 196.0
8.900000 3 227.6 151.0 173.2 194.0
8.933333 3 230.4 152.0 172.1 192.0
8.966667 3 233.2 153.0 171.1 190.0
9.000000 3 236.0 154.0 170.0 188.0
9.033333 3 237.9 150.5 169.6 186.6
9.066667 3 239.8 146.9 169.2 185.2
9.100000 3 241.8 143.4 168.8 183.8
9.133333 3 243.7 139.8 168.5 182.5
9.166667 3 245.6 136.3 168.1 181.1
9.200000 3 247.5 132.8 167.7 179.7
9.233333 3 249.5 129.2 167.3 178.3
9.266667 3 251.4 125.7 166.9 176.9
9.300000 3 253.3 122.2 166.5 175.5
9.333333 3 255.2 118.6 166.2 174.2
9.366667 3 257.2 115.1 165.8 172.8
9.400000 3 259.1 111.5 165.4 171.4
9.433333 3 261.0 108.0 165.0 170.0
9.466667 3 263.4 105.5 164.3 171.7
9.500000 3 265.8 102.9 163.6 173.4
9.533333 3 268.2 100.4 162.9 175.1
9.566667 3 270.5 97.8 162.2 176.8
9.600000 3 272.9 95.3 161.5 178.5
9.633333 3 275.3 92.8 160.8 180.2
9.666667 3 277.7 90.2 160.2 181.8
9.700000 3 280.1 87.7 159.5 183.5
9.733333 3 282.5 85.2 158.8 185.2
9.766667 3 284.8 82.6 158.1 186.9
9.800000 3 287.2 80.1 157.4 188.6
9.833333 3 289.6 77.5 156.7 190.3
9.866667 3 292.0 75.0 156.0 192.0
9.900000 3 292.4 74.1 156.1 193.5
9.933333 3 292.7 73.3 156.1 195.0
9.966667 3 293.1 72.4 156.2 196.5
10.000000 3 293.4 71.6 156.3 198.0
10.033333 3 293.8 70.7 156.4 199.5
10.066667 3 294.1 69.9 156.4 201.0
10.100000 3 294.5 69.0 156.5 202.5
10.133333 3 294.9 68.1 156.6 204.0
10.166667 3 295.2 67.3 156.6 205.5
10.200000 3 295.6 66.4 156.7 207.0
10.233333 3 295.9 65.6 156.8 208.5
10.266667 3 296.3 64.7 156.9 210.0
10.300000 3 296.6 63.9 156.9 211.5
10.333333 3 297.0 63.0 157.0 213.0
10.366667 3 295.1 64.0 157.0 209.7
10.400000 3 293.3 65.0 157.0 206.4
10.433333 3 291.4 66.0 157.0 203.1
10.466667 3 289.6 67.0 157.0 199.9
10.500000 3 287.7 68.0 157.0 196.6
10.533333 3 285.9 69.0 157.0 193.3
10.566667 3 284.0 70.0 157.0 190.0
