0.033333 3 294.0 91.0 64.0 88.0
0.066667 3 294.5 90.9 63.6 87.1
0.100000 3 294.7 89.8 63.9 87.4
0.133333 3 294.9 88.4 64.2 87.3
0.166667 3 295.2 87.5 64.3 87.3
0.200000 3 295.2 87.2 64.8 87.9
0.233333 3 295.3 87.2 65.0 87.7
0.266667 3 295.3 87.2 65.0 87.4
0.300000 3 295.2 87.2 65.0 87.3
0.333333 3 295.3 87.1 65.3 87.3
0.366667 3 295.9 87.2 65.2 87.1
0.400000 3 296.9 87.7 65.3 87.1
0.433333 3 297.9 88.0 65.6 87.1
0.466667 3 299.2 88.6 65.9 87.2
0.500000 3 300.5 89.5 65.7 86.8
0.533333 3 301.3 90.5 65.8 86.7
0.566667 3 301.7 91.5 65.5 86.3
0.600000 3 301.6 91.9 65.7 86.4
0.633333 3 301.4 91.7 65.8 86.4
0.666667 3 301.0 91.1 65.9 86.2
0.700000 3 301.0 90.7 65.9 86.0
0.733333 3 301.6 90.6 65.3 85.3
0.766667 3 302.2 90.4 65.5 85.4
0.800000 3 303.3 90.1 65.4 85.1
0.833333 3 304.3 90.1 65.4 84.9
0.866667 3 305.2 90.2 65.2 84.6
0.900000 3 305.9 91.4 65.2 84.5
0.933333 3 306.9 92.8 64.8 83.9
0.966667 3 307.6 94.5 64.7 83.7
1.000000 3 308.2 96.1 64.8 83.7
1.033333 3 308.8 97.5 64.8 83.5
1.066667 3 309.4 98.7 64.5 82.9
1.100000 3 310.1 99.7 64.0 82.3
1.133333 3 310.2 100.5 64.2 82.3
1.166667 3 310.2 101.5 64.2 82.2
1.200000 3 310.4 102.6 63.9 81.8
1.233333 3 310.4 103.3 63.8 81.5
1.266667 3 310.4 103.2 64.0 81.7
1.300000 3 310.8 103.1 63.7 81.1
1.333333 3 311.5 102.6 63.6 80.9
1.366667 3 312.3 102.3 63.4 80.5
1.400000 3 312.7 102.3 63.2 80.3
1.433333 3 312.7 102.2 63.6 80.5
1.466667 3 312.8 102.3 63.5 80.2
1.500000 3 312.7 102.5 63.4 80.0
1.533333 3 312.6 102.9 63.0 79.4
1.566667 3 312.9 103.2 63.0 79.4
1.600000 3 313.9 103.5 62.8 79.0
1.633333 3 315.1 104.0 62.6 78.6
1.666667 3 316.3 103.8 63.0 78.9
1.700000 3 317.8 104.2 62.7 78.3
1.733333 3 319.3 104.8 62.4 77.9
1.766667 3 320.9 105.7 62.0 77.4
1.800000 3 322.2 106.7 61.7 76.9
1.833333 3 323.2 107.7 61.9 77.0
1.866667 3 324.3 109.0 61.8 76.7
1.900000 3 325.0 110.4 61.4 76.1
1.933333 3 325.5 111.8 61.3 75.9
1.966667 3 325.6 113.8 61.3 75.8
2.000000 3 325.7 115.4 60.9 75.4
2.033333 3 325.8 116.8 60.8 75.1
2.066667 3 325.6 117.8 61.1 75.3
2.100000 3 326.3 119.2 60.9 74.9
2.133333 3 327.2 120.6 60.5 74.2
2.166667 3 328.3 121.9 60.4 74.1
2.200000 3 329.6 123.2 60.2 73.7
2.233333 3 330.9 124.0 60.3 73.8
2.266667 3 332.1 125.0 60.2 73.6
2.300000 3 333.3 126.0 60.0 73.1
2.333333 3 334.6 127.2 59.7 72.8
2.366667 3 335.6 128.3 59.8 72.7
2.400000 3 336.4 129.2 59.7 72.5
2.433333 3 336.6 129.8 59.6 72.3
2.466667 3 336.2 130.1 59.6 72.2
2.500000 3 335.9 130.0 59.5 71.9
2.533333 3 335.5 129.9 59.0 71.4
2.566667 3 334.8 129.4 59.1 71.4
2.600000 3 334.0 129.1 58.8 70.9
2.633333 3 332.8 128.5 58.6 70.7
2.666667 3 331.7 127.8 58.4 70.3
2.700000 3 331.0 127.2 58.2 69.9
2.733333 3 330.7 126.5 57.9 69.4
2.766667 3 330.4 125.8 57.7 69.1
2.800000 3 330.2 125.0 57.5 68.9
2.833333 3 329.9 124.5 57.5 68.8
2.866667 3 329.5 123.9 57.5 68.7
2.900000 3 329.5 123.7 57.0 68.1
2.933333 3 329.4 123.2 56.9 67.9
2.966667 3 329.0 122.6 57.0 67.9
3.000000 3 328.8 122.2 56.9 67.7
3.033333 3 328.6 121.9 56.5 67.3
3.066667 3 328.1 121.5 56.6 67.2
3.100000 3 328.0 121.1 56.4 66.9
3.133333 3 328.3 120.9 56.3 66.7
3.166667 3 328.6 121.1 56.1 66.5
3.200000 3 328.9 121.8 55.9 66.2
3.233333 3 329.0 122.2 56.0 66.2
3.266667 3 329.4 123.2 55.7 65.8
3.300000 3 329.7 123.9 55.7 65.7
3.333333 3 330.0 124.7 55.7 65.7
3.366667 3 330.1 125.9 55.8 65.8
3.400000 3 330.3 127.4 55.6 65.5
3.433333 3 330.4 128.7 55.4 65.2
3.466667 3 330.1 129.7 55.4 65.2
3.500000 3 330.1 130.3 55.1 64.8
3.533333 3 330.0 130.5 55.1 64.8
3.566667 3 330.2 130.4 55.1 64.7
3.600000 3 330.7 130.1 54.9 64.4
3.633333 3 331.2 129.5 54.7 64.2
3.666667 3 331.3 129.3 54.4 63.9
3.700000 3 331.3 129.2 54.4 63.8
3.733333 3 331.2 129.3 54.3 63.6
3.766667 3 331.3 129.7 54.1 63.4
3.800000 3 331.0 129.9 54.1 63.4
3.833333 3 331.2 130.2 53.7 62.9
3.866667 3 331.2 130.3 53.7 62.8
3.900000 3 331.3 130.7 53.6 62.6
3.933333 3 331.5 131.0 53.6 62.6
3.966667 3 331.8 131.7 53.5 62.5
4.000000 3 332.1 132.7 53.3 62.3
4.033333 3 332.2 133.5 53.1 62.0
4.066667 3 332.2 134.4 53.2 62.0
4.100000 3 332.2 135.5 53.4 62.1
4.133333 3 332.2 137.0 53.1 61.8
4.166667 3 332.1 138.6 52.9 61.7
4.200000 3 331.8 140.2 52.9 61.6
4.233333 3 331.7 141.6 52.6 61.3
4.266667 3 331.3 142.6 52.7 61.3
4.300000 3 331.3 143.5 52.8 61.4
4.333333 3 331.3 144.1 52.9 61.4
4.366667 3 331.3 144.7 52.7 61.1
4.400000 3 331.5 145.2 52.7 61.1
4.433333 3 331.7 145.7 52.7 61.1
4.466667 3 332.0 146.6 52.6 60.9
4.500000 3 332.1 147.1 52.7 61.0
4.533333 3 332.2 147.7 52.4 60.6
4.566667 3 332.1 148.1 52.3 60.5
4.600000 3 332.0 148.4 52.2 60.4
4.633333 3 331.8 148.9 52.2 60.3
4.666667 3 331.4 149.5 52.1 60.3
4.700000 3 330.9 150.1 52.3 60.4
4.733333 3 330.3 150.9 52.4 60.4
4.766667 3 329.9 151.6 52.2 60.3
4.800000 3 329.4 151.9 52.2 60.2
4.833333 3 329.1 151.8 52.4 60.3
4.866667 3 328.9 151.6 52.3 60.3
4.900000 3 328.6 151.6 52.5 60.4
4.933333 3 328.4 151.7 52.4 60.3
4.966667 3 328.0 152.2 52.5 60.3
5.000000 3 327.9 152.7 52.3 60.2
5.033333 3 327.7 153.2 52.5 60.3
5.066667 3 327.6 153.9 52.3 60.1
5.100000 3 327.4 154.5 52.5 60.2
5.133333 3 327.1 155.3 52.5 60.1
5.166667 3 326.9 155.8 52.5 60.2
5.200000 3 326.8 156.3 52.4 60.0
5.233333 3 326.6 156.5 52.6 60.2
5.266667 3 326.3 156.7 52.9 60.4
5.300000 3 326.1 157.2 53.0 60.5
5.333333 3 326.0 157.8 53.1 60.5
5.366667 3 325.7 158.7 53.0 60.4
5.400000 3 325.9 159.3 52.6 60.0
5.433333 3 325.9 159.5 52.8 60.2
5.466667 3 325.7 159.6 52.9 60.4
5.500000 3 325.8 160.1 53.0 60.4
5.533333 3 325.7 160.8 53.0 60.3
5.566667 3 325.7 161.6 53.0 60.3
5.600000 3 325.8 162.6 52.8 60.2
5.633333 3 325.9 163.1 52.9 60.2
5.666667 3 326.0 163.8 53.0 60.2
5.700000 3 326.0 164.3 53.2 60.4
5.733333 3 325.9 164.9 53.5 60.6
5.766667 3 326.0 165.8 53.4 60.5
5.800000 3 326.2 166.5 53.4 60.5
5.833333 3 326.5 167.0 53.4 60.6
5.866667 3 326.6 167.0 53.9 61.0
5.900000 3 326.8 167.1 54.1 61.2
5.933333 3 327.2 167.3 54.1 61.1
5.966667 3 327.5 167.5 54.1 61.1
6.000000 3 328.0 167.7 54.0 61.0
6.033333 3 328.2 168.0 54.2 61.2
6.066667 3 328.5 168.6 54.4 61.4
6.100000 3 328.7 168.9 54.6 61.6
6.133333 3 328.9 169.1 54.6 61.6
6.166667 3 329.2 169.2 54.8 61.7
6.200000 3 329.5 169.6 54.7 61.6
6.233333 3 329.8 170.1 54.4 61.4
6.266667 3 330.0 170.5 54.9 61.8
6.300000 3 330.3 171.3 55.0 61.9
6.333333 3 330.5 172.3 54.9 61.8
6.366667 3 330.8 173.0 55.1 62.0
6.400000 3 331.1 173.8 55.0 61.9
6.433333 3 331.4 174.5 55.1 61.9
6.466667 3 331.7 174.8 55.1 62.0
6.500000 3 331.8 174.9 55.4 62.3
6.533333 3 332.2 175.5 55.1 62.0
6.566667 3 332.4 176.2 55.2 62.1
6.600000 3 332.7 177.1 55.3 62.1
6.633333 3 332.9 177.9 55.4 62.1
6.666667 3 333.2 178.9 55.3 62.1
6.700000 3 333.6 179.9 55.3 62.0
6.733333 3 333.8 181.0 55.4 62.1
6.766667 3 334.0 181.9 55.5 62.2
6.800000 3 334.5 182.7 55.4 62.1
6.833333 3 334.6 183.4 55.6 62.3
6.866667 3 335.0 183.8 55.6 62.3
6.900000 3 335.3 184.0 55.7 62.3
6.933333 3 335.5 184.2 55.7 62.4
6.966667 3 335.8 184.4 55.8 62.4
7.000000 3 336.1 184.5 55.7 62.3
7.033333 3 336.4 184.5 55.7 62.3
7.066667 3 336.8 184.5 55.8 62.5
7.100000 3 336.9 184.5 56.0 62.7
7.133333 3 337.3 184.6 55.8 62.5
7.166667 3 337.4 184.3 56.0 62.6
7.200000 3 337.6 184.2 56.2 62.8
7.233333 3 337.8 184.1 56.3 63.0
7.266667 3 338.1 184.4 56.3 63.0
7.300000 3 338.3 184.4 56.5 63.2
7.333333 3 338.5 184.2 56.6 63.3
7.366667 3 338.6 184.0 56.6 63.3
7.400000 3 338.8 183.7 57.0 63.7
7.433333 3 338.9 183.3 57.0 63.7
7.466667 3 339.2 182.9 57.3 64.0
7.500000 3 339.3 182.6 57.5 64.2
7.533333 3 339.5 182.9 57.3 64.0
7.566667 3 339.8 182.9 57.4 64.0
7.600000 3 340.0 183.3 57.3 64.0
7.633333 3 340.2 183.8 57.6 64.3
7.666667 3 340.4 184.2 57.6 64.3
7.700000 3 340.5 184.9 57.6 64.3
7.733333 3 340.7 185.2 57.7 64.4
7.766667 3 340.9 185.8 57.5 64.2
7.800000 3 340.9 186.4 57.8 64.5
7.833333 3 341.1 186.9 57.7 64.4
7.866667 3 341.1 187.2 58.0 64.8
7.900000 3 341.2 187.3 58.0 64.8
7.933333 3 341.3 187.1 57.9 64.6
7.966667 3 341.3 186.6 58.1 64.8
8.000000 3 341.2 186.1 58.3 65.0
8.033333 3 341.3 185.4 58.5 65.2
8.066667 3 341.1 185.0 58.7 65.4
8.100000 3 341.1 184.8 58.7 65.4
8.133333 3 341.0 184.6 58.9 65.6
8.166667 3 340.9 184.9 58.8 65.5
8.200000 3 340.7 185.3 58.9 65.6
8.233333 3 340.5 185.4 59.0 65.7
8.266667 3 340.3 185.7 59.2 65.9
8.300000 3 340.1 185.8 59.5 66.2
8.333333 3 339.8 186.2 59.6 66.4
8.366667 3 339.7 186.6 59.7 66.5
8.400000 3 339.5 186.9 59.8 66.5
8.433333 3 339.4 187.2 59.9 66.7
8.466667 3 339.5 187.5 59.8 66.6
8.500000 3 339.3 187.9 59.9 66.7
8.533333 3 339.3 188.3 60.0 66.7
8.566667 3 339.2 188.6 60.3 67.0
8.600000 3 339.2 189.0 60.2 67.0
8.633333 3 339.2 189.3 60.5 67.3
8.666667 3 339.2 190.1 60.7 67.5
8.700000 3 339.3 190.8 60.6 67.4
8.733333 3 339.2 191.6 60.8 67.6
8.766667 3 339.2 192.6 60.8 67.6
8.800000 3 339.3 193.4 61.1 67.9
8.833333 3 339.3 193.8 61.2 68.0
8.866667 3 339.5 194.2 61.3 68.1
8.900000 3 339.8 194.3 61.3 68.1
8.933333 3 339.9 194.2 61.4 68.2
8.966667 3 340.0 194.1 61.5 68.2
9.000000 3 340.3 193.9 61.7 68.5
9.033333 3 340.5 193.7 62.0 68.7
9.066667 3 340.6 193.9 61.9 68.7
9.100000 3 340.8 194.0 62.0 68.7
9.133333 3 340.8 194.1 62.0 68.7
9.166667 3 340.9 194.2 62.1 68.9
9.200000 3 341.1 194.3 62.3 69.0
9.233333 3 341.2 194.3 62.3 69.0
9.266667 3 341.4 194.4 62.4 69.1
9.300000 3 341.5 194.4 62.4 69.1
9.333333 3 341.6 194.2 62.6 69.2
9.366667 3 341.7 193.8 63.0 69.7
9.400000 3 341.8 193.7 63.1 69.8
9.433333 3 342.0 193.5 63.2 69.8
9.466667 3 342.1 193.4 63.3 69.9
9.500000 3 342.2 193.4 63.4 70.0
9.533333 3 342.3 193.3 63.5 70.0
9.566667 3 342.4 193.2 63.6 70.3
9.600000 3 342.4 193.0 63.9 70.5
9.633333 3 342.4 193.1 63.9 70.5
9.666667 3 342.4 193.0 64.1 70.6
9.700000 3 342.2 192.7 64.5 71.0
9.733333 3 342.2 192.7 64.5 70.9
9.766667 3 342.1 192.7 64.6 71.0
9.800000 3 342.0 192.3 64.6 71.1
9.833333 3 341.9 191.8 64.7 71.1
9.866667 3 341.7 191.4 64.7 71.1
9.900000 3 341.4 190.8 65.0 71.3
9.933333 3 341.1 190.1 65.2 71.6
9.966667 3 340.7 190.0 65.2 71.6
10.000000 3 340.3 189.6 65.4 71.7
10.033333 3 340.0 189.1 65.4 71.8
10.066667 3 339.5 188.3 65.9 72.1
10.100000 3 339.3 187.7 65.8 72.1
