0.033333 3 321.0 193.0 73.0 57.0
0.066667 3 321.4 192.6 72.2 56.4
0.100000 3 321.6 191.9 71.5 55.9
0.133333 3 321.5 191.4 71.0 55.6
0.166667 3 321.7 191.3 69.7 54.6
0.200000 3 321.1 190.7 69.7 54.7
0.233333 3 321.2 190.9 68.3 53.4
0.266667 3 321.3 190.5 68.2 53.4
0.300000 3 322.3 190.5 67.3 52.7
0.333333 3 323.3 190.7 66.4 51.9
0.366667 3 323.9 190.4 66.2 51.8
0.400000 3 324.7 190.4 65.3 51.1
0.433333 3 324.9 190.8 65.1 50.9
0.466667 3 325.4 192.4 64.5 50.4
0.500000 3 325.8 194.5 64.6 50.6
0.533333 3 326.6 196.8 64.0 50.2
0.566667 3 327.5 198.4 63.8 50.0
0.600000 3 327.8 199.7 64.3 50.5
0.633333 3 328.1 201.3 64.0 50.4
0.666667 3 328.0 202.7 63.9 50.4
0.700000 3 327.8 204.0 63.8 50.4
0.733333 3 327.8 205.6 63.3 50.0
0.766667 3 327.4 207.0 63.5 50.2
0.800000 3 327.1 208.9 63.5 50.3
0.833333 3 327.0 211.0 63.4 50.3
0.866667 3 326.9 213.0 63.0 50.0
0.900000 3 326.5 213.8 62.9 50.1
0.933333 3 326.1 214.5 62.7 49.8
0.966667 3 325.2 215.5 62.5 49.7
1.000000 3 324.4 216.4 62.5 49.7
1.033333 3 323.7 216.9 62.2 49.6
1.066667 3 323.2 217.1 62.1 49.5
1.100000 3 322.9 217.1 61.9 49.4
1.133333 3 322.8 216.3 61.7 49.3
1.166667 3 322.7 215.2 61.6 49.2
1.200000 3 322.6 214.5 61.6 49.2
1.233333 3 322.4 214.3 61.5 49.2
1.266667 3 321.9 214.3 61.3 49.0
1.300000 3 321.5 214.4 61.4 49.1
1.333333 3 321.2 214.8 61.4 49.2
1.366667 3 321.0 215.1 61.0 49.0
1.400000 3 320.9 215.2 61.0 49.0
1.433333 3 320.6 215.5 61.1 49.1
1.466667 3 320.4 215.7 61.2 49.3
1.500000 3 320.3 215.9 61.2 49.4
1.533333 3 320.3 216.0 61.2 49.4
1.566667 3 320.6 215.8 61.1 49.5
1.600000 3 321.2 215.4 61.0 49.3
1.633333 3 322.1 215.1 60.8 49.2
1.666667 3 322.4 214.6 61.2 49.7
1.700000 3 323.1 214.8 60.8 49.4
1.733333 3 323.4 214.5 61.1 49.8
1.766667 3 324.2 214.3 60.9 49.6
1.800000 3 325.1 213.9 60.7 49.6
1.833333 3 325.3 213.2 61.2 50.0
1.866667 3 325.5 212.3 61.2 50.1
1.900000 3 326.2 211.5 61.0 50.0
1.933333 3 326.7 210.8 61.0 50.0
1.966667 3 327.2 210.2 61.1 50.1
2.000000 3 327.8 210.1 61.0 50.0
2.033333 3 328.2 210.0 61.2 50.3
2.066667 3 328.9 210.0 60.9 50.1
2.100000 3 329.2 209.9 61.3 50.5
2.133333 3 329.3 210.7 61.3 50.5
2.166667 3 329.0 202.0 56.0 60.0
2.200000 3 328.9 201.9 56.3 61.0
2.233333 3 328.7 201.8 56.6 62.0
2.266667 3 328.6 201.7 57.0 63.0
2.300000 3 328.5 201.6 57.3 64.0
2.333333 3 328.3 201.5 57.6 65.0
2.366667 3 328.2 201.5 57.9 66.0
2.400000 3 328.0 201.4 58.2 67.0
2.433333 3 327.9 201.3 58.5 68.0
2.466667 3 327.8 201.2 58.9 69.0
2.500000 3 327.6 201.1 59.2 70.0
2.533333 3 327.5 201.0 59.5 71.0
2.566667 3 327.4 200.9 59.8 72.0
2.600000 3 327.2 200.8 60.1 73.0
2.633333 3 327.1 200.7 60.5 74.0
2.666667 3 327.0 200.6 60.8 75.0
2.700000 3 326.8 200.5 61.1 76.0
2.733333 3 326.7 200.5 61.4 77.0
2.766667 3 326.5 200.4 61.7 78.0
2.800000 3 326.4 200.3 62.0 79.0
2.833333 3 326.3 200.2 62.4 80.0
2.866667 3 326.1 200.1 62.7 81.0
2.900000 3 326.0 200.0 63.0 82.0
2.933333 3 326.5 200.5 63.4 82.3
2.966667 3 327.0 201.0 63.8 82.6
3.000000 3 327.5 201.5 64.1 82.9
3.033333 3 328.0 202.0 64.5 83.3
3.066667 3 328.5 202.5 64.9 83.6
3.100000 3 329.0 203.0 65.3 83.9
3.133333 3 329.5 203.5 65.6 84.2
3.166667 3 330.0 204.0 66.0 84.5
3.200000 3 330.5 204.5 66.4 84.8
3.233333 3 331.0 205.0 66.8 85.1
3.266667 3 331.5 205.5 67.1 85.4
3.300000 3 332.0 206.0 67.5 85.8
3.333333 3 332.5 206.5 67.9 86.1
3.366667 3 333.0 207.0 68.3 86.4
3.400000 3 333.5 207.5 68.6 86.7
3.433333 3 334.0 208.0 69.0 87.0
3.466667 3 332.7 208.1 70.5 89.4
3.500000 3 331.5 208.3 71.9 91.8
3.533333 3 330.2 208.4 73.4 94.2
3.566667 3 328.9 208.5 74.9 96.6
3.600000 3 327.7 208.7 76.3 99.0
3.633333 3 326.4 208.8 77.8 101.4
3.666667 3 325.1 208.9 79.3 103.8
3.700000 3 323.9 209.1 80.7 106.2
3.733333 3 322.6 209.2 82.2 108.6
3.766667 3 321.3 209.3 83.7 111.0
3.800000 3 320.1 209.5 85.1 113.4
3.833333 3 318.8 209.6 86.6 115.8
3.866667 3 317.5 209.7 88.1 118.2
3.900000 3 316.3 209.9 89.5 120.6
3.933333 3 315.0 210.0 91.0 123.0
3.966667 3 313.0 210.6 92.9 123.2
4.000000 3 311.0 211.3 94.8 123.4
4.033333 3 309.0 211.9 96.7 123.5
4.066667 3 307.0 212.5 98.6 123.7
4.100000 3 305.0 213.2 100.5 123.9
4.133333 3 303.0 213.8 102.5 124.1
4.166667 3 301.0 214.5 104.4 124.3
4.200000 3 299.0 215.1 106.3 124.5
4.233333 3 297.0 215.7 108.2 124.6
4.266667 3 295.0 216.4 110.1 124.8
4.300000 3 293.0 217.0 112.0 125.0
4.333333 3 293.1 211.0 116.6 128.3
4.366667 3 293.2 205.0 121.3 131.5
4.400000 3 293.3 199.0 125.9 134.8
4.433333 3 293.4 193.0 130.5 138.1
4.466667 3 293.5 187.0 135.2 141.4
4.500000 3 293.5 181.0 139.8 144.6
4.533333 3 293.6 175.0 144.5 147.9
4.566667 3 293.7 169.0 149.1 151.2
4.600000 3 293.8 163.0 153.7 154.5
4.633333 3 293.9 157.0 158.4 157.7
4.666667 3 294.0 151.0 163.0 161.0
4.700000 3 296.1 147.3 165.7 165.3
4.733333 3 298.2 143.6 168.4 169.6
4.766667 3 300.3 139.9 171.1 173.9
4.800000 3 302.4 136.2 173.8 178.2
4.833333 3 304.5 132.5 176.5 182.5
4.866667 3 306.6 128.8 179.2 186.8
4.900000 3 308.7 125.1 181.9 191.1
4.933333 3 310.8 121.4 184.6 195.4
4.966667 3 312.9 117.7 187.3 199.7
5.000000 3 315.0 114.0 190.0 204.0
5.033333 3 312.0 112.4 193.7 206.9
5.066667 3 309.0 110.9 197.3 209.8
5.100000 3 306.0 109.3 201.0 212.7
5.133333 3 303.0 107.8 204.7 215.6
5.166667 3 300.0 106.2 208.3 218.4
5.200000 3 297.0 104.7 212.0 221.3
5.233333 3 294.0 103.1 215.7 224.2
5.266667 3 291.0 101.6 219.3 227.1
5.300000 3 288.0 100.0 223.0 230.0
5.333333 3 285.5 99.7 224.6 230.3
5.366667 3 283.0 99.4 226.2 230.6
5.400000 3 280.5 99.1 227.8 230.9
5.433333 3 278.0 98.8 229.4 231.2
5.466667 3 275.5 98.5 231.0 231.5
5.500000 3 273.0 98.2 232.6 231.8
5.533333 3 270.5 97.9 234.2 232.1
5.566667 3 268.0 97.6 235.8 232.4
5.600000 3 265.5 97.3 237.4 232.7
5.633333 3 263.0 97.0 239.0 233.0
5.666667 3 261.5 99.3 238.3 233.2
5.700000 3 260.0 101.7 237.5 233.3
5.733333 3 258.5 104.0 236.8 233.5
5.766667 3 257.0 106.3 236.0 233.7
5.800000 3 255.5 108.7 235.3 233.8
5.833333 3 254.0 111.0 234.5 234.0
5.866667 3 252.5 113.3 233.8 234.2
5.900000 3 251.0 115.7 233.0 234.3
5.933333 3 249.5 118.0 232.3 234.5
5.966667 3 248.0 120.3 231.5 234.7
6.000000 3 246.5 122.7 230.8 234.8
6.033333 3 245.0 125.0 230.0 235.0
6.066667 3 243.1 124.8 231.6 233.5
6.100000 3 241.2 124.6 233.3 231.9
6.133333 3 239.3 124.5 234.9 230.4
6.166667 3 237.4 124.3 236.5 228.8
6.200000 3 235.5 124.1 238.2 227.3
6.233333 3 233.5 123.9 239.8 225.7
6.266667 3 231.6 123.7 241.5 224.2
6.300000 3 229.7 123.5 243.1 222.6
6.333333 3 227.8 123.4 244.7 221.1
6.366667 3 225.9 123.2 246.4 219.5
6.400000 3 224.0 123.0 248.0 218.0
6.433333 3 224.5 121.7 248.7 217.7
6.466667 3 225.0 120.3 249.5 217.3
6.500000 3 225.5 119.0 250.2 217.0
6.533333 3 226.0 117.7 251.0 216.7
6.566667 3 226.5 116.3 251.7 216.3
6.600000 3 227.0 115.0 252.5 216.0
6.633333 3 227.5 113.7 253.2 215.7
6.666667 3 228.0 112.3 254.0 215.3
6.700000 3 228.5 111.0 254.7 215.0
6.733333 3 229.0 109.7 255.5 214.7
6.766667 3 229.5 108.3 256.2 214.3
6.800000 3 230.0 107.0 257.0 214.0
6.833333 3 233.2 108.2 252.9 214.0
6.866667 3 236.3 109.3 248.8 214.0
6.900000 3 239.5 110.5 244.8 214.0
6.933333 3 242.6 111.6 240.7 214.0
6.966667 3 245.8 112.8 236.6 214.0
7.000000 3 248.9 113.9 232.5 214.0
7.033333 3 252.1 115.1 228.5 214.0
7.066667 3 255.2 116.2 224.4 214.0
7.100000 3 258.4 117.4 220.3 214.0
7.133333 3 261.5 118.5 216.2 214.0
7.166667 3 264.7 119.7 212.2 214.0
7.200000 3 267.8 120.8 208.1 214.0
7.233333 3 271.0 122.0 204.0 214.0
7.266667 3 271.8 122.2 202.3 213.8
7.300000 3 272.6 122.4 200.6 213.6
7.333333 3 273.4 122.6 198.9 213.4
7.366667 3 274.2 122.8 197.2 213.2
7.400000 3 275.0 123.0 195.5 213.0
7.433333 3 275.8 123.2 193.8 212.8
7.466667 3 276.6 123.4 192.1 212.6
7.500000 3 277.4 123.6 190.4 212.4
7.533333 3 278.2 123.8 188.7 212.2
7.566667 3 279.0 124.0 187.0 212.0
7.600000 3 278.4 123.2 186.1 212.1
7.633333 3 277.8 122.4 185.2 212.2
7.666667 3 277.2 121.6 184.3 212.3
7.700000 3 276.6 120.8 183.4 212.4
7.733333 3 276.0 120.0 182.5 212.5
7.766667 3 275.4 119.2 181.6 212.6
7.800000 3 274.8 118.4 180.7 212.7
7.833333 3 274.2 117.6 179.8 212.8
7.866667 3 273.6 116.8 178.9 212.9
7.900000 3 273.0 116.0 178.0 213.0
7.933333 3 273.6 116.2 177.7 215.6
7.966667 3 274.1 116.4 177.4 218.3
8.000000 3 274.7 116.6 177.1 220.9
8.033333 3 275.3 116.9 176.9 223.6
8.066667 3 275.9 117.1 176.6 226.2
8.100000 3 276.4 117.3 176.3 228.9
8.133333 3 277.0 117.5 176.0 231.5
8.166667 3 277.6 117.7 175.7 234.1
8.200000 3 278.1 117.9 175.4 236.8
8.233333 3 278.7 118.1 175.1 239.4
8.266667 3 279.3 118.4 174.9 242.1
8.300000 3 279.9 118.6 174.6 244.7
8.333333 3 280.4 118.8 174.3 247.4
8.366667 3 281.0 119.0 174.0 250.0
8.400000 3 281.2 121.7 172.2 248.6
8.433333 3 281.5 124.5 170.3 247.2
8.466667 3 281.7 127.2 168.5 245.8
8.500000 3 282.0 130.0 166.7 244.3
8.533333 3 282.2 132.7 164.8 242.9
8.566667 3 282.5 135.5 163.0 241.5
8.600000 3 282.7 138.2 161.2 240.1
8.633333 3 283.0 141.0 159.3 238.7
8.666667 3 283.2 143.7 157.5 237.3
8.700000 3 283.5 146.5 155.7 235.8
8.733333 3 283.7 149.2 153.8 234.4
8.766667 3 284.0 152.0 152.0 233.0
8.800000 3 280.4 153.8 151.2 235.7
8.833333 3 276.8 155.7 150.5 238.4
8.866667 3 273.2 157.5 149.7 241.1
8.900000 3 269.5 159.4 148.9 243.8
8.933333 3 265.9 161.2 148.2 246.5
8.966667 3 262.3 163.1 147.4 249.2
9.000000 3 258.7 164.9 146.6 251.8
9.033333 3 255.1 166.8 145.8 254.5
9.066667 3 251.5 168.6 145.1 257.2
9.100000 3 247.8 170.5 144.3 259.9
9.133333 3 244.2 172.3 143.5 262.6
9.166667 3 240.6 174.2 142.8 265.3
9.200000 3 237.0 176.0 142.0 268.0
9.233333 3 236.1 176.7 145.2 264.8
9.266667 3 235.2 177.5 148.3 261.7
9.300000 3 234.3 178.2 151.5 258.5
9.333333 3 233.3 179.0 154.7 255.3
9.366667 3 232.4 179.7 157.8 252.2
9.400000 3 231.5 180.5 161.0 249.0
9.433333 3 230.6 181.2 164.2 245.8
9.466667 3 229.7 182.0 167.3 242.7
9.500000 3 228.8 182.7 170.5 239.5
9.533333 3 227.8 183.5 173.7 236.3
9.566667 3 226.9 184.2 176.8 233.2
9.600000 3 226.0 185.0 180.0 230.0
9.633333 3 224.8 184.7 179.7 230.9
9.666667 3 223.7 184.5 179.3 231.8
9.700000 3 222.5 184.2 179.0 232.8
9.733333 3 221.3 184.0 178.7 233.7
9.766667 3 220.2 183.7 178.3 234.6
9.800000 3 219.0 183.5 178.0 235.5
9.833333 3 217.8 183.2 177.7 236.4
9.866667 3 216.7 183.0 177.3 237.3
9.900000 3 215.5 182.7 177.0 238.3
9.933333 3 214.3 182.5 176.7 239.2
9.966667 3 213.2 182.2 176.3 240.1
10.000000 3 212.0 182.0 176.0 241.0
10.033333 3 214.6 181.6 180.2 241.4
10.066667 3 217.3 181.3 184.4 241.7
10.100000 3 219.9 180.9 188.6 242.1
10.133333 3 222.6 180.6 192.9 242.4
10.166667 3 225.2 180.2 197.1 242.8
10.200000 3 227.9 179.9 201.3 243.1
10.233333 3 230.5 179.5 205.5 243.5
10.266667 3 233.1 179.1 209.7 243.9
10.300000 3 235.8 178.8 213.9 244.2
10.333333 3 238.4 178.4 218.1 244.6
10.366667 3 241.1 178.1 222.4 244.9
10.400000 3 243.7 177.7 226.6 245.3
10.433333 3 246.4 177.4 230.8 245.6
10.466667 3 249.0 177.0 235.0 246.0
10.500000 3 253.8 174.8 232.6 246.6
10.533333 3 258.6 172.6 230.2 247.2
10.566667 3 263.4 170.4 227.8 247.8
10.600000 3 268.2 168.2 225.4 248.4
10.633333 3 273.0 166.0 223.0 249.0
