0.033333 3 251.1 262.7 88.8 77.7
0.066667 3 261.3 271.5 71.2 60.4
0.100000 3 261.5 270.9 73.9 62.1
0.133333 3 263.7 271.8 72.5 60.9
0.166667 3 264.5 271.6 72.8 61.0
0.200000 3 265.8 271.4 73.0 61.5
0.233333 3 267.4 270.5 73.3 62.4
0.266667 3 268.9 271.6 72.5 61.1
0.300000 3 270.9 272.4 72.0 60.7
0.333333 3 272.8 274.3 71.4 59.8
0.366667 3 275.3 276.2 71.1 59.5
0.400000 3 278.5 278.6 69.7 58.3
0.433333 3 281.0 280.4 71.1 59.5
0.466667 3 284.2 282.0 71.5 60.0
0.500000 3 287.7 284.7 70.5 58.6
0.533333 3 290.4 285.8 71.1 59.5
0.566667 3 292.9 287.5 71.2 59.8
0.600000 3 295.4 289.8 71.0 59.5
0.633333 3 298.4 292.3 69.7 58.6
0.666667 3 299.8 292.5 72.1 61.2
0.700000 3 302.1 293.3 72.4 61.8
0.733333 3 305.5 296.6 69.2 57.3
0.766667 3 307.1 297.1 69.4 57.8
0.800000 3 308.4 298.3 69.3 57.9
0.833333 3 308.8 299.2 70.2 58.8
0.866667 3 309.9 300.6 68.9 57.7
0.900000 3 309.1 300.3 70.5 59.0
0.933333 3 308.7 299.6 70.8 59.7
0.966667 3 309.2 301.4 68.1 55.9
1.000000 3 307.0 298.4 69.7 59.7
1.033333 3 306.3 297.8 69.9 59.6
1.066667 3 306.1 296.8 69.2 59.3
1.100000 3 304.0 294.5 71.6 61.9
1.133333 3 303.2 293.8 71.4 61.6
1.166667 3 302.1 293.4 70.8 60.6
1.200000 3 300.0 292.7 71.5 60.7
1.233333 3 298.3 291.9 71.6 61.3
1.266667 3 296.8 292.5 71.5 61.0
1.300000 3 296.5 292.8 70.9 60.9
1.333333 3 294.2 290.4 74.3 64.9
1.366667 3 294.2 290.9 73.9 64.7
1.400000 3 294.4 291.1 73.1 63.4
1.433333 3 293.6 291.3 74.0 64.3
1.466667 3 293.0 291.2 74.0 64.9
1.500000 3 292.2 292.0 74.4 65.0
1.533333 3 292.2 293.1 73.6 64.6
1.566667 3 291.1 293.6 75.3 66.4
1.600000 3 291.2 294.9 75.2 66.5
1.633333 3 291.1 297.4 74.9 66.1
1.666667 3 290.3 299.4 75.5 66.5
1.700000 3 289.2 301.9 75.8 67.4
1.733333 3 288.2 304.4 76.3 67.7
1.766667 3 288.6 307.0 75.1 66.8
1.800000 3 287.4 305.3 78.7 70.4
1.833333 3 288.5 305.1 78.3 70.1
1.866667 3 289.3 306.1 78.2 69.8
1.900000 3 289.9 306.7 78.9 70.3
1.933333 3 290.2 307.3 79.1 71.1
1.966667 3 290.0 308.7 79.4 71.3
2.000000 3 290.4 309.9 78.8 70.9
2.033333 3 289.9 310.8 80.2 72.0
2.066667 3 290.9 312.6 79.2 71.2
2.100000 3 290.7 313.8 80.1 72.1
2.133333 3 290.4 314.7 80.6 72.3
2.166667 3 289.9 315.1 80.8 73.1
2.200000 3 289.5 315.5 80.7 72.7
2.233333 3 289.7 315.7 79.8 72.1
2.266667 3 289.2 314.7 80.6 72.6
2.300000 3 289.0 313.5 80.4 72.7
2.333333 3 288.4 313.5 80.4 72.5
2.366667 3 287.6 313.2 80.8 72.7
2.400000 3 286.5 312.7 81.2 73.5
2.433333 3 285.4 313.2 81.5 73.6
2.466667 3 284.7 313.1 80.9 73.3
2.500000 3 283.7 313.2 81.3 73.4
2.533333 3 283.0 313.8 81.1 73.3
2.566667 3 282.3 314.9 81.3 73.6
2.600000 3 281.5 316.3 81.4 73.5
2.633333 3 280.6 317.6 81.3 73.6
2.666667 3 280.0 319.4 81.0 73.0
2.700000 3 279.3 321.0 80.6 72.6
2.733333 3 278.3 322.9 80.5 72.2
2.766667 3 276.9 324.2 80.9 72.7
2.800000 3 276.2 326.4 80.3 72.1
2.833333 3 275.3 328.5 80.3 71.9
2.866667 3 274.6 330.3 80.3 72.0
2.900000 3 274.1 333.1 79.9 71.2
2.933333 3 273.4 335.5 79.8 71.3
2.966667 3 273.0 337.7 79.4 70.5
3.000000 3 272.7 338.7 79.2 70.4
3.033333 3 272.7 339.7 78.8 69.9
3.066667 3 272.7 340.4 78.8 69.8
3.100000 3 272.8 341.0 78.4 69.5
3.133333 3 273.4 342.5 77.9 68.5
3.166667 3 273.6 342.2 79.0 69.9
3.200000 3 275.5 343.8 77.6 68.3
3.233333 3 276.8 344.7 77.6 68.2
3.266667 3 277.7 345.8 77.1 67.6
3.300000 3 278.2 347.4 76.8 67.2
3.333333 3 278.7 348.7 76.4 66.7
3.366667 3 278.5 349.8 76.5 66.6
3.400000 3 277.6 350.0 77.7 67.9
3.433333 3 277.7 352.1 76.2 66.3
3.466667 3 276.5 353.0 76.4 66.5
3.500000 3 275.5 354.5 76.0 66.1
3.533333 3 274.3 355.6 75.6 65.4
3.566667 3 272.7 356.2 75.0 64.6
3.600000 3 271.5 356.9 73.7 63.0
3.633333 3 268.1 354.8 76.5 66.0
3.666667 3 268.3 356.6 73.2 62.2
3.700000 3 267.1 356.5 73.1 61.8
3.733333 3 266.5 357.9 72.2 60.6
3.766667 3 266.2 360.0 70.7 58.4
3.800000 3 264.7 359.9 71.6 59.6
3.833333 3 264.8 361.9 69.7 57.2
3.866667 3 262.8 360.8 72.6 60.3
3.900000 3 264.2 364.0 68.7 55.4
3.933333 3 264.2 365.3 67.5 53.8
3.966667 3 264.1 366.2 67.6 54.0
4.000000 3 264.9 366.1 68.1 54.1
4.033333 3 267.0 366.0 68.0 54.0
4.066667 3 273.6 360.0 66.9 60.5
4.100000 3 276.9 359.2 66.8 60.1
4.133333 3 280.9 359.1 65.9 59.2
4.166667 3 284.1 358.1 66.5 59.8
4.200000 3 288.5 358.6 64.7 57.8
4.233333 3 292.4 359.0 63.3 56.4
4.266667 3 295.0 357.8 63.9 57.0
4.300000 3 298.2 357.3 63.7 56.6
4.333333 3 301.5 356.1 63.4 56.2
4.366667 3 305.4 355.2 62.7 55.4
4.400000 3 308.5 353.8 62.6 55.2
4.433333 3 311.8 353.0 61.5 54.1
4.466667 3 313.8 352.4 61.3 53.7
4.500000 3 315.1 351.4 61.6 54.1
4.533333 3 317.3 351.7 59.8 52.2
4.566667 3 318.2 351.3 59.4 51.5
4.600000 3 319.0 351.1 58.5 50.5
4.633333 3 318.7 350.4 58.4 50.5
4.666667 3 319.3 350.5 57.1 49.1
4.700000 3 318.5 349.5 58.0 49.8
4.733333 3 318.1 349.6 57.3 49.1
4.766667 3 318.4 350.5 55.2 47.0
4.800000 3 317.5 350.0 55.6 47.3
4.833333 3 317.3 350.2 55.1 46.8
4.866667 3 317.1 350.4 54.4 46.0
4.900000 3 316.9 350.5 54.0 45.7
4.933333 3 316.2 350.5 54.5 46.0
4.966667 3 316.0 350.4 53.8 45.3
5.000000 3 315.8 350.2 53.5 44.9
5.033333 3 315.5 349.7 53.1 44.7
5.066667 3 315.8 349.7 52.8 44.4
5.100000 3 316.1 349.9 52.7 44.0
5.133333 3 316.9 350.5 52.0 43.4
5.166667 3 317.1 350.8 52.7 43.9
5.200000 3 318.2 351.7 52.0 43.3
5.233333 3 319.4 352.9 51.4 42.6
5.266667 3 319.9 353.8 51.5 42.6
5.300000 3 320.4 354.1 51.7 42.9
5.333333 3 320.7 354.0 52.0 43.1
5.366667 3 321.6 353.8 51.3 42.4
5.400000 3 321.5 353.2 52.0 43.0
5.433333 3 321.5 353.3 52.0 43.0
5.466667 3 321.7 354.1 51.6 42.4
5.500000 3 321.5 355.0 51.9 42.7
5.533333 3 321.9 356.2 51.6 42.5
5.566667 3 321.7 357.1 51.9 42.9
5.600000 3 321.5 358.2 52.1 43.0
5.633333 3 321.4 359.1 51.8 42.6
5.666667 3 321.3 360.2 51.9 42.8
5.700000 3 321.4 361.4 52.0 42.8
5.733333 3 321.3 362.7 51.5 42.3
5.766667 3 320.7 363.5 52.0 42.7
5.800000 3 319.7 363.9 51.6 42.1
5.833333 3 318.6 363.9 51.6 42.1
5.866667 3 317.6 363.4 52.1 42.6
5.900000 3 317.3 363.3 51.9 42.6
5.933333 3 317.1 363.6 51.8 42.5
5.966667 3 316.7 364.0 51.5 42.0
6.000000 3 316.2 364.4 51.5 42.2
6.033333 3 315.4 365.1 51.3 41.9
6.066667 3 314.6 365.3 51.5 41.9
6.100000 3 313.4 365.3 52.3 42.7
6.133333 3 312.9 366.0 51.6 42.0
6.166667 3 312.1 366.3 51.7 42.1
6.200000 3 310.8 366.3 52.1 42.6
6.233333 3 310.2 366.7 51.9 42.4
6.266667 3 309.5 366.6 52.3 42.5
6.300000 3 309.2 367.0 51.7 42.1
6.333333 3 308.3 366.9 51.9 42.2
6.366667 3 307.3 366.5 52.5 42.7
6.400000 3 307.2 366.3 51.8 42.0
6.433333 3 306.6 365.2 52.1 42.2
6.466667 3 306.4 364.2 51.7 41.8
6.500000 3 305.7 362.3 52.1 42.1
6.533333 3 305.4 360.4 52.4 42.3
6.566667 3 305.0 359.3 51.8 41.7
6.600000 3 303.8 358.3 52.4 42.4
6.633333 3 302.6 358.8 52.3 42.1
6.666667 3 301.2 359.7 52.3 42.2
6.700000 3 300.6 361.5 51.6 41.4
6.733333 3 299.3 362.5 52.0 41.8
6.766667 3 298.7 363.6 51.8 41.5
6.800000 3 297.6 364.6 51.8 41.4
6.833333 3 296.5 365.6 51.4 41.1
6.866667 3 295.1 366.7 51.5 41.1
6.900000 3 293.6 368.2 51.7 41.3
6.933333 3 292.7 369.8 51.9 41.5
6.966667 3 291.8 370.7 51.8 41.4
7.000000 3 290.8 372.0 51.9 41.6
7.033333 3 290.0 373.4 51.7 41.2
7.066667 3 289.2 374.5 51.5 40.9
7.100000 3 287.8 375.9 52.0 41.5
7.133333 3 286.8 377.6 51.6 41.0
7.166667 3 286.3 379.0 51.7 41.3
7.200000 3 285.7 380.1 52.0 41.3
7.233333 3 285.5 381.1 52.2 41.5
7.266667 3 285.3 382.2 51.8 41.2
7.300000 3 285.2 383.8 51.5 40.7
7.333333 3 284.5 385.2 52.0 41.2
7.366667 3 284.2 386.7 51.7 41.0
7.400000 3 283.4 387.6 52.5 41.7
7.433333 3 283.0 389.0 52.0 41.2
7.466667 3 270.7 373.8 73.5 58.1
7.500000 3 271.5 375.8 71.3 55.3
7.533333 3 272.8 377.4 67.6 52.7
7.566667 3 273.3 379.1 65.8 50.4
7.600000 3 273.8 379.8 64.3 49.1
7.633333 3 277.5 383.0 57.1 42.9
7.666667 3 276.4 382.3 58.4 44.2
7.700000 3 278.0 384.2 54.7 40.6
7.733333 3 278.0 384.8 53.7 40.0
7.766667 3 277.5 385.5 52.6 38.9
7.800000 3 277.2 385.8 51.5 37.9
7.833333 3 276.5 385.8 51.1 37.5
7.866667 3 275.7 385.7 50.9 37.2
7.900000 3 275.0 385.6 50.9 37.2
7.933333 3 274.2 385.7 50.7 37.1
7.966667 3 273.1 385.3 50.7 37.1
8.000000 3 271.8 385.7 50.7 37.0
8.033333 3 271.1 386.5 50.4 36.8
8.066667 3 270.6 387.9 50.4 36.8
8.100000 3 270.7 389.5 49.9 36.4
8.133333 3 270.2 390.5 50.1 36.5
8.166667 3 269.2 391.8 50.4 36.7
8.200000 3 268.4 393.4 49.8 36.2
8.233333 3 267.4 394.6 49.6 36.1
8.266667 3 267.0 395.6 49.6 36.1
8.300000 3 266.2 396.7 50.2 36.4
8.333333 3 265.7 398.1 50.2 36.4
8.366667 3 265.5 399.6 49.6 35.9
8.400000 3 265.2 400.7 49.5 35.9
8.433333 3 264.7 402.1 49.7 35.9
8.466667 3 264.3 403.5 49.4 35.6
8.500000 3 264.1 404.9 49.0 35.3
8.533333 3 263.1 406.2 49.4 35.6
8.566667 3 262.6 407.2 49.2 35.4
8.600000 3 262.3 408.2 48.9 35.2
8.633333 3 261.6 409.2 48.8 35.1
8.666667 3 260.7 410.1 48.7 34.9
8.700000 3 259.7 411.2 48.7 34.9
8.733333 3 258.7 412.5 49.1 35.2
8.766667 3 258.2 413.5 49.2 35.2
8.800000 3 257.9 415.1 48.7 34.9
8.833333 3 257.3 416.2 48.6 34.6
8.866667 3 257.0 417.5 48.6 34.7
8.900000 3 257.1 419.0 48.5 34.5
8.933333 3 257.3 420.4 48.3 34.3
8.966667 3 257.3 421.8 48.6 34.4
9.000000 3 257.2 423.1 48.5 34.3
9.033333 3 257.3 424.4 48.1 34.1
9.066667 3 256.5 425.7 48.4 34.2
9.100000 3 256.1 426.3 48.3 34.1
9.133333 3 255.7 426.5 48.3 34.0
9.166667 3 255.0 426.5 48.1 33.9
9.200000 3 254.4 426.3 48.4 33.9
9.233333 3 253.5 426.4 48.3 33.9
9.266667 3 252.5 426.9 48.4 33.9
9.300000 3 251.7 427.0 48.5 33.9
9.333333 3 251.4 427.7 48.2 33.8
9.366667 3 250.7 428.9 47.7 33.4
9.400000 3 249.5 430.4 47.8 33.3
9.433333 3 249.0 431.6 47.8 33.0
9.466667 3 248.3 433.0 47.5 33.0
9.500000 3 247.7 434.2 47.5 33.0
9.533333 3 246.9 435.3 47.5 32.9
9.566667 3 246.2 436.0 47.7 32.8
9.600000 3 245.7 436.8 47.4 32.7
9.633333 3 245.3 437.1 47.5 32.7
9.666667 3 245.3 437.2 47.4 32.6
9.700000 3 244.8 437.8 47.6 32.8
9.733333 3 244.2 438.6 47.6 32.6
9.766667 3 243.4 439.8 47.5 32.6
9.800000 3 242.7 441.1 47.4 32.7
9.833333 3 242.8 442.1 47.3 32.6
9.866667 3 242.6 443.3 47.3 32.5
9.900000 3 242.2 444.4 47.3 32.4
9.933333 3 241.6 445.5 47.3 32.4
9.966667 3 241.5 446.0 47.5 32.3
10.000000 3 241.9 445.9 47.4 32.3
10.033333 3 242.2 445.5 47.3 32.1
10.066667 3 242.1 446.2 47.1 32.0
10.100000 3 240.9 447.2 47.0 31.9
10.133333 3 240.0 448.2 47.0 31.8
