0.033333 3 149.0 353.0 453.0 215.0
0.033333 3 279.0 296.0 31.0 35.0
0.033333 3 37.0 34.0 37.0 31.0
0.066667 3 146.0 353.5 455.4 214.9
0.066667 3 278.9 296.2 32.0 35.9
0.066667 3 37.4 34.7 37.7 31.6
0.100000 3 143.0 354.1 457.9 214.7
0.100000 3 278.7 296.4 33.0 36.7
0.100000 3 37.9 35.5 38.3 32.3
0.133333 3 140.0 354.6 460.3 214.6
0.133333 3 278.6 296.6 34.0 37.6
0.133333 3 38.3 36.2 39.0 32.9
0.166667 3 137.0 355.1 462.7 214.5
0.166667 3 278.5 296.9 35.0 38.5
0.166667 3 38.7 36.9 39.7 33.6
0.200000 3 134.0 355.7 465.1 214.3
0.200000 3 278.3 297.1 36.0 39.3
0.200000 3 39.1 37.7 40.3 34.2
0.233333 3 131.0 356.2 467.6 214.2
0.233333 3 278.2 297.3 37.0 40.2
0.233333 3 39.6 38.4 41.0 34.9
0.266667 3 128.0 356.7 470.0 214.1
0.266667 3 278.1 297.5 38.0 41.1
0.266667 3 40.0 39.1 41.7 35.5
0.300000 3 125.0 357.3 472.4 213.9
0.300000 3 277.9 297.7 39.0 41.9
0.300000 3 40.4 39.9 42.3 36.1
0.333333 3 122.0 357.8 474.9 213.8
0.333333 3 277.8 297.9 40.0 42.8
0.333333 3 40.9 40.6 43.0 36.8
0.366667 3 119.0 358.3 477.3 213.7
0.366667 3 277.7 298.1 41.0 43.7
0.366667 3 41.3 41.3 43.7 37.4
0.400000 3 116.0 358.9 479.7 213.5
0.400000 3 277.5 298.4 42.0 44.5
0.400000 3 41.7 42.1 44.3 38.1
0.433333 3 113.0 359.4 482.1 213.4
0.433333 3 277.4 298.6 43.0 45.4
0.433333 3 42.1 42.8 45.0 38.7
0.466667 3 110.0 359.9 484.6 213.3
0.466667 3 277.3 298.8 44.0 46.3
0.466667 3 42.6 43.5 45.7 39.4
0.500000 3 107.0 360.5 487.0 213.1
0.500000 3 277.1 299.0 45.0 47.1
0.500000 3 43.0 44.3 46.3 40.0
0.533333 3 104.0 361.0 486.6 213.0
0.533333 3 277.0 298.6 46.0 48.0
0.533333 3 43.3 45.0 47.0 39.9
0.566667 3 103.4 360.3 486.2 212.6
0.566667 3 276.8 298.2 45.5 48.0
0.566667 3 43.5 45.1 46.7 39.7
0.600000 3 102.9 359.6 485.9 212.3
0.600000 3 276.6 297.9 45.0 48.0
0.600000 3 43.8 45.1 46.4 39.6
0.633333 3 102.3 358.9 485.5 211.9
0.633333 3 276.4 297.5 44.5 48.0
0.633333 3 44.0 45.2 46.1 39.5
0.666667 3 101.7 358.1 485.1 211.6
0.666667 3 276.2 297.1 44.0 48.0
0.666667 3 44.3 45.3 45.9 39.4
0.700000 3 101.1 357.4 491.5 211.2
0.700000 3 276.0 296.7 43.0 48.0
0.700000 3 44.0 45.0 45.0 39.0
0.733333 3 100.6 356.7 491.1 210.9
0.733333 3 275.9 296.4 43.0 48.0
0.733333 3 44.0 45.0 45.0 39.0
0.766667 3 100.0 356.0 493.0 210.5
0.766667 3 275.7 297.5 42.0 48.0
0.766667 3 45.0 45.0 44.0 38.0
0.800000 3 99.4 355.3 489.6 210.1
0.800000 3 275.5 295.6 42.0 48.0
0.800000 3 45.0 45.0 44.0 38.0
0.833333 3 98.9 354.6 491.5 209.8
0.833333 3 275.3 296.0 41.0 48.0
0.833333 3 45.0 45.0 44.0 38.0
0.866667 3 98.3 353.9 488.9 209.4
0.866667 3 275.1 294.9 41.0 48.0
0.866667 3 45.0 45.0 44.0 38.0
0.900000 3 97.7 353.1 482.5 209.1
0.900000 3 274.9 294.5 40.5 48.0
0.900000 3 46.0 45.8 43.9 38.5
0.933333 3 97.1 352.4 482.1 208.7
0.933333 3 274.7 294.1 40.0 48.0
0.933333 3 46.3 45.9 43.6 38.4
0.966667 3 96.6 351.7 481.7 208.4
0.966667 3 274.5 293.7 39.5 48.0
0.966667 3 46.5 45.9 43.3 38.2
1.000000 3 96.0 351.0 481.4 208.0
1.000000 3 274.3 293.4 39.0 48.0
1.000000 3 46.8 46.0 43.0 38.1
1.033333 3 94.4 350.3 481.0 208.2
1.033333 3 274.1 293.0 39.2 48.0
1.033333 3 47.0 45.8 42.7 38.0
1.066667 3 92.9 349.6 479.6 208.4
1.066667 3 274.0 291.9 39.4 48.0
1.066667 3 47.0 45.6 42.4 38.5
1.100000 3 91.3 348.9 478.2 208.6
1.100000 3 273.8 290.7 39.6 48.0
1.100000 3 47.0 45.4 42.1 38.9
1.133333 3 89.7 348.1 476.8 208.8
1.133333 3 273.6 289.6 39.8 48.0
1.133333 3 47.0 45.2 41.9 39.4
1.166667 3 88.2 347.4 475.4 208.9
1.166667 3 273.4 288.5 39.9 48.0
1.166667 3 47.0 45.1 41.6 39.9
1.200000 3 86.6 346.7 474.0 209.1
1.200000 3 273.2 287.3 40.1 48.0
1.200000 3 47.0 44.9 41.3 40.3
1.233333 3 85.1 346.0 472.6 209.3
1.233333 3 273.0 286.2 40.3 48.0
1.233333 3 47.0 44.7 41.0 40.8
1.266667 3 83.5 344.9 471.2 209.5
1.266667 3 272.5 285.1 40.5 48.1
1.266667 3 47.0 44.5 40.7 41.3
1.300000 3 81.9 343.9 469.8 209.7
1.300000 3 272.0 283.9 40.7 48.3
1.300000 3 47.0 44.3 40.4 41.7
1.333333 3 80.4 342.8 468.4 209.9
1.333333 3 271.5 282.8 40.9 48.4
1.333333 3 47.0 44.1 40.1 42.2
1.366667 3 78.8 341.7 467.0 210.1
1.366667 3 271.0 281.7 41.1 48.6
1.366667 3 47.0 43.9 39.9 42.7
1.400000 3 77.2 340.6 465.6 210.3
1.400000 3 270.5 280.5 41.3 48.7
1.400000 3 47.0 43.7 39.6 43.1
1.433333 3 75.7 339.6 464.2 210.4
1.433333 3 270.0 279.4 41.4 48.9
1.433333 3 47.0 43.6 39.3 43.6
1.466667 3 74.1 338.5 462.8 210.6
1.466667 3 269.5 278.3 41.6 49.0
1.466667 3 47.0 43.4 39.0 44.1
1.500000 3 72.6 337.4 461.4 210.8
1.500000 3 269.0 277.1 41.8 49.1
1.500000 3 47.0 43.2 38.7 44.5
1.533333 3 71.0 336.4 460.0 211.0
1.533333 3 268.5 276.0 42.0 49.3
1.533333 3 47.0 43.0 38.4 45.0
1.566667 3 70.0 335.3 459.1 211.3
1.566667 3 268.0 276.0 42.1 49.4
1.566667 3 47.4 43.0 38.1 44.8
1.600000 3 68.9 334.2 458.1 211.5
1.600000 3 267.5 276.0 42.3 49.6
1.600000 3 47.9 42.9 37.9 44.6
1.633333 3 67.9 333.1 457.2 211.8
1.633333 3 267.0 276.0 42.4 49.7
1.633333 3 48.3 42.9 37.6 44.3
1.666667 3 66.8 332.1 456.2 212.0
1.666667 3 266.5 276.0 42.5 49.9
1.666667 3 48.8 42.8 37.3 44.1
1.700000 3 65.8 331.0 455.3 212.3
1.700000 3 266.0 276.0 42.7 50.0
1.700000 3 49.2 42.8 37.0 43.9
1.733333 3 64.7 330.5 454.3 212.6
1.733333 3 266.0 276.0 42.8 49.6
1.733333 3 49.7 42.7 36.9 43.7
1.766667 3 63.7 330.0 453.4 212.8
1.766667 3 266.1 276.0 42.9 49.2
1.766667 3 50.1 42.7 36.8 43.4
1.800000 3 62.7 329.5 452.4 213.1
1.800000 3 266.1 276.0 43.0 48.8
1.800000 3 50.6 42.7 36.7 43.2
1.833333 3 61.6 329.0 451.5 213.3
1.833333 3 266.2 276.0 43.2 48.4
1.833333 3 51.0 42.6 36.6 43.0
1.866667 3 60.6 328.5 450.6 213.6
1.866667 3 266.2 276.0 43.3 48.0
1.866667 3 51.4 42.6 36.5 42.8
1.900000 3 59.5 328.0 449.6 213.9
1.900000 3 266.3 276.0 43.4 47.5
1.900000 3 51.9 42.5 36.5 42.6
1.933333 3 58.5 327.5 448.7 214.1
1.933333 3 266.3 276.0 43.6 47.1
1.933333 3 52.3 42.5 36.4 42.3
1.966667 3 57.4 327.0 447.7 214.4
1.966667 3 266.4 276.0 43.7 46.7
1.966667 3 52.8 42.4 36.3 42.1
2.000000 3 56.4 326.5 446.8 214.7
2.000000 3 266.4 276.0 43.8 46.3
2.000000 3 53.2 42.4 36.2 41.9
2.033333 3 55.3 326.0 445.8 214.9
2.033333 3 266.5 276.0 44.0 45.9
2.033333 3 53.7 42.3 36.1 41.7
2.066667 3 54.3 325.5 444.9 215.2
2.066667 3 266.5 276.0 44.1 45.5
2.066667 3 54.1 42.3 36.0 41.4
2.100000 3 53.3 325.0 443.9 215.4
2.100000 3 266.5 276.0 44.2 45.1
2.100000 3 54.6 42.3 35.9 41.2
2.133333 3 52.2 324.5 443.0 215.7
2.133333 3 266.6 276.0 44.3 44.7
2.133333 3 55.0 42.2 35.8 41.0
2.166667 3 51.2 324.0 443.0 216.0
2.166667 3 266.6 275.8 44.5 44.3
2.166667 3 54.6 42.2 35.7 40.6
2.200000 3 50.1 323.5 442.9 216.2
2.200000 3 266.7 275.5 44.6 43.9
2.200000 3 54.2 42.1 35.6 40.3
2.233333 3 49.1 323.0 442.9 216.5
2.233333 3 266.7 275.3 44.7 43.5
2.233333 3 53.8 42.1 35.5 39.9
2.266667 3 48.0 322.5 442.8 216.7
2.266667 3 266.8 275.1 44.9 43.0
2.266667 3 53.4 42.0 35.5 39.5
2.300000 3 47.0 322.0 442.8 217.0
2.300000 3 266.8 274.9 45.0 42.6
2.300000 3 53.0 42.0 35.4 39.2
2.333333 3 46.8 321.5 442.7 217.0
2.333333 3 266.9 274.6 45.2 42.2
2.333333 3 52.5 41.8 35.3 38.8
2.366667 3 46.7 321.0 442.7 217.0
2.366667 3 266.9 274.4 45.3 41.8
2.366667 3 52.1 41.7 35.2 38.5
2.400000 3 46.5 320.5 442.6 217.0
2.400000 3 267.0 274.2 45.5 41.4
2.400000 3 51.7 41.5 35.1 38.1
2.433333 3 46.4 320.0 442.6 217.0
2.433333 3 267.0 274.0 45.6 41.0
2.433333 3 51.3 41.4 35.0 37.7
2.466667 3 46.2 320.2 442.5 217.0
2.466667 3 266.4 273.7 45.8 41.2
2.466667 3 50.9 41.2 35.2 37.4
2.500000 3 46.1 320.4 442.5 217.0
2.500000 3 265.8 273.5 45.9 41.4
2.500000 3 50.5 41.1 35.3 37.0
2.533333 3 45.9 320.6 442.5 217.0
2.533333 3 265.1 273.3 46.1 41.6
2.533333 3 50.1 40.9 35.5 36.6
2.566667 3 45.7 320.8 442.4 217.0
2.566667 3 264.5 273.0 46.3 41.8
2.566667 3 49.7 40.7 35.7 36.3
2.600000 3 45.6 321.0 442.4 217.0
2.600000 3 263.9 272.8 46.4 42.0
2.600000 3 49.3 40.6 35.8 35.9
2.633333 3 45.4 321.2 442.3 217.0
2.633333 3 263.2 272.6 46.6 42.3
2.633333 3 48.9 40.4 36.0 35.5
2.666667 3 45.3 321.5 442.3 217.0
2.666667 3 262.6 272.4 46.7 42.5
2.666667 3 48.5 40.3 36.2 35.2
2.700000 3 45.1 321.7 442.2 217.0
2.700000 3 262.0 272.1 46.9 42.7
2.700000 3 48.0 40.1 36.3 34.8
2.733333 3 44.9 321.9 442.2 217.0
2.733333 3 261.4 271.9 47.1 42.9
2.733333 3 47.6 39.9 36.5 34.5
2.766667 3 44.8 322.1 442.1 217.0
2.766667 3 260.8 271.7 47.2 43.1
2.766667 3 47.2 39.8 36.7 34.1
2.800000 3 44.6 322.3 442.1 217.0
2.800000 3 260.1 271.5 47.4 43.3
2.800000 3 46.8 39.6 36.8 33.7
2.833333 3 44.5 322.5 442.0 217.0
2.833333 3 259.5 271.2 47.5 43.5
2.833333 3 46.4 39.5 37.0 33.4
2.866667 3 44.3 322.7 442.0 217.0
2.866667 3 258.9 271.0 47.7 43.7
2.866667 3 46.0 39.3 37.2 33.0
2.900000 3 44.2 322.9 441.9 217.0
2.900000 3 258.2 270.2 47.8 43.9
2.900000 3 45.9 39.2 37.3 33.2
2.933333 3 44.0 323.1 441.8 217.0
2.933333 3 257.6 269.3 48.0 44.1
2.933333 3 45.8 39.0 37.5 33.4
2.966667 3 43.9 323.3 441.7 216.4
2.966667 3 257.0 268.5 47.9 44.3
2.966667 3 45.7 39.3 37.7 33.7
3.000000 3 43.7 323.5 441.6 215.8
3.000000 3 256.4 267.7 47.7 44.5
3.000000 3 45.6 39.6 37.8 33.9
3.033333 3 43.6 323.7 441.4 215.2
3.033333 3 255.8 266.8 47.6 44.8
3.033333 3 45.4 39.9 38.0 34.1
3.066667 3 43.4 324.0 441.3 214.6
3.066667 3 255.1 266.0 47.4 45.0
3.066667 3 45.3 40.2 38.2 34.3
3.100000 3 43.3 324.2 441.2 214.0
3.100000 3 254.5 265.2 47.3 45.2
3.100000 3 45.2 40.5 38.3 34.6
3.133333 3 43.1 324.4 441.1 213.4
3.133333 3 253.9 264.3 47.1 45.4
3.133333 3 45.1 40.8 38.5 34.8
3.166667 3 43.0 324.6 441.0 212.8
3.166667 3 253.2 263.5 47.0 45.6
3.166667 3 45.0 41.1 38.7 35.0
3.200000 3 42.8 324.8 440.9 212.2
3.200000 3 252.6 262.7 46.8 45.8
3.200000 3 44.9 41.4 38.8 35.2
3.233333 3 42.7 325.0 440.8 211.6
3.233333 3 252.0 261.8 46.7 46.0
3.233333 3 44.8 41.7 39.0 35.4
3.266667 3 42.5 325.5 440.7 211.0
3.266667 3 251.4 261.0 46.5 45.8
3.266667 3 44.7 42.0 38.9 35.7
3.300000 3 42.4 325.9 440.6 210.4
3.300000 3 250.7 260.2 46.4 45.6
3.300000 3 44.6 42.3 38.8 35.9
3.333333 3 42.2 326.4 440.4 209.8
3.333333 3 250.1 259.3 46.2 45.4
3.333333 3 44.4 42.6 38.7 36.1
3.366667 3 42.1 326.9 440.3 209.2
3.366667 3 249.5 258.5 46.1 45.2
3.366667 3 44.3 42.9 38.6 36.3
3.400000 3 41.9 327.4 440.2 208.6
3.400000 3 248.8 257.7 45.9 44.9
3.400000 3 44.2 43.2 38.5 36.6
3.433333 3 41.8 327.8 440.1 208.0
3.433333 3 248.2 256.8 45.8 44.7
3.433333 3 44.1 43.5 38.4 36.8
3.466667 3 41.6 328.3 440.0 207.4
3.466667 3 247.6 256.0 45.6 44.5
3.466667 3 44.0 43.8 38.3 37.0
3.500000 3 41.5 328.8 440.1 206.8
3.500000 3 246.9 255.4 45.5 44.3
3.500000 3 44.2 44.1 38.2 37.0
3.533333 3 41.3 329.3 440.3 206.2
3.533333 3 246.3 254.9 45.3 44.1
3.533333 3 44.4 44.4 38.1 37.0
3.566667 3 41.2 329.7 440.4 205.6
3.566667 3 245.7 254.3 45.2 43.9
3.566667 3 44.6 44.7 37.9 37.0
3.600000 3 41.0 330.2 440.5 205.0
3.600000 3 245.1 253.7 45.0 43.7
3.600000 3 44.8 45.0 37.8 37.0
3.633333 3 40.7 330.7 440.6 204.9
3.633333 3 244.4 253.2 44.7 43.5
3.633333 3 44.9 44.6 37.7 37.0
3.666667 3 40.4 331.2 440.8 204.7
3.666667 3 243.8 252.6 44.3 43.3
3.666667 3 45.1 44.2 37.6 37.0
3.700000 3 40.1 331.6 440.9 204.6
3.700000 3 243.2 252.1 44.0 43.1
3.700000 3 45.3 43.8 37.5 37.0
3.733333 3 39.8 332.1 441.0 204.5
3.733333 3 242.5 251.5 43.6 42.8
3.733333 3 45.5 43.4 37.4 37.0
3.766667 3 39.5 332.6 441.1 204.3
3.766667 3 241.9 250.9 43.3 42.6
3.766667 3 45.7 43.0 37.3 37.0
3.800000 3 39.2 333.1 441.3 204.2
3.800000 3 241.3 250.4 42.9 42.4
3.800000 3 45.9 42.7 37.2 37.0
3.833333 3 38.9 333.5 441.4 204.1
3.833333 3 240.6 249.8 42.6 42.2
3.833333 3 46.1 42.3 37.1 37.0
3.866667 3 38.6 334.0 441.5 204.0
3.866667 3 240.0 249.2 42.2 42.0
3.866667 3 46.3 41.9 37.0 37.0
3.900000 3 38.3 333.4 441.6 203.8
3.900000 3 239.7 248.7 41.9 42.2
3.900000 3 46.4 41.5 36.8 37.0
3.933333 3 38.0 332.8 441.8 203.7
3.933333 3 239.4 248.1 41.5 42.4
3.933333 3 46.6 41.1 36.5 37.0
3.966667 3 37.7 332.2 441.9 203.6
3.966667 3 239.1 247.6 41.2 42.5
3.966667 3 46.8 40.7 36.3 37.0
4.000000 3 37.3 331.6 442.0 203.4
4.000000 3 238.8 247.0 40.8 42.7
4.000000 3 47.0 40.3 36.1 37.0
4.033333 3 37.0 331.1 441.4 203.3
4.033333 3 238.5 246.6 40.5 42.9
4.033333 3 46.9 39.9 35.8 37.1
4.066667 3 36.7 330.5 440.7 203.2
4.066667 3 238.2 246.3 40.1 43.1
4.066667 3 46.7 39.5 35.6 37.3
4.100000 3 36.4 329.9 440.1 203.0
4.100000 3 237.9 245.9 39.8 43.2
4.100000 3 46.6 39.1 35.4 37.4
4.133333 3 36.1 329.3 439.4 202.9
4.133333 3 237.6 245.6 39.4 43.4
4.133333 3 46.4 38.7 35.1 37.6
4.166667 3 35.8 328.7 438.8 202.8
4.166667 3 237.4 245.2 39.1 43.6
4.166667 3 46.3 38.3 34.9 37.7
4.200000 3 35.5 328.1 438.1 202.7
4.200000 3 237.1 244.9 38.7 43.8
4.200000 3 46.1 38.0 34.6 37.9
4.233333 3 35.2 327.5 437.5 202.5
4.233333 3 236.8 244.5 38.4 43.9
4.233333 3 46.0 37.6 34.4 38.0
4.266667 3 34.9 326.9 436.9 202.4
4.266667 3 236.5 244.1 38.0 44.1
4.266667 3 45.9 37.2 34.2 38.1
4.300000 3 34.6 326.4 436.2 202.3
4.300000 3 236.2 243.8 37.7 44.3
4.300000 3 45.7 36.8 33.9 38.3
4.333333 3 34.3 325.8 435.6 202.1
4.333333 3 235.9 243.4 37.3 44.5
4.333333 3 45.6 36.4 33.7 38.4
4.366667 3 34.0 325.2 434.9 202.0
4.366667 3 235.6 243.1 37.0 44.6
4.366667 3 45.4 36.0 33.5 38.6
4.400000 3 34.1 324.6 434.3 201.7
4.400000 3 235.3 242.7 37.3 44.8
4.400000 3 45.3 36.0 33.2 38.7
4.433333 3 34.3 324.0 433.6 201.5
4.433333 3 235.0 242.4 37.6 45.0
4.433333 3 45.1 36.0 33.0 38.9
4.466667 3 34.4 324.6 433.0 201.2
4.466667 3 234.5 242.0 37.9 45.0
4.466667 3 45.0 36.0 33.3 39.0
4.500000 3 34.6 325.3 433.5 201.0
4.500000 3 233.9 242.0 38.2 45.0
4.500000 3 45.2 36.0 33.6 38.8
4.533333 3 34.7 325.9 434.0 200.7
4.533333 3 233.4 242.0 38.5 45.0
4.533333 3 45.3 36.0 33.9 38.6
4.566667 3 34.9 326.6 434.5 200.4
4.566667 3 232.8 242.0 38.8 45.0
4.566667 3 45.5 36.0 34.2 38.3
4.600000 3 35.0 327.2 435.0 200.2
4.600000 3 232.3 242.0 39.1 45.0
4.600000 3 45.7 36.0 34.5 38.1
4.633333 3 35.2 327.9 435.5 199.9
4.633333 3 231.7 242.0 39.4 45.0
4.633333 3 45.8 36.0 34.8 37.9
4.666667 3 35.3 328.5 436.0 199.7
4.666667 3 231.2 242.0 39.7 45.0
4.666667 3 46.0 36.0 35.1 37.7
4.700000 3 35.5 329.2 436.5 199.4
4.700000 3 230.6 242.0 40.0 45.0
4.700000 3 46.2 36.0 35.4 37.4
4.733333 3 35.6 329.8 437.0 199.1
4.733333 3 230.1 242.0 40.3 45.0
4.733333 3 46.3 36.0 35.7 37.2
4.766667 3 35.8 330.5 437.5 198.9
4.766667 3 229.5 242.0 40.6 45.0
4.766667 3 46.5 36.0 36.0 37.0
4.800000 3 35.9 331.1 438.0 198.6
4.800000 3 229.0 242.0 40.9 45.0
4.800000 3 46.7 36.0 36.3 36.8
4.833333 3 36.1 331.8 438.5 198.4
4.833333 3 228.4 242.0 41.1 45.0
4.833333 3 46.8 36.0 36.6 36.6
4.866667 3 36.2 332.4 439.0 198.1
4.866667 3 227.9 242.0 41.4 45.0
4.866667 3 47.0 36.0 36.9 36.3
4.900000 3 36.4 333.1 439.5 197.9
4.900000 3 227.3 242.0 41.7 45.0
4.900000 3 47.2 36.0 37.2 36.1
4.933333 3 36.5 333.7 440.0 197.6
4.933333 3 226.8 242.0 42.0 45.0
4.933333 3 47.3 36.0 37.5 35.9
4.966667 3 36.7 334.4 440.5 197.3
4.966667 3 226.2 242.0 42.3 45.0
4.966667 3 47.5 36.0 37.8 35.7
5.000000 3 36.8 335.0 441.0 197.1
5.000000 3 225.7 242.0 42.6 45.0
5.000000 3 47.7 36.0 38.1 35.4
5.033333 3 37.0 335.7 441.5 196.8
5.033333 3 225.1 242.0 42.9 45.0
5.033333 3 47.8 36.0 38.4 35.2
5.066667 3 37.1 336.3 442.0 196.6
5.066667 3 224.6 242.0 43.2 45.0
5.066667 3 48.0 36.0 38.7 35.0
5.100000 3 37.3 337.0 441.7 196.3
5.100000 3 224.0 241.5 43.5 45.0
5.100000 3 47.7 36.0 39.0 35.2
5.133333 3 37.4 337.2 441.4 196.0
5.133333 3 224.0 241.1 43.8 44.7
5.133333 3 47.4 36.0 38.8 35.4
5.166667 3 37.6 337.4 441.1 195.8
5.166667 3 224.0 240.6 44.1 44.4
5.166667 3 47.1 36.0 38.5 35.6
5.200000 3 37.7 337.5 440.7 195.5
5.200000 3 224.0 240.1 44.4 44.1
5.200000 3 46.7 36.0 38.3 35.8
5.233333 3 37.9 337.7 440.4 195.3
5.233333 3 224.0 239.6 44.7 43.8
5.233333 3 46.4 36.0 38.1 36.1
5.266667 3 38.0 337.9 440.1 195.0
5.266667 3 224.0 239.2 45.0 43.5
5.266667 3 46.1 36.0 37.8 36.3
5.300000 3 37.2 338.1 439.8 194.8
5.300000 3 224.0 238.7 45.0 43.2
5.300000 3 45.8 36.0 37.6 36.5
5.333333 3 36.4 338.2 439.5 194.6
5.333333 3 224.0 238.2 45.0 42.9
5.333333 3 45.5 35.9 37.4 36.7
5.366667 3 35.6 338.4 439.2 194.4
5.366667 3 224.0 237.7 45.0 42.6
5.366667 3 45.2 35.9 37.1 36.9
5.400000 3 34.8 338.6 438.8 194.2
5.400000 3 224.0 237.3 45.0 42.4
5.400000 3 44.8 35.8 36.9 37.1
5.433333 3 34.0 338.8 438.5 194.0
5.433333 3 224.0 236.8 45.0 42.1
5.433333 3 44.5 35.8 36.6 37.3
5.466667 3 33.1 338.9 438.2 193.9
5.466667 3 224.0 236.3 45.0 41.8
5.466667 3 44.2 35.7 36.4 37.5
5.500000 3 32.3 339.1 437.9 193.7
5.500000 3 224.0 235.8 45.0 41.5
5.500000 3 43.9 35.7 36.2 37.7
5.533333 3 31.5 339.3 437.6 193.5
5.533333 3 224.0 235.4 45.0 41.2
5.533333 3 43.6 35.6 35.9 37.9
5.566667 3 30.7 339.5 437.3 193.3
5.566667 3 224.0 234.9 45.0 40.9
5.566667 3 43.3 35.6 35.7 38.2
5.600000 3 29.9 339.6 436.9 193.1
5.600000 3 224.0 234.4 45.0 40.6
5.600000 3 42.9 35.5 35.5 38.4
5.633333 3 29.1 339.8 436.6 192.9
5.633333 3 224.0 233.9 45.0 40.3
5.633333 3 42.6 35.5 35.2 38.6
5.666667 3 28.3 340.0 436.3 192.7
5.666667 3 224.0 233.5 45.0 40.0
5.666667 3 42.3 35.4 35.0 38.8
5.700000 3 27.5 340.3 436.0 192.5
5.700000 3 223.9 233.0 45.0 40.2
5.700000 3 42.0 35.4 35.1 39.0
5.733333 3 26.7 340.7 435.8 192.3
5.733333 3 223.8 233.0 45.0 40.4
5.733333 3 42.6 35.3 35.2 39.1
5.766667 3 25.9 341.0 435.6 192.1
5.766667 3 223.7 232.9 45.0 40.6
5.766667 3 43.3 35.3 35.3 39.3
5.800000 3 25.0 341.3 435.4 192.0
5.800000 3 223.6 232.9 45.0 40.8
5.800000 3 43.9 35.2 35.4 39.4
5.833333 3 24.2 341.7 435.2 191.8
5.833333 3 223.5 232.8 45.0 41.0
5.833333 3 44.6 35.2 35.5 39.6
5.866667 3 23.4 342.0 435.0 191.6
5.866667 3 223.4 232.8 45.0 41.2
5.866667 3 45.2 35.1 35.6 39.7
5.900000 3 22.6 342.3 434.8 191.4
5.900000 3 223.3 232.7 45.0 41.4
5.900000 3 45.9 35.1 35.7 39.9
5.933333 3 21.8 342.7 434.6 191.2
5.933333 3 223.2 232.7 45.0 41.6
5.933333 3 46.5 35.0 35.8 40.0
5.966667 3 21.0 343.0 434.4 191.0
5.966667 3 223.1 232.6 45.0 41.8
5.966667 3 47.2 35.0 35.9 40.2
6.000000 3 21.2 343.3 434.2 190.5
6.000000 3 223.0 232.6 44.9 42.0
6.000000 3 47.8 35.1 36.0 40.3
6.033333 3 21.3 343.7 434.0 189.9
6.033333 3 222.9 232.5 44.9 42.2
6.033333 3 48.5 35.1 36.1 40.5
6.066667 3 21.5 344.0 433.8 189.4
6.066667 3 222.8 232.5 44.8 42.4
6.066667 3 49.1 35.2 36.2 40.6
6.100000 3 21.6 344.3 433.6 188.9
6.100000 3 222.7 232.4 44.8 42.6
6.100000 3 49.8 35.2 36.3 40.8
6.133333 3 21.8 344.7 433.4 188.4
6.133333 3 222.6 232.4 44.7 42.8
6.133333 3 50.4 35.3 36.4 40.9
6.166667 3 21.9 345.0 433.2 187.8
6.166667 3 222.5 232.3 44.7 43.0
6.166667 3 51.1 35.3 36.5 41.1
6.200000 3 22.1 345.3 433.0 187.3
6.200000 3 222.4 232.3 44.6 43.2
6.200000 3 51.7 35.4 36.6 41.2
6.233333 3 22.3 345.7 432.8 186.8
6.233333 3 222.3 232.2 44.6 43.4
6.233333 3 52.4 35.4 36.7 41.4
6.266667 3 22.4 346.0 432.6 186.3
6.266667 3 222.2 232.2 44.5 43.6
6.266667 3 53.0 35.5 36.8 41.5
6.300000 3 22.6 346.3 432.4 185.7
6.300000 3 222.1 232.1 44.5 43.8
6.300000 3 53.7 35.5 36.9 41.7
6.333333 3 22.7 346.7 432.2 185.2
6.333333 3 222.0 232.1 44.4 44.0
6.333333 3 54.3 35.6 37.0 41.8
6.366667 3 22.9 347.0 432.0 184.7
6.366667 3 221.9 232.0 44.4 44.2
6.366667 3 55.0 35.6 37.1 42.0
6.400000 3 23.1 347.3 432.6 184.2
6.400000 3 221.8 232.0 44.3 44.4
6.400000 3 54.3 35.7 37.2 41.7
6.433333 3 23.2 347.7 433.3 183.6
6.433333 3 221.7 232.0 44.3 44.6
6.433333 3 53.6 35.7 37.3 41.4
6.466667 3 23.4 348.0 433.9 183.1
6.466667 3 221.6 232.0 44.2 44.8
6.466667 3 52.9 35.8 37.4 41.1
6.500000 3 23.5 348.3 434.6 182.6
6.500000 3 221.5 232.0 44.2 45.0
6.500000 3 52.2 35.8 37.5 40.8
6.533333 3 23.7 348.7 435.2 182.1
6.533333 3 221.4 232.0 44.1 45.2
6.533333 3 51.5 35.9 37.6 40.5
6.566667 3 23.8 349.0 435.9 181.5
6.566667 3 221.3 232.0 44.1 45.4
6.566667 3 50.8 35.9 37.7 40.2
6.600000 3 24.0 349.3 436.5 181.0
6.600000 3 221.2 232.0 44.0 45.6
6.600000 3 50.1 36.0 37.8 39.9
6.633333 3 23.1 349.7 437.2 180.8
6.633333 3 221.1 232.0 43.7 45.8
6.633333 3 49.4 35.6 37.9 39.6
6.666667 3 22.2 350.0 437.8 180.6
6.666667 3 221.0 232.0 43.5 46.0
6.666667 3 48.6 35.2 38.0 39.4
6.700000 3 21.4 349.3 438.5 180.4
6.700000 3 221.0 232.0 43.2 46.0
6.700000 3 47.9 34.9 37.9 39.1
6.733333 3 20.5 348.6 439.1 180.2
6.733333 3 221.0 232.0 43.0 46.0
6.733333 3 47.2 34.5 37.8 38.8
6.766667 3 19.6 347.9 439.8 180.1
6.766667 3 221.0 232.0 42.7 46.0
6.766667 3 46.5 34.1 37.6 38.5
6.800000 3 18.7 347.2 440.4 179.9
6.800000 3 221.0 232.0 42.5 46.0
6.800000 3 45.8 33.7 37.5 38.2
6.833333 3 17.9 346.5 441.1 179.7
6.833333 3 221.0 232.0 42.2 46.0
6.833333 3 45.1 33.4 37.4 37.9
6.866667 3 17.0 345.8 441.7 179.5
6.866667 3 221.0 232.0 42.0 46.0
6.866667 3 44.4 33.0 37.3 37.6
6.900000 3 16.1 345.1 442.4 179.3
6.900000 3 221.0 232.0 41.7 46.0
6.900000 3 43.7 32.6 37.2 37.3
6.933333 3 15.2 344.4 443.0 179.1
6.933333 3 221.0 232.0 41.5 46.0
6.933333 3 43.0 32.2 37.1 37.0
6.966667 3 14.4 343.6 441.8 178.9
6.966667 3 221.0 231.8 41.2 46.0
6.966667 3 43.0 31.9 36.9 36.9
7.000000 3 13.5 342.9 440.7 178.7
7.000000 3 221.0 231.5 41.0 46.0
7.000000 3 43.0 31.5 36.8 36.8
7.033333 3 12.6 342.2 439.5 178.6
7.033333 3 221.0 231.3 40.7 46.0
7.033333 3 43.0 31.1 36.7 36.6
7.066667 3 11.7 341.5 438.4 178.4
7.066667 3 221.0 231.0 40.5 46.0
7.066667 3 43.0 30.7 36.6 36.5
7.100000 3 10.9 340.8 437.2 178.2
7.100000 3 221.0 230.8 40.2 46.0
7.100000 3 43.0 30.4 36.5 36.4
7.133333 3 10.0 340.1 436.0 178.0
7.133333 3 221.0 230.6 40.0 46.0
7.133333 3 43.0 30.0 36.4 36.3
7.166667 3 9.4 339.4 434.9 177.4
7.166667 3 221.0 230.3 39.4 46.0
7.166667 3 43.0 31.0 36.2 36.2
7.200000 3 8.8 338.7 433.7 176.8
7.200000 3 221.0 230.1 38.8 46.0
7.200000 3 43.0 32.0 36.1 36.0
7.233333 3 8.2 338.0 432.6 176.2
7.233333 3 221.0 229.8 38.2 46.0
7.233333 3 43.0 33.0 36.0 35.9
7.266667 3 7.6 336.7 431.4 175.6
7.266667 3 220.7 229.6 37.6 46.3
7.266667 3 43.0 34.0 36.0 35.8
7.300000 3 7.0 335.5 430.2 175.0
7.300000 3 220.5 229.4 37.0 46.6
7.300000 3 43.0 35.0 35.9 35.7
7.333333 3 334.2 429.1 220.2 229.1
7.333333 3 46.9 43.0 35.9 35.6
7.366667 3 333.0 427.9 220.0 228.9
7.366667 3 47.2 43.0 35.8 35.4
7.400000 3 331.7 426.8 219.7 228.6
7.400000 3 47.5 43.0 35.8 35.3
7.433333 3 330.4 425.6 219.4 228.4
7.433333 3 47.8 43.0 35.7 35.2
7.466667 3 329.2 424.4 219.2 228.2
7.466667 3 48.1 43.0 35.7 35.1
7.500000 3 327.9 423.3 218.9 227.9
7.500000 3 48.4 43.0 35.7 35.0
7.533333 3 326.7 422.1 218.7 227.7
7.533333 3 48.7 43.0 35.6 34.8
7.566667 3 325.4 421.0 218.4 227.4
7.566667 3 49.0 43.0 35.6 34.7
7.600000 3 324.1 419.8 218.1 227.2
7.600000 3 49.3 43.0 35.5 34.6
7.633333 3 322.9 418.6 217.9 227.0
7.633333 3 49.7 43.0 35.5 34.5
7.666667 3 321.6 417.5 217.6 226.7
7.666667 3 50.0 43.0 35.4 34.4
7.700000 3 320.3 416.3 217.3 226.5
7.700000 3 50.3 43.0 35.4 34.2
7.733333 3 319.1 415.2 217.1 226.2
7.733333 3 50.6 43.0 35.3 34.1
7.766667 3 317.8 414.0 216.8 226.0
7.766667 3 50.9 43.0 35.3 34.0
7.800000 3 316.6 412.0 216.6 225.6
7.800000 3 51.2 43.6 35.3 34.2
7.833333 3 315.3 409.9 216.3 225.2
7.833333 3 51.5 44.1 35.2 34.4
7.866667 3 314.0 407.9 216.0 224.8
7.866667 3 51.8 44.7 35.2 34.7
7.900000 3 312.8 405.8 215.8 224.4
7.900000 3 52.1 45.3 35.1 34.9
7.933333 3 311.5 403.8 215.5 224.0
7.933333 3 52.4 45.8 35.1 35.1
7.966667 3 310.3 401.7 215.3 223.7
7.966667 3 52.7 46.4 35.0 35.3
8.000000 3 309.0 399.7 215.0 223.3
8.000000 3 53.0 47.0 35.0 35.5
8.033333 3 306.5 397.7 214.5 222.9
8.033333 3 53.1 47.5 35.1 35.7
8.066667 3 304.0 395.6 214.0 222.5
8.066667 3 53.2 48.1 35.2 36.0
8.100000 3 301.5 393.6 213.5 222.1
8.100000 3 53.4 48.7 35.4 36.2
8.133333 3 299.0 391.5 213.0 221.7
8.133333 3 53.5 49.2 35.5 36.4
8.166667 3 296.5 389.5 212.5 221.3
8.166667 3 53.6 49.8 35.6 36.6
8.200000 3 294.0 387.4 212.0 220.9
8.200000 3 53.7 50.3 35.7 36.8
8.233333 3 291.5 385.4 211.5 220.5
8.233333 3 53.9 50.9 35.9 37.0
8.266667 3 289.0 383.3 211.0 220.1
8.266667 3 54.0 51.5 36.0 37.3
8.300000 3 286.5 381.3 210.5 219.7
8.300000 3 54.1 52.0 36.1 37.5
8.333333 3 284.0 379.3 210.0 219.3
8.333333 3 54.2 52.6 36.2 37.7
8.366667 3 281.5 377.2 209.5 219.0
8.366667 3 54.4 53.2 36.4 37.9
8.400000 3 279.0 375.2 209.0 218.6
8.400000 3 54.5 53.7 36.5 38.1
8.433333 3 276.5 373.1 208.5 218.2
8.433333 3 54.6 54.3 36.6 38.3
8.466667 3 274.0 371.1 208.0 217.8
8.466667 3 54.7 54.9 36.7 38.6
8.500000 3 271.5 369.0 207.5 217.4
8.500000 3 54.9 55.4 36.9 38.8
8.533333 3 269.0 367.0 207.0 217.0
8.533333 3 55.0 56.0 37.0 39.0
8.566667 3 265.9 365.8 206.7 216.9
8.566667 3 55.0 56.3 37.5 39.2
8.600000 3 262.8 364.5 206.3 216.8
8.600000 3 55.0 56.6 38.0 39.5
8.633333 3 259.7 363.3 206.0 216.8
8.633333 3 55.0 56.9 38.5 39.7
8.666667 3 256.7 362.1 205.7 216.7
8.666667 3 55.0 57.2 39.0 39.9
8.700000 3 253.6 360.8 205.3 216.6
8.700000 3 55.0 57.5 39.5 40.2
8.733333 3 250.5 359.6 205.0 216.5
8.733333 3 55.0 57.8 40.0 40.4
8.766667 3 247.4 358.4 204.7 216.5
8.766667 3 55.0 58.2 40.5 40.6
8.800000 3 244.3 357.2 204.3 216.4
8.800000 3 55.0 58.5 41.0 40.8
8.833333 3 241.2 355.9 204.0 216.3
8.833333 3 55.0 58.8 41.5 41.1
8.866667 3 238.2 354.7 203.7 216.2
8.866667 3 55.0 59.1 42.0 41.3
8.900000 3 235.1 353.5 203.3 216.2
8.900000 3 55.0 59.4 42.5 41.5
8.933333 3 232.0 352.2 203.0 216.1
8.933333 3 55.0 59.7 43.0 41.8
8.966667 3 230.6 351.0 202.8 216.0
8.966667 3 55.9 60.0 43.7 42.0
9.000000 3 229.2 349.8 202.7 215.9
9.000000 3 56.8 60.3 44.3 42.2
9.033333 3 227.8 348.5 202.5 215.8
9.033333 3 57.7 60.6 45.0 42.5
9.066667 3 226.3 347.3 202.3 215.8
9.066667 3 58.7 60.9 45.7 42.7
9.100000 3 224.9 346.1 202.2 215.7
9.100000 3 59.6 61.2 46.3 42.9
9.133333 3 223.5 344.8 202.0 215.6
9.133333 3 60.5 61.5 47.0 43.2
9.166667 3 222.1 343.6 201.8 215.5
9.166667 3 61.4 61.8 47.7 43.4
9.200000 3 220.7 342.4 201.7 215.5
9.200000 3 62.3 62.2 48.3 43.6
9.233333 3 219.3 341.2 201.5 215.4
9.233333 3 63.2 62.5 49.0 43.8
9.266667 3 217.8 339.9 201.3 215.3
9.266667 3 64.2 62.8 49.7 44.1
9.300000 3 216.4 338.7 201.2 215.2
9.300000 3 65.1 63.1 50.3 44.3
9.333333 3 215.0 337.5 201.0 215.2
9.333333 3 66.0 63.4 51.0 44.5
9.366667 3 213.5 336.2 200.4 215.1
9.366667 3 66.2 63.7 51.4 44.8
9.400000 3 212.0 335.0 199.9 215.0
9.400000 3 66.4 64.0 51.7 45.0
9.433333 3 210.5 334.9 199.3 214.2
9.433333 3 66.6 64.4 52.1 45.7
9.466667 3 209.0 334.9 198.7 213.4
9.466667 3 66.9 64.8 52.4 46.4
9.500000 3 207.5 334.8 198.1 212.5
9.500000 3 67.1 65.2 52.8 47.1
9.533333 3 206.0 334.8 197.6 211.7
9.533333 3 67.3 65.6 53.1 47.8
9.566667 3 204.5 334.7 197.0 210.9
9.566667 3 67.5 66.1 53.5 48.5
9.600000 3 203.0 334.6 196.4 210.1
9.600000 3 67.7 66.5 53.9 49.2
9.633333 3 201.5 334.6 195.9 209.2
9.633333 3 67.9 66.9 54.2 49.9
9.666667 3 200.0 334.5 195.3 208.4
9.666667 3 68.1 67.3 54.6 50.6
9.700000 3 198.5 334.5 194.7 207.6
9.700000 3 68.4 67.7 54.9 51.4
9.733333 3 197.0 334.4 194.1 206.8
9.733333 3 68.6 68.1 55.3 52.1
9.766667 3 195.5 334.4 193.6 205.9
9.766667 3 68.8 68.5 55.6 52.8
9.800000 3 194.0 334.3 193.0 205.1
9.800000 3 69.0 68.9 56.0 53.5
9.833333 3 191.9 334.2 192.9 204.3
9.833333 3 69.5 69.4 56.1 54.2
9.866667 3 189.7 334.2 192.9 203.5
9.866667 3 69.9 69.8 56.1 54.9
9.900000 3 187.6 334.1 192.8 202.6
9.900000 3 70.4 70.2 56.2 55.6
9.933333 3 185.5 334.1 192.7 201.8
9.933333 3 70.9 70.6 56.3 56.3
9.966667 3 183.3 334.0 192.7 201.0
9.966667 3 71.3 71.0 56.3 57.0
10.000000 3 181.2 333.0 192.6 200.4
10.000000 3 71.8 71.8 56.4 57.4
10.033333 3 179.1 332.0 192.5 199.7
10.033333 3 72.3 72.6 56.5 57.7
10.066667 3 176.9 331.0 192.5 199.1
10.066667 3 72.7 73.5 56.5 58.1
10.100000 3 174.8 330.0 192.4 198.4
10.100000 3 73.2 74.3 56.6 58.4
10.133333 3 172.7 329.0 192.3 197.8
10.133333 3 73.7 75.1 56.7 58.8
10.166667 3 170.5 328.0 192.3 197.1
10.166667 3 74.1 75.9 56.7 59.1
10.200000 3 168.4 327.0 192.2 196.5
10.200000 3 74.6 76.8 56.8 59.5
10.233333 3 166.3 326.0 192.1 195.8
10.233333 3 75.1 77.6 56.9 59.8
10.266667 3 164.1 325.0 192.1 195.2
10.266667 3 75.5 78.4 56.9 60.2
10.300000 3 162.0 324.0 192.0 194.5
10.300000 3 76.0 79.2 57.0 60.5
10.333333 3 158.9 323.0 192.1 193.9
10.333333 3 76.7 80.1 58.0 60.9
10.366667 3 155.7 322.0 192.3 193.2
10.366667 3 77.4 80.9 59.0 61.2
10.400000 3 152.6 321.0 192.4 192.6
10.400000 3 78.1 81.7 60.0 61.6
10.433333 3 149.4 320.0 192.6 191.9
10.433333 3 78.9 82.5 61.0 61.9
10.466667 3 146.3 319.0 192.7 191.3
10.466667 3 79.6 83.4 62.0 62.3
10.500000 3 143.1 318.0 192.9 190.6
10.500000 3 80.3 84.2 63.0 62.6
10.533333 3 140.0 317.0 193.0 190.0
10.533333 3 81.0 85.0 64.0 63.0
