0.000000 3 343.9 164.6 94.3 95.2
0.033333 3 338.0 162.5 95.0 95.8
0.066667 3 334.4 162.5 94.7 95.5
0.100000 3 325.4 161.8 95.2 96.1
0.133333 3 321.2 161.1 95.4 96.2
0.166667 3 315.4 160.1 95.7 96.6
0.200000 3 311.8 159.1 96.4 97.2
0.233333 3 305.5 158.8 96.4 97.2
0.266667 3 300.7 157.2 96.7 97.5
0.300000 3 298.4 157.0 97.2 97.9
0.333333 3 293.2 156.0 97.4 98.1
0.366667 3 289.2 155.1 98.2 98.9
0.400000 3 286.2 154.3 98.4 99.1
0.433333 3 282.4 153.2 99.0 99.7
0.466667 3 279.5 153.0 99.4 100.1
0.500000 3 278.3 152.1 99.4 100.0
0.533333 3 274.7 151.9 99.6 100.3
0.566667 3 271.2 151.0 99.9 100.6
0.600000 3 269.8 151.0 100.2 100.9
0.633333 3 267.8 150.1 100.4 101.1
0.666667 3 263.1 148.5 101.5 102.1
0.700000 3 261.0 148.2 101.7 102.4
0.733333 3 259.0 147.7 101.7 102.4
0.766667 3 257.6 146.9 102.4 103.0
0.800000 3 257.1 146.6 102.8 103.4
0.833333 3 257.1 146.2 102.4 103.0
0.866667 3 255.7 145.4 102.8 103.4
0.900000 3 256.2 144.9 102.9 103.4
0.933333 3 256.5 144.2 103.5 104.1
0.966667 3 256.0 143.6 103.5 104.1
1.000000 3 257.8 142.6 103.8 104.4
1.033333 3 258.3 142.4 103.9 104.5
1.066667 3 258.3 141.4 104.8 105.3
1.100000 3 258.6 141.4 105.1 105.6
1.133333 3 260.2 140.6 105.5 106.0
1.166667 3 259.8 140.6 105.7 106.2
1.200000 3 260.5 140.2 105.9 106.3
1.233333 3 261.6 139.5 106.7 107.1
1.266667 3 260.9 139.5 106.5 106.8
1.300000 3 261.6 138.9 106.7 107.0
1.333333 3 262.5 139.1 107.0 107.3
1.366667 3 262.2 138.4 107.6 107.9
1.400000 3 262.6 137.8 107.8 108.1
1.433333 3 263.2 138.0 108.1 108.4
1.466667 3 263.8 137.5 108.4 108.7
1.500000 3 263.0 137.6 108.8 109.1
1.533333 3 263.3 137.3 108.8 109.0
1.566667 3 263.8 137.7 109.1 109.4
1.600000 3 264.2 137.2 109.3 109.6
1.633333 3 264.1 137.1 109.9 110.1
1.666667 3 264.1 137.4 110.0 110.2
1.700000 3 264.0 137.2 110.1 110.3
1.733333 3 263.8 137.5 109.8 110.1
1.766667 3 264.6 137.1 109.7 110.0
1.800000 3 265.0 137.2 110.3 110.6
1.833333 3 263.3 137.3 110.7 111.0
1.866667 3 263.3 137.6 110.7 111.0
1.900000 3 261.9 138.3 111.4 111.6
1.933333 3 260.8 138.2 111.6 111.7
1.966667 3 258.9 138.6 111.8 112.0
2.000000 3 257.4 138.3 111.8 112.0
2.033333 3 253.4 138.4 111.8 112.0
2.066667 3 250.0 139.4 112.2 112.4
2.100000 3 246.4 139.3 112.5 112.6
2.133333 3 242.1 139.3 112.3 112.3
2.166667 3 239.3 140.4 112.2 112.3
2.200000 3 237.2 141.4 112.2 112.3
2.233333 3 235.9 141.1 112.5 112.6
2.266667 3 233.0 141.3 112.7 112.7
2.300000 3 231.7 142.6 112.7 112.8
2.333333 3 229.1 143.6 112.7 112.8
2.366667 3 225.0 144.4 112.5 112.5
2.400000 3 223.2 145.8 112.6 112.7
2.433333 3 220.3 147.4 113.0 113.0
2.466667 3 216.3 148.8 112.7 112.7
2.500000 3 213.1 151.2 112.5 112.4
2.533333 3 208.1 153.5 112.5 112.4
2.566667 3 202.7 155.2 112.5 112.4
2.600000 3 197.8 157.5 112.6 112.5
2.633333 3 194.8 159.1 112.7 112.5
2.666667 3 189.1 161.0 112.8 112.6
2.700000 3 184.2 162.9 112.3 112.2
2.733333 3 180.1 165.2 111.7 111.5
2.766667 3 175.2 166.5 111.9 111.6
2.800000 3 173.7 167.9 111.4 111.1
2.833333 3 170.8 170.0 111.5 111.2
2.866667 3 166.9 171.5 111.5 111.2
2.900000 3 162.6 173.0 111.5 111.1
2.933333 3 160.1 173.2 111.6 111.2
2.966667 3 155.0 174.0 111.4 111.0
3.000000 3 147.6 174.9 111.8 111.4
3.033333 3 138.8 175.4 111.6 111.2
3.066667 3 127.6 175.5 111.8 111.4
3.100000 3 114.4 176.3 111.8 111.4
3.133333 3 100.4 177.8 111.8 111.3
3.166667 3 88.0 178.6 112.1 111.6
3.200000 3 82.6 179.9 112.0 111.6
3.233333 3 74.3 180.6 112.3 111.8
3.266667 3 69.0 181.8 112.4 111.9
3.300000 3 65.9 183.0 112.5 112.1
3.333333 3 64.2 183.6 112.8 112.3
3.366667 3 61.5 184.9 112.4 111.9
3.400000 3 60.6 185.9 112.5 112.0
3.433333 3 61.0 187.1 112.3 111.8
3.466667 3 61.8 187.3 112.3 111.8
3.500000 3 63.4 189.3 111.8 111.2
3.533333 3 65.6 189.6 111.7 111.2
3.566667 3 67.6 190.2 111.6 111.0
3.600000 3 71.8 191.8 111.5 110.9
3.633333 3 76.8 192.4 111.1 110.5
3.666667 3 83.7 194.0 110.9 110.4
3.700000 3 87.7 194.7 110.7 110.1
3.733333 3 100.9 196.7 110.3 109.7
3.766667 3 105.5 197.7 109.2 108.7
3.800000 3 115.0 199.4 109.1 108.6
3.833333 3 119.2 200.2 109.1 108.6
3.866667 3 128.3 201.5 109.4 108.9
3.900000 3 136.9 203.4 108.5 107.9
3.933333 3 140.9 203.6 108.9 108.3
3.966667 3 148.7 205.2 108.2 107.6
4.000000 3 154.9 205.8 108.3 107.6
4.033333 3 160.3 207.3 107.8 107.2
4.066667 3 164.5 208.6 107.5 106.9
4.100000 3 167.5 209.1 107.6 107.0
4.133333 3 168.5 210.0 107.5 106.8
4.166667 3 168.1 210.7 107.4 106.8
4.200000 3 165.1 211.1 107.2 106.6
4.233333 3 161.4 211.1 107.4 106.7
4.266667 3 160.2 212.2 107.1 106.4
4.300000 3 156.3 212.6 106.9 106.2
4.333333 3 154.0 213.6 106.5 105.9
4.366667 3 152.4 214.2 105.9 105.3
4.400000 3 151.4 214.6 105.8 105.2
4.433333 3 151.4 214.7 106.0 105.3
4.466667 3 152.9 215.2 105.2 104.5
4.500000 3 154.2 215.7 105.3 104.5
4.533333 3 155.8 215.7 104.6 103.8
4.566667 3 158.6 215.8 104.2 103.5
4.600000 3 160.1 216.1 104.1 103.3
4.633333 3 160.4 215.8 104.1 103.2
4.666667 3 162.0 215.4 104.0 103.1
4.700000 3 163.7 215.8 104.2 103.3
4.733333 3 164.3 216.0 103.7 102.8
4.766667 3 165.8 216.8 102.8 101.9
4.800000 3 166.2 216.5 103.0 102.1
4.833333 3 166.6 216.8 102.6 101.7
4.866667 3 166.9 216.7 101.9 101.0
4.900000 3 167.0 216.7 101.4 100.4
4.933333 3 167.1 217.1 101.1 100.1
4.966667 3 168.2 216.3 100.7 99.7
5.000000 3 168.4 216.2 100.3 99.3
5.033333 3 168.8 215.0 100.2 99.2
5.066667 3 171.1 214.1 99.5 98.6
5.100000 3 173.5 212.3 98.9 98.0
5.133333 3 174.7 211.2 98.6 97.7
5.166667 3 177.8 208.9 98.1 97.2
5.200000 3 180.5 204.6 97.6 96.7
5.233333 3 181.8 202.4 97.6 96.7
5.266667 3 186.2 198.8 97.0 96.1
5.300000 3 190.4 194.7 97.5 96.5
5.333333 3 195.0 190.5 96.9 95.9
5.366667 3 197.3 188.8 96.7 95.7
5.400000 3 202.3 183.9 96.3 95.3
5.433333 3 205.4 181.4 95.6 94.6
5.466667 3 206.3 179.7 95.2 94.1
5.500000 3 205.5 175.8 95.0 93.9
5.533333 3 204.5 174.2 94.9 93.8
5.566667 3 202.0 171.8 94.3 93.1
5.600000 3 200.7 170.1 94.2 93.1
5.633333 3 197.3 169.3 93.9 92.8
5.666667 3 193.4 168.0 93.9 92.7
5.700000 3 191.3 167.6 93.4 92.3
5.733333 3 188.3 166.6 92.7 91.5
5.766667 3 185.4 165.5 92.4 91.2
5.800000 3 181.5 164.8 92.3 91.0
5.833333 3 177.8 163.2 91.8 90.5
5.866667 3 174.3 162.6 91.0 89.7
5.900000 3 172.5 161.2 90.9 89.6
5.933333 3 168.1 159.6 90.7 89.4
5.966667 3 165.4 159.0 90.3 88.9
6.000000 3 164.1 158.2 90.8 89.4
6.033333 3 161.6 157.6 90.8 89.4
6.066667 3 159.7 155.6 90.4 88.9
6.100000 3 158.1 153.5 89.9 88.4
6.133333 3 157.4 153.6 90.1 88.6
6.166667 3 156.0 153.0 89.9 88.4
6.200000 3 154.2 152.2 89.4 87.8
6.233333 3 153.0 151.2 89.0 87.4
6.266667 3 150.3 150.0 88.6 87.0
6.300000 3 148.7 149.1 88.4 86.8
6.333333 3 145.7 147.9 88.1 86.4
6.366667 3 144.6 147.2 88.0 86.3
6.400000 3 143.0 145.9 88.0 86.2
6.433333 3 141.4 145.3 87.8 86.0
6.466667 3 139.9 143.3 87.5 85.7
6.500000 3 137.4 142.1 87.7 85.8
6.533333 3 136.1 142.2 87.7 85.8
6.566667 3 134.7 141.3 87.1 85.2
6.600000 3 133.3 140.7 86.6 84.7
6.633333 3 132.1 139.6 86.0 84.1
6.666667 3 130.1 139.1 86.1 84.1
6.700000 3 129.3 138.0 86.2 84.2
6.733333 3 129.0 136.5 85.7 83.7
6.766667 3 129.1 136.8 85.0 83.0
6.800000 3 128.3 135.7 84.7 82.7
6.833333 3 128.3 135.5 84.7 82.6
6.866667 3 128.2 134.8 84.1 82.1
6.900000 3 127.9 134.3 83.5 81.5
6.933333 3 127.9 135.0 82.7 80.6
6.966667 3 127.9 134.7 82.6 80.5
7.000000 3 127.3 133.9 82.2 80.1
7.033333 3 127.3 134.0 81.8 79.7
7.066667 3 127.2 134.1 81.6 79.4
7.100000 3 126.7 133.2 81.8 79.6
7.133333 3 126.3 133.9 80.9 78.7
7.166667 3 126.9 134.6 80.3 78.0
7.200000 3 128.3 135.1 80.3 78.0
7.233333 3 129.2 135.3 79.9 77.7
7.266667 3 133.2 137.9 79.2 76.9
7.300000 3 137.2 139.4 79.0 76.7
7.333333 3 141.6 142.3 78.7 76.4
7.366667 3 146.7 144.9 78.7 76.3
7.400000 3 151.7 147.3 78.4 76.0
7.433333 3 156.4 150.5 78.4 75.9
7.466667 3 158.4 151.7 78.6 76.2
7.500000 3 163.2 154.6 78.0 75.5
7.533333 3 167.2 156.4 78.0 75.5
7.566667 3 169.0 158.2 77.5 75.0
7.600000 3 173.5 160.1 77.0 74.5
7.633333 3 177.2 162.0 76.6 74.1
7.666667 3 178.2 162.7 76.7 74.1
7.700000 3 180.4 164.6 76.8 74.2
7.733333 3 183.4 165.8 76.5 73.9
7.766667 3 184.0 166.5 76.8 74.2
7.800000 3 184.6 167.6 76.0 73.3
7.833333 3 186.1 168.4 75.4 72.7
7.866667 3 187.2 169.2 74.9 72.3
7.900000 3 187.2 169.9 74.9 72.3
7.933333 3 186.8 170.4 74.9 72.2
7.966667 3 188.8 171.5 74.1 71.4
8.000000 3 189.2 172.0 74.4 71.6
8.033333 3 189.9 172.1 74.1 71.3
8.066667 3 190.7 172.2 74.1 71.3
8.100000 3 192.8 173.5 74.2 71.3
8.133333 3 193.7 172.8 74.1 71.2
8.166667 3 195.2 173.8 73.6 70.8
8.200000 3 197.5 173.7 73.3 70.4
8.233333 3 198.5 174.6 72.8 69.9
8.266667 3 201.5 174.9 72.7 69.8
8.300000 3 204.6 176.0 72.5 69.6
8.333333 3 208.2 176.5 72.2 69.2
8.366667 3 210.2 176.4 72.0 69.0
8.400000 3 213.2 176.5 72.0 69.0
8.433333 3 216.7 176.3 72.1 69.0
8.466667 3 218.4 177.1 72.1 69.1
8.500000 3 221.4 177.1 71.4 68.3
8.533333 3 225.3 177.7 71.1 68.0
8.566667 3 229.1 177.3 70.4 67.2
8.600000 3 231.1 178.3 69.9 66.7
8.633333 3 233.2 178.5 69.1 65.9
8.666667 3 236.3 178.9 68.9 65.7
8.700000 3 236.4 179.0 68.9 65.7
8.733333 3 235.7 178.0 68.4 65.2
8.766667 3 234.9 179.0 67.9 64.6
8.800000 3 231.8 179.1 67.5 64.2
8.833333 3 225.6 177.7 66.9 63.5
8.866667 3 218.4 178.9 66.5 63.1
8.900000 3 211.6 178.8 65.8 62.4
8.933333 3 208.0 178.5 65.6 62.3
8.966667 3 201.0 177.9 65.7 62.3
9.000000 3 196.0 178.4 65.4 61.9
9.033333 3 192.1 178.6 65.3 61.8
9.066667 3 190.1 178.3 65.3 61.8
9.100000 3 186.4 178.3 65.3 61.7
9.133333 3 184.2 178.5 65.0 61.4
9.166667 3 181.4 177.5 65.1 61.5
9.200000 3 179.2 178.3 64.9 61.2
9.233333 3 178.0 178.4 65.1 61.4
9.266667 3 176.8 178.1 65.2 61.4
9.300000 3 176.3 178.4 65.2 61.4
9.333333 3 176.2 178.9 64.6 60.8
9.366667 3 176.4 179.1 64.2 60.4
9.400000 3 176.2 179.3 63.9 60.0
9.433333 3 177.1 179.8 63.3 59.5
9.466667 3 178.2 180.4 63.1 59.2
9.500000 3 179.0 180.9 63.0 59.1
9.533333 3 179.8 181.7 63.1 59.1
9.566667 3 181.5 181.6 63.3 59.3
9.600000 3 183.2 182.2 63.3 59.3
9.633333 3 185.6 182.9 63.2 59.1
9.666667 3 186.8 183.1 63.3 59.2
9.700000 3 190.5 184.1 62.8 58.7
9.733333 3 194.0 184.7 62.5 58.4
9.766667 3 197.6 185.1 62.4 58.3
9.800000 3 201.7 185.9 62.4 58.2
9.833333 3 203.9 186.1 62.4 58.2
9.866667 3 207.9 186.8 61.7 57.5
9.900000 3 212.4 187.4 61.0 56.8
9.933333 3 216.9 189.0 60.4 56.1
9.966667 3 220.4 189.6 60.0 55.8
10.000000 3 221.9 190.3 59.7 55.5
10.033333 3 224.0 192.0 59.5 55.3
