0.000000 3 208.3 182.1 58.9 65.3
0.033333 3 210.4 183.6 58.8 65.4
0.066667 3 213.5 184.3 58.2 65.0
0.100000 3 214.7 184.6 58.3 65.0
0.133333 3 216.6 184.8 58.2 65.0
0.166667 3 217.8 186.3 58.2 65.0
0.200000 3 219.1 186.9 58.1 65.1
0.233333 3 220.6 187.6 58.0 65.1
0.266667 3 222.0 188.7 57.9 65.1
0.300000 3 223.6 189.6 58.0 65.2
0.333333 3 224.4 189.7 57.8 65.3
0.366667 3 224.7 190.2 57.8 65.2
0.400000 3 226.3 191.6 57.3 64.8
0.433333 3 226.5 192.3 57.6 65.1
0.466667 3 226.3 192.8 57.8 65.5
0.500000 3 227.2 193.9 57.3 65.1
0.533333 3 227.3 194.0 57.8 65.5
0.566667 3 228.5 195.3 57.3 65.0
0.600000 3 229.4 196.6 57.4 65.2
0.633333 3 230.4 197.7 57.2 65.2
0.666667 3 230.4 197.7 57.4 65.3
0.700000 3 230.4 199.0 57.4 65.4
0.733333 3 232.7 200.5 57.1 65.0
0.766667 3 233.4 200.7 57.1 65.0
0.800000 3 233.5 201.6 57.1 65.2
0.833333 3 233.9 201.8 57.4 65.5
0.866667 3 235.3 203.6 57.1 65.4
0.900000 3 235.8 203.4 57.5 65.8
0.933333 3 237.3 204.8 56.9 65.1
0.966667 3 237.7 205.5 56.5 64.8
1.000000 3 238.6 207.1 55.9 64.2
1.033333 3 240.0 208.8 55.5 63.7
1.066667 3 240.6 208.8 55.5 63.8
1.100000 3 241.5 210.4 55.4 63.7
1.133333 3 242.6 211.7 54.8 63.2
1.166667 3 243.5 212.6 54.4 62.8
1.200000 3 244.6 213.8 53.9 62.4
1.233333 3 245.5 214.7 53.4 61.9
1.266667 3 246.3 215.8 53.5 62.0
1.300000 3 246.7 216.1 53.8 62.5
1.333333 3 246.5 217.0 53.9 62.6
1.366667 3 247.5 218.1 53.4 62.2
1.400000 3 248.1 219.2 53.5 62.2
1.433333 3 249.7 219.7 53.0 61.9
1.466667 3 250.1 221.3 52.5 61.4
1.500000 3 250.4 221.8 52.5 61.4
1.533333 3 251.2 223.3 52.5 61.4
1.566667 3 252.6 224.9 51.9 60.9
1.600000 3 254.1 226.3 51.3 60.3
1.633333 3 254.9 227.1 51.2 60.1
1.666667 3 255.9 228.1 51.2 60.3
1.700000 3 256.6 228.7 50.9 60.1
1.733333 3 257.9 230.3 51.0 60.2
1.766667 3 259.7 231.2 50.3 59.6
1.800000 3 260.0 232.0 50.4 59.7
1.833333 3 261.0 233.2 50.5 59.8
1.866667 3 262.8 234.2 50.2 59.7
1.900000 3 263.0 234.0 50.9 60.3
1.933333 3 264.7 235.6 50.2 59.7
1.966667 3 266.7 237.0 49.5 58.9
2.000000 3 267.4 237.5 49.5 58.9
2.033333 3 269.2 238.6 49.4 58.8
2.066667 3 272.0 240.4 49.0 58.5
2.100000 3 274.6 241.7 48.7 58.3
2.133333 3 275.3 242.4 48.3 57.9
2.166667 3 276.0 244.2 47.7 57.3
2.200000 3 277.0 244.9 47.5 57.1
2.233333 3 279.1 245.8 47.5 57.0
2.266667 3 279.0 247.1 47.4 57.1
2.300000 3 279.3 247.9 47.4 57.1
2.333333 3 280.3 248.4 47.3 57.0
2.366667 3 280.7 249.3 47.3 57.1
2.400000 3 280.9 250.2 47.0 56.9
2.433333 3 281.3 250.6 46.8 56.7
2.466667 3 282.8 251.8 46.2 56.3
2.500000 3 282.5 253.0 45.7 55.8
2.533333 3 282.1 254.3 45.3 55.4
2.566667 3 282.4 254.4 45.3 55.3
2.600000 3 282.4 255.2 45.2 55.3
2.633333 3 281.2 256.1 45.0 55.3
2.666667 3 280.7 256.4 45.2 55.5
2.700000 3 280.2 257.2 45.1 55.3
2.733333 3 278.4 258.7 44.8 55.0
2.766667 3 274.9 259.1 44.9 55.1
2.800000 3 272.3 259.7 44.6 54.9
2.833333 3 269.2 260.3 44.6 54.9
2.866667 3 264.2 260.8 44.6 55.0
2.900000 3 260.2 261.2 44.7 55.1
2.933333 3 258.4 261.8 44.5 54.9
2.966667 3 254.2 262.2 44.5 54.8
3.000000 3 249.4 262.7 44.1 54.5
3.033333 3 244.1 263.4 44.1 54.5
3.066667 3 239.5 263.6 44.0 54.4
3.100000 3 234.0 264.1 44.0 54.4
3.133333 3 231.1 263.8 44.2 54.6
3.166667 3 226.5 265.1 43.8 54.3
3.200000 3 223.0 265.3 43.4 53.9
3.233333 3 218.7 265.8 42.9 53.4
3.266667 3 216.3 266.6 42.9 53.3
3.300000 3 211.6 266.6 42.8 53.3
3.333333 3 207.4 267.5 42.9 53.4
3.366667 3 203.0 267.0 42.7 53.3
3.400000 3 199.1 267.8 42.7 53.3
3.433333 3 197.5 268.2 42.6 53.2
3.466667 3 193.4 268.4 42.4 53.0
3.500000 3 189.9 268.8 42.4 53.1
3.533333 3 187.6 268.7 42.5 53.2
3.566667 3 185.4 269.3 42.3 53.0
3.600000 3 184.1 269.5 42.3 53.1
3.633333 3 184.0 269.6 42.4 53.1
3.666667 3 183.4 270.3 42.3 53.0
3.700000 3 183.4 271.2 42.1 52.9
3.733333 3 184.2 271.4 41.9 52.6
3.766667 3 185.7 272.6 41.8 52.5
3.800000 3 187.5 272.9 41.8 52.5
3.833333 3 190.1 273.8 41.7 52.5
3.866667 3 193.3 274.1 41.7 52.5
3.900000 3 196.8 274.9 41.8 52.6
3.933333 3 201.2 275.4 41.6 52.4
3.966667 3 203.9 275.9 41.7 52.6
4.000000 3 209.3 277.6 41.3 52.1
4.033333 3 214.9 278.0 41.4 52.2
4.066667 3 217.7 278.6 41.2 52.0
4.100000 3 223.4 279.1 41.3 52.2
4.133333 3 228.8 280.8 40.9 51.7
4.166667 3 233.6 282.0 40.6 51.5
4.200000 3 235.8 282.9 40.7 51.5
4.233333 3 241.7 284.2 40.7 51.6
4.266667 3 246.2 285.9 40.4 51.3
4.300000 3 247.9 286.3 40.4 51.3
4.333333 3 253.0 288.9 40.4 51.3
4.366667 3 255.8 289.3 40.4 51.3
4.400000 3 257.9 290.4 40.5 51.4
4.433333 3 259.1 291.2 40.6 51.5
4.466667 3 263.3 292.1 40.4 51.3
4.500000 3 266.5 293.7 40.2 51.1
4.533333 3 267.9 294.3 39.9 50.8
4.566667 3 270.6 295.9 40.1 51.0
4.600000 3 274.3 296.8 40.1 51.1
4.633333 3 276.9 297.6 40.0 51.0
4.666667 3 279.9 299.1 40.0 51.0
4.700000 3 281.3 299.6 40.1 51.1
4.733333 3 284.7 301.2 39.9 50.9
4.766667 3 288.6 301.6 40.1 51.1
4.800000 3 290.2 302.9 39.9 51.0
4.833333 3 292.1 304.7 39.9 50.9
4.866667 3 292.7 304.1 40.0 51.0
4.900000 3 293.6 305.4 39.8 50.9
4.933333 3 294.8 306.9 39.6 50.6
4.966667 3 296.2 307.5 39.3 50.3
5.000000 3 296.6 307.2 39.4 50.4
5.033333 3 297.2 306.7 39.1 50.1
5.066667 3 297.2 306.6 39.3 50.4
5.100000 3 298.3 305.9 39.2 50.3
5.133333 3 299.0 305.7 38.8 49.8
5.166667 3 299.5 304.0 38.9 49.9
5.200000 3 299.8 302.7 38.8 49.8
5.233333 3 301.3 300.8 38.9 49.9
5.266667 3 302.8 299.0 38.9 50.0
5.300000 3 302.7 298.1 39.0 50.1
5.333333 3 303.8 295.9 39.0 50.1
5.366667 3 305.9 294.4 38.9 50.0
5.400000 3 306.4 293.7 38.9 50.0
5.433333 3 306.6 292.4 38.7 49.8
5.466667 3 308.1 289.7 38.7 49.8
5.500000 3 308.6 287.4 38.8 49.9
5.533333 3 309.0 285.8 39.0 50.2
5.566667 3 310.3 284.0 38.7 49.9
5.600000 3 312.0 281.6 38.4 49.6
5.633333 3 312.4 279.7 38.1 49.3
5.666667 3 312.8 279.0 37.9 49.1
5.700000 3 315.2 275.3 38.1 49.2
5.733333 3 316.1 272.6 38.0 49.1
5.766667 3 316.6 271.1 37.9 49.0
5.800000 3 318.0 269.1 37.9 49.0
5.833333 3 318.3 268.5 37.9 49.1
5.866667 3 318.9 266.9 38.0 49.2
5.900000 3 320.9 265.0 37.8 49.0
5.933333 3 321.5 263.7 37.5 48.6
5.966667 3 321.8 262.4 37.1 48.3
6.000000 3 323.9 261.6 37.0 48.1
6.033333 3 325.4 260.9 36.7 47.8
6.066667 3 325.9 259.6 36.7 47.7
6.100000 3 327.3 258.5 36.3 47.3
6.133333 3 329.0 258.1 35.4 46.3
6.166667 3 330.4 257.4 34.5 45.4
6.200000 3 331.7 257.5 33.0 43.8
6.233333 3 333.4 257.0 31.8 42.5
6.266667 3 335.3 256.9 29.7 40.4
6.300000 3 336.9 256.6 28.3 39.0
6.333333 3 340.0 258.0 24.0 34.0
6.366667 3 336.0 258.0 28.0 33.0
6.400000 3 343.0 259.0 23.0 28.0
6.433333 3 345.0 258.0 21.0 28.0
6.466667 3 344.0 258.0 22.0 30.0
6.500000 3 344.0 258.0 24.0 27.0
6.533333 3 347.0 261.0 21.0 21.0
6.566667 3 349.0 257.0 22.0 25.0
6.600000 3 354.0 255.0 20.0 28.0
6.633333 3 352.0 258.0 19.0 25.0
6.666667 3 349.0 256.0 22.0 24.0
6.700000 3 351.0 256.0 23.0 26.0
6.733333 3 352.0 253.0 23.0 30.0
6.766667 3 357.0 253.0 20.0 27.0
6.800000 3 351.0 251.0 26.0 33.0
6.833333 3 358.0 255.0 26.0 25.0
6.866667 3 359.0 257.0 22.0 21.0
6.900000 3 359.0 254.0 26.0 28.0
6.933333 3 358.0 255.0 26.0 27.0
6.966667 3 359.0 250.0 25.0 30.0
7.000000 3 358.0 253.0 27.0 27.0
7.033333 3 360.0 252.0 29.0 30.0
7.066667 3 363.0 258.0 31.0 27.0
7.100000 3 366.0 256.0 26.0 25.0
7.133333 3 365.0 255.0 30.0 27.0
7.166667 3 367.0 255.0 29.0 26.0
7.200000 3 371.0 256.0 22.0 28.0
7.233333 3 371.0 258.0 22.0 21.0
7.266667 3 369.0 253.0 26.0 28.0
7.300000 3 374.0 260.0 19.0 22.0
7.333333 3 372.0 256.0 25.0 25.0
7.366667 3 378.0 256.0 21.0 26.0
7.400000 3 380.0 258.0 19.0 25.0
7.433333 3 381.0 261.0 17.0 20.0
7.466667 3 381.0 256.0 20.0 25.0
7.500000 3 383.0 257.0 20.0 25.0
7.533333 3 384.0 258.0 20.0 27.0
7.566667 3 385.0 258.0 19.0 24.0
7.600000 3 388.0 259.0 19.0 26.0
7.633333 3 386.0 257.0 21.0 28.0
7.666667 3 388.0 259.0 22.0 26.0
7.700000 3 385.2 262.3 27.9 28.8
7.733333 3 386.9 262.6 27.3 28.3
7.766667 3 389.2 264.2 25.5 26.5
7.800000 3 390.3 264.5 25.7 26.7
7.833333 3 391.6 264.1 26.2 27.3
7.866667 3 392.8 265.6 25.4 26.4
7.900000 3 395.3 265.8 25.5 26.5
7.933333 3 397.2 266.8 25.6 26.6
7.966667 3 398.5 266.9 25.4 26.4
8.000000 3 398.4 267.5 25.7 26.7
8.033333 3 399.8 268.0 25.8 26.7
8.066667 3 401.3 267.8 26.8 27.8
8.100000 3 403.3 269.4 25.7 26.8
8.133333 3 404.1 269.7 25.8 26.8
8.166667 3 406.6 270.8 25.3 26.3
8.200000 3 408.0 271.3 24.7 25.7
8.233333 3 409.0 271.1 26.0 27.0
8.266667 3 411.2 272.4 25.8 26.8
8.300000 3 412.9 272.9 25.5 26.5
8.333333 3 413.3 272.9 27.0 28.0
8.366667 3 416.0 274.3 26.1 27.1
8.400000 3 416.4 274.0 26.8 27.8
8.433333 3 417.6 275.0 26.3 27.3
8.466667 3 420.1 276.6 24.5 25.4
8.500000 3 420.1 276.5 25.0 25.9
8.533333 3 421.8 277.1 24.9 25.9
8.566667 3 421.8 276.6 26.0 27.0
8.600000 3 423.7 277.7 25.2 26.2
8.633333 3 424.9 277.9 25.9 26.8
8.666667 3 427.1 279.4 25.0 26.0
8.700000 3 427.9 279.3 25.4 26.4
8.733333 3 427.9 279.7 25.2 26.2
8.766667 3 429.9 280.0 24.8 25.8
8.800000 3 430.8 280.5 25.4 26.4
8.833333 3 431.2 281.4 24.6 25.6
8.866667 3 432.1 281.6 24.9 25.9
8.900000 3 431.9 281.8 25.9 26.8
8.933333 3 431.5 280.9 26.7 27.7
8.966667 3 431.1 282.2 25.8 26.9
9.000000 3 430.8 282.7 25.5 26.5
9.033333 3 430.7 282.6 25.6 26.6
9.066667 3 426.9 283.1 25.2 26.2
9.100000 3 425.0 283.3 25.1 26.1
9.133333 3 422.8 283.6 25.4 26.4
9.166667 3 417.9 284.5 25.3 26.4
9.200000 3 410.6 283.2 26.4 27.4
9.233333 3 409.9 284.2 25.0 26.0
9.266667 3 404.9 284.6 26.1 27.1
9.300000 3 398.4 284.2 26.6 27.6
9.333333 3 390.9 284.9 26.1 27.1
9.366667 3 384.4 286.1 25.7 26.7
9.400000 3 375.5 286.2 25.7 26.7
9.433333 3 365.0 286.3 25.1 26.0
9.466667 3 359.1 286.5 25.8 26.8
9.500000 3 348.7 287.3 26.1 27.1
9.533333 3 337.4 287.4 25.5 26.5
9.566667 3 326.8 287.5 25.7 26.7
9.600000 3 316.7 288.3 24.9 25.9
9.633333 3 311.1 288.2 25.2 26.2
9.666667 3 299.7 287.5 25.9 26.9
9.700000 3 290.0 288.3 26.0 27.0
9.733333 3 279.7 288.0 26.1 27.1
9.766667 3 271.5 288.3 25.7 26.7
9.800000 3 268.6 288.5 25.6 26.6
9.833333 3 262.8 288.5 25.6 26.6
9.866667 3 255.0 288.9 25.2 26.2
9.900000 3 248.0 288.9 25.3 26.3
9.933333 3 239.0 288.9 25.8 26.8
9.966667 3 228.6 288.3 26.0 27.0
10.000000 3 218.8 288.5 25.3 26.3
10.033333 3 212.0 288.4 24.9 25.9
10.066667 3 193.8 287.4 25.2 26.2
10.100000 3 175.0 288.0 25.0 26.0
