0.033333 3 174.5 159.4 238.3 201.2
0.066667 3 176.5 159.0 237.3 200.3
0.100000 3 178.5 159.1 236.3 199.4
0.133333 3 180.6 159.4 235.4 198.7
0.166667 3 182.8 160.1 234.2 197.6
0.200000 3 184.9 161.0 233.4 196.9
0.233333 3 187.0 162.4 232.1 195.8
0.266667 3 189.0 163.7 231.4 195.2
0.300000 3 191.3 165.5 230.2 194.2
0.333333 3 193.9 167.3 228.9 193.1
0.366667 3 196.3 169.0 227.7 192.0
0.400000 3 198.4 170.5 226.7 191.2
0.433333 3 200.6 171.7 225.6 190.2
0.466667 3 203.0 173.0 224.3 189.0
0.500000 3 205.2 173.8 223.5 188.4
0.533333 3 207.4 174.8 222.5 187.5
0.566667 3 209.5 175.6 221.8 186.9
0.600000 3 211.6 176.4 220.8 186.0
0.633333 3 213.5 177.2 220.2 185.5
0.666667 3 215.7 178.2 218.7 184.1
0.700000 3 217.8 179.3 217.3 182.8
0.733333 3 220.4 180.1 216.1 181.7
0.766667 3 222.2 180.7 214.8 180.6
0.800000 3 224.2 181.5 213.4 179.3
0.833333 3 226.1 182.1 212.0 178.0
0.866667 3 227.9 182.3 211.1 177.2
0.900000 3 229.7 182.5 210.0 176.2
0.933333 3 231.3 182.2 209.1 175.5
0.966667 3 232.6 182.1 208.1 174.6
1.000000 3 233.6 182.1 206.7 173.5
1.033333 3 233.2 181.4 205.8 172.7
1.066667 3 232.1 180.8 204.5 171.5
1.100000 3 230.5 179.8 203.2 170.4
1.133333 3 228.9 178.4 202.2 169.6
1.166667 3 228.1 177.2 200.5 168.1
1.200000 3 227.5 175.9 198.9 166.7
1.233333 3 226.9 174.1 197.8 165.7
1.266667 3 226.4 172.6 196.6 164.7
1.300000 3 226.5 171.1 195.1 163.4
1.333333 3 227.1 170.0 193.5 161.9
1.366667 3 227.6 168.8 192.2 160.8
1.400000 3 227.9 167.6 190.9 159.7
1.433333 3 228.3 166.2 189.9 158.9
1.466667 3 229.0 165.3 188.4 157.7
1.500000 3 229.6 164.0 187.6 157.2
1.533333 3 230.5 162.9 186.7 156.5
1.566667 3 231.1 161.9 185.9 155.9
1.600000 3 231.4 161.3 184.8 155.2
1.633333 3 231.5 160.5 183.6 154.2
1.666667 3 231.2 159.6 182.7 153.6
1.700000 3 230.9 158.8 182.1 153.3
1.733333 3 230.9 158.1 181.1 152.5
1.766667 3 231.1 157.8 179.7 151.4
1.800000 3 230.8 157.7 178.7 150.5
1.833333 3 230.2 157.7 177.7 149.7
1.866667 3 229.1 157.3 177.2 149.5
1.900000 3 227.3 157.3 176.4 148.9
1.933333 3 225.3 158.0 175.0 147.7
1.966667 3 223.2 158.5 173.7 146.5
2.000000 3 221.4 158.9 172.7 145.6
2.033333 3 219.9 159.4 171.5 144.5
2.066667 3 218.9 160.3 170.1 143.3
2.100000 3 218.3 160.9 168.9 142.1
2.133333 3 218.2 161.8 167.6 141.0
2.166667 3 218.6 162.7 166.2 139.7
2.200000 3 219.2 163.8 165.1 138.8
2.233333 3 220.0 164.8 164.0 137.6
2.266667 3 221.1 166.0 162.6 136.3
2.300000 3 222.2 167.5 161.4 135.1
2.333333 3 223.4 168.9 160.1 134.0
2.366667 3 224.0 170.0 159.0 133.0
2.400000 3 217.3 141.7 194.7 179.7
2.433333 3 216.9 143.4 193.4 178.4
2.466667 3 216.6 145.0 191.6 176.7
2.500000 3 216.3 146.2 190.2 175.3
2.533333 3 216.0 147.8 188.8 174.0
2.566667 3 215.2 149.3 187.4 172.6
2.600000 3 213.9 150.6 186.0 171.4
2.633333 3 212.9 152.3 184.4 169.8
2.666667 3 212.1 154.1 182.4 167.8
2.700000 3 211.7 155.6 180.8 166.3
2.733333 3 211.7 157.0 179.4 164.9
2.766667 3 211.8 159.0 177.9 163.4
2.800000 3 211.9 160.4 176.5 162.0
2.833333 3 212.3 161.9 174.7 160.4
2.866667 3 213.0 163.5 173.4 159.0
2.900000 3 213.7 164.9 171.9 157.5
2.933333 3 214.2 166.1 170.5 156.2
2.966667 3 214.9 167.2 169.4 155.2
3.000000 3 216.1 168.0 168.0 153.7
3.033333 3 217.3 169.2 166.6 152.3
3.066667 3 218.2 170.4 165.5 151.3
3.100000 3 219.2 171.3 164.1 149.8
3.133333 3 220.1 172.2 162.9 148.6
3.166667 3 220.8 173.2 162.1 147.7
3.200000 3 221.0 174.0 161.5 147.0
3.233333 3 228.4 170.0 175.2 158.7
3.266667 3 227.3 170.7 174.9 158.2
3.300000 3 226.7 172.1 173.8 156.9
3.333333 3 226.5 172.9 172.7 155.6
3.366667 3 226.2 173.7 172.2 155.0
3.400000 3 226.1 174.4 171.3 154.1
3.433333 3 225.8 175.2 170.7 153.3
3.466667 3 225.5 175.7 170.3 152.8
3.500000 3 225.4 176.5 169.6 152.0
3.533333 3 224.9 177.5 169.0 151.3
3.566667 3 223.9 178.4 168.1 150.2
3.600000 3 221.9 179.4 167.1 149.2
3.633333 3 219.6 180.3 166.8 148.7
3.666667 3 217.9 181.6 166.2 148.1
3.700000 3 216.5 182.5 166.4 148.2
3.733333 3 216.3 183.6 166.1 147.8
3.766667 3 216.4 184.8 165.7 147.3
3.800000 3 216.3 186.4 165.6 147.0
3.833333 3 216.2 187.6 165.8 147.0
3.866667 3 215.9 189.1 165.9 147.1
3.900000 3 215.8 190.7 165.8 146.9
3.933333 3 216.2 191.8 166.0 147.1
3.966667 3 217.2 192.9 166.6 147.5
4.000000 3 219.5 194.3 166.5 147.3
4.033333 3 222.3 195.6 166.4 147.1
4.066667 3 225.1 196.9 166.0 146.5
4.100000 3 227.7 198.1 166.1 146.5
4.133333 3 231.0 199.4 166.1 146.4
4.166667 3 234.3 200.4 166.0 146.1
4.200000 3 237.4 201.4 166.2 146.2
4.233333 3 241.0 202.6 165.8 145.5
4.266667 3 244.6 203.5 165.6 145.1
4.300000 3 247.9 204.2 165.8 145.1
4.333333 3 251.2 205.5 165.4 144.5
4.366667 3 253.9 206.6 165.0 144.0
4.400000 3 255.6 207.4 164.8 143.6
4.433333 3 256.9 208.7 164.7 143.3
4.466667 3 258.2 209.6 164.8 143.2
4.500000 3 259.8 210.3 164.7 142.9
4.533333 3 261.6 211.1 164.2 142.2
4.566667 3 262.7 211.9 164.2 142.0
4.600000 3 262.6 212.4 164.4 142.1
4.633333 3 261.8 213.0 164.3 141.8
4.666667 3 260.3 213.4 164.3 141.6
4.700000 3 258.6 213.9 164.3 141.4
4.733333 3 256.9 214.3 164.1 141.0
4.766667 3 255.0 214.5 163.9 140.6
4.800000 3 253.3 214.6 164.2 140.7
4.833333 3 252.9 214.5 164.3 140.5
4.866667 3 253.5 215.0 163.7 139.7
4.900000 3 253.2 214.7 163.8 139.6
4.933333 3 253.1 214.4 164.3 139.9
4.966667 3 253.7 214.4 164.1 139.5
5.000000 3 254.6 214.4 163.9 139.0
5.033333 3 255.8 214.2 164.0 138.9
5.066667 3 257.1 213.9 164.2 138.9
5.100000 3 257.9 213.6 164.5 139.0
5.133333 3 258.3 213.3 165.0 139.3
5.166667 3 258.9 213.0 164.8 139.0
5.200000 3 259.3 213.0 164.7 138.6
5.233333 3 258.8 211.9 165.4 139.1
5.266667 3 258.2 211.5 165.9 139.4
5.300000 3 257.0 210.7 166.6 139.9
5.333333 3 256.4 210.2 166.9 140.0
5.366667 3 256.7 209.6 166.9 139.9
5.400000 3 257.5 209.1 166.7 139.4
5.433333 3 257.6 208.1 167.1 139.6
5.466667 3 257.3 207.0 167.7 140.0
5.500000 3 269.2 230.4 150.6 116.1
5.533333 3 269.6 229.2 151.1 116.4
5.566667 3 269.6 227.9 151.6 116.6
5.600000 3 269.5 226.5 151.8 116.6
5.633333 3 269.2 225.0 152.5 116.8
5.666667 3 268.8 223.5 153.3 117.2
5.700000 3 267.6 222.1 153.8 117.4
5.733333 3 264.9 220.6 154.4 117.8
5.766667 3 262.1 219.4 155.0 117.9
5.800000 3 259.6 218.1 155.6 118.1
5.833333 3 257.4 216.9 156.2 118.2
5.866667 3 255.9 215.7 156.8 118.5
5.900000 3 254.6 214.9 157.3 118.6
5.933333 3 254.0 213.9 157.8 118.7
5.966667 3 254.4 212.9 158.5 119.1
6.000000 3 255.9 212.1 158.7 119.0
6.033333 3 257.5 211.4 159.4 119.2
6.066667 3 258.6 210.5 160.3 119.7
6.100000 3 259.3 209.7 160.8 119.9
6.133333 3 259.5 209.2 161.3 120.1
6.166667 3 259.2 208.6 162.1 120.6
6.200000 3 258.6 207.7 162.8 120.8
6.233333 3 257.6 207.2 163.4 121.1
6.266667 3 256.5 206.4 164.2 121.3
6.300000 3 255.2 205.8 164.6 121.6
6.333333 3 254.1 205.3 165.1 121.8
6.366667 3 253.3 204.7 165.8 122.1
6.400000 3 252.6 203.9 166.4 122.4
6.433333 3 252.0 203.2 167.1 122.8
6.466667 3 251.7 202.8 167.6 122.9
6.500000 3 251.4 202.0 168.3 123.2
6.533333 3 251.9 201.1 168.3 123.1
6.566667 3 252.6 200.4 168.9 123.3
6.600000 3 253.3 199.5 169.8 123.7
6.633333 3 254.0 198.2 170.5 124.1
6.666667 3 254.9 197.4 171.0 124.4
6.700000 3 255.7 196.6 171.8 124.8
6.733333 3 256.3 195.5 172.0 124.7
6.766667 3 256.6 194.7 172.5 125.1
6.800000 3 256.7 193.5 173.5 125.8
6.833333 3 256.9 192.6 174.1 126.0
6.866667 3 257.5 191.5 174.8 126.6
6.900000 3 257.8 190.2 175.6 127.1
6.933333 3 257.8 189.3 176.1 127.3
6.966667 3 257.2 188.6 176.4 127.4
7.000000 3 256.4 187.4 177.1 127.9
7.033333 3 255.8 186.3 177.7 128.2
7.066667 3 255.5 185.1 177.9 128.1
7.100000 3 254.9 183.7 178.7 128.7
7.133333 3 254.1 182.5 179.3 129.2
7.166667 3 253.3 181.6 179.3 129.0
7.200000 3 251.9 180.3 180.1 129.4
7.233333 3 251.0 178.5 180.9 130.2
7.266667 3 250.4 177.2 181.3 130.3
7.300000 3 250.0 175.6 182.1 130.8
7.333333 3 250.0 174.2 182.7 131.2
7.366667 3 250.7 172.8 182.9 131.2
7.400000 3 251.9 171.5 183.3 131.3
7.433333 3 253.2 170.1 184.0 131.9
7.466667 3 254.7 168.9 184.5 132.1
7.500000 3 256.1 167.9 185.2 132.6
7.533333 3 257.4 166.9 185.9 133.0
7.566667 3 258.8 166.3 186.0 133.1
7.600000 3 260.0 165.3 186.4 133.4
7.633333 3 261.1 164.4 186.9 133.6
7.666667 3 262.3 163.9 187.4 134.0
7.700000 3 263.3 163.3 187.7 134.1
7.733333 3 264.2 162.5 188.2 134.3
7.766667 3 265.1 162.1 188.6 134.6
7.800000 3 266.2 162.0 188.6 134.6
7.833333 3 267.1 161.4 189.3 134.9
7.866667 3 268.0 161.4 189.3 134.7
7.900000 3 268.8 161.3 189.8 135.0
7.933333 3 269.7 161.1 190.4 135.3
7.966667 3 270.8 161.0 190.7 135.3
8.000000 3 271.8 161.0 190.9 135.5
8.033333 3 272.8 161.2 191.1 135.6
8.066667 3 273.6 160.9 191.3 135.7
8.100000 3 274.3 161.2 191.5 135.9
8.133333 3 275.0 161.5 191.9 136.0
8.166667 3 275.6 161.9 192.3 136.2
8.200000 3 276.1 162.6 192.5 136.5
8.233333 3 276.3 163.0 193.1 137.1
8.266667 3 276.4 163.4 193.7 137.4
8.300000 3 276.5 163.7 193.9 137.7
8.333333 3 276.6 164.0 193.9 137.7
8.366667 3 276.7 164.1 194.5 138.0
8.400000 3 276.9 164.4 194.8 138.2
8.433333 3 276.7 164.3 195.4 138.8
8.466667 3 276.7 164.2 196.0 139.3
8.500000 3 277.1 164.4 196.0 139.0
8.533333 3 277.3 164.6 196.3 139.2
8.566667 3 277.5 165.0 196.4 139.3
8.600000 3 277.4 165.2 197.2 139.9
8.633333 3 277.6 166.0 196.6 139.2
8.666667 3 277.1 166.8 196.5 138.9
8.700000 3 276.3 167.3 196.7 138.9
8.733333 3 275.1 168.0 197.2 139.2
8.766667 3 273.8 168.8 197.3 139.2
8.800000 3 272.5 169.5 197.4 139.1
8.833333 3 271.3 170.6 197.4 138.9
8.866667 3 270.3 171.9 196.9 138.3
8.900000 3 269.1 172.6 197.2 138.4
8.933333 3 268.3 173.7 196.7 137.8
8.966667 3 267.4 174.3 196.8 137.5
9.000000 3 266.8 174.8 196.7 137.4
9.033333 3 266.5 175.4 196.8 137.2
9.066667 3 266.6 175.8 196.1 136.3
9.100000 3 266.9 176.6 195.9 135.9
9.133333 3 267.2 177.5 195.7 135.5
9.166667 3 267.4 178.1 195.3 134.9
9.200000 3 267.8 178.3 195.6 135.1
9.233333 3 268.2 179.3 195.2 134.5
9.266667 3 268.7 179.7 195.2 134.1
9.300000 3 269.6 180.4 194.6 133.4
9.333333 3 270.4 180.9 194.3 133.1
9.366667 3 271.2 181.5 194.0 132.7
9.400000 3 270.8 182.0 193.8 132.0
9.433333 3 269.6 182.1 193.5 131.8
9.466667 3 268.3 182.1 193.6 131.7
9.500000 3 267.1 182.1 193.3 131.1
9.533333 3 265.8 182.2 192.8 130.6
9.566667 3 264.3 182.1 192.6 130.3
9.600000 3 262.9 182.1 192.6 130.1
9.633333 3 261.6 182.1 192.4 129.8
9.666667 3 260.0 182.0 192.4 129.7
9.700000 3 258.6 182.0 192.4 129.6
9.733333 3 257.7 182.1 192.0 129.0
9.766667 3 257.3 182.4 191.7 128.7
9.800000 3 257.1 182.3 191.6 128.6
9.833333 3 256.9 182.4 191.6 128.6
9.866667 3 257.0 182.5 191.8 128.7
9.900000 3 257.3 182.6 191.7 128.7
9.933333 3 257.7 182.9 191.7 128.5
9.966667 3 258.0 182.8 191.5 128.5
10.000000 3 258.4 183.1 191.6 128.7
10.033333 3 259.0 183.7 191.6 128.5
10.066667 3 259.2 184.1 191.6 128.5
10.100000 3 259.3 184.3 191.3 128.2
10.133333 3 259.2 185.0 191.5 128.4
10.166667 3 259.2 185.1 191.7 128.5
10.200000 3 259.2 185.7 191.2 128.0
10.233333 3 258.9 186.2 191.0 127.8
10.266667 3 258.2 186.6 191.0 127.8
10.300000 3 257.3 187.0 191.1 127.9
10.333333 3 256.7 187.8 190.9 127.7
10.366667 3 255.7 188.2 190.7 127.5
10.400000 3 254.8 188.8 190.6 127.3
10.433333 3 254.3 189.5 190.3 127.0
10.466667 3 254.4 189.7 190.1 126.8
10.500000 3 254.8 189.9 189.9 126.6
10.533333 3 255.8 190.4 189.7 126.3
10.566667 3 256.8 190.6 189.4 125.9
10.600000 3 258.1 190.8 189.1 125.4
10.633333 3 259.5 191.2 188.7 125.0
10.666667 3 261.0 191.5 188.2 124.4
10.700000 3 262.3 191.4 187.9 124.0
10.733333 3 263.7 191.7 187.3 123.3
10.766667 3 265.0 191.8 187.0 122.9
